+9.43237 1.5850e+01
+9.43237 1.5850e+01
+9.43237 1.5850e+01
+9.43237 1.5850e+01
+9.44822 1.5862e+01
+9.44822 1.5862e+01
+9.44822 1.5862e+01
+9.44822 1.5862e+01
+9.44822 1.5862e+01
+9.44822 1.5871e+01
+9.47078 1.5871e+01
+9.47078 1.5871e+01
+9.47078 1.5871e+01
+9.47078 1.5871e+01
+9.47078 1.5871e+01
+9.48924 1.5880e+01
+9.48924 1.5880e+01
+9.48924 1.5880e+01
+9.48924 1.5880e+01
+9.48924 1.5880e+01
+9.50583 1.5887e+01
+9.50583 1.5887e+01
+9.50583 1.5887e+01
+9.50583 1.5887e+01
+9.50583 1.5887e+01
+9.50583 1.5887e+01
+9.52274 1.5892e+01
+9.52274 1.5892e+01
+9.52274 1.5892e+01
+9.52274 1.5892e+01
+9.52274 1.5892e+01
+9.53622 1.5899e+01
+9.53622 1.5899e+01
+9.53622 1.5899e+01
+9.53622 1.5899e+01
+9.53622 1.5899e+01
+9.53622 1.5906e+01
+9.55276 1.5906e+01
+9.55276 1.5906e+01
+9.55276 1.5906e+01
+9.55276 1.5906e+01
+9.55276 1.5906e+01
+9.56701 1.5913e+01
+9.56701 1.5913e+01
+9.56701 1.5913e+01
+9.56701 1.5913e+01
+9.56701 1.5913e+01
+9.56701 1.5918e+01
+9.57947 1.5918e+01
+9.57947 1.5918e+01
+9.57947 1.5918e+01
+9.57947 1.5918e+01
+9.57947 1.5918e+01
+9.59315 1.5923e+01
+9.59315 1.5923e+01
+9.59315 1.5923e+01
+9.59315 1.5923e+01
+9.59315 1.5923e+01
+9.60457 1.5929e+01
+9.60457 1.5929e+01
+9.60457 1.5929e+01
+9.60457 1.5929e+01
+9.60457 1.5929e+01
+9.60457 1.5934e+01
+9.61649 1.5934e+01
+9.61649 1.5934e+01
+9.61649 1.5934e+01
+9.61649 1.5934e+01
+9.61649 1.5934e+01
+9.62923 1.5936e+01
+9.62923 1.5936e+01
+9.62923 1.5936e+01
+9.62923 1.5936e+01
+9.62923 1.5936e+01
+9.63779 1.5939e+01
+9.63779 1.5939e+01
+9.63779 1.5939e+01
+9.63779 1.5939e+01
+9.63779 1.5939e+01
+9.63779 1.5939e+01
+9.64673 1.5943e+01
+9.64673 1.5943e+01
+9.64673 1.5943e+01
+9.64673 1.5943e+01
+9.64673 1.5943e+01
+9.65538 1.5948e+01
+9.65538 1.5948e+01
+9.65538 1.5948e+01
+9.65538 1.5948e+01
+9.65538 1.5948e+01
+9.65538 1.5952e+01
+9.66647 1.5952e+01
+9.66647 1.5952e+01
+9.66647 1.5952e+01
+9.66647 1.5952e+01
+9.66647 1.5952e+01
+9.67461 1.5955e+01
+9.67461 1.5955e+01
+9.67461 1.5955e+01
+9.67461 1.5955e+01
+9.67461 1.5955e+01
+9.67461 1.5958e+01
+9.68164 1.5958e+01
+9.68164 1.5958e+01
+9.68164 1.5958e+01
+9.68164 1.5958e+01
+9.68164 1.5958e+01
+9.68908 1.5960e+01
+9.68908 1.5960e+01
+9.68908 1.5960e+01
+9.68908 1.5960e+01
+9.68908 1.5960e+01
+9.68908 1.5962e+01
+9.69638 1.5962e+01
+9.69638 1.5962e+01
+9.69638 1.5962e+01
+9.69638 1.5962e+01
+9.69638 1.5962e+01
+9.70155 1.5965e+01
+9.70155 1.5965e+01
+9.70155 1.5965e+01
+9.70155 1.5965e+01
+9.70155 1.5965e+01
+9.70732 1.5968e+01
+9.70732 1.5968e+01
+9.70732 1.5968e+01
+9.70732 1.5968e+01
+9.70732 1.5968e+01
+9.70732 1.5968e+01
+9.71368 1.5970e+01
+9.71368 1.5970e+01
+9.71368 1.5970e+01
+9.71368 1.5970e+01
+9.71368 1.5970e+01
+9.71785 1.5970e+01
+9.71785 1.5970e+01
+9.71785 1.5970e+01
+9.71785 1.5970e+01
+9.71785 1.5970e+01
+9.71785 1.5970e+01
+9.71952 1.5968e+01
+9.71952 1.5968e+01
+9.71952 1.5968e+01
+9.71952 1.5968e+01
+9.71952 1.5968e+01
+9.72089 1.5970e+01
+9.72089 1.5970e+01
+9.72089 1.5970e+01
+9.72089 1.5970e+01
+9.72089 1.5970e+01
+9.72089 1.5970e+01
+9.72443 1.5972e+01
+9.72443 1.5972e+01
+9.72443 1.5972e+01
+9.72443 1.5972e+01
+9.72443 1.5972e+01
+9.72965 1.5975e+01
+9.72965 1.5975e+01
+9.72965 1.5975e+01
+9.72965 1.5975e+01
+9.72965 1.5975e+01
+9.72965 1.5974e+01
+9.73456 1.5974e+01
+9.73456 1.5974e+01
+9.73456 1.5974e+01
+9.73456 1.5974e+01
+9.73456 1.5974e+01
+9.73654 1.5975e+01
+9.73654 1.5975e+01
+9.73654 1.5975e+01
+9.73654 1.5975e+01
+9.73654 1.5975e+01
+9.73705 1.5973e+01
+9.73705 1.5973e+01
+9.73705 1.5973e+01
+9.73705 1.5973e+01
+9.73705 1.5973e+01
+9.73705 1.5973e+01
+9.73611 1.5972e+01
+9.73611 1.5972e+01
+9.73611 1.5972e+01
+9.73611 1.5972e+01
+9.73611 1.5972e+01
+9.73437 1.5971e+01
+9.73437 1.5971e+01
+9.73437 1.5971e+01
+9.73437 1.5971e+01
+9.73437 1.5971e+01
+9.73437 1.5967e+01
+9.73053 1.5967e+01
+9.73053 1.5967e+01
+9.73053 1.5967e+01
+9.73053 1.5967e+01
+9.73053 1.5967e+01
+9.72759 1.5967e+01
+9.72759 1.5967e+01
+9.72759 1.5967e+01
+9.72759 1.5967e+01
+9.72759 1.5967e+01
+9.72759 1.5965e+01
+9.72543 1.5965e+01
+9.72543 1.5965e+01
+9.72543 1.5965e+01
+9.72543 1.5965e+01
+9.72543 1.5965e+01
+9.72285 1.5965e+01
+9.72285 1.5965e+01
+9.72285 1.5965e+01
+9.72285 1.5965e+01
+9.72285 1.5965e+01
+9.72035 1.5964e+01
+9.72035 1.5964e+01
+9.72035 1.5964e+01
+9.72035 1.5964e+01
+9.72035 1.5964e+01
+9.72035 1.5962e+01
+9.71734 1.5962e+01
+9.71734 1.5962e+01
+9.71734 1.5962e+01
+9.71734 1.5962e+01
+9.71734 1.5962e+01
+9.71480 1.5962e+01
+9.71480 1.5962e+01
+9.71480 1.5962e+01
+9.71480 1.5962e+01
+9.71480 1.5962e+01
+9.71456 1.5964e+01
+9.71456 1.5964e+01
+9.71456 1.5964e+01
+9.71456 1.5964e+01
+9.71456 1.5964e+01
+9.71456 1.5964e+01
+9.71430 1.5962e+01
+9.71430 1.5962e+01
+9.71430 1.5962e+01
+9.71430 1.5962e+01
+9.71430 1.5962e+01
+9.71418 1.5961e+01
+9.71418 1.5961e+01
+9.71418 1.5961e+01
+9.71418 1.5961e+01
+9.71418 1.5961e+01
+9.71418 1.5961e+01
+9.71387 1.5961e+01
+9.71387 1.5961e+01
+9.71387 1.5961e+01
+9.71387 1.5961e+01
+9.71387 1.5961e+01
+9.71181 1.5958e+01
+9.71181 1.5958e+01
+9.71181 1.5958e+01
+9.71181 1.5958e+01
+9.71181 1.5958e+01
+9.71181 1.5954e+01
+9.70832 1.5954e+01
+9.70832 1.5954e+01
+9.70832 1.5954e+01
+9.70832 1.5954e+01
+9.70832 1.5954e+01
+9.70282 1.5951e+01
+9.70282 1.5951e+01
+9.70282 1.5951e+01
+9.70282 1.5951e+01
+9.70282 1.5951e+01
+9.69818 1.5948e+01
+9.69818 1.5948e+01
+9.69818 1.5948e+01
+9.69818 1.5948e+01
+9.69818 1.5948e+01
+9.69818 1.5948e+01
+9.69247 1.5946e+01
+9.69247 1.5946e+01
+9.69247 1.5946e+01
+9.69247 1.5946e+01
+9.69247 1.5946e+01
+9.68883 1.5944e+01
+9.68883 1.5944e+01
+9.68883 1.5944e+01
+9.68883 1.5944e+01
+9.68883 1.5944e+01
+9.68883 1.5945e+01
+9.68805 1.5945e+01
+9.68805 1.5945e+01
+9.68805 1.5945e+01
+9.68805 1.5945e+01
+9.68805 1.5945e+01
+9.68942 1.5946e+01
+9.68942 1.5946e+01
+9.68942 1.5946e+01
+9.68942 1.5946e+01
+9.68942 1.5946e+01
+9.68979 1.5946e+01
+9.68979 1.5946e+01
+9.68979 1.5946e+01
+9.68979 1.5946e+01
+9.68979 1.5946e+01
+9.68979 1.5946e+01
+9.68831 1.5945e+01
+9.68831 1.5945e+01
+9.68831 1.5945e+01
+9.68831 1.5945e+01
+9.68831 1.5945e+01
+9.68462 1.5941e+01
+9.68462 1.5941e+01
+9.68462 1.5941e+01
+9.68462 1.5941e+01
+9.68462 1.5941e+01
+9.68462 1.5941e+01
+9.68046 1.5938e+01
+9.68046 1.5938e+01
+9.68046 1.5938e+01
+9.68046 1.5938e+01
+9.68046 1.5938e+01
+9.67726 1.5937e+01
+9.67726 1.5937e+01
+9.67726 1.5937e+01
+9.67726 1.5937e+01
+9.67726 1.5937e+01
+9.67726 1.5937e+01
+9.67484 1.5937e+01
+9.67484 1.5937e+01
+9.67484 1.5937e+01
+9.67484 1.5937e+01
+9.67484 1.5937e+01
+9.67380 1.5935e+01
+9.67380 1.5935e+01
+9.67380 1.5935e+01
+9.67380 1.5935e+01
+9.67380 1.5935e+01
+9.67369 1.5936e+01
+9.67369 1.5936e+01
+9.67369 1.5936e+01
+9.67369 1.5936e+01
+9.67369 1.5936e+01
+9.67369 1.5936e+01
+9.67239 1.5934e+01
+9.67239 1.5934e+01
+9.67239 1.5934e+01
+9.67239 1.5934e+01
+9.67239 1.5934e+01
+9.67167 1.5933e+01
+9.67167 1.5933e+01
+9.67167 1.5933e+01
+9.67167 1.5933e+01
+9.67167 1.5933e+01
+9.67167 1.5933e+01
+9.67062 1.5933e+01
+9.67062 1.5933e+01
+9.67062 1.5933e+01
+9.67062 1.5933e+01
+9.67062 1.5933e+01
+9.66803 1.5929e+01
+9.66803 1.5929e+01
+9.66803 1.5929e+01
+9.66803 1.5929e+01
+9.66803 1.5929e+01
+9.66269 1.5926e+01
+9.66269 1.5926e+01
+9.66269 1.5926e+01
+9.66269 1.5926e+01
+9.66269 1.5926e+01
+9.66269 1.5926e+01
+9.65699 1.5925e+01
+9.65699 1.5925e+01
+9.65699 1.5925e+01
+9.65699 1.5925e+01
+9.65699 1.5925e+01
+9.65468 1.5924e+01
+9.65468 1.5924e+01
+9.65468 1.5924e+01
+9.65468 1.5924e+01
+9.65468 1.5924e+01
+9.65468 1.5923e+01
+9.65261 1.5923e+01
+9.65261 1.5923e+01
+9.65261 1.5923e+01
+9.65261 1.5923e+01
+9.65261 1.5923e+01
+9.65038 1.5922e+01
+9.65038 1.5922e+01
+9.65038 1.5922e+01
+9.65038 1.5922e+01
+9.65038 1.5922e+01
+9.64800 1.5921e+01
+9.64800 1.5921e+01
+9.64800 1.5921e+01
+9.64800 1.5921e+01
+9.64800 1.5921e+01
+9.64800 1.5921e+01
+9.64819 1.5921e+01
+9.64819 1.5921e+01
+9.64819 1.5921e+01
+9.64819 1.5921e+01
+9.64819 1.5921e+01
+9.64986 1.5920e+01
+9.64986 1.5920e+01
+9.64986 1.5920e+01
+9.64986 1.5920e+01
+9.64986 1.5920e+01
+9.64986 1.5920e+01
+9.65033 1.5920e+01
+9.65033 1.5920e+01
+9.65033 1.5920e+01
+9.65033 1.5920e+01
+9.65033 1.5920e+01
+9.64778 1.5917e+01
+9.64778 1.5917e+01
+9.64778 1.5917e+01
+9.64778 1.5917e+01
+9.64778 1.5917e+01
+9.64514 1.5916e+01
+9.64514 1.5916e+01
+9.64514 1.5916e+01
+9.64514 1.5916e+01
+9.64514 1.5916e+01
+9.64514 1.5916e+01
+9.64124 1.5913e+01
+9.64124 1.5913e+01
+9.64124 1.5913e+01
+9.64124 1.5913e+01
+9.64124 1.5913e+01
+9.63787 1.5911e+01
+9.63787 1.5911e+01
+9.63787 1.5911e+01
+9.63787 1.5911e+01
+9.63787 1.5911e+01
+9.63787 1.5909e+01
+9.63347 1.5909e+01
+9.63347 1.5909e+01
+9.63347 1.5909e+01
+9.63347 1.5909e+01
+9.63347 1.5909e+01
+9.62952 1.5908e+01
+9.62952 1.5908e+01
+9.62952 1.5908e+01
+9.62952 1.5908e+01
+9.62952 1.5908e+01
+9.62819 1.5908e+01
+9.62819 1.5908e+01
+9.62819 1.5908e+01
+9.62819 1.5908e+01
+9.62819 1.5908e+01
+9.62819 1.5908e+01
+9.62664 1.5907e+01
+9.62664 1.5907e+01
+9.62664 1.5907e+01
+9.62664 1.5907e+01
+9.62664 1.5907e+01
+9.62467 1.5903e+01
+9.62467 1.5903e+01
+9.62467 1.5903e+01
+9.62467 1.5903e+01
+9.62467 1.5903e+01
+9.62467 1.5902e+01
+9.62333 1.5902e+01
+9.62333 1.5902e+01
+9.62333 1.5902e+01
+9.62333 1.5902e+01
+9.62333 1.5902e+01
+9.62301 1.5902e+01
+9.62301 1.5902e+01
+9.62301 1.5902e+01
+9.62301 1.5902e+01
+9.62301 1.5902e+01
+9.62301 1.5901e+01
+9.62308 1.5901e+01
+9.62308 1.5901e+01
+9.62308 1.5901e+01
+9.62308 1.5901e+01
+9.62308 1.5901e+01
+9.62238 1.5902e+01
+9.62238 1.5902e+01
+9.62238 1.5902e+01
+9.62238 1.5902e+01
+9.62238 1.5902e+01
+9.62234 1.5900e+01
+9.62234 1.5900e+01
+9.62234 1.5900e+01
+9.62234 1.5900e+01
+9.62234 1.5900e+01
+9.62234 1.5899e+01
+9.62239 1.5899e+01
+9.62239 1.5899e+01
+9.62239 1.5899e+01
+9.62239 1.5899e+01
+9.62239 1.5899e+01
+9.62040 1.5897e+01
+9.62040 1.5897e+01
+9.62040 1.5897e+01
+9.62040 1.5897e+01
+9.62040 1.5897e+01
+9.62040 1.5894e+01
+9.61730 1.5894e+01
+9.61730 1.5894e+01
+9.61730 1.5894e+01
+9.61730 1.5894e+01
+9.61730 1.5894e+01
+9.60899 1.5888e+01
+9.60899 1.5888e+01
+9.60899 1.5888e+01
+9.60899 1.5888e+01
+9.60899 1.5888e+01
+9.60121 1.5884e+01
+9.60121 1.5884e+01
+9.60121 1.5884e+01
+9.60121 1.5884e+01
+9.60121 1.5884e+01
+9.60121 1.5884e+01
+9.59319 1.5881e+01
+9.59319 1.5881e+01
+9.59319 1.5881e+01
+9.59319 1.5881e+01
+9.59319 1.5881e+01
+9.58979 1.5882e+01
+9.58979 1.5882e+01
+9.58979 1.5882e+01
+9.58979 1.5882e+01
+9.58979 1.5882e+01
+9.58979 1.5883e+01
+9.58954 1.5883e+01
+9.58954 1.5883e+01
+9.58954 1.5883e+01
+9.58954 1.5883e+01
+9.58954 1.5883e+01
+9.59054 1.5882e+01
+9.59054 1.5882e+01
+9.59054 1.5882e+01
+9.59054 1.5882e+01
+9.59054 1.5882e+01
+9.59054 1.5883e+01
+9.59220 1.5883e+01
+9.59220 1.5883e+01
+9.59220 1.5883e+01
+9.59220 1.5883e+01
+9.59220 1.5883e+01
+9.59541 1.5884e+01
+9.59541 1.5884e+01
+9.59541 1.5884e+01
+9.59541 1.5884e+01
+9.59541 1.5884e+01
+9.59541 1.5882e+01
+9.59602 1.5882e+01
+9.59602 1.5882e+01
+9.59602 1.5882e+01
+9.59602 1.5882e+01
+9.59602 1.5882e+01
+9.59456 1.5880e+01
+9.59456 1.5880e+01
+9.59456 1.5880e+01
+9.59456 1.5880e+01
+9.59456 1.5880e+01
+9.59376 1.5881e+01
+9.59376 1.5881e+01
+9.59376 1.5881e+01
+9.59376 1.5881e+01
+9.59376 1.5881e+01
+9.59376 1.5881e+01
+9.59259 1.5880e+01
+9.59259 1.5880e+01
+9.59259 1.5880e+01
+9.59259 1.5880e+01
+9.59259 1.5880e+01
+9.58952 1.5875e+01
+9.58952 1.5875e+01
+9.58952 1.5875e+01
+9.58952 1.5875e+01
+9.58952 1.5875e+01
+9.58952 1.5872e+01
+9.58400 1.5872e+01
+9.58400 1.5872e+01
+9.58400 1.5872e+01
+9.58400 1.5872e+01
+9.58400 1.5872e+01
+9.57767 1.5869e+01
+9.57767 1.5869e+01
+9.57767 1.5869e+01
+9.57767 1.5869e+01
+9.57767 1.5869e+01
+9.57418 1.5868e+01
+9.57418 1.5868e+01
+9.57418 1.5868e+01
+9.57418 1.5868e+01
+9.57418 1.5868e+01
+9.57418 1.5868e+01
+9.57409 1.5870e+01
+9.57409 1.5870e+01
+9.57409 1.5870e+01
+9.57409 1.5870e+01
+9.57409 1.5870e+01
+9.57490 1.5868e+01
+9.57490 1.5868e+01
+9.57490 1.5868e+01
+9.57490 1.5868e+01
+9.57490 1.5868e+01
+9.57490 1.5868e+01
+9.57261 1.5866e+01
+9.57261 1.5866e+01
+9.57261 1.5866e+01
+9.57261 1.5866e+01
+9.57261 1.5866e+01
+9.56808 1.5862e+01
+9.56808 1.5862e+01
+9.56808 1.5862e+01
+9.56808 1.5862e+01
+9.56808 1.5862e+01
+9.56232 1.5857e+01
+9.56232 1.5857e+01
+9.56232 1.5857e+01
+9.56232 1.5857e+01
+9.56232 1.5857e+01
+9.56232 1.5857e+01
+9.55414 1.5854e+01
+9.55414 1.5854e+01
+9.55414 1.5854e+01
+9.55414 1.5854e+01
+9.55414 1.5854e+01
+9.54933 1.5853e+01
+9.54933 1.5853e+01
+9.54933 1.5853e+01
+9.54933 1.5853e+01
+9.54933 1.5853e+01
+9.54933 1.5853e+01
+9.54707 1.5853e+01
+9.54707 1.5853e+01
+9.54707 1.5853e+01
+9.54707 1.5853e+01
+9.54707 1.5853e+01
+9.54622 1.5852e+01
+9.54622 1.5852e+01
+9.54622 1.5852e+01
+9.54622 1.5852e+01
+9.54622 1.5852e+01
+9.54712 1.5852e+01
+9.54712 1.5852e+01
+9.54712 1.5852e+01
+9.54712 1.5852e+01
+9.54712 1.5852e+01
+9.54712 1.5852e+01
+9.54876 1.5853e+01
+9.54876 1.5853e+01
+9.54876 1.5853e+01
+9.54876 1.5853e+01
+9.54876 1.5853e+01
+9.55075 1.5854e+01
+9.55075 1.5854e+01
+9.55075 1.5854e+01
+9.55075 1.5854e+01
+9.55075 1.5854e+01
+9.55075 1.5852e+01
+9.55130 1.5852e+01
+9.55130 1.5852e+01
+9.55130 1.5852e+01
+9.55130 1.5852e+01
+9.55130 1.5852e+01
+9.55167 1.5852e+01
+9.55167 1.5852e+01
+9.55167 1.5852e+01
+9.55167 1.5852e+01
+9.55167 1.5852e+01
+9.55167 1.5849e+01
+9.55055 1.5849e+01
+9.55055 1.5849e+01
+9.55055 1.5849e+01
+9.55055 1.5849e+01
+9.55055 1.5849e+01
+9.54763 1.5847e+01
+9.54763 1.5847e+01
+9.54763 1.5847e+01
+9.54763 1.5847e+01
+9.54763 1.5847e+01
+9.54340 1.5842e+01
+9.54340 1.5842e+01
+9.54340 1.5842e+01
+9.54340 1.5842e+01
+9.54340 1.5842e+01
+9.54340 1.5837e+01
+9.53721 1.5837e+01
+9.53721 1.5837e+01
+9.53721 1.5837e+01
+9.53721 1.5837e+01
+9.53721 1.5837e+01
+9.53135 1.5838e+01
+9.53135 1.5838e+01
+9.53135 1.5838e+01
+9.53135 1.5838e+01
+9.53135 1.5838e+01
+9.52938 1.5837e+01
+9.52938 1.5837e+01
+9.52938 1.5837e+01
+9.52938 1.5837e+01
+9.52938 1.5837e+01
+9.52938 1.5837e+01
+9.52632 1.5834e+01
+9.52632 1.5834e+01
+9.52632 1.5834e+01
+9.52632 1.5834e+01
+9.52632 1.5834e+01
+9.52301 1.5832e+01
+9.52301 1.5832e+01
+9.52301 1.5832e+01
+9.52301 1.5832e+01
+9.52301 1.5832e+01
+9.52301 1.5835e+01
+9.52412 1.5835e+01
+9.52412 1.5835e+01
+9.52412 1.5835e+01
+9.52412 1.5835e+01
+9.52412 1.5835e+01
+9.53018 1.5839e+01
+9.53018 1.5839e+01
+9.53018 1.5839e+01
+9.53018 1.5839e+01
+9.53018 1.5839e+01
+9.53456 1.5841e+01
+9.53456 1.5841e+01
+9.53456 1.5841e+01
+9.53456 1.5841e+01
+9.53456 1.5841e+01
+9.53456 1.5841e+01
+9.53804 1.5841e+01
+9.53804 1.5841e+01
+9.53804 1.5841e+01
+9.53804 1.5841e+01
+9.53804 1.5841e+01
+9.53834 1.5838e+01
+9.53834 1.5838e+01
+9.53834 1.5838e+01
+9.53834 1.5838e+01
+9.53834 1.5838e+01
+9.53834 1.5834e+01
+9.53614 1.5834e+01
+9.53614 1.5834e+01
+9.53614 1.5834e+01
+9.53614 1.5834e+01
+9.53614 1.5834e+01
+9.53264 1.5831e+01
+9.53264 1.5831e+01
+9.53264 1.5831e+01
+9.53264 1.5831e+01
+9.53264 1.5831e+01
+9.53264 1.5829e+01
+9.52853 1.5829e+01
+9.52853 1.5829e+01
+9.52853 1.5829e+01
+9.52853 1.5829e+01
+9.52853 1.5829e+01
+9.52575 1.5831e+01
+9.52575 1.5831e+01
+9.52575 1.5831e+01
+9.52575 1.5831e+01
+9.52575 1.5831e+01
+9.52575 1.5830e+01
+9.52513 1.5830e+01
+9.52513 1.5830e+01
+9.52513 1.5830e+01
+9.52513 1.5830e+01
+9.52513 1.5830e+01
+9.52460 1.5829e+01
+9.52460 1.5829e+01
+9.52460 1.5829e+01
+9.52460 1.5829e+01
+9.52460 1.5829e+01
+9.52326 1.5828e+01
+9.52326 1.5828e+01
+9.52326 1.5828e+01
+9.52326 1.5828e+01
+9.52326 1.5828e+01
+9.52326 1.5825e+01
+9.52144 1.5825e+01
+9.52144 1.5825e+01
+9.52144 1.5825e+01
+9.52144 1.5825e+01
+9.52144 1.5825e+01
+9.51616 1.5822e+01
+9.51616 1.5822e+01
+9.51616 1.5822e+01
+9.51616 1.5822e+01
+9.51616 1.5822e+01
+9.51310 1.5819e+01
+9.51310 1.5819e+01
+9.51310 1.5819e+01
+9.51310 1.5819e+01
+9.51310 1.5819e+01
+9.51310 1.5819e+01
+9.50903 1.5818e+01
+9.50903 1.5818e+01
+9.50903 1.5818e+01
+9.50903 1.5818e+01
+9.50903 1.5818e+01
+9.50834 1.5819e+01
+9.50834 1.5819e+01
+9.50834 1.5819e+01
+9.50834 1.5819e+01
+9.50834 1.5819e+01
+9.50834 1.5820e+01
+9.50927 1.5820e+01
+9.50927 1.5820e+01
+9.50927 1.5820e+01
+9.50927 1.5820e+01
+9.50927 1.5820e+01
+9.50920 1.5819e+01
+9.50920 1.5819e+01
+9.50920 1.5819e+01
+9.50920 1.5819e+01
+9.50920 1.5819e+01
+9.50745 1.5816e+01
+9.50745 1.5816e+01
+9.50745 1.5816e+01
+9.50745 1.5816e+01
+9.50745 1.5816e+01
+9.50745 1.5816e+01
+9.50623 1.5816e+01
+9.50623 1.5816e+01
+9.50623 1.5816e+01
+9.50623 1.5816e+01
+9.50623 1.5816e+01
+9.50456 1.5816e+01
+9.50456 1.5816e+01
+9.50456 1.5816e+01
+9.50456 1.5816e+01
+9.50456 1.5816e+01
+9.50456 1.5815e+01
+9.50470 1.5815e+01
+9.50470 1.5815e+01
+9.50470 1.5815e+01
+9.50470 1.5815e+01
+9.50470 1.5815e+01
+9.50495 1.5816e+01
+9.50495 1.5816e+01
+9.50495 1.5816e+01
+9.50495 1.5816e+01
+9.50495 1.5816e+01
+9.50426 1.5813e+01
+9.50426 1.5813e+01
+9.50426 1.5813e+01
+9.50426 1.5813e+01
+9.50426 1.5813e+01
+9.50426 1.5813e+01
+9.50319 1.5814e+01
+9.50319 1.5814e+01
+9.50319 1.5814e+01
+9.50319 1.5814e+01
+9.50319 1.5814e+01
+9.50194 1.5811e+01
+9.50194 1.5811e+01
+9.50194 1.5811e+01
+9.50194 1.5811e+01
+9.50194 1.5811e+01
+9.50194 1.5807e+01
+9.49763 1.5807e+01
+9.49763 1.5807e+01
+9.49763 1.5807e+01
+9.49763 1.5807e+01
+9.49763 1.5807e+01
+9.49154 1.5804e+01
+9.49154 1.5804e+01
+9.49154 1.5804e+01
+9.49154 1.5804e+01
+9.49154 1.5804e+01
+9.48624 1.5802e+01
+9.48624 1.5802e+01
+9.48624 1.5802e+01
+9.48624 1.5802e+01
+9.48624 1.5802e+01
+9.48624 1.5802e+01
+9.48570 1.5806e+01
+9.48570 1.5806e+01
+9.48570 1.5806e+01
+9.48570 1.5806e+01
+9.48570 1.5806e+01
+9.48734 1.5805e+01
+9.48734 1.5805e+01
+9.48734 1.5805e+01
+9.48734 1.5805e+01
+9.48734 1.5805e+01
+9.48734 1.5805e+01
+9.48844 1.5804e+01
+9.48844 1.5804e+01
+9.48844 1.5804e+01
+9.48844 1.5804e+01
+9.48844 1.5804e+01
+9.48775 1.5803e+01
+9.48775 1.5803e+01
+9.48775 1.5803e+01
+9.48775 1.5803e+01
+9.48775 1.5803e+01
+9.48775 1.5804e+01
+9.48754 1.5804e+01
+9.48754 1.5804e+01
+9.48754 1.5804e+01
+9.48754 1.5804e+01
+9.48754 1.5804e+01
+9.48972 1.5804e+01
+9.48972 1.5804e+01
+9.48972 1.5804e+01
+9.48972 1.5804e+01
+9.48972 1.5804e+01
+9.49184 1.5804e+01
+9.49184 1.5804e+01
+9.49184 1.5804e+01
+9.49184 1.5804e+01
+9.49184 1.5804e+01
+9.49184 1.5804e+01
+9.49503 1.5806e+01
+9.49503 1.5806e+01
+9.49503 1.5806e+01
+9.49503 1.5806e+01
+9.49503 1.5806e+01
+9.49753 1.5806e+01
+9.49753 1.5806e+01
+9.49753 1.5806e+01
+9.49753 1.5806e+01
+9.49753 1.5806e+01
+9.49753 1.5804e+01
+9.49919 1.5804e+01
+9.49919 1.5804e+01
+9.49919 1.5804e+01
+9.49919 1.5804e+01
+9.49919 1.5804e+01
+9.49647 1.5802e+01
+9.49647 1.5802e+01
+9.49647 1.5802e+01
+9.49647 1.5802e+01
+9.49647 1.5802e+01
+9.49215 1.5799e+01
+9.49215 1.5799e+01
+9.49215 1.5799e+01
+9.49215 1.5799e+01
+9.49215 1.5799e+01
+9.49215 1.5797e+01
+9.48877 1.5797e+01
+9.48877 1.5797e+01
+9.48877 1.5797e+01
+9.48877 1.5797e+01
+9.48877 1.5797e+01
+9.48417 1.5795e+01
+9.48417 1.5795e+01
+9.48417 1.5795e+01
+9.48417 1.5795e+01
+9.48417 1.5795e+01
+9.47949 1.5792e+01
+9.47949 1.5792e+01
+9.47949 1.5792e+01
+9.47949 1.5792e+01
+9.47949 1.5792e+01
+9.47949 1.5792e+01
+9.47167 1.5785e+01
+9.47167 1.5785e+01
+9.47167 1.5785e+01
+9.47167 1.5785e+01
+9.47167 1.5785e+01
+9.46353 1.5782e+01
+9.46353 1.5782e+01
+9.46353 1.5782e+01
+9.46353 1.5782e+01
+9.46353 1.5782e+01
+9.46353 1.5786e+01
+9.46026 1.5786e+01
+9.46026 1.5786e+01
+9.46026 1.5786e+01
+9.46026 1.5786e+01
+9.46026 1.5786e+01
+9.46219 1.5787e+01
+9.46219 1.5787e+01
+9.46219 1.5787e+01
+9.46219 1.5787e+01
+9.46219 1.5787e+01
+9.46552 1.5789e+01
+9.46552 1.5789e+01
+9.46552 1.5789e+01
+9.46552 1.5789e+01
+9.46552 1.5789e+01
+9.46552 1.5789e+01
+9.46689 1.5787e+01
+9.46689 1.5787e+01
+9.46689 1.5787e+01
+9.46689 1.5787e+01
+9.46689 1.5787e+01
+9.46498 1.5786e+01
+9.46498 1.5786e+01
+9.46498 1.5786e+01
+9.46498 1.5786e+01
+9.46498 1.5786e+01
+9.46498 1.5786e+01
+9.46291 1.5783e+01
+9.46291 1.5783e+01
+9.46291 1.5783e+01
+9.46291 1.5783e+01
+9.46291 1.5783e+01
+9.45869 1.5778e+01
+9.45869 1.5778e+01
+9.45869 1.5778e+01
+9.45869 1.5778e+01
+9.45869 1.5778e+01
+9.45869 1.5777e+01
+9.45305 1.5777e+01
+9.45305 1.5777e+01
+9.45305 1.5777e+01
+9.45305 1.5777e+01
+9.45305 1.5777e+01
+9.44752 1.5773e+01
+9.44752 1.5773e+01
+9.44752 1.5773e+01
+9.44752 1.5773e+01
+9.44752 1.5773e+01
+9.44323 1.5772e+01
+9.44323 1.5772e+01
+9.44323 1.5772e+01
+9.44323 1.5772e+01
+9.44323 1.5772e+01
+9.44323 1.5772e+01
+9.43999 1.5771e+01
+9.43999 1.5771e+01
+9.43999 1.5771e+01
+9.43999 1.5771e+01
+9.43999 1.5771e+01
+9.43963 1.5772e+01
+9.43963 1.5772e+01
+9.43963 1.5772e+01
+9.43963 1.5772e+01
+9.43963 1.5772e+01
+9.43963 1.5771e+01
+9.43999 1.5771e+01
+9.43999 1.5771e+01
+9.43999 1.5771e+01
+9.43999 1.5771e+01
+9.43999 1.5771e+01
+9.43903 1.5771e+01
+9.43903 1.5771e+01
+9.43903 1.5771e+01
+9.43903 1.5771e+01
+9.43903 1.5771e+01
+9.43848 1.5771e+01
+9.43848 1.5771e+01
+9.43848 1.5771e+01
+9.43848 1.5771e+01
+9.43848 1.5771e+01
+9.43848 1.5771e+01
+9.44189 1.5774e+01
+9.44189 1.5774e+01
+9.44189 1.5774e+01
+9.44189 1.5774e+01
+9.44189 1.5774e+01
+9.44530 1.5771e+01
+9.44530 1.5771e+01
+9.44530 1.5771e+01
+9.44530 1.5771e+01
+9.44530 1.5771e+01
+9.44228 1.5767e+01
+9.44228 1.5767e+01
+9.44228 1.5767e+01
+9.44228 1.5767e+01
+9.44228 1.5767e+01
+9.44228 1.5767e+01
+9.43838 1.5766e+01
+9.43838 1.5766e+01
+9.43838 1.5766e+01
+9.43838 1.5766e+01
+9.43838 1.5766e+01
+9.43636 1.5765e+01
+9.43636 1.5765e+01
+9.43636 1.5765e+01
+9.43636 1.5765e+01
+9.43636 1.5765e+01
+9.43659 1.5766e+01
+9.43659 1.5766e+01
+9.43659 1.5766e+01
+9.43659 1.5766e+01
+9.43659 1.5766e+01
+9.43659 1.5766e+01
+9.43534 1.5763e+01
+9.43534 1.5763e+01
+9.43534 1.5763e+01
+9.43534 1.5763e+01
+9.43534 1.5763e+01
+9.43471 1.5763e+01
+9.43471 1.5763e+01
+9.43471 1.5763e+01
+9.43471 1.5763e+01
+9.43471 1.5763e+01
+9.43471 1.5766e+01
+9.43609 1.5766e+01
+9.43609 1.5766e+01
+9.43609 1.5766e+01
+9.43609 1.5766e+01
+9.43609 1.5766e+01
+9.43705 1.5763e+01
+9.43705 1.5763e+01
+9.43705 1.5763e+01
+9.43705 1.5763e+01
+9.43705 1.5763e+01
+9.43795 1.5764e+01
+9.43795 1.5764e+01
+9.43795 1.5764e+01
+9.43795 1.5764e+01
+9.43795 1.5764e+01
+9.43795 1.5764e+01
+9.43772 1.5761e+01
+9.43772 1.5761e+01
+9.43772 1.5761e+01
+9.43772 1.5761e+01
+9.43772 1.5761e+01
+9.43559 1.5759e+01
+9.43559 1.5759e+01
+9.43559 1.5759e+01
+9.43559 1.5759e+01
+9.43559 1.5759e+01
+9.43559 1.5759e+01
+9.43292 1.5758e+01
+9.43292 1.5758e+01
+9.43292 1.5758e+01
+9.43292 1.5758e+01
+9.43292 1.5758e+01
+9.42607 1.5751e+01
+9.42607 1.5751e+01
+9.42607 1.5751e+01
+9.42607 1.5751e+01
+9.42607 1.5751e+01
+9.42607 1.5751e+01
+9.42151 1.5751e+01
+9.42151 1.5751e+01
+9.42151 1.5751e+01
+9.42151 1.5751e+01
+9.42151 1.5751e+01
+9.41749 1.5749e+01
+9.41749 1.5749e+01
+9.41749 1.5749e+01
+9.41749 1.5749e+01
+9.41749 1.5749e+01
+9.41333 1.5746e+01
+9.41333 1.5746e+01
+9.41333 1.5746e+01
+9.41333 1.5746e+01
+9.41333 1.5746e+01
+9.41333 1.5746e+01
+9.40617 1.5741e+01
+9.40617 1.5741e+01
+9.40617 1.5741e+01
+9.40617 1.5741e+01
+9.40617 1.5741e+01
+9.39843 1.5737e+01
+9.39843 1.5737e+01
+9.39843 1.5737e+01
+9.39843 1.5737e+01
+9.39843 1.5737e+01
+9.39843 1.5737e+01
+9.39438 1.5737e+01
+9.39438 1.5737e+01
+9.39438 1.5737e+01
+9.39438 1.5737e+01
+9.39438 1.5737e+01
+9.39706 1.5741e+01
+9.39706 1.5741e+01
+9.39706 1.5741e+01
+9.39706 1.5741e+01
+9.39706 1.5741e+01
+9.39706 1.5745e+01
+9.40180 1.5745e+01
+9.40180 1.5745e+01
+9.40180 1.5745e+01
+9.40180 1.5745e+01
+9.40180 1.5745e+01
+9.40620 1.5744e+01
+9.40620 1.5744e+01
+9.40620 1.5744e+01
+9.40620 1.5744e+01
+9.40620 1.5744e+01
+9.40620 1.5743e+01
+9.40822 1.5743e+01
+9.40822 1.5743e+01
+9.40822 1.5743e+01
+9.40822 1.5743e+01
+9.40822 1.5743e+01
+9.40858 1.5742e+01
+9.40858 1.5742e+01
+9.40858 1.5742e+01
+9.40858 1.5742e+01
+9.40858 1.5742e+01
+9.40777 1.5741e+01
+9.40777 1.5741e+01
+9.40777 1.5741e+01
+9.40777 1.5741e+01
+9.40777 1.5741e+01
+9.40777 1.5741e+01
+9.40748 1.5741e+01
+9.40748 1.5741e+01
+9.40748 1.5741e+01
+9.40748 1.5741e+01
+9.40748 1.5741e+01
+9.40512 1.5735e+01
+9.40512 1.5735e+01
+9.40512 1.5735e+01
+9.40512 1.5735e+01
+9.40512 1.5735e+01
+9.40368 1.5737e+01
+9.40368 1.5737e+01
+9.40368 1.5737e+01
+9.40368 1.5737e+01
+9.40368 1.5737e+01
+9.40368 1.5737e+01
+9.40363 1.5737e+01
+9.40363 1.5737e+01
+9.40363 1.5737e+01
+9.40363 1.5737e+01
+9.40363 1.5737e+01
+9.40398 1.5736e+01
+9.40398 1.5736e+01
+9.40398 1.5736e+01
+9.40398 1.5736e+01
+9.40398 1.5736e+01
+9.40284 1.5734e+01
+9.40284 1.5734e+01
+9.40284 1.5734e+01
+9.40284 1.5734e+01
+9.40284 1.5734e+01
+9.40284 1.5734e+01
+9.39941 1.5731e+01
+9.39941 1.5731e+01
+9.39941 1.5731e+01
+9.39941 1.5731e+01
+9.39941 1.5731e+01
+9.39510 1.5727e+01
+9.39510 1.5727e+01
+9.39510 1.5727e+01
+9.39510 1.5727e+01
+9.39510 1.5727e+01
+9.39510 1.5727e+01
+9.39066 1.5725e+01
+9.39066 1.5725e+01
+9.39066 1.5725e+01
+9.39066 1.5725e+01
+9.39066 1.5725e+01
+9.38778 1.5726e+01
+9.38778 1.5726e+01
+9.38778 1.5726e+01
+9.38778 1.5726e+01
+9.38778 1.5726e+01
+9.38778 1.5721e+01
+9.38489 1.5721e+01
+9.38489 1.5721e+01
+9.38489 1.5721e+01
+9.38489 1.5721e+01
+9.38489 1.5721e+01
+9.37675 1.5718e+01
+9.37675 1.5718e+01
+9.37675 1.5718e+01
+9.37675 1.5718e+01
+9.37675 1.5718e+01
+9.37086 1.5713e+01
+9.37086 1.5713e+01
+9.37086 1.5713e+01
+9.37086 1.5713e+01
+9.37086 1.5713e+01
+9.37086 1.5713e+01
+9.36747 1.5716e+01
+9.36747 1.5716e+01
+9.36747 1.5716e+01
+9.36747 1.5716e+01
+9.36747 1.5716e+01
+9.36778 1.5716e+01
+9.36778 1.5716e+01
+9.36778 1.5716e+01
+9.36778 1.5716e+01
+9.36778 1.5716e+01
+9.36778 1.5716e+01
+9.36793 1.5716e+01
+9.36793 1.5716e+01
+9.36793 1.5716e+01
+9.36793 1.5716e+01
+9.36793 1.5716e+01
+9.36717 1.5714e+01
+9.36717 1.5714e+01
+9.36717 1.5714e+01
+9.36717 1.5714e+01
+9.36717 1.5714e+01
+9.36707 1.5715e+01
+9.36707 1.5715e+01
+9.36707 1.5715e+01
+9.36707 1.5715e+01
+9.36707 1.5715e+01
+9.36707 1.5715e+01
+9.36826 1.5714e+01
+9.36826 1.5714e+01
+9.36826 1.5714e+01
+9.36826 1.5714e+01
+9.36826 1.5714e+01
+9.36671 1.5712e+01
+9.36671 1.5712e+01
+9.36671 1.5712e+01
+9.36671 1.5712e+01
+9.36671 1.5712e+01
+9.36671 1.5711e+01
+9.36481 1.5711e+01
+9.36481 1.5711e+01
+9.36481 1.5711e+01
+9.36481 1.5711e+01
+9.36481 1.5711e+01
+9.36368 1.5709e+01
+9.36368 1.5709e+01
+9.36368 1.5709e+01
+9.36368 1.5709e+01
+9.36368 1.5709e+01
+9.36258 1.5709e+01
+9.36258 1.5709e+01
+9.36258 1.5709e+01
+9.36258 1.5709e+01
+9.36258 1.5709e+01
+9.36258 1.5709e+01
+9.36098 1.5707e+01
+9.36098 1.5707e+01
+9.36098 1.5707e+01
+9.36098 1.5707e+01
+9.36098 1.5707e+01
+9.35942 1.5704e+01
+9.35942 1.5704e+01
+9.35942 1.5704e+01
+9.35942 1.5704e+01
+9.35942 1.5704e+01
+9.35942 1.5704e+01
+9.35745 1.5703e+01
+9.35745 1.5703e+01
+9.35745 1.5703e+01
+9.35745 1.5703e+01
+9.35745 1.5703e+01
+9.35657 1.5703e+01
+9.35657 1.5703e+01
+9.35657 1.5703e+01
+9.35657 1.5703e+01
+9.35657 1.5703e+01
+9.35738 1.5702e+01
+9.35738 1.5702e+01
+9.35738 1.5702e+01
+9.35738 1.5702e+01
+9.35738 1.5702e+01
+9.35738 1.5702e+01
+9.35293 1.5699e+01
+9.35293 1.5699e+01
+9.35293 1.5699e+01
+9.35293 1.5699e+01
+9.35293 1.5699e+01
+9.34604 1.5694e+01
+9.34604 1.5694e+01
+9.34604 1.5694e+01
+9.34604 1.5694e+01
+9.34604 1.5694e+01
+9.34604 1.5694e+01
+9.34263 1.5694e+01
+9.34263 1.5694e+01
+9.34263 1.5694e+01
+9.34263 1.5694e+01
+9.34263 1.5694e+01
+9.34389 1.5699e+01
+9.34389 1.5699e+01
+9.34389 1.5699e+01
+9.34389 1.5699e+01
+9.34389 1.5699e+01
+9.34680 1.5697e+01
+9.34680 1.5697e+01
+9.34680 1.5697e+01
+9.34680 1.5697e+01
+9.34680 1.5697e+01
+9.34680 1.5697e+01
+9.34507 1.5697e+01
+9.34507 1.5697e+01
+9.34507 1.5697e+01
+9.34507 1.5697e+01
+9.34507 1.5697e+01
+9.34274 1.5692e+01
+9.34274 1.5692e+01
+9.34274 1.5692e+01
+9.34274 1.5692e+01
+9.34274 1.5692e+01
+9.34274 1.5695e+01
+9.34114 1.5695e+01
+9.34114 1.5695e+01
+9.34114 1.5695e+01
+9.34114 1.5695e+01
+9.34114 1.5695e+01
+9.34386 1.5698e+01
+9.34386 1.5698e+01
+9.34386 1.5698e+01
+9.34386 1.5698e+01
+9.34386 1.5698e+01
+9.34815 1.5697e+01
+9.34815 1.5697e+01
+9.34815 1.5697e+01
+9.34815 1.5697e+01
+9.34815 1.5697e+01
+9.34815 1.5697e+01
+9.34928 1.5694e+01
+9.34928 1.5694e+01
+9.34928 1.5694e+01
+9.34928 1.5694e+01
+9.34928 1.5694e+01
+9.34346 1.5688e+01
+9.34346 1.5688e+01
+9.34346 1.5688e+01
+9.34346 1.5688e+01
+9.34346 1.5688e+01
+9.34346 1.5685e+01
+9.33606 1.5685e+01
+9.33606 1.5685e+01
+9.33606 1.5685e+01
+9.33606 1.5685e+01
+9.33606 1.5685e+01
+9.33324 1.5686e+01
+9.33324 1.5686e+01
+9.33324 1.5686e+01
+9.33324 1.5686e+01
+9.33324 1.5686e+01
+9.33584 1.5689e+01
+9.33584 1.5689e+01
+9.33584 1.5689e+01
+9.33584 1.5689e+01
+9.33584 1.5689e+01
+9.33584 1.5689e+01
+9.33934 1.5689e+01
+9.33934 1.5689e+01
+9.33934 1.5689e+01
+9.33934 1.5689e+01
+9.33934 1.5689e+01
+9.33935 1.5687e+01
+9.33935 1.5687e+01
+9.33935 1.5687e+01
+9.33935 1.5687e+01
+9.33935 1.5687e+01
+9.33767 1.5687e+01
+9.33767 1.5687e+01
+9.33767 1.5687e+01
+9.33767 1.5687e+01
+9.33767 1.5687e+01
+9.33767 1.5687e+01
+9.33766 1.5688e+01
+9.33766 1.5688e+01
+9.33766 1.5688e+01
+9.33766 1.5688e+01
+9.33766 1.5688e+01
+9.33725 1.5685e+01
+9.33725 1.5685e+01
+9.33725 1.5685e+01
+9.33725 1.5685e+01
+9.33725 1.5685e+01
+9.33725 1.5685e+01
+9.33098 1.5676e+01
+9.33098 1.5676e+01
+9.33098 1.5676e+01
+9.33098 1.5676e+01
+9.33098 1.5676e+01
+9.31926 1.5670e+01
+9.31926 1.5670e+01
+9.31926 1.5670e+01
+9.31926 1.5670e+01
+9.31926 1.5670e+01
+9.31081 1.5668e+01
+9.31081 1.5668e+01
+9.31081 1.5668e+01
+9.31081 1.5668e+01
+9.31081 1.5668e+01
+9.31081 1.5668e+01
+9.30509 1.5668e+01
+9.30509 1.5668e+01
+9.30509 1.5668e+01
+9.30509 1.5668e+01
+9.30509 1.5668e+01
+9.30449 1.5668e+01
+9.30449 1.5668e+01
+9.30449 1.5668e+01
+9.30449 1.5668e+01
+9.30449 1.5668e+01
+9.30449 1.5668e+01
+9.30577 1.5668e+01
+9.30577 1.5668e+01
+9.30577 1.5668e+01
+9.30577 1.5668e+01
+9.30577 1.5668e+01
+9.30752 1.5669e+01
+9.30752 1.5669e+01
+9.30752 1.5669e+01
+9.30752 1.5669e+01
+9.30752 1.5669e+01
+9.31121 1.5673e+01
+9.31121 1.5673e+01
+9.31121 1.5673e+01
+9.31121 1.5673e+01
+9.31121 1.5673e+01
+9.31121 1.5673e+01
+9.31716 1.5676e+01
+9.31716 1.5676e+01
+9.31716 1.5676e+01
+9.31716 1.5676e+01
+9.31716 1.5676e+01
+9.32090 1.5674e+01
+9.32090 1.5674e+01
+9.32090 1.5674e+01
+9.32090 1.5674e+01
+9.32090 1.5674e+01
+9.32128 1.5674e+01
+9.32128 1.5674e+01
+9.32128 1.5674e+01
+9.32128 1.5674e+01
+9.32128 1.5674e+01
+9.32128 1.5674e+01
+9.32030 1.5671e+01
+9.32030 1.5671e+01
+9.32030 1.5671e+01
+9.32030 1.5671e+01
+9.32030 1.5671e+01
+9.31552 1.5667e+01
+9.31552 1.5667e+01
+9.31552 1.5667e+01
+9.31552 1.5667e+01
+9.31552 1.5667e+01
+9.31552 1.5667e+01
+9.31223 1.5668e+01
+9.31223 1.5668e+01
+9.31223 1.5668e+01
+9.31223 1.5668e+01
+9.31223 1.5668e+01
+9.30955 1.5664e+01
+9.30955 1.5664e+01
+9.30955 1.5664e+01
+9.30955 1.5664e+01
+9.30955 1.5664e+01
+9.30955 1.5661e+01
+9.30600 1.5661e+01
+9.30600 1.5661e+01
+9.30600 1.5661e+01
+9.30600 1.5661e+01
+9.30600 1.5661e+01
+9.30153 1.5658e+01
+9.30153 1.5658e+01
+9.30153 1.5658e+01
+9.30153 1.5658e+01
+9.30153 1.5658e+01
+9.29740 1.5658e+01
+9.29740 1.5658e+01
+9.29740 1.5658e+01
+9.29740 1.5658e+01
+9.29740 1.5658e+01
+9.29740 1.5655e+01
+9.29427 1.5655e+01
+9.29427 1.5655e+01
+9.29427 1.5655e+01
+9.29427 1.5655e+01
+9.29427 1.5655e+01
+9.29054 1.5653e+01
+9.29054 1.5653e+01
+9.29054 1.5653e+01
+9.29054 1.5653e+01
+9.29054 1.5653e+01
+9.28682 1.5651e+01
+9.28682 1.5651e+01
+9.28682 1.5651e+01
+9.28682 1.5651e+01
+9.28682 1.5651e+01
+9.28682 1.5651e+01
+9.28665 1.5653e+01
+9.28665 1.5653e+01
+9.28665 1.5653e+01
+9.28665 1.5653e+01
+9.28665 1.5653e+01
+9.29001 1.5654e+01
+9.29001 1.5654e+01
+9.29001 1.5654e+01
+9.29001 1.5654e+01
+9.29001 1.5654e+01
+9.29001 1.5654e+01
+9.29019 1.5651e+01
+9.29019 1.5651e+01
+9.29019 1.5651e+01
+9.29019 1.5651e+01
+9.29019 1.5651e+01
+9.28050 1.5642e+01
+9.28050 1.5642e+01
+9.28050 1.5642e+01
+9.28050 1.5642e+01
+9.28050 1.5642e+01
+9.26277 1.5626e+01
+9.26277 1.5626e+01
+9.26277 1.5626e+01
+9.26277 1.5626e+01
+9.26277 1.5626e+01
+9.26277 1.5626e+01
+9.23378 1.5612e+01
+9.23378 1.5612e+01
+9.23378 1.5612e+01
+9.23378 1.5612e+01
+9.23378 1.5612e+01
+9.20618 1.5596e+01
+9.20618 1.5596e+01
+9.20618 1.5596e+01
+9.20618 1.5596e+01
+9.20618 1.5596e+01
+9.20618 1.5596e+01
+9.17475 1.5579e+01
+9.17475 1.5579e+01
+9.17475 1.5579e+01
+9.17475 1.5579e+01
+9.17475 1.5579e+01
+9.13716 1.5561e+01
+9.13716 1.5561e+01
+9.13716 1.5561e+01
+9.13716 1.5561e+01
+9.13716 1.5561e+01
+9.13716 1.5561e+01
+9.11058 1.5551e+01
+9.11058 1.5551e+01
+9.11058 1.5551e+01
+9.11058 1.5551e+01
+9.11058 1.5551e+01
+9.08275 1.5542e+01
+9.08275 1.5542e+01
+9.08275 1.5542e+01
+9.08275 1.5542e+01
+9.08275 1.5542e+01
+9.06418 1.5533e+01
+9.06418 1.5533e+01
+9.06418 1.5533e+01
+9.06418 1.5533e+01
+9.06418 1.5533e+01
+9.06418 1.5532e+01
+9.05175 1.5532e+01
+9.05175 1.5532e+01
+9.05175 1.5532e+01
+9.05175 1.5532e+01
+9.05175 1.5532e+01
+9.04109 1.5527e+01
+9.04109 1.5527e+01
+9.04109 1.5527e+01
+9.04109 1.5527e+01
+9.04109 1.5527e+01
+9.03422 1.5525e+01
+9.03422 1.5525e+01
+9.03422 1.5525e+01
+9.03422 1.5525e+01
+9.03422 1.5525e+01
+9.03422 1.5525e+01
+9.02940 1.5524e+01
+9.02940 1.5524e+01
+9.02940 1.5524e+01
+9.02940 1.5524e+01
+9.02940 1.5524e+01
+9.02400 1.5517e+01
+9.02400 1.5517e+01
+9.02400 1.5517e+01
+9.02400 1.5517e+01
+9.02400 1.5517e+01
+9.02400 1.5517e+01
+9.01979 1.5517e+01
+9.01979 1.5517e+01
+9.01979 1.5517e+01
+9.01979 1.5517e+01
+9.01979 1.5517e+01
+9.01614 1.5515e+01
+9.01614 1.5515e+01
+9.01614 1.5515e+01
+9.01614 1.5515e+01
+9.01614 1.5515e+01
+9.01589 1.5516e+01
+9.01589 1.5516e+01
+9.01589 1.5516e+01
+9.01589 1.5516e+01
+9.01589 1.5516e+01
+9.01589 1.5520e+01
+9.01936 1.5520e+01
+9.01936 1.5520e+01
+9.01936 1.5520e+01
+9.01936 1.5520e+01
+9.01936 1.5520e+01
+9.02467 1.5520e+01
+9.02467 1.5520e+01
+9.02467 1.5520e+01
+9.02467 1.5520e+01
+9.02467 1.5520e+01
+9.02757 1.5519e+01
+9.02757 1.5519e+01
+9.02757 1.5519e+01
+9.02757 1.5519e+01
+9.02757 1.5519e+01
+9.02757 1.5519e+01
+9.02542 1.5514e+01
+9.02542 1.5514e+01
+9.02542 1.5514e+01
+9.02542 1.5514e+01
+9.02542 1.5514e+01
+9.01533 1.5506e+01
+9.01533 1.5506e+01
+9.01533 1.5506e+01
+9.01533 1.5506e+01
+9.01533 1.5506e+01
+9.01533 1.5501e+01
+9.00438 1.5501e+01
+9.00438 1.5501e+01
+9.00438 1.5501e+01
+9.00438 1.5501e+01
+9.00438 1.5501e+01
+8.99604 1.5499e+01
+8.99604 1.5499e+01
+8.99604 1.5499e+01
+8.99604 1.5499e+01
+8.99604 1.5499e+01
+8.99604 1.5493e+01
+8.98936 1.5493e+01
+8.98936 1.5493e+01
+8.98936 1.5493e+01
+8.98936 1.5493e+01
+8.98936 1.5493e+01
+8.98180 1.5491e+01
+8.98180 1.5491e+01
+8.98180 1.5491e+01
+8.98180 1.5491e+01
+8.98180 1.5491e+01
+8.97638 1.5487e+01
+8.97638 1.5487e+01
+8.97638 1.5487e+01
+8.97638 1.5487e+01
+8.97638 1.5487e+01
+8.97638 1.5487e+01
+8.96973 1.5482e+01
+8.96973 1.5482e+01
+8.96973 1.5482e+01
+8.96973 1.5482e+01
+8.96973 1.5482e+01
+8.96294 1.5482e+01
+8.96294 1.5482e+01
+8.96294 1.5482e+01
+8.96294 1.5482e+01
+8.96294 1.5482e+01
+8.96294 1.5483e+01
+8.96252 1.5483e+01
+8.96252 1.5483e+01
+8.96252 1.5483e+01
+8.96252 1.5483e+01
+8.96252 1.5483e+01
+8.96367 1.5482e+01
+8.96367 1.5482e+01
+8.96367 1.5482e+01
+8.96367 1.5482e+01
+8.96367 1.5482e+01
+8.96048 1.5479e+01
+8.96048 1.5479e+01
+8.96048 1.5479e+01
+8.96048 1.5479e+01
+8.96048 1.5479e+01
+8.96048 1.5479e+01
+8.95980 1.5479e+01
+8.95980 1.5479e+01
+8.95980 1.5479e+01
+8.95980 1.5479e+01
+8.95980 1.5479e+01
+8.95928 1.5480e+01
+8.95928 1.5480e+01
+8.95928 1.5480e+01
+8.95928 1.5480e+01
+8.95928 1.5480e+01
+8.95928 1.5484e+01
+8.96289 1.5484e+01
+8.96289 1.5484e+01
+8.96289 1.5484e+01
+8.96289 1.5484e+01
+8.96289 1.5484e+01
+8.96821 1.5483e+01
+8.96821 1.5483e+01
+8.96821 1.5483e+01
+8.96821 1.5483e+01
+8.96821 1.5483e+01
+8.96902 1.5481e+01
+8.96902 1.5481e+01
+8.96902 1.5481e+01
+8.96902 1.5481e+01
+8.96902 1.5481e+01
+8.96902 1.5481e+01
+8.96555 1.5476e+01
+8.96555 1.5476e+01
+8.96555 1.5476e+01
+8.96555 1.5476e+01
