+7.56359 0.0000e+00
+7.56359 0.0000e+00
+7.56359 0.0000e+00
+7.56359 0.0000e+00
+7.56359 0.0000e+00
+7.31519 0.0000e+00
+7.31519 0.0000e+00
+7.31519 0.0000e+00
+7.31519 0.0000e+00
+7.31519 0.0000e+00
+7.31519 0.0000e+00
+7.19749 0.0000e+00
+7.19749 0.0000e+00
+7.19749 0.0000e+00
+7.19749 0.0000e+00
+7.19749 0.0000e+00
+7.13035 0.0000e+00
+7.13035 0.0000e+00
+7.13035 0.0000e+00
+7.13035 0.0000e+00
+7.13035 0.0000e+00
+7.10378 0.0000e+00
+7.10378 0.0000e+00
+7.10378 0.0000e+00
+7.10378 0.0000e+00
+7.10378 0.0000e+00
+7.10378 0.0000e+00
+7.09016 0.0000e+00
+7.09016 0.0000e+00
+7.09016 0.0000e+00
+7.09016 0.0000e+00
+7.09016 0.0000e+00
+7.08311 0.0000e+00
+7.08311 0.0000e+00
+7.08311 0.0000e+00
+7.08311 0.0000e+00
+7.08311 0.0000e+00
+7.07890 0.0000e+00
+7.07890 0.0000e+00
+7.07890 0.0000e+00
+7.07890 0.0000e+00
+7.07890 0.0000e+00
+7.07722 0.0000e+00
+7.07722 0.0000e+00
+7.07722 0.0000e+00
+7.07722 0.0000e+00
+7.07722 0.0000e+00
+7.07722 0.0000e+00
+7.07623 0.0000e+00
+7.07623 0.0000e+00
+7.07623 0.0000e+00
+7.07623 0.0000e+00
+7.07623 0.0000e+00
+7.07561 0.0000e+00
+7.07561 0.0000e+00
+7.07561 0.0000e+00
+7.07561 0.0000e+00
+7.07561 0.0000e+00
+7.07524 0.0000e+00
+7.07524 0.0000e+00
+7.07524 0.0000e+00
+7.07524 0.0000e+00
+7.07524 0.0000e+00
+7.07524 0.0000e+00
+7.07499 0.0000e+00
+7.07499 0.0000e+00
+7.07499 0.0000e+00
+7.07499 0.0000e+00
+7.07499 0.0000e+00
+7.07482 0.0000e+00
+7.07482 0.0000e+00
+7.07482 0.0000e+00
+7.07482 0.0000e+00
+7.07482 0.0000e+00
+7.07482 0.0000e+00
+7.07467 0.0000e+00
+7.07467 0.0000e+00
+7.07467 0.0000e+00
+7.07467 0.0000e+00
+7.07467 0.0000e+00
+7.07459 0.0000e+00
+7.07459 0.0000e+00
+7.07459 0.0000e+00
+7.07459 0.0000e+00
+7.07459 0.0000e+00
+7.07451 0.0000e+00
+7.07451 0.0000e+00
+7.07451 0.0000e+00
+7.07451 0.0000e+00
+7.07451 0.0000e+00
+7.07444 0.0000e+00
+7.07444 0.0000e+00
+7.07444 0.0000e+00
+7.07444 0.0000e+00
+7.07444 0.0000e+00
+7.07444 0.0000e+00
+7.07437 0.0000e+00
+7.07437 0.0000e+00
+7.07437 0.0000e+00
+7.07437 0.0000e+00
+7.07437 0.0000e+00
+7.07429 0.0000e+00
+7.07429 0.0000e+00
+7.07429 0.0000e+00
+7.07429 0.0000e+00
+7.07429 0.0000e+00
+7.07419 0.0000e+00
+7.07419 0.0000e+00
+7.07419 0.0000e+00
+7.07419 0.0000e+00
+7.07419 0.0000e+00
+7.07419 0.0000e+00
+7.07411 0.0000e+00
+7.07411 0.0000e+00
+7.07411 0.0000e+00
+7.07411 0.0000e+00
+7.07411 0.0000e+00
+7.07400 0.0000e+00
+7.07400 0.0000e+00
+7.07400 0.0000e+00
+7.07400 0.0000e+00
+7.07400 0.0000e+00
+7.07393 0.0000e+00
+7.07393 0.0000e+00
+7.07393 0.0000e+00
+7.07393 0.0000e+00
+7.07393 0.0000e+00
+7.07393 0.0000e+00
+7.07388 0.0000e+00
+7.07388 0.0000e+00
+7.07388 0.0000e+00
+7.07388 0.0000e+00
+7.07388 0.0000e+00
+7.07381 0.0000e+00
+7.07381 0.0000e+00
+7.07381 0.0000e+00
+7.07381 0.0000e+00
+7.07381 0.0000e+00
+7.07374 0.0000e+00
+7.07374 0.0000e+00
+7.07374 0.0000e+00
+7.07374 0.0000e+00
+7.07374 0.0000e+00
+7.07374 0.0000e+00
+7.07372 0.0000e+00
+7.07372 0.0000e+00
+7.07372 0.0000e+00
+7.07372 0.0000e+00
+7.07372 0.0000e+00
+7.07376 0.0000e+00
+7.07376 0.0000e+00
+7.07376 0.0000e+00
+7.07376 0.0000e+00
+7.07376 0.0000e+00
+7.07369 0.0000e+00
+7.07369 0.0000e+00
+7.07369 0.0000e+00
+7.07369 0.0000e+00
+7.07369 0.0000e+00
+7.07369 0.0000e+00
+7.07364 0.0000e+00
+7.07364 0.0000e+00
+7.07364 0.0000e+00
+7.07364 0.0000e+00
+7.07364 0.0000e+00
+7.07366 0.0000e+00
+7.07366 0.0000e+00
+7.07366 0.0000e+00
+7.07366 0.0000e+00
+7.07366 0.0000e+00
+7.07361 0.0000e+00
+7.07361 0.0000e+00
+7.07361 0.0000e+00
+7.07361 0.0000e+00
+7.07361 0.0000e+00
+7.07361 0.0000e+00
+7.07357 0.0000e+00
+7.07357 0.0000e+00
+7.07357 0.0000e+00
+7.07357 0.0000e+00
+7.07357 0.0000e+00
+7.07353 0.0000e+00
+7.07353 0.0000e+00
+7.07353 0.0000e+00
+7.07353 0.0000e+00
+7.07353 0.0000e+00
+7.07351 0.0000e+00
+7.07351 0.0000e+00
+7.07351 0.0000e+00
+7.07351 0.0000e+00
+7.07351 0.0000e+00
+7.07351 0.0000e+00
+7.07353 0.0000e+00
+7.07353 0.0000e+00
+7.07353 0.0000e+00
+7.07353 0.0000e+00
+7.07353 0.0000e+00
+7.07352 0.0000e+00
+7.07352 0.0000e+00
+7.07352 0.0000e+00
+7.07352 0.0000e+00
+7.07352 0.0000e+00
+7.07352 0.0000e+00
+7.07352 0.0000e+00
+7.07352 0.0000e+00
+7.07352 0.0000e+00
+7.07352 0.0000e+00
+7.07352 0.0000e+00
+7.07358 0.0000e+00
+7.07358 0.0000e+00
+7.07358 0.0000e+00
+7.07358 0.0000e+00
+7.07358 0.0000e+00
+7.07358 0.0000e+00
+7.07358 0.0000e+00
+7.07358 0.0000e+00
+7.07358 0.0000e+00
+7.07358 0.0000e+00
+7.07357 0.0000e+00
+7.07357 0.0000e+00
+7.07357 0.0000e+00
+7.07357 0.0000e+00
+7.07357 0.0000e+00
+7.07356 0.0000e+00
+7.07356 0.0000e+00
+7.07356 0.0000e+00
+7.07356 0.0000e+00
+7.07356 0.0000e+00
+7.07356 0.0000e+00
+7.07353 0.0000e+00
+7.07353 0.0000e+00
+7.07353 0.0000e+00
+7.07353 0.0000e+00
+7.07353 0.0000e+00
+7.07354 0.0000e+00
+7.07354 0.0000e+00
+7.07354 0.0000e+00
+7.07354 0.0000e+00
+7.07354 0.0000e+00
+7.07354 0.0000e+00
+7.07354 0.0000e+00
+7.07354 0.0000e+00
+7.07354 0.0000e+00
+7.07354 0.0000e+00
+7.07354 0.0000e+00
+7.07358 0.0000e+00
+7.07358 0.0000e+00
+7.07358 0.0000e+00
+7.07358 0.0000e+00
+7.07358 0.0000e+00
+7.07362 0.0000e+00
+7.07362 0.0000e+00
+7.07362 0.0000e+00
+7.07362 0.0000e+00
+7.07362 0.0000e+00
+7.07368 0.0000e+00
+7.07368 0.0000e+00
+7.07368 0.0000e+00
+7.07368 0.0000e+00
+7.07368 0.0000e+00
+7.07368 0.0000e+00
+7.07375 0.0000e+00
+7.07375 0.0000e+00
+7.07375 0.0000e+00
+7.07375 0.0000e+00
+7.07375 0.0000e+00
+7.07384 0.0000e+00
+7.07384 0.0000e+00
+7.07384 0.0000e+00
+7.07384 0.0000e+00
+7.07384 0.0000e+00
+7.07384 0.0000e+00
+7.07396 0.0000e+00
+7.07396 0.0000e+00
+7.07396 0.0000e+00
+7.07396 0.0000e+00
+7.07396 0.0000e+00
+7.07404 0.0000e+00
+7.07404 0.0000e+00
+7.07404 0.0000e+00
+7.07404 0.0000e+00
+7.07404 0.0000e+00
+7.07418 0.0000e+00
+7.07418 0.0000e+00
+7.07418 0.0000e+00
+7.07418 0.0000e+00
+7.07418 0.0000e+00
+7.07431 0.0000e+00
+7.07431 0.0000e+00
+7.07431 0.0000e+00
+7.07431 0.0000e+00
+7.07431 0.0000e+00
+7.07431 0.0000e+00
+7.07446 0.0000e+00
+7.07446 0.0000e+00
+7.07446 0.0000e+00
+7.07446 0.0000e+00
+7.07446 0.0000e+00
+7.07469 0.0000e+00
+7.07469 0.0000e+00
+7.07469 0.0000e+00
+7.07469 0.0000e+00
+7.07469 0.0000e+00
+7.07469 0.0000e+00
+7.07498 0.0000e+00
+7.07498 0.0000e+00
+7.07498 0.0000e+00
+7.07498 0.0000e+00
+7.07498 0.0000e+00
+7.07546 0.0000e+00
+7.07546 0.0000e+00
+7.07546 0.0000e+00
+7.07546 0.0000e+00
+7.07546 0.0000e+00
+7.07621 0.0000e+00
+7.07621 0.0000e+00
+7.07621 0.0000e+00
+7.07621 0.0000e+00
+7.07621 0.0000e+00
+7.07621 0.0000e+00
+7.07699 0.0000e+00
+7.07699 0.0000e+00
+7.07699 0.0000e+00
+7.07699 0.0000e+00
+7.07699 0.0000e+00
+7.07799 0.0000e+00
+7.07799 0.0000e+00
+7.07799 0.0000e+00
+7.07799 0.0000e+00
+7.07799 0.0000e+00
+7.07943 0.0000e+00
+7.07943 0.0000e+00
+7.07943 0.0000e+00
+7.07943 0.0000e+00
+7.07943 0.0000e+00
+7.08079 0.0000e+00
+7.08079 0.0000e+00
+7.08079 0.0000e+00
+7.08079 0.0000e+00
+7.08079 0.0000e+00
+7.08079 0.0000e+00
+7.08228 0.0000e+00
+7.08228 0.0000e+00
+7.08228 0.0000e+00
+7.08228 0.0000e+00
+7.08228 0.0000e+00
+7.08431 0.0000e+00
+7.08431 0.0000e+00
+7.08431 0.0000e+00
+7.08431 0.0000e+00
+7.08431 0.0000e+00
+7.08431 0.0000e+00
+7.08619 0.0000e+00
+7.08619 0.0000e+00
+7.08619 0.0000e+00
+7.08619 0.0000e+00
+7.08619 0.0000e+00
+7.08817 0.0000e+00
+7.08817 0.0000e+00
+7.08817 0.0000e+00
+7.08817 0.0000e+00
+7.08817 0.0000e+00
+7.09069 0.0000e+00
+7.09069 0.0000e+00
+7.09069 0.0000e+00
+7.09069 0.0000e+00
+7.09069 0.0000e+00
+7.09294 0.0000e+00
+7.09294 0.0000e+00
+7.09294 0.0000e+00
+7.09294 0.0000e+00
+7.09294 0.0000e+00
+7.09294 0.0000e+00
+7.09531 0.0000e+00
+7.09531 0.0000e+00
+7.09531 0.0000e+00
+7.09531 0.0000e+00
+7.09531 0.0000e+00
+7.09780 0.0000e+00
+7.09780 0.0000e+00
+7.09780 0.0000e+00
+7.09780 0.0000e+00
+7.09780 0.0000e+00
+7.10089 0.0000e+00
+7.10089 0.0000e+00
+7.10089 0.0000e+00
+7.10089 0.0000e+00
+7.10089 0.0000e+00
+7.10089 0.0000e+00
+7.10357 0.0000e+00
+7.10357 0.0000e+00
+7.10357 0.0000e+00
+7.10357 0.0000e+00
+7.10357 0.0000e+00
+7.10635 0.0000e+00
+7.10635 0.0000e+00
+7.10635 0.0000e+00
+7.10635 0.0000e+00
+7.10635 0.0000e+00
+7.10977 0.0000e+00
+7.10977 0.0000e+00
+7.10977 0.0000e+00
+7.10977 0.0000e+00
+7.10977 0.0000e+00
+7.11267 0.0000e+00
+7.11267 0.0000e+00
+7.11267 0.0000e+00
+7.11267 0.0000e+00
+7.11267 0.0000e+00
+7.11267 0.0000e+00
+7.11568 0.0000e+00
+7.11568 0.0000e+00
+7.11568 0.0000e+00
+7.11568 0.0000e+00
