-1.000000e-01 4.773160e-04
-9.900000e-02 4.667009e-04
-9.800000e-02 4.667009e-04
-9.700000e-02 4.674591e-04
-9.600000e-02 4.672543e-04
-9.500000e-02 4.663065e-04
-9.400000e-02 4.661018e-04
-9.300000e-02 4.664809e-04
-9.200000e-02 4.678460e-04
-9.100000e-02 4.699070e-04
-9.000000e-02 4.696936e-04
-8.900000e-02 4.714017e-04
-8.800000e-02 4.711284e-04
-8.700000e-02 4.673327e-04
-8.600000e-02 4.667273e-04
-8.500000e-02 4.671330e-04
-8.400000e-02 4.674743e-04
-8.300000e-02 4.684221e-04
-8.200000e-02 4.688316e-04
-8.100000e-02 4.703481e-04
-8.000000e-02 4.708259e-04
-7.900000e-02 4.700676e-04
-7.800000e-02 4.704772e-04
-7.700000e-02 4.716145e-04
-7.600000e-02 4.702494e-04
-7.500000e-02 4.672164e-04
-7.400000e-02 4.673530e-04
-7.300000e-02 4.681112e-04
-7.200000e-02 4.683160e-04
-7.100000e-02 4.663927e-04
-7.000000e-02 4.657007e-04
-6.900000e-02 4.672190e-04
-6.800000e-02 4.674239e-04
-6.700000e-02 4.670443e-04
-6.600000e-02 4.667123e-04
-6.500000e-02 4.663596e-04
-6.400000e-02 4.666326e-04
-6.300000e-02 4.653057e-04
-6.200000e-02 4.646232e-04
-6.100000e-02 4.657605e-04
-6.000000e-02 4.660335e-04
-5.900000e-02 4.631901e-04
-5.800000e-02 4.629854e-04
-5.700000e-02 4.645018e-04
-5.600000e-02 4.647749e-04
-5.500000e-02 4.659122e-04
-5.400000e-02 4.661852e-04
-5.300000e-02 4.665643e-04
-5.200000e-02 4.662913e-04
-5.100000e-02 4.658849e-04
-5.000000e-02 4.651923e-04
-4.900000e-02 4.650025e-04
-4.800000e-02 4.657539e-04
-4.700000e-02 4.649947e-04
-4.600000e-02 4.644482e-04
-4.500000e-02 4.640686e-04
-4.400000e-02 4.642833e-04
-4.300000e-02 4.650705e-04
-4.200000e-02 4.654801e-04
-4.100000e-02 4.671861e-04
-4.000000e-02 4.673226e-04
-3.900000e-02 4.661852e-04
-3.800000e-02 4.662535e-04
-3.700000e-02 4.692864e-04
-3.600000e-02 4.701737e-04
-3.500000e-02 4.701737e-04
-3.400000e-02 4.697642e-04
-3.300000e-02 4.697642e-04
-3.200000e-02 4.696277e-04
-3.100000e-02 4.673266e-04
-3.000000e-02 4.668394e-04
-2.900000e-02 4.674087e-04
-2.800000e-02 4.676137e-04
-2.700000e-02 4.689422e-04
-2.600000e-02 4.692154e-04
-2.500000e-02 4.684562e-04
-2.400000e-02 4.682605e-04
-2.300000e-02 4.673378e-04
-2.200000e-02 4.670648e-04
-2.100000e-02 4.678230e-04
-2.000000e-02 4.679595e-04
-1.900000e-02 4.672013e-04
-1.800000e-02 4.672695e-04
-1.700000e-02 4.682173e-04
-1.600000e-02 4.679443e-04
-1.500000e-02 4.668069e-04
-1.400000e-02 4.665339e-04
-1.300000e-02 4.661548e-04
-1.200000e-02 4.661548e-04
-1.100000e-02 4.647994e-04
-1.000000e-02 4.641750e-04
-9.000000e-03 4.630363e-04
-8.000000e-03 4.622849e-04
-7.000000e-03 4.615258e-04
-6.000000e-03 4.622088e-04
-5.000000e-03 4.639169e-04
-4.000000e-03 4.635858e-04
-3.000000e-03 4.630458e-04
-2.000000e-03 4.638490e-04
-1.000000e-03 4.649340e-04
3.259600e-09 4.649867e-04
1.000000e-03 4.666936e-04
2.000000e-03 4.668986e-04
3.000000e-03 4.665200e-04
4.000000e-03 4.668615e-04
5.000000e-03 4.670511e-04
6.000000e-03 4.667098e-04
7.000000e-03 4.661142e-04
8.000000e-03 4.661142e-04
9.000000e-03 4.668993e-04
1.000000e-02 4.670359e-04
1.100000e-02 4.668463e-04
1.200000e-02 4.668463e-04
1.300000e-02 4.674150e-04
1.400000e-02 4.680294e-04
1.500000e-02 4.697356e-04
1.600000e-02 4.693260e-04
1.700000e-02 4.668615e-04
1.800000e-02 4.667933e-04
1.900000e-02 4.675261e-04
2.000000e-02 4.676532e-04
2.100000e-02 4.682226e-04
2.200000e-02 4.682321e-04
2.300000e-02 4.678777e-04
2.400000e-02 4.673998e-04
2.500000e-02 4.656936e-04
2.600000e-02 4.655571e-04
2.700000e-02 4.651779e-04
2.800000e-02 4.647683e-04
2.900000e-02 4.651475e-04
3.000000e-02 4.657619e-04
3.100000e-02 4.664938e-04
3.200000e-02 4.662108e-04
3.300000e-02 4.656414e-04
3.400000e-02 4.657878e-04
3.500000e-02 4.658149e-04
3.600000e-02 4.652005e-04
3.700000e-02 4.623569e-04
3.800000e-02 4.614694e-04
3.900000e-02 4.609007e-04
4.000000e-02 4.611737e-04
4.100000e-02 4.625008e-04
4.200000e-02 4.627056e-04
4.300000e-02 4.619167e-04
4.400000e-02 4.623161e-04
4.500000e-02 4.649734e-04
4.600000e-02 4.647106e-04
4.700000e-02 4.620838e-04
4.800000e-02 4.621520e-04
4.900000e-02 4.636687e-04
5.000000e-02 4.636687e-04
5.100000e-02 4.632896e-04
5.200000e-02 4.634261e-04
5.300000e-02 4.638052e-04
5.400000e-02 4.637369e-04
5.500000e-02 4.644675e-04
5.600000e-02 4.649353e-04
5.700000e-02 4.643659e-04
5.800000e-02 4.638298e-04
5.900000e-02 4.627208e-04
6.000000e-02 4.625843e-04
6.100000e-02 4.639113e-04
6.200000e-02 4.641844e-04
6.300000e-02 4.630469e-04
6.400000e-02 4.628421e-04
6.500000e-02 4.628421e-04
6.600000e-02 4.625691e-04
6.700000e-02 4.623795e-04
6.800000e-02 4.627208e-04
6.900000e-02 4.640196e-04
7.000000e-02 4.644975e-04
7.100000e-02 4.656632e-04
7.200000e-02 4.662093e-04
7.300000e-02 4.675363e-04
7.400000e-02 4.674681e-04
7.500000e-02 4.684160e-04
7.600000e-02 4.684842e-04
7.700000e-02 4.663989e-04
7.800000e-02 4.659210e-04
7.900000e-02 4.655418e-04
8.000000e-02 4.660880e-04
8.100000e-02 4.679590e-04
8.200000e-02 4.678225e-04
8.300000e-02 4.670889e-04
8.400000e-02 4.674985e-04
8.500000e-02 4.671194e-04
8.600000e-02 4.660272e-04
8.700000e-02 4.652689e-04
8.800000e-02 4.657467e-04
8.900000e-02 4.655571e-04
9.000000e-02 4.656936e-04
9.100000e-02 4.666415e-04
9.200000e-02 4.658906e-04
9.300000e-02 4.626377e-04
9.400000e-02 4.621492e-04
9.500000e-02 4.615798e-04
9.600000e-02 4.615221e-04
9.700000e-02 4.615529e-04
9.800000e-02 4.618942e-04
9.900000e-02 4.643588e-04
