-1.910000e-03 4.978449e-06
-1.900000e-03 -6.468624e-09
-1.890000e-03 9.096792e-06
-1.880000e-03 1.312584e-05
-1.870000e-03 1.502149e-05
-1.860000e-03 1.371843e-05
-1.850000e-03 -5.817123e-06
-1.840000e-03 -5.198332e-06
-1.830000e-03 1.774938e-05
-1.820000e-03 2.082407e-05
-1.810000e-03 3.978468e-05
-1.800000e-03 3.670555e-05
-1.790000e-03 -1.164381e-05
-1.780000e-03 -1.853601e-05
-1.770000e-03 8.952919e-06
-1.760000e-03 1.434750e-05
-1.750000e-03 4.681790e-06
-1.740000e-03 3.452334e-06
-1.730000e-03 1.217647e-05
-1.720000e-03 1.805171e-05
-1.710000e-03 9.327578e-06
-1.700000e-03 1.308352e-05
-1.690000e-03 4.645520e-05
-1.680000e-03 4.174189e-05
-1.670000e-03 1.293587e-05
-1.660000e-03 1.034137e-05
-1.650000e-03 2.363551e-06
-1.640000e-03 8.442390e-06
-1.630000e-03 2.228268e-05
-1.620000e-03 1.668102e-05
-1.610000e-03 1.288973e-05
-1.600000e-03 1.424873e-05
-1.590000e-03 1.784837e-05
-1.580000e-03 1.000088e-05
-1.570000e-03 -4.272490e-07
