7.900000e-04 5.570879e-05
8.000000e-04 5.789999e-05
8.100000e-04 1.010518e-05
8.200000e-04 5.246015e-06
8.300000e-04 3.333119e-05
8.400000e-04 3.320762e-05
8.500000e-04 3.454104e-05
8.600000e-04 3.044379e-05
8.700000e-04 3.573580e-05
8.800000e-04 3.824817e-05
8.900000e-04 -5.171349e-06
9.000000e-04 -4.276844e-06
9.100000e-04 1.697455e-05
9.200000e-04 1.581892e-05
9.300000e-04 2.848642e-05
9.400000e-04 2.882248e-05
9.500000e-04 -1.304500e-06
9.600000e-04 -6.773386e-06
9.700000e-04 1.576976e-05
9.800000e-04 2.136784e-05
9.900000e-04 2.457639e-05
1.000000e-03 2.675511e-05
1.010000e-03 1.087907e-05
1.020000e-03 1.152189e-05
1.030000e-03 3.143987e-05
1.040000e-03 3.838020e-05
1.050000e-03 1.637825e-05
1.060000e-03 3.145192e-06
1.070000e-03 2.418875e-05
1.080000e-03 2.904068e-05
1.090000e-03 -5.862669e-07
1.100000e-03 -4.703865e-06
1.110000e-03 2.909002e-05
1.120000e-03 3.272736e-05
1.130000e-03 3.347741e-05
