4.400000e-04 1.200602e-05
4.500000e-04 3.988286e-05
4.600000e-04 5.313364e-05
4.700000e-04 2.961543e-05
4.800000e-04 1.430680e-05
4.900000e-04 1.601941e-05
5.000000e-04 2.641134e-05
5.100000e-04 4.101230e-05
5.200000e-04 3.964655e-05
5.300000e-04 3.471289e-05
5.400000e-04 3.011971e-05
5.500000e-04 2.310675e-05
5.600000e-04 1.670188e-05
5.700000e-04 3.234330e-06
5.800000e-04 1.322278e-06
5.900000e-04 2.199447e-05
6.000000e-04 3.194791e-05
6.100000e-04 4.579049e-05
6.200000e-04 4.416963e-05
6.300000e-04 2.046391e-05
6.400000e-04 2.961744e-05
6.500000e-04 5.994860e-05
6.600000e-04 4.054215e-05
6.700000e-04 8.315024e-06
6.800000e-04 2.436864e-05
6.900000e-04 2.455198e-05
7.000000e-04 2.221099e-05
7.100000e-04 3.662861e-05
7.200000e-04 2.470275e-05
7.300000e-04 -1.229968e-05
7.400000e-04 -7.662132e-06
7.500000e-04 3.900761e-05
7.600000e-04 3.667460e-05
7.700000e-04 -1.037017e-05
7.800000e-04 -4.420167e-06
