1.633300e-03 9.900000e+37
1.640000e-03 9.900000e+37
1.646700e-03 1.545777e-02
1.653300e-03 1.667140e-02
1.660000e-03 1.469025e-02
1.666700e-03 3.708990e-02
1.673300e-03 6.219259e-02
1.680000e-03 2.649851e-02
1.686700e-03 -1.717285e-02
1.693300e-03 -7.198866e-03
1.700000e-03 1.574860e-02
1.706700e-03 2.251320e-02
1.713300e-03 1.447428e-02
1.720000e-03 1.448522e-02
1.726700e-03 3.479669e-02
1.733300e-03 2.664086e-02
1.740000e-03 -9.540363e-03
1.746700e-03 -2.059850e-02
1.753300e-03 -1.009772e-02
1.760000e-03 -7.583834e-04
1.766700e-03 -2.278406e-02
1.773300e-03 -3.667875e-02
1.780000e-03 -1.538113e-02
1.786700e-03 9.900000e+37
1.793300e-03 9.900000e+37
1.800000e-03 9.900000e+37
1.806700e-03 8.800286e-03
1.813300e-03 7.562284e-03
1.820000e-03 6.616339e-03
1.826700e-03 2.653371e-03
1.833300e-03 -3.547269e-02
1.840000e-03 -5.575395e-02
1.846700e-03 9.900000e+37
1.853300e-03 9.900000e+37
1.860000e-03 9.900000e+37
1.866700e-03 2.866006e-02
1.873300e-03 4.538240e-03
1.880000e-03 2.799965e-02
1.886700e-03 5.507370e-02
1.893300e-03 2.971585e-02
1.900000e-03 -2.675996e-02
1.906700e-03 -4.853965e-02
1.913300e-03 -1.987106e-02
1.920000e-03 8.521929e-04
1.926700e-03 -2.497778e-02
1.933300e-03 -3.638760e-02
1.940000e-03 -7.727666e-03
1.946700e-03 1.485061e-02
1.953300e-03 9.900000e+37
