-1.500000e-02 7.033684e-05
-1.485000e-02 7.014702e-05
-1.470000e-02 6.960053e-05
-1.455000e-02 6.865146e-05
-1.440000e-02 6.817328e-05
-1.425000e-02 6.627513e-05
-1.410000e-02 6.545540e-05
-1.395000e-02 6.298781e-05
-1.380000e-02 6.291950e-05
-1.365000e-02 6.500746e-05
-1.350000e-02 6.528071e-05
-1.335000e-02 6.509088e-05
-1.320000e-02 6.515920e-05
-1.305000e-02 6.534901e-05
-1.290000e-02 6.539332e-05
-1.275000e-02 6.513829e-05
-1.260000e-02 6.472883e-05
-1.245000e-02 6.453932e-05
-1.230000e-02 6.522176e-05
-1.215000e-02 6.711685e-05
-1.200000e-02 6.704860e-05
-1.185000e-02 6.704860e-05
-1.170000e-02 6.698036e-05
-1.155000e-02 6.603282e-05
-1.140000e-02 6.555510e-05
-1.125000e-02 6.328100e-05
-1.110000e-02 6.266679e-05
-1.095000e-02 6.475139e-05
-1.080000e-02 6.577506e-05
-1.065000e-02 6.785966e-05
-1.050000e-02 6.874684e-05
-1.035000e-02 6.855734e-05
-1.020000e-02 6.787488e-05
-1.005000e-02 6.730636e-05
-9.900000e-03 6.737460e-05
-9.750000e-03 6.832214e-05
-9.600000e-03 6.825390e-05
-9.450000e-03 6.604593e-05
-9.300000e-03 6.504553e-05
-9.150000e-03 6.333720e-05
-9.000000e-03 6.326889e-05
-8.850000e-03 6.402814e-05
-8.700000e-03 6.409646e-05
-8.550000e-03 6.352701e-05
-8.400000e-03 6.339039e-05
-8.250000e-03 6.320058e-05
-8.100000e-03 6.347382e-05
-7.950000e-03 6.556178e-05
-7.800000e-03 6.576672e-05
-7.650000e-03 6.424820e-05
-7.500000e-03 6.349677e-05
-7.350000e-03 6.197826e-05
-7.200000e-03 6.175064e-05
-7.050000e-03 6.055175e-05
-6.900000e-03 6.027877e-05
-6.750000e-03 6.255286e-05
-6.600000e-03 6.316707e-05
-6.450000e-03 6.392511e-05
-6.300000e-03 6.433458e-05
-6.150000e-03 6.471360e-05
-6.000000e-03 6.498658e-05
-5.850000e-03 6.555510e-05
-5.700000e-03 6.555510e-05
-5.550000e-03 6.612363e-05
-5.400000e-03 6.673784e-05
-5.250000e-03 6.825390e-05
-5.100000e-03 6.784443e-05
-4.950000e-03 6.575984e-05
-4.800000e-03 6.541862e-05
-4.650000e-03 6.503960e-05
-4.500000e-03 6.565380e-05
-4.350000e-03 6.811741e-05
-4.200000e-03 6.845864e-05
-4.050000e-03 6.694257e-05
-3.900000e-03 6.646485e-05
-3.750000e-03 6.665436e-05
-3.600000e-03 6.665436e-05
-3.450000e-03 6.520351e-05
-3.300000e-03 6.461271e-05
-3.150000e-03 6.442289e-05
-3.000000e-03 6.455951e-05
-2.850000e-03 6.361045e-05
-2.700000e-03 6.292733e-05
-2.550000e-03 6.254770e-05
-2.400000e-03 6.247939e-05
-2.250000e-03 6.247939e-05
-2.100000e-03 6.234277e-05
-1.950000e-03 6.063444e-05
-1.800000e-03 6.036119e-05
-1.650000e-03 6.206952e-05
-1.500000e-03 6.261601e-05
-1.350000e-03 6.299564e-05
-1.200000e-03 6.269971e-05
-1.050000e-03 6.187831e-05
-9.000000e-04 6.140059e-05
-7.500000e-04 6.083207e-05
-6.000000e-04 6.055908e-05
-4.500000e-04 6.055908e-05
-3.000000e-04 6.077315e-05
-1.500000e-04 5.905824e-05
1.047700e-09 5.824824e-05
1.500000e-04 5.843778e-05
3.000000e-04 5.884731e-05
4.500000e-04 5.865777e-05
6.000000e-04 5.865777e-05
7.500000e-04 6.093223e-05
9.000000e-04 6.181955e-05
1.050000e-03 6.283092e-05
1.200000e-03 6.326351e-05
1.350000e-03 6.402298e-05
1.500000e-03 6.484288e-05
1.650000e-03 6.731092e-05
1.800000e-03 6.762842e-05
1.950000e-03 6.604321e-05
2.100000e-03 6.556542e-05
2.250000e-03 6.651312e-05
2.400000e-03 6.678614e-05
2.550000e-03 6.621752e-05
2.700000e-03 6.614927e-05
2.850000e-03 6.747604e-05
3.000000e-03 6.836336e-05
3.150000e-03 6.893198e-05
3.300000e-03 6.859070e-05
3.450000e-03 6.726393e-05
3.600000e-03 6.705916e-05
3.750000e-03 6.636776e-05
3.900000e-03 6.591371e-05
4.050000e-03 6.629340e-05
4.200000e-03 6.656669e-05
4.350000e-03 6.580731e-05
4.500000e-03 6.564679e-05
4.650000e-03 6.709696e-05
4.800000e-03 6.716522e-05
4.950000e-03 6.526983e-05
5.100000e-03 6.458727e-05
5.250000e-03 6.326051e-05
5.400000e-03 6.264621e-05
5.550000e-03 6.283574e-05
5.700000e-03 6.351830e-05
5.850000e-03 6.408692e-05
6.000000e-03 6.381390e-05
6.150000e-03 6.343481e-05
6.300000e-03 6.336656e-05
6.450000e-03 6.134227e-05
6.600000e-03 6.081871e-05
6.750000e-03 6.138824e-05
6.900000e-03 6.138824e-05
7.050000e-03 6.138824e-05
7.200000e-03 6.136575e-05
7.350000e-03 6.244143e-05
7.500000e-03 6.332876e-05
7.650000e-03 6.541368e-05
7.800000e-03 6.609624e-05
7.950000e-03 6.742301e-05
8.100000e-03 6.776429e-05
8.250000e-03 6.643752e-05
8.400000e-03 6.575496e-05
8.550000e-03 6.632358e-05
8.700000e-03 6.700613e-05
8.850000e-03 6.814337e-05
9.000000e-03 6.807511e-05
9.150000e-03 6.719540e-05
9.300000e-03 6.694638e-05
9.450000e-03 6.580731e-05
9.600000e-03 6.551028e-05
9.750000e-03 6.544415e-05
9.900000e-03 6.612670e-05
1.005000e-02 6.745347e-05
1.020000e-02 6.670265e-05
1.035000e-02 6.442819e-05
1.050000e-02 6.381389e-05
1.065000e-02 6.324527e-05
1.080000e-02 6.358656e-05
1.095000e-02 6.339702e-05
1.110000e-02 6.346528e-05
1.125000e-02 6.460251e-05
1.140000e-02 6.453425e-05
1.155000e-02 6.346040e-05
1.170000e-02 6.327884e-05
1.185000e-02 6.365853e-05
1.200000e-02 6.400015e-05
1.215000e-02 6.381030e-05
1.230000e-02 6.399152e-05
1.245000e-02 6.468598e-05
1.260000e-02 6.475424e-05
1.275000e-02 6.532286e-05
1.290000e-02 6.566414e-05
1.305000e-02 6.547460e-05
1.320000e-02 6.506507e-05
1.335000e-02 6.544415e-05
1.350000e-02 6.585368e-05
1.365000e-02 6.566414e-05
1.380000e-02 6.600541e-05
1.395000e-02 6.941711e-05
1.410000e-02 7.009967e-05
1.425000e-02 6.960148e-05
1.440000e-02 7.003654e-05
1.455000e-02 7.060607e-05
1.470000e-02 7.012782e-05
1.485000e-02 6.879891e-05
