-1.840000e-03 1.179144e-05
-1.820000e-03 4.155931e-05
-1.800000e-03 4.162678e-05
-1.780000e-03 8.634234e-06
-1.760000e-03 3.817762e-07
-1.740000e-03 3.451588e-05
-1.720000e-03 3.498900e-05
-1.700000e-03 2.569409e-05
-1.680000e-03 2.836168e-05
-1.660000e-03 2.801062e-05
-1.640000e-03 2.446026e-05
-1.620000e-03 9.454508e-06
-1.600000e-03 1.600235e-05
-1.580000e-03 3.591286e-05
-1.560000e-03 3.783279e-05
-1.540000e-03 3.384985e-05
-1.520000e-03 3.117869e-05
-1.500000e-03 2.757488e-05
-1.480000e-03 2.628452e-05
-1.460000e-03 3.141960e-06
-1.440000e-03 -9.561167e-07
-1.420000e-03 3.432273e-05
-1.400000e-03 3.889245e-05
-1.380000e-03 5.595742e-05
-1.360000e-03 6.176870e-05
-1.340000e-03 5.020318e-05
-1.320000e-03 4.473378e-05
-1.300000e-03 8.895685e-06
-1.280000e-03 -3.322140e-06
-1.260000e-03 2.663738e-05
-1.240000e-03 4.603375e-05
-1.220000e-03 -3.073859e-06
-1.200000e-03 -4.383415e-06
-1.180000e-03 5.060278e-05
-1.160000e-03 4.453550e-05
