3.266700e-04 2.581640e-05
3.333300e-04 2.578413e-05
3.400000e-04 2.593553e-05
3.466700e-04 2.590326e-05
3.533300e-04 2.587211e-05
3.600000e-04 2.604422e-05
3.666700e-04 2.609039e-05
3.733300e-04 2.590836e-05
3.800000e-04 2.595341e-05
3.866700e-04 2.610317e-05
3.933300e-04 2.598190e-05
4.000000e-04 2.589585e-05
4.066700e-04 2.609222e-05
4.133300e-04 2.617828e-05
4.200000e-04 2.599697e-05
4.266700e-04 2.584637e-05
4.333300e-04 2.583250e-05
4.400000e-04 2.587553e-05
4.466700e-04 2.581427e-05
4.533300e-04 2.587882e-05
4.600000e-04 2.606023e-05
4.666700e-04 2.599651e-05
4.733300e-04 2.587637e-05
4.800000e-04 2.590784e-05
4.866700e-04 2.596681e-05
4.933300e-04 2.596681e-05
5.000000e-04 2.599794e-05
5.066700e-04 2.608399e-05
5.133300e-04 2.603784e-05
5.200000e-04 2.588724e-05
5.266700e-04 2.587333e-05
5.333300e-04 2.601317e-05
5.400000e-04 2.613230e-05
5.466700e-04 2.604625e-05
5.533300e-04 2.595714e-05
5.600000e-04 2.607617e-05
5.666700e-04 2.615125e-05
5.733300e-04 2.603223e-05
5.800000e-04 2.601721e-05
5.866700e-04 2.614698e-05
5.933300e-04 2.617701e-05
6.000000e-04 2.609027e-05
6.066700e-04 2.605921e-05
6.133300e-04 2.602694e-05
6.200000e-04 2.589282e-05
6.266700e-04 2.592509e-05
6.333300e-04 2.617946e-05
6.400000e-04 2.621173e-05
6.466700e-04 2.607749e-05
