-1.500000e-02 3.094379e-05
-1.485000e-02 3.037434e-05
-1.470000e-02 3.003278e-05
-1.455000e-02 3.003278e-05
-1.440000e-02 3.003278e-05
-1.425000e-02 2.851427e-05
-1.410000e-02 2.830933e-05
-1.395000e-02 2.792970e-05
-1.380000e-02 2.738321e-05
-1.365000e-02 2.662395e-05
-1.350000e-02 2.648733e-05
-1.335000e-02 2.648733e-05
-1.320000e-02 2.641902e-05
-1.305000e-02 2.490050e-05
-1.290000e-02 2.434495e-05
-1.275000e-02 2.394175e-05
-1.260000e-02 2.414648e-05
-1.245000e-02 2.433599e-05
-1.230000e-02 2.460897e-05
-1.215000e-02 2.707258e-05
-1.200000e-02 2.755030e-05
-1.185000e-02 2.584473e-05
-1.170000e-02 2.509403e-05
-1.155000e-02 2.547305e-05
-1.140000e-02 2.588252e-05
-1.125000e-02 2.626153e-05
-1.110000e-02 2.632978e-05
-1.095000e-02 2.595076e-05
-1.080000e-02 2.560953e-05
-1.065000e-02 2.428297e-05
-1.050000e-02 2.400999e-05
-1.035000e-02 2.419950e-05
-1.020000e-02 2.447248e-05
-1.005000e-02 2.617806e-05
-9.900000e-03 2.692876e-05
-9.750000e-03 2.844483e-05
-9.600000e-03 2.864956e-05
-9.450000e-03 2.791939e-05
-9.300000e-03 2.751984e-05
-9.150000e-03 2.770965e-05
-9.000000e-03 2.791458e-05
-8.850000e-03 2.924329e-05
-8.700000e-03 2.992640e-05
-8.550000e-03 3.030603e-05
-8.400000e-03 3.023772e-05
-8.250000e-03 2.947846e-05
-8.100000e-03 2.927352e-05
-7.950000e-03 3.003278e-05
-7.800000e-03 2.989616e-05
-7.650000e-03 2.837764e-05
-7.500000e-03 2.844596e-05
-7.350000e-03 2.958484e-05
-7.200000e-03 2.971088e-05
-7.050000e-03 2.968057e-05
-6.900000e-03 2.947584e-05
-6.750000e-03 2.966535e-05
-6.600000e-03 3.027955e-05
-6.450000e-03 2.933201e-05
-6.300000e-03 2.830833e-05
-6.150000e-03 2.755030e-05
-6.000000e-03 2.734556e-05
-5.850000e-03 2.601900e-05
-5.700000e-03 2.554129e-05
-5.550000e-03 2.402522e-05
-5.400000e-03 2.395697e-05
-5.250000e-03 2.433599e-05
-5.100000e-03 2.433599e-05
-4.950000e-03 2.490452e-05
-4.800000e-03 2.442680e-05
-4.650000e-03 2.404778e-05
-4.500000e-03 2.541269e-05
-4.350000e-03 2.901335e-05
-4.200000e-03 2.955931e-05
-4.050000e-03 2.899079e-05
-3.900000e-03 2.837658e-05
-3.750000e-03 2.761854e-05
-3.600000e-03 2.795977e-05
-3.450000e-03 3.064504e-05
-3.300000e-03 3.099698e-05
-3.150000e-03 3.042753e-05
-3.000000e-03 3.042753e-05
-2.850000e-03 2.947846e-05
-2.700000e-03 2.961508e-05
-2.550000e-03 3.113360e-05
-2.400000e-03 3.072373e-05
-2.250000e-03 2.882558e-05
-2.100000e-03 2.903052e-05
-1.950000e-03 2.978977e-05
-1.800000e-03 2.965315e-05
-1.650000e-03 2.984297e-05
-1.500000e-03 2.984297e-05
-1.350000e-03 3.003278e-05
-1.200000e-03 2.995402e-05
-1.050000e-03 2.840703e-05
-9.000000e-04 2.847528e-05
-7.500000e-04 2.904380e-05
-6.000000e-04 2.883907e-05
-4.500000e-04 2.902858e-05
-3.000000e-04 2.896478e-05
-1.500000e-04 2.952886e-05
1.047700e-09 3.001118e-05
1.500000e-04 2.887395e-05
3.000000e-04 2.860093e-05
4.500000e-04 3.011723e-05
6.000000e-04 3.018549e-05
7.500000e-04 2.885872e-05
9.000000e-04 2.844919e-05
1.050000e-03 2.695953e-05
1.200000e-03 2.669636e-05
1.350000e-03 2.669636e-05
1.500000e-03 2.601314e-05
1.650000e-03 2.487408e-05
1.800000e-03 2.527442e-05
1.950000e-03 2.506008e-05
2.100000e-03 2.499182e-05
2.250000e-03 2.537090e-05
2.400000e-03 2.509788e-05
2.550000e-03 2.604557e-05
2.700000e-03 2.631859e-05
2.850000e-03 2.461275e-05
3.000000e-03 2.454452e-05
3.150000e-03 2.606086e-05
3.300000e-03 2.592437e-05
3.450000e-03 2.327084e-05
3.600000e-03 2.327085e-05
3.750000e-03 2.746948e-05
3.900000e-03 2.857195e-05
4.050000e-03 3.009071e-05
4.200000e-03 3.070561e-05
4.350000e-03 2.975639e-05
4.500000e-03 2.940413e-05
4.650000e-03 3.108027e-05
4.800000e-03 3.108027e-05
4.950000e-03 2.861627e-05
5.100000e-03 2.820674e-05
5.250000e-03 2.991258e-05
5.400000e-03 3.059514e-05
5.550000e-03 2.983699e-05
5.700000e-03 2.963222e-05
5.850000e-03 3.114853e-05
6.000000e-03 3.128504e-05
6.150000e-03 3.166412e-05
6.300000e-03 3.166412e-05
6.450000e-03 2.960889e-05
6.600000e-03 2.941478e-05
6.750000e-03 3.017415e-05
6.900000e-03 2.983254e-05
7.050000e-03 2.812394e-05
7.200000e-03 2.831839e-05
7.350000e-03 3.018561e-05
7.500000e-03 3.073165e-05
7.650000e-03 3.016304e-05
7.800000e-03 2.886618e-05
7.950000e-03 2.678125e-05
8.100000e-03 2.691777e-05
8.250000e-03 2.767592e-05
8.400000e-03 2.747115e-05
8.550000e-03 2.576531e-05
8.700000e-03 2.549228e-05
8.850000e-03 2.397597e-05
9.000000e-03 2.390772e-05
9.150000e-03 2.601897e-05
9.300000e-03 2.609669e-05
9.450000e-03 2.476778e-05
9.600000e-03 2.448529e-05
9.750000e-03 2.484018e-05
9.900000e-03 2.538623e-05
1.005000e-02 2.728161e-05
1.020000e-02 2.748638e-05
1.035000e-02 2.615961e-05
1.050000e-02 2.554531e-05
1.065000e-02 2.516623e-05
1.080000e-02 2.537100e-05
1.095000e-02 2.461285e-05
1.110000e-02 2.447633e-05
1.125000e-02 2.504495e-05
1.140000e-02 2.484018e-05
1.155000e-02 2.448529e-05
1.170000e-02 2.504106e-05
1.185000e-02 2.693951e-05
1.200000e-02 2.775938e-05
1.215000e-02 3.022735e-05
1.230000e-02 3.048986e-05
1.245000e-02 3.102725e-05
1.260000e-02 3.095899e-05
1.275000e-02 3.057991e-05
1.290000e-02 3.044340e-05
1.305000e-02 2.911663e-05
1.320000e-02 2.891187e-05
1.335000e-02 2.853279e-05
1.350000e-02 2.812325e-05
1.365000e-02 2.717556e-05
1.380000e-02 2.710730e-05
1.395000e-02 2.805500e-05
1.410000e-02 2.853279e-05
1.425000e-02 2.894126e-05
1.440000e-02 2.949822e-05
1.455000e-02 3.310527e-05
1.470000e-02 3.378849e-05
1.485000e-02 3.075098e-05
