-1.840000e-03 5.860767e-05
-1.820000e-03 3.433926e-05
-1.800000e-03 1.256820e-05
-1.780000e-03 -7.342323e-06
-1.760000e-03 -2.016613e-06
-1.740000e-03 -2.097723e-05
-1.720000e-03 -2.411968e-05
-1.700000e-03 2.442132e-05
-1.680000e-03 4.272561e-05
-1.660000e-03 1.997115e-05
-1.640000e-03 9.600063e-08
-1.620000e-03 3.289946e-05
-1.600000e-03 4.102308e-05
-1.580000e-03 3.135321e-05
-1.560000e-03 3.122167e-05
-1.540000e-03 2.762203e-05
-1.520000e-03 2.939101e-05
-1.500000e-03 1.478830e-05
-1.480000e-03 1.684428e-05
-1.460000e-03 1.210493e-05
-1.440000e-03 4.728089e-06
-1.420000e-03 1.060483e-05
-1.400000e-03 7.462574e-06
-1.380000e-03 8.599961e-06
-1.360000e-03 1.344988e-05
-1.340000e-03 1.799942e-05
-1.320000e-03 1.717713e-05
-1.300000e-03 1.206097e-05
-1.280000e-03 1.567774e-05
-1.260000e-03 3.482583e-05
-1.240000e-03 4.466472e-05
-1.220000e-03 3.480320e-05
-1.200000e-03 2.728402e-05
-1.180000e-03 7.756798e-06
-1.160000e-03 1.356982e-05
