0.000000e+00 2.600105e-05
6.666700e-06 2.601281e-05
1.333300e-05 2.610316e-05
2.000000e-05 2.608279e-05
2.666700e-05 2.609786e-05
3.333300e-05 2.614395e-05
4.000000e-05 2.603638e-05
4.666700e-05 2.585501e-05
5.333300e-05 2.589804e-05
6.000000e-05 2.600433e-05
6.666700e-05 2.589761e-05
7.333300e-05 2.576247e-05
8.000000e-05 2.585842e-05
8.666700e-05 2.600859e-05
9.333300e-05 2.595562e-05
1.000000e-04 2.588054e-05
1.066700e-04 2.594426e-05
1.133300e-04 2.598823e-05
1.200000e-04 2.596671e-05
1.266700e-04 2.592275e-05
1.333300e-04 2.592275e-05
1.400000e-04 2.586149e-05
1.466700e-04 2.582922e-05
1.533300e-04 2.599559e-05
1.600000e-04 2.612538e-05
1.666700e-04 2.606532e-05
1.733300e-04 2.592477e-05
1.800000e-04 2.601487e-05
1.866700e-04 2.617691e-05
1.933300e-04 2.614688e-05
2.000000e-04 2.599559e-05
2.066700e-04 2.593444e-05
2.133300e-04 2.603125e-05
2.200000e-04 2.606237e-05
2.266700e-04 2.603010e-05
2.333300e-04 2.604408e-05
2.400000e-04 2.600105e-05
2.466700e-04 2.592701e-05
2.533300e-04 2.599155e-05
2.600000e-04 2.617081e-05
2.666700e-04 2.613854e-05
2.733300e-04 2.597430e-05
2.800000e-04 2.601806e-05
2.866700e-04 2.604809e-05
2.933300e-04 2.591827e-05
3.000000e-04 2.594726e-05
3.066700e-04 2.616241e-05
3.133300e-04 2.623853e-05
3.200000e-04 2.608793e-05
