8.533300e-04 9.900000e+37
8.600000e-04 9.900000e+37
8.666700e-04 9.900000e+37
8.733300e-04 9.900000e+37
8.800000e-04 9.900000e+37
8.866700e-04 9.900000e+37
8.933300e-04 9.900000e+37
9.000000e-04 9.900000e+37
9.066700e-04 9.900000e+37
9.133300e-04 9.900000e+37
9.200000e-04 9.900000e+37
9.266700e-04 9.900000e+37
9.333300e-04 9.900000e+37
9.400000e-04 9.900000e+37
9.466700e-04 9.900000e+37
9.533300e-04 9.900000e+37
9.600000e-04 9.900000e+37
9.666700e-04 9.900000e+37
9.733300e-04 9.900000e+37
9.800000e-04 9.900000e+37
9.866700e-04 9.900000e+37
9.933300e-04 9.900000e+37
1.000000e-03 9.900000e+37
1.006700e-03 9.900000e+37
1.013300e-03 9.900000e+37
1.020000e-03 9.900000e+37
1.026700e-03 9.900000e+37
1.033300e-03 9.900000e+37
1.040000e-03 9.900000e+37
1.046700e-03 9.900000e+37
1.053300e-03 9.900000e+37
1.060000e-03 9.900000e+37
1.066700e-03 9.900000e+37
1.073300e-03 9.900000e+37
1.080000e-03 9.900000e+37
1.086700e-03 9.900000e+37
1.093300e-03 9.900000e+37
1.100000e-03 9.900000e+37
1.106700e-03 9.900000e+37
1.113300e-03 9.900000e+37
1.120000e-03 9.900000e+37
1.126700e-03 9.900000e+37
1.133300e-03 9.900000e+37
1.140000e-03 9.900000e+37
1.146700e-03 9.900000e+37
1.153300e-03 -1.973621e-04
1.160000e-03 9.133774e-05
1.166700e-03 7.444417e-05
1.173300e-03 8.466208e-05
