-4.400000e-04 7.952588e-05
-4.200000e-04 7.004350e-05
-4.000000e-04 6.947699e-05
-3.800000e-04 8.938750e-05
-3.600000e-04 9.348261e-05
-3.400000e-04 1.014443e-04
-3.200000e-04 1.069987e-04
-3.000000e-04 9.467494e-05
-2.800000e-04 1.037930e-04
-2.600000e-04 1.314778e-04
-2.400000e-04 1.354717e-04
-2.200000e-04 1.374749e-04
-2.000000e-04 1.451924e-04
-1.800000e-04 1.655620e-04
-1.600000e-04 1.799206e-04
-1.400000e-04 1.975564e-04
-1.200000e-04 2.183698e-04
-1.000000e-04 2.545870e-04
-8.000000e-05 1.492435e-03
-6.000000e-05 4.939500e-03
-4.000000e-05 2.999275e+00
-2.000000e-05 1.131672e+01
-1.455200e-10 1.132316e+01
2.000000e-05 7.165833e+00
4.000000e-05 5.666520e+00
6.000000e-05 1.500677e+00
8.000000e-05 1.307951e-03
1.000000e-04 5.068688e-04
1.200000e-04 1.999631e-04
1.400000e-04 1.743614e-04
1.600000e-04 1.799778e-04
1.800000e-04 2.000749e-04
2.000000e-04 1.836933e-04
2.200000e-04 1.324941e-04
2.400000e-04 1.203087e-04
