-1.500000e-02 6.442291e-05
-1.485000e-02 6.518217e-05
-1.470000e-02 6.620684e-05
-1.455000e-02 6.715592e-05
-1.440000e-02 6.695098e-05
-1.425000e-02 6.714080e-05
-1.410000e-02 6.652599e-05
-1.395000e-02 6.272970e-05
-1.380000e-02 6.238814e-05
-1.365000e-02 6.333722e-05
-1.350000e-02 6.388371e-05
-1.335000e-02 6.635131e-05
-1.320000e-02 6.669286e-05
-1.305000e-02 6.707249e-05
-1.290000e-02 6.711660e-05
-1.275000e-02 6.685912e-05
-1.260000e-02 6.685912e-05
-1.245000e-02 6.685912e-05
-1.230000e-02 6.747332e-05
-1.215000e-02 6.936841e-05
-1.200000e-02 6.861772e-05
-1.185000e-02 6.558558e-05
-1.170000e-02 6.490313e-05
-1.155000e-02 6.585067e-05
-1.140000e-02 6.687435e-05
-1.125000e-02 6.801140e-05
-1.110000e-02 6.773842e-05
-1.095000e-02 6.527481e-05
-1.080000e-02 6.438762e-05
-1.065000e-02 6.552467e-05
-1.050000e-02 6.620712e-05
-1.035000e-02 6.696515e-05
-1.020000e-02 6.703340e-05
-1.005000e-02 6.513831e-05
-9.900000e-03 6.404639e-05
-9.750000e-03 6.196180e-05
-9.600000e-03 6.141583e-05
-9.450000e-03 6.109805e-05
-9.300000e-03 6.166696e-05
-9.150000e-03 6.223640e-05
-9.000000e-03 6.182653e-05
-8.850000e-03 6.182653e-05
-8.700000e-03 6.223640e-05
-8.550000e-03 6.280585e-05
-8.400000e-03 6.219104e-05
-8.250000e-03 6.086234e-05
-8.100000e-03 6.099896e-05
-7.950000e-03 6.061934e-05
-7.800000e-03 6.068765e-05
-7.650000e-03 6.258579e-05
-7.500000e-03 6.299566e-05
-7.350000e-03 6.337529e-05
-7.200000e-03 6.314761e-05
-7.050000e-03 6.156755e-05
-6.900000e-03 6.115808e-05
-6.750000e-03 6.096858e-05
-6.600000e-03 6.144629e-05
-6.450000e-03 6.428891e-05
-6.300000e-03 6.510786e-05
-6.150000e-03 6.472884e-05
-6.000000e-03 6.466060e-05
-5.850000e-03 6.693470e-05
-5.700000e-03 6.707120e-05
-5.550000e-03 6.593414e-05
-5.400000e-03 6.620712e-05
-5.250000e-03 6.601762e-05
-5.100000e-03 6.574463e-05
-4.950000e-03 6.650267e-05
-4.800000e-03 6.704863e-05
-4.650000e-03 6.761715e-05
-4.500000e-03 6.720769e-05
-4.350000e-03 6.531260e-05
-4.200000e-03 6.524436e-05
-4.050000e-03 6.638140e-05
-3.900000e-03 6.672263e-05
-3.750000e-03 6.691214e-05
-3.600000e-03 6.718512e-05
-3.450000e-03 6.744290e-05
-3.300000e-03 6.698906e-05
-3.150000e-03 6.566035e-05
-3.000000e-03 6.531880e-05
-2.850000e-03 6.417991e-05
-2.700000e-03 6.315524e-05
-2.550000e-03 6.068765e-05
-2.400000e-03 6.055102e-05
-2.250000e-03 6.187973e-05
-2.100000e-03 6.201635e-05
-1.950000e-03 6.087746e-05
-1.800000e-03 6.101409e-05
-1.650000e-03 6.139372e-05
-1.500000e-03 6.064229e-05
-1.350000e-03 5.950340e-05
-1.200000e-03 5.948144e-05
-1.050000e-03 5.961156e-05
-9.000000e-04 5.913385e-05
-7.500000e-04 5.818630e-05
-6.000000e-04 5.825455e-05
-4.500000e-04 5.901258e-05
-3.000000e-04 5.908990e-05
-1.500000e-04 5.870181e-05
1.047700e-09 5.850605e-05
1.500000e-04 5.812698e-05
3.000000e-04 5.792221e-05
4.500000e-04 5.754313e-05
6.000000e-04 5.815744e-05
7.500000e-04 6.100050e-05
9.000000e-04 6.168306e-05
1.050000e-03 6.497256e-05
1.200000e-03 6.656648e-05
1.350000e-03 6.561735e-05
1.500000e-03 6.500250e-05
1.650000e-03 6.690101e-05
1.800000e-03 6.762844e-05
1.950000e-03 6.642231e-05
2.100000e-03 6.573975e-05
2.250000e-03 6.517114e-05
2.400000e-03 6.530765e-05
2.550000e-03 6.492857e-05
2.700000e-03 6.492857e-05
2.850000e-03 6.549719e-05
3.000000e-03 6.570196e-05
3.150000e-03 6.608103e-05
3.300000e-03 6.628580e-05
3.450000e-03 6.647534e-05
3.600000e-03 6.620232e-05
3.750000e-03 6.570014e-05
3.900000e-03 6.545060e-05
4.050000e-03 6.241308e-05
4.200000e-03 6.159322e-05
4.350000e-03 6.235260e-05
4.500000e-03 6.232991e-05
4.650000e-03 6.264622e-05
4.800000e-03 6.291924e-05
4.950000e-03 6.272971e-05
5.100000e-03 6.218366e-05
5.250000e-03 6.009874e-05
5.400000e-03 6.016699e-05
5.550000e-03 6.244145e-05
5.700000e-03 6.291924e-05
5.850000e-03 6.216110e-05
6.000000e-03 6.181981e-05
6.150000e-03 6.144073e-05
6.300000e-03 6.109945e-05
6.450000e-03 6.116100e-05
6.600000e-03 6.159322e-05
6.750000e-03 6.311198e-05
6.900000e-03 6.338527e-05
7.050000e-03 6.243605e-05
7.200000e-03 6.166228e-05
7.350000e-03 5.951489e-05
7.500000e-03 5.965140e-05
7.650000e-03 6.192586e-05
7.800000e-03 6.254017e-05
7.950000e-03 6.500417e-05
8.100000e-03 6.602801e-05
8.250000e-03 6.602801e-05
8.400000e-03 6.595975e-05
8.550000e-03 6.577021e-05
8.700000e-03 6.536068e-05
8.850000e-03 6.649791e-05
9.000000e-03 6.731698e-05
9.150000e-03 6.681572e-05
9.300000e-03 6.588349e-05
9.450000e-03 6.398505e-05
9.600000e-03 6.375693e-05
9.750000e-03 6.255540e-05
9.900000e-03 6.200935e-05
1.005000e-02 6.144073e-05
1.020000e-02 6.171376e-05
1.035000e-02 6.341960e-05
1.050000e-02 6.382914e-05
1.065000e-02 6.420822e-05
1.080000e-02 6.427647e-05
1.095000e-02 6.332878e-05
1.110000e-02 6.285099e-05
1.125000e-02 6.247191e-05
1.140000e-02 6.233540e-05
1.155000e-02 6.201848e-05
1.170000e-02 6.231452e-05
1.185000e-02 6.117545e-05
1.200000e-02 6.083385e-05
1.215000e-02 6.292213e-05
1.230000e-02 6.337724e-05
1.245000e-02 6.369263e-05
1.260000e-02 6.430694e-05
1.275000e-02 6.544416e-05
1.290000e-02 6.599021e-05
1.305000e-02 6.788559e-05
1.320000e-02 6.836338e-05
1.335000e-02 6.931108e-05
1.350000e-02 6.910631e-05
1.365000e-02 6.721092e-05
1.380000e-02 6.707441e-05
1.395000e-02 6.783257e-05
1.410000e-02 6.817385e-05
1.425000e-02 6.843259e-05
1.440000e-02 6.873061e-05
1.455000e-02 7.005952e-05
1.470000e-02 6.978623e-05
1.485000e-02 6.845732e-05
