-2.000000e-03 1.079415e-05
-1.980000e-03 -2.047564e-07
-1.960000e-03 9.495806e-06
-1.940000e-03 4.590052e-05
-1.920000e-03 4.684631e-05
-1.900000e-03 1.499115e-05
-1.880000e-03 2.981596e-06
-1.860000e-03 1.132660e-05
-1.840000e-03 2.463321e-05
-1.820000e-03 1.723812e-05
-1.800000e-03 2.974989e-06
-1.780000e-03 4.677480e-05
-1.760000e-03 5.934128e-05
-1.740000e-03 3.222731e-05
-1.720000e-03 3.092198e-05
-1.700000e-03 3.243850e-05
-1.680000e-03 3.196714e-05
-1.660000e-03 2.135908e-05
-1.640000e-03 9.818144e-06
-1.620000e-03 -5.362900e-06
-1.600000e-03 2.894679e-06
-1.580000e-03 3.380410e-05
-1.560000e-03 3.230813e-05
-1.540000e-03 2.547964e-05
-1.520000e-03 2.799977e-05
-1.500000e-03 1.776328e-05
-1.480000e-03 1.428729e-05
-1.460000e-03 1.961164e-05
-1.440000e-03 2.794285e-05
-1.420000e-03 2.261433e-05
-1.400000e-03 1.304923e-05
-1.380000e-03 -6.857124e-06
-1.360000e-03 -4.461783e-06
-1.340000e-03 2.094819e-05
-1.320000e-03 2.606078e-05
-1.300000e-03 -3.519608e-06
-1.280000e-03 -9.728987e-06
-1.260000e-03 3.274595e-05
-1.240000e-03 3.151984e-05
-1.220000e-03 2.374145e-05
-1.200000e-03 3.336019e-05
-1.180000e-03 5.080429e-05
-1.160000e-03 5.518594e-05
-1.140000e-03 4.893239e-05
-1.120000e-03 4.141232e-05
-1.100000e-03 4.273719e-05
-1.080000e-03 4.321402e-05
-1.060000e-03 3.316502e-05
-1.040000e-03 2.648098e-05
-1.020000e-03 1.851927e-05
-1.000000e-03 2.308904e-05
-9.800000e-04 3.541281e-05
-9.600000e-04 4.129157e-05
-9.400000e-04 1.246159e-05
-9.200000e-04 1.068640e-05
-9.000000e-04 3.041312e-05
-8.800000e-04 2.658096e-05
-8.600000e-04 4.232106e-05
-8.400000e-04 5.271074e-05
-8.200000e-04 5.308987e-05
-8.000000e-04 5.020812e-05
-7.800000e-04 5.608670e-05
-7.600000e-04 5.411859e-05
-7.400000e-04 5.530424e-05
-7.200000e-04 5.810432e-05
-7.000000e-04 3.492086e-05
-6.800000e-04 3.401991e-05
-6.600000e-04 3.989850e-05
-6.400000e-04 4.510159e-05
-6.200000e-04 6.444133e-05
-6.000000e-04 6.005696e-05
-5.800000e-04 3.919654e-05
-5.600000e-04 3.940047e-05
-5.400000e-04 6.538122e-05
-5.200000e-04 7.004034e-05
-5.000000e-04 7.023199e-05
-4.800000e-04 7.492516e-05
-4.600000e-04 7.132136e-05
-4.400000e-04 6.655916e-05
-4.200000e-04 8.817367e-05
-4.000000e-04 8.979445e-05
-3.800000e-04 6.097231e-05
-3.600000e-04 6.998124e-05
-3.400000e-04 7.832624e-05
-3.200000e-04 8.108319e-05
-3.000000e-04 1.182503e-04
-2.800000e-04 1.186333e-04
-2.600000e-04 8.089539e-05
-2.400000e-04 9.143962e-05
-2.200000e-04 1.459829e-04
-2.000000e-04 1.584812e-04
-1.800000e-04 1.585533e-04
-1.600000e-04 1.639021e-04
-1.400000e-04 1.843792e-04
-1.200000e-04 2.190509e-04
-1.000000e-04 2.664503e-04
-8.000000e-05 1.469963e-03
-6.000000e-05 4.819946e-03
-4.000000e-05 2.998807e+00
-2.000000e-05 1.131522e+01
-1.455200e-10 1.132195e+01
2.000000e-05 7.157014e+00
4.000000e-05 5.654671e+00
6.000000e-05 1.497431e+00
8.000000e-05 1.131378e-03
1.000000e-04 5.155838e-04
1.200000e-04 2.838507e-04
1.400000e-04 2.307472e-04
1.600000e-04 2.009864e-04
1.800000e-04 1.590753e-04
2.000000e-04 1.513622e-04
8.000000e-05 1.131378e-03
1.000000e-04 5.155838e-04
1.200000e-04 2.838507e-04
1.400000e-04 2.307472e-04
1.600000e-04 2.009864e-04
1.800000e-04 1.590753e-04
2.000000e-04 1.513622e-04
2.200000e-04 1.388447e-04
2.400000e-04 1.306891e-04
2.600000e-04 1.179841e-04
2.800000e-04 1.090772e-04
3.000000e-04 1.322162e-04
3.200000e-04 1.281879e-04
3.400000e-04 9.177718e-05
3.600000e-04 8.891118e-05
3.800000e-04 8.094400e-05
4.000000e-04 6.498321e-05
4.200000e-04 6.592910e-05
4.400000e-04 8.004672e-05
4.600000e-04 9.408514e-05
4.800000e-04 8.459781e-05
5.000000e-04 4.969968e-05
5.200000e-04 4.937376e-05
5.400000e-04 5.942443e-05
5.600000e-04 5.940690e-05
5.800000e-04 4.631854e-05
6.000000e-04 4.304312e-05
6.200000e-04 5.803160e-05
6.400000e-04 6.212739e-05
6.600000e-04 5.487566e-05
6.800000e-04 5.576200e-05
7.000000e-04 5.921764e-05
7.200000e-04 5.362813e-05
7.400000e-04 4.320661e-05
7.600000e-04 4.217029e-05
7.800000e-04 5.258765e-05
8.000000e-04 5.717761e-05
8.200000e-04 6.305300e-05
8.400000e-04 5.396382e-05
8.600000e-04 2.287845e-05
8.800000e-04 2.241353e-05
9.000000e-04 3.074741e-05
9.200000e-04 3.258726e-05
9.400000e-04 2.921203e-05
9.600000e-04 2.866196e-05
9.800000e-04 4.153781e-05
1.000000e-03 3.921322e-05
1.020000e-03 5.683938e-05
1.040000e-03 5.985385e-05
1.060000e-03 1.701422e-05
1.080000e-03 1.380478e-05
1.100000e-03 3.580971e-05
1.120000e-03 4.480812e-05
1.140000e-03 5.576718e-05
1.160000e-03 4.136972e-05
1.180000e-03 3.036899e-05
1.200000e-03 3.787714e-05
1.220000e-03 2.291782e-05
1.240000e-03 2.092870e-05
1.260000e-03 3.738812e-05
1.280000e-03 4.388197e-05
1.300000e-03 3.879831e-05
1.320000e-03 4.133244e-05
1.340000e-03 5.800021e-05
1.360000e-03 4.343819e-05
1.380000e-03 2.618705e-05
1.400000e-03 3.425563e-05
1.420000e-03 2.763019e-05
1.440000e-03 3.260932e-05
1.460000e-03 6.844501e-05
1.480000e-03 5.670703e-05
1.500000e-03 1.916290e-05
1.520000e-03 1.834808e-05
1.540000e-03 1.846999e-06
1.560000e-03 -7.475437e-07
1.580000e-03 1.233665e-05
1.600000e-03 1.157371e-05
1.620000e-03 1.531387e-06
1.640000e-03 1.205760e-05
1.660000e-03 1.851636e-05
1.680000e-03 1.653671e-05
1.700000e-03 2.732909e-05
1.720000e-03 2.199429e-05
1.740000e-03 -3.049026e-06
1.760000e-03 -6.802626e-06
1.780000e-03 1.840737e-05
1.800000e-03 1.915723e-05
1.820000e-03 -3.219239e-06
1.840000e-03 1.894860e-06
1.860000e-03 2.693817e-05
1.880000e-03 2.996063e-05
1.900000e-03 3.529431e-05
1.920000e-03 3.017223e-05
1.940000e-03 1.004590e-05
1.960000e-03 1.316535e-05
1.980000e-03 3.650022e-05
