6.533300e-04 -1.629678e-02
6.600000e-04 -1.208872e-02
6.666700e-04 -1.310482e-02
6.733300e-04 -4.951606e-02
6.800000e-04 -6.400982e-02
6.866700e-04 -1.868998e-02
6.933300e-04 9.900000e+37
7.000000e-04 9.900000e+37
7.066700e-04 9.900000e+37
7.133300e-04 4.346415e-02
7.200000e-04 4.232482e-02
7.266700e-04 -2.027322e-02
7.333300e-04 -7.402486e-02
7.400000e-04 -4.314255e-02
7.466700e-04 -7.230109e-03
7.533300e-04 1.257886e-02
7.600000e-04 1.590065e-02
7.666700e-04 7.676461e-03
7.733300e-04 2.742955e-02
7.800000e-04 4.206396e-02
7.866700e-04 2.743722e-02
7.933300e-04 1.376181e-03
8.000000e-04 -2.769045e-02
8.066700e-04 -3.603860e-02
8.133300e-04 -2.442660e-02
8.200000e-04 -1.782180e-02
8.266700e-04 5.127866e-03
8.333300e-04 3.241747e-02
8.400000e-04 3.839316e-02
8.466700e-04 2.649175e-02
8.533300e-04 1.988214e-03
8.600000e-04 -2.902395e-04
8.666700e-04 5.698608e-03
8.733300e-04 -1.293849e-03
8.800000e-04 -3.134286e-03
8.866700e-04 -2.430236e-02
8.933300e-04 -3.963832e-02
9.000000e-04 -1.407822e-02
9.066700e-04 1.177530e-02
9.133300e-04 1.088634e-02
9.200000e-04 -3.797430e-03
9.266700e-04 -2.647871e-03
9.333300e-04 2.970220e-02
9.400000e-04 1.627942e-02
9.466700e-04 -8.935849e-03
9.533300e-04 1.180343e-03
9.600000e-04 1.763730e-02
9.666700e-04 4.059927e-02
9.733300e-04 8.206799e-03
