9.000000e-05 1.791595e-04
1.000000e-04 1.450559e-04
1.100000e-04 1.249546e-04
1.200000e-04 1.154604e-04
1.300000e-04 1.164104e-04
1.400000e-04 1.169701e-04
1.500000e-04 9.079758e-05
1.600000e-04 9.139950e-05
1.700000e-04 9.576228e-05
1.800000e-04 8.688190e-05
1.900000e-04 9.788263e-05
2.000000e-04 1.005007e-04
2.100000e-04 8.039938e-05
2.200000e-04 7.443447e-05
2.300000e-04 7.746382e-05
2.400000e-04 7.254562e-05
2.500000e-04 7.918356e-05
2.600000e-04 8.078856e-05
2.700000e-04 5.253253e-05
2.800000e-04 5.277205e-05
2.900000e-04 6.282271e-05
3.000000e-04 6.224300e-05
3.100000e-04 5.553043e-05
3.200000e-04 4.639168e-05
3.300000e-04 4.665799e-05
3.400000e-04 5.282400e-05
3.500000e-04 3.651042e-05
3.600000e-04 3.143393e-05
3.700000e-04 2.954214e-05
3.800000e-04 2.847275e-05
3.900000e-04 4.857407e-05
4.000000e-04 4.624930e-05
4.100000e-04 3.240255e-05
4.200000e-04 2.972720e-05
4.300000e-04 1.247190e-05
