-2.000000e-03 2.023687e-05
-1.980000e-03 6.013288e-06
-1.960000e-03 1.318589e-05
-1.940000e-03 2.228915e-05
-1.920000e-03 1.914267e-05
-1.900000e-03 3.564103e-05
-1.880000e-03 3.878750e-05
-1.860000e-03 3.290892e-05
-1.840000e-03 4.436746e-05
-1.820000e-03 5.725784e-05
-1.800000e-03 4.770311e-05
-1.780000e-03 2.608859e-05
-1.760000e-03 2.315990e-05
-1.740000e-03 3.093412e-05
-1.720000e-03 3.556924e-05
-1.700000e-03 4.429337e-05
-1.680000e-03 3.521955e-05
-1.660000e-03 -2.713429e-06
-1.640000e-03 3.979146e-06
-1.620000e-03 1.460651e-05
-1.600000e-03 1.070790e-05
-1.580000e-03 1.771970e-05
-1.560000e-03 1.383181e-05
-1.540000e-03 2.837075e-06
-1.520000e-03 2.242310e-05
-1.500000e-03 -1.041840e+00
-1.480000e-03 -1.241421e+00
-1.460000e-03 1.611388e-01
-1.440000e-03 4.464672e-01
-1.420000e-03 -4.122200e-01
-1.400000e-03 -4.551813e-01
-1.380000e-03 6.573396e-01
-1.360000e-03 6.828785e-01
-1.340000e-03 4.874270e-01
-1.320000e-03 7.011747e-01
-1.300000e-03 1.204683e+00
-1.280000e-03 9.225956e-01
-1.260000e-03 1.316029e-05
-1.240000e-03 2.754398e-01
-1.220000e-03 9.521084e-01
-1.200000e-03 6.449925e-01
-1.180000e-03 -1.900487e-01
-1.160000e-03 -2.154031e-01
-1.140000e-03 -5.703481e-02
-1.120000e-03 8.115957e-06
-1.100000e-03 3.769218e-05
-1.080000e-03 3.816902e-05
-1.060000e-03 1.826266e-05
-1.040000e-03 1.704075e-05
-1.020000e-03 4.169246e-05
-1.000000e-03 5.444844e-05
-9.800000e-04 3.662104e-05
-9.600000e-04 2.256707e-05
-9.400000e-04 3.588215e-05
-9.200000e-04 4.817488e-05
-9.000000e-04 4.396306e-05
-8.800000e-04 3.241785e-05
-8.600000e-04 -6.592604e-02
-8.400000e-04 -8.966121e-02
-8.200000e-04 -2.372722e-02
-8.000000e-04 5.017623e-06
-7.800000e-04 3.611869e-05
-7.600000e-04 4.725361e-05
-7.400000e-04 2.697959e-05
-7.200000e-04 2.595470e-05
-7.000000e-04 3.466320e-05
-6.800000e-04 4.325329e-05
-6.600000e-04 4.249503e-05
-6.400000e-04 4.462807e-05
-6.200000e-04 3.628307e-05
-6.000000e-04 2.404948e-05
-5.800000e-04 4.358087e-05
-5.600000e-04 5.136021e-05
-5.400000e-04 4.775640e-05
-5.200000e-04 4.073723e-05
-5.000000e-04 2.651782e-05
-4.800000e-04 3.770106e-05
-4.600000e-04 7.448490e-05
-4.400000e-04 6.910589e-05
-4.200000e-04 7.119318e-05
-4.000000e-04 8.128058e-05
-3.800000e-04 6.819439e-05
-3.600000e-04 7.740724e-05
-3.400000e-04 7.589489e-05
-3.200000e-04 6.998128e-05
-3.000000e-04 1.065735e-04
-2.800000e-04 1.105767e-04
-2.600000e-04 8.460015e-05
-2.400000e-04 1.008112e-04
-2.200000e-04 1.312461e-04
-2.000000e-04 1.347290e-04
-1.800000e-04 1.524559e-04
-1.600000e-04 1.655888e-04
-1.400000e-04 2.086345e-04
-1.200000e-04 2.333387e-04
-1.000000e-04 2.498328e-04
-8.000000e-05 1.482833e-03
-6.000000e-05 4.915300e-03
-4.000000e-05 2.999365e+00
-2.000000e-05 1.131715e+01
-1.455200e-10 1.132353e+01
2.000000e-05 7.098527e+00
4.000000e-05 5.574933e+00
6.000000e-05 1.476239e+00
8.000000e-05 1.010228e-03
1.000000e-04 4.215520e-04
1.200000e-04 2.231897e-04
1.400000e-04 2.199644e-04
1.600000e-04 1.988105e-04
1.800000e-04 1.732129e-04
2.000000e-04 1.631122e-04
2.200000e-04 1.460444e-04
2.400000e-04 1.270950e-04
2.600000e-04 8.422970e-05
2.800000e-04 8.809178e-05
3.000000e-04 1.123642e-04
3.200000e-04 1.049930e-04
3.400000e-04 1.086016e-04
3.600000e-04 1.147460e-04
3.800000e-04 8.781506e-05
4.000000e-04 7.677664e-05
4.200000e-04 7.544739e-05
4.400000e-04 7.365257e-05
4.600000e-04 9.299551e-05
4.800000e-04 9.286053e-05
5.000000e-04 7.769703e-05
5.200000e-04 7.689083e-05
5.400000e-04 6.226903e-05
5.600000e-04 6.696105e-05
5.800000e-04 6.012310e-05
6.000000e-04 3.971020e-05
6.200000e-04 2.912617e-05
6.400000e-04 3.494514e-05
6.600000e-04 3.508844e-05
6.800000e-04 4.633646e-05
7.000000e-04 7.957036e-05
7.200000e-04 7.411132e-05
7.400000e-04 7.694484e-05
7.600000e-04 6.637171e-05
7.800000e-04 2.503565e-05
8.000000e-04 3.221759e-05
8.200000e-04 5.401068e-05
8.400000e-04 4.907836e-05
8.600000e-04 4.095282e-05
8.800000e-04 4.539204e-05
9.000000e-04 5.276752e-05
9.200000e-04 4.895327e-05
9.400000e-04 2.466000e-05
9.600000e-04 2.061564e-05
9.800000e-04 1.511528e-05
1.000000e-03 1.313563e-05
1.020000e-03 3.497040e-05
1.040000e-03 4.255906e-05
1.060000e-03 1.734675e-05
1.080000e-03 6.218716e-06
1.100000e-03 9.596256e-06
1.120000e-03 6.656774e-06
1.140000e-03 1.807419e-05
1.160000e-03 2.668267e-05
1.180000e-03 2.289076e-05
1.200000e-03 2.534435e-05
1.220000e-03 6.193009e-05
1.240000e-03 6.459060e-05
1.260000e-03 3.554702e-05
1.280000e-03 3.458719e-05
1.300000e-03 4.504621e-05
1.320000e-03 4.717264e-05
1.340000e-03 4.904776e-05
1.360000e-03 4.255710e-05
1.380000e-03 1.830551e-05
1.400000e-03 2.301468e-05
1.420000e-03 5.280830e-05
1.440000e-03 4.619447e-05
1.460000e-03 1.223390e-05
1.480000e-03 6.221303e-06
1.500000e-03 8.679798e-06
1.520000e-03 1.488736e-05
1.540000e-03 9.928704e-06
1.560000e-03 8.758910e-06
1.580000e-03 5.175340e-06
1.600000e-03 3.289303e-06
1.620000e-03 -6.692907e-07
1.640000e-03 -9.551354e-06
1.660000e-03 -1.467669e-05
1.680000e-03 4.106481e-07
1.700000e-03 3.987158e-05
1.720000e-03 4.007482e-05
1.740000e-03 1.690664e-05
1.760000e-03 8.919759e-06
1.780000e-03 1.687862e-05
1.800000e-03 2.349245e-05
1.820000e-03 2.749271e-05
1.840000e-03 2.483818e-05
1.860000e-03 2.200466e-05
1.880000e-03 1.770265e-05
1.900000e-03 1.995280e-05
1.920000e-03 2.744925e-05
1.940000e-03 3.086614e-05
1.960000e-03 2.780668e-05
1.980000e-03 1.776435e-05
