1.140000e-03 3.518835e-05
1.150000e-03 1.889561e-05
1.160000e-03 2.038117e-05
1.170000e-03 2.396474e-05
1.180000e-03 2.582602e-05
1.190000e-03 2.945126e-05
1.200000e-03 2.412333e-05
1.210000e-03 1.820627e-05
1.220000e-03 1.558841e-05
1.230000e-03 1.750520e-05
1.240000e-03 1.527540e-05
1.250000e-03 2.590110e-05
1.260000e-03 3.388549e-05
1.270000e-03 1.738440e-05
1.280000e-03 1.348814e-05
1.290000e-03 2.544726e-05
1.300000e-03 3.324567e-05
1.310000e-03 4.062115e-05
1.320000e-03 4.047107e-05
1.330000e-03 4.538806e-05
1.340000e-03 3.908852e-05
1.350000e-03 2.808779e-05
1.360000e-03 3.330674e-05
1.370000e-03 2.859810e-05
1.380000e-03 2.852306e-05
1.390000e-03 3.839871e-05
1.400000e-03 3.559269e-05
1.410000e-03 2.173825e-06
1.420000e-03 -1.161928e-05
1.430000e-03 2.692492e-05
1.440000e-03 3.921938e-05
1.450000e-03 1.588451e-05
1.460000e-03 2.197516e-05
1.470000e-03 3.276754e-05
1.480000e-03 2.203664e-05
