6.533300e-04 2.607822e-05
6.600000e-04 2.601816e-05
6.666700e-04 2.593137e-05
6.733300e-04 2.587130e-05
6.800000e-04 2.580762e-05
6.866700e-04 2.595778e-05
6.933300e-04 2.613980e-05
7.000000e-04 2.594338e-05
7.066700e-04 2.580353e-05
7.133300e-04 2.609005e-05
7.200000e-04 2.619763e-05
7.266700e-04 2.600129e-05
7.333300e-04 2.602281e-05
7.400000e-04 2.612904e-05
7.466700e-04 2.603223e-05
7.533300e-04 2.598612e-05
7.600000e-04 2.601839e-05
7.666700e-04 2.586929e-05
7.733300e-04 2.583781e-05
7.800000e-04 2.603302e-05
7.866700e-04 2.605374e-05
7.933300e-04 2.590241e-05
8.000000e-04 2.589166e-05
8.066700e-04 2.601295e-05
8.133300e-04 2.600219e-05
8.200000e-04 2.588090e-05
8.266700e-04 2.594544e-05
8.333300e-04 2.614182e-05
8.400000e-04 2.609879e-05
8.466700e-04 2.591745e-05
8.533300e-04 2.598199e-05
8.600000e-04 2.616333e-05
8.666700e-04 2.609957e-05
8.733300e-04 2.594940e-05
8.800000e-04 2.594863e-05
8.866700e-04 2.602267e-05
8.933300e-04 2.595812e-05
9.000000e-04 2.583903e-05
9.066700e-04 2.594661e-05
9.133300e-04 2.596047e-05
9.200000e-04 2.586366e-05
9.266700e-04 2.599996e-05
9.333300e-04 2.605374e-05
9.400000e-04 2.584229e-05
9.466700e-04 2.574547e-05
9.533300e-04 2.597194e-05
9.600000e-04 2.615552e-05
9.666700e-04 2.614050e-05
9.733300e-04 2.609677e-05
