-2.000000e-02 2.009185e-04
-1.985000e-02 2.011080e-04
-1.970000e-02 2.016539e-04
-1.955000e-02 2.027910e-04
-1.940000e-02 2.033369e-04
-1.925000e-02 2.046810e-04
-1.910000e-02 2.040718e-04
-1.895000e-02 2.017940e-04
-1.880000e-02 2.015891e-04
-1.865000e-02 2.012095e-04
-1.850000e-02 2.007996e-04
-1.835000e-02 2.019385e-04
-1.820000e-02 2.029632e-04
-1.805000e-02 2.039123e-04
-1.790000e-02 2.032292e-04
-1.775000e-02 2.017106e-04
-1.760000e-02 2.017106e-04
-1.745000e-02 2.009514e-04
-1.730000e-02 2.003366e-04
-1.715000e-02 1.995773e-04
-1.700000e-02 1.993001e-04
-1.685000e-02 1.990990e-04
-1.670000e-02 1.992355e-04
-1.655000e-02 1.990460e-04
-1.640000e-02 1.987730e-04
-1.625000e-02 1.991520e-04
-1.610000e-02 2.001074e-04
-1.595000e-02 2.018130e-04
-1.580000e-02 2.010623e-04
-1.565000e-02 1.972721e-04
-1.550000e-02 1.965897e-04
-1.535000e-02 1.965897e-04
-1.520000e-02 1.961120e-04
-1.505000e-02 1.955434e-04
-1.490000e-02 1.960894e-04
-1.475000e-02 1.957104e-04
-1.460000e-02 1.950279e-04
-1.445000e-02 1.955964e-04
-1.430000e-02 1.958012e-04
-1.415000e-02 1.963697e-04
-1.400000e-02 1.974616e-04
-1.385000e-02 2.001147e-04
-1.370000e-02 2.004560e-04
-1.355000e-02 2.002665e-04
-1.340000e-02 2.001982e-04
-1.325000e-02 2.000209e-04
-1.310000e-02 1.997520e-04
-1.295000e-02 1.986131e-04
-1.280000e-02 1.984082e-04
-1.265000e-02 1.980286e-04
-1.250000e-02 1.983701e-04
-1.235000e-02 2.000784e-04
-1.220000e-02 2.006249e-04
-1.205000e-02 2.027129e-04
-1.190000e-02 2.031228e-04
-1.175000e-02 2.014144e-04
-1.160000e-02 2.013461e-04
-1.145000e-02 2.026748e-04
-1.130000e-02 2.028797e-04
-1.115000e-02 2.030696e-04
-1.100000e-02 2.030643e-04
-1.085000e-02 2.028592e-04
-1.070000e-02 2.032687e-04
-1.055000e-02 2.023211e-04
-1.040000e-02 2.012975e-04
-1.025000e-02 1.999709e-04
-1.010000e-02 1.996297e-04
-9.950000e-03 1.981136e-04
-9.800000e-03 1.970217e-04
-9.650000e-03 1.966427e-04
-9.500000e-03 1.967109e-04
-9.350000e-03 1.963319e-04
-9.200000e-03 1.956495e-04
-9.050000e-03 1.935649e-04
-8.900000e-03 1.927459e-04
-8.750000e-03 1.923669e-04
-8.600000e-03 1.919574e-04
-8.450000e-03 1.904414e-04
-8.300000e-03 1.896907e-04
-8.150000e-03 1.885536e-04
-8.000000e-03 1.886901e-04
-7.850000e-03 1.881216e-04
-7.700000e-03 1.874391e-04
-7.550000e-03 1.883870e-04
-7.400000e-03 1.885238e-04
-7.250000e-03 1.881442e-04
-7.100000e-03 1.882125e-04
-6.950000e-03 1.885921e-04
-6.800000e-03 1.885921e-04
-6.650000e-03 1.893514e-04
-6.500000e-03 1.890098e-04
-6.350000e-03 1.876811e-04
-6.200000e-03 1.874079e-04
-6.050000e-03 1.874079e-04
-5.900000e-03 1.875445e-04
-5.750000e-03 1.884936e-04
-5.600000e-03 1.880837e-04
-5.450000e-03 1.871346e-04
-5.300000e-03 1.878177e-04
-5.150000e-03 1.897159e-04
-5.000000e-03 1.892380e-04
-4.850000e-03 1.877195e-04
-4.700000e-03 1.873782e-04
-4.550000e-03 1.858622e-04
-4.400000e-03 1.852480e-04
-4.250000e-03 1.848689e-04
-4.100000e-03 1.847324e-04
-3.950000e-03 1.853010e-04
-3.800000e-03 1.855057e-04
-3.650000e-03 1.843686e-04
-3.500000e-03 1.842322e-04
-3.350000e-03 1.846112e-04
-3.200000e-03 1.840652e-04
-3.050000e-03 1.827387e-04
-2.900000e-03 1.821245e-04
-2.750000e-03 1.804189e-04
-2.600000e-03 1.802141e-04
-2.450000e-03 1.817302e-04
-2.300000e-03 1.818667e-04
-2.150000e-03 1.801611e-04
-2.000000e-03 1.792739e-04
-1.850000e-03 1.769998e-04
-1.700000e-03 1.761126e-04
-1.550000e-03 1.764800e-04
-1.400000e-03 1.767491e-04
-1.250000e-03 1.756102e-04
-1.100000e-03 1.754053e-04
-9.500000e-04 1.765442e-04
-8.000000e-04 1.763392e-04
-6.500000e-04 1.755800e-04
-5.000000e-04 1.755800e-04
-3.500000e-04 1.748207e-04
-2.000000e-04 1.738911e-04
-4.999900e-05 1.727255e-04
1.000000e-04 1.733033e-04
2.500000e-04 1.750251e-04
4.000000e-04 1.758443e-04
5.500000e-04 1.775504e-04
7.000000e-04 1.776870e-04
8.500000e-04 1.790139e-04
1.000000e-03 1.796965e-04
1.150000e-03 1.798860e-04
1.300000e-03 1.798178e-04
1.450000e-03 1.801968e-04
1.600000e-03 1.809477e-04
1.750000e-03 1.836012e-04
1.900000e-03 1.835329e-04
2.050000e-03 1.818213e-04
2.200000e-03 1.827069e-04
2.350000e-03 1.840358e-04
2.500000e-03 1.836259e-04
2.650000e-03 1.832462e-04
2.800000e-03 1.835896e-04
2.950000e-03 1.841625e-04
3.100000e-03 1.843672e-04
3.250000e-03 1.843672e-04
3.400000e-03 1.840942e-04
3.550000e-03 1.829570e-04
3.700000e-03 1.827522e-04
3.850000e-03 1.821836e-04
4.000000e-03 1.820471e-04
4.150000e-03 1.814785e-04
4.300000e-03 1.822293e-04
4.450000e-03 1.845037e-04
4.600000e-03 1.843672e-04
4.750000e-03 1.845537e-04
4.900000e-03 1.851671e-04
5.050000e-03 1.853569e-04
5.200000e-03 1.854252e-04
5.350000e-03 1.848557e-04
5.500000e-03 1.846518e-04
5.650000e-03 1.846555e-04
5.800000e-03 1.843825e-04
5.950000e-03 1.840034e-04
6.100000e-03 1.840716e-04
6.250000e-03 1.825553e-04
6.400000e-03 1.826918e-04
6.550000e-03 1.859140e-04
6.700000e-03 1.869378e-04
6.850000e-03 1.873169e-04
7.000000e-03 1.874534e-04
7.150000e-03 1.876423e-04
7.300000e-03 1.873690e-04
7.450000e-03 1.864198e-04
7.600000e-03 1.868298e-04
7.750000e-03 1.881587e-04
7.900000e-03 1.884316e-04
8.050000e-03 1.886211e-04
8.200000e-03 1.888941e-04
8.350000e-03 1.902209e-04
8.500000e-03 1.908352e-04
8.650000e-03 1.900770e-04
8.800000e-03 1.896675e-04
8.950000e-03 1.911838e-04
9.100000e-03 1.928220e-04
9.250000e-03 1.968023e-04
9.400000e-03 1.974848e-04
9.550000e-03 1.969162e-04
9.700000e-03 1.974623e-04
9.850000e-03 1.988003e-04
1.000000e-02 1.988723e-04
1.015000e-02 1.998215e-04
1.030000e-02 2.009830e-04
1.045000e-02 2.023119e-04
1.060000e-02 2.023071e-04
1.075000e-02 2.017235e-04
1.090000e-02 2.019282e-04
1.105000e-02 2.030655e-04
1.120000e-02 2.029972e-04
1.135000e-02 2.011018e-04
1.150000e-02 2.009653e-04
1.165000e-02 2.019130e-04
1.180000e-02 2.021178e-04
1.195000e-02 2.036341e-04
1.210000e-02 2.036341e-04
1.225000e-02 2.017387e-04
1.240000e-02 2.013292e-04
1.255000e-02 1.979257e-04
