0.000000e+00 2.583854e-05
2.000000e-05 2.596565e-05
4.000000e-05 2.611109e-05
6.000000e-05 2.617465e-05
8.000000e-05 2.594589e-05
1.000000e-04 2.613657e-05
1.200000e-04 2.642592e-05
1.400000e-04 2.640473e-05
1.600000e-04 2.619163e-05
1.800000e-04 2.593740e-05
2.000000e-04 2.596027e-05
2.200000e-04 2.610858e-05
2.400000e-04 2.611566e-05
2.600000e-04 2.586143e-05
2.800000e-04 2.590009e-05
3.000000e-04 2.623907e-05
3.200000e-04 2.620857e-05
3.400000e-04 2.606027e-05
3.600000e-04 2.608314e-05
3.800000e-04 2.597721e-05
4.000000e-04 2.590803e-05
4.200000e-04 2.607756e-05
4.400000e-04 2.616965e-05
4.600000e-04 2.616967e-05
4.800000e-04 2.611630e-05
5.000000e-04 2.613749e-05
5.200000e-04 2.615221e-05
5.400000e-04 2.594035e-05
5.600000e-04 2.593325e-05
5.800000e-04 2.608156e-05
6.000000e-04 2.602818e-05
6.200000e-04 2.592225e-05
6.400000e-04 2.599088e-05
6.600000e-04 2.603476e-05
6.800000e-04 2.598901e-05
7.000000e-04 2.592394e-05
7.200000e-04 2.595444e-05
7.400000e-04 2.599681e-05
7.600000e-04 2.590531e-05
7.800000e-04 2.594768e-05
8.000000e-04 2.607681e-05
8.200000e-04 2.590731e-05
8.400000e-04 2.576294e-05
8.600000e-04 2.580531e-05
8.800000e-04 2.588919e-05
9.000000e-04 2.586800e-05
9.200000e-04 2.582930e-05
9.400000e-04 2.608354e-05
9.600000e-04 2.618324e-05
