-2.000000e-03 2.764627e-05
-1.980000e-03 4.604028e-05
-1.960000e-03 4.529742e-05
-1.940000e-03 1.040505e-05
-1.920000e-03 -2.980257e-06
-1.900000e-03 1.825513e-05
-1.880000e-03 2.597126e-05
-1.860000e-03 7.577257e-06
-1.840000e-03 1.698977e-05
-1.820000e-03 2.912607e-05
-1.800000e-03 2.796696e-05
-1.780000e-03 3.479545e-05
-1.760000e-03 2.763596e-05
-1.740000e-03 2.137825e-05
-1.720000e-03 2.089335e-05
-1.700000e-03 2.449299e-05
-1.680000e-03 2.197073e-05
-1.660000e-03 -7.869181e-07
-1.640000e-03 1.468450e-06
-1.620000e-03 3.200449e-05
-1.600000e-03 2.469747e-05
-1.580000e-03 2.640564e-05
-1.560000e-03 4.279565e-05
-1.540000e-03 2.307261e-05
-1.520000e-03 1.405258e-05
-1.500000e-03 7.794871e-06
-1.480000e-03 1.025888e-05
-1.460000e-03 2.477068e-06
-1.440000e-03 -5.036323e-06
-1.420000e-03 2.076036e-05
-1.400000e-03 3.161126e-05
-1.380000e-03 1.321726e-05
-1.360000e-03 1.295293e-05
-1.340000e-03 2.338523e-05
-1.320000e-03 1.703082e-05
-1.300000e-03 1.380614e-05
-1.280000e-03 1.578396e-05
-1.260000e-03 2.336654e-05
-1.240000e-03 2.507810e-05
-1.220000e-03 1.256268e-05
-1.200000e-03 9.963422e-06
-1.180000e-03 2.209971e-05
-1.160000e-03 2.838889e-05
-1.140000e-03 2.592664e-05
-1.120000e-03 1.588424e-05
-1.100000e-03 2.630820e-05
-1.080000e-03 4.514327e-05
-1.060000e-03 4.703891e-05
-1.040000e-03 3.428322e-05
-1.020000e-03 2.650899e-05
-1.000000e-03 2.281831e-05
-9.800000e-04 -1.377389e-05
-9.600000e-04 -1.390667e-05
-9.400000e-04 9.421297e-06
-9.200000e-04 1.181172e-05
-9.000000e-04 2.394272e-05
-8.800000e-04 3.553885e-05
-8.600000e-04 4.596281e-05
-8.400000e-04 3.976126e-05
-8.200000e-04 3.881552e-05
-8.000000e-04 3.935201e-05
-7.800000e-04 3.991862e-05
-7.600000e-04 3.145908e-05
-7.400000e-04 2.256884e-05
-7.200000e-04 3.056092e-05
-7.000000e-04 3.073536e-05
-6.800000e-04 3.468463e-05
-6.600000e-04 3.638863e-05
-6.400000e-04 3.155251e-05
-6.200000e-04 3.515632e-05
-6.000000e-04 5.248167e-05
-5.800000e-04 6.537622e-05
-5.600000e-04 5.138450e-05
-5.400000e-04 4.057308e-05
-5.200000e-04 4.270305e-05
-5.000000e-04 5.332283e-05
-4.800000e-04 6.525205e-05
-4.600000e-04 8.402518e-05
-4.400000e-04 7.844640e-05
-4.200000e-04 6.517272e-05
-4.000000e-04 6.720371e-05
-3.800000e-04 7.137830e-05
-3.600000e-04 7.465318e-05
-3.400000e-04 7.768205e-05
-3.200000e-04 7.906875e-05
-3.000000e-04 7.015713e-05
-2.800000e-04 7.859807e-05
-2.600000e-04 9.225088e-05
-2.400000e-04 9.036597e-05
-2.200000e-04 1.232712e-04
-2.000000e-04 1.460815e-04
-1.800000e-04 1.562178e-04
-1.600000e-04 1.614300e-04
-1.400000e-04 1.877899e-04
-1.200000e-04 2.103068e-04
-1.000000e-04 2.417829e-04
-8.000000e-05 1.471034e-03
-6.000000e-05 4.842061e-03
-4.000000e-05 2.999026e+00
-2.000000e-05 1.131610e+01
-1.455200e-10 1.132269e+01
2.000000e-05 7.132890e+00
4.000000e-05 5.621761e+00
6.000000e-05 1.488735e+00
8.000000e-05 1.156463e-03
1.000000e-04 4.780896e-04
1.200000e-04 2.236152e-04
1.400000e-04 2.046514e-04
1.600000e-04 1.961307e-04
1.800000e-04 1.621785e-04
2.000000e-04 1.384242e-04
2.200000e-04 1.042886e-04
2.400000e-04 9.564662e-05
2.600000e-04 7.839132e-05
2.800000e-04 7.679460e-05
3.000000e-04 1.164264e-04
3.200000e-04 1.116482e-04
3.400000e-04 7.637507e-05
3.600000e-04 7.098352e-05
3.800000e-04 6.244962e-05
4.000000e-04 6.827278e-05
4.200000e-04 8.192784e-05
4.400000e-04 7.453447e-05
4.600000e-04 5.348308e-05
4.800000e-04 5.518828e-05
5.000000e-04 7.642718e-05
5.200000e-04 7.009374e-05
5.400000e-04 5.871799e-05
5.600000e-04 5.686138e-05
5.800000e-04 4.491059e-05
6.000000e-04 5.057059e-05
6.200000e-04 7.141780e-05
6.400000e-04 6.466149e-05
6.600000e-04 4.718039e-05
6.800000e-04 4.609158e-05
7.000000e-04 2.355338e-05
7.200000e-04 2.963031e-05
7.400000e-04 6.704943e-05
7.600000e-04 5.913083e-05
7.800000e-04 1.904486e-05
8.000000e-04 2.246091e-05
8.200000e-04 5.054609e-05
8.400000e-04 5.954785e-05
8.600000e-04 7.017356e-05
8.800000e-04 5.639098e-05
9.000000e-04 3.422286e-05
9.200000e-04 3.511653e-05
9.400000e-04 2.524088e-05
9.600000e-04 2.175266e-05
9.800000e-04 1.946085e-05
1.000000e-03 1.707627e-05
1.020000e-03 8.575709e-06
1.040000e-03 1.109527e-05
1.060000e-03 1.221621e-05
1.080000e-03 1.536565e-05
1.100000e-03 4.003807e-05
1.120000e-03 4.371243e-05
1.140000e-03 2.791972e-05
1.160000e-03 2.265565e-05
1.180000e-03 3.023948e-05
1.200000e-03 1.857059e-05
1.220000e-03 -6.056031e-06
1.240000e-03 -3.860820e-07
1.260000e-03 9.489568e-06
1.280000e-03 8.064819e-06
1.300000e-03 4.439580e-06
1.320000e-03 1.310148e-05
1.340000e-03 3.701972e-05
1.360000e-03 4.187044e-05
1.380000e-03 3.899525e-05
1.400000e-03 3.857532e-05
1.420000e-03 9.948440e-06
1.440000e-03 -5.603818e-06
1.460000e-03 -4.437074e-06
1.480000e-03 2.256955e-06
1.500000e-03 3.280063e-05
1.520000e-03 3.095075e-05
1.540000e-03 1.499136e-05
1.560000e-03 2.004547e-05
1.580000e-03 7.544651e-06
1.600000e-03 -2.488330e-06
1.620000e-03 5.637205e-06
1.640000e-03 1.102100e-05
1.660000e-03 3.114733e-05
1.680000e-03 3.374187e-05
1.700000e-03 2.024098e-05
1.720000e-03 3.007744e-05
1.740000e-03 5.324563e-05
1.760000e-03 4.307923e-05
1.780000e-03 3.020338e-05
1.800000e-03 3.347281e-05
1.820000e-03 2.397218e-05
1.840000e-03 2.452709e-05
1.860000e-03 1.485978e-05
1.880000e-03 1.150652e-05
1.900000e-03 2.304895e-05
1.920000e-03 2.788695e-05
1.940000e-03 2.772027e-05
1.960000e-03 2.233622e-05
1.980000e-03 3.387864e-05
