1.220000e-03 1.352514e-05
1.226700e-03 1.336378e-05
1.233300e-03 1.334156e-05
1.240000e-03 1.344913e-05
1.246700e-03 1.353148e-05
1.253300e-03 1.358526e-05
1.260000e-03 1.360803e-05
1.266700e-03 1.362430e-05
1.273300e-03 1.350416e-05
1.280000e-03 1.342336e-05
1.286700e-03 1.355078e-05
1.293300e-03 1.372290e-05
1.300000e-03 1.368557e-05
1.306700e-03 1.356724e-05
1.313300e-03 1.363463e-05
1.320000e-03 1.370993e-05
1.326700e-03 1.376268e-05
1.333300e-03 1.380571e-05
1.340000e-03 1.366277e-05
1.346700e-03 1.358747e-05
1.353300e-03 1.358024e-05
1.360000e-03 1.370396e-05
1.366700e-03 1.379406e-05
1.373300e-03 1.372412e-05
1.380000e-03 1.382164e-05
1.386700e-03 1.382164e-05
1.393300e-03 1.366406e-05
1.400000e-03 1.365330e-05
1.406700e-03 1.361547e-05
1.413300e-03 1.360471e-05
1.420000e-03 1.337225e-05
1.426700e-03 1.328619e-05
1.433300e-03 1.350362e-05
1.440000e-03 1.368650e-05
1.446700e-03 1.385949e-05
1.453300e-03 1.383263e-05
1.460000e-03 1.378758e-05
1.466700e-03 1.381444e-05
1.473300e-03 1.380675e-05
1.480000e-03 1.377448e-05
1.486700e-03 1.385725e-05
1.493300e-03 1.400785e-05
1.500000e-03 1.378979e-05
1.506700e-03 1.369298e-05
1.513300e-03 1.362573e-05
1.520000e-03 1.373330e-05
1.526700e-03 1.416130e-05
1.533300e-03 1.416131e-05
1.540000e-03 1.395855e-05
