6.533300e-04 2.623075e-05
6.600000e-04 2.635089e-05
6.666700e-04 2.627495e-05
6.733300e-04 2.610977e-05
6.800000e-04 2.612122e-05
6.866700e-04 2.628640e-05
6.933300e-04 2.637176e-05
7.000000e-04 2.643101e-05
7.066700e-04 2.638798e-05
7.133300e-04 2.616355e-05
7.200000e-04 2.607750e-05
7.266700e-04 2.613658e-05
7.333300e-04 2.621188e-05
7.400000e-04 2.625791e-05
7.466700e-04 2.620412e-05
7.533300e-04 2.615809e-05
7.600000e-04 2.622263e-05
7.666700e-04 2.619359e-05
7.733300e-04 2.609751e-05
7.800000e-04 2.618761e-05
7.866700e-04 2.629444e-05
7.933300e-04 2.627849e-05
8.000000e-04 2.623546e-05
8.066700e-04 2.622138e-05
8.133300e-04 2.623214e-05
8.200000e-04 2.626125e-05
8.266700e-04 2.622897e-05
8.333300e-04 2.622990e-05
8.400000e-04 2.627293e-05
8.466700e-04 2.618182e-05
8.533300e-04 2.619257e-05
8.600000e-04 2.637378e-05
8.666700e-04 2.638519e-05
8.733300e-04 2.618997e-05
8.800000e-04 2.612478e-05
8.866700e-04 2.618388e-05
8.933300e-04 2.616237e-05
9.000000e-04 2.610327e-05
9.066700e-04 2.613554e-05
9.133300e-04 2.625476e-05
9.200000e-04 2.626552e-05
9.266700e-04 2.613128e-05
9.333300e-04 2.608825e-05
9.400000e-04 2.620746e-05
9.466700e-04 2.628276e-05
9.533300e-04 2.626867e-05
9.600000e-04 2.621558e-05
9.666700e-04 2.614050e-05
9.733300e-04 2.610753e-05
