-1.600000e-04 9.594945e-05
-1.500000e-04 1.082774e-04
-1.400000e-04 1.089466e-04
-1.300000e-04 1.152044e-04
-1.200000e-04 1.251067e-04
-1.100000e-04 1.245359e-04
-1.000000e-04 1.224887e-04
-9.000000e-05 1.160435e-04
-8.000000e-05 1.505992e-04
-7.000000e-05 2.594384e-04
-6.000000e-05 6.716695e-04
-5.000000e-05 1.788137e-03
-4.000000e-05 2.648919e-02
-3.000000e-05 9.487605e-02
-2.000000e-05 3.044382e+00
-1.000000e-05 1.122863e+01
-1.455200e-10 1.125416e+01
9.999900e-06 7.076462e+00
2.000000e-05 5.547007e+00
3.000000e-05 1.475551e+00
4.000000e-05 1.075477e-02
5.000000e-05 3.607426e-03
6.000000e-05 9.666046e-04
7.000000e-05 4.869772e-04
8.000000e-05 2.778354e-04
9.000000e-05 2.080475e-04
1.000000e-04 1.869942e-04
1.100000e-04 1.488709e-04
1.200000e-04 1.328871e-04
1.300000e-04 1.222697e-04
1.400000e-04 1.142904e-04
1.500000e-04 9.684345e-05
1.600000e-04 8.979495e-05
1.700000e-04 7.917342e-05
1.800000e-04 7.603219e-05
