-1.000000e-01 3.334981e-04
-9.900000e-02 3.312234e-04
-9.800000e-02 3.311552e-04
-9.700000e-02 3.290701e-04
-9.600000e-02 3.291383e-04
-9.500000e-02 3.298966e-04
-9.400000e-02 3.303744e-04
-9.300000e-02 3.322699e-04
-9.200000e-02 3.324064e-04
-9.100000e-02 3.337964e-04
-9.000000e-02 3.340237e-04
-8.900000e-02 3.347829e-04
-8.800000e-02 3.355342e-04
-8.700000e-02 3.351547e-04
-8.600000e-02 3.347903e-04
-8.500000e-02 3.339685e-04
-8.400000e-02 3.330129e-04
-8.300000e-02 3.324443e-04
-8.200000e-02 3.326490e-04
-8.100000e-02 3.328386e-04
-8.000000e-02 3.332481e-04
-7.900000e-02 3.323003e-04
-7.800000e-02 3.325734e-04
-7.700000e-02 3.388287e-04
-7.600000e-02 3.395113e-04
-7.500000e-02 3.372366e-04
-7.400000e-02 3.361445e-04
-7.300000e-02 3.393670e-04
-7.200000e-02 3.377971e-04
-7.100000e-02 3.367281e-04
-7.000000e-02 3.398915e-04
-6.900000e-02 3.400813e-04
-6.800000e-02 3.333190e-04
-6.700000e-02 3.378739e-04
-6.600000e-02 3.452952e-04
-6.500000e-02 3.416195e-04
-6.400000e-02 3.398448e-04
-6.300000e-02 3.387074e-04
-6.200000e-02 3.392535e-04
-6.100000e-02 3.383057e-04
-6.000000e-02 3.391248e-04
-5.900000e-02 3.372293e-04
-5.800000e-02 3.360006e-04
-5.700000e-02 3.361902e-04
-5.600000e-02 3.365997e-04
-5.500000e-02 3.398222e-04
-5.400000e-02 3.416651e-04
-5.300000e-02 3.443189e-04
-5.200000e-02 3.447284e-04
-5.100000e-02 3.444212e-04
-5.000000e-02 3.443777e-04
-4.900000e-02 3.449470e-04
-4.800000e-02 3.448104e-04
-4.700000e-02 3.450002e-04
-4.600000e-02 3.454784e-04
-4.500000e-02 3.464273e-04
-4.400000e-02 3.459927e-04
-4.300000e-02 3.398530e-04
-4.200000e-02 3.377371e-04
-4.100000e-02 3.360310e-04
-4.000000e-02 3.367136e-04
-3.900000e-02 3.424003e-04
-3.800000e-02 3.428781e-04
-3.700000e-02 3.381392e-04
-3.600000e-02 3.382074e-04
-3.500000e-02 3.431359e-04
-3.400000e-02 3.432724e-04
-3.300000e-02 3.411873e-04
-3.200000e-02 3.413921e-04
-3.100000e-02 3.416509e-04
-3.000000e-02 3.420168e-04
-2.900000e-02 3.433453e-04
-2.800000e-02 3.433453e-04
-2.700000e-02 3.401189e-04
-2.600000e-02 3.403922e-04
-2.500000e-02 3.424798e-04
-2.400000e-02 3.423185e-04
-2.300000e-02 3.428177e-04
-2.200000e-02 3.435685e-04
-2.100000e-02 3.460327e-04
-2.000000e-02 3.463058e-04
-1.900000e-02 3.463058e-04
-1.800000e-02 3.472613e-04
-1.700000e-02 3.478300e-04
-1.600000e-02 3.474887e-04
-1.500000e-02 3.476783e-04
-1.400000e-02 3.481561e-04
-1.300000e-02 3.508099e-04
-1.200000e-02 3.510146e-04
-1.100000e-02 3.474861e-04
-1.000000e-02 3.469660e-04
-9.000000e-03 3.475353e-04
-8.000000e-03 3.478086e-04
-7.000000e-03 3.489473e-04
-6.000000e-03 3.490156e-04
-5.000000e-03 3.488258e-04
-4.000000e-03 3.494821e-04
-3.000000e-03 3.482700e-04
-2.000000e-03 3.474901e-04
-1.000000e-03 3.478300e-04
3.259600e-09 3.486204e-04
1.000000e-03 3.488103e-04
2.000000e-03 3.492883e-04
3.000000e-03 3.483410e-04
4.000000e-03 3.480681e-04
5.000000e-03 3.488264e-04
6.000000e-03 3.495090e-04
7.000000e-03 3.516708e-04
8.000000e-03 3.520804e-04
9.000000e-03 3.520040e-04
1.000000e-02 3.522088e-04
1.100000e-02 3.508817e-04
1.200000e-02 3.503356e-04
1.300000e-02 3.503356e-04
1.400000e-02 3.501308e-04
1.500000e-02 3.497517e-04
1.600000e-02 3.498199e-04
1.700000e-02 3.500095e-04
1.800000e-02 3.499412e-04
1.900000e-02 3.490668e-04
2.000000e-02 3.495039e-04
2.100000e-02 3.508326e-04
2.200000e-02 3.513512e-04
2.300000e-02 3.526032e-04
2.400000e-02 3.524666e-04
2.500000e-02 3.532250e-04
2.600000e-02 3.542489e-04
2.700000e-02 3.534906e-04
2.800000e-02 3.536271e-04
2.900000e-02 3.562812e-04
3.000000e-02 3.557351e-04
3.100000e-02 3.537271e-04
3.200000e-02 3.532772e-04
3.300000e-02 3.485320e-04
3.400000e-02 3.482310e-04
3.500000e-02 3.504343e-04
3.600000e-02 3.520044e-04
3.700000e-02 3.561752e-04
3.800000e-02 3.560386e-04
3.900000e-02 3.549011e-04
4.000000e-02 3.545598e-04
4.100000e-02 3.549390e-04
4.200000e-02 3.570552e-04
4.300000e-02 3.584623e-04
4.400000e-02 3.580142e-04
4.500000e-02 3.599123e-04
4.600000e-02 3.606335e-04
4.700000e-02 3.620677e-04
4.800000e-02 3.616581e-04
4.900000e-02 3.584353e-04
5.000000e-02 3.577526e-04
5.100000e-02 3.569943e-04
5.200000e-02 3.578135e-04
5.300000e-02 3.536428e-04
5.400000e-02 3.511170e-04
5.500000e-02 3.502423e-04
5.600000e-02 3.502705e-04
5.700000e-02 3.553953e-04
5.800000e-02 3.566641e-04
5.900000e-02 3.499495e-04
6.000000e-02 3.509735e-04
6.100000e-02 3.566608e-04
6.200000e-02 3.567973e-04
6.300000e-02 3.603993e-04
6.400000e-02 3.604676e-04
6.500000e-02 3.513678e-04
6.600000e-02 3.507535e-04
6.700000e-02 3.583366e-04
6.800000e-02 3.600432e-04
6.900000e-02 3.553788e-04
7.000000e-02 3.531943e-04
7.100000e-02 3.362468e-04
7.200000e-02 3.348815e-04
7.300000e-02 3.542185e-04
7.400000e-02 3.553790e-04
7.500000e-02 3.474166e-04
7.600000e-02 3.498059e-04
7.700000e-02 3.589057e-04
7.800000e-02 3.619094e-04
7.900000e-02 3.706300e-04
8.000000e-02 3.706300e-04
8.100000e-02 3.646461e-04
8.200000e-02 3.641000e-04
8.300000e-02 3.685673e-04
8.400000e-02 3.699326e-04
8.500000e-02 3.699326e-04
8.600000e-02 3.693182e-04
8.700000e-02 3.587018e-04
8.800000e-02 3.563125e-04
8.900000e-02 3.623790e-04
9.000000e-02 3.610819e-04
9.100000e-02 3.582383e-04
9.200000e-02 3.615150e-04
9.300000e-02 3.615942e-04
9.400000e-02 3.620370e-04
9.500000e-02 3.671618e-04
9.600000e-02 3.668556e-04
9.700000e-02 3.601349e-04
9.800000e-02 3.619098e-04
9.900000e-02 3.825739e-04
