-1.000000e-01 2.445794e-03
-9.900000e-02 2.415276e-03
-9.800000e-02 2.399508e-03
-9.700000e-02 2.372022e-03
-9.600000e-02 2.357416e-03
-9.500000e-02 2.331446e-03
-9.400000e-02 2.315884e-03
-9.300000e-02 2.290293e-03
-9.200000e-02 2.275686e-03
-9.100000e-02 2.252551e-03
-9.000000e-02 2.237936e-03
-8.900000e-02 2.212694e-03
-8.800000e-02 2.199442e-03
-8.700000e-02 2.177997e-03
-8.600000e-02 2.164636e-03
-8.500000e-02 2.142903e-03
-8.400000e-02 2.129934e-03
-8.300000e-02 2.108325e-03
-8.200000e-02 2.095424e-03
-8.100000e-02 2.074952e-03
-8.000000e-02 2.063007e-03
-7.900000e-02 2.043293e-03
-7.800000e-02 2.031416e-03
-7.700000e-02 2.010565e-03
-7.600000e-02 1.998688e-03
-7.500000e-02 1.981818e-03
-7.400000e-02 1.970760e-03
-7.300000e-02 1.950098e-03
-7.200000e-02 1.939109e-03
-7.100000e-02 1.922170e-03
-7.000000e-02 1.910879e-03
-6.900000e-02 1.891521e-03
-6.800000e-02 1.881343e-03
-6.700000e-02 1.864452e-03
-6.600000e-02 1.854523e-03
-6.500000e-02 1.838522e-03
-6.400000e-02 1.829035e-03
-6.300000e-02 1.815008e-03
-6.200000e-02 1.806202e-03
-6.100000e-02 1.791606e-03
-6.000000e-02 1.782119e-03
-5.900000e-02 1.766006e-03
-5.800000e-02 1.757406e-03
-5.700000e-02 1.746222e-03
-5.600000e-02 1.738373e-03
-5.500000e-02 1.722829e-03
-5.400000e-02 1.713887e-03
-5.300000e-02 1.700050e-03
-5.200000e-02 1.692132e-03
-5.100000e-02 1.678801e-03
-5.000000e-02 1.670927e-03
-4.900000e-02 1.658781e-03
-4.800000e-02 1.651472e-03
-4.700000e-02 1.639326e-03
-4.600000e-02 1.631402e-03
-4.500000e-02 1.618117e-03
-4.400000e-02 1.611327e-03
-4.300000e-02 1.599113e-03
-4.200000e-02 1.592219e-03
-4.100000e-02 1.583689e-03
-4.000000e-02 1.577477e-03
-3.900000e-02 1.565725e-03
-3.800000e-02 1.559172e-03
-3.700000e-02 1.547419e-03
-3.600000e-02 1.540594e-03
-3.500000e-02 1.528462e-03
-3.400000e-02 1.522728e-03
-3.300000e-02 1.514388e-03
-3.200000e-02 1.508381e-03
-3.100000e-02 1.498137e-03
-3.000000e-02 1.493151e-03
-2.900000e-02 1.485939e-03
-2.800000e-02 1.481294e-03
-2.700000e-02 1.473133e-03
-2.600000e-02 1.468693e-03
-2.500000e-02 1.461102e-03
-2.400000e-02 1.456539e-03
-2.300000e-02 1.452404e-03
-2.200000e-02 1.449333e-03
-2.100000e-02 1.443646e-03
-2.000000e-02 1.440370e-03
-1.900000e-02 1.434494e-03
-1.800000e-02 1.430944e-03
-1.700000e-02 1.424878e-03
-1.600000e-02 1.421056e-03
-1.500000e-02 1.415748e-03
-1.400000e-02 1.413974e-03
-1.300000e-02 1.412078e-03
-1.200000e-02 1.409962e-03
-1.100000e-02 1.405716e-03
-1.000000e-02 1.403777e-03
-9.000000e-03 1.401120e-03
-8.000000e-03 1.398798e-03
-7.000000e-03 1.394812e-03
-6.000000e-03 1.393719e-03
-5.000000e-03 1.392391e-03
-4.000000e-03 1.391739e-03
-3.000000e-03 1.391445e-03
-2.000000e-03 1.391466e-03
-1.000000e-03 1.391309e-03
3.259600e-09 1.390989e-03
1.000000e-03 1.390233e-03
2.000000e-03 1.390780e-03
3.000000e-03 1.391918e-03
4.000000e-03 1.392260e-03
5.000000e-03 1.394535e-03
6.000000e-03 1.396309e-03
7.000000e-03 1.398694e-03
8.000000e-03 1.400469e-03
9.000000e-03 1.403582e-03
1.000000e-02 1.404674e-03
1.100000e-02 1.405243e-03
1.200000e-02 1.405585e-03
1.300000e-02 1.405585e-03
1.400000e-02 1.408315e-03
1.500000e-02 1.414950e-03
1.600000e-02 1.418227e-03
1.700000e-02 1.424294e-03
1.800000e-02 1.427980e-03
1.900000e-02 1.433994e-03
2.000000e-02 1.437321e-03
2.100000e-02 1.442446e-03
2.200000e-02 1.446491e-03
2.300000e-02 1.455448e-03
2.400000e-02 1.460363e-03
2.500000e-02 1.467946e-03
2.600000e-02 1.472247e-03
2.700000e-02 1.481157e-03
2.800000e-02 1.486687e-03
2.900000e-02 1.495407e-03
3.000000e-02 1.499708e-03
3.100000e-02 1.506916e-03
3.200000e-02 1.513063e-03
3.300000e-02 1.523313e-03
3.400000e-02 1.528429e-03
3.500000e-02 1.538081e-03
3.600000e-02 1.544703e-03
3.700000e-02 1.554751e-03
3.800000e-02 1.560553e-03
3.900000e-02 1.571170e-03
4.000000e-02 1.577450e-03
4.100000e-02 1.586929e-03
4.200000e-02 1.593551e-03
4.300000e-02 1.605573e-03
4.400000e-02 1.612977e-03
4.500000e-02 1.626453e-03
4.600000e-02 1.633522e-03
4.700000e-02 1.642526e-03
4.800000e-02 1.649353e-03
4.900000e-02 1.662055e-03
5.000000e-02 1.669769e-03
5.100000e-02 1.681902e-03
5.200000e-02 1.689411e-03
5.300000e-02 1.703629e-03
5.400000e-02 1.713186e-03
5.500000e-02 1.728335e-03
5.600000e-02 1.736045e-03
5.700000e-02 1.748762e-03
5.800000e-02 1.757709e-03
5.900000e-02 1.774584e-03
6.000000e-02 1.783800e-03
6.100000e-02 1.797260e-03
6.200000e-02 1.806612e-03
6.300000e-02 1.825191e-03
6.400000e-02 1.835567e-03
6.500000e-02 1.851681e-03
6.600000e-02 1.861375e-03
6.700000e-02 1.875973e-03
6.800000e-02 1.885871e-03
6.900000e-02 1.905895e-03
7.000000e-02 1.917568e-03
7.100000e-02 1.937735e-03
7.200000e-02 1.948521e-03
7.300000e-02 1.966341e-03
7.400000e-02 1.978151e-03
7.500000e-02 1.995024e-03
7.600000e-02 2.005195e-03
7.700000e-02 2.024722e-03
7.800000e-02 2.037419e-03
7.900000e-02 2.058652e-03
8.000000e-02 2.070326e-03
8.100000e-02 2.089730e-03
8.200000e-02 2.102700e-03
8.300000e-02 2.124245e-03
8.400000e-02 2.137010e-03
8.500000e-02 2.159002e-03
8.600000e-02 2.171836e-03
8.700000e-02 2.193448e-03
8.800000e-02 2.206623e-03
8.900000e-02 2.229183e-03
9.000000e-02 2.243928e-03
9.100000e-02 2.266867e-03
9.200000e-02 2.280384e-03
9.300000e-02 2.303741e-03
9.400000e-02 2.318302e-03
9.500000e-02 2.345255e-03
9.600000e-02 2.360253e-03
9.700000e-02 2.386153e-03
9.800000e-02 2.402468e-03
9.900000e-02 2.427872e-03
