-1.000000e-01 2.716683e-05
-9.900000e-02 -5.248584e-06
-9.800000e-02 -2.721545e-06
-9.700000e-02 1.983972e-05
-9.600000e-02 1.472115e-05
-9.500000e-02 6.570443e-06
-9.400000e-02 -5.292626e-07
-9.300000e-02 3.635637e-06
-9.200000e-02 1.626334e-05
-9.100000e-02 -3.837285e-06
-9.000000e-02 -1.025257e-05
-8.900000e-02 -7.408668e-06
-8.800000e-02 1.478207e+00
-8.700000e-02 1.427349e+00
-8.600000e-02 -5.000917e-02
-8.500000e-02 1.004600e-03
-8.400000e-02 3.509032e-04
-8.300000e-02 5.099413e-04
-8.200000e-02 4.954026e-04
-8.100000e-02 4.849770e-04
-8.000000e-02 4.856595e-04
-7.900000e-02 4.521080e-04
-7.800000e-02 4.605718e-04
-7.700000e-02 5.015161e-04
-7.600000e-02 5.189899e-04
-7.500000e-02 4.251593e-04
-7.400000e-02 4.153986e-04
-7.300000e-02 4.559637e-04
-7.200000e-02 4.275689e-04
-7.100000e-02 4.749394e-04
-7.000000e-02 4.632508e-04
-6.900000e-02 4.710320e-04
-6.800000e-02 4.749255e-04
-6.700000e-02 5.144010e-04
-6.600000e-02 5.202167e-04
-6.500000e-02 -1.506629e-04
-6.400000e-02 -9.714949e-05
-6.300000e-02 6.231658e-04
-6.200000e-02 5.601647e-04
-6.100000e-02 4.651968e-04
-6.000000e-02 4.473818e-04
-5.900000e-02 4.128825e-04
-5.800000e-02 4.537001e-04
-5.700000e-02 -2.387503e-04
-5.600000e-02 -1.281059e-04
-5.500000e-02 4.598988e-04
-5.400000e-02 2.867993e-04
-5.300000e-02 3.311556e-04
-5.200000e-02 3.305413e-04
-5.100000e-02 3.317387e-04
-5.000000e-02 3.312149e-04
-4.900000e-02 3.276090e-04
-4.800000e-02 3.278822e-04
-4.700000e-02 3.312984e-04
-4.600000e-02 3.304787e-04
-4.500000e-02 3.302889e-04
-4.400000e-02 3.295162e-04
-4.300000e-02 3.277505e-04
-4.200000e-02 3.286379e-04
-4.100000e-02 3.292066e-04
-4.000000e-02 3.288653e-04
-3.900000e-02 3.307608e-04
-3.800000e-02 3.320577e-04
-3.700000e-02 3.362280e-04
-3.600000e-02 3.363645e-04
-3.500000e-02 3.344689e-04
-3.400000e-02 3.343324e-04
-3.300000e-02 3.330055e-04
-3.200000e-02 3.324595e-04
-3.100000e-02 3.332803e-04
-3.000000e-02 3.334392e-04
-2.900000e-02 3.319209e-04
-2.800000e-02 3.316477e-04
-2.700000e-02 3.316477e-04
-2.600000e-02 3.317160e-04
-2.500000e-02 3.341832e-04
-2.400000e-02 3.349118e-04
-2.300000e-02 3.344689e-04
-2.200000e-02 3.341276e-04
-2.100000e-02 3.339381e-04
-2.000000e-02 3.333920e-04
-1.900000e-02 3.311173e-04
-1.800000e-02 3.300935e-04
-1.700000e-02 3.274397e-04
-1.600000e-02 3.278492e-04
-1.500000e-02 3.303135e-04
-1.400000e-02 3.305182e-04
-1.300000e-02 3.301391e-04
-1.200000e-02 3.297979e-04
-1.100000e-02 3.294779e-04
-1.000000e-02 3.299777e-04
-9.000000e-03 3.303572e-04
-8.000000e-03 3.298108e-04
-7.000000e-03 3.311393e-04
-6.000000e-03 3.314125e-04
-5.000000e-03 3.298942e-04
-4.000000e-03 3.297360e-04
-3.000000e-03 3.283496e-04
-2.000000e-03 3.275675e-04
-1.000000e-03 3.275306e-04
3.259600e-09 3.279090e-04
1.000000e-03 3.282884e-04
2.000000e-03 3.280838e-04
3.000000e-03 3.275156e-04
4.000000e-03 3.275841e-04
5.000000e-03 3.289111e-04
6.000000e-03 3.291159e-04
7.000000e-03 3.276567e-04
8.000000e-03 3.273154e-04
9.000000e-03 3.285850e-04
1.000000e-02 3.293359e-04
1.100000e-02 3.306630e-04
1.200000e-02 3.310043e-04
1.300000e-02 3.321418e-04
1.400000e-02 3.325514e-04
1.500000e-02 3.323618e-04
1.600000e-02 3.319522e-04
1.700000e-02 3.315730e-04
1.800000e-02 3.317778e-04
1.900000e-02 3.333576e-04
2.000000e-02 3.335846e-04
2.100000e-02 3.333947e-04
2.200000e-02 3.337139e-04
2.300000e-02 3.344093e-04
2.400000e-02 3.339315e-04
2.500000e-02 3.326044e-04
2.600000e-02 3.327409e-04
2.700000e-02 3.329305e-04
2.800000e-02 3.324527e-04
2.900000e-02 3.307465e-04
3.000000e-02 3.302686e-04
3.100000e-02 3.284309e-04
3.200000e-02 3.283157e-04
3.300000e-02 3.294546e-04
3.400000e-02 3.294332e-04
3.500000e-02 3.280467e-04
3.600000e-02 3.274323e-04
3.700000e-02 3.274323e-04
3.800000e-02 3.280467e-04
3.900000e-02 3.286155e-04
4.000000e-02 3.290250e-04
4.100000e-02 3.295938e-04
4.200000e-02 3.287063e-04
4.300000e-02 3.281961e-04
4.400000e-02 3.290369e-04
4.500000e-02 3.296064e-04
4.600000e-02 3.294482e-04
4.700000e-02 3.265453e-04
4.800000e-02 3.255213e-04
4.900000e-02 3.268484e-04
5.000000e-02 3.270532e-04
5.100000e-02 3.257261e-04
5.200000e-02 3.258626e-04
5.300000e-02 3.285167e-04
5.400000e-02 3.299503e-04
5.500000e-02 3.332360e-04
5.600000e-02 3.337363e-04
5.700000e-02 3.344955e-04
5.800000e-02 3.341318e-04
5.900000e-02 3.331201e-04
6.000000e-02 3.329836e-04
6.100000e-02 3.312774e-04
6.200000e-02 3.312091e-04
6.300000e-02 3.313987e-04
6.400000e-02 3.308526e-04
6.500000e-02 3.304734e-04
6.600000e-02 3.306782e-04
6.700000e-02 3.306782e-04
6.800000e-02 3.306782e-04
6.900000e-02 3.309283e-04
7.000000e-02 3.316110e-04
7.100000e-02 3.328775e-04
7.200000e-02 3.329458e-04
7.300000e-02 3.340832e-04
7.400000e-02 3.340149e-04
7.500000e-02 3.347733e-04
7.600000e-02 3.344319e-04
7.700000e-02 3.306404e-04
7.800000e-02 3.305721e-04
7.900000e-02 3.307617e-04
8.000000e-02 3.304887e-04
8.100000e-02 3.299793e-04
8.200000e-02 3.297745e-04
8.300000e-02 3.310421e-04
8.400000e-02 3.319296e-04
8.500000e-02 3.324983e-04
8.600000e-02 3.322252e-04
8.700000e-02 3.327940e-04
8.800000e-02 3.334767e-04
8.900000e-02 3.349933e-04
9.000000e-02 3.345154e-04
9.100000e-02 3.326196e-04
9.200000e-02 3.320053e-04
9.300000e-02 3.305487e-04
9.400000e-02 3.300923e-04
9.500000e-02 3.268655e-04
9.600000e-02 3.265028e-04
9.700000e-02 3.272049e-04
9.800000e-02 3.274097e-04
9.900000e-02 3.291159e-04
