9.600000e-04 4.964395e-05
9.800000e-04 5.722778e-05
1.000000e-03 6.267182e-05
1.020000e-03 1.162680e-05
1.040000e-03 3.783183e-06
1.060000e-03 3.163205e-05
1.080000e-03 3.142209e-05
1.100000e-03 -7.802529e-06
1.120000e-03 -3.288324e-06
1.140000e-03 2.688033e-05
1.160000e-03 1.984657e-05
1.180000e-03 1.834647e-05
1.200000e-03 2.088708e-05
1.220000e-03 3.830489e-05
1.240000e-03 4.272306e-05
1.260000e-03 4.443150e-05
1.280000e-03 4.531634e-05
1.300000e-03 2.485666e-05
1.320000e-03 1.818791e-05
1.340000e-03 3.356392e-05
1.360000e-03 3.907788e-05
1.380000e-03 2.178508e-05
1.400000e-03 1.919053e-05
1.420000e-03 2.185738e-05
1.440000e-03 2.199235e-05
1.460000e-03 4.036856e-05
1.480000e-03 3.368217e-05
1.500000e-03 1.430048e-06
1.520000e-03 8.866306e-06
1.540000e-03 3.049273e-05
1.560000e-03 2.707333e-05
1.580000e-03 1.932282e-05
1.600000e-03 2.166946e-05
1.620000e-03 3.192014e-05
1.640000e-03 3.341282e-05
