8.933300e-04 1.349287e-05
9.000000e-04 1.365085e-05
9.066700e-04 1.361857e-05
9.133300e-04 1.341550e-05
9.200000e-04 1.345853e-05
9.266700e-04 1.361655e-05
9.333300e-04 1.357352e-05
9.400000e-04 1.352072e-05
9.466700e-04 1.358526e-05
9.533300e-04 1.360803e-05
9.600000e-04 1.360280e-05
9.666700e-04 1.370792e-05
9.733300e-04 1.372391e-05
9.800000e-04 1.355093e-05
9.866700e-04 1.347563e-05
9.933300e-04 1.354349e-05
1.000000e-03 1.356501e-05
1.006700e-03 1.348211e-05
1.013300e-03 1.348211e-05
1.020000e-03 1.367012e-05
1.026700e-03 1.370239e-05
1.033300e-03 1.360457e-05
1.040000e-03 1.360457e-05
1.046700e-03 1.361229e-05
1.053300e-03 1.360707e-05
1.060000e-03 1.353199e-05
1.066700e-03 1.348343e-05
1.073300e-03 1.346841e-05
1.080000e-03 1.344173e-05
1.086700e-03 1.348678e-05
1.093300e-03 1.354573e-05
1.100000e-03 1.352293e-05
1.106700e-03 1.351217e-05
1.113300e-03 1.354999e-05
1.120000e-03 1.354999e-05
1.126700e-03 1.340695e-05
1.133300e-03 1.340695e-05
1.140000e-03 1.358002e-05
1.146700e-03 1.358557e-05
1.153300e-03 1.348046e-05
1.160000e-03 1.349642e-05
1.166700e-03 1.364659e-05
1.173300e-03 1.373810e-05
1.180000e-03 1.361797e-05
1.186700e-03 1.360175e-05
1.193300e-03 1.375930e-05
1.200000e-03 1.375930e-05
1.206700e-03 1.364680e-05
1.213300e-03 1.359302e-05
