1.306700e-03 2.620636e-05
1.313300e-03 2.613024e-05
1.320000e-03 2.614099e-05
1.326700e-03 2.633725e-05
1.333300e-03 2.642331e-05
1.340000e-03 2.639240e-05
1.346700e-03 2.632785e-05
1.353300e-03 2.632873e-05
1.360000e-03 2.628640e-05
1.366700e-03 2.615125e-05
1.373300e-03 2.622586e-05
1.380000e-03 2.631503e-05
1.386700e-03 2.618595e-05
1.393300e-03 2.609677e-05
1.400000e-03 2.615056e-05
1.406700e-03 2.616457e-05
1.413300e-03 2.612155e-05
1.420000e-03 2.618261e-05
1.426700e-03 2.630094e-05
1.433300e-03 2.620981e-05
1.440000e-03 2.604846e-05
1.446700e-03 2.607952e-05
1.453300e-03 2.618776e-05
1.460000e-03 2.621780e-05
1.466700e-03 2.622788e-05
1.473300e-03 2.631710e-05
1.480000e-03 2.632785e-05
1.486700e-03 2.629870e-05
1.493300e-03 2.627719e-05
1.500000e-03 2.620112e-05
1.506700e-03 2.621188e-05
1.513300e-03 2.615279e-05
1.520000e-03 2.607750e-05
1.526700e-03 2.619670e-05
1.533300e-03 2.626125e-05
1.540000e-03 2.623214e-05
1.546700e-03 2.625431e-05
1.553300e-03 2.634441e-05
1.560000e-03 2.628996e-05
1.566700e-03 2.618485e-05
1.573300e-03 2.627154e-05
1.580000e-03 2.625652e-05
1.586700e-03 2.613756e-05
1.593300e-03 2.607645e-05
1.600000e-03 2.610872e-05
1.606700e-03 2.616983e-05
1.613300e-03 2.615908e-05
1.620000e-03 2.629338e-05
1.626700e-03 2.644398e-05
