-2.000000e-03 1.247426e-05
-1.980000e-03 -4.479088e-05
-1.960000e-03 -4.492692e-05
-1.940000e-03 1.461715e-05
-1.920000e-03 2.178429e-05
-1.900000e-03 3.240407e-05
-1.880000e-03 4.306229e-05
-1.860000e-03 2.144360e-05
-1.840000e-03 6.008021e-06
-1.820000e-03 8.661923e-06
-1.800000e-03 2.299253e-05
-1.780000e-03 3.702446e-05
-1.760000e-03 3.088916e-05
-1.740000e-03 3.335141e-05
-1.720000e-03 2.187973e-05
-1.700000e-03 -1.509159e-05
-1.680000e-03 -5.873775e-06
-1.660000e-03 3.093925e-05
-1.640000e-03 2.451978e-05
-1.620000e-03 1.519985e-05
-1.600000e-03 2.680109e-05
-1.580000e-03 3.912486e-05
-1.560000e-03 3.947572e-05
-1.540000e-03 5.724917e-06
-1.520000e-03 -4.317132e-06
-1.500000e-03 7.060902e-06
-1.480000e-03 1.607956e-05
-1.460000e-03 1.304860e-05
-1.440000e-03 4.510311e-06
-1.420000e-03 1.379898e-05
-1.400000e-03 1.720978e-05
-1.380000e-03 1.436423e-05
-1.360000e-03 2.037856e-05
-1.340000e-03 2.455314e-05
-1.320000e-03 2.386200e-05
-1.300000e-03 2.784077e-05
-1.280000e-03 2.326733e-05
-1.260000e-03 9.614524e-06
-1.240000e-03 1.726953e-05
-1.220000e-03 3.338875e-05
-1.200000e-03 2.307216e-05
-1.180000e-03 -1.580313e-05
-1.160000e-03 -1.381925e-05
-1.140000e-03 2.733082e-05
-1.120000e-03 3.148884e-05
-1.100000e-03 3.281371e-05
-1.080000e-03 3.131272e-05
-1.060000e-03 2.202198e-05
-1.040000e-03 3.124802e-05
-1.020000e-03 3.333531e-05
-1.000000e-03 2.881916e-05
-9.800000e-04 3.204384e-05
-9.600000e-04 3.055018e-05
-9.400000e-04 2.981330e-05
-9.200000e-04 3.555151e-05
-9.000000e-04 4.557913e-05
-8.800000e-04 4.392719e-05
-8.600000e-04 4.241068e-05
-8.400000e-04 4.180875e-05
-8.200000e-04 8.523359e-05
-8.000000e-04 9.027251e-05
-7.800000e-04 3.964005e-05
-7.600000e-04 3.951702e-05
-7.400000e-04 6.858895e-05
-7.200000e-04 7.043316e-05
-7.000000e-04 6.506304e-05
-6.800000e-04 5.774427e-05
-6.600000e-04 4.276659e-05
-6.400000e-04 3.922719e-05
-6.200000e-04 2.083318e-05
-6.000000e-04 2.164352e-05
-5.800000e-04 2.543898e-05
-5.600000e-04 2.598479e-05
-5.400000e-04 6.219785e-05
-5.200000e-04 7.449996e-05
-5.000000e-04 5.307292e-05
-4.800000e-04 4.158954e-05
-4.600000e-04 5.524235e-05
-4.400000e-04 6.775063e-05
-4.200000e-04 1.028346e-04
-4.000000e-04 1.163964e-04
-3.800000e-04 4.566599e-05
-3.600000e-04 3.536151e-05
-3.400000e-04 7.214535e-05
-3.200000e-04 8.200006e-05
-3.000000e-04 9.603200e-05
-2.800000e-04 8.801866e-05
-2.600000e-04 9.939669e-05
-2.400000e-04 1.151965e-04
-2.200000e-04 1.335076e-04
-2.000000e-04 1.460750e-04
-1.800000e-04 1.804794e-04
-1.600000e-04 1.876696e-04
-1.400000e-04 1.925983e-04
-1.200000e-04 2.125881e-04
-1.000000e-04 2.419810e-04
-8.000000e-05 1.486587e-03
-6.000000e-05 4.904634e-03
-4.000000e-05 2.999243e+00
-2.000000e-05 1.131672e+01
-1.455200e-10 1.132315e+01
2.000000e-05 7.131546e+00
4.000000e-05 5.619906e+00
6.000000e-05 1.488220e+00
8.000000e-05 1.143018e-03
1.000000e-04 4.928960e-04
1.200000e-04 2.483917e-04
1.400000e-04 2.345450e-04
1.600000e-04 2.172809e-04
1.800000e-04 1.721446e-04
2.000000e-04 1.552171e-04
2.200000e-04 1.307530e-04
2.400000e-04 1.184955e-04
1.200000e-04 2.483917e-04
1.400000e-04 2.345450e-04
1.600000e-04 2.172809e-04
1.800000e-04 1.721446e-04
2.000000e-04 1.552171e-04
2.200000e-04 1.307530e-04
2.400000e-04 1.184955e-04
2.600000e-04 1.054113e-04
2.800000e-04 1.002644e-04
3.000000e-04 9.135130e-05
3.200000e-04 9.387536e-05
3.400000e-04 1.014592e-04
3.600000e-04 9.531627e-05
3.800000e-04 9.323280e-05
4.000000e-04 9.462357e-05
4.200000e-04 8.627718e-05
4.400000e-04 7.949337e-05
4.600000e-04 6.830096e-05
4.800000e-04 5.908659e-05
5.000000e-04 4.296886e-05
5.200000e-04 4.366013e-05
5.400000e-04 6.052791e-05
5.600000e-04 6.680741e-05
5.800000e-04 6.759913e-05
6.000000e-04 6.929383e-05
6.200000e-04 5.333028e-05
6.400000e-04 4.029608e-05
6.600000e-04 5.183362e-05
6.800000e-04 5.640781e-05
7.000000e-04 4.545364e-05
7.200000e-04 2.988639e-05
7.400000e-04 1.126016e-05
7.600000e-04 2.333303e-05
7.800000e-04 4.650122e-05
8.000000e-04 5.089414e-05
8.200000e-04 2.680922e-05
8.400000e-04 1.964180e-05
8.600000e-04 3.160092e-05
8.800000e-04 2.939631e-05
9.000000e-04 2.406262e-05
9.200000e-04 2.612564e-05
9.400000e-04 3.204270e-05
9.600000e-04 3.491381e-05
9.800000e-04 5.995712e-05
1.000000e-03 6.289660e-05
1.020000e-03 2.156055e-05
1.040000e-03 2.031577e-05
1.060000e-03 5.115037e-05
1.080000e-03 4.119213e-05
1.100000e-03 1.298270e-05
1.120000e-03 1.092806e-05
1.140000e-03 8.427896e-06
1.160000e-03 1.592657e-05
1.180000e-03 3.717797e-05
1.200000e-03 3.829701e-05
1.220000e-03 2.125422e-05
1.240000e-03 1.290646e-05
1.260000e-03 2.807412e-05
1.280000e-03 3.668261e-05
1.300000e-03 2.605691e-05
1.320000e-03 2.681675e-05
1.340000e-03 3.519230e-05
1.360000e-03 3.129801e-05
1.380000e-03 3.050629e-05
1.400000e-03 2.674195e-05
1.420000e-03 3.815937e-05
1.440000e-03 5.653113e-05
1.460000e-03 4.340527e-05
1.480000e-03 2.161604e-05
1.500000e-03 2.049097e-05
1.520000e-03 2.125390e-05
1.540000e-03 -3.206039e-06
1.560000e-03 -5.050713e-06
1.580000e-03 3.703539e-05
1.600000e-03 4.850284e-05
1.620000e-03 1.854253e-05
1.640000e-03 1.328399e-05
1.660000e-03 3.261859e-05
1.680000e-03 3.984732e-05
1.700000e-03 2.997167e-05
1.720000e-03 2.219330e-05
1.740000e-03 6.108904e-06
1.760000e-03 2.219336e-06
1.780000e-03 3.347139e-05
1.800000e-03 3.981527e-05
1.820000e-03 1.406358e-05
1.840000e-03 1.113910e-05
1.860000e-03 2.689013e-05
1.880000e-03 3.091726e-05
1.900000e-03 6.040622e-06
1.920000e-03 -5.810476e-07
1.940000e-03 3.642138e-05
1.960000e-03 4.781938e-05
1.980000e-03 -1.308855e-06
