-2.140000e-03 2.819704e-06
-2.120000e-03 1.426242e-05
-2.100000e-03 2.671616e-05
-2.080000e-03 1.452367e-05
-2.060000e-03 -1.548475e-05
-2.040000e-03 -9.694550e-06
-2.020000e-03 2.956190e-05
-2.000000e-03 3.262536e-05
-1.980000e-03 2.224517e-05
-1.960000e-03 2.626494e-05
-1.940000e-03 3.064175e-05
-1.920000e-03 1.981908e-05
-1.900000e-03 -4.305037e-07
-1.880000e-03 1.040983e-05
-1.860000e-03 8.881875e-06
-1.840000e-03 5.520181e-06
-1.820000e-03 2.252076e-05
-1.800000e-03 2.245293e-05
-1.780000e-03 2.704099e-05
-1.760000e-03 1.996345e-05
-1.740000e-03 2.917896e-05
-1.720000e-03 5.029396e-05
-1.700000e-03 4.292871e-05
-1.680000e-03 1.901963e-05
-1.660000e-03 -3.250299e-06
-1.640000e-03 1.575455e-05
-1.620000e-03 4.670850e-05
-1.600000e-03 4.371239e-05
-1.580000e-03 4.975471e-05
-1.560000e-03 5.063918e-05
-1.540000e-03 5.761875e-05
-1.520000e-03 5.434876e-05
-1.500000e-03 2.660466e-05
-1.480000e-03 2.612875e-05
-1.460000e-03 3.330324e-05
