-1.180000e-03 1.166632e-05
-1.160000e-03 1.972999e-05
-1.140000e-03 -5.596627e-07
-1.120000e-03 -1.312629e-05
-1.100000e-03 2.347007e-05
-1.080000e-03 3.589032e-05
-1.060000e-03 2.470394e-05
-1.040000e-03 1.720187e-05
-1.020000e-03 3.009642e-05
-1.000000e-03 2.811273e-05
-9.800000e-04 3.778260e-05
-9.600000e-04 5.963993e-05
-9.400000e-04 7.182768e-05
-9.200000e-04 6.171829e-05
-9.000000e-04 3.530696e-05
-8.800000e-04 3.372704e-05
-8.600000e-04 4.301778e-05
-8.400000e-04 4.705715e-05
-8.200000e-04 2.790489e-05
-8.000000e-04 2.284137e-05
-7.800000e-04 4.540579e-05
-7.600000e-04 4.234218e-05
-7.400000e-04 3.403030e-05
-7.200000e-04 3.607859e-05
-7.000000e-04 7.414982e-06
-6.800000e-04 1.034065e-05
-6.600000e-04 4.921178e-05
-6.400000e-04 5.284364e-05
-6.200000e-04 6.251768e-05
-6.000000e-04 6.803119e-05
-5.800000e-04 5.608238e-05
-5.600000e-04 5.335332e-05
-5.400000e-04 4.956203e-05
-5.200000e-04 4.711820e-05
-5.000000e-04 7.176991e-05
