-1.000000e-01 8.864849e-04
-9.900000e-02 8.726472e-04
-9.800000e-02 8.728520e-04
-9.700000e-02 8.705774e-04
-9.600000e-02 8.705091e-04
-9.500000e-02 8.708881e-04
-9.400000e-02 8.712294e-04
-9.300000e-02 8.695234e-04
-9.200000e-02 8.676805e-04
-9.100000e-02 8.649222e-04
-9.000000e-02 8.644063e-04
-8.900000e-02 8.623187e-04
-8.800000e-02 8.612942e-04
-8.700000e-02 8.592065e-04
-8.600000e-02 8.587675e-04
-8.500000e-02 8.577397e-04
-8.400000e-02 8.564428e-04
-8.300000e-02 8.534099e-04
-8.200000e-02 8.511574e-04
-8.100000e-02 8.524843e-04
-8.000000e-02 8.541225e-04
-7.900000e-02 8.541225e-04
-7.800000e-02 8.535764e-04
-7.700000e-02 8.497853e-04
-7.600000e-02 8.473280e-04
-7.500000e-02 8.473280e-04
-7.400000e-02 8.489662e-04
-7.300000e-02 8.491558e-04
-7.200000e-02 8.484732e-04
-7.100000e-02 8.472172e-04
-7.000000e-02 8.471068e-04
-6.900000e-02 8.491945e-04
-6.800000e-02 8.492628e-04
-6.700000e-02 8.481240e-04
-6.600000e-02 8.476882e-04
-6.500000e-02 8.468580e-04
-6.400000e-02 8.459706e-04
-6.300000e-02 8.480558e-04
-6.200000e-02 8.482606e-04
-6.100000e-02 8.444695e-04
-6.000000e-02 8.440599e-04
-5.900000e-02 8.453868e-04
-5.800000e-02 8.448407e-04
-5.700000e-02 8.429452e-04
-5.600000e-02 8.420579e-04
-5.500000e-02 8.397831e-04
-5.400000e-02 8.397148e-04
-5.300000e-02 8.400940e-04
-5.200000e-02 8.392066e-04
-5.100000e-02 8.379442e-04
-5.000000e-02 8.376944e-04
-4.900000e-02 8.369352e-04
-4.800000e-02 8.365253e-04
-4.700000e-02 8.361458e-04
-4.600000e-02 8.356677e-04
-4.500000e-02 8.356677e-04
-4.400000e-02 8.358500e-04
-4.300000e-02 8.407153e-04
-4.200000e-02 8.418074e-04
-4.100000e-02 8.385850e-04
-4.000000e-02 8.374246e-04
-3.900000e-02 8.364768e-04
-3.800000e-02 8.353164e-04
-3.700000e-02 8.326626e-04
-3.600000e-02 8.319118e-04
-3.500000e-02 8.296371e-04
-3.400000e-02 8.295689e-04
-3.300000e-02 8.282420e-04
-3.200000e-02 8.276277e-04
-3.100000e-02 8.293922e-04
-3.000000e-02 8.294812e-04
-2.900000e-02 8.289119e-04
-2.800000e-02 8.291168e-04
-2.700000e-02 8.281678e-04
-2.600000e-02 8.273482e-04
-2.500000e-02 8.263992e-04
-2.400000e-02 8.262424e-04
-2.300000e-02 8.259973e-04
-2.200000e-02 8.255195e-04
-2.100000e-02 8.249508e-04
-2.000000e-02 8.253604e-04
-1.900000e-02 8.249813e-04
-1.800000e-02 8.247082e-04
-1.700000e-02 8.267933e-04
-1.600000e-02 8.271346e-04
-1.500000e-02 8.256182e-04
-1.400000e-02 8.252086e-04
-1.300000e-02 8.248295e-04
-1.200000e-02 8.247613e-04
-1.100000e-02 8.267135e-04
-1.000000e-02 8.274848e-04
-9.000000e-03 8.271052e-04
-8.000000e-03 8.265587e-04
-7.000000e-03 8.257996e-04
-6.000000e-03 8.261411e-04
-5.000000e-03 8.272799e-04
-4.000000e-03 8.270548e-04
-3.000000e-03 8.273773e-04
-2.000000e-03 8.284947e-04
-1.000000e-03 8.306760e-04
3.259600e-09 8.307021e-04
1.000000e-03 8.305138e-04
2.000000e-03 8.307191e-04
3.000000e-03 8.297717e-04
4.000000e-03 8.296354e-04
5.000000e-03 8.298250e-04
6.000000e-03 8.294837e-04
7.000000e-03 8.280239e-04
8.000000e-03 8.281605e-04
9.000000e-03 8.275348e-04
1.000000e-02 8.268522e-04
1.100000e-02 8.266626e-04
1.200000e-02 8.272087e-04
1.300000e-02 8.291045e-04
1.400000e-02 8.289680e-04
1.500000e-02 8.266930e-04
1.600000e-02 8.268978e-04
1.700000e-02 8.268978e-04
1.800000e-02 8.262834e-04
1.900000e-02 8.267186e-04
2.000000e-02 8.269438e-04
2.100000e-02 8.246661e-04
2.200000e-02 8.243726e-04
2.300000e-02 8.273526e-04
2.400000e-02 8.283766e-04
2.500000e-02 8.279974e-04
2.600000e-02 8.279292e-04
2.700000e-02 8.286875e-04
2.800000e-02 8.301893e-04
2.900000e-02 8.317059e-04
3.000000e-02 8.310233e-04
3.100000e-02 8.316519e-04
3.200000e-02 8.326298e-04
3.300000e-02 8.339585e-04
3.400000e-02 8.439713e-04
3.500000e-02 8.471326e-04
3.600000e-02 8.398283e-04
3.700000e-02 8.398283e-04
3.800000e-02 8.396917e-04
3.900000e-02 8.412083e-04
4.000000e-02 8.417544e-04
4.100000e-02 8.398587e-04
4.200000e-02 8.408827e-04
4.300000e-02 8.458826e-04
4.400000e-02 8.464543e-04
4.500000e-02 8.453155e-04
4.600000e-02 8.450169e-04
4.700000e-02 8.432411e-04
4.800000e-02 8.441968e-04
4.900000e-02 8.476092e-04
5.000000e-02 8.470631e-04
5.100000e-02 8.464944e-04
5.200000e-02 8.470405e-04
5.300000e-02 8.464718e-04
5.400000e-02 8.551414e-04
5.500000e-02 8.590078e-04
5.600000e-02 8.522088e-04
5.700000e-02 8.520189e-04
5.800000e-02 8.515136e-04
5.900000e-02 8.504912e-04
6.000000e-02 8.506959e-04
6.100000e-02 8.575208e-04
6.200000e-02 8.577256e-04
6.300000e-02 8.560194e-04
6.400000e-02 8.581356e-04
6.500000e-02 8.581356e-04
6.600000e-02 8.580673e-04
6.700000e-02 8.559820e-04
6.800000e-02 8.572107e-04
6.900000e-02 8.588063e-04
7.000000e-02 8.586015e-04
7.100000e-02 8.613662e-04
7.200000e-02 8.618441e-04
7.300000e-02 8.480048e-04
7.400000e-02 8.470491e-04
7.500000e-02 8.625946e-04
7.600000e-02 8.662809e-04
7.700000e-02 8.727266e-04
7.800000e-02 8.723853e-04
7.900000e-02 8.708687e-04
8.000000e-02 8.726436e-04
8.100000e-02 8.752015e-04
8.200000e-02 8.761572e-04
8.300000e-02 8.768220e-04
8.400000e-02 8.770952e-04
8.500000e-02 8.746306e-04
8.600000e-02 8.905364e-04
8.700000e-02 8.406771e-04
8.800000e-02 8.292086e-04
8.900000e-02 8.817220e-04
9.000000e-02 8.809028e-04
9.100000e-02 8.871589e-04
9.200000e-02 9.048395e-04
9.300000e-02 8.960207e-04
9.400000e-02 8.813824e-04
9.500000e-02 8.986550e-04
9.600000e-02 9.006642e-04
9.700000e-02 8.967604e-04
9.800000e-02 8.953951e-04
9.900000e-02 -2.126948e-04
