-5.100000e-04 4.798431e-06
-5.000000e-04 3.150965e-06
-4.900000e-04 7.892159e-06
-4.800000e-04 1.001681e-05
-4.700000e-04 4.035546e-05
-4.600000e-04 5.032679e-05
-4.500000e-04 1.486782e-05
-4.400000e-04 -3.709325e-06
-4.300000e-04 7.285414e-06
-4.200000e-04 1.240153e-05
-4.100000e-04 1.733438e-05
-4.000000e-04 2.676635e-05
-3.900000e-04 3.017851e-05
-3.800000e-04 3.434261e-05
-3.700000e-04 2.144807e-05
-3.600000e-04 1.576354e-05
-3.500000e-04 3.927786e-05
-3.400000e-04 5.411591e-05
-3.300000e-04 4.747908e-05
-3.200000e-04 3.989666e-05
-3.100000e-04 4.994566e-05
-3.000000e-04 4.541861e-05
-2.900000e-04 4.162732e-05
-2.800000e-04 4.793105e-05
-2.700000e-04 5.854666e-05
-2.600000e-04 4.543312e-05
-2.500000e-04 3.955870e-05
-2.400000e-04 6.182427e-05
-2.300000e-04 7.729613e-05
-2.200000e-04 6.773295e-05
-2.100000e-04 5.434421e-05
-2.000000e-04 5.762447e-05
-1.900000e-04 7.184806e-05
-1.800000e-04 6.931959e-05
-1.700000e-04 7.974772e-05
