-1.500000e-02 2.551532e-05
-1.485000e-02 2.969125e-05
-1.470000e-02 3.051098e-05
-1.455000e-02 2.994154e-05
-1.440000e-02 2.939505e-05
-1.425000e-02 2.958486e-05
-1.410000e-02 2.931162e-05
-1.395000e-02 2.836254e-05
-1.380000e-02 2.836254e-05
-1.365000e-02 2.741347e-05
-1.350000e-02 2.720853e-05
-1.335000e-02 2.872705e-05
-1.320000e-02 2.900030e-05
-1.305000e-02 2.881048e-05
-1.290000e-02 2.948269e-05
-1.275000e-02 3.077986e-05
-1.260000e-02 3.091635e-05
-1.245000e-02 3.034782e-05
-1.230000e-02 2.925590e-05
-1.215000e-02 2.792934e-05
-1.200000e-02 2.758811e-05
-1.185000e-02 2.512450e-05
-1.170000e-02 2.491976e-05
-1.155000e-02 2.491976e-05
-1.140000e-02 2.485152e-05
-1.125000e-02 2.560955e-05
-1.110000e-02 2.588253e-05
-1.095000e-02 2.588253e-05
-1.080000e-02 2.588253e-05
-1.065000e-02 2.588253e-05
-1.050000e-02 2.588253e-05
-1.035000e-02 2.607204e-05
-1.020000e-02 2.614028e-05
-1.005000e-02 2.651930e-05
-9.900000e-03 2.679229e-05
-9.750000e-03 2.773983e-05
-9.600000e-03 2.726211e-05
-9.450000e-03 2.463287e-05
-9.300000e-03 2.430083e-05
-9.150000e-03 2.581936e-05
-9.000000e-03 2.718558e-05
-8.850000e-03 3.003280e-05
-8.700000e-03 3.051098e-05
-8.550000e-03 3.070080e-05
-8.400000e-03 2.994937e-05
-8.250000e-03 2.994937e-05
-8.100000e-03 3.056417e-05
-7.950000e-03 3.037436e-05
-7.800000e-03 3.016943e-05
-7.650000e-03 2.884072e-05
-7.500000e-03 2.870410e-05
-7.350000e-03 2.984299e-05
-7.200000e-03 2.983247e-05
-7.050000e-03 2.980186e-05
-6.900000e-03 2.987011e-05
-6.750000e-03 2.987011e-05
-6.600000e-03 2.973361e-05
-6.450000e-03 2.840705e-05
-6.300000e-03 2.833881e-05
-6.150000e-03 2.852832e-05
-6.000000e-03 2.798235e-05
-5.850000e-03 2.684530e-05
-5.700000e-03 2.684530e-05
-5.550000e-03 2.627678e-05
-5.400000e-03 2.607204e-05
-5.250000e-03 2.588253e-05
-5.100000e-03 2.547306e-05
-4.950000e-03 2.528355e-05
-4.800000e-03 2.542004e-05
-4.650000e-03 2.485152e-05
-4.500000e-03 2.512450e-05
-4.350000e-03 2.550351e-05
-4.200000e-03 2.482106e-05
-4.050000e-03 2.482106e-05
-3.900000e-03 2.536702e-05
-3.750000e-03 2.441948e-05
-3.600000e-03 2.448772e-05
-3.450000e-03 2.678908e-05
-3.300000e-03 2.734516e-05
-3.150000e-03 2.886368e-05
-3.000000e-03 2.886368e-05
-2.850000e-03 2.772479e-05
-2.700000e-03 2.751985e-05
-2.550000e-03 2.676059e-05
-2.400000e-03 2.682891e-05
-2.250000e-03 2.720853e-05
-2.100000e-03 2.720853e-05
-1.950000e-03 2.910668e-05
-1.800000e-03 2.978980e-05
-1.650000e-03 3.035924e-05
-1.500000e-03 3.035924e-05
-1.350000e-03 2.997961e-05
-1.200000e-03 3.031019e-05
-1.050000e-03 3.046908e-05
-9.000000e-04 3.026435e-05
-7.500000e-04 2.969582e-05
-6.000000e-04 2.860390e-05
-4.500000e-04 2.519274e-05
-3.000000e-04 2.451405e-05
-1.500000e-04 2.413127e-05
1.047700e-09 2.468102e-05
1.500000e-04 2.657640e-05
3.000000e-04 2.671291e-05
4.500000e-04 2.576522e-05
6.000000e-04 2.576522e-05
7.500000e-04 2.766060e-05
9.000000e-04 2.779711e-05
1.050000e-03 2.706621e-05
1.200000e-03 2.714439e-05
1.350000e-03 2.486626e-05
1.500000e-03 2.390976e-05
1.650000e-03 2.504882e-05
1.800000e-03 2.592715e-05
1.950000e-03 2.628081e-05
2.100000e-03 2.600779e-05
2.250000e-03 2.676594e-05
2.400000e-03 2.703896e-05
2.550000e-03 2.571220e-05
2.700000e-03 2.523441e-05
2.850000e-03 2.637164e-05
3.000000e-03 2.712247e-05
3.150000e-03 2.807021e-05
3.300000e-03 2.834325e-05
3.450000e-03 2.872234e-05
3.600000e-03 2.858583e-05
3.750000e-03 2.937430e-05
3.900000e-03 2.958952e-05
4.050000e-03 2.864030e-05
4.200000e-03 2.829869e-05
4.350000e-03 2.905806e-05
4.500000e-03 2.993527e-05
4.650000e-03 3.066342e-05
4.800000e-03 3.045865e-05
4.950000e-03 3.102727e-05
5.100000e-03 3.123204e-05
5.250000e-03 3.009480e-05
5.400000e-03 2.913922e-05
5.550000e-03 2.819153e-05
5.700000e-03 2.853281e-05
5.850000e-03 2.853281e-05
6.000000e-03 2.839630e-05
6.150000e-03 2.972307e-05
6.300000e-03 2.999609e-05
6.450000e-03 2.755903e-05
6.600000e-03 2.695465e-05
6.750000e-03 2.752419e-05
6.900000e-03 2.738754e-05
7.050000e-03 2.529925e-05
7.200000e-03 2.453865e-05
7.350000e-03 2.546184e-05
7.500000e-03 2.621266e-05
7.650000e-03 2.621266e-05
7.800000e-03 2.614440e-05
7.950000e-03 2.462809e-05
8.100000e-03 2.374077e-05
8.250000e-03 2.317215e-05
8.400000e-03 2.358169e-05
8.550000e-03 2.547707e-05
8.700000e-03 2.581835e-05
8.850000e-03 2.676604e-05
9.000000e-03 2.738035e-05
9.150000e-03 2.816698e-05
9.300000e-03 2.824549e-05
9.450000e-03 2.900486e-05
9.600000e-03 2.933589e-05
9.750000e-03 3.006435e-05
9.900000e-03 2.985958e-05
1.005000e-02 2.985958e-05
1.020000e-02 3.054214e-05
1.035000e-02 3.035260e-05
1.050000e-02 2.973830e-05
1.065000e-02 2.973830e-05
1.080000e-02 2.994306e-05
1.095000e-02 2.918491e-05
1.110000e-02 2.870712e-05
1.125000e-02 2.870712e-05
1.140000e-02 2.891189e-05
1.155000e-02 2.894128e-05
1.170000e-02 2.895166e-05
1.185000e-02 2.876182e-05
1.200000e-02 2.862517e-05
1.215000e-02 2.748611e-05
1.230000e-02 2.686155e-05
1.245000e-02 2.626568e-05
1.260000e-02 2.592440e-05
1.275000e-02 2.459764e-05
1.290000e-02 2.466589e-05
1.305000e-02 2.523451e-05
1.320000e-02 2.571230e-05
1.335000e-02 2.590184e-05
1.350000e-02 2.549230e-05
1.365000e-02 2.606091e-05
1.380000e-02 2.626568e-05
1.395000e-02 2.588660e-05
1.410000e-02 2.602312e-05
1.425000e-02 2.813713e-05
1.440000e-02 2.910343e-05
1.455000e-02 3.005265e-05
1.470000e-02 2.964272e-05
1.485000e-02 2.926303e-05
