-1.500000e-02 8.836711e-05
-1.485000e-02 8.798749e-05
-1.470000e-02 8.778255e-05
-1.455000e-02 8.740291e-05
-1.440000e-02 8.747123e-05
-1.425000e-02 8.690178e-05
-1.410000e-02 8.662854e-05
-1.395000e-02 8.605910e-05
-1.380000e-02 8.564923e-05
-1.365000e-02 8.621867e-05
-1.350000e-02 8.703841e-05
-1.335000e-02 8.988563e-05
-1.320000e-02 1.016352e-04
-1.305000e-02 1.327648e-04
-1.290000e-02 1.313565e-04
-1.275000e-02 9.539757e-05
-1.260000e-02 8.297695e-05
-1.245000e-02 8.316646e-05
-1.230000e-02 8.241576e-05
-1.215000e-02 8.165772e-05
-1.200000e-02 8.145298e-05
-1.185000e-02 7.993692e-05
-1.170000e-02 7.980043e-05
-1.155000e-02 7.961092e-05
-1.140000e-02 7.933794e-05
-1.125000e-02 8.066450e-05
-1.110000e-02 8.093748e-05
-1.095000e-02 8.093748e-05
-1.080000e-02 8.114221e-05
-1.065000e-02 8.057369e-05
-1.050000e-02 8.036895e-05
-1.035000e-02 8.017944e-05
-1.020000e-02 7.956524e-05
-1.005000e-02 7.710162e-05
-9.900000e-03 7.587321e-05
-9.750000e-03 7.340960e-05
-9.600000e-03 7.368257e-05
-9.450000e-03 7.584372e-05
-9.300000e-03 7.614447e-05
-9.150000e-03 7.557502e-05
-9.000000e-03 7.455036e-05
-8.850000e-03 7.227258e-05
-8.700000e-03 7.234089e-05
-8.550000e-03 7.404922e-05
-8.400000e-03 7.384428e-05
-8.250000e-03 7.194614e-05
-8.100000e-03 7.174120e-05
-7.950000e-03 7.306991e-05
-7.800000e-03 7.341147e-05
-7.650000e-03 7.227257e-05
-7.500000e-03 7.158946e-05
-7.350000e-03 7.158946e-05
-7.200000e-03 7.217754e-05
-7.050000e-03 7.475873e-05
-6.900000e-03 7.591889e-05
-6.750000e-03 7.781398e-05
-6.600000e-03 7.733626e-05
-6.450000e-03 7.638871e-05
-6.300000e-03 7.659345e-05
-6.150000e-03 7.469837e-05
-6.000000e-03 7.387943e-05
-5.850000e-03 7.482697e-05
-5.700000e-03 7.544118e-05
-5.550000e-03 7.619921e-05
-5.400000e-03 7.613097e-05
-5.250000e-03 7.499391e-05
-5.100000e-03 7.403848e-05
-4.950000e-03 7.176438e-05
-4.800000e-03 7.176438e-05
-4.650000e-03 7.157487e-05
-4.500000e-03 7.157487e-05
-4.350000e-03 7.328044e-05
-4.200000e-03 7.328044e-05
-4.050000e-03 7.176438e-05
-3.900000e-03 7.162789e-05
-3.750000e-03 7.238592e-05
-3.600000e-03 7.231768e-05
-3.450000e-03 7.068252e-05
-3.300000e-03 7.098194e-05
-3.150000e-03 7.231065e-05
-3.000000e-03 7.251558e-05
-2.850000e-03 7.289521e-05
-2.700000e-03 7.282690e-05
-2.550000e-03 7.225745e-05
-2.400000e-03 7.259901e-05
-2.250000e-03 7.373790e-05
-2.100000e-03 7.312310e-05
-1.950000e-03 7.198421e-05
-1.800000e-03 7.253070e-05
-1.650000e-03 7.461866e-05
-1.500000e-03 7.496022e-05
-1.350000e-03 7.552966e-05
-1.200000e-03 7.468354e-05
-1.050000e-03 7.214339e-05
-9.000000e-04 7.111971e-05
-7.500000e-04 6.960364e-05
-6.000000e-04 6.919417e-05
-4.500000e-04 6.862565e-05
-3.000000e-04 6.904572e-05
-1.500000e-04 7.130922e-05
1.047700e-09 7.152493e-05
1.500000e-04 7.190401e-05
3.000000e-04 7.217703e-05
4.500000e-04 7.179796e-05
6.000000e-04 7.159319e-05
7.500000e-04 7.159319e-05
9.000000e-04 7.268530e-05
1.050000e-03 7.465667e-05
1.200000e-03 7.475175e-05
1.350000e-03 7.399249e-05
1.500000e-03 7.317267e-05
1.650000e-03 7.051486e-05
1.800000e-03 7.048887e-05
1.950000e-03 6.984983e-05
2.100000e-03 7.025937e-05
2.250000e-03 7.367106e-05
2.400000e-03 7.455839e-05
2.550000e-03 7.455839e-05
2.700000e-03 7.435362e-05
2.850000e-03 7.416408e-05
3.000000e-03 7.402757e-05
3.150000e-03 7.383803e-05
3.300000e-03 7.390629e-05
3.450000e-03 7.352721e-05
3.600000e-03 7.304942e-05
3.750000e-03 7.141461e-05
3.900000e-03 7.089455e-05
4.050000e-03 7.165393e-05
4.200000e-03 7.172226e-05
4.350000e-03 7.039334e-05
4.500000e-03 7.050380e-05
4.650000e-03 7.346629e-05
4.800000e-03 7.421711e-05
4.950000e-03 7.402757e-05
5.100000e-03 7.368629e-05
5.250000e-03 7.387583e-05
5.400000e-03 7.476316e-05
5.550000e-03 7.741670e-05
5.700000e-03 7.728019e-05
5.850000e-03 7.519526e-05
6.000000e-03 7.499049e-05
6.150000e-03 7.518003e-05
6.300000e-03 7.552131e-05
6.450000e-03 7.692647e-05
6.600000e-03 7.756881e-05
6.750000e-03 7.946726e-05
6.900000e-03 7.926229e-05
7.050000e-03 7.698416e-05
7.200000e-03 7.736585e-05
7.350000e-03 7.880438e-05
7.500000e-03 7.812183e-05
7.650000e-03 7.527875e-05
7.800000e-03 7.480096e-05
7.950000e-03 7.499049e-05
8.100000e-03 7.519526e-05
8.250000e-03 7.424757e-05
8.400000e-03 7.397454e-05
8.550000e-03 7.378501e-05
8.700000e-03 7.358024e-05
8.850000e-03 7.433839e-05
9.000000e-03 7.481618e-05
9.150000e-03 7.432197e-05
9.300000e-03 7.462257e-05
9.450000e-03 7.633118e-05
9.600000e-03 7.650836e-05
9.750000e-03 7.605213e-05
9.900000e-03 7.605213e-05
1.005000e-02 7.548351e-05
1.020000e-02 7.452793e-05
1.035000e-02 7.187439e-05
1.050000e-02 7.242044e-05
1.065000e-02 7.488444e-05
1.080000e-02 7.529397e-05
1.095000e-02 7.662074e-05
1.110000e-02 7.737156e-05
1.125000e-02 7.812971e-05
1.140000e-02 7.765192e-05
1.155000e-02 7.697124e-05
1.170000e-02 7.754585e-05
1.185000e-02 7.849508e-05
1.200000e-02 7.870005e-05
1.215000e-02 8.059849e-05
1.230000e-02 8.091100e-05
1.245000e-02 8.120801e-05
1.260000e-02 8.598593e-05
1.275000e-02 9.735825e-05
1.290000e-02 1.065045e-04
1.305000e-02 9.987069e-05
1.320000e-02 8.922277e-05
1.335000e-02 8.960185e-05
1.350000e-02 8.980661e-05
1.365000e-02 9.094384e-05
1.380000e-02 9.128512e-05
1.395000e-02 8.976882e-05
1.410000e-02 8.997358e-05
1.425000e-02 9.215220e-05
1.440000e-02 9.191191e-05
1.455000e-02 8.906424e-05
1.470000e-02 8.817606e-05
1.485000e-02 8.836590e-05
