5.666700e-04 1.383211e-05
5.733300e-04 1.398787e-05
5.800000e-04 1.421312e-05
5.866700e-04 1.384239e-05
5.933300e-04 1.376731e-05
6.000000e-04 1.379381e-05
6.066700e-04 1.347087e-05
6.133300e-04 1.348163e-05
6.200000e-04 1.330902e-05
6.266700e-04 1.339508e-05
6.333300e-04 1.319190e-05
6.400000e-04 1.327796e-05
6.466700e-04 1.361628e-05
6.533300e-04 1.380459e-05
6.600000e-04 1.386466e-05
6.666700e-04 1.386998e-05
6.733300e-04 1.371981e-05
6.800000e-04 1.333831e-05
6.866700e-04 1.306801e-05
6.933300e-04 1.312680e-05
7.000000e-04 1.302862e-05
7.066700e-04 1.309316e-05
7.133300e-04 1.325141e-05
7.200000e-04 1.358488e-05
7.266700e-04 1.413311e-05
7.333300e-04 1.427295e-05
7.400000e-04 1.408512e-05
7.466700e-04 1.373013e-05
7.533300e-04 1.327162e-05
7.600000e-04 1.311026e-05
7.666700e-04 1.317835e-05
7.733300e-04 1.335601e-05
7.800000e-04 1.347615e-05
7.866700e-04 1.339531e-05
7.933300e-04 1.346263e-05
8.000000e-04 1.352718e-05
8.066700e-04 1.350492e-05
8.133300e-04 1.351568e-05
8.200000e-04 1.361311e-05
8.266700e-04 1.366690e-05
8.333300e-04 1.362955e-05
8.400000e-04 1.361879e-05
8.466700e-04 1.376137e-05
8.533300e-04 1.369682e-05
8.600000e-04 1.346415e-05
8.666700e-04 1.348046e-05
8.733300e-04 1.357056e-05
8.800000e-04 1.354349e-05
8.866700e-04 1.346059e-05
