1.306700e-03 9.900000e+37
1.313300e-03 9.900000e+37
1.320000e-03 9.900000e+37
1.326700e-03 9.900000e+37
1.333300e-03 9.900000e+37
1.340000e-03 9.900000e+37
1.346700e-03 9.900000e+37
1.353300e-03 9.900000e+37
1.360000e-03 9.900000e+37
1.366700e-03 9.900000e+37
1.373300e-03 9.900000e+37
1.380000e-03 9.900000e+37
1.386700e-03 9.900000e+37
1.393300e-03 9.900000e+37
1.400000e-03 9.900000e+37
1.406700e-03 9.900000e+37
1.413300e-03 9.900000e+37
1.420000e-03 9.900000e+37
1.426700e-03 9.900000e+37
1.433300e-03 9.900000e+37
1.440000e-03 9.900000e+37
1.446700e-03 9.900000e+37
1.453300e-03 9.900000e+37
1.460000e-03 9.900000e+37
1.466700e-03 9.900000e+37
1.473300e-03 9.900000e+37
1.480000e-03 9.900000e+37
1.486700e-03 9.900000e+37
1.493300e-03 9.900000e+37
1.500000e-03 9.900000e+37
1.506700e-03 9.900000e+37
1.513300e-03 9.900000e+37
1.520000e-03 9.900000e+37
1.526700e-03 9.900000e+37
1.533300e-03 9.900000e+37
1.540000e-03 9.900000e+37
1.546700e-03 9.900000e+37
1.553300e-03 9.900000e+37
1.560000e-03 9.900000e+37
1.566700e-03 9.900000e+37
1.573300e-03 9.900000e+37
1.580000e-03 9.900000e+37
1.586700e-03 9.900000e+37
1.593300e-03 9.900000e+37
1.600000e-03 9.900000e+37
1.606700e-03 9.900000e+37
1.613300e-03 9.900000e+37
1.620000e-03 9.900000e+37
1.626700e-03 9.900000e+37
