8.300000e-02 -2.223090e-03
8.400000e-02 -3.423939e-03
8.500000e-02 -6.601479e-03
8.600000e-02 -4.673402e-03
8.700000e-02 -1.765825e-02
8.800000e-02 -1.785301e-02
8.900000e-02 5.331442e-05
9.000000e-02 3.616868e-06
9.100000e-02 4.475406e-05
9.200000e-02 2.277159e-05
9.300000e-02 -1.422499e-05
9.400000e-02 -5.335122e-06
9.500000e-02 6.817461e-06
9.600000e-02 1.909112e-05
9.700000e-02 2.941781e-04
9.800000e-02 3.504961e-04
9.900000e-02 9.779148e-05
-8.300000e-02 7.613782e-06
-8.200000e-02 5.703130e-06
-8.100000e-02 3.620680e-06
-8.000000e-02 8.739247e-06
-7.900000e-02 2.408690e-05
-7.800000e-02 2.333554e-05
-7.700000e-02 2.298631e-06
-7.600000e-02 4.569666e-07
-7.500000e-02 6.712646e-06
-7.400000e-02 1.927136e-05
-7.300000e-02 2.040837e-05
-7.200000e-02 2.245550e-05
-7.100000e-02 4.713107e-05
-7.000000e-02 3.614569e-05
-6.900000e-02 9.766634e-06
-6.800000e-02 8.879652e-06
-6.700000e-02 6.223399e-06
-6.600000e-02 7.243747e-06
-6.500000e-02 2.676788e-05
-6.400000e-02 3.065817e-05
-6.300000e-02 1.947541e-05
-6.200000e-02 2.753464e-06
-6.100000e-02 -1.260252e-05
-6.000000e-02 -1.752001e-06
-5.900000e-02 2.326655e-05
-5.800000e-02 1.159568e-05
-5.700000e-02 5.535752e-06
-5.600000e-02 2.792517e-05
-5.500000e-02 9.537135e-06
-5.400000e-02 7.284546e-06
-5.300000e-02 4.860868e-05
-5.200000e-02 3.775516e-05
-5.100000e-02 -1.606743e-07
-5.000000e-02 -1.524880e-06
-4.900000e-02 4.926021e-06
-4.800000e-02 1.038899e-05
-4.700000e-02 3.487072e-05
-4.600000e-02 3.992547e-05
-4.500000e-02 5.492058e-05
-4.400000e-02 6.631332e-05
-4.300000e-02 4.332443e-05
-4.200000e-02 4.120682e-05
-4.100000e-02 4.689191e-05
-4.000000e-02 4.272867e-05
-3.900000e-02 4.974236e-05
-3.800000e-02 5.629467e-05
-3.700000e-02 4.965998e-05
-3.600000e-02 4.679400e-05
-3.500000e-02 7.655637e-05
-3.400000e-02 8.788681e-05
-3.300000e-02 8.182272e-05
-3.200000e-02 7.465552e-05
-3.100000e-02 5.136906e-05
-3.000000e-02 4.906490e-05
-2.900000e-02 9.822017e-05
-2.800000e-02 1.070300e-04
-2.700000e-02 7.780284e-05
-2.600000e-02 7.186111e-05
-2.500000e-02 5.724546e-05
-2.400000e-02 6.391625e-05
-2.300000e-02 7.961200e-05
-2.200000e-02 7.742841e-05
-2.100000e-02 8.103104e-05
-2.000000e-02 8.621859e-05
-1.900000e-02 1.006250e-04
-1.800000e-02 1.104542e-04
-1.700000e-02 1.282716e-04
-1.600000e-02 1.401480e-04
-1.500000e-02 1.486819e-04
-1.400000e-02 1.558505e-04
-1.300000e-02 1.964167e-04
-1.200000e-02 2.076781e-04
-1.100000e-02 2.203615e-04
-1.000000e-02 2.365360e-04
-9.000000e-03 2.492502e-04
-8.000000e-03 2.760937e-04
-7.000000e-03 3.347398e-04
-6.000000e-03 3.970356e-04
-5.000000e-03 5.266583e-04
-4.000000e-03 1.667992e-03
-3.000000e-03 4.787874e-03
-2.000000e-03 2.903986e+00
-1.000000e-03 1.095388e+01
3.259600e-09 1.105231e+01
1.000000e-03 5.972850e+00
2.000000e-03 4.046464e+00
3.000000e-03 1.077031e+00
4.000000e-03 -6.576078e-02
5.000000e-03 -2.703095e-01
6.000000e-03 -1.987047e-01
7.000000e-03 8.411007e-02
8.000000e-03 1.145123e-01
9.000000e-03 3.024799e-02
1.000000e-02 -5.227606e-04
1.100000e-02 2.264243e-03
1.200000e-02 2.565156e-03
1.300000e-02 6.536362e-05
1.400000e-02 2.682455e-04
1.500000e-02 -6.522566e-05
1.600000e-02 -5.607630e-05
1.700000e-02 -2.883082e-04
1.800000e-02 -5.323563e-04
1.900000e-02 -7.429821e-04
2.000000e-02 -2.707271e-03
2.100000e-02 -6.743368e-03
2.200000e-02 -4.677638e-03
2.300000e-02 -1.162174e-04
2.400000e-02 -7.690366e-04
2.500000e-02 -2.098365e-03
2.600000e-02 -1.514833e-03
2.700000e-02 2.727374e-02
2.800000e-02 2.795277e-02
2.900000e-02 -9.814640e-05
3.000000e-02 4.481619e-03
3.100000e-02 2.116327e-03
3.200000e-02 -3.422440e-03
3.300000e-02 -2.615181e-03
3.400000e-02 -1.977027e-03
3.500000e-02 2.206681e-03
3.600000e-02 5.639513e-04
3.700000e-02 -3.670114e-03
3.800000e-02 -1.790163e-03
3.900000e-02 1.582642e-03
4.000000e-02 1.061504e-03
4.100000e-02 -2.638894e-03
4.200000e-02 -2.596090e-03
4.300000e-02 1.484363e-06
4.400000e-02 -4.049859e-04
4.500000e-02 -3.596202e-04
4.600000e-02 1.575168e-03
4.700000e-02 1.569278e-03
4.800000e-02 -1.165273e-04
4.900000e-02 -5.643355e-05
5.000000e-02 -5.882438e-05
5.100000e-02 2.160651e-04
5.200000e-02 2.160666e-04
5.300000e-02 3.830400e-03
5.400000e-02 3.729299e-03
5.500000e-02 -3.738497e-03
5.600000e-02 -3.506280e-03
5.700000e-02 1.853118e-04
5.800000e-02 7.603875e-05
5.900000e-02 -4.286481e-04
6.000000e-02 -4.672855e-04
6.100000e-02 -1.248120e-05
6.200000e-02 3.969659e-06
6.300000e-02 4.889318e-05
6.400000e-02 4.281710e-05
6.500000e-02 5.059384e-05
6.600000e-02 -1.220830e-05
6.700000e-02 -2.093719e-04
6.800000e-02 -1.458183e-04
6.900000e-02 2.407059e-06
7.000000e-02 -1.629664e-05
7.100000e-02 2.524806e-05
7.200000e-02 3.712573e-05
7.300000e-02 2.309677e-05
7.400000e-02 2.350624e-05
7.500000e-02 5.611692e-05
7.600000e-02 6.799609e-05
7.700000e-02 1.908216e-05
7.800000e-02 -1.602909e-06
7.900000e-02 5.602915e-05
8.000000e-02 5.575467e-05
8.100000e-02 5.143894e-05
8.200000e-02 6.420455e-05
8.300000e-02 3.458502e-05
8.400000e-02 2.721303e-05
8.500000e-02 1.678294e-05
8.600000e-02 -8.202326e-06
8.700000e-02 -2.090254e-05
8.800000e-02 2.872602e-05
8.900000e-02 5.659651e-05
9.000000e-02 3.645891e-05
9.100000e-02 6.693170e-06
9.200000e-02 1.847006e-06
9.300000e-02 3.295844e-05
9.400000e-02 2.620476e-05
9.500000e-02 5.334580e-05
9.600000e-02 -5.218009e-07
9.700000e-02 -1.914830e-04
9.800000e-02 -1.166637e-04
9.900000e-02 2.666255e-05
