-1.000000e-01 2.404609e-03
-9.900000e-02 2.377502e-03
-9.800000e-02 2.361393e-03
-9.700000e-02 2.335613e-03
-9.600000e-02 2.320051e-03
-9.500000e-02 2.294271e-03
-9.400000e-02 2.279118e-03
-9.300000e-02 2.251253e-03
-9.200000e-02 2.235690e-03
-9.100000e-02 2.212335e-03
-9.000000e-02 2.197640e-03
-8.900000e-02 2.175245e-03
-8.800000e-02 2.161857e-03
-8.700000e-02 2.138324e-03
-8.600000e-02 2.124087e-03
-8.500000e-02 2.100488e-03
-8.400000e-02 2.086973e-03
-8.300000e-02 2.066121e-03
-8.200000e-02 2.053357e-03
-8.100000e-02 2.029663e-03
-8.000000e-02 2.016148e-03
-7.900000e-02 1.995865e-03
-7.800000e-02 1.983715e-03
-7.700000e-02 1.961727e-03
-7.600000e-02 1.949509e-03
-7.500000e-02 1.929984e-03
-7.400000e-02 1.917698e-03
-7.300000e-02 1.897036e-03
-7.200000e-02 1.886047e-03
-7.100000e-02 1.867550e-03
-7.000000e-02 1.856722e-03
-6.900000e-02 1.840970e-03
-6.800000e-02 1.830997e-03
-6.700000e-02 1.814106e-03
-6.600000e-02 1.804122e-03
-6.500000e-02 1.787022e-03
-6.400000e-02 1.776579e-03
-6.300000e-02 1.759519e-03
-6.200000e-02 1.749826e-03
-6.100000e-02 1.733524e-03
-6.000000e-02 1.724037e-03
-5.900000e-02 1.708493e-03
-5.800000e-02 1.699073e-03
-5.700000e-02 1.684098e-03
-5.600000e-02 1.675430e-03
-5.500000e-02 1.661781e-03
-5.400000e-02 1.653932e-03
-5.300000e-02 1.642558e-03
-5.200000e-02 1.634572e-03
-5.100000e-02 1.620250e-03
-5.000000e-02 1.612565e-03
-4.900000e-02 1.598710e-03
-4.800000e-02 1.589899e-03
-4.700000e-02 1.577563e-03
-4.600000e-02 1.571415e-03
-4.500000e-02 1.559269e-03
-4.400000e-02 1.552017e-03
-4.300000e-02 1.540416e-03
-4.200000e-02 1.533180e-03
-4.100000e-02 1.520480e-03
-4.000000e-02 1.513518e-03
-3.900000e-02 1.503850e-03
-3.800000e-02 1.496410e-03
-3.700000e-02 1.483331e-03
-3.600000e-02 1.476164e-03
-3.500000e-02 1.462516e-03
-3.400000e-02 1.454120e-03
-3.300000e-02 1.440093e-03
-3.200000e-02 1.432858e-03
-3.100000e-02 1.422936e-03
-3.000000e-02 1.417314e-03
-2.900000e-02 1.406686e-03
-2.800000e-02 1.400402e-03
-2.700000e-02 1.391102e-03
-2.600000e-02 1.385433e-03
-2.500000e-02 1.374995e-03
-2.400000e-02 1.369158e-03
-2.300000e-02 1.359971e-03
-2.200000e-02 1.354783e-03
-2.100000e-02 1.347770e-03
-2.000000e-02 1.343538e-03
-1.900000e-02 1.336335e-03
-1.800000e-02 1.331966e-03
-1.700000e-02 1.324573e-03
-1.600000e-02 1.320137e-03
-1.500000e-02 1.311796e-03
-1.400000e-02 1.309066e-03
-1.300000e-02 1.308687e-03
-1.200000e-02 1.311963e-03
-1.100000e-02 1.322442e-03
-1.000000e-02 1.323348e-03
-9.000000e-03 1.322209e-03
-8.000000e-03 1.314422e-03
-7.000000e-03 1.287472e-03
-6.000000e-03 1.273743e-03
-5.000000e-03 1.252676e-03
-4.000000e-03 1.240319e-03
-3.000000e-03 1.223644e-03
-2.000000e-03 1.216615e-03
-1.000000e-03 1.208327e-03
3.259600e-09 1.206826e-03
1.000000e-03 1.207017e-03
2.000000e-03 1.210841e-03
3.000000e-03 1.226197e-03
4.000000e-03 1.235277e-03
5.000000e-03 1.250633e-03
6.000000e-03 1.263193e-03
7.000000e-03 1.289009e-03
8.000000e-03 1.303549e-03
9.000000e-03 1.324750e-03
1.000000e-02 1.328641e-03
1.100000e-02 1.324091e-03
1.200000e-02 1.322248e-03
1.300000e-02 1.317319e-03
1.400000e-02 1.316568e-03
1.500000e-02 1.318843e-03
1.600000e-02 1.321846e-03
1.700000e-02 1.331136e-03
1.800000e-02 1.335778e-03
1.900000e-02 1.341912e-03
2.000000e-02 1.346376e-03
2.100000e-02 1.353209e-03
2.200000e-02 1.357483e-03
2.300000e-02 1.363853e-03
2.400000e-02 1.368154e-03
2.500000e-02 1.376495e-03
2.600000e-02 1.382434e-03
2.700000e-02 1.394946e-03
2.800000e-02 1.402046e-03
2.900000e-02 1.412283e-03
3.000000e-02 1.418222e-03
3.100000e-02 1.428024e-03
3.200000e-02 1.434287e-03
3.300000e-02 1.446814e-03
3.400000e-02 1.454205e-03
3.500000e-02 1.466189e-03
3.600000e-02 1.473494e-03
3.700000e-02 1.485816e-03
3.800000e-02 1.493189e-03
3.900000e-02 1.506459e-03
4.000000e-02 1.513764e-03
4.100000e-02 1.523243e-03
4.200000e-02 1.530138e-03
4.300000e-02 1.544199e-03
4.400000e-02 1.551859e-03
4.500000e-02 1.564387e-03
4.600000e-02 1.572564e-03
4.700000e-02 1.587303e-03
4.800000e-02 1.595905e-03
4.900000e-02 1.607848e-03
5.000000e-02 1.615358e-03
5.100000e-02 1.629955e-03
5.200000e-02 1.638557e-03
5.300000e-02 1.651638e-03
5.400000e-02 1.660239e-03
5.500000e-02 1.675917e-03
5.600000e-02 1.685184e-03
5.700000e-02 1.699610e-03
5.800000e-02 1.708160e-03
5.900000e-02 1.722418e-03
6.000000e-02 1.731292e-03
6.100000e-02 1.746080e-03
6.200000e-02 1.755842e-03
6.300000e-02 1.770250e-03
6.400000e-02 1.779192e-03
6.500000e-02 1.797013e-03
6.600000e-02 1.807321e-03
6.700000e-02 1.824762e-03
6.800000e-02 1.835070e-03
6.900000e-02 1.851639e-03
7.000000e-02 1.863040e-03
7.100000e-02 1.882490e-03
7.200000e-02 1.893208e-03
7.300000e-02 1.913493e-03
7.400000e-02 1.926122e-03
7.500000e-02 1.945838e-03
7.600000e-02 1.958058e-03
7.700000e-02 1.977964e-03
7.800000e-02 1.989296e-03
7.900000e-02 2.009581e-03
8.000000e-02 2.022346e-03
8.100000e-02 2.042093e-03
8.200000e-02 2.055200e-03
8.300000e-02 2.080573e-03
8.400000e-02 2.094977e-03
8.500000e-02 2.118106e-03
8.600000e-02 2.132510e-03
8.700000e-02 2.157155e-03
8.800000e-02 2.170467e-03
8.900000e-02 2.193027e-03
9.000000e-02 2.207567e-03
9.100000e-02 2.231834e-03
9.200000e-02 2.247193e-03
9.300000e-02 2.273942e-03
9.400000e-02 2.289041e-03
9.500000e-02 2.315424e-03
9.600000e-02 2.331523e-03
9.700000e-02 2.358772e-03
9.800000e-02 2.374610e-03
9.900000e-02 2.399634e-03
