-1.500000e-02 6.602488e-05
-1.485000e-02 6.374709e-05
-1.470000e-02 6.381541e-05
-1.455000e-02 6.495430e-05
-1.440000e-02 6.461274e-05
-1.425000e-02 6.328404e-05
-1.410000e-02 6.301079e-05
-1.395000e-02 6.395987e-05
-1.380000e-02 6.436973e-05
-1.365000e-02 6.417992e-05
-1.350000e-02 6.404330e-05
-1.335000e-02 6.271459e-05
-1.320000e-02 6.257797e-05
-1.305000e-02 6.485575e-05
-1.290000e-02 6.571966e-05
-1.275000e-02 6.830695e-05
-1.260000e-02 6.857993e-05
-1.245000e-02 6.763239e-05
-1.230000e-02 6.770064e-05
-1.215000e-02 6.845868e-05
-1.200000e-02 6.784447e-05
-1.185000e-02 6.613889e-05
-1.170000e-02 6.648011e-05
-1.155000e-02 6.704864e-05
-1.140000e-02 6.677566e-05
-1.125000e-02 6.601762e-05
-1.110000e-02 6.581289e-05
-1.095000e-02 6.543387e-05
-1.080000e-02 6.522914e-05
-1.065000e-02 6.485012e-05
-1.050000e-02 6.444065e-05
-1.035000e-02 6.387212e-05
-1.020000e-02 6.407686e-05
-1.005000e-02 6.521391e-05
-9.900000e-03 6.569162e-05
-9.750000e-03 6.512310e-05
-9.600000e-03 6.444065e-05
-9.450000e-03 6.374691e-05
-9.300000e-03 6.315525e-05
-9.150000e-03 6.030803e-05
-9.000000e-03 5.982985e-05
-8.850000e-03 5.982985e-05
-8.700000e-03 5.996647e-05
-8.550000e-03 6.053592e-05
-8.400000e-03 6.074085e-05
-8.250000e-03 6.168993e-05
-8.100000e-03 6.155331e-05
-7.950000e-03 6.079404e-05
-7.800000e-03 6.086235e-05
-7.650000e-03 5.953365e-05
-7.500000e-03 5.939703e-05
-7.350000e-03 6.224425e-05
-7.200000e-03 6.290448e-05
-7.050000e-03 6.322012e-05
-6.900000e-03 6.294714e-05
-6.750000e-03 6.218911e-05
-6.600000e-03 6.198437e-05
-6.450000e-03 5.989978e-05
-6.300000e-03 5.976329e-05
-6.150000e-03 6.222691e-05
-6.000000e-03 6.304585e-05
-5.850000e-03 6.418290e-05
-5.700000e-03 6.507008e-05
-5.550000e-03 6.696517e-05
-5.400000e-03 6.641921e-05
-5.250000e-03 6.566117e-05
-5.100000e-03 6.545644e-05
-4.950000e-03 6.337184e-05
-4.800000e-03 6.330360e-05
-4.650000e-03 6.444065e-05
-4.500000e-03 6.498661e-05
-4.350000e-03 6.574464e-05
-4.200000e-03 6.588113e-05
-4.050000e-03 6.607064e-05
-3.900000e-03 6.579766e-05
-3.750000e-03 6.447110e-05
-3.600000e-03 6.453934e-05
-3.450000e-03 6.517370e-05
-3.300000e-03 6.492406e-05
-3.150000e-03 6.378517e-05
-3.000000e-03 6.330699e-05
-2.850000e-03 6.216810e-05
-2.700000e-03 6.162161e-05
-2.550000e-03 5.991328e-05
-2.400000e-03 5.964004e-05
-2.250000e-03 6.077892e-05
-2.100000e-03 6.091555e-05
-1.950000e-03 5.977666e-05
-1.800000e-03 5.964004e-05
-1.650000e-03 5.964004e-05
-1.500000e-03 5.936679e-05
-1.350000e-03 5.898716e-05
-1.200000e-03 5.848762e-05
-1.050000e-03 5.823933e-05
-9.000000e-04 5.851231e-05
-7.500000e-04 5.908084e-05
-6.000000e-04 5.942207e-05
-4.500000e-04 6.074863e-05
-3.000000e-04 6.062144e-05
-1.500000e-04 6.023312e-05
1.047700e-09 6.051538e-05
1.500000e-04 6.127354e-05
3.000000e-04 6.120528e-05
4.500000e-04 5.949944e-05
6.000000e-04 5.929467e-05
7.500000e-04 5.986329e-05
9.000000e-04 5.965852e-05
1.050000e-03 6.085790e-05
1.200000e-03 6.224599e-05
1.350000e-03 6.376483e-05
1.500000e-03 6.451641e-05
1.650000e-03 6.660478e-05
1.800000e-03 6.671764e-05
1.950000e-03 6.664966e-05
2.100000e-03 6.617187e-05
2.250000e-03 6.408695e-05
2.400000e-03 6.415520e-05
2.550000e-03 6.510290e-05
2.700000e-03 6.523941e-05
2.850000e-03 6.599756e-05
3.000000e-03 6.633884e-05
3.150000e-03 6.709700e-05
3.300000e-03 6.764304e-05
3.450000e-03 6.707443e-05
3.600000e-03 6.646012e-05
3.750000e-03 6.614810e-05
3.900000e-03 6.630856e-05
4.050000e-03 6.687809e-05
4.200000e-03 6.667313e-05
4.350000e-03 6.534421e-05
4.500000e-03 6.456966e-05
4.650000e-03 6.185028e-05
4.800000e-03 6.164551e-05
4.950000e-03 6.126644e-05
5.100000e-03 6.024260e-05
5.250000e-03 6.043214e-05
5.400000e-03 6.118295e-05
5.550000e-03 6.175157e-05
5.700000e-03 6.147855e-05
5.850000e-03 5.920409e-05
6.000000e-03 5.838501e-05
6.150000e-03 5.876409e-05
6.300000e-03 5.958316e-05
6.450000e-03 6.097117e-05
6.600000e-03 6.099346e-05
6.750000e-03 6.156299e-05
6.900000e-03 6.210957e-05
7.050000e-03 6.191972e-05
7.200000e-03 6.155563e-05
7.350000e-03 6.225193e-05
7.500000e-03 6.238844e-05
7.650000e-03 6.200936e-05
7.800000e-03 6.187285e-05
7.950000e-03 6.092516e-05
8.100000e-03 6.051562e-05
8.250000e-03 5.937840e-05
8.400000e-03 5.951491e-05
8.550000e-03 6.216844e-05
8.700000e-03 6.332879e-05
8.850000e-03 6.579280e-05
9.000000e-03 6.606582e-05
9.150000e-03 6.461442e-05
9.300000e-03 6.463804e-05
9.450000e-03 6.672632e-05
9.600000e-03 6.683922e-05
9.750000e-03 6.487556e-05
9.900000e-03 6.460254e-05
1.005000e-02 6.479208e-05
1.020000e-02 6.506510e-05
1.035000e-02 6.620233e-05
1.050000e-02 6.586105e-05
1.065000e-02 6.415521e-05
1.080000e-02 6.381393e-05
1.095000e-02 6.324531e-05
1.110000e-02 6.345008e-05
1.125000e-02 6.401870e-05
1.140000e-02 6.381393e-05
1.155000e-02 6.273946e-05
1.170000e-02 6.283087e-05
1.185000e-02 6.264103e-05
1.200000e-02 6.161619e-05
1.215000e-02 6.123650e-05
1.230000e-02 6.230644e-05
1.245000e-02 6.281320e-05
1.260000e-02 6.288146e-05
1.275000e-02 6.382915e-05
1.290000e-02 6.348787e-05
1.305000e-02 6.216110e-05
1.320000e-02 6.270716e-05
1.335000e-02 6.422346e-05
1.350000e-02 6.429171e-05
1.365000e-02 6.372310e-05
1.380000e-02 6.358659e-05
1.395000e-02 6.453428e-05
1.410000e-02 6.487556e-05
1.425000e-02 6.513063e-05
1.440000e-02 6.529101e-05
1.455000e-02 6.567070e-05
1.470000e-02 6.594398e-05
1.485000e-02 6.613383e-05
