-1.500000e-02 1.970795e-04
-1.485000e-02 2.001165e-04
-1.470000e-02 2.003897e-04
-1.455000e-02 1.992508e-04
-1.440000e-02 1.993875e-04
-1.425000e-02 2.001467e-04
-1.410000e-02 1.997369e-04
-1.395000e-02 1.991674e-04
-1.380000e-02 1.992357e-04
-1.365000e-02 1.996154e-04
-1.350000e-02 1.998203e-04
-1.335000e-02 2.001999e-04
-1.320000e-02 2.000633e-04
-1.305000e-02 1.974059e-04
-1.290000e-02 1.969242e-04
-1.275000e-02 1.974842e-04
-1.260000e-02 1.974842e-04
-1.245000e-02 1.961576e-04
-1.230000e-02 1.960894e-04
-1.215000e-02 1.974159e-04
-1.200000e-02 1.975524e-04
-1.185000e-02 1.975524e-04
-1.170000e-02 1.978254e-04
-1.155000e-02 1.972569e-04
-1.140000e-02 1.974616e-04
-1.125000e-02 1.982196e-04
-1.110000e-02 1.977419e-04
-1.095000e-02 1.981209e-04
-1.080000e-02 1.988034e-04
-1.065000e-02 1.988034e-04
-1.050000e-02 1.987351e-04
-1.035000e-02 1.991142e-04
-1.020000e-02 1.990459e-04
-1.005000e-02 1.975298e-04
-9.900000e-03 1.971886e-04
-9.750000e-03 1.988942e-04
-9.600000e-03 2.001226e-04
-9.450000e-03 1.999441e-04
-9.300000e-03 1.985145e-04
-9.150000e-03 1.966164e-04
-9.000000e-03 1.958650e-04
-8.850000e-03 1.949159e-04
-8.700000e-03 1.943694e-04
-8.550000e-03 1.938000e-04
-8.400000e-03 1.933901e-04
-8.250000e-03 1.926308e-04
-8.100000e-03 1.924259e-04
-7.950000e-03 1.926157e-04
-7.800000e-03 1.926157e-04
-7.650000e-03 1.941342e-04
-7.500000e-03 1.945441e-04
-7.350000e-03 1.935950e-04
-7.200000e-03 1.928422e-04
-7.050000e-03 1.924577e-04
-6.900000e-03 1.922529e-04
-6.750000e-03 1.926320e-04
-6.600000e-03 1.923590e-04
-6.450000e-03 1.897059e-04
-6.300000e-03 1.887504e-04
-6.150000e-03 1.874239e-04
-6.000000e-03 1.869462e-04
-5.850000e-03 1.842931e-04
-5.700000e-03 1.831329e-04
-5.550000e-03 1.831329e-04
-5.400000e-03 1.833376e-04
-5.250000e-03 1.840957e-04
-5.100000e-03 1.845734e-04
-4.950000e-03 1.853314e-04
-4.800000e-03 1.852632e-04
-4.650000e-03 1.837471e-04
-4.500000e-03 1.829282e-04
-4.350000e-03 1.831177e-04
-4.200000e-03 1.831177e-04
-4.050000e-03 1.814121e-04
-3.900000e-03 1.807296e-04
-3.750000e-03 1.803506e-04
-3.600000e-03 1.802141e-04
-3.450000e-03 1.796364e-04
-3.300000e-03 1.797705e-04
-3.150000e-03 1.812890e-04
-3.000000e-03 1.815622e-04
-2.850000e-03 1.819419e-04
-2.700000e-03 1.814637e-04
-2.550000e-03 1.793757e-04
-2.400000e-03 1.792391e-04
-2.250000e-03 1.805678e-04
-2.100000e-03 1.806361e-04
-1.950000e-03 1.804463e-04
-1.800000e-03 1.803780e-04
-1.650000e-03 1.798085e-04
-1.500000e-03 1.793987e-04
-1.350000e-03 1.776903e-04
-1.200000e-03 1.771475e-04
-1.050000e-03 1.777274e-04
-9.000000e-04 1.782051e-04
-7.500000e-04 1.793422e-04
-6.000000e-04 1.793422e-04
-4.500000e-04 1.793422e-04
-3.000000e-04 1.797110e-04
-1.500000e-04 1.813890e-04
1.047700e-09 1.812803e-04
1.500000e-04 1.797640e-04
3.000000e-04 1.801054e-04
4.500000e-04 1.810533e-04
6.000000e-04 1.809169e-04
7.500000e-04 1.801589e-04
9.000000e-04 1.799542e-04
1.050000e-03 1.810853e-04
1.200000e-03 1.815605e-04
1.350000e-03 1.809910e-04
1.500000e-03 1.811277e-04
1.650000e-03 1.824566e-04
1.800000e-03 1.826638e-04
1.950000e-03 1.822896e-04
2.100000e-03 1.822896e-04
2.250000e-03 1.824792e-04
2.400000e-03 1.826157e-04
2.550000e-03 1.831843e-04
2.700000e-03 1.838668e-04
2.850000e-03 1.844355e-04
3.000000e-03 1.845720e-04
3.150000e-03 1.855197e-04
3.300000e-03 1.851101e-04
3.450000e-03 1.828357e-04
3.600000e-03 1.829039e-04
3.750000e-03 1.828984e-04
3.900000e-03 1.828284e-04
4.050000e-03 1.826386e-04
4.200000e-03 1.823653e-04
4.350000e-03 1.817958e-04
4.500000e-03 1.823438e-04
4.650000e-03 1.834878e-04
4.800000e-03 1.832147e-04
4.950000e-03 1.828357e-04
5.100000e-03 1.830404e-04
5.250000e-03 1.836091e-04
5.400000e-03 1.842916e-04
5.550000e-03 1.854288e-04
5.700000e-03 1.853606e-04
5.850000e-03 1.842233e-04
6.000000e-03 1.843599e-04
6.150000e-03 1.856866e-04
6.300000e-03 1.860962e-04
6.450000e-03 1.870429e-04
6.600000e-03 1.880674e-04
6.750000e-03 1.911049e-04
6.900000e-03 1.917198e-04
7.050000e-03 1.924792e-04
7.200000e-03 1.931605e-04
7.350000e-03 1.948612e-04
7.500000e-03 1.952024e-04
7.650000e-03 1.940652e-04
7.800000e-03 1.939287e-04
7.950000e-03 1.954450e-04
8.100000e-03 1.959228e-04
8.250000e-03 1.961123e-04
8.400000e-03 1.966584e-04
8.550000e-03 1.966584e-04
8.700000e-03 1.967949e-04
8.850000e-03 1.975530e-04
9.000000e-03 1.981674e-04
9.150000e-03 1.983673e-04
9.300000e-03 1.983027e-04
9.450000e-03 1.990621e-04
9.600000e-03 1.998092e-04
9.750000e-03 2.009348e-04
9.900000e-03 2.018904e-04
1.005000e-02 2.051126e-04
1.020000e-02 2.051808e-04
1.035000e-02 2.040436e-04
1.050000e-02 2.040436e-04
1.065000e-02 2.032854e-04
1.080000e-02 2.027394e-04
1.095000e-02 1.997068e-04
1.110000e-02 1.990925e-04
1.125000e-02 2.000402e-04
1.140000e-02 2.003132e-04
1.155000e-02 2.007051e-04
1.170000e-02 2.005730e-04
1.185000e-02 1.990543e-04
1.200000e-02 1.985077e-04
1.215000e-02 1.985077e-04
1.230000e-02 1.981625e-04
1.245000e-02 1.977730e-04
1.260000e-02 1.982508e-04
1.275000e-02 1.990090e-04
1.290000e-02 1.988042e-04
1.305000e-02 1.976670e-04
1.320000e-02 1.972575e-04
1.335000e-02 1.963098e-04
1.350000e-02 1.963780e-04
1.365000e-02 1.971362e-04
1.380000e-02 1.969314e-04
1.395000e-02 1.969314e-04
1.410000e-02 1.971362e-04
1.425000e-02 1.977146e-04
1.440000e-02 1.974448e-04
1.455000e-02 1.961159e-04
1.470000e-02 1.960476e-04
1.485000e-02 1.973765e-04
