-1.500000e-02 2.528014e-05
-1.485000e-02 2.565976e-05
-1.470000e-02 2.552314e-05
-1.455000e-02 2.609259e-05
-1.440000e-02 2.643415e-05
-1.425000e-02 2.719341e-05
-1.410000e-02 2.733003e-05
-1.395000e-02 2.770966e-05
-1.380000e-02 2.791459e-05
-1.365000e-02 2.753496e-05
-1.350000e-02 2.760328e-05
-1.335000e-02 2.988106e-05
-1.320000e-02 3.035923e-05
-1.305000e-02 3.035923e-05
-1.290000e-02 3.048508e-05
-1.275000e-02 3.045385e-05
-1.260000e-02 3.072683e-05
-1.245000e-02 2.921076e-05
-1.230000e-02 2.859655e-05
-1.215000e-02 3.011262e-05
-1.200000e-02 3.052209e-05
-1.185000e-02 3.052209e-05
-1.170000e-02 2.977140e-05
-1.155000e-02 2.692876e-05
-1.140000e-02 2.658754e-05
-1.125000e-02 2.620852e-05
-1.110000e-02 2.566256e-05
-1.095000e-02 2.319895e-05
-1.080000e-02 2.292597e-05
-1.065000e-02 2.463155e-05
-1.050000e-02 2.531400e-05
-1.035000e-02 2.720908e-05
-1.020000e-02 2.748206e-05
-1.005000e-02 2.634501e-05
-9.900000e-03 2.627677e-05
-9.750000e-03 2.684529e-05
-9.600000e-03 2.609459e-05
-9.450000e-03 2.498265e-05
-9.300000e-03 2.594813e-05
-9.150000e-03 2.632776e-05
-9.000000e-03 2.550803e-05
-8.850000e-03 2.493859e-05
-8.700000e-03 2.541676e-05
-8.550000e-03 2.655565e-05
-8.400000e-03 2.710214e-05
-8.250000e-03 2.937992e-05
-8.100000e-03 2.965316e-05
-7.950000e-03 2.946335e-05
-7.800000e-03 2.905348e-05
-7.650000e-03 2.848404e-05
-7.500000e-03 2.889390e-05
-7.350000e-03 3.041242e-05
-7.200000e-03 3.101612e-05
-7.050000e-03 3.117409e-05
-6.900000e-03 3.076462e-05
-6.750000e-03 2.924855e-05
-6.600000e-03 2.856610e-05
-6.450000e-03 2.780806e-05
-6.300000e-03 2.808104e-05
-6.150000e-03 2.883908e-05
-6.000000e-03 2.918030e-05
-5.850000e-03 3.012785e-05
-5.700000e-03 3.019609e-05
-5.550000e-03 2.943806e-05
-5.400000e-03 2.923332e-05
-5.250000e-03 3.074939e-05
-5.100000e-03 3.136360e-05
-4.950000e-03 3.117409e-05
-4.800000e-03 3.008217e-05
-4.650000e-03 2.591298e-05
-4.500000e-03 2.516228e-05
-4.350000e-03 2.478326e-05
-4.200000e-03 2.471502e-05
-4.050000e-03 2.509403e-05
-3.900000e-03 2.502579e-05
-3.750000e-03 2.332021e-05
-3.600000e-03 2.338845e-05
-3.450000e-03 2.492932e-05
-3.300000e-03 2.521183e-05
-3.150000e-03 2.710997e-05
-3.000000e-03 2.745153e-05
-2.850000e-03 2.631264e-05
-2.700000e-03 2.610771e-05
-2.550000e-03 2.553826e-05
-2.400000e-03 2.540164e-05
-2.250000e-03 2.521183e-05
-2.100000e-03 2.459703e-05
-1.950000e-03 2.345814e-05
-1.800000e-03 2.414125e-05
-1.650000e-03 2.755792e-05
-1.500000e-03 2.830934e-05
-1.350000e-03 3.058712e-05
-1.200000e-03 3.112276e-05
-1.050000e-03 3.071160e-05
-9.000000e-04 3.098458e-05
-7.500000e-04 3.041605e-05
-6.000000e-04 3.000658e-05
-4.500000e-04 3.057511e-05
-3.000000e-04 3.030678e-05
-1.500000e-04 2.954409e-05
1.047700e-09 2.975340e-05
1.500000e-04 2.937432e-05
3.000000e-04 2.882828e-05
4.500000e-04 2.788059e-05
6.000000e-04 2.794884e-05
7.500000e-04 2.927560e-05
9.000000e-04 2.988991e-05
1.050000e-03 2.935069e-05
1.200000e-03 2.915650e-05
1.350000e-03 3.067526e-05
1.500000e-03 3.081190e-05
1.650000e-03 2.891346e-05
1.800000e-03 2.822019e-05
1.950000e-03 2.743325e-05
2.100000e-03 2.722849e-05
2.250000e-03 2.647034e-05
2.400000e-03 2.640208e-05
2.550000e-03 2.621254e-05
2.700000e-03 2.566650e-05
2.850000e-03 2.433974e-05
3.000000e-03 2.420325e-05
3.150000e-03 2.553006e-05
3.300000e-03 2.648565e-05
3.450000e-03 2.781244e-05
3.600000e-03 2.726639e-05
3.750000e-03 2.444689e-05
3.900000e-03 2.425145e-05
4.050000e-03 2.463114e-05
4.200000e-03 2.510939e-05
4.350000e-03 2.624846e-05
4.500000e-03 2.569263e-05
4.650000e-03 2.547706e-05
4.800000e-03 2.547706e-05
4.950000e-03 2.509798e-05
5.100000e-03 2.591706e-05
5.250000e-03 2.781244e-05
5.400000e-03 2.801721e-05
5.550000e-03 2.820675e-05
5.700000e-03 2.779721e-05
5.850000e-03 2.703906e-05
6.000000e-03 2.717557e-05
6.150000e-03 2.850234e-05
6.300000e-03 2.884362e-05
6.450000e-03 2.944255e-05
6.600000e-03 2.993112e-05
6.750000e-03 3.107019e-05
6.900000e-03 3.127515e-05
7.050000e-03 2.956655e-05
7.200000e-03 2.880476e-05
7.350000e-03 2.972305e-05
7.500000e-03 3.047387e-05
7.650000e-03 3.009479e-05
7.800000e-03 2.920747e-05
7.950000e-03 2.844931e-05
8.100000e-03 2.879059e-05
8.250000e-03 2.935921e-05
8.400000e-03 2.942746e-05
8.550000e-03 2.999608e-05
8.700000e-03 3.054213e-05
8.850000e-03 2.978397e-05
9.000000e-03 2.869188e-05
9.150000e-03 2.663329e-05
9.300000e-03 2.636998e-05
9.450000e-03 2.655983e-05
9.600000e-03 2.627708e-05
9.750000e-03 2.511321e-05
9.900000e-03 2.470368e-05
1.005000e-02 2.356645e-05
1.020000e-02 2.411249e-05
1.035000e-02 2.619742e-05
1.050000e-02 2.660695e-05
1.065000e-02 2.793372e-05
1.080000e-02 2.786547e-05
1.095000e-02 2.729685e-05
1.110000e-02 2.722860e-05
1.125000e-02 2.628090e-05
1.140000e-02 2.580311e-05
1.155000e-02 2.412054e-05
1.170000e-02 2.358335e-05
1.185000e-02 2.434273e-05
1.200000e-02 2.523092e-05
1.215000e-02 2.504107e-05
1.230000e-02 2.462182e-05
1.245000e-02 2.478716e-05
1.260000e-02 2.478716e-05
1.275000e-02 2.649301e-05
1.290000e-02 2.717557e-05
1.305000e-02 2.774419e-05
1.320000e-02 2.822198e-05
1.335000e-02 2.916967e-05
1.350000e-02 2.889665e-05
1.365000e-02 2.927572e-05
1.380000e-02 3.016305e-05
1.395000e-02 3.111074e-05
1.410000e-02 3.104248e-05
1.425000e-02 3.107433e-05
1.440000e-02 3.074370e-05
1.455000e-02 2.884525e-05
1.470000e-02 2.836700e-05
1.485000e-02 2.855684e-05
