-2.000000e-03 2.045421e-05
-1.980000e-03 1.533452e-05
-1.960000e-03 1.301783e-05
-1.940000e-03 2.363644e-05
-1.920000e-03 2.417874e-05
-1.900000e-03 1.299127e-05
-1.880000e-03 1.210750e-05
-1.860000e-03 1.305559e-05
-1.840000e-03 1.366638e-05
-1.820000e-03 2.163034e-05
-1.800000e-03 2.197157e-05
-1.780000e-03 1.286990e-05
-1.760000e-03 -4.436178e-07
-1.740000e-03 -9.355665e-06
-1.720000e-03 5.391018e-06
-1.700000e-03 1.335498e-05
-1.680000e-03 1.336013e-05
-1.660000e-03 1.659513e-05
-1.640000e-03 1.550240e-05
-1.620000e-03 4.677788e-05
-1.600000e-03 4.772897e-05
-1.580000e-03 5.064908e-06
-1.560000e-03 1.108824e-06
-1.540000e-03 1.324438e-05
-1.520000e-03 1.767818e-05
-1.500000e-03 4.706898e-05
-1.480000e-03 2.651742e-05
-1.460000e-03 5.162537e-05
-1.440000e-03 6.548937e-05
-1.420000e-03 -3.186305e-05
-1.400000e-03 -1.323245e-05
-1.380000e-03 1.083127e-04
-1.360000e-03 7.629618e-05
-1.340000e-03 -6.724467e-05
-1.320000e-03 -6.503973e-04
-1.300000e-03 -2.031575e-03
-1.280000e-03 -6.299541e-03
-1.260000e-03 -1.338462e-02
-1.240000e-03 -7.447327e-03
-1.220000e-03 4.516053e-03
-1.200000e-03 2.615374e-03
-1.180000e-03 -7.275102e-03
-1.160000e-03 -1.278845e-02
-1.140000e-03 9.429266e-04
-1.120000e-03 1.362040e-02
-1.100000e-03 2.131820e-03
-1.080000e-03 -4.704378e-03
-1.060000e-03 4.008381e-03
-1.040000e-03 6.003614e-03
-1.020000e-03 -6.260011e-04
-1.000000e-03 -5.054067e-03
-9.800000e-04 -8.092317e-03
-9.600000e-04 -5.630070e-03
-9.400000e-04 -3.287481e-04
-9.200000e-04 1.740334e-03
-9.000000e-04 1.811270e-03
-8.800000e-04 4.920061e-04
-8.600000e-04 2.214307e-03
-8.400000e-04 3.752185e-03
-8.200000e-04 1.773900e-03
-8.000000e-04 2.228503e-04
-7.800000e-04 2.884582e-04
-7.600000e-04 2.830942e-05
-7.400000e-04 8.591443e-06
-7.200000e-04 3.332685e-06
-7.000000e-04 7.691601e-06
-6.800000e-04 1.226304e-05
-6.600000e-04 4.961779e-05
-6.400000e-04 5.453944e-05
-6.200000e-04 3.842190e-05
-6.000000e-04 -1.450013e-07
-5.800000e-04 -1.213109e-04
-5.600000e-04 -8.725619e-05
-5.400000e-04 1.115557e-05
-5.200000e-04 2.145219e-06
-5.000000e-04 7.469648e-04
-4.800000e-04 6.495115e-04
-4.600000e-04 -5.553215e-04
-4.400000e-04 -3.629373e-04
-4.200000e-04 5.297844e-04
-4.000000e-04 2.454047e-04
-3.800000e-04 -1.584818e-04
-3.600000e-04 3.691278e-04
-3.400000e-04 7.383141e-04
-3.200000e-04 1.684266e-04
-3.000000e-04 -3.135824e-04
-2.800000e-04 -6.388772e-04
-2.600000e-04 1.415824e-03
-2.400000e-04 3.444546e-03
-2.200000e-04 4.635009e-03
-2.000000e-04 4.591846e-03
-1.800000e-04 2.355640e-03
-1.600000e-04 5.408317e-04
-1.400000e-04 -1.161948e-04
-1.200000e-04 5.840985e-04
-1.000000e-04 3.906881e-04
-8.000000e-05 -5.179601e-04
-6.000000e-05 -3.760428e-03
-4.000000e-05 -3.107487e-03
-2.000000e-05 1.353032e-03
-1.455200e-10 3.156398e-03
2.000000e-05 1.040840e-02
4.000000e-05 1.142601e-02
6.000000e-05 5.328208e-03
8.000000e-05 2.333757e-03
1.000000e-04 -7.101274e-04
1.200000e-04 -7.688898e-04
1.400000e-04 -1.245291e-03
1.600000e-04 -5.757603e-04
1.800000e-04 2.617000e-03
2.000000e-04 3.120194e-03
2.200000e-04 -3.835224e-03
2.400000e-04 -6.266645e-03
2.600000e-04 -2.237718e-03
2.800000e-04 1.637759e-03
3.000000e-04 3.003050e-03
3.200000e-04 -8.856488e-04
3.400000e-04 -2.182264e-02
3.600000e-04 -2.673363e-02
3.800000e-04 -3.275432e-03
4.000000e-04 1.932052e-03
4.200000e-04 -1.035519e-02
4.400000e-04 -9.653620e-03
4.600000e-04 5.794141e-03
4.800000e-04 8.551745e-03
5.000000e-04 -1.463868e-03
5.200000e-04 -5.359729e-03
5.400000e-04 -1.857626e-02
5.600000e-04 -2.050945e-02
5.800000e-04 -3.383476e-03
6.000000e-04 -3.391257e-03
6.200000e-04 1.337668e-03
6.400000e-04 7.795649e-03
6.600000e-04 -1.474557e-01
6.800000e-04 -1.853956e-01
7.000000e-04 2.116469e-02
7.200000e-04 6.447170e-02
7.400000e-04 3.529820e-02
7.600000e-04 2.751514e-02
7.800000e-04 -2.596942e-02
8.000000e-04 -2.750337e-02
8.200000e-04 2.168277e-02
8.400000e-04 2.082129e-02
8.600000e-04 -5.933416e-03
8.800000e-04 -3.954357e-03
9.000000e-04 -1.807328e-03
9.200000e-04 -6.941262e-04
9.400000e-04 -1.010798e-02
9.600000e-04 -1.491091e-02
9.800000e-04 -9.822786e-03
1.000000e-03 -9.596786e-03
1.020000e-03 -1.944702e-02
1.040000e-03 -2.058740e-02
1.060000e-03 -1.659675e-02
1.080000e-03 2.606502e-02
1.100000e-03 1.627688e-01
1.120000e-03 1.274914e-01
1.140000e-03 -6.012639e-02
1.160000e-03 -9.047498e-02
1.180000e-03 -3.651136e-02
1.200000e-03 -1.123228e-02
1.220000e-03 -7.371003e-03
1.240000e-03 -4.765044e-03
1.260000e-03 -2.360105e-05
1.280000e-03 -4.287777e-04
1.300000e-03 -4.497721e-03
1.320000e-03 -2.097541e-03
1.340000e-03 -5.561813e-02
1.360000e-03 -8.574479e-02
1.380000e-03 -3.198979e-02
1.400000e-03 -1.191998e-03
1.420000e-03 1.356809e-02
1.440000e-03 1.147402e-02
1.460000e-03 -1.515687e-03
1.480000e-03 5.764245e-03
1.500000e-03 -3.185267e-01
1.520000e-03 -4.527009e-01
1.540000e-03 -1.230774e-01
1.560000e-03 2.911255e-03
1.580000e-03 8.901533e-04
1.600000e-03 1.358387e-03
1.620000e-03 -2.143851e-02
1.640000e-03 -3.051545e-02
1.660000e-03 -4.108184e-03
1.680000e-03 6.012467e-02
1.700000e-03 -2.432562e-01
1.720000e-03 -4.596998e-01
1.740000e-03 -2.022711e-01
1.760000e-03 -1.014567e-02
1.780000e-03 1.673175e-01
1.800000e-03 1.527465e-01
1.820000e-03 5.927646e-02
1.840000e-03 5.055826e-01
1.860000e-03 1.501267e+00
1.880000e-03 9.542283e-01
1.900000e-03 -6.790716e-02
1.920000e-03 3.052727e-02
1.940000e-03 5.255437e-02
1.960000e-03 1.252937e-01
1.980000e-03 2.555380e-01
