-2.000000e-03 1.242283e-05
-1.980000e-03 8.820086e-06
-1.960000e-03 8.891208e-06
-1.940000e-03 9.839298e-06
-1.920000e-03 9.358700e-06
-1.900000e-03 1.011717e-05
-1.880000e-03 1.059777e-05
-1.860000e-03 9.460063e-06
-1.840000e-03 8.979465e-06
-1.820000e-03 9.358700e-06
-1.800000e-03 9.699930e-06
-1.780000e-03 9.510312e-06
-1.760000e-03 9.444794e-06
-1.740000e-03 1.096174e-05
-1.720000e-03 1.123199e-05
-1.700000e-03 8.956578e-06
-1.680000e-03 8.139958e-06
-1.660000e-03 8.905326e-06
-1.640000e-03 8.700439e-06
-1.620000e-03 5.849274e-06
-1.600000e-03 6.256567e-06
-1.580000e-03 8.721600e-06
-1.560000e-03 8.587489e-06
-1.540000e-03 8.018636e-06
-1.520000e-03 8.289238e-06
-1.500000e-03 9.806183e-06
-1.480000e-03 1.001365e-05
-1.460000e-03 8.692298e-06
-1.440000e-03 8.555708e-06
-1.420000e-03 7.980878e-06
-1.400000e-03 7.568774e-06
-1.380000e-03 9.275334e-06
-1.360000e-03 1.016551e-05
-1.340000e-03 1.149283e-05
-1.320000e-03 1.183109e-05
-1.300000e-03 1.221032e-05
-1.280000e-03 1.200559e-05
-1.260000e-03 1.219520e-05
-1.240000e-03 1.260805e-05
-1.220000e-03 1.374576e-05
-1.200000e-03 1.374239e-05
-1.180000e-03 1.317353e-05
-1.160000e-03 1.392816e-05
-1.140000e-03 1.582434e-05
-1.120000e-03 1.520621e-05
-1.100000e-03 1.293079e-05
-1.080000e-03 1.272605e-05
-1.060000e-03 1.253643e-05
-1.040000e-03 1.240317e-05
-1.020000e-03 1.278240e-05
-1.000000e-03 1.318865e-05
-9.800000e-04 1.394712e-05
-9.600000e-04 1.374576e-05
-9.400000e-04 1.394664e-05
-9.200000e-04 1.435641e-05
-9.000000e-04 1.320744e-05
-8.800000e-04 1.245307e-05
-8.600000e-04 1.150498e-05
-8.400000e-04 1.164469e-05
-8.200000e-04 1.202393e-05
-8.000000e-04 1.202071e-05
-7.800000e-04 1.258956e-05
-7.600000e-04 1.279767e-05
-7.400000e-04 1.280755e-05
-7.200000e-04 1.239778e-05
-7.000000e-04 1.087095e-05
-6.800000e-04 1.073139e-05
-6.600000e-04 1.016253e-05
-6.400000e-04 9.824030e-06
-6.200000e-04 9.255176e-06
-6.000000e-04 8.979465e-06
-5.800000e-04 9.169083e-06
-5.600000e-04 9.373820e-06
-5.400000e-04 8.236113e-06
-5.200000e-04 8.033904e-06
-5.000000e-04 9.171612e-06
-4.800000e-04 9.442067e-06
-4.600000e-04 8.493977e-06
-4.400000e-04 8.291818e-06
-4.200000e-04 1.018800e-05
-4.000000e-04 1.093612e-05
-3.800000e-04 1.283230e-05
-3.600000e-04 1.371950e-05
-3.400000e-04 1.447797e-05
-3.200000e-04 1.400367e-05
-3.000000e-04 1.210749e-05
-2.800000e-04 1.189933e-05
-2.600000e-04 1.341628e-05
-2.400000e-04 1.362444e-05
-2.200000e-04 1.344539e-05
-2.000000e-04 1.446983e-05
-1.800000e-04 1.635543e-05
-1.600000e-04 1.512284e-05
-1.400000e-04 1.284742e-05
-1.200000e-04 1.332877e-05
-1.000000e-04 1.351838e-05
-8.000000e-05 1.344652e-05
-6.000000e-05 1.287766e-05
-4.000000e-05 1.233373e-05
-2.000000e-05 1.157322e-05
-1.455200e-10 1.185154e-05
2.000000e-05 1.336652e-05
4.000000e-05 1.316059e-05
6.000000e-05 1.202269e-05
8.000000e-05 1.209095e-05
1.000000e-04 1.171165e-05
1.200000e-04 1.171493e-05
1.400000e-04 1.228387e-05
1.600000e-04 1.193931e-05
1.800000e-04 1.118072e-05
2.000000e-04 1.097594e-05
2.200000e-04 9.648399e-06
2.400000e-04 9.651276e-06
2.600000e-04 9.082329e-06
2.800000e-04 8.874679e-06
3.000000e-04 1.001258e-05
3.200000e-04 1.008083e-05
3.400000e-04 9.322235e-06
3.600000e-04 9.049207e-06
3.800000e-04 8.480259e-06
4.000000e-04 8.209610e-06
4.200000e-04 7.830312e-06
4.400000e-04 8.169217e-06
4.600000e-04 9.117464e-06
4.800000e-04 9.322235e-06
5.000000e-04 1.008083e-05
5.200000e-04 1.015192e-05
5.400000e-04 8.634723e-06
5.600000e-04 8.427123e-06
5.800000e-04 1.070292e-05
6.000000e-04 1.111246e-05
6.200000e-04 1.054351e-05
6.400000e-04 1.068003e-05
6.600000e-04 1.142991e-05
6.800000e-04 1.211248e-05
7.000000e-04 1.458664e-05
7.200000e-04 1.472315e-05
7.400000e-04 1.472315e-05
7.600000e-04 1.492792e-05
7.800000e-04 1.360038e-05
8.000000e-04 1.326266e-05
8.200000e-04 1.440056e-05
8.400000e-04 1.432873e-05
8.600000e-04 1.300118e-05
8.800000e-04 1.293293e-05
9.000000e-04 1.274328e-05
9.200000e-04 1.240522e-05
9.400000e-04 1.316381e-05
9.600000e-04 1.404793e-05
9.800000e-04 1.594443e-05
1.000000e-03 1.560314e-05
1.020000e-03 1.313770e-05
1.040000e-03 1.300119e-05
1.060000e-03 1.261250e-05
1.080000e-03 1.220296e-05
1.100000e-03 1.297098e-05
1.120000e-03 1.372182e-05
1.140000e-03 1.448042e-05
1.160000e-03 1.372959e-05
1.180000e-03 1.050554e-05
1.200000e-03 1.003061e-05
1.220000e-03 9.651314e-06
1.240000e-03 9.648437e-06
1.260000e-03 1.059669e-05
1.280000e-03 1.093798e-05
1.300000e-03 1.036903e-05
1.320000e-03 9.757387e-06
1.340000e-03 9.188436e-06
1.360000e-03 9.458788e-06
1.380000e-03 1.040704e-05
1.400000e-03 1.033878e-05
1.420000e-03 8.821579e-06
1.440000e-03 8.753322e-06
1.460000e-03 8.942971e-06
1.480000e-03 8.604214e-06
1.500000e-03 8.793864e-06
1.520000e-03 9.473910e-06
1.540000e-03 1.099111e-05
1.560000e-03 1.126414e-05
1.580000e-03 1.202274e-05
1.600000e-03 1.182104e-05
1.620000e-03 1.087279e-05
1.640000e-03 1.086972e-05
1.660000e-03 1.049042e-05
1.680000e-03 1.062693e-05
1.700000e-03 1.347168e-05
1.720000e-03 1.415793e-05
1.740000e-03 1.358898e-05
1.760000e-03 1.338054e-05
1.780000e-03 1.451844e-05
1.800000e-03 1.520101e-05
1.820000e-03 1.501136e-05
1.840000e-03 1.446530e-05
1.860000e-03 1.370670e-05
1.880000e-03 1.384694e-05
1.900000e-03 1.460554e-05
1.920000e-03 1.467007e-05
1.940000e-03 1.429077e-05
1.960000e-03 1.429077e-05
1.980000e-03 1.391147e-05
