3.266700e-04 2.626556e-05
3.333300e-04 2.620102e-05
3.400000e-04 2.629210e-05
3.466700e-04 2.625983e-05
3.533300e-04 2.610862e-05
3.600000e-04 2.618392e-05
3.666700e-04 2.633513e-05
3.733300e-04 2.627128e-05
3.800000e-04 2.618118e-05
3.866700e-04 2.620200e-05
3.933300e-04 2.621605e-05
4.000000e-04 2.610848e-05
4.066700e-04 2.610944e-05
4.133300e-04 2.626005e-05
4.200000e-04 2.628915e-05
4.266700e-04 2.622462e-05
4.333300e-04 2.631566e-05
4.400000e-04 2.638021e-05
4.466700e-04 2.619900e-05
4.533300e-04 2.610219e-05
4.600000e-04 2.619333e-05
4.666700e-04 2.625855e-05
4.733300e-04 2.622852e-05
4.800000e-04 2.621711e-05
4.866700e-04 2.624621e-05
4.933300e-04 2.621394e-05
5.000000e-04 2.610977e-05
5.066700e-04 2.615279e-05
5.133300e-04 2.631710e-05
5.200000e-04 2.630634e-05
5.266700e-04 2.626217e-05
5.333300e-04 2.626217e-05
5.400000e-04 2.623118e-05
5.466700e-04 2.623118e-05
5.533300e-04 2.627719e-05
5.600000e-04 2.634235e-05
5.666700e-04 2.632733e-05
5.733300e-04 2.618687e-05
5.800000e-04 2.611179e-05
5.866700e-04 2.619851e-05
5.933300e-04 2.619851e-05
6.000000e-04 2.615482e-05
6.066700e-04 2.627407e-05
6.133300e-04 2.633861e-05
6.200000e-04 2.623438e-05
6.266700e-04 2.623438e-05
6.333300e-04 2.641377e-05
6.400000e-04 2.635998e-05
6.466700e-04 2.616557e-05
