-2.000000e-03 -9.786905e+00
-1.980000e-03 -9.741570e+00
-1.960000e-03 -9.749217e+00
-1.940000e-03 -9.679302e+00
-1.920000e-03 -9.800833e+00
-1.900000e-03 -9.673841e+00
-1.880000e-03 -9.798648e+00
-1.860000e-03 -9.776254e+00
-1.840000e-03 -9.861735e+00
-1.820000e-03 -9.791001e+00
-1.800000e-03 -9.684218e+00
-1.780000e-03 -9.718903e+00
-1.760000e-03 -9.642433e+00
-1.740000e-03 -9.730646e+00
-1.720000e-03 -9.781716e+00
-1.700000e-03 -9.866105e+00
-1.680000e-03 -9.856273e+00
-1.660000e-03 -9.771884e+00
-1.640000e-03 -9.747032e+00
-1.620000e-03 -9.694596e+00
-1.600000e-03 -9.644073e+00
-1.580000e-03 -9.647622e+00
-1.560000e-03 -9.744847e+00
-1.540000e-03 -9.844529e+00
-1.520000e-03 -9.650353e+00
-1.500000e-03 -9.689954e+00
-1.480000e-03 -9.833059e+00
-1.460000e-03 -9.844256e+00
-1.440000e-03 -9.765329e+00
-1.420000e-03 -9.844529e+00
-1.400000e-03 -9.747305e+00
-1.380000e-03 -9.704701e+00
-1.360000e-03 -9.710163e+00
-1.340000e-03 -9.719995e+00
-1.320000e-03 -9.997194e+00
-1.300000e-03 -9.783355e+00
-1.280000e-03 -9.901608e+00
-1.260000e-03 -9.889046e+00
-1.240000e-03 -9.764237e+00
-1.220000e-03 -9.706066e+00
-1.200000e-03 -9.750036e+00
-1.180000e-03 -9.863647e+00
-1.160000e-03 -9.905977e+00
-1.140000e-03 -9.755772e+00
-1.120000e-03 -9.911440e+00
-1.100000e-03 -9.911166e+00
-1.080000e-03 -9.810938e+00
-1.060000e-03 -9.847260e+00
-1.040000e-03 -9.805476e+00
-1.020000e-03 -9.797009e+00
-1.000000e-03 -9.744301e+00
-9.800000e-04 -9.733650e+00
-9.600000e-04 -9.885495e+00
-9.400000e-04 -9.803564e+00
-9.200000e-04 -9.902154e+00
-9.000000e-04 -9.925641e+00
-8.800000e-04 -9.729007e+00
-8.600000e-04 -9.726003e+00
-8.400000e-04 -1.000429e+01
-8.200000e-04 -9.969884e+00
-8.000000e-04 -9.898877e+00
-7.800000e-04 -9.935200e+00
-7.600000e-04 -9.877575e+00
-7.400000e-04 -9.895873e+00
-7.200000e-04 -9.821316e+00
-7.000000e-04 -9.816946e+00
-6.800000e-04 -9.889046e+00
-6.600000e-04 -1.011053e+01
-6.400000e-04 -1.007366e+01
-6.200000e-04 -1.003789e+01
-6.000000e-04 -1.008431e+01
-5.800000e-04 -1.002505e+01
-5.600000e-04 -9.991185e+00
-5.400000e-04 -9.959779e+00
-5.200000e-04 -1.001194e+01
-5.000000e-04 -1.007858e+01
-4.800000e-04 -9.877575e+00
-4.600000e-04 -9.902428e+00
-4.400000e-04 -9.646530e+00
-4.200000e-04 -9.476114e+00
-4.000000e-04 -9.219670e+00
-3.800000e-04 -8.939467e+00
-3.600000e-04 -8.482294e+00
-3.400000e-04 -8.050245e+00
-3.200000e-04 -7.483558e+00
-3.000000e-04 -7.035943e+00
-2.800000e-04 -6.772398e+00
-2.600000e-04 -6.005526e+00
-2.400000e-04 -5.664148e+00
-2.200000e-04 -5.273884e+00
-2.000000e-04 -4.735053e+00
-1.800000e-04 -4.273510e+00
-1.600000e-04 -3.900998e+00
-1.400000e-04 -3.316558e+00
-1.200000e-04 -2.925475e+00
-1.000000e-04 -2.344586e+00
-8.000000e-05 -1.922642e+00
-6.000000e-05 -1.438704e+00
-4.000000e-05 -9.214482e-01
-2.000000e-05 -4.588124e-01
0.000000e+00 -5.079708e-02
2.000000e-05 3.686891e-01
4.000000e-05 9.883616e-01
6.000000e-05 1.458645e+00
8.000000e-05 1.846453e+00
1.000000e-04 2.309910e+00
1.200000e-04 2.793303e+00
1.400000e-04 3.211425e+00
1.600000e-04 3.868513e+00
1.800000e-04 4.215355e+00
2.000000e-04 4.788053e+00
2.200000e-04 5.177772e+00
2.400000e-04 5.639590e+00
2.600000e-04 6.155756e+00
2.800000e-04 6.591902e+00
3.000000e-04 7.043069e+00
3.200000e-04 7.639801e+00
3.400000e-04 8.043994e+00
3.600000e-04 8.590748e+00
3.800000e-04 9.016517e+00
4.000000e-04 9.276785e+00
4.200000e-04 9.764821e+00
4.400000e-04 9.944250e+00
4.600000e-04 1.006551e+01
4.800000e-04 1.029055e+01
5.000000e-04 1.046479e+01
5.200000e-04 1.047189e+01
5.400000e-04 1.051995e+01
5.600000e-04 1.044294e+01
5.800000e-04 1.051476e+01
6.000000e-04 1.043474e+01
6.200000e-04 1.036428e+01
6.400000e-04 1.041098e+01
6.600000e-04 1.043065e+01
6.800000e-04 1.043611e+01
7.000000e-04 1.046205e+01
7.200000e-04 1.044403e+01
7.400000e-04 1.038914e+01
7.600000e-04 1.038941e+01
7.800000e-04 1.029218e+01
8.000000e-04 1.030284e+01
8.200000e-04 1.050657e+01
8.400000e-04 1.050903e+01
8.600000e-04 1.046479e+01
8.800000e-04 1.046588e+01
9.000000e-04 1.045058e+01
9.200000e-04 1.050084e+01
9.400000e-04 1.044294e+01
9.600000e-04 1.055054e+01
9.800000e-04 1.049592e+01
1.000000e-03 1.031895e+01
1.020000e-03 1.041399e+01
1.040000e-03 1.047981e+01
1.060000e-03 1.047762e+01
1.080000e-03 1.047489e+01
1.100000e-03 1.045768e+01
1.120000e-03 1.033861e+01
1.140000e-03 1.048527e+01
1.160000e-03 1.051995e+01
1.180000e-03 1.043392e+01
1.200000e-03 1.043693e+01
1.220000e-03 1.047735e+01
1.240000e-03 1.041508e+01
1.260000e-03 1.030420e+01
1.280000e-03 1.046205e+01
1.300000e-03 1.047653e+01
1.320000e-03 1.044758e+01
1.340000e-03 1.043666e+01
1.360000e-03 1.047516e+01
1.380000e-03 1.040498e+01
1.400000e-03 1.039678e+01
1.420000e-03 1.048609e+01
1.440000e-03 1.051531e+01
1.460000e-03 1.040607e+01
1.480000e-03 1.042600e+01
1.500000e-03 1.035636e+01
1.520000e-03 1.045359e+01
1.540000e-03 1.049947e+01
1.560000e-03 1.050903e+01
1.580000e-03 1.034872e+01
1.600000e-03 1.042409e+01
1.620000e-03 1.031758e+01
1.640000e-03 1.033206e+01
1.660000e-03 1.039405e+01
1.680000e-03 1.044048e+01
1.700000e-03 1.043720e+01
1.720000e-03 1.045905e+01
1.740000e-03 1.050930e+01
1.760000e-03 1.032550e+01
1.780000e-03 1.032851e+01
1.800000e-03 1.042355e+01
1.820000e-03 1.046834e+01
1.840000e-03 1.051722e+01
1.860000e-03 1.048254e+01
1.880000e-03 1.041617e+01
1.900000e-03 1.038313e+01
1.920000e-03 1.046397e+01
1.940000e-03 1.035500e+01
1.960000e-03 1.047707e+01
1.980000e-03 1.038668e+01
