-2.000000e-02 2.025558e-04
-1.985000e-02 2.002817e-04
-1.970000e-02 2.006912e-04
-1.955000e-02 2.023967e-04
-1.940000e-02 2.023285e-04
-1.925000e-02 2.017741e-04
-1.910000e-02 2.017790e-04
-1.895000e-02 2.013993e-04
-1.880000e-02 2.013310e-04
-1.865000e-02 2.000023e-04
-1.850000e-02 1.989776e-04
-1.835000e-02 1.984081e-04
-1.820000e-02 1.987497e-04
-1.805000e-02 1.995090e-04
-1.790000e-02 1.992357e-04
-1.775000e-02 1.965783e-04
-1.760000e-02 1.961685e-04
-1.745000e-02 1.980666e-04
-1.730000e-02 1.983399e-04
-1.715000e-02 1.968213e-04
-1.700000e-02 1.964763e-04
-1.685000e-02 1.966579e-04
-1.670000e-02 1.965896e-04
-1.655000e-02 1.969687e-04
-1.640000e-02 1.974464e-04
-1.625000e-02 1.974464e-04
-1.610000e-02 1.971052e-04
-1.595000e-02 1.974842e-04
-1.580000e-02 1.972794e-04
-1.565000e-02 1.967109e-04
-1.550000e-02 1.969839e-04
-1.535000e-02 1.967944e-04
-1.520000e-02 1.967944e-04
-1.505000e-02 1.983105e-04
-1.490000e-02 1.989929e-04
-1.475000e-02 2.008880e-04
-1.460000e-02 2.017069e-04
-1.445000e-02 2.030335e-04
-1.430000e-02 2.028288e-04
-1.415000e-02 2.009337e-04
-1.400000e-02 2.010019e-04
-1.385000e-02 2.034655e-04
-1.370000e-02 2.037385e-04
-1.355000e-02 2.018434e-04
-1.340000e-02 2.014340e-04
-1.325000e-02 2.008783e-04
-1.310000e-02 2.006781e-04
-1.295000e-02 2.016272e-04
-1.280000e-02 2.017638e-04
-1.265000e-02 2.015740e-04
-1.250000e-02 2.021205e-04
-1.235000e-02 2.030696e-04
-1.220000e-02 2.033428e-04
-1.205000e-02 2.037224e-04
-1.190000e-02 2.036541e-04
-1.175000e-02 2.038439e-04
-1.160000e-02 2.036390e-04
-1.145000e-02 2.004122e-04
-1.130000e-02 1.993192e-04
-1.115000e-02 1.983701e-04
-1.100000e-02 1.976835e-04
-1.085000e-02 1.978632e-04
-1.070000e-02 1.984092e-04
-1.055000e-02 1.970826e-04
-1.040000e-02 1.959907e-04
-1.025000e-02 1.963697e-04
-1.010000e-02 1.959602e-04
-9.950000e-03 1.929281e-04
-9.800000e-03 1.927916e-04
-9.650000e-03 1.948762e-04
-9.500000e-03 1.950809e-04
-9.350000e-03 1.954599e-04
-9.200000e-03 1.949822e-04
-9.050000e-03 1.940347e-04
-8.900000e-03 1.943077e-04
-8.750000e-03 1.954447e-04
-8.600000e-03 1.948305e-04
-8.450000e-03 1.923669e-04
-8.300000e-03 1.920257e-04
-8.150000e-03 1.927837e-04
-8.000000e-03 1.925107e-04
-7.850000e-03 1.919422e-04
-7.700000e-03 1.918740e-04
-7.550000e-03 1.918783e-04
-7.400000e-03 1.916745e-04
-7.250000e-03 1.920541e-04
-7.100000e-03 1.917809e-04
-6.950000e-03 1.908318e-04
-6.800000e-03 1.902853e-04
-6.650000e-03 1.866789e-04
-6.500000e-03 1.854492e-04
-6.350000e-03 1.846900e-04
-6.200000e-03 1.846900e-04
-6.050000e-03 1.850696e-04
-5.900000e-03 1.850013e-04
-5.750000e-03 1.832930e-04
-5.600000e-03 1.826782e-04
-5.450000e-03 1.824884e-04
-5.300000e-03 1.826250e-04
-5.150000e-03 1.833842e-04
-5.000000e-03 1.833175e-04
-4.850000e-03 1.825644e-04
-4.700000e-03 1.819502e-04
-4.550000e-03 1.823292e-04
-4.400000e-03 1.820562e-04
-4.250000e-03 1.790241e-04
-4.100000e-03 1.792971e-04
-3.950000e-03 1.815712e-04
-3.800000e-03 1.815712e-04
-3.650000e-03 1.823292e-04
-3.500000e-03 1.827387e-04
-3.350000e-03 1.833072e-04
-3.200000e-03 1.833072e-04
-3.050000e-03 1.831177e-04
-2.900000e-03 1.829129e-04
-2.750000e-03 1.832920e-04
-2.600000e-03 1.829507e-04
-2.450000e-03 1.814347e-04
-2.300000e-03 1.815029e-04
-2.150000e-03 1.826400e-04
-2.000000e-03 1.822305e-04
-1.850000e-03 1.803354e-04
-1.700000e-03 1.795847e-04
-1.550000e-03 1.784379e-04
-1.400000e-03 1.781613e-04
-1.250000e-03 1.777816e-04
-1.100000e-03 1.775767e-04
-9.500000e-04 1.779563e-04
-8.000000e-04 1.774781e-04
-6.500000e-04 1.757698e-04
-5.000000e-04 1.754966e-04
-3.500000e-04 1.754966e-04
-2.000000e-04 1.757968e-04
-4.999900e-05 1.784272e-04
1.000000e-04 1.785954e-04
2.500000e-04 1.770874e-04
4.000000e-04 1.772923e-04
5.500000e-04 1.765344e-04
7.000000e-04 1.762615e-04
8.500000e-04 1.781570e-04
1.000000e-03 1.787031e-04
1.150000e-03 1.785136e-04
1.300000e-03 1.787183e-04
1.450000e-03 1.783393e-04
1.600000e-03 1.785440e-04
1.750000e-03 1.794917e-04
1.900000e-03 1.801060e-04
2.050000e-03 1.821860e-04
2.200000e-03 1.828665e-04
2.350000e-03 1.817275e-04
2.500000e-03 1.804293e-04
2.650000e-03 1.777715e-04
2.800000e-03 1.778431e-04
2.950000e-03 1.780437e-04
3.100000e-03 1.785214e-04
3.250000e-03 1.802273e-04
3.400000e-03 1.803638e-04
3.550000e-03 1.805533e-04
3.700000e-03 1.807581e-04
3.850000e-03 1.813267e-04
4.000000e-03 1.820093e-04
4.150000e-03 1.818197e-04
4.300000e-03 1.812737e-04
4.450000e-03 1.805155e-04
4.600000e-03 1.809933e-04
4.750000e-03 1.838327e-04
4.900000e-03 1.843775e-04
5.050000e-03 1.849470e-04
5.200000e-03 1.850836e-04
5.350000e-03 1.837547e-04
5.500000e-03 1.835511e-04
5.650000e-03 1.831770e-04
5.800000e-03 1.835182e-04
5.950000e-03 1.856032e-04
6.100000e-03 1.864905e-04
6.250000e-03 1.887650e-04
6.400000e-03 1.892428e-04
6.550000e-03 1.898114e-04
6.700000e-03 1.901526e-04
6.850000e-03 1.895840e-04
7.000000e-03 1.894475e-04
7.150000e-03 1.903983e-04
7.300000e-03 1.906037e-04
7.450000e-03 1.907935e-04
7.600000e-03 1.913401e-04
7.750000e-03 1.917198e-04
7.900000e-03 1.920599e-04
8.050000e-03 1.926245e-04
8.200000e-03 1.920785e-04
8.350000e-03 1.905622e-04
8.500000e-03 1.909034e-04
8.650000e-03 1.929884e-04
8.800000e-03 1.938757e-04
8.950000e-03 1.942548e-04
9.100000e-03 1.945961e-04
9.250000e-03 1.944065e-04
9.400000e-03 1.944748e-04
9.550000e-03 1.956120e-04
9.700000e-03 1.955437e-04
9.850000e-03 1.944126e-04
1.000000e-02 1.945518e-04
1.015000e-02 1.955010e-04
1.030000e-02 1.960476e-04
1.045000e-02 1.956679e-04
1.060000e-02 1.962108e-04
1.075000e-02 1.990468e-04
1.090000e-02 1.993881e-04
1.105000e-02 1.995776e-04
1.120000e-02 2.003967e-04
1.135000e-02 1.992595e-04
1.150000e-02 1.985087e-04
1.165000e-02 1.986982e-04
1.180000e-02 1.989030e-04
1.195000e-02 2.007983e-04
1.210000e-02 2.013444e-04
1.225000e-02 1.998281e-04
1.240000e-02 1.985995e-04
