-1.000000e-01 9.314646e-06
-9.900000e-02 2.371687e-05
-9.800000e-02 1.272688e-05
-9.700000e-02 7.233372e-06
-9.600000e-02 1.542488e-05
-9.500000e-02 -1.301306e-05
-9.400000e-02 -8.236429e-06
-9.300000e-02 1.527027e-05
-9.200000e-02 -1.451685e-06
-9.100000e-02 -1.397177e-05
-9.000000e-02 -1.213217e-05
-8.900000e-02 -3.208497e-06
-8.800000e-02 7.379758e-06
-8.700000e-02 1.952680e-05
-8.600000e-02 1.440262e-05
-8.500000e-02 -2.677732e-06
-8.400000e-02 2.442334e-06
-8.300000e-02 -4.758778e-06
-8.200000e-02 -1.015179e-05
-8.100000e-02 8.044653e-06
-8.000000e-02 7.156815e-06
-7.900000e-02 -6.491562e-06
-7.800000e-02 -3.214659e-06
-7.700000e-02 2.091423e-06
-7.600000e-02 1.545523e-06
-7.500000e-02 1.785111e-05
-7.400000e-02 1.887542e-05
-7.300000e-02 1.413576e-05
-7.200000e-02 1.788958e-05
-7.100000e-02 2.909918e-05
-7.000000e-02 2.992364e-05
-6.900000e-02 2.403985e-05
-6.800000e-02 2.574628e-05
-6.700000e-02 1.416635e-05
-6.600000e-02 9.792303e-06
-6.500000e-02 2.019032e-06
-6.400000e-02 8.229399e-06
-6.300000e-02 2.263162e-05
-6.200000e-02 1.027688e-05
-6.100000e-02 -5.268742e-07
-6.000000e-02 9.098370e-06
-5.900000e-02 4.739046e-05
-5.800000e-02 5.073485e-05
-5.700000e-02 -4.144743e+00
-5.600000e-02 -4.144034e+00
-5.500000e-02 1.904989e-03
-5.400000e-02 1.896320e-03
-5.300000e-02 1.877743e-03
-5.200000e-02 1.859655e-03
-5.100000e-02 1.844934e-03
-5.000000e-02 1.834031e-03
-4.900000e-02 1.814293e-03
-4.800000e-02 1.802886e-03
-4.700000e-02 1.784856e-03
-4.600000e-02 1.774679e-03
-4.500000e-02 1.756839e-03
-4.400000e-02 1.746256e-03
-4.300000e-02 1.728630e-03
-4.200000e-02 1.718938e-03
-4.100000e-02 1.703205e-03
-4.000000e-02 1.694400e-03
-3.900000e-02 1.681320e-03
-3.800000e-02 1.672515e-03
-3.700000e-02 1.656592e-03
-3.600000e-02 1.647036e-03
-3.500000e-02 1.628649e-03
-3.400000e-02 1.619093e-03
-3.300000e-02 1.606772e-03
-3.200000e-02 1.598854e-03
-3.100000e-02 1.583745e-03
-3.000000e-02 1.575914e-03
-2.900000e-02 1.563578e-03
-2.800000e-02 1.556405e-03
-2.700000e-02 1.545967e-03
-2.600000e-02 1.539478e-03
-2.500000e-02 1.527901e-03
-2.400000e-02 1.521477e-03
-2.300000e-02 1.511037e-03
-2.200000e-02 1.504894e-03
-2.100000e-02 1.496553e-03
-2.000000e-02 1.491161e-03
-1.900000e-02 1.480546e-03
-1.800000e-02 1.475017e-03
-1.700000e-02 1.467056e-03
-1.600000e-02 1.462619e-03
-1.500000e-02 1.456743e-03
-1.400000e-02 1.453193e-03
-1.300000e-02 1.447506e-03
-1.200000e-02 1.444640e-03
-1.100000e-02 1.441748e-03
-1.000000e-02 1.438999e-03
-9.000000e-03 1.434444e-03
-8.000000e-03 1.432190e-03
-7.000000e-03 1.429343e-03
-6.000000e-03 1.427635e-03
-5.000000e-03 1.423840e-03
-4.000000e-03 1.421745e-03
-3.000000e-03 1.418206e-03
-2.000000e-03 1.417342e-03
-1.000000e-03 1.417751e-03
3.259600e-09 1.418458e-03
1.000000e-03 1.419788e-03
2.000000e-03 1.420813e-03
3.000000e-03 1.423088e-03
4.000000e-03 1.423771e-03
5.000000e-03 1.424150e-03
6.000000e-03 1.425242e-03
7.000000e-03 1.428029e-03
8.000000e-03 1.430759e-03
9.000000e-03 1.435556e-03
1.000000e-02 1.437331e-03
1.100000e-02 1.441123e-03
1.200000e-02 1.444195e-03
1.300000e-02 1.448365e-03
1.400000e-02 1.451847e-03
1.500000e-02 1.457534e-03
1.600000e-02 1.462313e-03
1.700000e-02 1.471981e-03
1.800000e-02 1.476419e-03
1.900000e-02 1.484936e-03
2.000000e-02 1.490737e-03
2.100000e-02 1.499468e-03
2.200000e-02 1.505204e-03
2.300000e-02 1.516203e-03
2.400000e-02 1.522483e-03
2.500000e-02 1.532531e-03
2.600000e-02 1.539562e-03
2.700000e-02 1.552833e-03
2.800000e-02 1.559932e-03
2.900000e-02 1.570359e-03
3.000000e-02 1.577527e-03
3.100000e-02 1.591055e-03
3.200000e-02 1.598933e-03
3.300000e-02 1.611840e-03
3.400000e-02 1.620482e-03
3.500000e-02 1.635186e-03
3.600000e-02 1.644060e-03
3.700000e-02 1.659985e-03
3.800000e-02 1.669610e-03
3.900000e-02 1.686293e-03
4.000000e-02 1.695987e-03
4.100000e-02 1.711722e-03
4.200000e-02 1.721279e-03
4.300000e-02 1.738901e-03
4.400000e-02 1.749824e-03
4.500000e-02 1.768426e-03
4.600000e-02 1.778596e-03
4.700000e-02 1.794318e-03
4.800000e-02 1.805650e-03
4.900000e-02 1.824418e-03
5.000000e-02 1.835204e-03
5.100000e-02 1.854162e-03
5.200000e-02 1.865698e-03
5.300000e-02 1.885415e-03
5.400000e-02 1.897771e-03
5.500000e-02 1.918752e-03
5.600000e-02 1.931569e-03
5.700000e-02 1.953207e-03
5.800000e-02 1.965922e-03
5.900000e-02 1.985674e-03
6.000000e-02 1.997688e-03
6.100000e-02 2.018921e-03
6.200000e-02 2.032984e-03
6.300000e-02 2.056871e-03
6.400000e-02 2.071616e-03
6.500000e-02 2.094934e-03
6.600000e-02 2.109406e-03
6.700000e-02 2.136706e-03
6.800000e-02 2.152612e-03
6.900000e-02 2.178340e-03
7.000000e-02 2.193153e-03
7.100000e-02 2.217284e-03
7.200000e-02 2.233600e-03
7.300000e-02 2.263932e-03
7.400000e-02 2.281818e-03
7.500000e-02 2.309307e-03
7.600000e-02 2.325963e-03
7.700000e-02 2.354780e-03
7.800000e-02 2.371504e-03
7.900000e-02 2.401648e-03
8.000000e-02 2.421376e-03
8.100000e-02 2.451672e-03
8.200000e-02 2.470104e-03
8.300000e-02 2.501421e-03
8.400000e-02 2.521354e-03
8.500000e-02 2.559650e-03
8.600000e-02 2.580675e-03
8.700000e-02 2.615747e-03
8.800000e-02 2.637455e-03
8.900000e-02 2.672148e-03
9.000000e-02 2.693584e-03
9.100000e-02 2.730741e-03
9.200000e-02 2.753474e-03
9.300000e-02 2.793700e-03
9.400000e-02 2.816999e-03
9.500000e-02 2.855910e-03
9.600000e-02 2.880396e-03
9.700000e-02 2.921832e-03
9.800000e-02 2.946953e-03
9.900000e-02 2.987144e-03
