-1.500000e-02 2.000100e-04
-1.485000e-02 1.983017e-04
-1.470000e-02 1.982334e-04
-1.455000e-02 2.008908e-04
-1.440000e-02 2.012323e-04
-1.425000e-02 2.006629e-04
-1.410000e-02 2.000481e-04
-1.395000e-02 1.968212e-04
-1.380000e-02 1.962748e-04
-1.365000e-02 1.962748e-04
-1.350000e-02 1.961381e-04
-1.335000e-02 1.961381e-04
-1.320000e-02 1.960015e-04
-1.305000e-02 1.958117e-04
-1.290000e-02 1.960135e-04
-1.275000e-02 1.969533e-04
-1.260000e-02 1.974311e-04
-1.245000e-02 1.976206e-04
-1.230000e-02 1.978253e-04
-1.215000e-02 1.974463e-04
-1.200000e-02 1.972416e-04
-1.185000e-02 1.978101e-04
-1.170000e-02 1.979466e-04
-1.155000e-02 1.975676e-04
-1.140000e-02 1.974993e-04
-1.125000e-02 1.978783e-04
-1.110000e-02 1.978783e-04
-1.095000e-02 1.965518e-04
-1.080000e-02 1.967565e-04
-1.065000e-02 1.980831e-04
-1.050000e-02 1.981513e-04
-1.035000e-02 1.989093e-04
-1.020000e-02 1.992506e-04
-1.005000e-02 2.001981e-04
-9.900000e-03 2.014265e-04
-9.750000e-03 2.048377e-04
-9.600000e-03 2.049742e-04
-9.450000e-03 2.038533e-04
-9.300000e-03 2.024244e-04
-9.150000e-03 1.995772e-04
-9.000000e-03 1.988941e-04
-8.850000e-03 1.969959e-04
-8.700000e-03 1.961762e-04
-8.550000e-03 1.963660e-04
-8.400000e-03 1.962294e-04
-8.250000e-03 1.950905e-04
-8.100000e-03 1.948173e-04
-7.950000e-03 1.948173e-04
-7.800000e-03 1.942025e-04
-7.650000e-03 1.932534e-04
-7.500000e-03 1.931168e-04
-7.350000e-03 1.923575e-04
-7.200000e-03 1.915369e-04
-7.050000e-03 1.892585e-04
-6.900000e-03 1.891903e-04
-6.750000e-03 1.878637e-04
-6.600000e-03 1.866353e-04
-6.450000e-03 1.868248e-04
-6.300000e-03 1.867566e-04
-6.150000e-03 1.852405e-04
-6.000000e-03 1.842851e-04
-5.850000e-03 1.840956e-04
-5.700000e-03 1.842321e-04
-5.550000e-03 1.827160e-04
-5.400000e-03 1.825795e-04
-5.250000e-03 1.835271e-04
-5.100000e-03 1.838000e-04
-4.950000e-03 1.845581e-04
-4.800000e-03 1.842168e-04
-4.650000e-03 1.836483e-04
-4.500000e-03 1.835118e-04
-4.350000e-03 1.821853e-04
-4.200000e-03 1.812981e-04
-4.050000e-03 1.811086e-04
-3.900000e-03 1.817910e-04
-3.750000e-03 1.806540e-04
-3.600000e-03 1.799033e-04
-3.450000e-03 1.800842e-04
-3.300000e-03 1.794669e-04
-3.150000e-03 1.792771e-04
-3.000000e-03 1.801651e-04
-2.850000e-03 1.816836e-04
-2.700000e-03 1.820935e-04
-2.550000e-03 1.841815e-04
-2.400000e-03 1.839765e-04
-2.250000e-03 1.837867e-04
-2.100000e-03 1.839234e-04
-1.950000e-03 1.820252e-04
-1.800000e-03 1.812055e-04
-1.650000e-03 1.819647e-04
-1.500000e-03 1.825112e-04
-1.350000e-03 1.815622e-04
-1.200000e-03 1.809501e-04
-1.050000e-03 1.813359e-04
-9.000000e-04 1.814041e-04
-7.500000e-04 1.812146e-04
-6.000000e-04 1.812146e-04
-4.500000e-04 1.812146e-04
-3.000000e-04 1.809694e-04
-1.500000e-04 1.809416e-04
1.047700e-09 1.814472e-04
1.500000e-04 1.801204e-04
3.000000e-04 1.787554e-04
4.500000e-04 1.770498e-04
6.000000e-04 1.768452e-04
7.500000e-04 1.755186e-04
9.000000e-04 1.753821e-04
1.050000e-03 1.774570e-04
1.200000e-03 1.783410e-04
1.350000e-03 1.775816e-04
1.500000e-03 1.775133e-04
1.650000e-03 1.784625e-04
1.800000e-03 1.786024e-04
1.950000e-03 1.784226e-04
2.100000e-03 1.784909e-04
2.250000e-03 1.792491e-04
2.400000e-03 1.794538e-04
2.550000e-03 1.792643e-04
2.700000e-03 1.791960e-04
2.850000e-03 1.791960e-04
3.000000e-03 1.800151e-04
3.150000e-03 1.836163e-04
3.300000e-03 1.849814e-04
3.450000e-03 1.872559e-04
3.600000e-03 1.873241e-04
3.750000e-03 1.865651e-04
3.900000e-03 1.864276e-04
4.050000e-03 1.849088e-04
4.200000e-03 1.849088e-04
4.350000e-03 1.864276e-04
4.500000e-03 1.871111e-04
4.650000e-03 1.874911e-04
4.800000e-03 1.870816e-04
4.950000e-03 1.855653e-04
5.100000e-03 1.855653e-04
5.250000e-03 1.853757e-04
5.400000e-03 1.847614e-04
5.550000e-03 1.849510e-04
5.700000e-03 1.854970e-04
5.850000e-03 1.853075e-04
6.000000e-03 1.855805e-04
6.150000e-03 1.850119e-04
6.300000e-03 1.846024e-04
6.450000e-03 1.845984e-04
6.600000e-03 1.844608e-04
6.750000e-03 1.848405e-04
6.900000e-03 1.862069e-04
7.050000e-03 1.877257e-04
7.200000e-03 1.874524e-04
7.350000e-03 1.885906e-04
7.500000e-03 1.893414e-04
7.650000e-03 1.897204e-04
7.800000e-03 1.899252e-04
7.950000e-03 1.901147e-04
8.100000e-03 1.903195e-04
8.250000e-03 1.899404e-04
8.400000e-03 1.904865e-04
8.550000e-03 1.937086e-04
8.700000e-03 1.945960e-04
8.850000e-03 1.961123e-04
9.000000e-03 1.972044e-04
9.150000e-03 1.993015e-04
9.300000e-03 1.999883e-04
9.450000e-03 2.001782e-04
9.600000e-03 2.000374e-04
9.750000e-03 2.004039e-04
9.900000e-03 2.010865e-04
1.005000e-02 2.022237e-04
1.020000e-02 2.029063e-04
1.035000e-02 2.032854e-04
1.050000e-02 2.028076e-04
1.065000e-02 2.031866e-04
1.080000e-02 2.046883e-04
1.095000e-02 2.044987e-04
1.110000e-02 2.030654e-04
1.125000e-02 2.015491e-04
1.140000e-02 2.016173e-04
1.155000e-02 2.029597e-04
1.170000e-02 2.028281e-04
1.185000e-02 2.022586e-04
1.200000e-02 2.020536e-04
1.215000e-02 2.011044e-04
1.230000e-02 2.004171e-04
1.245000e-02 1.981295e-04
1.260000e-02 1.979930e-04
1.275000e-02 1.983720e-04
1.290000e-02 1.980308e-04
1.305000e-02 1.976517e-04
1.320000e-02 1.974469e-04
1.335000e-02 1.970678e-04
1.350000e-02 1.966583e-04
1.365000e-02 1.949525e-04
1.380000e-02 1.945429e-04
1.395000e-02 1.949220e-04
1.410000e-02 1.954681e-04
1.425000e-02 1.952849e-04
1.440000e-02 1.950831e-04
1.455000e-02 1.954628e-04
1.470000e-02 1.959411e-04
1.485000e-02 1.991684e-04
