1.470000e-03 2.603423e-05
1.480000e-03 2.597491e-05
1.490000e-03 2.582901e-05
1.500000e-03 2.587844e-05
1.510000e-03 2.592745e-05
1.520000e-03 2.587802e-05
1.530000e-03 2.604033e-05
1.540000e-03 2.612932e-05
1.550000e-03 2.595067e-05
1.560000e-03 2.585180e-05
1.570000e-03 2.593348e-05
1.580000e-03 2.594337e-05
1.590000e-03 2.581136e-05
1.600000e-03 2.581136e-05
1.610000e-03 2.587802e-05
1.620000e-03 2.588791e-05
1.630000e-03 2.590424e-05
1.640000e-03 2.589436e-05
1.650000e-03 2.594220e-05
1.660000e-03 2.597186e-05
1.670000e-03 2.592402e-05
1.680000e-03 2.600312e-05
1.690000e-03 2.615016e-05
1.700000e-03 2.601174e-05
1.710000e-03 2.574899e-05
1.720000e-03 2.583797e-05
1.730000e-03 2.605171e-05
1.740000e-03 2.602205e-05
1.750000e-03 2.602205e-05
1.760000e-03 2.607217e-05
1.770000e-03 2.594146e-05
1.780000e-03 2.581225e-05
1.790000e-03 2.587760e-05
1.800000e-03 2.597647e-05
1.810000e-03 2.584576e-05
1.820000e-03 2.582672e-05
1.830000e-03 2.603911e-05
1.840000e-03 2.606805e-05
1.850000e-03 2.600270e-05
1.860000e-03 2.596315e-05
1.870000e-03 2.599469e-05
1.880000e-03 2.600457e-05
1.890000e-03 2.584233e-05
1.900000e-03 2.581267e-05
1.910000e-03 2.592703e-05
1.920000e-03 2.590726e-05
1.930000e-03 2.574252e-05
1.940000e-03 2.577218e-05
1.950000e-03 2.603495e-05
