-3.000000e-02 2.103364e-04
-2.994000e-02 2.096420e-04
-2.988000e-02 2.106653e-04
-2.982000e-02 2.127485e-04
-2.976000e-02 2.138648e-04
-2.970000e-02 2.145592e-04
-2.964000e-02 2.150243e-04
-2.958000e-02 2.147465e-04
-2.952000e-02 2.135372e-04
-2.946000e-02 2.132594e-04
-2.940000e-02 2.138176e-04
-2.934000e-02 2.139565e-04
-2.928000e-02 2.138634e-04
-2.922000e-02 2.126135e-04
-2.916000e-02 2.118693e-04
-2.910000e-02 2.127964e-04
-2.904000e-02 2.132297e-04
-2.898000e-02 2.128102e-04
-2.892000e-02 2.125296e-04
-2.886000e-02 2.126694e-04
-2.880000e-02 2.131680e-04
-2.874000e-02 2.127983e-04
-2.868000e-02 2.122401e-04
-2.862000e-02 2.125179e-04
-2.856000e-02 2.124249e-04
-2.850000e-02 2.127026e-04
-2.844000e-02 2.127956e-04
-2.838000e-02 2.114069e-04
-2.832000e-02 2.105696e-04
-2.826000e-02 2.101530e-04
-2.820000e-02 2.103391e-04
-2.814000e-02 2.106168e-04
-2.808000e-02 2.105238e-04
-2.802000e-02 2.095516e-04
-2.796000e-02 2.083423e-04
-2.790000e-02 2.070924e-04
-2.784000e-02 2.076505e-04
-2.778000e-02 2.091782e-04
-2.772000e-02 2.088991e-04
-2.766000e-02 2.086214e-04
-2.760000e-02 2.089935e-04
-2.754000e-02 2.087157e-04
-2.748000e-02 2.081576e-04
-2.742000e-02 2.080187e-04
-2.736000e-02 2.085768e-04
-2.730000e-02 2.088546e-04
-2.724000e-02 2.085756e-04
-2.718000e-02 2.085117e-04
-2.712000e-02 2.083755e-04
-2.706000e-02 2.085153e-04
-2.700000e-02 2.085153e-04
-2.694000e-02 2.085153e-04
-2.688000e-02 2.087445e-04
-2.682000e-02 2.074186e-04
-2.676000e-02 2.065814e-04
-2.670000e-02 2.069981e-04
-2.664000e-02 2.074632e-04
-2.658000e-02 2.091297e-04
-2.652000e-02 2.101530e-04
-2.646000e-02 2.105696e-04
-2.640000e-02 2.109417e-04
-2.634000e-02 2.108029e-04
-2.628000e-02 2.105238e-04
-2.622000e-02 2.108015e-04
-2.616000e-02 2.105224e-04
-2.610000e-02 2.089948e-04
-2.604000e-02 2.078785e-04
-2.598000e-02 2.074618e-04
-2.592000e-02 2.084851e-04
-2.586000e-02 2.102905e-04
-2.580000e-02 2.102906e-04
-2.574000e-02 2.109850e-04
-2.568000e-02 2.115431e-04
-2.562000e-02 2.091822e-04
-2.556000e-02 2.067635e-04
-2.550000e-02 2.056525e-04
-2.544000e-02 2.066758e-04
-2.538000e-02 2.061822e-04
-2.532000e-02 2.044538e-04
-2.526000e-02 2.048732e-04
-2.520000e-02 2.059021e-04
-2.514000e-02 2.050632e-04
-2.508000e-02 2.049255e-04
-2.502000e-02 2.061163e-04
-2.496000e-02 2.060233e-04
-2.490000e-02 2.056066e-04
-2.484000e-02 2.058857e-04
-2.478000e-02 2.063023e-04
-2.472000e-02 2.064884e-04
-2.466000e-02 2.073216e-04
-2.460000e-02 2.074147e-04
-2.454000e-02 2.063037e-04
-2.448000e-02 2.054665e-04
-2.442000e-02 2.040777e-04
-2.436000e-02 2.040777e-04
-2.430000e-02 2.056053e-04
-2.424000e-02 2.067216e-04
-2.418000e-02 2.086659e-04
-2.412000e-02 2.092241e-04
-2.406000e-02 2.089463e-04
-2.400000e-02 2.085742e-04
-2.394000e-02 2.078798e-04
-2.388000e-02 2.077868e-04
-2.382000e-02 2.083423e-04
-2.376000e-02 2.081563e-04
-2.370000e-02 2.066286e-04
-2.364000e-02 2.063495e-04
-2.358000e-02 2.064161e-04
-2.352000e-02 2.057141e-04
-2.346000e-02 2.052947e-04
-2.340000e-02 2.060429e-04
-2.334000e-02 2.075809e-04
-2.328000e-02 2.079067e-04
-2.322000e-02 2.081104e-04
-2.316000e-02 2.076453e-04
-2.310000e-02 2.054232e-04
-2.304000e-02 2.043069e-04
-2.298000e-02 2.031959e-04
-2.292000e-02 2.022656e-04
-2.286000e-02 2.026823e-04
-2.280000e-02 2.035195e-04
-2.274000e-02 2.028251e-04
-2.268000e-02 2.028251e-04
-2.262000e-02 2.044917e-04
-2.256000e-02 2.045847e-04
-2.250000e-02 2.036126e-04
-2.244000e-02 2.031474e-04
-2.238000e-02 2.028696e-04
-2.232000e-02 2.026836e-04
-2.226000e-02 2.022670e-04
-2.220000e-02 2.027321e-04
-2.214000e-02 2.037042e-04
-2.208000e-02 2.029600e-04
-2.202000e-02 2.014324e-04
-2.196000e-02 2.015254e-04
-2.190000e-02 2.016643e-04
-2.184000e-02 2.014782e-04
-2.178000e-02 2.012474e-04
-2.172000e-02 2.010007e-04
-2.166000e-02 2.012803e-04
-2.160000e-02 2.020286e-04
-2.154000e-02 2.035666e-04
-2.148000e-02 2.043673e-04
-2.142000e-02 2.054193e-04
-2.136000e-02 2.057914e-04
-2.130000e-02 2.052359e-04
-2.124000e-02 2.050498e-04
-2.118000e-02 2.051887e-04
-2.112000e-02 2.048166e-04
-2.106000e-02 2.045388e-04
-2.100000e-02 2.046318e-04
-2.094000e-02 2.049096e-04
-2.088000e-02 2.052817e-04
-2.082000e-02 2.052817e-04
-2.076000e-02 2.045375e-04
-2.070000e-02 2.028709e-04
-2.064000e-02 2.022198e-04
-2.058000e-02 2.020809e-04
-2.052000e-02 2.020809e-04
-2.046000e-02 2.022198e-04
-2.040000e-02 2.019407e-04
-2.034000e-02 2.012463e-04
-2.028000e-02 2.009673e-04
-2.022000e-02 2.002729e-04
-2.016000e-02 2.000868e-04
-2.010000e-02 1.999479e-04
-2.004000e-02 1.999479e-04
-1.998000e-02 2.005494e-04
-1.992000e-02 2.000190e-04
-1.986000e-02 1.990403e-04
-1.980000e-02 1.992274e-04
-1.974000e-02 2.002061e-04
-1.968000e-02 2.006424e-04
-1.962000e-02 1.999021e-04
-1.956000e-02 1.994370e-04
-1.950000e-02 1.999925e-04
-1.944000e-02 2.003646e-04
-1.938000e-02 2.000868e-04
-1.932000e-02 1.995286e-04
-1.926000e-02 1.992509e-04
-1.920000e-02 1.999021e-04
-1.914000e-02 2.008742e-04
-1.908000e-02 2.011533e-04
-1.902000e-02 2.015699e-04
-1.896000e-02 2.012909e-04
-1.890000e-02 2.001798e-04
-1.884000e-02 1.995286e-04
-1.878000e-02 1.986954e-04
-1.872000e-02 1.985093e-04
-1.866000e-02 1.985093e-04
-1.860000e-02 1.986024e-04
-1.854000e-02 1.986024e-04
-1.848000e-02 1.983233e-04
-1.842000e-02 1.994343e-04
-1.836000e-02 2.010158e-04
-1.830000e-02 2.019879e-04
-1.824000e-02 2.018948e-04
-1.818000e-02 2.022261e-04
-1.812000e-02 2.019794e-04
-1.806000e-02 2.012803e-04
-1.800000e-02 2.012803e-04
-1.794000e-02 2.014201e-04
-1.788000e-02 2.008296e-04
-1.782000e-02 1.988356e-04
-1.776000e-02 1.984635e-04
-1.770000e-02 2.002689e-04
-1.764000e-02 2.008271e-04
-1.758000e-02 1.994383e-04
-1.752000e-02 1.981359e-04
-1.746000e-02 1.977193e-04
-1.740000e-02 1.988356e-04
-1.734000e-02 1.996689e-04
-1.728000e-02 2.002270e-04
-1.722000e-02 2.025879e-04
-1.716000e-02 2.023089e-04
-1.710000e-02 2.005034e-04
-1.704000e-02 2.009686e-04
-1.698000e-02 2.005519e-04
-1.692000e-02 1.988775e-04
-1.686000e-02 1.973498e-04
-1.680000e-02 1.968847e-04
-1.674000e-02 1.967458e-04
-1.668000e-02 1.971179e-04
-1.662000e-02 1.969790e-04
-1.656000e-02 1.968860e-04
-1.650000e-02 1.970249e-04
-1.644000e-02 1.965598e-04
-1.638000e-02 1.969764e-04
-1.632000e-02 1.976276e-04
-1.626000e-02 1.979419e-04
-1.620000e-02 1.984338e-04
-1.614000e-02 1.981541e-04
-1.608000e-02 1.969381e-04
-1.602000e-02 1.965187e-04
-1.596000e-02 1.971498e-04
-1.590000e-02 1.965624e-04
-1.584000e-02 1.958182e-04
-1.578000e-02 1.958182e-04
-1.572000e-02 1.959112e-04
-1.566000e-02 1.953557e-04
-1.560000e-02 1.948906e-04
-1.554000e-02 1.951684e-04
-1.548000e-02 1.955405e-04
-1.542000e-02 1.963737e-04
-1.536000e-02 1.969319e-04
-1.530000e-02 1.974874e-04
-1.524000e-02 1.980455e-04
-1.518000e-02 1.980456e-04
-1.512000e-02 1.974874e-04
-1.506000e-02 1.972097e-04
-1.500000e-02 1.979538e-04
-1.494000e-02 1.992037e-04
-1.488000e-02 1.993898e-04
-1.482000e-02 2.000842e-04
-1.476000e-02 2.005493e-04
-1.470000e-02 2.001327e-04
-1.464000e-02 1.999466e-04
-1.458000e-02 2.010576e-04
-1.452000e-02 2.008716e-04
-1.446000e-02 1.992454e-04
-1.440000e-02 1.997413e-04
-1.434000e-02 2.000210e-04
-1.428000e-02 1.989921e-04
-1.422000e-02 1.991319e-04
-1.416000e-02 1.997579e-04
-1.410000e-02 1.990203e-04
-1.404000e-02 1.984622e-04
-1.398000e-02 1.983233e-04
-1.392000e-02 1.973930e-04
-1.386000e-02 1.954488e-04
-1.380000e-02 1.951697e-04
-1.374000e-02 1.957252e-04
-1.368000e-02 1.959112e-04
-1.362000e-02 1.960501e-04
-1.356000e-02 1.962362e-04
-1.350000e-02 1.969306e-04
-1.344000e-02 1.973027e-04
-1.338000e-02 1.968860e-04
-1.332000e-02 1.968860e-04
-1.326000e-02 1.977193e-04
-1.320000e-02 1.981844e-04
-1.314000e-02 1.983233e-04
-1.308000e-02 1.983233e-04
-1.302000e-02 1.979067e-04
-1.296000e-02 1.970694e-04
-1.290000e-02 1.966528e-04
-1.284000e-02 1.965598e-04
-1.278000e-02 1.958654e-04
-1.272000e-02 1.962375e-04
-1.266000e-02 1.968240e-04
-1.260000e-02 1.963789e-04
-1.254000e-02 1.958196e-04
-1.248000e-02 1.960067e-04
-1.242000e-02 1.972650e-04
-1.236000e-02 1.986393e-04
-1.230000e-02 2.001313e-04
-1.224000e-02 2.005034e-04
-1.218000e-02 2.006423e-04
-1.212000e-02 2.005493e-04
-1.206000e-02 2.008271e-04
-1.200000e-02 2.011061e-04
-1.194000e-02 2.005506e-04
-1.188000e-02 1.996204e-04
-1.182000e-02 1.990648e-04
-1.176000e-02 2.001812e-04
-1.170000e-02 2.019866e-04
-1.164000e-02 2.025447e-04
-1.158000e-02 2.028225e-04
-1.152000e-02 2.026364e-04
-1.146000e-02 2.030531e-04
-1.140000e-02 2.037042e-04
-1.134000e-02 2.030098e-04
-1.128000e-02 2.018005e-04
-1.122000e-02 2.008284e-04
-1.116000e-02 2.005493e-04
-1.110000e-02 1.994383e-04
-1.104000e-02 1.989732e-04
-1.098000e-02 1.996675e-04
-1.092000e-02 2.001327e-04
-1.086000e-02 2.001768e-04
-1.080000e-02 1.997394e-04
-1.074000e-02 1.989005e-04
-1.068000e-02 1.993682e-04
-1.062000e-02 2.007663e-04
-1.056000e-02 2.009221e-04
-1.050000e-02 2.012909e-04
-1.044000e-02 2.017560e-04
-1.038000e-02 2.014782e-04
-1.032000e-02 2.010131e-04
-1.026000e-02 1.993466e-04
-1.020000e-02 1.986024e-04
-1.014000e-02 1.987412e-04
-1.008000e-02 1.981831e-04
-1.002000e-02 1.984609e-04
-9.960000e-03 1.986469e-04
-9.900000e-03 1.976747e-04
-9.840000e-03 1.974887e-04
-9.780000e-03 1.984609e-04
-9.720000e-03 1.987399e-04
-9.660000e-03 1.981844e-04
-9.600000e-03 1.980914e-04
-9.540000e-03 1.980914e-04
-9.480000e-03 1.987426e-04
-9.420000e-03 2.005480e-04
-9.360000e-03 2.009201e-04
-9.300000e-03 2.005034e-04
-9.240000e-03 1.992941e-04
-9.180000e-03 1.972109e-04
-9.120000e-03 1.968388e-04
-9.060000e-03 1.985485e-04
-9.000000e-03 1.998802e-04
-8.940000e-03 1.998802e-04
-8.880000e-03 1.994125e-04
-8.820000e-03 1.985736e-04
-8.760000e-03 1.981748e-04
-8.700000e-03 1.981372e-04
-8.640000e-03 1.974861e-04
-8.580000e-03 1.974861e-04
-8.520000e-03 1.976721e-04
-8.460000e-03 1.960056e-04
-8.400000e-03 1.947963e-04
-8.340000e-03 1.939630e-04
-8.280000e-03 1.936839e-04
-8.220000e-03 1.941005e-04
-8.160000e-03 1.950308e-04
-8.100000e-03 1.961418e-04
-8.040000e-03 1.958627e-04
-7.980000e-03 1.951684e-04
-7.920000e-03 1.947032e-04
-7.860000e-03 1.942866e-04
-7.800000e-03 1.941005e-04
-7.740000e-03 1.932673e-04
-7.680000e-03 1.931742e-04
-7.620000e-03 1.927576e-04
-7.560000e-03 1.918274e-04
-7.500000e-03 1.909941e-04
-7.440000e-03 1.900638e-04
-7.380000e-03 1.889528e-04
-7.320000e-03 1.888598e-04
-7.260000e-03 1.891413e-04
-7.200000e-03 1.895180e-04
-7.140000e-03 1.895180e-04
-7.080000e-03 1.896116e-04
-7.020000e-03 1.905903e-04
-6.960000e-03 1.909572e-04
-6.900000e-03 1.917802e-04
-6.840000e-03 1.917802e-04
-6.780000e-03 1.909469e-04
-6.720000e-03 1.913190e-04
-6.660000e-03 1.920134e-04
-6.600000e-03 1.911762e-04
-6.540000e-03 1.903429e-04
-6.480000e-03 1.904360e-04
-6.420000e-03 1.896027e-04
-6.360000e-03 1.891376e-04
-6.300000e-03 1.888598e-04
-6.240000e-03 1.881156e-04
-6.180000e-03 1.886711e-04
-6.120000e-03 1.895083e-04
-6.060000e-03 1.892306e-04
-6.000000e-03 1.892306e-04
-5.940000e-03 1.892306e-04
-5.880000e-03 1.891376e-04
-5.820000e-03 1.899708e-04
-5.760000e-03 1.906220e-04
-5.700000e-03 1.897887e-04
-5.640000e-03 1.883003e-04
-5.580000e-03 1.856616e-04
-5.520000e-03 1.841732e-04
-5.460000e-03 1.838795e-04
-5.400000e-03 1.838693e-04
-5.340000e-03 1.848480e-04
-5.280000e-03 1.855027e-04
-5.220000e-03 1.842444e-04
-5.160000e-03 1.834025e-04
-5.100000e-03 1.838220e-04
-5.040000e-03 1.844845e-04
-4.980000e-03 1.854716e-04
-4.920000e-03 1.855647e-04
-4.860000e-03 1.843148e-04
-4.800000e-03 1.832915e-04
-4.740000e-03 1.821805e-04
-4.680000e-03 1.818084e-04
-4.620000e-03 1.818084e-04
-4.560000e-03 1.820874e-04
-4.500000e-03 1.823652e-04
-4.440000e-03 1.825512e-04
-4.380000e-03 1.847733e-04
-4.320000e-03 1.861687e-04
-4.260000e-03 1.867242e-04
-4.200000e-03 1.870963e-04
-4.140000e-03 1.865408e-04
-4.080000e-03 1.860756e-04
-4.020000e-03 1.859368e-04
-3.960000e-03 1.853786e-04
-3.900000e-03 1.846842e-04
-3.840000e-03 1.844051e-04
-3.780000e-03 1.849607e-04
-3.720000e-03 1.853328e-04
-3.660000e-03 1.842217e-04
-3.600000e-03 1.832915e-04
-3.540000e-03 1.828551e-04
-3.480000e-03 1.827487e-04
-3.420000e-03 1.837275e-04
-3.360000e-03 1.846629e-04
-3.300000e-03 1.846629e-04
-3.240000e-03 1.848571e-04
-3.180000e-03 1.848703e-04
-3.120000e-03 1.831958e-04
-3.060000e-03 1.795850e-04
-3.000000e-03 1.777245e-04
-2.940000e-03 1.781411e-04
-2.880000e-03 1.798156e-04
-2.820000e-03 1.805100e-04
-2.760000e-03 1.802309e-04
-2.700000e-03 1.803698e-04
-2.640000e-03 1.801837e-04
-2.580000e-03 1.801837e-04
-2.520000e-03 1.805558e-04
-2.460000e-03 1.802781e-04
-2.400000e-03 1.795339e-04
-2.340000e-03 1.791172e-04
-2.280000e-03 1.796754e-04
-2.220000e-03 1.809253e-04
-2.160000e-03 1.812044e-04
-2.100000e-03 1.809266e-04
-2.040000e-03 1.804615e-04
-1.980000e-03 1.797671e-04
-1.920000e-03 1.797671e-04
-1.860000e-03 1.792116e-04
-1.800000e-03 1.785604e-04
-1.740000e-03 1.789442e-04
-1.680000e-03 1.801365e-04
-1.620000e-03 1.812551e-04
-1.560000e-03 1.810680e-04
-1.500000e-03 1.823263e-04
-1.440000e-03 1.831816e-04
-1.380000e-03 1.818097e-04
-1.320000e-03 1.802283e-04
-1.260000e-03 1.791172e-04
-1.200000e-03 1.789312e-04
-1.140000e-03 1.794867e-04
-1.080000e-03 1.806960e-04
-1.020000e-03 1.818070e-04
-9.600000e-04 1.816210e-04
-9.000000e-04 1.812044e-04
-8.400000e-04 1.812974e-04
-7.800000e-04 1.814363e-04
-7.200000e-04 1.805990e-04
-6.600000e-04 1.793491e-04
-6.000000e-04 1.795352e-04
-5.400000e-04 1.795352e-04
-4.800000e-04 1.786980e-04
-4.200000e-04 1.778647e-04
-3.600000e-04 1.776786e-04
-3.000000e-04 1.772620e-04
-2.400000e-04 1.767238e-04
-1.800000e-04 1.750373e-04
-1.200000e-04 1.744989e-04
