1.633300e-03 2.642981e-05
1.640000e-03 2.632291e-05
1.646700e-03 2.627786e-05
1.653300e-03 2.632022e-05
1.660000e-03 2.629018e-05
1.666700e-03 2.628007e-05
1.673300e-03 2.637017e-05
1.680000e-03 2.631574e-05
1.686700e-03 2.610445e-05
1.693300e-03 2.611521e-05
1.700000e-03 2.622138e-05
1.706700e-03 2.618911e-05
1.713300e-03 2.615809e-05
1.720000e-03 2.623339e-05
1.726700e-03 2.627943e-05
1.733300e-03 2.617185e-05
1.740000e-03 2.611079e-05
1.746700e-03 2.621836e-05
1.753300e-03 2.626441e-05
1.760000e-03 2.618982e-05
1.766700e-03 2.617480e-05
1.773300e-03 2.624939e-05
1.780000e-03 2.635364e-05
1.786700e-03 2.633213e-05
1.793300e-03 2.624289e-05
1.800000e-03 2.619987e-05
1.806700e-03 2.612375e-05
1.813300e-03 2.615603e-05
1.820000e-03 2.630722e-05
1.826700e-03 2.626419e-05
1.833300e-03 2.608293e-05
1.840000e-03 2.616899e-05
1.846700e-03 2.645536e-05
1.853300e-03 2.641301e-05
1.860000e-03 2.614271e-05
1.866700e-03 2.610977e-05
1.873300e-03 2.624401e-05
1.880000e-03 2.630855e-05
1.886700e-03 2.623438e-05
1.893300e-03 2.621286e-05
1.900000e-03 2.628703e-05
1.906700e-03 2.622249e-05
1.913300e-03 2.619337e-05
1.920000e-03 2.632245e-05
1.926700e-03 2.630648e-05
1.933300e-03 2.619891e-05
1.940000e-03 2.625993e-05
1.946700e-03 2.628213e-05
1.953300e-03 2.602685e-05
