-1.500000e-02 1.193562e-04
-1.485000e-02 1.210645e-04
-1.470000e-02 1.209279e-04
-1.455000e-02 1.199788e-04
-1.440000e-02 1.197056e-04
-1.425000e-02 1.174278e-04
-1.410000e-02 1.165398e-04
-1.395000e-02 1.169194e-04
-1.380000e-02 1.175342e-04
-1.365000e-02 1.167749e-04
-1.350000e-02 1.162284e-04
-1.335000e-02 1.166081e-04
-1.320000e-02 1.172912e-04
-1.305000e-02 1.193791e-04
-1.290000e-02 1.191314e-04
-1.275000e-02 1.155993e-04
-1.260000e-02 1.152581e-04
-1.245000e-02 1.162057e-04
-1.230000e-02 1.162057e-04
-1.215000e-02 1.158266e-04
-1.200000e-02 1.163726e-04
-1.185000e-02 1.184572e-04
-1.170000e-02 1.181842e-04
-1.155000e-02 1.162891e-04
-1.140000e-02 1.167668e-04
-1.125000e-02 1.190409e-04
-1.110000e-02 1.192457e-04
-1.095000e-02 1.188667e-04
-1.080000e-02 1.182525e-04
-1.065000e-02 1.169259e-04
-1.050000e-02 1.169259e-04
-1.035000e-02 1.176839e-04
-1.020000e-02 1.180251e-04
-1.005000e-02 1.180252e-04
-9.900000e-03 1.174109e-04
-9.750000e-03 1.174109e-04
-9.600000e-03 1.172062e-04
-9.450000e-03 1.158065e-04
-9.300000e-03 1.182397e-04
-9.150000e-03 1.250730e-04
-9.000000e-03 1.379155e-04
-8.850000e-03 1.743600e-04
-8.700000e-03 1.716958e-04
-8.550000e-03 1.183579e-04
-8.400000e-03 9.970892e-05
-8.250000e-03 1.010376e-04
-8.100000e-03 1.006961e-04
-7.950000e-03 1.001266e-04
-7.800000e-03 9.985338e-05
-7.650000e-03 9.871449e-05
-7.500000e-03 9.891942e-05
-7.350000e-03 9.967868e-05
-7.200000e-03 9.930142e-05
-7.050000e-03 1.005273e-04
-6.900000e-03 1.012780e-04
-6.750000e-03 9.995139e-05
-6.600000e-03 9.838175e-05
-6.450000e-03 9.572863e-05
-6.300000e-03 9.538740e-05
-6.150000e-03 9.500839e-05
-6.000000e-03 9.473541e-05
-5.850000e-03 9.454590e-05
-5.700000e-03 9.420468e-05
-5.550000e-03 9.363615e-05
-5.400000e-03 9.315843e-05
-5.250000e-03 9.069483e-05
-5.100000e-03 8.939816e-05
-4.950000e-03 8.674504e-05
-4.800000e-03 8.694978e-05
-4.650000e-03 8.846585e-05
-4.500000e-03 8.839760e-05
-4.350000e-03 8.801858e-05
-4.200000e-03 8.733613e-05
-4.050000e-03 8.657810e-05
-3.900000e-03 8.712406e-05
-3.750000e-03 8.977718e-05
-3.600000e-03 8.998192e-05
-3.450000e-03 8.988334e-05
-3.300000e-03 9.053061e-05
-3.150000e-03 9.204913e-05
-3.000000e-03 9.163926e-05
-2.850000e-03 8.993092e-05
-2.700000e-03 8.986261e-05
-2.550000e-03 9.024224e-05
-2.400000e-03 9.099366e-05
-2.250000e-03 9.365108e-05
-2.100000e-03 9.467574e-05
-1.950000e-03 9.543500e-05
-1.800000e-03 9.502513e-05
-1.650000e-03 9.274736e-05
-1.500000e-03 9.165438e-05
-1.350000e-03 9.165438e-05
-1.200000e-03 9.162151e-05
-1.050000e-03 8.982286e-05
-9.000000e-04 8.777551e-05
-7.500000e-04 8.265878e-05
-6.000000e-04 8.067967e-05
-4.500000e-04 7.669999e-05
-3.000000e-04 7.514188e-05
-1.500000e-04 7.418280e-05
1.047700e-09 7.460373e-05
1.500000e-04 7.630957e-05
3.000000e-04 7.671910e-05
4.500000e-04 7.823540e-05
6.000000e-04 8.028307e-05
7.500000e-04 8.464244e-05
9.000000e-04 8.614411e-05
1.050000e-03 8.698998e-05
1.200000e-03 8.715835e-05
1.350000e-03 8.791780e-05
1.500000e-03 8.832776e-05
1.650000e-03 8.927698e-05
1.800000e-03 8.992733e-05
1.950000e-03 8.964747e-05
2.100000e-03 8.944270e-05
2.250000e-03 8.830547e-05
2.400000e-03 8.775942e-05
2.550000e-03 8.794896e-05
2.700000e-03 8.767594e-05
2.850000e-03 8.748640e-05
3.000000e-03 8.748640e-05
3.150000e-03 8.578055e-05
3.300000e-03 8.550753e-05
3.450000e-03 8.778199e-05
3.600000e-03 8.791850e-05
3.750000e-03 8.591931e-05
3.900000e-03 8.629267e-05
4.050000e-03 8.970987e-05
4.200000e-03 9.059806e-05
4.350000e-03 9.021837e-05
4.500000e-03 9.032194e-05
4.650000e-03 9.193715e-05
4.800000e-03 9.268797e-05
4.950000e-03 9.477289e-05
5.100000e-03 9.586499e-05
5.250000e-03 9.624407e-05
5.400000e-03 9.542499e-05
5.550000e-03 9.599361e-05
5.700000e-03 9.681268e-05
5.850000e-03 9.491729e-05
6.000000e-03 9.484903e-05
6.150000e-03 9.674442e-05
6.300000e-03 9.701745e-05
6.450000e-03 9.806496e-05
6.600000e-03 9.871491e-05
6.750000e-03 9.871491e-05
6.900000e-03 9.878323e-05
7.050000e-03 9.935276e-05
7.200000e-03 9.918054e-05
7.350000e-03 9.813211e-05
7.500000e-03 9.765432e-05
7.650000e-03 9.575894e-05
7.800000e-03 9.596370e-05
7.950000e-03 9.766954e-05
8.100000e-03 9.787431e-05
8.250000e-03 9.692663e-05
8.400000e-03 9.774569e-05
8.550000e-03 1.002097e-04
8.700000e-03 1.196626e-04
8.850000e-03 1.751974e-04
9.000000e-03 1.782689e-04
9.150000e-03 1.300496e-04
9.300000e-03 1.130955e-04
9.450000e-03 1.140448e-04
9.600000e-03 1.139348e-04
9.750000e-03 1.145785e-04
9.900000e-03 1.151928e-04
1.005000e-02 1.159509e-04
1.020000e-02 1.167700e-04
1.035000e-02 1.188549e-04
1.050000e-02 1.196740e-04
1.065000e-02 1.210008e-04
1.080000e-02 1.212738e-04
1.095000e-02 1.226006e-04
1.110000e-02 1.225323e-04
1.125000e-02 1.213951e-04
1.140000e-02 1.213951e-04
1.155000e-02 1.201889e-04
1.170000e-02 1.192764e-04
1.185000e-02 1.190866e-04
1.200000e-02 1.194965e-04
1.215000e-02 1.196863e-04
1.230000e-02 1.197111e-04
1.245000e-02 1.201591e-04
1.260000e-02 1.205687e-04
1.275000e-02 1.215164e-04
1.290000e-02 1.213116e-04
1.305000e-02 1.213116e-04
1.320000e-02 1.211751e-04
1.335000e-02 1.202274e-04
1.350000e-02 1.199543e-04
1.365000e-02 1.190067e-04
1.380000e-02 1.185289e-04
1.395000e-02 1.172021e-04
1.410000e-02 1.172021e-04
1.425000e-02 1.188387e-04
1.440000e-02 1.190182e-04
1.455000e-02 1.182589e-04
1.470000e-02 1.184638e-04
1.485000e-02 1.190334e-04
