-2.000000e-02 5.172809e-05
-1.980000e-02 6.287613e-05
-1.960000e-02 6.181040e-05
-1.940000e-02 5.591918e-05
-1.920000e-02 5.608276e-05
-1.900000e-02 6.096436e-05
-1.880000e-02 6.387963e-05
-1.860000e-02 6.745574e-05
-1.840000e-02 6.693471e-05
-1.820000e-02 6.613980e-05
-1.800000e-02 6.463379e-05
-1.780000e-02 7.142626e-05
-1.760000e-02 7.398999e-05
-1.740000e-02 6.058879e-05
-1.720000e-02 5.961146e-05
-1.700000e-02 6.856817e-05
-1.680000e-02 6.795627e-05
-1.660000e-02 7.144533e-05
-1.640000e-02 7.509362e-05
-1.620000e-02 7.225440e-05
-1.600000e-02 6.858178e-05
-1.580000e-02 6.405024e-05
-1.560000e-02 6.547863e-05
-1.540000e-02 6.487374e-05
-1.520000e-02 6.025791e-05
-1.500000e-02 5.850710e-05
-1.480000e-02 6.145368e-05
-1.460000e-02 6.454241e-05
-1.440000e-02 6.566800e-05
-1.420000e-02 6.280363e-05
-1.400000e-02 5.956608e-05
-1.380000e-02 5.808482e-05
-1.360000e-02 5.946518e-05
-1.340000e-02 6.452062e-05
-1.320000e-02 6.538448e-05
-1.300000e-02 6.451800e-05
-1.280000e-02 6.684158e-05
-1.260000e-02 6.404878e-05
-1.240000e-02 6.182817e-05
-1.220000e-02 6.641193e-05
-1.200000e-02 6.594142e-05
-1.180000e-02 6.442897e-05
-1.160000e-02 6.564645e-05
-1.140000e-02 6.866748e-05
-1.120000e-02 6.963157e-05
-1.100000e-02 6.434381e-05
-1.080000e-02 6.296572e-05
-1.060000e-02 6.915863e-05
-1.040000e-02 6.893430e-05
-1.020000e-02 6.429639e-05
-1.000000e-02 6.445997e-05
-9.800000e-03 6.368053e-05
-9.600000e-03 6.311391e-05
-9.400000e-03 6.279672e-05
-9.200000e-03 6.258817e-05
-9.000000e-03 6.347978e-05
-8.800000e-03 6.310152e-05
-8.600000e-03 6.224086e-05
-8.400000e-03 6.319451e-05
-8.200000e-03 6.344594e-05
-8.000000e-03 6.314105e-05
-7.800000e-03 6.193427e-05
-7.600000e-03 6.203450e-05
-7.400000e-03 6.471699e-05
-7.200000e-03 6.479774e-05
-7.000000e-03 6.426200e-05
-6.800000e-03 6.387706e-05
-6.600000e-03 6.202614e-05
-6.400000e-03 6.249671e-05
-6.200000e-03 6.335026e-05
-6.000000e-03 6.331058e-05
-5.800000e-03 6.381475e-05
-5.600000e-03 6.314510e-05
-5.400000e-03 6.301358e-05
-5.200000e-03 6.345004e-05
-5.000000e-03 6.448090e-05
-4.800000e-03 6.557017e-05
-4.600000e-03 6.487390e-05
-4.400000e-03 6.402897e-05
-4.200000e-03 6.388198e-05
-4.000000e-03 6.367733e-05
-3.800000e-03 6.410669e-05
-3.600000e-03 6.455706e-05
-3.400000e-03 6.434045e-05
-3.200000e-03 6.423539e-05
-3.000000e-03 6.427407e-05
-2.800000e-03 6.433319e-05
-2.600000e-03 6.424229e-05
-2.400000e-03 6.401396e-05
-2.200000e-03 6.377027e-05
-2.000000e-03 6.378907e-05
-1.800000e-03 6.421216e-05
-1.600000e-03 6.458736e-05
-1.400000e-03 6.425517e-05
-1.200000e-03 6.396907e-05
-1.000000e-03 6.392071e-05
-8.000000e-04 6.390749e-05
-6.000000e-04 6.432525e-05
-4.000000e-04 6.454816e-05
-2.000000e-04 6.453774e-05
-5.820800e-11 6.456018e-05
2.000000e-04 6.429356e-05
4.000000e-04 6.420456e-05
6.000000e-04 6.420456e-05
8.000000e-04 6.424703e-05
1.000000e-03 6.423542e-05
1.200000e-03 6.414214e-05
1.400000e-03 6.391778e-05
1.600000e-03 6.387605e-05
1.800000e-03 6.433220e-05
2.000000e-03 6.460515e-05
2.200000e-03 6.472364e-05
2.400000e-03 6.468118e-05
2.600000e-03 6.318010e-05
2.800000e-03 6.268997e-05
3.000000e-03 6.243657e-05
3.200000e-03 6.280695e-05
3.400000e-03 6.596193e-05
3.600000e-03 6.600161e-05
3.800000e-03 6.410011e-05
4.000000e-03 6.476847e-05
4.200000e-03 6.643775e-05
4.400000e-03 6.570882e-05
4.600000e-03 6.427940e-05
4.800000e-03 6.447086e-05
5.000000e-03 6.512662e-05
5.200000e-03 6.628650e-05
5.400000e-03 6.858261e-05
5.600000e-03 6.861533e-05
5.800000e-03 6.539459e-05
6.000000e-03 6.435932e-05
6.200000e-03 6.551858e-05
6.400000e-03 6.532345e-05
6.600000e-03 6.474769e-05
6.800000e-03 6.290990e-05
7.000000e-03 6.056611e-05
7.200000e-03 6.214999e-05
7.400000e-03 6.513860e-05
7.600000e-03 6.701419e-05
7.800000e-03 6.637971e-05
8.000000e-03 6.339785e-05
8.200000e-03 6.273049e-05
8.400000e-03 6.563438e-05
8.600000e-03 6.641697e-05
8.800000e-03 6.517284e-05
9.000000e-03 6.641361e-05
9.200000e-03 6.672829e-05
9.400000e-03 6.848471e-05
9.600000e-03 6.713546e-05
9.800000e-03 5.973646e-05
1.000000e-02 5.928740e-05
1.020000e-02 5.939960e-05
1.040000e-02 6.131139e-05
1.060000e-02 7.267808e-05
1.080000e-02 7.235455e-05
1.100000e-02 5.774252e-05
1.120000e-02 5.701200e-05
1.140000e-02 6.407966e-05
1.160000e-02 6.426625e-05
1.180000e-02 6.713880e-05
1.200000e-02 6.672038e-05
1.220000e-02 6.049942e-05
1.240000e-02 6.224411e-05
1.260000e-02 7.172451e-05
1.280000e-02 7.127336e-05
1.300000e-02 6.245172e-05
1.320000e-02 5.811922e-05
1.340000e-02 5.919948e-05
1.360000e-02 6.544377e-05
1.380000e-02 6.348424e-05
1.400000e-02 6.016820e-05
1.420000e-02 6.277961e-05
1.440000e-02 6.398126e-05
1.460000e-02 7.176521e-05
1.480000e-02 7.069654e-05
1.500000e-02 6.267778e-05
1.520000e-02 6.194956e-05
1.540000e-02 6.194763e-05
1.560000e-02 6.524276e-05
1.580000e-02 7.363098e-05
1.600000e-02 7.313737e-05
1.620000e-02 6.290063e-05
1.640000e-02 6.235411e-05
1.660000e-02 6.447420e-05
1.680000e-02 6.175133e-05
1.700000e-02 6.264114e-05
1.720000e-02 6.462324e-05
1.740000e-02 6.443754e-05
1.760000e-02 6.312240e-05
1.780000e-02 6.824078e-05
1.800000e-02 6.951483e-05
1.820000e-02 5.694330e-05
1.840000e-02 5.227732e-05
1.860000e-02 5.633951e-05
1.880000e-02 6.462926e-05
1.900000e-02 7.921449e-05
1.920000e-02 7.763339e-05
1.940000e-02 6.108158e-05
1.960000e-02 5.455476e-05
1.980000e-02 5.327961e-05
