-1.500000e-02 4.517041e-05
-1.485000e-02 4.555005e-05
-1.470000e-02 4.602823e-05
-1.455000e-02 4.792638e-05
-1.440000e-02 4.778976e-05
-1.425000e-02 4.816938e-05
-1.410000e-02 4.864757e-05
-1.395000e-02 4.807812e-05
-1.380000e-02 4.800981e-05
-1.365000e-02 4.914869e-05
-1.350000e-02 4.928532e-05
-1.335000e-02 4.624828e-05
-1.320000e-02 4.522361e-05
-1.305000e-02 4.636250e-05
-1.290000e-02 4.641434e-05
-1.275000e-02 4.693542e-05
-1.260000e-02 4.843681e-05
-1.245000e-02 4.938436e-05
-1.230000e-02 4.829244e-05
-1.215000e-02 4.734489e-05
-1.200000e-02 4.816383e-05
-1.185000e-02 4.873236e-05
-1.170000e-02 4.750395e-05
-1.155000e-02 4.541935e-05
-1.140000e-02 4.541935e-05
-1.125000e-02 4.466131e-05
-1.110000e-02 4.397886e-05
-1.095000e-02 4.303132e-05
-1.080000e-02 4.323605e-05
-1.065000e-02 4.380458e-05
-1.050000e-02 4.380458e-05
-1.035000e-02 4.209900e-05
-1.020000e-02 4.230373e-05
-1.005000e-02 4.249324e-05
-9.900000e-03 4.153782e-05
-9.750000e-03 4.248536e-05
-9.600000e-03 4.275834e-05
-9.450000e-03 4.166261e-05
-9.300000e-03 4.201971e-05
-9.150000e-03 4.391787e-05
-9.000000e-03 4.453267e-05
-8.850000e-03 4.548174e-05
-8.700000e-03 4.568668e-05
-8.550000e-03 4.606630e-05
-8.400000e-03 4.599799e-05
-8.250000e-03 4.618781e-05
-8.100000e-03 4.611950e-05
-7.950000e-03 4.668894e-05
-7.800000e-03 4.709881e-05
-7.650000e-03 4.747844e-05
-7.500000e-03 4.809324e-05
-7.350000e-03 5.037101e-05
-7.200000e-03 5.035349e-05
-7.050000e-03 4.954341e-05
-6.900000e-03 4.967990e-05
-6.750000e-03 4.873236e-05
-6.600000e-03 4.859587e-05
-6.450000e-03 4.859587e-05
-6.300000e-03 4.777692e-05
-6.150000e-03 4.607135e-05
-6.000000e-03 4.586661e-05
-5.850000e-03 4.624563e-05
-5.700000e-03 4.651861e-05
-5.550000e-03 4.538155e-05
-5.400000e-03 4.476734e-05
-5.250000e-03 4.400931e-05
-5.100000e-03 4.455528e-05
-4.950000e-03 4.720840e-05
-4.800000e-03 4.666244e-05
-4.650000e-03 4.363030e-05
-4.500000e-03 4.342556e-05
-4.350000e-03 4.323605e-05
-4.200000e-03 4.350903e-05
-4.050000e-03 4.407756e-05
-3.900000e-03 4.366809e-05
-3.750000e-03 4.177300e-05
-3.600000e-03 4.115880e-05
-3.450000e-03 4.044056e-05
-3.300000e-03 4.025090e-05
-3.150000e-03 3.930183e-05
-3.000000e-03 3.916521e-05
-2.850000e-03 4.201243e-05
-2.700000e-03 4.337866e-05
-2.550000e-03 4.451755e-05
-2.400000e-03 4.444923e-05
-2.250000e-03 4.482886e-05
-2.100000e-03 4.462393e-05
-1.950000e-03 4.215633e-05
-1.800000e-03 4.147322e-05
-1.650000e-03 4.071396e-05
-1.500000e-03 4.105552e-05
-1.350000e-03 4.371293e-05
-1.200000e-03 4.451620e-05
-1.050000e-03 4.560886e-05
-9.000000e-04 4.601833e-05
-7.500000e-04 4.772391e-05
-6.000000e-04 4.820162e-05
-4.500000e-04 4.820162e-05
-3.000000e-04 4.793600e-05
-1.500000e-04 4.906569e-05
1.047700e-09 4.989229e-05
1.500000e-04 5.121906e-05
3.000000e-04 5.115080e-05
4.500000e-04 4.925542e-05
6.000000e-04 4.857287e-05
7.500000e-04 4.667749e-05
9.000000e-04 4.606319e-05
1.050000e-03 4.667957e-05
1.200000e-03 4.792590e-05
1.350000e-03 5.039387e-05
1.500000e-03 5.012060e-05
1.650000e-03 4.955112e-05
1.800000e-03 4.926067e-05
1.950000e-03 4.655637e-05
2.100000e-03 4.553255e-05
2.250000e-03 4.401624e-05
2.400000e-03 4.401624e-05
2.550000e-03 4.306855e-05
2.700000e-03 4.224948e-05
2.850000e-03 4.130179e-05
3.000000e-03 4.205260e-05
3.150000e-03 4.546430e-05
3.300000e-03 4.539604e-05
3.450000e-03 4.217389e-05
3.600000e-03 4.155958e-05
3.750000e-03 4.046185e-05
3.900000e-03 4.075062e-05
4.050000e-03 4.283891e-05
4.200000e-03 4.249730e-05
4.350000e-03 4.306683e-05
4.500000e-03 4.318793e-05
4.650000e-03 4.011153e-05
4.800000e-03 4.024804e-05
4.950000e-03 4.347020e-05
5.100000e-03 4.408450e-05
5.250000e-03 4.484265e-05
5.400000e-03 4.477440e-05
5.550000e-03 4.496394e-05
5.700000e-03 4.564650e-05
5.850000e-03 4.754188e-05
6.000000e-03 4.747363e-05
6.150000e-03 4.576778e-05
6.300000e-03 4.542650e-05
6.450000e-03 4.585212e-05
6.600000e-03 4.600523e-05
6.750000e-03 4.505601e-05
6.900000e-03 4.519265e-05
7.050000e-03 4.671141e-05
7.200000e-03 4.751375e-05
7.350000e-03 5.068844e-05
7.500000e-03 5.075670e-05
7.650000e-03 5.113578e-05
7.800000e-03 5.175008e-05
7.950000e-03 5.004423e-05
8.100000e-03 4.867911e-05
8.250000e-03 4.716280e-05
8.400000e-03 4.729932e-05
8.550000e-03 4.767839e-05
8.700000e-03 4.781491e-05
8.850000e-03 4.724629e-05
9.000000e-03 4.765583e-05
9.150000e-03 4.903251e-05
9.300000e-03 4.802520e-05
9.450000e-03 4.593691e-05
9.600000e-03 4.646642e-05
9.750000e-03 4.945249e-05
9.900000e-03 5.027157e-05
1.005000e-02 4.856572e-05
1.020000e-02 4.747363e-05
1.035000e-02 4.728409e-05
1.050000e-02 4.796665e-05
1.065000e-02 4.929342e-05
1.080000e-02 4.874737e-05
1.095000e-02 4.590429e-05
1.110000e-02 4.522173e-05
1.125000e-02 4.313681e-05
1.140000e-02 4.286378e-05
1.155000e-02 4.423526e-05
1.170000e-02 4.418294e-05
1.185000e-02 4.380325e-05
1.200000e-02 4.352997e-05
1.215000e-02 4.125183e-05
1.230000e-02 4.096313e-05
1.245000e-02 4.073318e-05
1.260000e-02 4.066492e-05
1.275000e-02 4.009630e-05
1.290000e-02 3.948200e-05
1.305000e-02 4.099831e-05
1.320000e-02 4.215866e-05
1.335000e-02 4.253774e-05
1.350000e-02 4.226471e-05
1.365000e-02 4.055886e-05
1.380000e-02 4.028584e-05
1.395000e-02 4.256030e-05
1.410000e-02 4.399367e-05
1.425000e-02 4.745405e-05
1.440000e-02 4.767576e-05
1.455000e-02 4.634684e-05
1.470000e-02 4.641516e-05
1.485000e-02 4.755423e-05
