-1.500000e-02 3.136977e-05
-1.485000e-02 3.143753e-05
-1.470000e-02 3.145982e-05
-1.455000e-02 3.144627e-05
-1.440000e-02 3.147553e-05
-1.425000e-02 3.135745e-05
-1.410000e-02 3.128431e-05
-1.395000e-02 3.124753e-05
-1.380000e-02 3.127888e-05
-1.365000e-02 3.131565e-05
-1.350000e-02 3.131705e-05
-1.335000e-02 3.134027e-05
-1.320000e-02 3.133749e-05
-1.305000e-02 3.136265e-05
-1.290000e-02 3.136519e-05
-1.275000e-02 3.129298e-05
-1.260000e-02 3.127628e-05
-1.245000e-02 3.126662e-05
-1.230000e-02 3.125549e-05
-1.215000e-02 3.124195e-05
-1.200000e-02 3.121899e-05
-1.185000e-02 3.123252e-05
-1.170000e-02 3.128124e-05
-1.155000e-02 3.121166e-05
-1.140000e-02 3.115738e-05
-1.125000e-02 3.119216e-05
-1.110000e-02 3.120469e-05
-1.095000e-02 3.114092e-05
-1.080000e-02 3.115901e-05
-1.065000e-02 3.129235e-05
-1.050000e-02 3.129305e-05
-1.035000e-02 3.123701e-05
-1.020000e-02 3.118690e-05
-1.005000e-02 3.110767e-05
-9.900000e-03 3.115360e-05
-9.750000e-03 3.134685e-05
-9.600000e-03 3.137817e-05
-9.450000e-03 3.139631e-05
-9.300000e-03 3.139936e-05
-9.150000e-03 3.144388e-05
-9.000000e-03 3.144875e-05
-8.850000e-03 3.136358e-05
-8.700000e-03 3.136009e-05
-8.550000e-03 3.148591e-05
-8.400000e-03 3.151378e-05
-8.250000e-03 3.153120e-05
-8.100000e-03 3.154304e-05
-7.950000e-03 3.139593e-05
-7.800000e-03 3.134090e-05
-7.650000e-03 3.152479e-05
-7.500000e-03 3.157077e-05
-7.350000e-03 3.135591e-05
-7.200000e-03 3.128046e-05
-7.050000e-03 3.127597e-05
-6.900000e-03 3.129476e-05
-6.750000e-03 3.130442e-05
-6.600000e-03 3.132460e-05
-6.450000e-03 3.134586e-05
-6.300000e-03 3.131385e-05
-6.150000e-03 3.125974e-05
-6.000000e-03 3.129245e-05
-5.850000e-03 3.149922e-05
-5.700000e-03 3.151940e-05
-5.550000e-03 3.127591e-05
-5.400000e-03 3.125016e-05
-5.250000e-03 3.137964e-05
-5.100000e-03 3.135110e-05
-4.950000e-03 3.121969e-05
-4.800000e-03 3.120786e-05
-4.650000e-03 3.120400e-05
-4.500000e-03 3.120400e-05
-4.350000e-03 3.126777e-05
-4.200000e-03 3.128795e-05
-4.050000e-03 3.126670e-05
-3.900000e-03 3.124651e-05
-3.750000e-03 3.109771e-05
-3.600000e-03 3.106987e-05
-3.450000e-03 3.121926e-05
-3.300000e-03 3.125984e-05
-3.150000e-03 3.117080e-05
-3.000000e-03 3.112343e-05
-2.850000e-03 3.124344e-05
-2.700000e-03 3.131798e-05
-2.550000e-03 3.121733e-05
-2.400000e-03 3.118668e-05
-2.250000e-03 3.128152e-05
-2.100000e-03 3.124739e-05
-1.950000e-03 3.118738e-05
-1.800000e-03 3.123615e-05
-1.650000e-03 3.126131e-05
-1.500000e-03 3.124947e-05
-1.350000e-03 3.125527e-05
-1.200000e-03 3.125506e-05
-1.050000e-03 3.125448e-05
-9.000000e-04 3.124543e-05
-7.500000e-04 3.126862e-05
-6.000000e-04 3.129785e-05
-4.500000e-04 3.136935e-05
-3.000000e-04 3.137347e-05
-1.500000e-04 3.129716e-05
1.047700e-09 3.131171e-05
1.500000e-04 3.144120e-05
3.000000e-04 3.143633e-05
4.500000e-04 3.137835e-05
6.000000e-04 3.140688e-05
7.500000e-04 3.146874e-05
9.000000e-04 3.146943e-05
1.050000e-03 3.140637e-05
1.200000e-03 3.137529e-05
1.350000e-03 3.138497e-05
1.500000e-03 3.140657e-05
1.650000e-03 3.143367e-05
1.800000e-03 3.140209e-05
1.950000e-03 3.119643e-05
2.100000e-03 3.113309e-05
2.250000e-03 3.116594e-05
2.400000e-03 3.121468e-05
2.550000e-03 3.144664e-05
2.700000e-03 3.149886e-05
2.850000e-03 3.127857e-05
3.000000e-03 3.121455e-05
3.150000e-03 3.120296e-05
3.300000e-03 3.120365e-05
3.450000e-03 3.113214e-05
3.600000e-03 3.110360e-05
3.750000e-03 3.123370e-05
3.900000e-03 3.126802e-05
4.050000e-03 3.119639e-05
4.200000e-03 3.118594e-05
4.350000e-03 3.125757e-05
4.500000e-03 3.128799e-05
4.650000e-03 3.129512e-05
4.800000e-03 3.129512e-05
4.950000e-03 3.134151e-05
5.100000e-03 3.134847e-05
5.250000e-03 3.136200e-05
5.400000e-03 3.137871e-05
5.550000e-03 3.130913e-05
5.700000e-03 3.126319e-05
5.850000e-03 3.130957e-05
6.000000e-03 3.135203e-05
6.150000e-03 3.141775e-05
6.300000e-03 3.140522e-05
6.450000e-03 3.132275e-05
6.600000e-03 3.136201e-05
6.750000e-03 3.151882e-05
6.900000e-03 3.150976e-05
7.050000e-03 3.142651e-05
7.200000e-03 3.140815e-05
7.350000e-03 3.136680e-05
7.500000e-03 3.138281e-05
7.650000e-03 3.138474e-05
7.800000e-03 3.131792e-05
7.950000e-03 3.122514e-05
8.100000e-03 3.125368e-05
8.250000e-03 3.130587e-05
8.400000e-03 3.131352e-05
8.550000e-03 3.139277e-05
8.700000e-03 3.138581e-05
8.850000e-03 3.128337e-05
9.000000e-03 3.127571e-05
9.150000e-03 3.122792e-05
9.300000e-03 3.120723e-05
9.450000e-03 3.126337e-05
9.600000e-03 3.127710e-05
9.750000e-03 3.117404e-05
9.900000e-03 3.115177e-05
1.005000e-02 3.128707e-05
1.020000e-02 3.136990e-05
1.035000e-02 3.141822e-05
1.050000e-02 3.138481e-05
1.065000e-02 3.138674e-05
1.080000e-02 3.139231e-05
1.095000e-02 3.133046e-05
1.110000e-02 3.132002e-05
1.125000e-02 3.127557e-05
1.140000e-02 3.121431e-05
1.155000e-02 3.115681e-05
1.170000e-02 3.115489e-05
1.185000e-02 3.115683e-05
1.200000e-02 3.123138e-05
1.215000e-02 3.132818e-05
1.230000e-02 3.134672e-05
1.245000e-02 3.140987e-05
1.260000e-02 3.138829e-05
1.275000e-02 3.134963e-05
1.290000e-02 3.133711e-05
1.305000e-02 3.132357e-05
1.320000e-02 3.134376e-05
1.335000e-02 3.139595e-05
1.350000e-02 3.142379e-05
1.365000e-02 3.151850e-05
1.380000e-02 3.151710e-05
1.395000e-02 3.140886e-05
1.410000e-02 3.140260e-05
1.425000e-02 3.146334e-05
1.440000e-02 3.143992e-05
1.455000e-02 3.137023e-05
1.470000e-02 3.136187e-05
1.485000e-02 3.137735e-05
