-5.000000e-02 1.396550e-04
-4.950000e-02 1.409536e-04
-4.900000e-02 1.408053e-04
-4.850000e-02 1.356898e-04
-4.800000e-02 1.352506e-04
-4.750000e-02 1.404958e-04
-4.700000e-02 1.406921e-04
-4.650000e-02 1.385978e-04
-4.600000e-02 1.380465e-04
-4.550000e-02 1.362178e-04
-4.500000e-02 1.363995e-04
-4.450000e-02 1.401434e-04
-4.400000e-02 1.405186e-04
-4.350000e-02 1.369934e-04
-4.300000e-02 1.373985e-04
-4.250000e-02 1.404603e-04
-4.200000e-02 1.407958e-04
-4.150000e-02 1.436678e-04
-4.100000e-02 1.429703e-04
-4.050000e-02 1.380545e-04
-4.000000e-02 1.377951e-04
-3.950000e-02 1.405046e-04
-3.900000e-02 1.425480e-04
-3.850000e-02 1.426487e-04
-3.800000e-02 1.403955e-04
-3.750000e-02 1.411139e-04
-3.700000e-02 1.421399e-04
-3.650000e-02 1.386598e-04
-3.600000e-02 1.380382e-04
-3.550000e-02 1.374214e-04
-3.500000e-02 1.373316e-04
-3.450000e-02 1.394270e-04
-3.400000e-02 1.394451e-04
-3.350000e-02 1.388923e-04
-3.300000e-02 1.385116e-04
-3.250000e-02 1.360162e-04
-3.200000e-02 1.364519e-04
-3.150000e-02 1.407116e-04
-3.100000e-02 1.406912e-04
-3.050000e-02 1.378404e-04
-3.000000e-02 1.378156e-04
-2.950000e-02 1.407535e-04
-2.900000e-02 1.414175e-04
-2.850000e-02 1.414447e-04
-2.800000e-02 1.420203e-04
-2.750000e-02 1.408861e-04
-2.700000e-02 1.398288e-04
-2.650000e-02 1.414206e-04
-2.600000e-02 1.426971e-04
-2.550000e-02 1.442581e-04
-2.500000e-02 1.429732e-04
-2.450000e-02 1.400897e-04
-2.400000e-02 1.407391e-04
-2.350000e-02 1.402899e-04
-2.300000e-02 1.397839e-04
-2.250000e-02 1.384974e-04
-2.200000e-02 1.380519e-04
-2.150000e-02 1.392706e-04
-2.100000e-02 1.400823e-04
-2.050000e-02 1.401577e-04
-2.000000e-02 1.393408e-04
-1.950000e-02 1.373493e-04
-1.900000e-02 1.377083e-04
-1.850000e-02 1.411067e-04
-1.800000e-02 1.412487e-04
-1.750000e-02 1.399009e-04
-1.700000e-02 1.399232e-04
-1.650000e-02 1.388518e-04
-1.600000e-02 1.388525e-04
-1.550000e-02 1.410920e-04
-1.500000e-02 1.410947e-04
-1.450000e-02 1.398849e-04
-1.400000e-02 1.399663e-04
-1.350000e-02 1.409117e-04
-1.300000e-02 1.412312e-04
-1.250000e-02 1.402645e-04
-1.200000e-02 1.398142e-04
-1.150000e-02 1.396923e-04
-1.100000e-02 1.397357e-04
-1.050000e-02 1.405040e-04
-1.000000e-02 1.408984e-04
-9.500000e-03 1.410997e-04
-9.000000e-03 1.406542e-04
-8.500000e-03 1.399082e-04
-8.000000e-03 1.400530e-04
-7.500000e-03 1.400636e-04
-7.000000e-03 1.398882e-04
-6.500000e-03 1.392501e-04
-6.000000e-03 1.393163e-04
-5.500000e-03 1.403065e-04
-5.000000e-03 1.404005e-04
-4.500000e-03 1.399720e-04
-4.000000e-03 1.399714e-04
-3.500000e-03 1.400359e-04
-3.000000e-03 1.400290e-04
-2.500000e-03 1.404683e-04
-2.000000e-03 1.405567e-04
-1.500000e-03 1.404328e-04
-1.000000e-03 1.405232e-04
-5.000000e-04 1.405847e-04
1.629800e-09 1.404607e-04
5.000000e-04 1.401905e-04
1.000000e-03 1.402671e-04
1.500000e-03 1.404329e-04
2.000000e-03 1.404191e-04
2.500000e-03 1.402053e-04
3.000000e-03 1.400474e-04
3.500000e-03 1.400871e-04
4.000000e-03 1.403176e-04
4.500000e-03 1.404979e-04
5.000000e-03 1.404360e-04
5.500000e-03 1.405382e-04
6.000000e-03 1.407032e-04
6.500000e-03 1.410632e-04
7.000000e-03 1.411098e-04
7.500000e-03 1.410048e-04
8.000000e-03 1.407110e-04
8.500000e-03 1.401019e-04
9.000000e-03 1.403504e-04
9.500000e-03 1.409905e-04
1.000000e-02 1.407433e-04
1.050000e-02 1.397626e-04
1.100000e-02 1.397542e-04
1.150000e-02 1.404201e-04
1.200000e-02 1.403940e-04
1.250000e-02 1.391746e-04
1.300000e-02 1.388658e-04
1.350000e-02 1.391484e-04
1.400000e-02 1.394241e-04
1.450000e-02 1.399324e-04
1.500000e-02 1.401023e-04
1.550000e-02 1.397894e-04
1.600000e-02 1.391497e-04
1.650000e-02 1.381630e-04
1.700000e-02 1.387958e-04
1.750000e-02 1.398173e-04
1.800000e-02 1.395563e-04
1.850000e-02 1.394266e-04
1.900000e-02 1.396138e-04
1.950000e-02 1.404695e-04
2.000000e-02 1.407633e-04
2.050000e-02 1.415025e-04
2.100000e-02 1.411398e-04
2.150000e-02 1.397962e-04
2.200000e-02 1.402800e-04
2.250000e-02 1.410875e-04
2.300000e-02 1.412135e-04
2.350000e-02 1.412730e-04
2.400000e-02 1.408177e-04
2.450000e-02 1.417531e-04
2.500000e-02 1.422898e-04
2.550000e-02 1.410162e-04
2.600000e-02 1.401816e-04
2.650000e-02 1.375906e-04
2.700000e-02 1.379978e-04
2.750000e-02 1.425515e-04
2.800000e-02 1.424777e-04
2.850000e-02 1.397256e-04
2.900000e-02 1.393183e-04
2.950000e-02 1.381412e-04
3.000000e-02 1.388165e-04
3.050000e-02 1.419811e-04
3.100000e-02 1.418461e-04
3.150000e-02 1.400902e-04
3.200000e-02 1.388421e-04
3.250000e-02 1.394850e-04
3.300000e-02 1.419089e-04
3.350000e-02 1.430038e-04
3.400000e-02 1.422241e-04
3.450000e-02 1.412008e-04
3.500000e-02 1.408904e-04
3.550000e-02 1.440879e-04
3.600000e-02 1.442034e-04
3.650000e-02 1.396317e-04
3.700000e-02 1.391430e-04
3.750000e-02 1.409043e-04
3.800000e-02 1.417181e-04
3.850000e-02 1.428795e-04
3.900000e-02 1.425489e-04
3.950000e-02 1.402068e-04
4.000000e-02 1.390811e-04
4.050000e-02 1.378356e-04
4.100000e-02 1.388728e-04
4.150000e-02 1.399693e-04
4.200000e-02 1.389683e-04
4.250000e-02 1.379115e-04
4.300000e-02 1.386987e-04
4.350000e-02 1.403014e-04
4.400000e-02 1.402875e-04
4.450000e-02 1.398946e-04
4.500000e-02 1.393439e-04
4.550000e-02 1.384923e-04
4.600000e-02 1.390339e-04
4.650000e-02 1.409230e-04
4.700000e-02 1.420897e-04
4.750000e-02 1.435430e-04
4.800000e-02 1.424800e-04
4.850000e-02 1.441004e-04
4.900000e-02 1.458310e-04
4.950000e-02 1.431967e-04
