-1.500000e-02 4.576890e-05
-1.485000e-02 4.891045e-05
-1.470000e-02 4.897821e-05
-1.455000e-02 4.074111e-05
-1.440000e-02 4.009486e-05
-1.425000e-02 4.664654e-05
-1.410000e-02 4.737803e-05
-1.395000e-02 5.090438e-05
-1.380000e-02 5.118383e-05
-1.365000e-02 4.395105e-05
-1.350000e-02 4.413937e-05
-1.335000e-02 4.450944e-05
-1.320000e-02 4.242878e-05
-1.305000e-02 4.097138e-05
-1.290000e-02 4.067003e-05
-1.275000e-02 4.384409e-05
-1.260000e-02 4.666599e-05
-1.245000e-02 4.621908e-05
-1.230000e-02 4.505792e-05
-1.215000e-02 4.353805e-05
-1.200000e-02 4.070345e-05
-1.185000e-02 3.720042e-05
-1.170000e-02 3.915371e-05
-1.155000e-02 4.109386e-05
-1.140000e-02 4.168924e-05
-1.125000e-02 4.692596e-05
-1.110000e-02 4.701867e-05
-1.095000e-02 4.414360e-05
-1.080000e-02 4.445331e-05
-1.065000e-02 4.129144e-05
-1.050000e-02 3.946387e-05
-1.035000e-02 4.366474e-05
-1.020000e-02 4.619423e-05
-1.005000e-02 5.118504e-05
-9.900000e-03 5.086385e-05
-9.750000e-03 4.092188e-05
-9.600000e-03 3.992740e-05
-9.450000e-03 4.257684e-05
-9.300000e-03 4.249519e-05
-9.150000e-03 4.538351e-05
-9.000000e-03 4.488488e-05
-8.850000e-03 4.293279e-05
-8.700000e-03 4.406708e-05
-8.550000e-03 4.218833e-05
-8.400000e-03 4.169832e-05
-8.250000e-03 4.346234e-05
-8.100000e-03 4.174160e-05
-7.950000e-03 4.009359e-05
-7.800000e-03 4.255482e-05
-7.650000e-03 4.632115e-05
-7.500000e-03 4.614879e-05
-7.350000e-03 4.382956e-05
-7.200000e-03 4.284154e-05
-7.050000e-03 4.456485e-05
-6.900000e-03 4.533168e-05
-6.750000e-03 4.362779e-05
-6.600000e-03 4.318435e-05
-6.450000e-03 4.351711e-05
-6.300000e-03 4.382365e-05
-6.150000e-03 4.750942e-05
-6.000000e-03 4.813428e-05
-5.850000e-03 4.342126e-05
-5.700000e-03 4.260782e-05
-5.550000e-03 4.317850e-05
-5.400000e-03 4.292206e-05
-5.250000e-03 4.492074e-05
-5.100000e-03 4.507268e-05
-4.950000e-03 4.312646e-05
-4.800000e-03 4.355797e-05
-4.650000e-03 4.436386e-05
-4.500000e-03 4.393923e-05
-4.350000e-03 4.261636e-05
-4.200000e-03 4.175524e-05
-4.050000e-03 4.214821e-05
-3.900000e-03 4.355916e-05
-3.750000e-03 4.422658e-05
-3.600000e-03 4.374264e-05
-3.450000e-03 4.344784e-05
-3.300000e-03 4.286285e-05
-3.150000e-03 4.249004e-05
-3.000000e-03 4.308963e-05
-2.850000e-03 4.286835e-05
-2.700000e-03 4.272858e-05
-2.550000e-03 4.437806e-05
-2.400000e-03 4.474797e-05
-2.250000e-03 4.511930e-05
-2.100000e-03 4.504140e-05
-1.950000e-03 4.305673e-05
-1.800000e-03 4.279089e-05
-1.650000e-03 4.349343e-05
-1.500000e-03 4.355620e-05
-1.350000e-03 4.453866e-05
-1.200000e-03 4.475698e-05
-1.050000e-03 4.407642e-05
-9.000000e-04 4.401991e-05
-7.500000e-04 4.376603e-05
-6.000000e-04 4.357941e-05
-4.500000e-04 4.368494e-05
-3.000000e-04 4.378331e-05
-1.500000e-04 4.396941e-05
1.047700e-09 4.398463e-05
1.500000e-04 4.382493e-05
3.000000e-04 4.377702e-05
4.500000e-04 4.379339e-05
6.000000e-04 4.398322e-05
7.500000e-04 4.437080e-05
9.000000e-04 4.426372e-05
1.050000e-03 4.410264e-05
1.200000e-03 4.400173e-05
1.350000e-03 4.363097e-05
1.500000e-03 4.365109e-05
1.650000e-03 4.297999e-05
1.800000e-03 4.290392e-05
1.950000e-03 4.450777e-05
2.100000e-03 4.457059e-05
2.250000e-03 4.325572e-05
2.400000e-03 4.313875e-05
2.550000e-03 4.218836e-05
2.700000e-03 4.218072e-05
2.850000e-03 4.389390e-05
3.000000e-03 4.370793e-05
3.150000e-03 4.345611e-05
3.300000e-03 4.371954e-05
3.450000e-03 4.284890e-05
3.600000e-03 4.323286e-05
3.750000e-03 4.415763e-05
3.900000e-03 4.331257e-05
4.050000e-03 4.332287e-05
4.200000e-03 4.403322e-05
4.350000e-03 4.477665e-05
4.500000e-03 4.547638e-05
4.650000e-03 4.534508e-05
4.800000e-03 4.421374e-05
4.950000e-03 4.309463e-05
5.100000e-03 4.367689e-05
5.250000e-03 4.550528e-05
5.400000e-03 4.551268e-05
5.550000e-03 4.318256e-05
5.700000e-03 4.239929e-05
5.850000e-03 4.425495e-05
6.000000e-03 4.461745e-05
6.150000e-03 4.228439e-05
6.300000e-03 4.206962e-05
6.450000e-03 4.034203e-05
6.600000e-03 3.991664e-05
6.750000e-03 4.365120e-05
6.900000e-03 4.384651e-05
7.050000e-03 4.279285e-05
7.200000e-03 4.338679e-05
7.350000e-03 4.197204e-05
7.500000e-03 4.207217e-05
7.650000e-03 4.445811e-05
7.800000e-03 4.376862e-05
7.950000e-03 4.402065e-05
8.100000e-03 4.462044e-05
8.250000e-03 4.421271e-05
8.400000e-03 4.539082e-05
8.550000e-03 4.710442e-05
8.700000e-03 4.632599e-05
8.850000e-03 4.448040e-05
9.000000e-03 4.315205e-05
9.150000e-03 4.264301e-05
9.300000e-03 4.419966e-05
9.450000e-03 4.462234e-05
9.600000e-03 4.427864e-05
9.750000e-03 4.712174e-05
9.900000e-03 4.739726e-05
1.005000e-02 4.492990e-05
1.020000e-02 4.396028e-05
1.035000e-02 3.853241e-05
1.050000e-02 3.737318e-05
1.065000e-02 4.226972e-05
1.080000e-02 4.418471e-05
1.095000e-02 4.476955e-05
1.110000e-02 4.448269e-05
1.125000e-02 4.198008e-05
1.140000e-02 4.129580e-05
1.155000e-02 4.251226e-05
1.170000e-02 4.212815e-05
1.185000e-02 4.349099e-05
1.200000e-02 4.490550e-05
1.215000e-02 4.483508e-05
1.230000e-02 4.538331e-05
1.245000e-02 4.478214e-05
1.260000e-02 4.287055e-05
1.275000e-02 4.198017e-05
1.290000e-02 4.311612e-05
1.305000e-02 4.651353e-05
1.320000e-02 4.803465e-05
1.335000e-02 4.814944e-05
1.350000e-02 4.692016e-05
1.365000e-02 4.559309e-05
1.380000e-02 4.524381e-05
1.395000e-02 4.494353e-05
1.410000e-02 4.439475e-05
1.425000e-02 3.884584e-05
1.440000e-02 3.806140e-05
1.455000e-02 4.380659e-05
1.470000e-02 4.507957e-05
1.485000e-02 4.320578e-05
