-2.810575e-03 5.711796e-05
-2.782018e-03 5.710478e-05
-2.753510e-03 5.708634e-05
-2.725012e-03 5.709532e-05
-2.696503e-03 5.708973e-05
-2.667773e-03 5.670463e-05
-2.638734e-03 5.675088e-05
-2.609727e-03 5.693314e-05
-2.577537e-03 5.892538e-05
-2.541319e-03 5.769888e-05
-2.503629e-03 5.812359e-05
-2.454519e-03 4.031457e-05
-2.390720e-03 4.271678e-05
-2.324074e-03 4.464481e-05
-2.265087e-03 4.074381e-05
-2.221099e-03 5.490633e-05
-2.185446e-03 5.501946e-05
-2.145911e-03 4.881812e-05
-2.101834e-03 4.929469e-05
-2.058558e-03 5.199840e-05
-2.021508e-03 4.923615e-05
-1.986407e-03 4.481020e-05
-1.949923e-03 4.404727e-05
-1.918040e-03 4.956202e-05
-1.890635e-03 4.887399e-05
-1.855291e-03 3.376631e-05
-1.849790e-03 1.041221e-05
-1.903196e-03 4.371461e-05
-1.961500e-03 5.276185e-05
-2.008597e-03 5.921747e-05
-2.030429e-03 7.669792e-05
-2.013898e-03 6.127281e-05
-1.989267e-03 6.059816e-05
-1.967201e-03 6.304862e-05
-1.947645e-03 6.240857e-05
-1.932285e-03 6.762784e-05
-1.928706e-03 6.243934e-05
-1.935365e-03 6.508928e-05
-1.930898e-03 7.273429e-05
-1.909511e-03 6.572369e-05
-1.882900e-03 6.631721e-05
-1.854307e-03 6.470961e-05
-1.824593e-03 6.480415e-05
-1.783588e-03 4.624696e-05
-1.764528e-03 2.640269e-05
-2.192542e-03 7.164828e-04
-2.949407e-03 7.676040e-04
-2.920305e-03 -4.005779e-04
-2.276708e-03 -4.524082e-04
-2.020605e-03 4.959770e-05
-2.009905e-03 8.305134e-05
-1.946178e-03 8.761126e-05
-1.871334e-03 9.592211e-05
-1.767153e-03 7.011348e-05
-1.668827e-03 5.733574e-05
-1.602441e-03 7.500975e-05
-1.554406e-03 7.033901e-05
-1.513308e-03 6.899198e-05
-1.472799e-03 6.815462e-05
-1.429924e-03 6.188546e-05
2.475000e+37 9.900000e+37
7.425000e+37 9.900000e+37
9.900000e+37 9.900000e+37
9.900000e+37 9.900000e+37
9.900000e+37 9.900000e+37
9.900000e+37 9.900000e+37
9.900000e+37 9.900000e+37
9.900000e+37 9.900000e+37
9.900000e+37 9.900000e+37
9.900000e+37 9.900000e+37
7.425000e+37 9.900000e+37
2.475000e+37 9.900000e+37
-1.289205e-03 7.302997e-05
-1.172530e-03 9.026554e-05
-1.082856e-03 8.027097e-05
-1.013824e-03 8.690990e-05
-9.600415e-04 8.017253e-05
-9.179907e-04 8.094567e-05
-8.769748e-04 8.058078e-05
-8.363599e-04 8.029689e-05
-7.958085e-04 8.015655e-05
-7.556301e-04 8.038837e-05
-7.172700e-04 7.938096e-05
-6.680458e-04 5.847284e-05
-5.864152e-04 7.041908e-05
-4.902350e-04 7.927582e-05
-4.292916e-04 6.129406e-05
2.475000e+37 9.900000e+37
7.425000e+37 9.900000e+37
9.900000e+37 9.900000e+37
9.900000e+37 9.900000e+37
9.900000e+37 9.900000e+37
9.900000e+37 9.900000e+37
9.900000e+37 9.900000e+37
9.900000e+37 9.900000e+37
9.900000e+37 9.900000e+37
9.900000e+37 9.900000e+37
9.900000e+37 9.900000e+37
9.900000e+37 9.900000e+37
9.900000e+37 9.900000e+37
9.900000e+37 9.900000e+37
9.900000e+37 9.900000e+37
9.900000e+37 9.900000e+37
9.900000e+37 9.900000e+37
9.900000e+37 9.900000e+37
9.900000e+37 9.900000e+37
9.900000e+37 9.900000e+37
9.900000e+37 9.900000e+37
9.900000e+37 9.900000e+37
9.900000e+37 9.900000e+37
9.900000e+37 9.900000e+37
9.900000e+37 9.900000e+37
9.900000e+37 9.900000e+37
9.900000e+37 9.900000e+37
9.900000e+37 9.900000e+37
9.900000e+37 9.900000e+37
9.900000e+37 9.900000e+37
9.900000e+37 9.900000e+37
9.900000e+37 9.900000e+37
9.900000e+37 9.900000e+37
9.900000e+37 9.900000e+37
9.900000e+37 9.900000e+37
7.425000e+37 9.900000e+37
2.475000e+37 9.900000e+37
2.475000e+37 9.900000e+37
4.950000e+37 9.900000e+37
4.950000e+37 9.900000e+37
7.425000e+37 9.900000e+37
7.425000e+37 9.900000e+37
2.475000e+37 9.900000e+37
2.938835e-03 3.044955e-05
2.158628e-03 1.936254e-04
1.621632e-03 3.983881e-04
1.626559e-03 6.438775e-05
1.775248e-03 3.033707e-05
1.826251e-03 9.846209e-05
1.854412e-03 1.092748e-04
1.903543e-03 1.043563e-04
1.955940e-03 1.045449e-04
2.008834e-03 1.042387e-04
2.061971e-03 1.042738e-04
2.114704e-03 1.050437e-04
2.166961e-03 1.050351e-04
2.217625e-03 1.075837e-04
2.264344e-03 1.061635e-04
2.298619e-03 1.230466e-04
2.321937e-03 1.225190e-04
2.357099e-03 1.013079e-04
2.406189e-03 1.020309e-04
2.456056e-03 1.027446e-04
2.504995e-03 1.024443e-04
2.552852e-03 1.034142e-04
2.600611e-03 1.037052e-04
2.649999e-03 1.017223e-04
2.701375e-03 1.022008e-04
2.753167e-03 1.029125e-04
2.804263e-03 1.027794e-04
2.853896e-03 1.048489e-04
2.898874e-03 1.027723e-04
2.939564e-03 1.041510e-04
2.982021e-03 1.057077e-04
3.029590e-03 1.015110e-04
3.080188e-03 1.018181e-04
3.131146e-03 1.020709e-04
3.178886e-03 1.002307e-04
3.222496e-03 1.019226e-04
3.266991e-03 1.030912e-04
3.314656e-03 1.011315e-04
3.363948e-03 1.013732e-04
3.412266e-03 1.036667e-04
3.452136e-03 9.942283e-05
3.485718e-03 9.811508e-05
3.523211e-03 9.999167e-05
3.564600e-03 9.871205e-05
3.608990e-03 1.000528e-04
3.656248e-03 9.892350e-05
3.704778e-03 9.928127e-05
3.754062e-03 9.909522e-05
3.803720e-03 9.927939e-05
3.853837e-03 9.902470e-05
3.903183e-03 9.844336e-05
3.950649e-03 9.996239e-05
3.993070e-03 9.748172e-05
4.027168e-03 1.044638e-04
4.060243e-03 1.063625e-04
4.101174e-03 9.854103e-05
4.147468e-03 9.894383e-05
4.194451e-03 9.883796e-05
4.241904e-03 9.910909e-05
4.289718e-03 9.933592e-05
4.337800e-03 9.955066e-05
4.386483e-03 9.914450e-05
4.435847e-03 9.940693e-05
4.486148e-03 9.857403e-05
4.537047e-03 9.863329e-05
4.583445e-03 1.063025e-04
4.622006e-03 1.043607e-04
4.659038e-03 1.014355e-04
4.699797e-03 1.026214e-04
4.744814e-03 9.889675e-05
817597e-03 5.796764e-05
