-1.067809e-02 1.063181e-04
-1.062841e-02 1.055301e-04
-1.057102e-02 1.098562e-04
-1.050826e-02 1.135740e-04
-1.045062e-02 1.120983e-04
-1.038512e-02 9.483969e-05
-1.030705e-02 9.595014e-05
-1.023962e-02 1.168314e-04
-1.018769e-02 1.150222e-04
-1.013681e-02 1.117402e-04
-1.008168e-02 1.131128e-04
-1.002455e-02 1.135954e-04
-9.971214e-03 1.114914e-04
-9.918400e-03 1.065097e-04
-9.864299e-03 1.054934e-04
-9.813074e-03 1.074747e-04
-9.760536e-03 1.089754e-04
-9.700565e-03 1.001474e-04
-9.640664e-03 9.691992e-05
-9.582752e-03 9.192264e-05
-9.522997e-03 9.122139e-05
-9.466160e-03 9.410909e-05
-9.407637e-03 9.638457e-05
-9.352037e-03 1.075587e-04
-9.300653e-03 1.088413e-04
-9.245950e-03 1.068605e-04
-9.190329e-03 1.066998e-04
-9.133718e-03 1.045943e-04
-9.078788e-03 1.028276e-04
-9.029246e-03 1.069193e-04
-8.977911e-03 1.094663e-04
-8.913404e-03 9.453216e-05
-8.846931e-03 9.034786e-05
-8.792885e-03 9.948006e-05
-8.738919e-03 1.027128e-04
-8.683667e-03 1.088921e-04
-8.632393e-03 1.087288e-04
-8.582319e-03 1.109112e-04
-8.531916e-03 1.118957e-04
-8.478817e-03 1.101589e-04
-8.425577e-03 1.098514e-04
-8.371385e-03 1.074091e-04
-8.317150e-03 1.063159e-04
-8.266526e-03 1.093081e-04
-8.214089e-03 1.114719e-04
-8.152248e-03 1.017708e-04
-8.089284e-03 9.895989e-05
-8.036136e-03 1.075466e-04
-7.985496e-03 1.091240e-04
-7.929314e-03 1.042471e-04
-7.871920e-03 1.032228e-04
-7.820146e-03 1.097691e-04
-7.769977e-03 1.111576e-04
-7.717535e-03 1.105470e-04
-7.664640e-03 1.106043e-04
-7.607009e-03 1.035783e-04
-7.544585e-03 1.039072e-04
-7.484525e-03 1.087351e-04
-7.432338e-03 1.059980e-04
-7.385436e-03 1.072037e-04
-7.338187e-03 1.076110e-04
-7.288210e-03 1.041830e-04
-7.233613e-03 1.057263e-04
-7.176103e-03 1.051485e-04
-7.120370e-03 1.038725e-04
-7.068395e-03 1.066035e-04
-7.016184e-03 1.077263e-04
-6.962677e-03 1.086838e-04
-6.908892e-03 1.091956e-04
-6.854929e-03 1.103246e-04
-6.797379e-03 1.128848e-04
-6.736497e-03 1.137544e-04
-6.681706e-03 1.104185e-04
-6.631570e-03 1.095741e-04
-6.580501e-03 1.098265e-04
-6.526279e-03 1.053050e-04
-6.471426e-03 1.042785e-04
-6.418621e-03 1.048202e-04
-6.364614e-03 1.055101e-04
-6.308719e-03 1.042731e-04
-6.248638e-03 1.063439e-04
-6.186768e-03 1.091187e-04
-6.131640e-03 1.060662e-04
-6.083040e-03 1.084867e-04
-6.034256e-03 1.094671e-04
-5.982901e-03 1.078969e-04
-5.928844e-03 1.089561e-04
-5.872149e-03 1.074932e-04
-5.817452e-03 1.057675e-04
-5.765452e-03 1.048397e-04
-5.712135e-03 1.052944e-04
-5.660606e-03 1.101481e-04
-5.610585e-03 1.109984e-04
-5.556749e-03 1.070397e-04
-5.500148e-03 1.075024e-04
-5.437247e-03 9.824386e-05
-5.375653e-03 9.390108e-05
-5.327457e-03 1.042172e-04
-5.281060e-03 1.068431e-04
-5.228744e-03 1.042530e-04
-5.173320e-03 1.051888e-04
-5.117343e-03 1.068667e-04
-5.060642e-03 1.079040e-04
-5.005258e-03 1.129923e-04
-4.953252e-03 1.127913e-04
-4.897792e-03 1.064583e-04
-4.841081e-03 1.049352e-04
-4.782946e-03 9.775292e-05
-4.722196e-03 9.672131e-05
-4.670863e-03 1.100919e-04
-4.624783e-03 1.117768e-04
-4.573497e-03 1.078284e-04
-4.518868e-03 1.086396e-04
-4.464612e-03 1.115234e-04
-4.411639e-03 1.115539e-04
-4.357821e-03 1.102277e-04
-4.303029e-03 1.103371e-04
-4.247110e-03 1.087578e-04
-4.189754e-03 1.090538e-04
-4.133713e-03 1.120769e-04
-4.073130e-03 1.158920e-04
-4.010019e-03 1.222823e-04
-3.956710e-03 1.186892e-04
-3.906273e-03 1.134918e-04
-3.852144e-03 1.138428e-04
-3.795880e-03 1.105882e-04
-3.740130e-03 1.091127e-04
-3.686098e-03 1.085449e-04
-3.630946e-03 1.090098e-04
-3.575245e-03 1.093911e-04
-3.518579e-03 1.103490e-04
-3.460497e-03 1.106435e-04
-3.401083e-03 1.113118e-04
-3.342120e-03 1.139274e-04
-3.291471e-03 1.098731e-04
-3.245516e-03 1.064407e-04
-3.193972e-03 1.085662e-04
-3.138798e-03 1.084137e-04
-3.082663e-03 1.089360e-04
-3.025647e-03 1.089149e-04
-2.968659e-03 1.088902e-04
-2.913656e-03 1.121406e-04
-2.859399e-03 1.128604e-04
-2.804719e-03 1.134625e-04
-2.749640e-03 1.139201e-04
-2.691992e-03 1.116088e-04
-2.635445e-03 1.101168e-04
-2.580796e-03 1.091213e-04
-2.525619e-03 1.093160e-04
-2.470544e-03 1.100241e-04
-2.414248e-03 1.107741e-04
-2.358180e-03 1.132437e-04
-2.304047e-03 1.129689e-04
-2.249483e-03 1.114829e-04
-2.192551e-03 1.123716e-04
-2.135164e-03 1.140842e-04
-2.078912e-03 1.140174e-04
-2.019586e-03 1.086908e-04
-1.959532e-03 1.072141e-04
-1.905738e-03 1.128731e-04
-1.853935e-03 1.137168e-04
-1.799199e-03 1.118563e-04
-1.742755e-03 1.122051e-04
-1.686152e-03 1.129083e-04
-1.630858e-03 1.126222e-04
-1.574458e-03 1.099776e-04
-1.517579e-03 1.090689e-04
-1.461890e-03 1.085299e-04
-1.407224e-03 1.077216e-04
-1.351592e-03 1.038555e-04
-1.297306e-03 1.016571e-04
-1.246253e-03 1.009431e-04
-1.194084e-03 1.013568e-04
-1.142953e-03 1.042441e-04
-1.094091e-03 1.039185e-04
-1.044088e-03 1.011028e-04
-9.941951e-04 1.000243e-04
-9.452713e-04 9.805049e-05
-8.964955e-04 9.725431e-05
-8.479476e-04 9.601834e-05
-7.999940e-04 9.521754e-05
-7.525118e-04 9.377818e-05
-7.048776e-04 9.355364e-05
-6.580042e-04 9.419303e-05
-6.150943e-04 9.183826e-05
-5.706580e-04 8.273259e-05
-5.264605e-04 7.931749e-05
-4.871492e-04 7.798254e-05
-4.479878e-04 7.741282e-05
-4.093865e-04 7.676366e-05
-3.709716e-04 7.641842e-05
-3.327987e-04 7.586215e-05
-2.948444e-04 7.553097e-05
-2.570172e-04 7.482200e-05
-2.194155e-04 7.443188e-05
-1.825966e-04 7.420479e-05
-1.458463e-04 7.408253e-05
-1.088036e-04 7.370559e-05
-7.177488e-05 7.356958e-05
-3.491953e-05 7.344821e-05
1.677587e-06 7.342065e-05
3.817456e-05 7.348754e-05
7.506871e-05 7.359018e-05
1.119995e-04 7.381452e-05
1.490724e-04 7.398050e-05
1.862117e-04 7.433145e-05
2.235478e-04 7.457579e-05
2.609004e-04 7.522824e-05
2.983726e-04 7.553452e-05
3.362733e-04 7.567051e-05
3.747337e-04 7.605574e-05
4.132835e-04 7.697840e-05
4.548718e-04 7.913551e-05
4.966650e-04 8.479659e-05
5.374563e-04 8.622876e-05
5.792546e-04 8.799064e-05
6.220074e-04 8.919632e-05
6.669090e-04 8.949842e-05
7.126191e-04 9.009034e-05
7.579472e-04 9.236416e-05
8.047410e-04 9.426824e-05
8.521260e-04 9.859207e-05
8.984056e-04 9.927833e-05
9.472290e-04 9.693461e-05
9.974667e-04 9.694225e-05
1.047142e-03 9.790451e-05
1.098436e-03 9.922323e-05
1.150154e-03 1.021854e-04
1.201142e-03 1.028111e-04
1.252902e-03 1.032600e-04
1.306372e-03 1.044482e-04
1.359599e-03 1.081607e-04
1.409594e-03 1.075527e-04
1.459091e-03 1.060444e-04
1.515266e-03 1.094989e-04
1.576237e-03 1.117615e-04
1.634562e-03 1.109970e-04
1.690622e-03 1.126283e-04
1.745368e-03 1.126739e-04
1.800312e-03 1.124754e-04
1.854911e-03 1.119497e-04
1.910651e-03 1.085786e-04
1.968319e-03 1.085261e-04
2.024264e-03 1.112612e-04
2.079966e-03 1.120975e-04
2.137899e-03 1.106929e-04
2.194508e-03 1.093926e-04
2.248509e-03 1.101351e-04
2.303482e-03 1.109858e-04
2.358764e-03 1.128355e-04
2.414913e-03 1.140207e-04
2.474030e-03 1.123550e-04
2.531534e-03 1.107869e-04
2.586013e-03 1.108054e-04
2.640386e-03 1.107497e-04
2.695021e-03 1.108250e-04
2.749852e-03 1.109696e-04
2.803498e-03 1.133346e-04
2.855384e-03 1.133769e-04
2.910340e-03 1.083882e-04
2.968470e-03 1.082525e-04
3.024828e-03 1.108387e-04
3.079550e-03 1.107853e-04
3.134384e-03 1.104499e-04
3.188975e-03 1.101833e-04
3.243610e-03 1.093670e-04
3.298570e-03 1.092690e-04
3.352886e-03 1.100737e-04
3.407239e-03 1.103851e-04
3.462198e-03 1.102385e-04
3.517207e-03 1.102160e-04
3.571058e-03 1.114104e-04
3.625023e-03 1.119102e-04
3.680961e-03 1.106914e-04
3.736251e-03 1.098655e-04
3.791017e-03 1.084448e-04
3.846375e-03 1.085232e-04
3.900626e-03 1.105852e-04
3.954229e-03 1.107013e-04
4.009384e-03 1.084301e-04
4.065835e-03 1.083927e-04
4.120713e-03 1.109195e-04
4.169337e-03 1.080706e-04
4.216374e-03 1.027973e-04
4.272657e-03 1.064579e-04
4.332948e-03 1.099438e-04
4.388132e-03 1.081281e-04
4.441484e-03 1.061374e-04
4.496256e-03 1.062749e-04
4.550959e-03 1.067733e-04
4.605382e-03 1.067845e-04
4.658968e-03 1.075629e-04
4.712274e-03 1.076744e-04
4.765782e-03 1.082932e-04
4.818852e-03 1.082543e-04
4.873001e-03 1.063585e-04
4.926659e-03 1.056101e-04
4.978329e-03 1.068395e-04
5.031037e-03 1.076744e-04
5.034530e-03 1.922968e-04
4.625255e-03 -2.530100e-05
3.909925e-03 -1.191224e-04
3.582336e-03 8.013398e-05
3.587098e-03 7.893748e-05
3.602708e-03 8.502567e-05
3.633522e-03 7.654710e-05
3.670096e-03 7.696210e-05
3.707739e-03 7.633119e-05
3.745805e-03 7.635874e-05
3.783096e-03 7.725712e-05
3.820004e-03 7.735206e-05
3.857861e-03 7.650211e-05
3.896269e-03 7.652476e-05
3.934679e-03 7.658297e-05
3.972796e-03 7.642826e-05
4.010738e-03 7.628806e-05
4.048546e-03 7.632261e-05
4.086590e-03 7.602355e-05
4.124932e-03 7.592750e-05
4.163091e-03 7.596331e-05
4.199386e-03 7.485600e-05
4.233492e-03 7.543613e-05
4.268915e-03 7.643666e-05
4.306225e-03 7.606738e-05
4.343884e-03 7.614481e-05
4.381742e-03 7.602748e-05
4.419635e-03 7.600598e-05
4.457605e-03 7.581661e-05
4.495714e-03 7.583174e-05
4.533503e-03 7.594821e-05
4.474273e-03 1.803567e-05
4.317215e-03 1.995149e-05
4.378421e-03 1.510240e-04
4.687397e-03 1.040726e-04
4.903808e-03 3.201452e-05
4.971647e-03 7.829021e-05
5.011297e-03 7.797255e-05
5.049764e-03 7.906837e-05
5.087540e-03 7.904748e-05
5.125823e-03 7.814125e-05
5.165867e-03 7.887285e-05
5.212001e-03 7.072311e-05
5.321525e-03 1.058811e-04
5.503125e-03 8.320456e-05
5.677382e-03 7.064526e-05
5.809896e-03 1.054965e-04
5.886286e-03 8.429847e-05
5.927404e-03 8.377576e-05
5.969655e-03 8.426658e-05
6.015257e-03 8.058055e-05
6.064276e-03 8.129219e-05
6.113129e-03 8.354120e-05
6.159830e-03 8.306735e-05
6.206246e-03 8.222574e-05
6.252536e-03 8.203149e-05
6.303056e-03 7.438614e-05
6.424276e-03 1.139433e-04
6.603879e-03 1.264074e-04
6.711470e-03 8.761834e-05
6.754450e-03 8.770682e-05
6.797510e-03 8.778735e-05
6.840913e-03 8.743809e-05
6.884376e-03 8.734862e-05
6.927568e-03 8.755190e-05
6.971221e-03 8.790173e-05
7.015601e-03 8.766032e-05
7.060006e-03 8.758849e-05
7.103748e-03 8.796283e-05
7.146959e-03 8.778011e-05
7.189559e-03 8.881385e-05
7.231688e-03 8.890551e-05
7.274691e-03 8.771403e-05
7.318613e-03 8.802604e-05
7.363014e-03 8.809676e-05
7.407535e-03 8.800335e-05
7.451223e-03 8.913709e-05
7.493886e-03 8.892827e-05
7.536544e-03 8.835445e-05
7.579634e-03 8.840766e-05
7.623420e-03 8.739063e-05
7.668207e-03 8.762632e-05
7.713502e-03 8.743357e-05
7.737278e-03 7.443566e-05
7.690016e-03 1.570520e-04
7.584803e-03 1.519177e-04
7.437120e-03 2.067846e-04
7.275923e-03 2.188896e-04
7.215974e-03 8.500907e-05
7.243612e-03 8.904002e-05
7.280362e-03 8.512492e-05
7.317597e-03 8.400196e-05
7.354968e-03 8.066162e-05
7.393232e-03 8.016091e-05
7.386564e-03 1.539102e-04
7.320398e-03 1.444839e-04
7.295183e-03 4.976990e-05
7.343390e-03 5.985292e-05
7.394510e-03 8.304369e-05
7.430810e-03 8.247240e-05
7.460884e-03 9.129602e-05
