-1.500000e-02 1.558997e-04
-1.485000e-02 1.581776e-04
-1.470000e-02 1.588607e-04
-1.455000e-02 1.599996e-04
-1.440000e-02 1.596581e-04
-1.425000e-02 1.587090e-04
-1.410000e-02 1.582991e-04
-1.395000e-02 1.577296e-04
-1.380000e-02 2.924437e-04
-1.365000e-02 2.808647e-04
-1.350000e-02 1.379530e-04
-1.335000e-02 1.474440e-04
-1.320000e-02 1.479222e-04
-1.305000e-02 1.422276e-04
-1.290000e-02 1.426556e-04
-1.275000e-02 1.423195e-04
-1.260000e-02 1.424560e-04
-1.245000e-02 1.468148e-04
-1.230000e-02 1.465418e-04
-1.215000e-02 1.359290e-04
-1.200000e-02 1.408428e-04
-1.185000e-02 1.408428e-04
-1.170000e-02 1.354513e-04
-1.155000e-02 1.375359e-04
-1.140000e-02 1.370582e-04
-1.125000e-02 1.366792e-04
-1.110000e-02 1.369521e-04
-1.095000e-02 1.360046e-04
-1.080000e-02 1.349809e-04
-1.065000e-02 1.359284e-04
-1.050000e-02 1.364062e-04
-1.035000e-02 1.347005e-04
-1.020000e-02 1.361337e-04
-1.005000e-02 1.372708e-04
-9.900000e-03 1.347457e-04
-9.750000e-03 3.555303e-04
-9.600000e-03 3.244095e-04
-9.450000e-03 7.434074e-05
-9.300000e-03 1.301704e-04
-9.150000e-03 1.721208e-04
-9.000000e-03 1.577750e-04
-8.850000e-03 1.528397e-04
-8.700000e-03 1.551623e-04
-8.550000e-03 1.606671e-04
-8.400000e-03 -1.353213e-05
-8.250000e-03 -2.489100e-04
-8.100000e-03 -2.371601e-04
-7.950000e-03 1.242683e-03
-7.800000e-03 1.706121e-03
-7.650000e-03 5.337880e-04
-7.500000e-03 3.078072e-04
-7.350000e-03 2.453561e-04
-7.200000e-03 2.167644e-04
-7.050000e-03 3.674433e-04
-6.900000e-03 -1.498166e+00
-6.750000e-03 -1.498419e+00
-6.600000e-03 2.409243e-05
-6.450000e-03 5.233564e-05
-6.300000e-03 5.008495e-05
-6.150000e-03 3.871355e-05
-6.000000e-03 4.697107e-05
-5.850000e-03 6.668261e-05
-5.700000e-03 6.176888e-05
-5.550000e-03 5.153420e-05
-5.400000e-03 5.037362e-05
-5.250000e-03 3.824024e-05
-5.100000e-03 4.861351e-05
-4.950000e-03 6.188361e-05
-4.800000e-03 5.389898e-05
-4.650000e-03 5.768806e-05
-4.500000e-03 6.110084e-05
-4.350000e-03 5.674131e-05
-4.200000e-03 5.291919e-05
-4.050000e-03 5.405591e-05
-3.900000e-03 5.576080e-05
-3.750000e-03 6.883520e-05
-3.600000e-03 7.941389e-05
-3.450000e-03 9.904135e-05
-3.300000e-03 8.937236e-05
-3.150000e-03 6.071235e-05
-3.000000e-03 7.287275e-05
-2.850000e-03 9.811708e-05
-2.700000e-03 9.845779e-05
-2.550000e-03 1.182012e-04
-2.400000e-03 1.348028e-04
-2.250000e-03 1.162021e-04
-2.100000e-03 1.048627e-04
-1.950000e-03 1.191010e-04
-1.800000e-03 1.358377e-04
-1.650000e-03 1.825311e-04
-1.500000e-03 2.162086e-04
-1.350000e-03 2.490475e-04
-1.200000e-03 2.583776e-04
-1.050000e-03 2.723337e-04
-9.000000e-04 3.291842e-04
-7.500000e-04 4.732192e-04
-6.000000e-04 2.307843e-03
-4.500000e-04 7.349308e-03
-3.000000e-04 3.002249e+00
-1.500000e-04 1.131669e+01
1.047700e-09 1.132029e+01
1.500000e-04 7.432304e+00
3.000000e-04 6.030236e+00
4.500000e-04 1.597370e+00
6.000000e-04 9.911201e-04
7.500000e-04 5.642586e-04
9.000000e-04 3.852241e-04
1.050000e-03 2.791489e-04
1.200000e-03 2.369108e-04
1.350000e-03 2.155960e-04
1.500000e-03 1.944749e-04
1.650000e-03 1.624402e-04
1.800000e-03 1.521496e-04
1.950000e-03 1.546157e-04
2.100000e-03 1.526961e-04
2.250000e-03 1.233367e-04
2.400000e-03 1.054004e-04
2.550000e-03 8.153803e-05
2.700000e-03 8.405751e-05
2.850000e-03 1.228703e-04
3.000000e-03 1.249099e-04
3.150000e-03 1.017971e-04
3.300000e-03 9.441863e-05
3.450000e-03 6.730798e-05
3.600000e-03 6.984246e-05
3.750000e-03 8.662618e-05
3.900000e-03 7.634667e-05
4.050000e-03 7.100754e-05
4.200000e-03 6.444754e-05
4.350000e-03 5.176713e-05
4.500000e-03 6.458748e-05
4.650000e-03 7.302781e-05
4.800000e-03 6.672911e-05
4.950000e-03 6.385563e-05
5.100000e-03 6.078127e-05
5.250000e-03 5.453458e-05
5.400000e-03 5.289992e-05
5.550000e-03 4.761105e-05
5.700000e-03 5.233507e-05
5.850000e-03 8.648365e-05
6.000000e-03 8.607874e-05
6.150000e-03 5.118055e-05
6.300000e-03 5.151048e-05
6.450000e-03 7.186858e-05
6.600000e-03 6.936993e-05
6.750000e-03 5.360284e-05
6.900000e-03 5.277721e-05
7.050000e-03 4.560277e-05
7.200000e-03 4.538777e-05
7.350000e-03 3.905926e-05
7.500000e-03 2.593698e-05
7.650000e-03 4.126220e-05
7.800000e-03 5.198498e-05
7.950000e-03 3.969982e-05
8.100000e-03 3.287623e-05
8.250000e-03 3.191840e-05
8.400000e-03 3.976178e-05
8.550000e-03 7.253610e-05
8.700000e-03 6.817200e-05
8.850000e-03 3.806294e-05
9.000000e-03 3.819791e-05
9.150000e-03 2.626427e-05
9.300000e-03 2.218057e-05
9.450000e-03 3.014754e-05
9.600000e-03 3.409627e-05
9.750000e-03 2.194647e-05
9.900000e-03 2.331119e-05
1.005000e-02 5.629373e-05
1.020000e-02 6.032789e-05
1.035000e-02 3.550770e-05
1.050000e-02 2.635959e-05
1.065000e-02 4.264264e-05
1.080000e-02 4.987115e-05
1.095000e-02 6.140670e-05
1.110000e-02 5.704261e-05
1.125000e-02 5.670945e-05
1.140000e-02 6.155344e-05
1.155000e-02 4.339458e-05
1.170000e-02 4.143119e-05
1.185000e-02 3.438188e-05
1.200000e-02 2.687616e-05
1.215000e-02 3.467629e-05
1.230000e-02 4.032118e-05
1.245000e-02 2.699551e-05
1.260000e-02 2.276638e-05
1.275000e-02 4.400514e-05
1.290000e-02 4.454503e-05
1.305000e-02 2.538850e-05
1.320000e-02 1.869989e-05
1.335000e-02 1.187017e-05
1.350000e-02 1.029549e-05
1.365000e-02 1.125332e-05
1.380000e-02 1.870678e-05
1.395000e-02 1.454232e-05
1.410000e-02 1.160293e-05
1.425000e-02 2.758531e-05
1.440000e-02 3.524835e-05
1.455000e-02 4.851273e-05
1.470000e-02 4.106706e-05
1.485000e-02 2.358977e-05
