-1.500000e-02 3.446303e-05
-1.485000e-02 1.927389e-05
-1.470000e-02 1.401469e-05
-1.455000e-02 8.134218e-06
-1.440000e-02 2.131824e-05
-1.425000e-02 2.852912e-05
-1.410000e-02 2.128721e-05
-1.395000e-02 3.419089e-05
-1.380000e-02 3.664939e-05
-1.365000e-02 1.140505e-05
-1.350000e-02 5.872687e-06
-1.335000e-02 7.582612e-06
-1.320000e-02 -4.645326e-06
-1.305000e-02 -2.176360e-06
-1.290000e-02 1.372991e-05
-1.275000e-02 5.030095e-05
-1.260000e-02 4.525077e-05
-1.245000e-02 -1.750466e-06
-1.230000e-02 9.441503e-06
-1.215000e-02 7.255257e-05
-1.200000e-02 7.146096e-05
-1.185000e-02 4.947597e-05
-1.170000e-02 4.592675e-05
-1.155000e-02 2.242614e-05
-1.140000e-02 2.290296e-05
-1.125000e-02 3.806344e-05
-1.110000e-02 4.454861e-05
-1.095000e-02 3.564635e-05
-1.080000e-02 2.711593e-05
-1.065000e-02 2.161968e-05
-1.050000e-02 2.469057e-05
-1.035000e-02 5.046047e-05
-1.020000e-02 5.837612e-05
-1.005000e-02 5.534486e-05
-9.900000e-03 4.305978e-05
-9.750000e-03 1.937180e-05
-9.600000e-03 1.609698e-05
-9.450000e-03 3.641869e-05
-9.300000e-03 3.956652e-05
-9.150000e-03 1.603211e-05
-9.000000e-03 2.525522e-05
-8.850000e-03 5.866132e-05
-8.700000e-03 5.524524e-05
-8.550000e-03 2.335722e-05
-8.400000e-03 2.055652e-05
-8.250000e-03 -4.166802e+00
-8.100000e-03 -4.166796e+00
-7.950000e-03 1.989368e-04
-7.800000e-03 2.574801e-04
-7.650000e-03 2.582394e-04
-7.500000e-03 2.624064e-04
-7.350000e-03 2.605083e-04
-7.200000e-03 2.643874e-04
-7.050000e-03 2.578452e-04
-6.900000e-03 2.543647e-04
-6.750000e-03 2.537961e-04
-6.600000e-03 2.606207e-04
-6.450000e-03 2.748340e-04
-6.300000e-03 2.725818e-04
-6.150000e-03 2.718238e-04
-6.000000e-03 2.784437e-04
-5.850000e-03 2.774961e-04
-5.700000e-03 2.774279e-04
-5.550000e-03 2.747747e-04
-5.400000e-03 2.755254e-04
-5.250000e-03 2.851904e-04
-5.100000e-03 2.892852e-04
-4.950000e-03 2.902327e-04
-4.800000e-03 2.910517e-04
-4.650000e-03 2.857454e-04
-4.500000e-03 2.901131e-04
-4.350000e-03 3.003467e-04
-4.200000e-03 3.034178e-04
-4.050000e-03 2.922366e-04
-3.900000e-03 2.922366e-04
-3.750000e-03 2.878779e-04
-3.600000e-03 2.893111e-04
-3.450000e-03 2.896044e-04
-3.300000e-03 2.895722e-04
-3.150000e-03 2.890027e-04
-3.000000e-03 2.880463e-04
-2.850000e-03 2.853889e-04
-2.700000e-03 2.870967e-04
-2.550000e-03 2.878560e-04
-2.400000e-03 2.889490e-04
-2.250000e-03 2.891388e-04
-2.100000e-03 2.881824e-04
-1.950000e-03 2.836268e-04
-1.800000e-03 2.811676e-04
-1.650000e-03 2.840148e-04
-1.500000e-03 2.849712e-04
-1.350000e-03 2.880083e-04
-1.200000e-03 2.878363e-04
-1.050000e-03 2.932299e-04
-9.000000e-04 2.960962e-04
-7.500000e-04 2.953382e-04
-6.000000e-04 2.961571e-04
-4.500000e-04 3.020319e-04
-3.000000e-04 3.071293e-04
-1.500000e-04 3.104933e-04
1.047700e-09 3.116332e-04
1.500000e-04 3.110651e-04
3.000000e-04 3.112018e-04
4.500000e-04 3.127184e-04
6.000000e-04 3.120359e-04
7.500000e-04 3.107091e-04
9.000000e-04 3.109822e-04
1.050000e-03 3.111065e-04
1.200000e-03 3.109461e-04
1.350000e-03 3.077187e-04
1.500000e-03 3.076504e-04
1.650000e-03 3.099286e-04
1.800000e-03 3.124780e-04
1.950000e-03 3.140611e-04
2.100000e-03 3.139246e-04
2.250000e-03 3.154409e-04
2.400000e-03 3.191950e-04
2.550000e-03 3.220381e-04
2.700000e-03 3.210825e-04
2.850000e-03 3.188080e-04
3.000000e-03 3.193541e-04
3.150000e-03 3.220076e-04
3.300000e-03 3.215981e-04
3.450000e-03 3.210295e-04
3.600000e-03 3.193231e-04
3.750000e-03 3.169873e-04
3.900000e-03 3.192216e-04
4.050000e-03 3.273849e-04
4.200000e-03 3.274532e-04
4.350000e-03 3.154929e-04
4.500000e-03 3.163302e-04
4.650000e-03 3.237896e-04
4.800000e-03 3.245405e-04
4.950000e-03 3.292790e-04
5.100000e-03 3.251836e-04
5.250000e-03 3.009224e-04
5.400000e-03 2.998303e-04
5.550000e-03 3.074119e-04
5.700000e-03 3.091866e-04
5.850000e-03 3.175264e-04
6.000000e-03 3.187550e-04
6.150000e-03 3.132583e-04
6.300000e-03 3.226777e-04
6.450000e-03 3.131153e-04
6.600000e-03 3.171366e-04
6.750000e-03 3.281478e-04
6.900000e-03 3.286260e-04
7.050000e-03 3.417254e-04
7.200000e-03 3.521740e-04
7.350000e-03 3.677628e-04
7.500000e-03 3.567735e-04
7.650000e-03 3.342182e-04
7.800000e-03 3.314879e-04
7.950000e-03 3.468407e-04
8.100000e-03 3.501853e-04
8.250000e-03 3.477212e-04
8.400000e-03 3.510658e-04
8.550000e-03 3.438633e-04
8.700000e-03 3.401774e-04
8.850000e-03 3.542034e-04
9.000000e-03 3.649197e-04
9.150000e-03 3.250259e-04
9.300000e-03 3.276270e-04
9.450000e-03 4.058437e-04
9.600000e-03 4.259038e-04
9.750000e-03 3.348886e-04
9.900000e-03 3.140021e-04
1.005000e-02 3.854588e-04
1.020000e-02 3.968577e-04
1.035000e-02 3.587601e-04
1.050000e-02 3.617634e-04
1.065000e-02 4.235535e-04
1.080000e-02 3.954318e-04
1.095000e-02 3.558179e-04
1.110000e-02 3.895367e-04
1.125000e-02 4.198631e-04
1.140000e-02 3.972702e-04
1.155000e-02 3.150942e-04
1.170000e-02 3.675700e-04
1.185000e-02 4.457868e-04
1.200000e-02 4.923145e-04
1.215000e-02 -1.000258e-03
1.230000e-02 -1.004658e-03
1.245000e-02 6.852048e-04
1.260000e-02 -2.914777e-04
1.275000e-02 6.277300e-05
1.290000e-02 8.060865e-04
1.305000e-02 4.353457e-04
1.320000e-02 3.483869e-04
1.335000e-02 2.691591e-04
1.350000e-02 6.078479e-04
1.365000e-02 2.924529e-04
1.380000e-02 8.502138e-05
1.395000e-02 -1.331224e-03
1.410000e-02 -1.342008e-03
1.425000e-02 4.998309e-06
1.440000e-02 5.182085e-04
1.455000e-02 1.574324e-03
1.470000e-02 1.510169e-03
1.485000e-02 1.244194e-03
