-5.000000e-02 -6.767828e-03
-4.950000e-02 -6.688612e-03
-4.900000e-02 -6.620885e-03
-4.850000e-02 -6.558601e-03
-4.800000e-02 -6.483316e-03
-4.750000e-02 -6.419822e-03
-4.700000e-02 -6.343630e-03
-4.650000e-02 -6.270461e-03
-4.600000e-02 -6.204851e-03
-4.550000e-02 -6.140752e-03
-4.500000e-02 -6.058512e-03
-4.450000e-02 -5.995926e-03
-4.400000e-02 -5.930316e-03
-4.350000e-02 -5.852914e-03
-4.300000e-02 -5.786699e-03
-4.250000e-02 -5.719879e-03
-4.200000e-02 -5.646408e-03
-4.150000e-02 -5.575960e-03
-4.100000e-02 -5.505815e-03
-4.050000e-02 -5.441414e-03
-4.000000e-02 -5.358872e-03
-3.950000e-02 -5.289029e-03
-3.900000e-02 -5.233699e-03
-3.850000e-02 -5.159320e-03
-3.800000e-02 -5.085849e-03
-3.750000e-02 -5.005423e-03
-3.700000e-02 -4.945256e-03
-3.650000e-02 -4.883576e-03
-3.600000e-02 -4.814337e-03
-3.550000e-02 -4.742983e-03
-3.500000e-02 -4.682210e-03
-3.450000e-02 -4.604204e-03
-3.400000e-02 -4.529221e-03
-3.350000e-02 -4.459075e-03
-3.300000e-02 -4.393767e-03
-3.250000e-02 -4.327855e-03
-3.200000e-02 -4.260733e-03
-3.150000e-02 -4.182424e-03
-3.100000e-02 -4.110464e-03
-3.050000e-02 -4.053925e-03
-3.000000e-02 -3.980756e-03
-2.950000e-02 -3.906075e-03
-2.900000e-02 -3.839255e-03
-2.850000e-02 -3.768203e-03
-2.800000e-02 -3.701686e-03
-2.750000e-02 -3.629726e-03
-2.700000e-02 -3.557767e-03
-2.650000e-02 -3.488528e-03
-2.600000e-02 -3.421708e-03
-2.550000e-02 -3.345516e-03
-2.500000e-02 -3.286558e-03
-2.450000e-02 -3.211574e-03
-2.400000e-02 -3.140522e-03
-2.350000e-02 -3.075214e-03
-2.300000e-02 -3.010209e-03
-2.250000e-02 -2.943087e-03
-2.200000e-02 -2.858731e-03
-2.150000e-02 -2.796446e-03
-2.100000e-02 -2.728720e-03
-2.050000e-02 -2.657970e-03
-2.000000e-02 -2.606268e-03
-1.950000e-02 -2.528563e-03
-1.900000e-02 -2.457208e-03
-1.850000e-02 -2.391598e-03
-1.800000e-02 -2.325081e-03
-1.750000e-02 -2.256750e-03
-1.700000e-02 -2.189325e-03
-1.650000e-02 -2.121599e-03
-1.600000e-02 -2.052663e-03
-1.550000e-02 -1.978284e-03
-1.500000e-02 -1.915698e-03
-1.450000e-02 -1.849180e-03
-1.400000e-02 -1.789617e-03
-1.350000e-02 -1.717658e-03
-1.300000e-02 -1.652047e-03
-1.250000e-02 -1.584926e-03
-1.200000e-02 -1.521734e-03
-1.150000e-02 -1.457031e-03
-1.100000e-02 -1.394444e-03
-1.050000e-02 -1.323392e-03
-1.000000e-02 -1.258386e-03
-9.500000e-03 -1.191567e-03
-9.000000e-03 -1.123538e-03
-8.500000e-03 -1.073045e-03
-8.000000e-03 -1.000481e-03
-7.500000e-03 -9.394060e-04
-7.000000e-03 -8.759122e-04
-6.500000e-03 -8.130232e-04
-6.000000e-03 -7.549718e-04
-5.500000e-03 -6.821052e-04
-5.000000e-03 -6.161926e-04
-4.500000e-03 -5.548153e-04
-4.000000e-03 -4.982757e-04
-3.500000e-03 -4.299444e-04
-3.000000e-03 -3.585895e-04
-2.500000e-03 -3.047710e-04
-2.000000e-03 -2.400677e-04
-1.500000e-03 -1.811090e-04
-1.000000e-03 -1.224527e-04
-5.000000e-04 -6.198222e-05
0.000000e+00 -5.139989e-06
5.000000e-04 5.170224e-05
1.000000e-03 1.185221e-04
1.500000e-03 1.817137e-04
2.000000e-03 2.464171e-04
2.500000e-03 3.053758e-04
3.000000e-03 3.679628e-04
3.500000e-03 4.272238e-04
4.000000e-03 4.946484e-04
4.500000e-03 5.560259e-04
5.000000e-03 6.207293e-04
5.500000e-03 6.836185e-04
6.000000e-03 7.492290e-04
6.500000e-03 8.142347e-04
7.000000e-03 8.759146e-04
7.500000e-03 9.375945e-04
8.000000e-03 1.003507e-03
8.500000e-03 1.060954e-03
9.000000e-03 1.128379e-03
9.500000e-03 1.196408e-03
1.000000e-02 1.266251e-03
1.050000e-02 1.320977e-03
1.100000e-02 1.391123e-03
1.150000e-02 1.454315e-03
1.200000e-02 1.525972e-03
1.250000e-02 1.590978e-03
1.300000e-02 1.650239e-03
1.350000e-02 1.722501e-03
1.400000e-02 1.792042e-03
1.450000e-02 1.849791e-03
1.500000e-02 1.916914e-03
1.550000e-02 1.986152e-03
1.600000e-02 2.055996e-03
1.650000e-02 2.125234e-03
1.700000e-02 2.184495e-03
1.750000e-02 2.258269e-03
1.800000e-02 2.316321e-03
1.850000e-02 2.385257e-03
1.900000e-02 2.463869e-03
1.950000e-02 2.524944e-03
2.000000e-02 2.596904e-03
2.050000e-02 2.667352e-03
2.100000e-02 2.730846e-03
2.150000e-02 2.803108e-03
2.200000e-02 2.872044e-03
2.250000e-02 2.939469e-03
2.300000e-02 3.005382e-03
2.350000e-02 3.070388e-03
2.400000e-02 3.135393e-03
2.450000e-02 3.215819e-03
2.500000e-02 3.282941e-03
2.550000e-02 3.356715e-03
2.600000e-02 3.421116e-03
2.650000e-02 3.487331e-03
2.700000e-02 3.560198e-03
2.750000e-02 3.636996e-03
2.800000e-02 3.700792e-03
2.850000e-02 3.773054e-03
2.900000e-02 3.837153e-03
2.950000e-02 3.903066e-03
3.000000e-02 3.975328e-03
3.050000e-02 4.046683e-03
3.100000e-02 4.117433e-03
3.150000e-02 4.189393e-03
3.200000e-02 4.258330e-03
3.250000e-02 4.328173e-03
3.300000e-02 4.393783e-03
3.350000e-02 4.466953e-03
3.400000e-02 4.536191e-03
3.450000e-02 4.604826e-03
3.500000e-02 4.661063e-03
3.550000e-02 4.741791e-03
3.600000e-02 4.813146e-03
3.650000e-02 4.880269e-03
3.700000e-02 4.947693e-03
3.750000e-02 5.017234e-03
3.800000e-02 5.086473e-03
3.850000e-02 5.158130e-03
3.900000e-02 5.224043e-03
3.950000e-02 5.300538e-03
4.000000e-02 5.365846e-03
4.050000e-02 5.429038e-03
4.100000e-02 5.511580e-03
4.150000e-02 5.580819e-03
4.200000e-02 5.644615e-03
4.250000e-02 5.731693e-03
4.300000e-02 5.787023e-03
4.350000e-02 5.857774e-03
4.400000e-02 5.920360e-03
4.450000e-02 5.994437e-03
4.500000e-02 6.067303e-03
4.550000e-02 6.137752e-03
4.600000e-02 6.198827e-03
4.650000e-02 6.270182e-03
4.700000e-02 6.348189e-03
4.750000e-02 6.407450e-03
4.800000e-02 6.476689e-03
4.850000e-02 6.553486e-03
4.900000e-02 6.617283e-03
4.950000e-02 6.690754e-03
