-8.625158e-03 7.861249e-05
-8.581308e-03 7.260176e-05
-8.526275e-03 7.710996e-05
-8.471909e-03 9.118881e-05
-8.427361e-03 9.059725e-05
-8.383947e-03 9.084601e-05
-8.335828e-03 9.356374e-05
-8.281923e-03 9.145387e-05
-8.234385e-03 8.687042e-05
-8.196373e-03 9.004102e-05
-8.159013e-03 9.078904e-05
-8.120190e-03 9.042865e-05
-8.076133e-03 9.344500e-05
-8.024357e-03 8.893607e-05
-7.973891e-03 8.652954e-05
-7.929082e-03 8.929046e-05
-7.885924e-03 8.929039e-05
-7.842102e-03 8.765176e-05
-7.799150e-03 8.654474e-05
-7.757760e-03 8.659250e-05
-7.712966e-03 8.864210e-05
-7.663883e-03 8.722045e-05
-7.619733e-03 8.393963e-05
-7.580342e-03 8.273260e-05
-7.536641e-03 8.470337e-05
-7.491618e-03 8.797801e-05
-7.448260e-03 8.815435e-05
-7.402376e-03 8.442116e-05
-7.354576e-03 8.423068e-05
-7.308749e-03 8.699960e-05
-7.264772e-03 8.688297e-05
-7.222903e-03 9.008201e-05
-7.182464e-03 9.037186e-05
-7.138676e-03 8.557732e-05
-7.089589e-03 8.703733e-05
-7.043669e-03 9.579790e-05
-7.006479e-03 9.372648e-05
-6.964492e-03 8.058906e-05
-6.911264e-03 8.256401e-05
-6.858968e-03 8.958164e-05
-6.813051e-03 8.849455e-05
-6.769438e-03 8.930261e-05
-6.725656e-03 8.950119e-05
-6.680701e-03 8.809166e-05
-6.636463e-03 8.715437e-05
-6.592075e-03 8.429615e-05
-6.545376e-03 8.465835e-05
-6.504760e-03 9.583830e-05
-6.470332e-03 9.613739e-05
-6.429008e-03 8.543809e-05
-6.380961e-03 8.563251e-05
-6.332572e-03 8.560217e-05
-6.283849e-03 8.579258e-05
-6.238306e-03 9.108282e-05
-6.196736e-03 9.060596e-05
-6.155667e-03 9.065124e-05
-6.112030e-03 9.220129e-05
-6.063511e-03 8.841326e-05
-6.017787e-03 8.556076e-05
-5.979401e-03 8.985381e-05
-5.948148e-03 8.692297e-05
-5.914568e-03 7.487354e-05
-5.863897e-03 8.081119e-05
-5.808652e-03 8.968792e-05
-5.760681e-03 8.850725e-05
-5.714559e-03 8.831263e-05
-5.668246e-03 8.835766e-05
-5.622982e-03 9.023647e-05
-5.581783e-03 8.846890e-05
-5.544126e-03 8.947233e-05
-5.504882e-03 9.078719e-05
-5.460100e-03 8.468938e-05
-5.410476e-03 8.539102e-05
-5.367449e-03 9.879358e-05
-5.329929e-03 1.003390e-04
-5.287927e-03 9.720179e-05
-5.245828e-03 9.632789e-05
-5.198354e-03 8.493681e-05
-5.147131e-03 8.288120e-05
-5.100738e-03 8.523709e-05
-5.054848e-03 8.578122e-05
-5.011630e-03 9.176329e-05
-4.970319e-03 9.276762e-05
-4.927119e-03 9.240619e-05
-4.882650e-03 9.303879e-05
-4.841162e-03 9.978291e-05
-4.802827e-03 1.003117e-04
-4.754394e-03 8.489956e-05
-4.698536e-03 8.382250e-05
-4.647444e-03 8.826538e-05
-4.599974e-03 8.767880e-05
-4.555761e-03 9.199105e-05
-4.513351e-03 9.246936e-05
-4.469546e-03 9.148558e-05
-4.427459e-03 9.029460e-05
-4.385502e-03 8.720677e-05
-4.338807e-03 8.874352e-05
-4.290412e-03 9.017874e-05
-4.245597e-03 8.854368e-05
-4.203495e-03 8.852832e-05
-4.160223e-03 8.922570e-05
-4.115697e-03 8.907152e-05
-4.068989e-03 9.032780e-05
-4.020092e-03 9.016561e-05
-3.972169e-03 8.952264e-05
-3.931429e-03 9.974551e-05
-3.892143e-03 1.025456e-04
-3.843626e-03 9.434592e-05
-3.795904e-03 9.092817e-05
-3.753370e-03 9.063195e-05
-3.709643e-03 9.123698e-05
-3.662815e-03 8.777707e-05
-3.610649e-03 8.992571e-05
-3.557876e-03 9.486151e-05
-3.508765e-03 9.424707e-05
-3.460352e-03 9.370217e-05
-3.411939e-03 9.350563e-05
-3.365728e-03 9.663936e-05
-3.318885e-03 9.814516e-05
-3.270837e-03 1.003224e-04
-3.226373e-03 9.895157e-05
-3.181747e-03 9.486474e-05
-3.131919e-03 9.652189e-05
-3.081755e-03 1.005733e-04
-3.034013e-03 1.005737e-04
-2.986417e-03 1.002057e-04
-2.936791e-03 1.012905e-04
-2.884251e-03 1.000671e-04
-2.830758e-03 1.001949e-04
-2.778408e-03 1.024403e-04
-2.728522e-03 1.019968e-04
-2.680608e-03 1.040604e-04
-2.631657e-03 1.052012e-04
-2.581474e-03 1.063160e-04
-2.529939e-03 1.075286e-04
-2.479456e-03 1.126622e-04
-2.429050e-03 1.144606e-04
-2.373062e-03 1.101311e-04
-2.308568e-03 1.136847e-04
-2.245713e-03 1.263140e-04
-2.171073e-03 1.379322e-04
-2.092859e-03 1.642942e-04
-2.021559e-03 1.696133e-04
-1.946810e-03 1.775356e-04
-1.882194e-03 1.743509e-04
-1.803226e-03 1.427575e-04
-1.728390e-03 1.288939e-04
-1.667364e-03 1.133262e-04
-1.610653e-03 1.053502e-04
-1.561322e-03 9.541160e-05
-1.513928e-03 9.043955e-05
-1.470292e-03 8.288409e-05
-1.426431e-03 8.030486e-05
-1.385436e-03 7.791907e-05
-1.346701e-03 7.570400e-05
-1.309550e-03 7.218651e-05
-1.272461e-03 7.088504e-05
-1.237322e-03 7.052361e-05
-1.203376e-03 6.967721e-05
-1.169882e-03 6.766808e-05
-1.136938e-03 6.661918e-05
-1.104627e-03 6.517002e-05
-1.071470e-03 6.515354e-05
-1.037980e-03 6.455902e-05
-1.005509e-03 6.387423e-05
-9.735865e-04 6.287701e-05
-9.421129e-04 6.210940e-05
-9.113645e-04 6.118537e-05
-8.812540e-04 6.047012e-05
-8.517226e-04 5.944773e-05
-8.223743e-04 5.897035e-05
-7.933323e-04 5.815374e-05
-7.643590e-04 5.781908e-05
-7.356907e-04 5.739783e-05
-7.073409e-04 5.705515e-05
-6.791421e-04 5.635397e-05
-6.508349e-04 5.616719e-05
-6.227619e-04 5.570232e-05
-5.948068e-04 5.546449e-05
-5.668913e-04 5.520791e-05
-5.392148e-04 5.497271e-05
-5.119122e-04 5.493996e-05
-4.848256e-04 5.491782e-05
-4.578541e-04 5.504961e-05
-4.306837e-04 5.509653e-05
-4.033054e-04 5.487959e-05
-3.759947e-04 5.476100e-05
-3.486012e-04 5.429235e-05
-3.212057e-04 5.412510e-05
-2.940327e-04 5.403137e-05
-2.669476e-04 5.394479e-05
-2.399348e-04 5.382452e-05
-2.129907e-04 5.373999e-05
-1.861542e-04 5.368459e-05
-1.592939e-04 5.367899e-05
-1.325888e-04 5.359789e-05
-1.059310e-04 5.354049e-05
-7.915004e-05 5.350003e-05
-5.235499e-05 5.349989e-05
-2.557406e-05 5.350011e-05
1.018295e-06 5.351175e-05
2.759780e-05 5.354892e-05
5.437433e-05 5.356398e-05
8.117743e-05 5.356146e-05
1.080212e-04 5.358499e-05
1.348752e-04 5.363344e-05
1.617873e-04 5.368574e-05
1.887276e-04 5.378412e-05
2.157103e-04 5.384497e-05
2.427196e-04 5.396989e-05
2.698719e-04 5.410063e-05
2.970501e-04 5.442111e-05
3.240473e-04 5.442758e-05
3.510980e-04 5.435622e-05
3.782960e-04 5.441907e-05
4.054024e-04 5.441697e-05
4.325957e-04 5.446796e-05
4.599544e-04 5.466240e-05
4.876886e-04 5.495678e-05
5.154529e-04 5.572286e-05
5.426119e-04 5.575775e-05
5.700179e-04 5.544519e-05
5.979541e-04 5.552950e-05
6.260850e-04 5.543871e-05
6.543492e-04 5.548624e-05
6.821341e-04 5.642007e-05
7.098766e-04 5.673009e-05
7.380063e-04 5.694538e-05
7.668442e-04 5.744825e-05
7.960566e-04 5.822156e-05
8.256105e-04 5.870453e-05
8.553863e-04 5.967753e-05
8.854764e-04 6.021598e-05
9.158407e-04 6.088586e-05
9.474501e-04 6.186957e-05
9.806161e-04 6.238383e-05
1.013184e-03 6.221196e-05
1.044314e-03 6.411611e-05
1.075741e-03 6.512253e-05
1.108162e-03 6.627469e-05
1.141208e-03 6.692250e-05
1.174819e-03 6.777860e-05
1.209849e-03 6.893821e-05
1.245447e-03 7.121496e-05
1.281762e-03 7.246358e-05
1.318167e-03 7.578770e-05
1.355108e-03 7.730449e-05
1.393325e-03 7.939417e-05
1.435771e-03 8.268600e-05
1.480516e-03 8.800247e-05
1.527498e-03 9.125646e-05
1.574016e-03 1.010887e-04
1.624954e-03 1.072774e-04
1.679578e-03 1.176030e-04
1.747268e-03 1.291173e-04
1.820319e-03 1.528328e-04
1.897247e-03 1.637030e-04
1.980110e-03 1.840108e-04
2.047006e-03 1.821588e-04
2.128842e-03 1.521450e-04
2.212870e-03 1.422608e-04
2.286289e-03 1.324930e-04
2.345904e-03 1.206896e-04
2.393969e-03 1.071529e-04
2.447370e-03 1.054954e-04
2.498637e-03 1.044520e-04
2.549989e-03 1.041283e-04
2.600449e-03 1.047194e-04
2.652086e-03 1.056392e-04
2.704760e-03 1.064662e-04
2.757433e-03 1.067632e-04
2.811424e-03 1.047573e-04
2.862250e-03 1.021441e-04
2.912839e-03 9.593183e-05
2.966325e-03 9.542156e-05
3.015465e-03 1.012062e-04
3.059481e-03 1.004408e-04
3.105697e-03 9.466142e-05
3.156568e-03 9.515793e-05
3.206999e-03 9.727752e-05
3.254748e-03 9.642762e-05
3.303884e-03 9.174079e-05
3.354711e-03 9.107239e-05
3.404518e-03 9.091882e-05
3.455196e-03 9.138748e-05
3.512703e-03 8.127275e-05
3.566985e-03 7.570058e-05
3.602182e-03 9.210669e-05
3.634980e-03 9.656048e-05
3.680145e-03 8.827528e-05
3.730618e-03 8.848729e-05
3.777831e-03 9.395405e-05
3.822807e-03 9.457672e-05
3.868676e-03 9.537931e-05
3.912307e-03 9.433249e-05
3.955209e-03 9.264010e-05
3.999040e-03 9.278367e-05
4.044891e-03 8.981989e-05
4.095566e-03 9.144992e-05
4.148316e-03 9.251835e-05
4.193276e-03 8.822213e-05
4.229609e-03 9.069162e-05
4.270246e-03 9.416518e-05
4.316819e-03 9.390692e-05
4.359539e-03 9.149859e-05
4.399512e-03 8.938722e-05
4.444127e-03 9.141733e-05
4.490820e-03 9.359359e-05
4.533685e-03 9.207634e-05
4.575043e-03 8.982565e-05
4.626864e-03 9.527536e-05
4.683075e-03 1.036451e-04
4.723858e-03 9.744796e-05
4.759359e-03 8.901481e-05
4.800167e-03 8.914318e-05
4.844292e-03 8.400656e-05
4.892643e-03 8.487227e-05
4.939241e-03 9.018361e-05
4.981640e-03 8.938956e-05
5.023828e-03 8.753287e-05
5.066663e-03 8.725532e-05
5.110415e-03 8.495183e-05
5.157098e-03 8.588551e-05
5.203103e-03 8.961829e-05
5.249028e-03 9.091150e-05
5.295394e-03 9.377197e-05
5.336818e-03 9.183019e-05
5.377199e-03 8.817198e-05
5.422710e-03 8.994104e-05
5.468078e-03 9.452397e-05
5.509326e-03 9.370977e-05
5.555382e-03 8.404300e-05
5.602974e-03 8.147288e-05
5.643482e-03 8.607584e-05
5.684359e-03 8.814741e-05
5.734238e-03 7.888875e-05
5.786750e-03 7.695166e-05
5.826238e-03 9.333796e-05
5.859931e-03 9.574371e-05
5.901342e-03 8.953302e-05
5.944287e-03 8.822346e-05
5.984354e-03 8.939322e-05
6.027983e-03 9.195413e-05
6.074499e-03 9.425488e-05
6.114936e-03 9.142921e-05
6.153694e-03 8.637143e-05
6.196138e-03 8.676826e-05
6.240373e-03 8.437219e-05
6.292038e-03 8.794656e-05
6.347030e-03 9.286684e-05
6.391540e-03 8.838008e-05
6.430021e-03 8.592474e-05
6.470961e-03 8.650779e-05
6.512137e-03 8.773243e-05
6.554597e-03 8.913472e-05
6.600663e-03 8.702830e-05
6.649504e-03 8.774530e-05
6.696852e-03 9.223748e-05
6.740750e-03 9.177873e-05
6.784969e-03 8.996690e-05
6.836977e-03 9.399669e-05
6.890641e-03 1.024449e-04
6.929514e-03 9.659387e-05
6.966751e-03 8.304739e-05
7.012823e-03 8.348933e-05
7.056100e-03 8.939352e-05
7.095899e-03 8.942532e-05
7.138022e-03 8.511712e-05
7.184448e-03 8.614390e-05
7.231401e-03 8.863762e-05
7.276149e-03 8.821953e-05
7.322030e-03 8.518358e-05
7.368489e-03 8.462190e-05
7.414755e-03 8.335325e-05
7.463827e-03 8.440169e-05
7.506834e-03 9.746220e-05
7.540249e-03 9.639227e-05
7.582834e-03 7.808207e-05
7.632000e-03 7.545751e-05
7.669863e-03 8.705461e-05
7.705829e-03 9.008183e-05
7.753124e-03 7.956307e-05
7.805157e-03 7.863051e-05
7.851001e-03 8.638318e-05
7.893116e-03 8.692791e-05
7.934758e-03 8.868869e-05
7.975603e-03 8.884843e-05
8.015945e-03 9.064597e-05
8.059511e-03 9.322074e-05
8.109322e-03 9.001642e-05
8.159281e-03 8.894869e-05
8.203302e-03 9.582193e-05
8.239803e-03 9.399561e-05
8.275915e-03 8.960861e-05
8.316452e-03 9.047599e-05
8.360036e-03 8.779627e-05
8.405230e-03 8.780179e-05
8.447662e-03 9.243870e-05
8.494659e-03 9.684837e-05
8.547685e-03 9.904190e-05
