-5.000000e-02 6.634210e-04
-4.985000e-02 7.191749e-04
-4.970000e-02 7.046976e-04
-4.955000e-02 6.813719e-04
-4.940000e-02 6.948265e-04
-4.925000e-02 7.333237e-04
-4.910000e-02 7.243266e-04
-4.895000e-02 7.173101e-04
-4.880000e-02 7.240851e-04
-4.865000e-02 7.390664e-04
-4.850000e-02 7.376761e-04
-4.835000e-02 7.615706e-04
-4.820000e-02 7.555043e-04
-4.805000e-02 7.171972e-04
-4.790000e-02 7.129417e-04
-4.775000e-02 7.152171e-04
-4.760000e-02 7.202905e-04
-4.745000e-02 7.138432e-04
-4.730000e-02 7.186144e-04
-4.715000e-02 6.721528e-04
-4.700000e-02 6.679245e-04
-4.685000e-02 6.940944e-04
-4.670000e-02 7.038437e-04
-4.655000e-02 7.402546e-04
-4.640000e-02 7.343928e-04
-4.625000e-02 7.205493e-04
-4.610000e-02 7.289904e-04
-4.595000e-02 7.263354e-04
-4.580000e-02 7.271642e-04
-4.565000e-02 7.288709e-04
-4.550000e-02 7.206917e-04
-4.535000e-02 7.022966e-04
-4.520000e-02 6.933461e-04
-4.505000e-02 6.842433e-04
-4.490000e-02 6.837876e-04
-4.475000e-02 6.911833e-04
-4.460000e-02 6.957501e-04
-4.445000e-02 7.092148e-04
-4.430000e-02 7.081173e-04
-4.415000e-02 6.921872e-04
-4.400000e-02 6.870822e-04
-4.385000e-02 7.075634e-04
-4.370000e-02 7.207184e-04
-4.355000e-02 7.155985e-04
-4.340000e-02 7.156992e-04
-4.325000e-02 6.904767e-04
-4.310000e-02 6.895581e-04
-4.295000e-02 7.265378e-04
-4.280000e-02 7.157003e-04
-4.265000e-02 6.974952e-04
-4.250000e-02 7.038405e-04
-4.235000e-02 7.097187e-04
-4.220000e-02 7.082809e-04
-4.205000e-02 7.264869e-04
-4.190000e-02 7.287363e-04
-4.175000e-02 7.219093e-04
-4.160000e-02 7.195908e-04
-4.145000e-02 7.154186e-04
-4.130000e-02 7.214177e-04
-4.115000e-02 7.043501e-04
-4.100000e-02 7.021690e-04
-4.085000e-02 7.008415e-04
-4.070000e-02 7.008590e-04
-4.055000e-02 7.236158e-04
-4.040000e-02 7.152827e-04
-4.025000e-02 6.919570e-04
-4.010000e-02 6.977506e-04
-3.995000e-02 7.032502e-04
-3.980000e-02 7.005844e-04
-3.965000e-02 7.066528e-04
-3.950000e-02 7.012076e-04
-3.935000e-02 7.046211e-04
-3.920000e-02 7.154586e-04
-3.905000e-02 7.251302e-04
-3.890000e-02 7.199434e-04
-3.875000e-02 7.060997e-04
-3.860000e-02 7.052202e-04
-3.845000e-02 7.016171e-04
-3.830000e-02 6.975275e-04
-3.815000e-02 7.009410e-04
-3.800000e-02 7.053622e-04
-3.785000e-02 7.404455e-04
-3.770000e-02 7.459075e-04
-3.755000e-02 7.066522e-04
-3.740000e-02 7.048118e-04
-3.725000e-02 7.182762e-04
-3.710000e-02 7.121203e-04
-3.695000e-02 7.246365e-04
-3.680000e-02 7.269073e-04
-3.665000e-02 7.033920e-04
-3.650000e-02 7.014835e-04
-3.635000e-02 6.942772e-04
-3.620000e-02 6.979559e-04
-3.605000e-02 7.252640e-04
-3.590000e-02 7.285377e-04
-3.575000e-02 7.186764e-04
-3.560000e-02 7.096793e-04
-3.545000e-02 7.132824e-04
-3.530000e-02 7.193483e-04
-3.515000e-02 7.191587e-04
-3.500000e-02 7.147968e-04
-3.485000e-02 7.028495e-04
-3.470000e-02 7.059848e-04
-3.455000e-02 7.086398e-04
-3.440000e-02 7.108253e-04
-3.425000e-02 7.246690e-04
-3.410000e-02 7.273910e-04
-3.395000e-02 7.184780e-04
-3.380000e-02 7.175919e-04
-3.365000e-02 7.299184e-04
-3.350000e-02 7.230826e-04
-3.335000e-02 7.035497e-04
-3.320000e-02 7.052735e-04
-3.305000e-02 6.967398e-04
-3.290000e-02 6.993980e-04
-3.275000e-02 7.102075e-04
-3.260000e-02 7.136334e-04
-3.245000e-02 7.113577e-04
-3.230000e-02 7.089542e-04
-3.215000e-02 7.214705e-04
-3.200000e-02 7.193575e-04
-3.185000e-02 7.068413e-04
-3.170000e-02 7.042346e-04
-3.155000e-02 7.002522e-04
-3.140000e-02 7.028588e-04
-3.125000e-02 7.153750e-04
-3.110000e-02 7.181014e-04
-3.095000e-02 7.152568e-04
-3.080000e-02 7.112937e-04
-3.065000e-02 7.078801e-04
-3.050000e-02 7.066632e-04
-3.035000e-02 7.064735e-04
-3.020000e-02 7.100860e-04
-3.005000e-02 7.117928e-04
-2.990000e-02 7.148766e-04
-2.975000e-02 7.304270e-04
-2.960000e-02 7.267297e-04
-2.945000e-02 7.257816e-04
-2.930000e-02 7.284398e-04
-2.915000e-02 7.096655e-04
-2.900000e-02 7.067320e-04
-2.885000e-02 7.086284e-04
-2.870000e-02 7.112211e-04
-2.855000e-02 7.191860e-04
-2.840000e-02 7.159824e-04
-2.825000e-02 7.129482e-04
-2.810000e-02 7.163671e-04
-2.795000e-02 7.175049e-04
-2.780000e-02 7.151766e-04
-2.765000e-02 7.144181e-04
-2.750000e-02 7.163947e-04
-2.735000e-02 7.173429e-04
-2.720000e-02 7.180371e-04
-2.705000e-02 7.157614e-04
-2.690000e-02 7.136359e-04
-2.675000e-02 7.115498e-04
-2.660000e-02 7.099140e-04
-2.645000e-02 7.152238e-04
-2.630000e-02 7.162456e-04
-2.615000e-02 7.164353e-04
-2.600000e-02 7.143911e-04
-2.585000e-02 7.128740e-04
-2.570000e-02 7.123969e-04
-2.555000e-02 7.108798e-04
-2.540000e-02 7.165516e-04
-2.525000e-02 7.264129e-04
-2.510000e-02 7.250351e-04
-2.495000e-02 7.100536e-04
-2.480000e-02 7.055411e-04
-2.465000e-02 7.133271e-04
-2.450000e-02 7.179845e-04
-2.435000e-02 7.223354e-04
-2.420000e-02 7.178964e-04
-2.405000e-02 7.091730e-04
-2.390000e-02 7.130641e-04
-2.375000e-02 7.168569e-04
-2.360000e-02 7.148742e-04
-2.345000e-02 7.122193e-04
-2.330000e-02 7.126965e-04
-2.315000e-02 7.168685e-04
-2.300000e-02 7.141276e-04
-2.285000e-02 7.198167e-04
-2.270000e-02 7.256249e-04
-2.255000e-02 7.163326e-04
-2.240000e-02 7.131290e-04
-2.225000e-02 7.184389e-04
-2.210000e-02 7.230259e-04
-2.195000e-02 7.222673e-04
-2.180000e-02 7.189073e-04
-2.165000e-02 7.154937e-04
-2.150000e-02 7.126992e-04
-2.135000e-02 7.151645e-04
-2.120000e-02 7.182370e-04
-2.105000e-02 7.100825e-04
-2.090000e-02 7.108952e-04
-2.075000e-02 7.196186e-04
-2.060000e-02 7.185280e-04
-2.045000e-02 7.170109e-04
-2.030000e-02 7.157135e-04
-2.015000e-02 7.170410e-04
-2.000000e-02 7.177250e-04
-1.985000e-02 7.228452e-04
-1.970000e-02 7.248218e-04
-1.955000e-02 7.248218e-04
-1.940000e-02 7.261338e-04
-1.925000e-02 7.289784e-04
-1.910000e-02 7.244629e-04
-1.895000e-02 7.083435e-04
-1.880000e-02 7.081390e-04
-1.865000e-02 7.143972e-04
-1.850000e-02 7.165145e-04
-1.835000e-02 7.189797e-04
-1.820000e-02 7.178849e-04
-1.805000e-02 7.161781e-04
-1.790000e-02 7.180184e-04
-1.775000e-02 7.214320e-04
-1.760000e-02 7.200701e-04
-1.745000e-02 7.217768e-04
-1.730000e-02 7.219118e-04
-1.715000e-02 7.198258e-04
-1.700000e-02 7.219387e-04
-1.685000e-02 7.228869e-04
-1.670000e-02 7.233786e-04
