-5.177519e-03 1.095584e-04
-5.124027e-03 1.084631e-04
-5.068937e-03 1.090876e-04
-5.012226e-03 1.079562e-04
-4.955637e-03 1.074162e-04
-4.900629e-03 1.087166e-04
-4.847398e-03 1.081777e-04
-4.795047e-03 1.079864e-04
-4.742832e-03 1.078363e-04
-4.690435e-03 1.071150e-04
-4.634277e-03 1.090522e-04
-4.575802e-03 1.107402e-04
-4.517881e-03 1.110773e-04
-4.461462e-03 1.143482e-04
-4.408637e-03 1.133688e-04
-4.355760e-03 1.105643e-04
-4.300816e-03 1.107349e-04
-4.245291e-03 1.104052e-04
-4.188771e-03 1.109435e-04
-4.131509e-03 1.110344e-04
-4.074953e-03 1.105832e-04
-4.019922e-03 1.118697e-04
-3.965518e-03 1.120170e-04
-3.911805e-03 1.137459e-04
-3.857802e-03 1.145416e-04
-3.800374e-03 1.108738e-04
-3.742265e-03 1.099014e-04
-3.685491e-03 1.095955e-04
-3.629259e-03 1.092208e-04
-3.575355e-03 1.118938e-04
-3.522484e-03 1.122367e-04
-3.468570e-03 1.114510e-04
-3.412259e-03 1.125451e-04
-3.354126e-03 1.127175e-04
-3.297177e-03 1.121304e-04
-3.241329e-03 1.121634e-04
-3.185489e-03 1.121707e-04
-3.129852e-03 1.125296e-04
-3.073333e-03 1.131260e-04
-3.016261e-03 1.140323e-04
-2.957194e-03 1.156186e-04
-2.897077e-03 1.180998e-04
-2.837789e-03 1.184306e-04
-2.778766e-03 1.199711e-04
-2.721490e-03 1.195415e-04
-2.664346e-03 1.183891e-04
-2.604073e-03 1.198531e-04
-2.541973e-03 1.208715e-04
-2.477172e-03 1.227901e-04
-2.412148e-03 1.279369e-04
-2.343452e-03 1.320648e-04
-2.274706e-03 1.432521e-04
-2.207677e-03 1.462509e-04
-2.137633e-03 1.495516e-04
-2.075786e-03 1.457452e-04
-2.007227e-03 1.241927e-04
-1.940366e-03 1.154842e-04
-1.883034e-03 1.069849e-04
-1.827171e-03 1.030420e-04
-1.776516e-03 1.007772e-04
-1.725813e-03 9.993610e-05
-1.676157e-03 9.949556e-05
-1.625996e-03 9.969412e-05
-1.575521e-03 9.957254e-05
-1.525700e-03 9.908263e-05
-1.476064e-03 9.817951e-05
-1.427196e-03 9.744671e-05
-1.379431e-03 9.710046e-05
-1.332017e-03 9.676474e-05
-1.284451e-03 9.558025e-05
-1.236327e-03 9.543720e-05
-1.187957e-03 9.477577e-05
-1.139955e-03 9.436868e-05
-1.092840e-03 9.457215e-05
-1.046349e-03 9.427077e-05
-1.000096e-03 9.382940e-05
-9.541473e-04 9.343656e-05
-9.077782e-04 9.178444e-05
-8.618295e-04 9.098747e-05
-8.163455e-04 8.940927e-05
-7.718159e-04 8.822029e-05
-7.282551e-04 8.653596e-05
-6.859826e-04 8.520471e-05
-6.442885e-04 8.259748e-05
-6.031900e-04 8.129956e-05
-5.629883e-04 7.906412e-05
-5.231015e-04 7.802765e-05
-4.840506e-04 7.666068e-05
-4.454180e-04 7.595950e-05
-4.076881e-04 7.540011e-05
-3.701144e-04 7.510486e-05
-3.327603e-04 7.465109e-05
-2.953697e-04 7.446898e-05
-2.580502e-04 7.419432e-05
-2.208757e-04 7.404888e-05
-1.839093e-04 7.387943e-05
-1.470252e-04 7.376901e-05
-1.102361e-04 7.362077e-05
-7.341216e-05 7.355947e-05
-3.660185e-05 7.348057e-05
1.794880e-07 7.349016e-05
3.689267e-05 7.347658e-05
7.371898e-05 7.351484e-05
1.105823e-04 7.363938e-05
1.474584e-04 7.373198e-05
1.843523e-04 7.384791e-05
2.215057e-04 7.400496e-05
2.587092e-04 7.435714e-05
2.958142e-04 7.446526e-05
3.329677e-04 7.479790e-05
3.704411e-04 7.510997e-05
4.080785e-04 7.559048e-05
4.463152e-04 7.608167e-05
4.848739e-04 7.702462e-05
5.240410e-04 7.777131e-05
5.633262e-04 7.953122e-05
6.034793e-04 8.064162e-05
6.441057e-04 8.293217e-05
6.858556e-04 8.447520e-05
7.288519e-04 8.681459e-05
7.726688e-04 8.815108e-05
8.174074e-04 9.019534e-05
8.623919e-04 9.102932e-05
9.079780e-04 9.248030e-05
9.533974e-04 9.295272e-05
9.995628e-04 9.288215e-05
1.046601e-03 9.332933e-05
1.093909e-03 9.411880e-05
1.141340e-03 9.452735e-05
1.188889e-03 9.561056e-05
1.236153e-03 9.583060e-05
1.283472e-03 9.620652e-05
1.331235e-03 9.655621e-05
1.379577e-03 9.670973e-05
1.428477e-03 9.715314e-05
1.477775e-03 9.757464e-05
1.527327e-03 9.782551e-05
1.576395e-03 9.947852e-05
1.625079e-03 9.989736e-05
1.674386e-03 9.987489e-05
1.725015e-03 1.006613e-04
1.776000e-03 1.022523e-04
1.829287e-03 1.041496e-04
1.883438e-03 1.081380e-04
1.945169e-03 1.141842e-04
2.007283e-03 1.301718e-04
2.070848e-03 1.367248e-04
2.138648e-03 1.480699e-04
2.202462e-03 1.498393e-04
2.275832e-03 1.386101e-04
2.348111e-03 1.338392e-04
2.415284e-03 1.291159e-04
2.479630e-03 1.257920e-04
2.540693e-03 1.222152e-04
2.601066e-03 1.205103e-04
2.660124e-03 1.177829e-04
2.720954e-03 1.178001e-04
2.782656e-03 1.165753e-04
2.843288e-03 1.155570e-04
2.901138e-03 1.171884e-04
2.957748e-03 1.169681e-04
3.014266e-03 1.165079e-04
3.070510e-03 1.162425e-04
3.127978e-03 1.136424e-04
3.185844e-03 1.129436e-04
3.243588e-03 1.110327e-04
3.300916e-03 1.100351e-04
3.356154e-03 1.109197e-04
3.410423e-03 1.107171e-04
3.463974e-03 1.111842e-04
3.518143e-03 1.116630e-04
3.574007e-03 1.103366e-04
3.631192e-03 1.107134e-04
3.688300e-03 1.117212e-04
3.745059e-03 1.118750e-04
3.801219e-03 1.133018e-04
3.855241e-03 1.124720e-04
3.909095e-03 1.106150e-04
3.963672e-03 1.104409e-04
4.018245e-03 1.097974e-04
4.075597e-03 1.111718e-04
4.134878e-03 1.119430e-04
4.192599e-03 1.113462e-04
4.248605e-03 1.123761e-04
4.302655e-03 1.115724e-04
4.355054e-03 1.120941e-04
4.408106e-03 1.126135e-04
4.464541e-03 1.085844e-04
4.522447e-03 1.080776e-04
4.578984e-03 1.087845e-04
4.634533e-03 1.083864e-04
4.688843e-03 1.095110e-04
4.741743e-03 1.091282e-04
4.794028e-03 1.089240e-04
4.847846e-03 1.097106e-04
4.903605e-03 1.086601e-04
4.960093e-03 1.087780e-04
5.016677e-03 1.091083e-04
5.071454e-03 1.081434e-04
5.124026e-03 1.089733e-04
