-1.000000e-01 9.900000e+37
-9.900000e-02 9.900000e+37
-9.800000e-02 9.900000e+37
-9.700000e-02 9.900000e+37
-9.600000e-02 9.900000e+37
-9.500000e-02 9.900000e+37
-9.400000e-02 9.900000e+37
-9.300000e-02 9.900000e+37
-9.200000e-02 9.900000e+37
-9.100000e-02 9.900000e+37
-9.000000e-02 9.900000e+37
-8.900000e-02 9.900000e+37
-8.800000e-02 9.900000e+37
-8.700000e-02 9.900000e+37
-8.600000e-02 9.900000e+37
-8.500000e-02 9.900000e+37
-8.400000e-02 3.410536e-05
-8.300000e-02 4.553176e-05
-8.200000e-02 4.595479e-05
-8.100000e-02 4.193938e-05
-8.000000e-02 4.181309e-05
-7.900000e-02 4.184346e-05
-7.800000e-02 4.211729e-05
-7.700000e-02 3.960993e-05
-7.600000e-02 3.947338e-05
-7.500000e-02 3.550571e-05
-7.400000e-02 3.541922e-05
-7.300000e-02 4.167801e-05
-7.200000e-02 4.182941e-05
-7.100000e-02 4.188647e-05
-7.000000e-02 4.168040e-05
-6.900000e-02 3.900847e-05
-6.800000e-02 3.913967e-05
-6.700000e-02 3.753710e-05
-6.600000e-02 3.769540e-05
-6.500000e-02 3.952164e-05
-6.400000e-02 3.917609e-05
-6.300000e-02 3.969008e-05
-6.200000e-02 3.975233e-05
-6.100000e-02 3.765851e-05
-6.000000e-02 3.788781e-05
-5.900000e-02 3.670076e-05
-5.800000e-02 3.653472e-05
-5.700000e-02 4.285018e-05
-5.600000e-02 4.290266e-05
-5.500000e-02 4.018817e-05
-5.400000e-02 4.001702e-05
-5.300000e-02 3.661045e-05
-5.200000e-02 3.656068e-05
-5.100000e-02 4.215146e-05
-5.000000e-02 4.269665e-05
-4.900000e-02 4.351913e-05
-4.800000e-02 4.306852e-05
-4.700000e-02 4.212687e-05
-4.600000e-02 4.189716e-05
-4.500000e-02 4.442167e-05
-4.400000e-02 4.473447e-05
-4.300000e-02 3.762596e-05
-4.200000e-02 3.770615e-05
-4.100000e-02 4.113645e-05
-4.000000e-02 4.116879e-05
-3.900000e-02 4.354733e-05
-3.800000e-02 4.317064e-05
-3.700000e-02 4.111168e-05
-3.600000e-02 4.148579e-05
-3.500000e-02 4.020083e-05
-3.400000e-02 4.017608e-05
-3.300000e-02 3.730976e-05
-3.200000e-02 3.710794e-05
-3.100000e-02 4.281990e-05
-3.000000e-02 4.299804e-05
-2.900000e-02 4.222199e-05
-2.800000e-02 4.222294e-05
-2.700000e-02 3.875024e-05
-2.600000e-02 3.853076e-05
-2.500000e-02 4.102497e-05
-2.400000e-02 4.115802e-05
-2.300000e-02 4.128374e-05
-2.200000e-02 4.128529e-05
-2.100000e-02 4.120955e-05
-2.000000e-02 4.120134e-05
-1.900000e-02 4.212476e-05
-1.800000e-02 4.219090e-05
-1.700000e-02 4.094902e-05
-1.600000e-02 4.091986e-05
-1.500000e-02 4.128475e-05
-1.400000e-02 4.128608e-05
-1.300000e-02 4.260740e-05
-1.200000e-02 4.256266e-05
-1.100000e-02 4.020224e-05
-1.000000e-02 4.023672e-05
-9.000000e-03 4.063104e-05
-8.000000e-03 4.060875e-05
-7.000000e-03 4.104853e-05
-6.000000e-03 4.101708e-05
-5.000000e-03 4.065910e-05
-4.000000e-03 4.067157e-05
-3.000000e-03 4.078567e-05
-2.000000e-03 4.081684e-05
-1.000000e-03 4.098902e-05
3.259600e-09 4.096067e-05
1.000000e-03 4.096603e-05
2.000000e-03 4.097185e-05
3.000000e-03 4.104042e-05
4.000000e-03 4.103006e-05
5.000000e-03 4.126739e-05
6.000000e-03 4.122686e-05
7.000000e-03 4.147732e-05
8.000000e-03 4.148456e-05
9.000000e-03 4.142194e-05
1.000000e-02 4.148023e-05
1.100000e-02 4.136611e-05
1.200000e-02 4.120505e-05
1.300000e-02 4.085566e-05
1.400000e-02 4.088680e-05
1.500000e-02 4.163512e-05
1.600000e-02 4.169938e-05
1.700000e-02 4.197710e-05
1.800000e-02 4.193286e-05
1.900000e-02 3.766594e-05
2.000000e-02 3.772530e-05
2.100000e-02 4.420698e-05
2.200000e-02 4.424297e-05
2.300000e-02 4.286291e-05
2.400000e-02 4.281779e-05
2.500000e-02 3.795758e-05
2.600000e-02 3.826459e-05
2.700000e-02 4.010011e-05
2.800000e-02 3.986045e-05
2.900000e-02 4.241250e-05
3.000000e-02 4.224643e-05
3.100000e-02 4.307001e-05
3.200000e-02 4.337120e-05
3.300000e-02 3.894170e-05
3.400000e-02 3.877953e-05
3.500000e-02 4.034087e-05
3.600000e-02 4.035586e-05
3.700000e-02 4.301848e-05
3.800000e-02 4.279835e-05
3.900000e-02 3.923693e-05
4.000000e-02 3.942032e-05
4.100000e-02 4.389928e-05
4.200000e-02 4.403896e-05
4.300000e-02 4.137126e-05
4.400000e-02 4.131826e-05
4.500000e-02 4.577251e-05
4.600000e-02 4.560575e-05
4.700000e-02 4.255377e-05
4.800000e-02 4.232100e-05
4.900000e-02 3.918655e-05
5.000000e-02 3.947989e-05
5.100000e-02 4.198995e-05
5.200000e-02 4.224152e-05
5.300000e-02 4.119298e-05
5.400000e-02 4.053909e-05
5.500000e-02 4.153135e-05
5.600000e-02 4.172399e-05
5.700000e-02 5.045526e-05
5.800000e-02 5.174487e-05
5.900000e-02 4.443305e-05
6.000000e-02 4.346752e-05
6.100000e-02 3.977221e-05
6.200000e-02 3.915646e-05
6.300000e-02 4.500999e-05
6.400000e-02 4.535938e-05
6.500000e-02 4.021734e-05
6.600000e-02 4.029124e-05
6.700000e-02 3.321422e-05
6.800000e-02 3.295705e-05
6.900000e-02 4.210340e-05
7.000000e-02 4.172806e-05
7.100000e-02 3.581498e-05
7.200000e-02 3.665569e-05
7.300000e-02 4.951905e-05
7.400000e-02 4.954474e-05
7.500000e-02 3.737384e-05
7.600000e-02 3.730461e-05
7.700000e-02 3.941013e-05
7.800000e-02 3.898560e-05
7.900000e-02 4.667310e-05
8.000000e-02 4.677714e-05
8.100000e-02 3.963298e-05
8.200000e-02 3.959888e-05
8.300000e-02 4.549431e-05
8.400000e-02 4.577339e-05
8.500000e-02 4.131750e-05
8.600000e-02 4.076217e-05
8.700000e-02 4.892941e-05
8.800000e-02 9.900000e+37
8.900000e-02 9.900000e+37
9.000000e-02 9.900000e+37
9.100000e-02 9.900000e+37
9.200000e-02 9.900000e+37
9.300000e-02 9.900000e+37
9.400000e-02 9.900000e+37
9.500000e-02 9.900000e+37
9.600000e-02 9.900000e+37
9.700000e-02 9.900000e+37
9.800000e-02 9.900000e+37
9.900000e-02 9.900000e+37
