-6.217042e-03 6.551008e-05
-6.184541e-03 6.465684e-05
-6.151448e-03 6.470452e-05
-6.117978e-03 6.460564e-05
-6.085197e-03 6.429854e-05
-6.053426e-03 6.512554e-05
-6.021829e-03 6.517791e-05
-5.989773e-03 6.455593e-05
-5.956887e-03 6.483109e-05
-5.923417e-03 6.462068e-05
-5.889775e-03 6.464845e-05
-5.856442e-03 6.524221e-05
-5.823766e-03 6.506073e-05
-5.791756e-03 6.566986e-05
-5.759904e-03 6.579436e-05
-5.727820e-03 6.575455e-05
-5.695340e-03 6.597864e-05
-5.662350e-03 6.535498e-05
-5.628972e-03 6.536171e-05
-5.595725e-03 6.599148e-05
-5.562980e-03 6.591820e-05
-5.531008e-03 6.699355e-05
-5.499803e-03 6.706547e-05
-5.467658e-03 6.570556e-05
-5.434308e-03 6.579342e-05
-5.400584e-03 6.541282e-05
-5.366917e-03 6.524102e-05
-5.333918e-03 6.587734e-05
-5.301501e-03 6.575618e-05
-5.269371e-03 6.590130e-05
-5.237352e-03 6.588805e-05
-5.204863e-03 6.506850e-05
-5.171529e-03 6.528252e-05
-5.137805e-03 6.522670e-05
-5.104324e-03 6.506067e-05
-5.071707e-03 6.564496e-05
-5.039596e-03 6.555287e-05
-5.007482e-03 6.568805e-05
-4.975031e-03 6.593838e-05
-4.941734e-03 6.523184e-05
-4.908022e-03 6.536867e-05
-4.874339e-03 6.579216e-05
-4.840817e-03 6.570664e-05
-4.807789e-03 6.629639e-05
-4.775125e-03 6.629004e-05
-4.742470e-03 6.628878e-05
-4.709424e-03 6.652384e-05
-4.675785e-03 6.618831e-05
-4.641772e-03 6.629275e-05
-4.607776e-03 6.661122e-05
-4.574094e-03 6.653697e-05
-4.541084e-03 6.745595e-05
-4.508331e-03 6.763228e-05
-4.475480e-03 6.754721e-05
-4.442161e-03 6.779736e-05
-4.407973e-03 6.745546e-05
-4.373483e-03 6.751294e-05
-4.339313e-03 6.820342e-05
-4.305916e-03 6.813766e-05
-4.272780e-03 6.839209e-05
-4.239512e-03 6.841388e-05
-4.206073e-03 6.819062e-05
-4.172037e-03 6.846965e-05
-4.137458e-03 6.833864e-05
-4.102573e-03 6.847532e-05
-4.067590e-03 6.869184e-05
-4.033032e-03 6.851384e-05
-3.999088e-03 6.904378e-05
-3.965231e-03 6.918258e-05
-3.930989e-03 6.892709e-05
-3.896054e-03 6.925123e-05
-3.860610e-03 6.888554e-05
-3.825079e-03 6.880365e-05
-3.789856e-03 6.950476e-05
-3.754944e-03 6.957188e-05
-3.720288e-03 7.018267e-05
-3.685914e-03 7.038696e-05
-3.651042e-03 7.012822e-05
-3.615420e-03 7.033240e-05
-3.579309e-03 7.008386e-05
-3.543296e-03 6.993590e-05
-3.507882e-03 7.052503e-05
-3.472936e-03 7.045518e-05
-3.438323e-03 7.081767e-05
-3.403657e-03 7.098008e-05
-3.368373e-03 7.039896e-05
-3.332167e-03 7.074398e-05
-3.295879e-03 7.156753e-05
-3.259302e-03 7.203690e-05
-3.223250e-03 7.376826e-05
-3.187754e-03 7.405748e-05
-3.151684e-03 7.434515e-05
-3.115494e-03 7.452046e-05
-3.078477e-03 7.363640e-05
-3.041197e-03 7.363457e-05
-3.004116e-03 7.395842e-05
-2.967019e-03 7.392467e-05
-2.930391e-03 7.461427e-05
-2.894082e-03 7.467012e-05
-2.857524e-03 7.440957e-05
-2.820041e-03 7.487144e-05
-2.782109e-03 7.540496e-05
-2.743320e-03 7.611144e-05
-2.704419e-03 7.788934e-05
-2.665162e-03 7.874127e-05
-2.625696e-03 8.076120e-05
-2.584641e-03 8.244159e-05
-2.542902e-03 8.545217e-05
-2.481844e-03 9.807223e-05
-2.419152e-03 1.308595e-04
-2.380260e-03 1.284700e-04
-2.326387e-03 9.703591e-05
-2.274218e-03 8.485013e-05
-2.233705e-03 7.028453e-05
-2.193468e-03 6.469175e-05
-2.161370e-03 6.273438e-05
-2.129556e-03 6.186073e-05
-2.098448e-03 6.061064e-05
-2.067858e-03 5.985082e-05
-2.038001e-03 5.896344e-05
-2.008652e-03 5.833969e-05
-1.979795e-03 5.742683e-05
-1.951063e-03 5.702429e-05
-1.922535e-03 5.624707e-05
-1.894059e-03 5.593724e-05
-1.866054e-03 5.552837e-05
-1.838292e-03 5.523639e-05
-1.810706e-03 5.505573e-05
-1.782501e-03 5.536032e-05
-1.754469e-03 5.648991e-05
-1.727581e-03 5.633374e-05
-1.700658e-03 5.584380e-05
-1.673609e-03 5.561881e-05
-1.645852e-03 5.380677e-05
-1.618368e-03 5.299125e-05
-1.592114e-03 5.277831e-05
-1.565958e-03 5.264314e-05
-1.539841e-03 5.233309e-05
-1.513651e-03 5.226574e-05
-1.487436e-03 5.203636e-05
-1.461292e-03 5.191156e-05
-1.435315e-03 5.184353e-05
-1.409539e-03 5.169800e-05
-1.384080e-03 5.151110e-05
-1.358685e-03 5.140671e-05
-1.333106e-03 5.112238e-05
-1.307445e-03 5.106882e-05
-1.281780e-03 5.091320e-05
-1.256396e-03 5.079908e-05
-1.231121e-03 5.066198e-05
-1.205809e-03 5.052387e-05
-1.180626e-03 5.035431e-05
-1.155518e-03 5.024783e-05
-1.130402e-03 4.993716e-05
-1.105227e-03 4.986095e-05
-1.080091e-03 4.971393e-05
-1.055089e-03 4.958096e-05
-1.030224e-03 4.944110e-05
-1.005456e-03 4.933280e-05
-9.809872e-04 4.923446e-05
-9.564906e-04 4.921616e-05
-9.317508e-04 4.905866e-05
-9.069708e-04 4.902586e-05
-8.822482e-04 4.902983e-05
-8.578388e-04 4.895016e-05
-8.335581e-04 4.894274e-05
-8.091329e-04 4.892012e-05
-7.846675e-04 4.878973e-05
-7.601266e-04 4.878822e-05
-7.356202e-04 4.884172e-05
-7.111431e-04 4.884331e-05
-6.866599e-04 4.883742e-05
-6.620552e-04 4.890833e-05
-6.374986e-04 4.918636e-05
-6.110146e-04 5.044423e-05
-5.845266e-04 5.393835e-05
-5.606140e-04 5.364653e-05
-5.344026e-04 4.870564e-05
-5.082327e-04 4.690569e-05
-4.847705e-04 4.670940e-05
-4.613735e-04 4.659962e-05
-4.381183e-04 4.652995e-05
-4.150228e-04 4.651015e-05
-3.919207e-04 4.644412e-05
-3.686363e-04 4.642853e-05
-3.453488e-04 4.638009e-05
-3.221237e-04 4.632522e-05
-2.989548e-04 4.626666e-05
-2.757850e-04 4.624623e-05
-2.526428e-04 4.623549e-05
-2.295222e-04 4.621861e-05
-2.063841e-04 4.614237e-05
-1.832158e-04 4.613313e-05
-1.600620e-04 4.613166e-05
-1.369385e-04 4.611289e-05
-1.140331e-04 4.614512e-05
-9.114481e-05 4.614652e-05
-6.805359e-05 4.609145e-05
-4.497698e-05 4.606806e-05
-2.191524e-05 4.600820e-05
1.004536e-06 4.600866e-05
2.390264e-05 4.603139e-05
4.698845e-05 4.605205e-05
7.007815e-05 4.610303e-05
9.315955e-05 4.611635e-05
1.162214e-04 4.618608e-05
1.393039e-04 4.622354e-05
1.624705e-04 4.618731e-05
1.855840e-04 4.614242e-05
2.086306e-04 4.612936e-05
2.317700e-04 4.618038e-05
2.549576e-04 4.624168e-05
2.781418e-04 4.626169e-05
3.013428e-04 4.628935e-05
3.245365e-04 4.629491e-05
3.475344e-04 4.635621e-05
3.707744e-04 4.652284e-05
3.942464e-04 4.687876e-05
4.192696e-04 4.793378e-05
4.443368e-04 5.078593e-05
4.680721e-04 5.112847e-05
4.933104e-04 4.958018e-05
5.185802e-04 4.893039e-05
5.429526e-04 4.862263e-05
5.673993e-04 4.855678e-05
5.917788e-04 4.848600e-05
6.161740e-04 4.846995e-05
6.405162e-04 4.851377e-05
6.648949e-04 4.855146e-05
6.892629e-04 4.867448e-05
7.135898e-04 4.869409e-05
7.379346e-04 4.871894e-05
7.623918e-04 4.879546e-05
7.868080e-04 4.878148e-05
8.112328e-04 4.878132e-05
8.357193e-04 4.897263e-05
8.601699e-04 4.902019e-05
8.846191e-04 4.915434e-05
9.089510e-04 4.923946e-05
9.334306e-04 4.923113e-05
9.582334e-04 4.931499e-05
9.830594e-04 4.950942e-05
1.007913e-03 4.959555e-05
1.032712e-03 4.992565e-05
1.057415e-03 4.998673e-05
1.082229e-03 4.997240e-05
1.107283e-03 5.011182e-05
1.132461e-03 5.029298e-05
1.157718e-03 5.040561e-05
1.183057e-03 5.058214e-05
1.208398e-03 5.064708e-05
1.233694e-03 5.090365e-05
1.258960e-03 5.097775e-05
1.284140e-03 5.101763e-05
1.309497e-03 5.113787e-05
1.335244e-03 5.113099e-05
1.361075e-03 5.117847e-05
1.386855e-03 5.139398e-05
1.412442e-03 5.146808e-05
1.437983e-03 5.175063e-05
1.463710e-03 5.185145e-05
1.489642e-03 5.178825e-05
1.515766e-03 5.188044e-05
1.541998e-03 5.195669e-05
1.568353e-03 5.205842e-05
1.594668e-03 5.240853e-05
1.621276e-03 5.271014e-05
1.647873e-03 5.356708e-05
1.675067e-03 5.423344e-05
1.702525e-03 5.564735e-05
1.729662e-03 5.596297e-05
1.757812e-03 5.481996e-05
1.785991e-03 5.442670e-05
1.813372e-03 5.499459e-05
1.840790e-03 5.522162e-05
1.868401e-03 5.553268e-05
1.896254e-03 5.591234e-05
1.924457e-03 5.638727e-05
1.953252e-03 5.679236e-05
1.982145e-03 5.775715e-05
2.011337e-03 5.828364e-05
2.040705e-03 5.945297e-05
2.070461e-03 6.010594e-05
2.100608e-03 6.127064e-05
2.131575e-03 6.218208e-05
2.163255e-03 6.352584e-05
2.196126e-03 6.472428e-05
2.229363e-03 6.744824e-05
2.285433e-03 8.214562e-05
2.342004e-03 1.222127e-04
2.380958e-03 1.260239e-04
2.423277e-03 1.301598e-04
2.463805e-03 1.306179e-04
2.526246e-03 9.629176e-05
2.587789e-03 8.337414e-05
2.629108e-03 8.105462e-05
2.668950e-03 7.950556e-05
2.707346e-03 7.760090e-05
2.745635e-03 7.667704e-05
2.783531e-03 7.476368e-05
2.821745e-03 7.426754e-05
2.859549e-03 7.357111e-05
2.897276e-03 7.327419e-05
2.934359e-03 7.352445e-05
2.970885e-03 7.327915e-05
3.007230e-03 7.289765e-05
3.043860e-03 7.293194e-05
3.080628e-03 7.279670e-05
3.117725e-03 7.294580e-05
3.154776e-03 7.299693e-05
3.191357e-03 7.273287e-05
3.227974e-03 7.238154e-05
3.263934e-03 7.186186e-05
3.299413e-03 7.121678e-05
3.334937e-03 7.101113e-05
3.370366e-03 7.059888e-05
3.405909e-03 7.067268e-05
3.441492e-03 7.081115e-05
3.477111e-03 7.072933e-05
3.512277e-03 7.126018e-05
3.547196e-03 7.130272e-05
3.582096e-03 7.145355e-05
3.617273e-03 7.167433e-05
3.652947e-03 7.145778e-05
3.688673e-03 7.141130e-05
3.724515e-03 7.108879e-05
3.759997e-03 7.075720e-05
3.794831e-03 7.091898e-05
3.829282e-03 7.074665e-05
3.863499e-03 7.022991e-05
3.898034e-03 7.023613e-05
3.933247e-03 6.955225e-05
3.968600e-03 6.938964e-05
4.003569e-03 6.957573e-05
4.037695e-03 6.928852e-05
4.071611e-03 6.883962e-05
4.105482e-03 6.849941e-05
4.139343e-03 6.756958e-05
4.173546e-03 6.744091e-05
4.207908e-03 6.681612e-05
4.242534e-03 6.675034e-05
4.276972e-03 6.688179e-05
4.310919e-03 6.663345e-05
4.344205e-03 6.704549e-05
4.377198e-03 6.701733e-05
4.410222e-03 6.688778e-05
4.443811e-03 6.718100e-05
4.477814e-03 6.690253e-05
4.511990e-03 6.690512e-05
4.546154e-03 6.733824e-05
4.579638e-03 6.708833e-05
4.612501e-03 6.742339e-05
4.645144e-03 6.741225e-05
4.677937e-03 6.713018e-05
4.711045e-03 6.736184e-05
4.744798e-03 6.693133e-05
4.778905e-03 6.684285e-05
4.812533e-03 6.739877e-05
4.845416e-03 6.715066e-05
4.877685e-03 6.748497e-05
4.910005e-03 6.763529e-05
4.943200e-03 6.659002e-05
4.976982e-03 6.656709e-05
5.010923e-03 6.623678e-05
5.044577e-03 6.594486e-05
5.077487e-03 6.637417e-05
5.109888e-03 6.622272e-05
5.141846e-03 6.614054e-05
5.173961e-03 6.620681e-05
5.206998e-03 6.525692e-05
5.240615e-03 6.526046e-05
5.274152e-03 6.540170e-05
5.306936e-03 6.514381e-05
5.339140e-03 6.539235e-05
5.371102e-03 6.519457e-05
5.403131e-03 6.453249e-05
5.435861e-03 6.471520e-05
5.469185e-03 6.422838e-05
5.502794e-03 6.422452e-05
5.536118e-03 6.469091e-05
5.568721e-03 6.442517e-05
5.600696e-03 6.473377e-05
5.632451e-03 6.471183e-05
5.664667e-03 6.388016e-05
5.697800e-03 6.413289e-05
5.731024e-03 6.429692e-05
5.764058e-03 6.423923e-05
5.796838e-03 6.488889e-05
5.828962e-03 6.473102e-05
5.860751e-03 6.484680e-05
5.892850e-03 6.507339e-05
5.925388e-03 6.497512e-05
5.958304e-03 6.530836e-05
5.991729e-03 6.538356e-05
6.025184e-03 6.528706e-05
6.057942e-03 6.618445e-05
6.089861e-03 6.600279e-05
6.121360e-03 6.619933e-05
6.153340e-03 6.655855e-05
6.186207e-03 6.607299e-05
