-2.841677e-03 6.212070e-05
-2.810346e-03 6.226748e-05
-2.779127e-03 6.228706e-05
-2.748068e-03 6.251300e-05
-2.717020e-03 6.255308e-05
-2.685888e-03 6.261776e-05
-2.654675e-03 6.272356e-05
-2.623251e-03 6.257028e-05
-2.591657e-03 6.261732e-05
-2.560143e-03 6.288378e-05
-2.528642e-03 6.293853e-05
-2.497186e-03 6.326316e-05
-2.465765e-03 6.339431e-05
-2.434199e-03 6.342350e-05
-2.402485e-03 6.352340e-05
-2.370561e-03 6.345180e-05
-2.338603e-03 6.341174e-05
-2.306732e-03 6.354108e-05
-2.275075e-03 6.349402e-05
-2.243522e-03 6.344132e-05
-2.211672e-03 6.356609e-05
-2.179767e-03 6.382071e-05
-2.147848e-03 6.395521e-05
-2.115709e-03 6.405944e-05
-2.083787e-03 6.396724e-05
-2.051958e-03 6.377007e-05
-2.020279e-03 6.357432e-05
-1.988604e-03 6.313210e-05
-1.957026e-03 6.294925e-05
-1.925592e-03 6.258662e-05
-1.894029e-03 6.253299e-05
-1.862560e-03 6.253950e-05
-1.831220e-03 6.243055e-05
-1.800130e-03 6.263864e-05
-1.769583e-03 6.242087e-05
-1.738681e-03 6.112950e-05
-1.707757e-03 6.067814e-05
-1.677480e-03 6.050554e-05
-1.646968e-03 6.055192e-05
-1.616437e-03 6.074153e-05
-1.585908e-03 6.084127e-05
-1.555478e-03 6.118941e-05
-1.525623e-03 6.093675e-05
-1.495551e-03 5.996665e-05
-1.465976e-03 5.935199e-05
-1.436575e-03 5.784286e-05
-1.407327e-03 5.720727e-05
-1.378830e-03 5.669492e-05
-1.350436e-03 5.641778e-05
-1.322299e-03 5.616203e-05
-1.294342e-03 5.599287e-05
-1.266503e-03 5.563507e-05
-1.238625e-03 5.552964e-05
-1.210838e-03 5.538937e-05
-1.183150e-03 5.524912e-05
-1.155538e-03 5.506875e-05
-1.128036e-03 5.496805e-05
-1.100651e-03 5.480090e-05
-1.073341e-03 5.469563e-05
-1.046108e-03 5.452995e-05
-1.018808e-03 5.448000e-05
-9.914534e-04 5.433196e-05
-9.642288e-04 5.423035e-05
-9.371687e-04 5.414006e-05
-9.101006e-04 5.408286e-05
-8.830442e-04 5.402511e-05
-8.561148e-04 5.395745e-05
-8.292101e-04 5.372899e-05
-8.023828e-04 5.360027e-05
-7.756152e-04 5.334242e-05
-7.489562e-04 5.315539e-05
-7.224093e-04 5.290299e-05
-6.960487e-04 5.272912e-05
-6.698027e-04 5.235703e-05
-6.436854e-04 5.214565e-05
-6.177258e-04 5.182144e-05
-5.918439e-04 5.162995e-05
-5.660135e-04 5.126206e-05
-5.403684e-04 5.104637e-05
-5.149610e-04 5.076583e-05
-4.896159e-04 5.059993e-05
-4.643699e-04 5.030493e-05
-4.392634e-04 5.014256e-05
-4.142081e-04 4.985256e-05
-3.892323e-04 4.970028e-05
-3.644502e-04 4.952474e-05
-3.397289e-04 4.939820e-05
-3.150279e-04 4.915525e-05
-2.904421e-04 4.902541e-05
-2.660173e-04 4.885868e-05
-2.416279e-04 4.877738e-05
-2.172831e-04 4.862599e-05
-1.929530e-04 4.853626e-05
-1.686486e-04 4.840355e-05
-1.444371e-04 4.832644e-05
-1.203282e-04 4.821011e-05
-9.621775e-05 4.816919e-05
-7.217680e-05 4.817150e-05
-4.814493e-05 4.814807e-05
-2.406543e-05 4.804850e-05
1.582675e-08 4.804994e-05
2.403284e-05 4.806042e-05
4.810918e-05 4.808362e-05
7.223025e-05 4.812583e-05
9.632763e-05 4.815304e-05
1.203879e-04 4.821773e-05
1.445538e-04 4.827813e-05
1.687310e-04 4.842676e-05
1.929201e-04 4.851370e-05
2.172392e-04 4.861204e-05
2.416379e-04 4.869534e-05
2.660069e-04 4.890264e-05
2.904755e-04 4.901033e-05
3.150648e-04 4.918220e-05
3.397374e-04 4.932086e-05
3.644394e-04 4.958255e-05
3.892551e-04 4.971788e-05
4.141617e-04 4.994167e-05
4.391489e-04 5.009772e-05
4.642721e-04 5.038070e-05
4.894916e-04 5.054060e-05
5.147546e-04 5.083609e-05
5.402104e-04 5.103042e-05
5.658680e-04 5.131100e-05
5.916483e-04 5.151355e-05
6.174748e-04 5.192119e-05
6.434551e-04 5.213180e-05
6.696065e-04 5.243097e-05
6.958325e-04 5.261194e-05
7.222146e-04 5.293441e-05
7.487216e-04 5.312564e-05
7.753301e-04 5.340748e-05
8.020835e-04 5.356671e-05
8.290038e-04 5.381180e-05
8.558682e-04 5.389583e-05
8.827685e-04 5.398823e-05
9.097706e-04 5.405323e-05
9.368756e-04 5.414416e-05
9.640372e-04 5.424044e-05
9.912414e-04 5.435490e-05
1.018484e-03 5.441896e-05
1.045701e-03 5.463843e-05
1.072975e-03 5.472144e-05
1.100377e-03 5.482099e-05
1.127831e-03 5.491823e-05
1.155328e-03 5.503374e-05
1.183003e-03 5.515161e-05
1.210789e-03 5.537675e-05
1.238563e-03 5.548103e-05
1.266314e-03 5.572632e-05
1.294182e-03 5.585407e-05
1.322146e-03 5.604700e-05
1.350254e-03 5.623372e-05
1.378529e-03 5.656183e-05
1.407413e-03 5.704614e-05
1.436347e-03 5.822032e-05
1.465789e-03 5.891506e-05
1.495498e-03 6.048932e-05
1.525025e-03 6.097995e-05
1.555356e-03 6.091128e-05
1.585751e-03 6.089158e-05
1.616203e-03 6.074241e-05
1.646566e-03 6.066832e-05
1.676918e-03 6.057135e-05
1.707552e-03 6.070576e-05
1.737995e-03 6.130556e-05
1.768844e-03 6.173114e-05
1.799815e-03 6.280262e-05
1.830517e-03 6.306024e-05
1.862014e-03 6.235376e-05
1.893808e-03 6.224321e-05
1.925139e-03 6.280268e-05
1.956426e-03 6.301164e-05
1.987831e-03 6.329957e-05
2.019437e-03 6.352414e-05
2.051282e-03 6.375075e-05
2.083292e-03 6.389676e-05
2.115421e-03 6.420002e-05
2.147191e-03 6.412837e-05
2.178977e-03 6.380600e-05
2.210851e-03 6.370794e-05
2.242710e-03 6.355630e-05
2.274622e-03 6.356866e-05
2.306496e-03 6.357265e-05
2.338357e-03 6.356683e-05
2.370119e-03 6.371573e-05
2.401746e-03 6.365375e-05
2.433403e-03 6.352900e-05
2.465018e-03 6.349393e-05
2.496704e-03 6.318249e-05
2.528376e-03 6.302722e-05
2.559999e-03 6.277184e-05
2.591610e-03 6.270722e-05
2.622953e-03 6.288090e-05
2.654114e-03 6.279998e-05
2.685296e-03 6.253903e-05
2.716506e-03 6.249605e-05
2.747831e-03 6.228068e-05
2.779236e-03 6.225142e-05
2.810449e-03 6.239633e-05
