-1.500000e-02 5.948108e-05
-1.485000e-02 5.834220e-05
-1.470000e-02 5.800064e-05
-1.455000e-02 5.819045e-05
-1.440000e-02 5.819046e-05
-1.425000e-02 5.610249e-05
-1.410000e-02 5.473626e-05
-1.395000e-02 5.359737e-05
-1.380000e-02 5.400724e-05
-1.365000e-02 5.552576e-05
-1.350000e-02 5.586732e-05
-1.335000e-02 5.510806e-05
-1.320000e-02 5.387846e-05
-1.305000e-02 5.065160e-05
-1.290000e-02 5.104235e-05
-1.275000e-02 5.174987e-05
-1.260000e-02 5.086269e-05
-1.245000e-02 4.934662e-05
-1.230000e-02 4.880066e-05
-1.215000e-02 4.823213e-05
-1.200000e-02 4.966528e-05
-1.185000e-02 5.061282e-05
-1.170000e-02 5.040809e-05
-1.155000e-02 5.325072e-05
-1.140000e-02 5.379668e-05
-1.125000e-02 5.436521e-05
-1.110000e-02 5.511591e-05
-1.095000e-02 5.663198e-05
-1.080000e-02 5.663198e-05
-1.065000e-02 5.625296e-05
-1.050000e-02 5.604822e-05
-1.035000e-02 5.945938e-05
-1.020000e-02 6.068779e-05
-1.005000e-02 5.613958e-05
-9.900000e-03 5.511590e-05
-9.750000e-03 5.814804e-05
-9.600000e-03 5.910348e-05
-9.450000e-03 6.068232e-05
-9.300000e-03 5.995199e-05
-9.150000e-03 5.653531e-05
-9.000000e-03 5.701349e-05
-8.850000e-03 5.682368e-05
-8.700000e-03 5.593563e-05
-8.550000e-03 5.631526e-05
-8.400000e-03 5.549552e-05
-8.250000e-03 5.169922e-05
-8.100000e-03 5.224571e-05
-7.950000e-03 5.490312e-05
-7.800000e-03 5.558624e-05
-7.650000e-03 5.691494e-05
-7.500000e-03 5.677832e-05
-7.350000e-03 5.772739e-05
-7.200000e-03 5.804839e-05
-7.050000e-03 5.779948e-05
-6.900000e-03 5.779948e-05
-6.750000e-03 5.571489e-05
-6.600000e-03 5.414525e-05
-6.450000e-03 5.243966e-05
-6.300000e-03 5.278089e-05
-6.150000e-03 5.315991e-05
-6.000000e-03 5.275043e-05
-5.850000e-03 5.028682e-05
-5.700000e-03 4.980911e-05
-5.550000e-03 5.075665e-05
-5.400000e-03 5.130261e-05
-5.250000e-03 5.300819e-05
-5.100000e-03 5.293995e-05
-4.950000e-03 5.293994e-05
-4.800000e-03 5.355415e-05
-4.650000e-03 5.317513e-05
-4.500000e-03 5.337987e-05
-4.350000e-03 5.224282e-05
-4.200000e-03 5.121914e-05
-4.050000e-03 5.254570e-05
-3.900000e-03 5.384236e-05
-3.750000e-03 5.460040e-05
-3.600000e-03 5.521460e-05
-3.450000e-03 5.963515e-05
-3.300000e-03 5.951916e-05
-3.150000e-03 5.781083e-05
-3.000000e-03 5.849394e-05
-2.850000e-03 5.640597e-05
-2.700000e-03 5.524468e-05
-2.550000e-03 5.752246e-05
-2.400000e-03 5.772739e-05
-2.250000e-03 5.601906e-05
-2.100000e-03 5.615568e-05
-1.950000e-03 5.672513e-05
-1.800000e-03 5.658851e-05
-1.650000e-03 5.544961e-05
-1.500000e-03 5.551792e-05
-1.350000e-03 5.912441e-05
-1.200000e-03 5.951358e-05
-1.050000e-03 5.585137e-05
-9.000000e-04 5.544190e-05
-7.500000e-04 5.771601e-05
-6.000000e-04 5.846671e-05
-4.500000e-04 5.941425e-05
-3.000000e-04 5.880907e-05
-1.500000e-04 5.519938e-05
1.047700e-09 5.418401e-05
1.500000e-04 5.285725e-05
3.000000e-04 5.285725e-05
4.500000e-04 5.172002e-05
6.000000e-04 5.131049e-05
7.500000e-04 5.244771e-05
9.000000e-04 5.313027e-05
1.050000e-03 5.451215e-05
1.200000e-03 5.460021e-05
1.350000e-03 5.251200e-05
1.500000e-03 5.196546e-05
1.650000e-03 5.215536e-05
1.800000e-03 5.213613e-05
1.950000e-03 5.284223e-05
2.100000e-03 5.304700e-05
2.250000e-03 5.285746e-05
2.400000e-03 5.237967e-05
2.550000e-03 4.972612e-05
2.700000e-03 4.979438e-05
2.850000e-03 5.320608e-05
3.000000e-03 5.382038e-05
3.150000e-03 5.382038e-05
3.300000e-03 5.402515e-05
3.450000e-03 5.345653e-05
3.600000e-03 5.325176e-05
3.750000e-03 5.463395e-05
3.900000e-03 5.499521e-05
4.050000e-03 5.423583e-05
4.200000e-03 5.389422e-05
4.350000e-03 5.351453e-05
4.500000e-03 5.308535e-05
4.650000e-03 4.980961e-05
4.800000e-03 4.946833e-05
4.950000e-03 5.117418e-05
5.100000e-03 5.090115e-05
5.250000e-03 5.014300e-05
5.400000e-03 5.123509e-05
5.550000e-03 5.483633e-05
5.700000e-03 5.572366e-05
5.850000e-03 5.837720e-05
6.000000e-03 5.851371e-05
6.150000e-03 5.832417e-05
6.300000e-03 5.859720e-05
6.450000e-03 5.865690e-05
6.600000e-03 5.867787e-05
6.750000e-03 5.753880e-05
6.900000e-03 5.747048e-05
7.050000e-03 5.860955e-05
7.200000e-03 5.886167e-05
7.350000e-03 6.050781e-05
7.500000e-03 6.023479e-05
7.650000e-03 5.777079e-05
7.800000e-03 5.811207e-05
7.950000e-03 5.773299e-05
8.100000e-03 5.718694e-05
8.250000e-03 5.832417e-05
8.400000e-03 5.825592e-05
8.550000e-03 5.598145e-05
8.700000e-03 5.536715e-05
8.850000e-03 5.347176e-05
9.000000e-03 5.306222e-05
9.150000e-03 5.425427e-05
9.300000e-03 5.447887e-05
9.450000e-03 5.466872e-05
9.600000e-03 5.608226e-05
9.750000e-03 5.470037e-05
9.900000e-03 5.244792e-05
1.005000e-02 5.093161e-05
1.020000e-02 5.099987e-05
1.035000e-02 5.270571e-05
1.050000e-02 5.284222e-05
1.065000e-02 4.999915e-05
1.080000e-02 4.979438e-05
1.095000e-02 5.017345e-05
1.110000e-02 5.044648e-05
1.125000e-02 5.423725e-05
1.140000e-02 5.478330e-05
1.155000e-02 5.294027e-05
1.170000e-02 5.275515e-05
1.185000e-02 5.389421e-05
1.200000e-02 5.478240e-05
1.215000e-02 5.781992e-05
1.230000e-02 5.800419e-05
1.245000e-02 5.586017e-05
1.260000e-02 5.524586e-05
1.275000e-02 5.562495e-05
1.290000e-02 5.589797e-05
1.305000e-02 5.760382e-05
1.320000e-02 5.821812e-05
1.335000e-02 5.727042e-05
1.350000e-02 5.713391e-05
1.365000e-02 5.978745e-05
1.380000e-02 6.047001e-05
1.395000e-02 6.103863e-05
1.410000e-02 6.103863e-05
1.425000e-02 5.920295e-05
1.440000e-02 5.963438e-05
1.455000e-02 6.020391e-05
1.470000e-02 5.897411e-05
1.485000e-02 5.593659e-05
