-9.670814e-03 1.008323e-04
-9.652366e-03 9.711651e-05
-9.615925e-03 1.065927e-04
-9.548502e-03 8.204595e-05
-9.452417e-03 9.059141e-05
-9.338817e-03 8.485647e-05
-9.250818e-03 6.726792e-05
-9.212798e-03 1.018799e-04
-9.195580e-03 1.018182e-04
-9.172110e-03 9.119156e-05
-9.131817e-03 9.747976e-05
-9.074282e-03 8.615026e-05
-9.008725e-03 8.689812e-05
-8.943298e-03 8.919439e-05
-8.890972e-03 8.214857e-05
-8.863312e-03 1.037837e-04
-8.849211e-03 1.034123e-04
-8.832774e-03 9.781683e-05
-8.793712e-03 1.093906e-04
-8.723486e-03 9.036058e-05
-8.642704e-03 8.980258e-05
-8.584193e-03 1.251362e-04
-8.554174e-03 1.210785e-04
-8.533727e-03 1.259373e-04
-8.513813e-03 1.270714e-04
-8.471582e-03 9.291330e-05
-8.403328e-03 9.627377e-05
-8.329382e-03 9.610864e-05
-8.264384e-03 9.067313e-05
-8.214412e-03 1.006681e-04
-8.172763e-03 9.925968e-05
-8.136000e-03 1.035119e-04
-8.093778e-03 1.083196e-04
-8.039880e-03 1.021771e-04
-7.977598e-03 1.050061e-04
-7.907634e-03 9.948073e-05
-7.845234e-03 9.293968e-05
-7.800636e-03 1.049644e-04
-7.769073e-03 1.015153e-04
-7.738550e-03 9.367393e-05
-7.689721e-03 1.020159e-04
-7.622234e-03 9.410146e-05
-7.555506e-03 9.058850e-05
-7.495950e-03 9.280389e-05
-7.446456e-03 8.755508e-05
-7.409032e-03 9.312767e-05
-7.377124e-03 9.181554e-05
-7.346589e-03 9.045615e-05
-7.297878e-03 1.008863e-04
-7.226000e-03 9.117890e-05
-7.154381e-03 8.753486e-05
-7.095810e-03 9.920874e-05
-7.053317e-03 9.374432e-05
-7.024433e-03 1.006256e-04
-6.995786e-03 1.029940e-04
-6.947869e-03 7.816582e-05
-6.877932e-03 8.236229e-05
-6.805996e-03 9.068640e-05
-6.742593e-03 8.880531e-05
-6.691710e-03 1.043809e-04
-6.659804e-03 9.839526e-05
-6.636631e-03 9.633848e-05
-6.598755e-03 1.044324e-04
-6.545683e-03 1.015512e-04
-6.483281e-03 1.061218e-04
-6.411298e-03 1.028246e-04
-6.350951e-03 9.464940e-05
-6.309952e-03 1.042459e-04
-6.272784e-03 1.053920e-04
-6.234407e-03 1.065600e-04
-6.194494e-03 1.079025e-04
-6.141793e-03 8.975367e-05
-6.072977e-03 9.285742e-05
-6.003877e-03 1.016002e-04
-5.950056e-03 9.562847e-05
-5.913424e-03 1.075389e-04
-5.886376e-03 1.063061e-04
-5.853076e-03 9.256008e-05
-5.804234e-03 9.670481e-05
-5.745211e-03 9.121835e-05
-5.680180e-03 9.285719e-05
-5.617552e-03 1.014384e-04
-5.569749e-03 9.561572e-05
-5.535559e-03 1.021720e-04
-5.507158e-03 1.010501e-04
-5.474165e-03 9.024989e-05
-5.422548e-03 9.755794e-05
-5.358944e-03 9.785451e-05
-5.293449e-03 9.909656e-05
-5.226095e-03 9.888353e-05
-5.174820e-03 8.916625e-05
-5.144457e-03 9.751288e-05
-5.108998e-03 1.035671e-04
-5.063635e-03 1.039537e-04
-5.018319e-03 1.042840e-04
-4.963401e-03 8.918762e-05
-4.894328e-03 9.203482e-05
-4.827928e-03 1.044265e-04
-4.780541e-03 9.745624e-05
-4.749407e-03 1.052324e-04
-4.716878e-03 1.088646e-04
-4.671320e-03 9.718860e-05
-4.613240e-03 1.005157e-04
-4.548013e-03 9.782428e-05
-4.486884e-03 9.439510e-05
-4.436885e-03 1.034601e-04
-4.398750e-03 9.958982e-05
-4.365878e-03 9.699953e-05
-4.326805e-03 9.980595e-05
-4.276322e-03 8.922601e-05
-4.210336e-03 9.466983e-05
-4.140088e-03 1.027067e-04
-4.082199e-03 9.844020e-05
-4.037146e-03 1.079513e-04
-3.999463e-03 1.067288e-04
-3.960282e-03 1.008232e-04
-3.910784e-03 1.048990e-04
-3.850924e-03 9.891527e-05
-3.785259e-03 1.002521e-04
-3.723056e-03 1.097603e-04
-3.673072e-03 1.058362e-04
-3.631885e-03 1.096256e-04
-3.592024e-03 1.101909e-04
-3.546318e-03 1.019913e-04
-3.488956e-03 1.060476e-04
-3.424312e-03 1.045536e-04
-3.363434e-03 1.017419e-04
-3.309689e-03 1.064340e-04
-3.262578e-03 1.041640e-04
-3.221995e-03 1.086794e-04
-3.179627e-03 1.116049e-04
-3.124845e-03 9.908232e-05
-3.063065e-03 9.853645e-05
-3.002139e-03 9.844251e-05
-2.943481e-03 9.704562e-05
-2.895564e-03 1.111167e-04
-2.855204e-03 1.116330e-04
-2.812822e-03 1.096910e-04
-2.765511e-03 1.119546e-04
-2.708685e-03 1.023457e-04
-2.642225e-03 1.046811e-04
-2.574591e-03 1.092191e-04
-2.514393e-03 1.063830e-04
-2.463763e-03 1.137763e-04
-2.420517e-03 1.120286e-04
-2.377097e-03 1.075443e-04
-2.327499e-03 1.096177e-04
-2.268323e-03 9.950796e-05
-2.208149e-03 9.667689e-05
-2.155063e-03 1.005616e-04
-2.107161e-03 9.863836e-05
-2.066394e-03 1.052165e-04
-2.027451e-03 1.064840e-04
-1.979079e-03 9.424498e-05
-1.923334e-03 9.427699e-05
-1.867740e-03 9.461927e-05
-1.814176e-03 9.352253e-05
-1.764623e-03 9.717608e-05
-1.720489e-03 9.523355e-05
-1.680499e-03 9.615541e-05
-1.637182e-03 9.848909e-05
-1.588047e-03 9.587363e-05
-1.538231e-03 9.533753e-05
-1.486431e-03 9.056761e-05
-1.435759e-03 8.836938e-05
-1.389721e-03 8.994632e-05
-1.345253e-03 8.937887e-05
-1.302534e-03 9.072395e-05
-1.260272e-03 9.093320e-05
-1.217046e-03 8.990449e-05
-1.173132e-03 8.994809e-05
-1.126900e-03 8.619342e-05
-1.079849e-03 8.533605e-05
-1.035850e-03 8.805126e-05
-9.938946e-04 8.779879e-05
-9.525268e-04 8.807830e-05
-9.110894e-04 8.822050e-05
-8.677303e-04 8.489472e-05
-8.214684e-04 8.543405e-05
-7.754168e-04 8.779878e-05
-7.331991e-04 8.636174e-05
-6.925120e-04 8.491216e-05
-6.543300e-04 8.306520e-05
-6.156095e-04 7.702984e-05
-5.756138e-04 7.544149e-05
-5.372302e-04 7.371623e-05
-4.989940e-04 7.300779e-05
-4.618820e-04 7.291575e-05
-4.253820e-04 7.251502e-05
-3.899576e-04 7.319830e-05
-3.547723e-04 7.330017e-05
-3.186782e-04 7.206399e-05
-2.822469e-04 7.182235e-05
-2.458575e-04 7.121974e-05
-2.097177e-04 7.085322e-05
-1.744554e-04 7.087017e-05
-1.393922e-04 7.075724e-05
-1.043025e-04 7.082629e-05
-6.909871e-05 7.092737e-05
-3.360229e-05 7.069282e-05
1.587512e-06 7.058882e-05
3.663068e-05 7.052104e-05
7.196070e-05 7.051506e-05
1.072790e-04 7.051801e-05
1.428953e-04 7.069814e-05
1.787473e-04 7.080558e-05
2.146648e-04 7.088362e-05
2.503372e-04 7.151077e-05
2.856949e-04 7.154699e-05
3.211260e-04 7.152499e-05
3.571998e-04 7.190325e-05
3.937955e-04 7.208339e-05
4.310419e-04 7.253911e-05
4.683772e-04 7.365894e-05
5.075575e-04 7.516983e-05
5.461024e-04 7.994343e-05
5.829690e-04 8.065440e-05
6.209492e-04 8.124752e-05
6.601846e-04 8.221134e-05
7.019318e-04 8.072361e-05
7.454907e-04 8.145125e-05
7.881364e-04 8.499103e-05
8.297605e-04 8.547483e-05
8.708094e-04 8.778317e-05
9.105751e-04 8.784152e-05
9.517156e-04 8.570487e-05
9.947285e-04 8.606219e-05
1.039142e-03 8.471401e-05
1.085556e-03 8.543131e-05
1.130539e-03 8.982153e-05
1.172380e-03 8.951152e-05
1.214019e-03 8.898635e-05
1.256330e-03 8.920123e-05
1.300491e-03 8.618847e-05
1.349231e-03 8.784116e-05
1.399568e-03 9.030797e-05
1.449420e-03 9.090757e-05
1.496699e-03 9.682926e-05
1.539046e-03 9.621902e-05
1.579186e-03 9.823721e-05
1.621233e-03 9.989282e-05
1.669864e-03 9.349002e-05
1.723624e-03 9.427097e-05
1.777311e-03 9.656645e-05
1.828962e-03 9.616818e-05
1.876149e-03 1.025253e-04
1.919456e-03 1.024786e-04
1.963398e-03 1.012873e-04
2.009260e-03 1.020128e-04
2.060028e-03 9.582803e-05
2.117320e-03 9.752549e-05
2.172550e-03 1.056980e-04
2.224545e-03 1.066914e-04
2.276051e-03 1.096005e-04
2.320862e-03 1.066500e-04
2.363418e-03 1.028464e-04
2.412368e-03 1.052938e-04
2.469378e-03 9.873038e-05
2.535237e-03 1.018954e-04
2.598919e-03 1.142766e-04
2.652815e-03 1.126386e-04
2.704147e-03 1.123677e-04
2.751984e-03 1.101706e-04
2.798617e-03 1.060685e-04
2.854229e-03 1.099896e-04
2.917766e-03 1.076524e-04
2.983252e-03 1.079841e-04
3.043680e-03 1.173647e-04
3.087858e-03 1.109718e-04
3.126703e-03 1.020993e-04
3.171552e-03 1.025195e-04
3.218696e-03 9.924881e-05
3.274669e-03 1.033551e-04
3.337000e-03 1.048059e-04
3.397801e-03 1.044153e-04
3.452648e-03 1.131935e-04
3.496966e-03 1.102898e-04
3.539305e-03 1.055583e-04
3.588713e-03 1.078538e-04
3.643277e-03 1.056227e-04
3.699457e-03 1.057923e-04
3.756741e-03 1.044183e-04
3.815414e-03 1.047594e-04
3.872778e-03 1.078983e-04
3.917397e-03 1.013689e-04
3.954454e-03 9.584300e-05
4.002502e-03 1.004614e-04
4.059673e-03 9.806018e-05
4.126151e-03 1.027896e-04
4.193469e-03 1.145470e-04
4.238821e-03 1.055735e-04
4.269974e-03 1.036717e-04
4.305897e-03 1.058805e-04
4.350791e-03 9.770060e-05
4.403587e-03 9.947020e-05
4.459821e-03 9.868367e-05
4.523533e-03 1.031165e-04
4.586784e-03 1.161848e-04
4.635310e-03 1.118240e-04
4.680721e-03 1.048968e-04
4.718958e-03 9.809769e-05
4.752832e-03 8.647006e-05
4.809442e-03 9.595219e-05
4.884878e-03 9.086070e-05
4.952445e-03 8.430368e-05
4.994114e-03 1.093615e-04
5.023540e-03 1.110082e-04
5.066885e-03 9.231293e-05
5.116845e-03 8.956969e-05
5.166529e-03 8.192920e-05
5.230609e-03 8.777255e-05
5.301336e-03 9.350647e-05
5.363902e-03 9.069992e-05
5.413042e-03 1.051534e-04
5.441789e-03 9.818439e-05
5.463091e-03 9.119328e-05
5.501486e-03 9.910029e-05
5.557342e-03 9.202248e-05
5.622186e-03 9.466529e-05
5.695926e-03 8.714455e-05
5.755180e-03 7.573856e-05
5.780459e-03 1.008073e-04
5.807062e-03 1.106103e-04
5.858767e-03 9.591762e-05
5.923407e-03 9.841018e-05
5.991423e-03 9.970085e-05
6.018522e-03 7.557979e-05
6.021650e-03 4.853108e-05
6.062781e-03 6.164670e-05
6.102672e-03 9.955250e-05
6.128993e-03 1.050532e-04
6.164340e-03 1.058397e-04
6.198680e-03 1.055221e-04
6.235991e-03 9.972120e-05
6.277477e-03 1.003311e-04
6.355077e-03 4.169046e-05
2.475000e+37 9.900000e+37
7.425000e+37 9.900000e+37
9.900000e+37 9.900000e+37
9.900000e+37 9.900000e+37
9.900000e+37 9.900000e+37
9.900000e+37 9.900000e+37
9.900000e+37 9.900000e+37
7.425000e+37 9.900000e+37
2.475000e+37 9.900000e+37
8.018998e-03 7.179357e-06
7.922209e-03 7.025296e-05
7.909457e-03 1.044513e-04
7.907625e-03 1.233643e-04
7.939392e-03 1.204809e-04
7.971461e-03 1.196209e-04
7.991515e-03 1.371339e-04
7.996769e-03 1.346096e-04
8.013969e-03 1.078260e-04
8.048342e-03 1.086355e-04
8.087917e-03 1.023060e-04
8.124187e-03 9.779433e-05
