-5.392299e-03 1.124110e-04
-5.336287e-03 1.120278e-04
-5.280363e-03 1.119142e-04
-5.224401e-03 1.117486e-04
-5.168321e-03 1.116842e-04
-5.112463e-03 1.116637e-04
-5.056709e-03 1.116694e-04
-5.000976e-03 1.117200e-04
-4.945164e-03 1.117101e-04
-4.889212e-03 1.116621e-04
-4.833362e-03 1.116599e-04
-4.777614e-03 1.116146e-04
-4.721876e-03 1.115929e-04
-4.666027e-03 1.115587e-04
-4.610083e-03 1.115279e-04
-4.554329e-03 1.115510e-04
-4.498682e-03 1.115720e-04
-4.442864e-03 1.115567e-04
-4.386824e-03 1.116079e-04
-4.330933e-03 1.117864e-04
-4.275096e-03 1.118942e-04
-4.219053e-03 1.120623e-04
-4.163103e-03 1.119908e-04
-4.107251e-03 1.117449e-04
-4.051509e-03 1.116672e-04
-3.995806e-03 1.115174e-04
-3.939920e-03 1.114973e-04
-3.883968e-03 1.115411e-04
-3.828208e-03 1.115172e-04
-3.772626e-03 1.115363e-04
-3.717023e-03 1.115559e-04
-3.661237e-03 1.115162e-04
-3.605510e-03 1.113910e-04
-3.549930e-03 1.110796e-04
-3.494455e-03 1.109801e-04
-3.438912e-03 1.107980e-04
-3.383274e-03 1.107138e-04
-3.327886e-03 1.106889e-04
-3.271957e-03 1.110802e-04
-3.215909e-03 1.121797e-04
-3.160599e-03 1.120569e-04
-3.105400e-03 1.116894e-04
-3.050285e-03 1.115828e-04
-2.994653e-03 1.104250e-04
-2.939096e-03 1.099623e-04
-2.884136e-03 1.098786e-04
-2.829027e-03 1.098624e-04
-2.774087e-03 1.098893e-04
-2.719154e-03 1.099690e-04
-2.664064e-03 1.101369e-04
-2.609076e-03 1.100619e-04
-2.554233e-03 1.098889e-04
-2.499570e-03 1.097941e-04
-2.444691e-03 1.093791e-04
-2.389732e-03 1.092035e-04
-2.335144e-03 1.091286e-04
-2.280676e-03 1.091042e-04
-2.226206e-03 1.090349e-04
-2.171822e-03 1.088853e-04
-2.117391e-03 1.085980e-04
-2.063231e-03 1.084058e-04
-2.009231e-03 1.079358e-04
-1.955364e-03 1.076874e-04
-1.901581e-03 1.073408e-04
-1.847760e-03 1.071652e-04
-1.794208e-03 1.069230e-04
-1.740920e-03 1.067507e-04
-1.687604e-03 1.064267e-04
-1.634313e-03 1.062220e-04
-1.581259e-03 1.058461e-04
-1.528471e-03 1.056230e-04
-1.475719e-03 1.052619e-04
-1.422956e-03 1.050667e-04
-1.370452e-03 1.047561e-04
-1.318224e-03 1.045492e-04
-1.266149e-03 1.042279e-04
-1.214077e-03 1.040397e-04
-1.161999e-03 1.037056e-04
-1.110143e-03 1.035230e-04
-1.058542e-03 1.032447e-04
-1.007049e-03 1.030793e-04
-9.555452e-04 1.027950e-04
-9.040226e-04 1.026336e-04
-8.527334e-04 1.023803e-04
-8.016612e-04 1.022287e-04
-7.505854e-04 1.019943e-04
-6.994821e-04 1.018569e-04
-6.486083e-04 1.016655e-04
-5.979103e-04 1.015605e-04
-5.472773e-04 1.013771e-04
-4.964921e-04 1.013333e-04
-4.456726e-04 1.013457e-04
-3.945006e-04 1.016306e-04
-3.434821e-04 1.024851e-04
-2.939822e-04 1.018817e-04
-2.433553e-04 9.851526e-05
-1.925555e-04 9.733943e-05
-1.438227e-04 9.733499e-05
-9.634418e-05 9.665789e-05
-4.882757e-05 9.485315e-05
-8.531750e-09 9.493462e-05
4.823368e-05 9.590227e-05
9.624926e-05 9.619405e-05
1.443831e-04 9.696018e-05
1.941807e-04 9.816862e-05
2.443329e-04 1.007470e-04
2.938556e-04 1.013647e-04
3.435795e-04 1.029396e-04
3.933991e-04 1.034940e-04
4.450225e-04 1.018324e-04
4.966023e-04 1.012781e-04
5.471747e-04 1.014176e-04
5.979376e-04 1.015130e-04
6.488545e-04 1.017131e-04
6.997393e-04 1.018351e-04
7.505856e-04 1.020457e-04
8.016831e-04 1.022027e-04
8.529753e-04 1.025070e-04
9.042388e-04 1.026691e-04
9.555214e-04 1.028938e-04
1.006923e-03 1.030461e-04
1.058538e-03 1.033078e-04
1.110392e-03 1.034752e-04
1.162224e-03 1.037817e-04
1.214077e-03 1.039756e-04
1.266178e-03 1.042996e-04
1.318532e-03 1.044981e-04
1.370888e-03 1.048506e-04
1.423263e-03 1.050605e-04
1.475912e-03 1.053868e-04
1.528806e-03 1.055798e-04
1.581702e-03 1.059119e-04
1.634629e-03 1.061216e-04
1.687801e-03 1.064955e-04
1.741200e-03 1.066938e-04
1.794643e-03 1.069689e-04
1.848054e-03 1.071212e-04
1.901572e-03 1.073656e-04
1.955389e-03 1.075594e-04
2.009425e-03 1.079336e-04
2.063521e-03 1.081771e-04
2.117603e-03 1.086716e-04
2.171798e-03 1.088430e-04
2.226398e-03 1.088478e-04
2.280994e-03 1.089204e-04
2.335456e-03 1.091371e-04
2.390034e-03 1.092100e-04
2.444777e-03 1.093445e-04
2.499615e-03 1.095248e-04
2.554400e-03 1.099072e-04
2.609118e-03 1.100043e-04
2.664185e-03 1.098985e-04
2.719350e-03 1.098447e-04
2.774287e-03 1.098695e-04
2.829135e-03 1.099002e-04
2.884129e-03 1.099496e-04
2.939217e-03 1.099491e-04
2.994188e-03 1.099349e-04
3.049949e-03 1.104785e-04
3.105857e-03 1.119543e-04
3.161164e-03 1.120493e-04
3.216774e-03 1.115956e-04
3.272330e-03 1.114760e-04
3.328084e-03 1.110224e-04
3.383875e-03 1.108047e-04
3.439200e-03 1.107643e-04
3.494652e-03 1.109006e-04
3.550160e-03 1.111846e-04
3.605747e-03 1.112587e-04
3.661532e-03 1.113457e-04
3.717258e-03 1.114178e-04
3.772921e-03 1.115124e-04
3.828650e-03 1.115098e-04
3.884569e-03 1.113955e-04
3.940396e-03 1.113749e-04
3.996019e-03 1.114486e-04
4.051748e-03 1.115391e-04
4.107631e-03 1.117445e-04
4.163661e-03 1.118307e-04
4.219635e-03 1.119528e-04
4.275361e-03 1.119239e-04
4.331310e-03 1.116828e-04
4.387386e-03 1.115959e-04
4.443223e-03 1.115410e-04
4.498950e-03 1.115311e-04
4.554746e-03 1.116005e-04
4.610612e-03 1.115920e-04
4.666364e-03 1.115469e-04
4.722092e-03 1.115918e-04
4.777980e-03 1.116595e-04
4.833968e-03 1.116675e-04
4.889826e-03 1.116939e-04
4.945504e-03 1.116713e-04
5.001305e-03 1.116148e-04
5.057302e-03 1.116363e-04
5.113191e-03 1.116656e-04
5.169010e-03 1.117097e-04
5.224829e-03 1.118310e-04
5.280872e-03 1.119327e-04
5.337055e-03 1.121945e-04
000e-02 5.144710e-03
3.880000e-02 5.195528e-03
3.920000e-02 5.259353e-03
3.960000e-02 5.318338e-03
