-3.917001e-03 7.879316e-05
-3.877667e-03 7.876765e-05
-3.838433e-03 7.875163e-05
-3.799107e-03 7.870056e-05
-3.759712e-03 7.866926e-05
-3.720413e-03 7.859281e-05
-3.681086e-03 7.863544e-05
-3.641712e-03 7.867550e-05
-3.602325e-03 7.864481e-05
-3.562883e-03 7.861881e-05
-3.523540e-03 7.860407e-05
-3.484296e-03 7.857911e-05
-3.445050e-03 7.857109e-05
-3.405732e-03 7.857872e-05
-3.366336e-03 7.857539e-05
-3.327013e-03 7.853883e-05
-3.287778e-03 7.852560e-05
-3.248482e-03 7.853503e-05
-3.209129e-03 7.851968e-05
-3.169866e-03 7.847942e-05
-3.130653e-03 7.848781e-05
-3.091317e-03 7.845234e-05
-3.051911e-03 7.842755e-05
-3.012652e-03 7.845357e-05
-2.973491e-03 7.845720e-05
-2.934327e-03 7.846182e-05
-2.895091e-03 7.845319e-05
-2.855762e-03 7.842298e-05
-2.816501e-03 7.842496e-05
-2.777328e-03 7.842999e-05
-2.738146e-03 7.843740e-05
-2.698871e-03 7.845065e-05
-2.659504e-03 7.845700e-05
-2.620166e-03 7.837433e-05
-2.580949e-03 7.832557e-05
-2.541733e-03 7.834050e-05
-2.502434e-03 7.834224e-05
-2.463240e-03 7.837513e-05
-2.424143e-03 7.838314e-05
-2.384910e-03 7.832985e-05
-2.345586e-03 7.831239e-05
-2.306389e-03 7.832688e-05
-2.267282e-03 7.833164e-05
-2.228185e-03 7.836331e-05
-2.189093e-03 7.837216e-05
-2.149884e-03 7.835166e-05
-2.110571e-03 7.835423e-05
-2.071366e-03 7.839486e-05
-2.032297e-03 7.838126e-05
-1.993120e-03 7.831096e-05
-1.953809e-03 7.831270e-05
-1.914585e-03 7.831441e-05
-1.875475e-03 7.829982e-05
-1.836277e-03 7.826024e-05
-1.797054e-03 7.820747e-05
-1.757955e-03 7.811827e-05
-1.718859e-03 7.813724e-05
-1.679780e-03 7.821863e-05
-1.640666e-03 7.821598e-05
-1.601450e-03 7.818703e-05
-1.562321e-03 7.817759e-05
-1.523254e-03 7.810690e-05
-1.484189e-03 7.808029e-05
-1.445123e-03 7.815240e-05
-1.405967e-03 7.817931e-05
-1.366846e-03 7.816446e-05
-1.327824e-03 7.815237e-05
-1.288734e-03 7.815270e-05
-1.249550e-03 7.815678e-05
-1.210435e-03 7.813695e-05
-1.171388e-03 7.814216e-05
-1.132268e-03 7.818283e-05
-1.093112e-03 7.816574e-05
-1.054056e-03 7.813661e-05
-1.015049e-03 7.815014e-05
-9.760115e-04 7.813819e-05
-9.369037e-04 7.812312e-05
-8.977665e-04 7.817995e-05
-8.587446e-04 7.818444e-05
-8.197662e-04 7.812173e-05
-7.807243e-04 7.813723e-05
-7.415912e-04 7.817598e-05
-7.024410e-04 7.814695e-05
-6.633992e-04 7.809918e-05
-6.244114e-04 7.810273e-05
-5.853249e-04 7.809560e-05
-5.461626e-04 7.808540e-05
-5.071094e-04 7.809149e-05
-4.681165e-04 7.811069e-05
-4.291068e-04 7.813606e-05
-3.900584e-04 7.811535e-05
-3.509388e-04 7.808704e-05
-3.118964e-04 7.808371e-05
-2.729369e-04 7.806504e-05
-2.339709e-04 7.806217e-05
-1.949264e-04 7.807074e-05
-1.558160e-04 7.806015e-05
-1.167623e-04 7.797755e-05
-7.778546e-05 7.796352e-05
-3.876974e-05 7.797380e-05
3.118708e-07 7.797594e-05
3.929711e-05 7.796191e-05
7.824531e-05 7.799966e-05
1.172950e-04 7.805834e-05
1.564109e-04 7.806605e-05
1.954419e-04 7.808142e-05
2.343860e-04 7.808796e-05
2.734325e-04 7.808299e-05
3.125620e-04 7.807789e-05
3.515881e-04 7.808872e-05
3.905337e-04 7.809752e-05
4.295031e-04 7.808242e-05
4.685637e-04 7.807857e-05
5.077102e-04 7.807228e-05
5.467503e-04 7.805927e-05
5.856910e-04 7.804123e-05
6.247740e-04 7.806699e-05
6.639438e-04 7.814146e-05
7.029976e-04 7.815183e-05
7.419783e-04 7.815477e-05
7.809388e-04 7.814366e-05
8.199912e-04 7.810717e-05
8.591487e-04 7.810399e-05
8.982101e-04 7.810797e-05
9.372020e-04 7.812082e-05
9.763053e-04 7.811811e-05
1.015472e-03 7.810201e-05
1.054507e-03 7.813010e-05
1.093475e-03 7.815391e-05
1.132583e-03 7.813697e-05
1.171767e-03 7.812405e-05
1.210831e-03 7.814162e-05
1.249798e-03 7.814343e-05
1.288853e-03 7.815048e-05
1.327998e-03 7.815372e-05
1.367073e-03 7.813158e-05
1.406070e-03 7.813000e-05
1.445090e-03 7.808804e-05
1.484224e-03 7.808869e-05
1.523386e-03 7.819210e-05
1.562416e-03 7.820340e-05
1.601403e-03 7.815914e-05
1.640501e-03 7.815630e-05
1.679674e-03 7.816909e-05
1.718766e-03 7.817776e-05
1.757775e-03 7.819181e-05
1.796885e-03 7.820428e-05
1.836104e-03 7.820511e-05
1.875201e-03 7.818516e-05
1.914164e-03 7.820446e-05
1.953148e-03 7.822412e-05
1.992272e-03 7.819470e-05
2.031527e-03 7.821013e-05
2.070684e-03 7.826849e-05
2.109745e-03 7.828482e-05
2.148911e-03 7.830325e-05
2.188153e-03 7.830234e-05
2.227316e-03 7.828391e-05
2.266395e-03 7.828073e-05
2.305533e-03 7.832336e-05
2.344766e-03 7.834250e-05
2.383951e-03 7.832630e-05
2.423015e-03 7.830060e-05
2.462130e-03 7.829176e-05
2.501368e-03 7.830899e-05
2.540533e-03 7.832894e-05
2.579599e-03 7.832947e-05
2.618673e-03 7.831710e-05
2.657938e-03 7.837347e-05
2.697360e-03 7.841542e-05
2.736589e-03 7.836797e-05
2.775661e-03 7.834888e-05
2.814854e-03 7.836109e-05
2.854169e-03 7.833928e-05
2.893407e-03 7.833848e-05
2.932502e-03 7.842742e-05
2.971560e-03 7.843755e-05
3.010756e-03 7.838480e-05
3.050074e-03 7.838617e-05
3.089285e-03 7.841983e-05
3.128397e-03 7.842512e-05
3.167605e-03 7.842722e-05
3.206922e-03 7.844083e-05
3.246171e-03 7.844586e-05
3.285327e-03 7.844480e-05
3.324561e-03 7.845829e-05
3.363900e-03 7.847296e-05
3.403160e-03 7.849828e-05
3.442330e-03 7.850712e-05
3.481588e-03 7.853461e-05
3.520945e-03 7.855102e-05
3.560231e-03 7.856863e-05
3.599423e-03 7.857294e-05
3.638699e-03 7.859488e-05
3.678065e-03 7.860304e-05
3.717382e-03 7.855761e-05
3.756654e-03 7.856781e-05
3.795886e-03 7.866305e-05
3.835163e-03 7.867031e-05
3.874568e-03 7.862480e-05
