-5.228666e-03 1.102472e-04
-5.173527e-03 1.103528e-04
-5.118532e-03 1.103800e-04
-5.063257e-03 1.101980e-04
-5.007830e-03 1.101484e-04
-4.952667e-03 1.102415e-04
-4.897550e-03 1.103220e-04
-4.842401e-03 1.104906e-04
-4.787068e-03 1.105859e-04
-4.731549e-03 1.107491e-04
-4.675781e-03 1.110330e-04
-4.620101e-03 1.117585e-04
-4.564873e-03 1.117483e-04
-4.509015e-03 1.108788e-04
-4.452950e-03 1.106143e-04
-4.397542e-03 1.107659e-04
-4.342171e-03 1.108735e-04
-4.286620e-03 1.110830e-04
-4.231010e-03 1.111186e-04
-4.175429e-03 1.110558e-04
-4.120165e-03 1.109182e-04
-4.064760e-03 1.105094e-04
-4.009376e-03 1.102741e-04
-3.954276e-03 1.098849e-04
-3.899130e-03 1.098467e-04
-3.844158e-03 1.100291e-04
-3.789410e-03 1.098858e-04
-3.734462e-03 1.093606e-04
-3.679710e-03 1.091278e-04
-3.625288e-03 1.088239e-04
-3.570836e-03 1.087323e-04
-3.516423e-03 1.087500e-04
-3.461736e-03 1.088471e-04
-3.407210e-03 1.091795e-04
-3.352418e-03 1.095333e-04
-3.297338e-03 1.102450e-04
-3.242659e-03 1.101857e-04
-3.187523e-03 1.090523e-04
-3.132751e-03 1.085008e-04
-3.078699e-03 1.083745e-04
-3.023939e-03 1.086804e-04
-2.969168e-03 1.093067e-04
-2.915309e-03 1.090589e-04
-2.861602e-03 1.086246e-04
-2.807695e-03 1.085873e-04
-2.753326e-03 1.079155e-04
-2.699034e-03 1.075535e-04
-2.645274e-03 1.072311e-04
-2.591839e-03 1.069933e-04
-2.538514e-03 1.067184e-04
-2.485190e-03 1.065460e-04
-2.431949e-03 1.060031e-04
-2.378832e-03 1.058052e-04
-2.325880e-03 1.057300e-04
-2.272994e-03 1.055914e-04
-2.220229e-03 1.052089e-04
-2.167429e-03 1.051637e-04
-2.114773e-03 1.052770e-04
-2.062055e-03 1.052836e-04
-2.009254e-03 1.053645e-04
-1.956396e-03 1.054999e-04
-1.903616e-03 1.058059e-04
-1.850895e-03 1.058807e-04
-1.797930e-03 1.058816e-04
-1.745133e-03 1.057088e-04
-1.692370e-03 1.050854e-04
-1.640231e-03 1.045581e-04
-1.588197e-03 1.034642e-04
-1.536392e-03 1.028621e-04
-1.485101e-03 1.018536e-04
-1.434078e-03 1.014003e-04
-1.383420e-03 1.009434e-04
-1.332971e-03 1.005851e-04
-1.282859e-03 9.996256e-05
-1.233042e-03 9.963031e-05
-1.183411e-03 9.902040e-05
-1.133861e-03 9.868562e-05
-1.084500e-03 9.825880e-05
-1.035404e-03 9.801314e-05
-9.865606e-04 9.756577e-05
-9.368432e-04 9.792887e-05
-8.872091e-04 9.926306e-05
-8.391532e-04 9.872919e-05
-7.901601e-04 9.549981e-05
-7.413719e-04 9.428066e-05
-6.942648e-04 9.387415e-05
-6.471851e-04 9.364736e-05
-6.004141e-04 9.335501e-05
-5.538175e-04 9.320874e-05
-5.073377e-04 9.299732e-05
-4.608104e-04 9.288645e-05
-4.142851e-04 9.275746e-05
-3.670771e-04 9.318387e-05
-3.174763e-04 9.020790e-05
-2.687532e-04 8.860856e-05
-2.232180e-04 8.964820e-05
-1.783625e-04 8.955401e-05
-1.334669e-04 8.905675e-05
-8.872995e-05 8.885337e-05
-4.419278e-05 8.875134e-05
4.008310e-07 8.870171e-05
4.478419e-05 8.870882e-05
8.937604e-05 8.891049e-05
1.340433e-04 8.948585e-05
1.779966e-04 8.920370e-05
2.217362e-04 8.860761e-05
2.654220e-04 8.842152e-05
3.092326e-04 8.786313e-05
3.534266e-04 8.783218e-05
3.970510e-04 8.852899e-05
4.403048e-04 8.861747e-05
4.839552e-04 8.820256e-05
5.292756e-04 8.899390e-05
5.733565e-04 9.342366e-05
6.129253e-04 9.237360e-05
6.534843e-04 8.764094e-05
6.971186e-04 8.772122e-05
7.410416e-04 8.762893e-05
7.850077e-04 8.768118e-05
8.288383e-04 8.788612e-05
8.727392e-04 8.800217e-05
9.168437e-04 8.815168e-05
9.610465e-04 8.820453e-05
1.005155e-03 8.834114e-05
1.049216e-03 8.842181e-05
1.093437e-03 8.854715e-05
1.138645e-03 8.912425e-05
1.183798e-03 9.064827e-05
1.228303e-03 9.086874e-05
1.273672e-03 9.021134e-05
1.319241e-03 9.003283e-05
1.364297e-03 9.022142e-05
1.409312e-03 9.032613e-05
1.454482e-03 9.052994e-05
1.499830e-03 9.064910e-05
1.545193e-03 9.078468e-05
1.590540e-03 9.088531e-05
1.635906e-03 9.113157e-05
1.681585e-03 9.134530e-05
1.727466e-03 9.177301e-05
1.773336e-03 9.198245e-05
1.819259e-03 9.230128e-05
1.865403e-03 9.248504e-05
1.911791e-03 9.276193e-05
1.958285e-03 9.298894e-05
2.004779e-03 9.344622e-05
2.051573e-03 9.372711e-05
2.098652e-03 9.420768e-05
2.145831e-03 9.450464e-05
2.193101e-03 9.500073e-05
2.240344e-03 9.516381e-05
2.287887e-03 9.529627e-05
2.335726e-03 9.545602e-05
2.383539e-03 9.576030e-05
2.431189e-03 9.583613e-05
2.478979e-03 9.599220e-05
2.526853e-03 9.603296e-05
2.574837e-03 9.578206e-05
2.622672e-03 9.566790e-05
2.670447e-03 9.563055e-05
2.718358e-03 9.563335e-05
2.766183e-03 9.560462e-05
2.813927e-03 9.561120e-05
2.861740e-03 9.569609e-05
2.909633e-03 9.570948e-05
2.957445e-03 9.570073e-05
3.005259e-03 9.576401e-05
3.053082e-03 9.592406e-05
3.101043e-03 9.599902e-05
3.149144e-03 9.615550e-05
3.197065e-03 9.616976e-05
3.245045e-03 9.593104e-05
3.293160e-03 9.586094e-05
3.341211e-03 9.595408e-05
3.389244e-03 9.604195e-05
3.437192e-03 9.624667e-05
3.485025e-03 9.625166e-05
3.533153e-03 9.595501e-05
3.581798e-03 9.609344e-05
3.630095e-03 9.687738e-05
3.678009e-03 9.699541e-05
3.726427e-03 9.666614e-05
3.774883e-03 9.650495e-05
3.823085e-03 9.630036e-05
3.871317e-03 9.631133e-05
3.919605e-03 9.643217e-05
3.967952e-03 9.644524e-05
4.016224e-03 9.642362e-05
4.064777e-03 9.665029e-05
4.113350e-03 9.743061e-05
4.161767e-03 9.755173e-05
4.210129e-03 9.779443e-05
4.258325e-03 9.784872e-05
4.307162e-03 9.711579e-05
4.356056e-03 9.681987e-05
4.404462e-03 9.662710e-05
4.452737e-03 9.654424e-05
4.500865e-03 9.655808e-05
4.549104e-03 9.656413e-05
4.597503e-03 9.649721e-05
