-1.500000e-02 4.783514e-05
-1.485000e-02 4.878422e-05
-1.470000e-02 4.864759e-05
-1.455000e-02 4.826796e-05
-1.440000e-02 4.758485e-05
-1.425000e-02 4.644596e-05
-1.410000e-02 4.685583e-05
-1.395000e-02 4.590675e-05
-1.380000e-02 4.454052e-05
-1.365000e-02 4.264238e-05
-1.350000e-02 4.305225e-05
-1.335000e-02 4.324206e-05
-1.320000e-02 4.242233e-05
-1.305000e-02 4.052417e-05
-1.290000e-02 4.030409e-05
-1.275000e-02 4.196987e-05
-1.260000e-02 4.285706e-05
-1.245000e-02 4.172001e-05
-1.230000e-02 4.110580e-05
-1.215000e-02 4.053728e-05
-1.200000e-02 4.005956e-05
-1.185000e-02 4.138612e-05
-1.170000e-02 4.268278e-05
-1.155000e-02 4.325131e-05
-1.140000e-02 4.250061e-05
-1.125000e-02 4.287963e-05
-1.110000e-02 4.383506e-05
-1.095000e-02 4.497211e-05
-1.080000e-02 4.476738e-05
-1.065000e-02 4.419885e-05
-1.050000e-02 4.460832e-05
-1.035000e-02 4.669292e-05
-1.020000e-02 4.737537e-05
-1.005000e-02 4.794389e-05
-9.900000e-03 4.794389e-05
-9.750000e-03 4.908095e-05
-9.600000e-03 4.949042e-05
-9.450000e-03 4.916130e-05
-9.300000e-03 4.808598e-05
-9.150000e-03 4.732672e-05
-9.000000e-03 4.855633e-05
-8.850000e-03 4.912577e-05
-8.700000e-03 4.823772e-05
-8.550000e-03 4.728865e-05
-8.400000e-03 4.763020e-05
-8.250000e-03 4.895891e-05
-8.100000e-03 4.882229e-05
-7.950000e-03 4.730377e-05
-7.800000e-03 4.716714e-05
-7.650000e-03 4.659770e-05
-7.500000e-03 4.598290e-05
-7.350000e-03 4.370512e-05
-7.200000e-03 4.293802e-05
-7.050000e-03 4.251584e-05
-6.900000e-03 4.217462e-05
-6.750000e-03 4.046903e-05
-6.600000e-03 4.026429e-05
-6.450000e-03 4.140134e-05
-6.300000e-03 4.235678e-05
-6.150000e-03 4.444138e-05
-6.000000e-03 4.471436e-05
-5.850000e-03 4.376682e-05
-5.700000e-03 4.342559e-05
-5.550000e-03 4.399411e-05
-5.400000e-03 4.419885e-05
-5.250000e-03 4.514639e-05
-5.100000e-03 4.569236e-05
-4.950000e-03 4.550285e-05
-4.800000e-03 4.522987e-05
-4.650000e-03 4.598790e-05
-4.500000e-03 4.660211e-05
-4.350000e-03 4.887621e-05
-4.200000e-03 4.955866e-05
-4.050000e-03 4.842161e-05
-3.900000e-03 4.801214e-05
-3.750000e-03 4.971772e-05
-3.600000e-03 4.930825e-05
-3.450000e-03 4.689209e-05
-3.300000e-03 4.731889e-05
-3.150000e-03 4.978648e-05
-3.000000e-03 4.985479e-05
-2.850000e-03 4.776683e-05
-2.700000e-03 4.701540e-05
-2.550000e-03 4.568670e-05
-2.400000e-03 4.555008e-05
-2.250000e-03 4.649915e-05
-2.100000e-03 4.670408e-05
-1.950000e-03 4.499575e-05
-1.800000e-03 4.465419e-05
-1.650000e-03 4.598290e-05
-1.500000e-03 4.605121e-05
-1.350000e-03 4.415306e-05
-1.200000e-03 4.386361e-05
-1.050000e-03 4.268278e-05
-9.000000e-04 4.131787e-05
-7.500000e-04 4.018082e-05
-6.000000e-04 4.086328e-05
-4.500000e-04 4.086328e-05
-3.000000e-04 4.086955e-05
-1.500000e-04 4.200033e-05
1.047700e-09 4.214329e-05
1.500000e-04 4.233282e-05
3.000000e-04 4.240108e-05
4.500000e-04 4.372784e-05
6.000000e-04 4.393261e-05
7.500000e-04 4.412215e-05
9.000000e-04 4.425866e-05
1.050000e-03 4.164555e-05
1.200000e-03 4.125169e-05
1.350000e-03 4.296028e-05
1.500000e-03 4.330191e-05
1.650000e-03 4.463087e-05
1.800000e-03 4.543396e-05
1.950000e-03 4.709456e-05
2.100000e-03 4.729935e-05
2.250000e-03 4.938427e-05
2.400000e-03 4.958904e-05
2.550000e-03 4.826227e-05
2.700000e-03 4.894482e-05
2.850000e-03 4.894483e-05
3.000000e-03 4.798924e-05
3.150000e-03 4.704155e-05
3.300000e-03 4.676853e-05
3.450000e-03 4.676853e-05
3.600000e-03 4.738283e-05
3.750000e-03 4.743060e-05
3.900000e-03 4.703793e-05
4.050000e-03 4.798715e-05
4.200000e-03 4.839708e-05
4.350000e-03 4.744786e-05
4.500000e-03 4.688455e-05
4.650000e-03 4.551001e-05
4.800000e-03 4.462268e-05
4.950000e-03 4.291684e-05
5.100000e-03 4.346289e-05
5.250000e-03 4.422104e-05
5.400000e-03 4.360673e-05
5.550000e-03 4.265904e-05
5.700000e-03 4.224951e-05
5.850000e-03 4.130181e-05
6.000000e-03 4.157484e-05
6.150000e-03 4.214345e-05
6.300000e-03 4.180217e-05
6.450000e-03 4.070505e-05
6.600000e-03 4.085704e-05
6.750000e-03 4.161642e-05
6.900000e-03 4.188971e-05
7.050000e-03 4.113033e-05
7.200000e-03 4.050028e-05
7.350000e-03 4.273464e-05
7.500000e-03 4.396324e-05
7.650000e-03 4.396324e-05
7.800000e-03 4.341720e-05
7.950000e-03 4.190089e-05
8.100000e-03 4.115007e-05
8.250000e-03 4.077100e-05
8.400000e-03 4.193135e-05
8.550000e-03 4.477442e-05
8.700000e-03 4.525221e-05
8.850000e-03 4.714761e-05
9.000000e-03 4.789842e-05
9.150000e-03 5.117416e-05
9.300000e-03 5.146484e-05
9.450000e-03 4.861717e-05
9.600000e-03 4.832649e-05
9.750000e-03 4.789842e-05
9.900000e-03 4.748888e-05
1.005000e-02 4.900519e-05
1.020000e-02 4.982426e-05
1.035000e-02 4.887657e-05
1.050000e-02 4.785273e-05
1.065000e-02 4.728412e-05
1.080000e-02 4.755714e-05
1.095000e-02 4.793622e-05
1.110000e-02 4.814098e-05
1.125000e-02 4.757236e-05
1.140000e-02 4.695806e-05
1.155000e-02 4.567722e-05
1.170000e-02 4.576221e-05
1.185000e-02 4.481299e-05
1.200000e-02 4.378816e-05
1.215000e-02 4.302878e-05
1.230000e-02 4.314955e-05
1.245000e-02 4.329591e-05
1.260000e-02 4.377370e-05
1.275000e-02 4.472140e-05
1.290000e-02 4.424361e-05
1.305000e-02 4.083191e-05
1.320000e-02 3.973981e-05
1.335000e-02 4.106659e-05
1.350000e-02 4.161263e-05
1.365000e-02 4.142309e-05
1.380000e-02 4.210565e-05
1.395000e-02 4.286381e-05
1.410000e-02 4.286381e-05
1.425000e-02 4.366575e-05
1.440000e-02 4.381840e-05
1.455000e-02 4.476762e-05
1.470000e-02 4.538253e-05
1.485000e-02 4.557237e-05
