-1.500000e-02 6.983514e-05
-1.485000e-02 7.040458e-05
-1.470000e-02 7.019965e-05
-1.455000e-02 6.944040e-05
-1.440000e-02 6.950871e-05
-1.425000e-02 7.045777e-05
-1.410000e-02 7.045777e-05
-1.395000e-02 6.969852e-05
-1.380000e-02 6.963021e-05
-1.365000e-02 6.811170e-05
-1.350000e-02 6.756522e-05
-1.335000e-02 6.775503e-05
-1.320000e-02 6.789165e-05
-1.305000e-02 6.865091e-05
-1.290000e-02 6.903545e-05
-1.275000e-02 6.991379e-05
-1.260000e-02 6.984554e-05
-1.245000e-02 6.946653e-05
-1.230000e-02 6.953477e-05
-1.215000e-02 6.953477e-05
-1.200000e-02 6.973951e-05
-1.185000e-02 7.030802e-05
-1.170000e-02 7.003505e-05
-1.155000e-02 6.889801e-05
-1.140000e-02 6.855679e-05
-1.125000e-02 6.893580e-05
-1.110000e-02 6.989123e-05
-1.095000e-02 7.197580e-05
-1.080000e-02 7.183931e-05
-1.065000e-02 7.146030e-05
-1.050000e-02 7.166503e-05
-1.035000e-02 7.052799e-05
-1.020000e-02 6.970905e-05
-1.005000e-02 6.933004e-05
-9.900000e-03 6.967126e-05
-9.750000e-03 7.023979e-05
-9.600000e-03 7.017154e-05
-9.450000e-03 6.929350e-05
-9.300000e-03 6.897734e-05
-9.150000e-03 6.859772e-05
-9.000000e-03 6.859772e-05
-8.850000e-03 6.954678e-05
-8.700000e-03 6.982003e-05
-8.550000e-03 6.944040e-05
-8.400000e-03 6.923547e-05
-8.250000e-03 6.923547e-05
-8.100000e-03 6.950871e-05
-7.950000e-03 6.969852e-05
-7.800000e-03 6.969852e-05
-7.650000e-03 6.931889e-05
-7.500000e-03 6.884072e-05
-7.350000e-03 6.865091e-05
-7.200000e-03 6.917193e-05
-7.050000e-03 7.061880e-05
-6.900000e-03 7.034582e-05
-6.750000e-03 6.864026e-05
-6.600000e-03 6.884499e-05
-6.450000e-03 6.865548e-05
-6.300000e-03 6.845075e-05
-6.150000e-03 6.958779e-05
-6.000000e-03 6.958779e-05
-5.850000e-03 6.939829e-05
-5.700000e-03 6.946653e-05
-5.550000e-03 7.003505e-05
-5.400000e-03 7.023979e-05
-5.250000e-03 6.986077e-05
-5.100000e-03 6.979253e-05
-4.950000e-03 7.017154e-05
-4.800000e-03 7.017154e-05
-4.650000e-03 6.922400e-05
-4.500000e-03 6.908751e-05
-4.350000e-03 7.003505e-05
-4.200000e-03 7.023978e-05
-4.050000e-03 7.042929e-05
-3.900000e-03 7.056578e-05
-3.750000e-03 7.151331e-05
-3.600000e-03 7.144507e-05
-3.450000e-03 6.999943e-05
-3.300000e-03 7.016157e-05
-3.150000e-03 7.168008e-05
-3.000000e-03 7.174839e-05
-2.850000e-03 7.136877e-05
-2.700000e-03 7.109552e-05
-2.550000e-03 6.938721e-05
-2.400000e-03 6.884072e-05
-2.250000e-03 6.808146e-05
-2.100000e-03 6.814978e-05
-1.950000e-03 6.966828e-05
-1.800000e-03 7.007815e-05
-1.650000e-03 6.912908e-05
-1.500000e-03 6.865091e-05
-1.350000e-03 6.903053e-05
-1.200000e-03 6.941507e-05
-1.050000e-03 7.029280e-05
-9.000000e-04 7.042929e-05
-7.500000e-04 7.023978e-05
-6.000000e-04 6.996680e-05
-4.500000e-04 6.882977e-05
-3.000000e-04 6.911335e-05
-1.500000e-04 7.080830e-05
1.047700e-09 7.095568e-05
1.500000e-04 7.057661e-05
3.000000e-04 7.009882e-05
4.500000e-04 6.915115e-05
6.000000e-04 6.921941e-05
7.500000e-04 6.940896e-05
9.000000e-04 6.961377e-05
1.050000e-03 6.987384e-05
1.200000e-03 6.948936e-05
1.350000e-03 6.891986e-05
1.500000e-03 6.919316e-05
1.650000e-03 6.957285e-05
1.800000e-03 6.961584e-05
1.950000e-03 7.068295e-05
2.100000e-03 7.068295e-05
2.250000e-03 6.840850e-05
2.400000e-03 6.806722e-05
2.550000e-03 6.882537e-05
2.700000e-03 6.868886e-05
2.850000e-03 6.849932e-05
3.000000e-03 6.863583e-05
3.150000e-03 6.863583e-05
3.300000e-03 6.877234e-05
3.450000e-03 6.972003e-05
3.600000e-03 6.999305e-05
3.750000e-03 7.006378e-05
3.900000e-03 6.995253e-05
4.050000e-03 6.957285e-05
4.200000e-03 6.943620e-05
4.350000e-03 6.886668e-05
4.500000e-03 6.877329e-05
4.650000e-03 6.832502e-05
4.800000e-03 6.825676e-05
4.950000e-03 6.920445e-05
5.100000e-03 6.913619e-05
5.250000e-03 6.875712e-05
5.400000e-03 6.896188e-05
5.550000e-03 6.953049e-05
5.700000e-03 7.007654e-05
5.850000e-03 7.064515e-05
6.000000e-03 7.016736e-05
6.150000e-03 6.940921e-05
6.300000e-03 6.927270e-05
6.450000e-03 6.934282e-05
6.600000e-03 6.970949e-05
6.750000e-03 6.989934e-05
6.900000e-03 6.962605e-05
7.050000e-03 6.848699e-05
7.200000e-03 6.825709e-05
7.350000e-03 6.932573e-05
7.500000e-03 6.980351e-05
7.650000e-03 6.942444e-05
7.800000e-03 6.908316e-05
7.950000e-03 6.965177e-05
8.100000e-03 6.992479e-05
8.250000e-03 7.030387e-05
8.400000e-03 7.030387e-05
8.550000e-03 6.916665e-05
8.700000e-03 6.882537e-05
8.850000e-03 6.844630e-05
9.000000e-03 6.858281e-05
9.150000e-03 6.941108e-05
9.300000e-03 6.923125e-05
9.450000e-03 6.790234e-05
9.600000e-03 6.801391e-05
9.750000e-03 6.984131e-05
9.900000e-03 7.011433e-05
1.005000e-02 6.973526e-05
1.020000e-02 6.966700e-05
1.035000e-02 6.966700e-05
1.050000e-02 6.946224e-05
1.065000e-02 6.851456e-05
1.080000e-02 6.837805e-05
1.095000e-02 6.837805e-05
1.110000e-02 6.830979e-05
1.125000e-02 6.849933e-05
1.140000e-02 6.843107e-05
1.155000e-02 6.869011e-05
1.170000e-02 6.912484e-05
1.185000e-02 6.969437e-05
1.200000e-02 6.989933e-05
1.215000e-02 6.951965e-05
1.230000e-02 6.887996e-05
1.245000e-02 6.786246e-05
1.260000e-02 6.820374e-05
1.275000e-02 6.990957e-05
1.290000e-02 6.990957e-05
1.305000e-02 6.934096e-05
1.320000e-02 6.947747e-05
1.335000e-02 6.985654e-05
1.350000e-02 6.958352e-05
1.365000e-02 6.787769e-05
1.380000e-02 6.801420e-05
1.395000e-02 6.915142e-05
1.410000e-02 6.908317e-05
1.425000e-02 6.972250e-05
1.440000e-02 6.995253e-05
1.455000e-02 6.976270e-05
1.470000e-02 6.969438e-05
1.485000e-02 6.950453e-05
