-5.455765e-03 1.127943e-04
-5.399171e-03 1.129467e-04
-5.342656e-03 1.130305e-04
-5.286043e-03 1.133119e-04
-5.229293e-03 1.134179e-04
-5.172561e-03 1.135274e-04
-5.116123e-03 1.134674e-04
-5.059546e-03 1.130687e-04
-5.002839e-03 1.129258e-04
-4.946219e-03 1.128863e-04
-4.889646e-03 1.129209e-04
-4.833222e-03 1.130535e-04
-4.776695e-03 1.131633e-04
-4.720031e-03 1.134534e-04
-4.663227e-03 1.135644e-04
-4.606491e-03 1.137703e-04
-4.549825e-03 1.138796e-04
-4.492762e-03 1.137364e-04
-4.435070e-03 1.139849e-04
-4.377623e-03 1.148679e-04
-4.320822e-03 1.148756e-04
-4.263784e-03 1.147182e-04
-4.206588e-03 1.146777e-04
-4.149198e-03 1.140236e-04
-4.091794e-03 1.138739e-04
-4.034797e-03 1.141359e-04
-3.977651e-03 1.142417e-04
-3.920273e-03 1.143640e-04
-3.863262e-03 1.142655e-04
-3.806382e-03 1.139962e-04
-3.749612e-03 1.138341e-04
-3.692712e-03 1.133826e-04
-3.635590e-03 1.132756e-04
-3.578867e-03 1.134272e-04
-3.522371e-03 1.134221e-04
-3.465705e-03 1.133393e-04
-3.408940e-03 1.132919e-04
-3.352323e-03 1.131914e-04
-3.295518e-03 1.133447e-04
-3.238574e-03 1.137549e-04
-3.180706e-03 1.143804e-04
-3.122912e-03 1.160252e-04
-3.066084e-03 1.161160e-04
-3.008945e-03 1.158497e-04
-2.951985e-03 1.156460e-04
-2.894440e-03 1.143210e-04
-2.836162e-03 1.142053e-04
-2.778620e-03 1.148942e-04
-2.722037e-03 1.146449e-04
-2.665461e-03 1.141831e-04
-2.608666e-03 1.140708e-04
-2.551602e-03 1.130974e-04
-2.494921e-03 1.125955e-04
-2.438659e-03 1.121141e-04
-2.382647e-03 1.117150e-04
-2.327086e-03 1.111496e-04
-2.271706e-03 1.109143e-04
-2.216385e-03 1.103615e-04
-2.161064e-03 1.100874e-04
-2.105962e-03 1.098988e-04
-2.051063e-03 1.097834e-04
-1.996279e-03 1.094447e-04
-1.941717e-03 1.091883e-04
-1.887215e-03 1.087789e-04
-1.832805e-03 1.085013e-04
-1.778591e-03 1.078500e-04
-1.724539e-03 1.075911e-04
-1.670689e-03 1.074100e-04
-1.616816e-03 1.072851e-04
-1.563146e-03 1.070733e-04
-1.509679e-03 1.069478e-04
-1.456145e-03 1.066886e-04
-1.402751e-03 1.064383e-04
-1.349604e-03 1.059529e-04
-1.296637e-03 1.057426e-04
-1.243859e-03 1.054752e-04
-1.190974e-03 1.053715e-04
-1.138138e-03 1.053639e-04
-1.085435e-03 1.053532e-04
-1.032859e-03 1.053364e-04
-9.807113e-04 1.050732e-04
-9.283819e-04 1.042366e-04
-8.764506e-04 1.036254e-04
-8.248906e-04 1.023516e-04
-7.738565e-04 1.016478e-04
-7.232378e-04 1.005759e-04
-6.728526e-04 9.998122e-05
-6.230447e-04 9.910359e-05
-5.724308e-04 9.933922e-05
-5.221770e-04 1.005924e-04
-4.737395e-04 9.988717e-05
-4.254369e-04 9.834077e-05
-3.773681e-04 9.771006e-05
-3.288642e-04 9.505037e-05
-2.804054e-04 9.406465e-05
-2.333723e-04 9.388063e-05
-1.863286e-04 9.375680e-05
-1.394854e-04 9.357001e-05
-9.312058e-05 9.329001e-05
-4.672991e-05 9.260501e-05
2.145348e-07 9.264177e-05
4.687126e-05 9.300881e-05
9.340465e-05 9.314428e-05
1.400014e-04 9.356247e-05
1.867631e-04 9.374841e-05
2.336751e-04 9.383706e-05
2.806137e-04 9.394879e-05
3.276840e-04 9.421760e-05
3.767548e-04 9.545103e-05
4.258033e-04 9.873220e-05
4.738552e-04 9.938090e-05
5.234808e-04 9.856031e-05
5.734795e-04 9.842120e-05
6.229656e-04 9.907503e-05
6.727558e-04 9.956041e-05
7.226682e-04 1.005171e-04
7.732401e-04 1.011885e-04
8.242814e-04 1.024617e-04
8.756880e-04 1.032092e-04
9.274544e-04 1.044917e-04
9.793557e-04 1.050350e-04
1.031920e-03 1.056382e-04
1.084509e-03 1.057989e-04
1.137338e-03 1.056474e-04
1.190080e-03 1.056133e-04
1.242898e-03 1.055907e-04
1.296091e-03 1.057351e-04
1.349120e-03 1.062085e-04
1.402176e-03 1.064673e-04
1.455479e-03 1.069760e-04
1.508959e-03 1.071921e-04
1.562573e-03 1.073631e-04
1.616145e-03 1.074715e-04
1.669912e-03 1.076502e-04
1.723881e-03 1.077628e-04
1.777821e-03 1.079213e-04
1.832030e-03 1.082133e-04
1.886286e-03 1.089456e-04
1.940699e-03 1.092292e-04
1.995539e-03 1.095098e-04
2.050371e-03 1.096799e-04
2.105177e-03 1.099876e-04
2.160155e-03 1.101272e-04
2.215383e-03 1.103080e-04
2.270862e-03 1.105992e-04
2.326326e-03 1.112251e-04
2.381966e-03 1.114809e-04
2.437989e-03 1.117643e-04
2.494204e-03 1.120579e-04
2.550305e-03 1.128512e-04
2.607014e-03 1.135016e-04
2.664276e-03 1.146020e-04
2.721089e-03 1.146510e-04
2.778282e-03 1.139364e-04
2.835591e-03 1.138262e-04
2.892668e-03 1.141226e-04
2.950591e-03 1.146595e-04
3.008528e-03 1.159093e-04
3.065617e-03 1.159282e-04
3.122730e-03 1.161615e-04
3.179702e-03 1.160818e-04
3.237463e-03 1.143249e-04
3.295060e-03 1.136722e-04
3.351850e-03 1.134188e-04
3.408834e-03 1.133668e-04
3.465525e-03 1.134968e-04
3.522004e-03 1.134940e-04
3.578544e-03 1.133858e-04
3.635271e-03 1.133821e-04
3.692145e-03 1.133412e-04
3.749172e-03 1.134952e-04
3.805992e-03 1.140528e-04
3.862919e-03 1.142398e-04
3.920170e-03 1.144342e-04
3.977173e-03 1.144332e-04
4.034217e-03 1.141441e-04
4.091191e-03 1.139971e-04
4.148196e-03 1.137505e-04
4.205874e-03 1.139876e-04
4.263307e-03 1.148392e-04
4.320099e-03 1.148395e-04
4.377320e-03 1.143432e-04
4.434623e-03 1.141358e-04
4.491693e-03 1.137322e-04
4.548690e-03 1.136211e-04
4.605610e-03 1.136576e-04
4.662474e-03 1.135598e-04
4.719233e-03 1.132473e-04
4.775812e-03 1.131037e-04
4.832343e-03 1.129996e-04
4.889015e-03 1.129699e-04
4.945520e-03 1.129504e-04
5.002016e-03 1.130142e-04
5.058613e-03 1.132365e-04
5.115389e-03 1.133477e-04
5.172056e-03 1.136259e-04
5.228399e-03 1.136086e-04
5.284910e-03 1.132788e-04
5.341567e-03 1.131703e-04
5.398244e-03 1.130503e-04
