-1.500000e-02 -6.350951e-05
-1.485000e-02 1.501724e-04
-1.470000e-02 2.399498e-04
-1.455000e-02 1.596734e-04
-1.440000e-02 8.114267e-05
-1.425000e-02 7.340984e-05
-1.410000e-02 -3.531159e-05
-1.395000e-02 -2.870809e-04
-1.380000e-02 -1.675650e-04
-1.365000e-02 3.696726e-05
-1.350000e-02 -1.784833e-05
-1.335000e-02 8.073137e-05
-1.320000e-02 1.816446e-04
-1.305000e-02 9.138422e-05
-1.290000e-02 2.762784e-05
-1.275000e-02 -1.076387e-04
-1.260000e-02 -7.118326e-05
-1.245000e-02 1.719668e-04
-1.230000e-02 1.551073e-04
-1.215000e-02 1.046321e-04
-1.200000e-02 1.223435e-04
-1.185000e-02 1.139216e-04
-1.170000e-02 6.907604e-05
-1.155000e-02 6.985677e-05
-1.140000e-02 9.174021e-05
-1.125000e-02 1.843245e-05
-1.110000e-02 -3.149338e-05
-1.095000e-02 1.303155e-04
-1.080000e-02 6.029687e-05
-1.065000e-02 -1.184505e-04
-1.050000e-02 1.018113e-04
-1.035000e-02 1.604822e-04
-1.020000e-02 -1.123162e-05
-1.005000e-02 -5.848724e-05
-9.900000e-03 -6.121179e-05
-9.750000e-03 7.775450e-04
-9.600000e-03 8.716963e-04
-9.450000e-03 8.874061e-04
-9.300000e-03 1.123523e-03
-9.150000e-03 5.898225e-06
-9.000000e-03 -5.121868e-04
-8.850000e-03 -9.664810e-04
-8.700000e-03 -6.470655e-04
-8.550000e-03 2.176520e-04
-8.400000e-03 1.257459e-05
-8.250000e-03 1.409238e-03
-8.100000e-03 1.681408e-03
-7.950000e-03 -9.621631e-04
-7.800000e-03 -1.145071e-03
-7.650000e-03 -4.409077e-04
-7.500000e-03 -5.591705e-04
-7.350000e-03 4.307610e-04
-7.200000e-03 9.972993e-04
-7.050000e-03 9.900000e+37
-6.900000e-03 9.900000e+37
-6.750000e-03 9.900000e+37
-6.600000e-03 9.900000e+37
-6.450000e-03 9.900000e+37
-6.300000e-03 9.900000e+37
-6.150000e-03 9.900000e+37
-6.000000e-03 9.900000e+37
-5.850000e-03 9.900000e+37
-5.700000e-03 9.900000e+37
-5.550000e-03 9.900000e+37
-5.400000e-03 9.900000e+37
-5.250000e-03 9.900000e+37
-5.100000e-03 9.900000e+37
-4.950000e-03 9.900000e+37
-4.800000e-03 9.900000e+37
-4.650000e-03 9.900000e+37
-4.500000e-03 9.900000e+37
-4.350000e-03 9.900000e+37
-4.200000e-03 1.214203e-03
-4.050000e-03 9.900000e+37
-3.900000e-03 9.900000e+37
-3.750000e-03 9.900000e+37
-3.600000e-03 9.900000e+37
-3.450000e-03 9.900000e+37
-3.300000e-03 9.900000e+37
-3.150000e-03 9.900000e+37
-3.000000e-03 9.900000e+37
-2.850000e-03 9.900000e+37
-2.700000e-03 9.900000e+37
-2.550000e-03 9.900000e+37
-2.400000e-03 9.900000e+37
-2.250000e-03 9.900000e+37
-2.100000e-03 9.900000e+37
-1.950000e-03 9.900000e+37
-1.800000e-03 9.900000e+37
-1.650000e-03 9.900000e+37
-1.500000e-03 9.900000e+37
-1.350000e-03 9.900000e+37
-1.200000e-03 9.900000e+37
-1.050000e-03 9.900000e+37
-9.000000e-04 9.900000e+37
-7.500000e-04 9.900000e+37
-6.000000e-04 9.900000e+37
-4.500000e-04 9.900000e+37
-3.000000e-04 9.900000e+37
-1.500000e-04 9.900000e+37
1.047700e-09 9.900000e+37
1.500000e-04 9.900000e+37
3.000000e-04 9.900000e+37
4.500000e-04 9.900000e+37
6.000000e-04 9.900000e+37
7.500000e-04 9.900000e+37
9.000000e-04 9.900000e+37
1.050000e-03 9.900000e+37
1.200000e-03 9.900000e+37
1.350000e-03 9.900000e+37
1.500000e-03 5.909863e-05
1.650000e-03 9.900000e+37
1.800000e-03 9.900000e+37
1.950000e-03 9.900000e+37
2.100000e-03 9.900000e+37
2.250000e-03 9.900000e+37
2.400000e-03 9.900000e+37
2.550000e-03 9.900000e+37
2.700000e-03 9.900000e+37
2.850000e-03 9.900000e+37
3.000000e-03 9.900000e+37
3.150000e-03 9.900000e+37
3.300000e-03 9.900000e+37
3.450000e-03 9.900000e+37
3.600000e-03 9.900000e+37
3.750000e-03 9.900000e+37
3.900000e-03 9.900000e+37
4.050000e-03 9.900000e+37
4.200000e-03 9.900000e+37
4.350000e-03 9.900000e+37
4.500000e-03 9.900000e+37
4.650000e-03 9.900000e+37
4.800000e-03 9.900000e+37
4.950000e-03 9.900000e+37
5.100000e-03 9.900000e+37
5.250000e-03 9.900000e+37
5.400000e-03 9.900000e+37
5.550000e-03 9.900000e+37
5.700000e-03 9.900000e+37
5.850000e-03 9.900000e+37
6.000000e-03 9.900000e+37
6.150000e-03 9.900000e+37
6.300000e-03 9.900000e+37
6.450000e-03 9.900000e+37
6.600000e-03 9.900000e+37
6.750000e-03 9.900000e+37
6.900000e-03 9.900000e+37
7.050000e-03 9.900000e+37
7.200000e-03 9.900000e+37
7.350000e-03 9.900000e+37
7.500000e-03 9.900000e+37
7.650000e-03 9.900000e+37
7.800000e-03 9.900000e+37
7.950000e-03 9.900000e+37
8.100000e-03 9.900000e+37
8.250000e-03 9.900000e+37
8.400000e-03 9.900000e+37
8.550000e-03 9.900000e+37
8.700000e-03 9.900000e+37
8.850000e-03 9.900000e+37
9.000000e-03 9.900000e+37
9.150000e-03 9.900000e+37
9.300000e-03 9.900000e+37
9.450000e-03 9.900000e+37
9.600000e-03 9.900000e+37
9.750000e-03 9.900000e+37
9.900000e-03 9.900000e+37
1.005000e-02 9.900000e+37
1.020000e-02 9.900000e+37
1.035000e-02 9.900000e+37
1.050000e-02 9.900000e+37
1.065000e-02 9.900000e+37
1.080000e-02 9.900000e+37
1.095000e-02 9.900000e+37
1.110000e-02 9.900000e+37
1.125000e-02 9.900000e+37
1.140000e-02 9.900000e+37
1.155000e-02 9.900000e+37
1.170000e-02 9.900000e+37
1.185000e-02 9.900000e+37
1.200000e-02 9.900000e+37
1.215000e-02 9.900000e+37
1.230000e-02 9.900000e+37
1.245000e-02 9.900000e+37
1.260000e-02 9.900000e+37
1.275000e-02 9.900000e+37
1.290000e-02 9.900000e+37
1.305000e-02 9.900000e+37
1.320000e-02 9.900000e+37
1.335000e-02 9.900000e+37
1.350000e-02 9.900000e+37
1.365000e-02 9.900000e+37
1.380000e-02 9.900000e+37
1.395000e-02 9.900000e+37
1.410000e-02 9.900000e+37
1.425000e-02 9.900000e+37
1.440000e-02 9.900000e+37
1.455000e-02 9.900000e+37
1.470000e-02 9.900000e+37
1.485000e-02 9.900000e+37
