-4.911864e-03 1.028315e-04
-4.860711e-03 1.022890e-04
-4.809635e-03 1.021181e-04
-4.758646e-03 1.019830e-04
-4.707546e-03 1.019315e-04
-4.656614e-03 1.018742e-04
-4.605780e-03 1.018642e-04
-4.554981e-03 1.018963e-04
-4.504070e-03 1.019061e-04
-4.452974e-03 1.018165e-04
-4.401982e-03 1.017905e-04
-4.351200e-03 1.018746e-04
-4.300473e-03 1.018720e-04
-4.249566e-03 1.017592e-04
-4.198543e-03 1.017197e-04
-4.147697e-03 1.017139e-04
-4.096993e-03 1.016956e-04
-4.046132e-03 1.015744e-04
-3.995041e-03 1.015994e-04
-3.944145e-03 1.018020e-04
-3.892921e-03 1.021410e-04
-3.841547e-03 1.030251e-04
-3.790626e-03 1.030010e-04
-3.739690e-03 1.027135e-04
-3.688920e-03 1.025810e-04
-3.637780e-03 1.015982e-04
-3.586403e-03 1.013170e-04
-3.535437e-03 1.014129e-04
-3.484327e-03 1.016028e-04
-3.433405e-03 1.022507e-04
-3.382828e-03 1.022773e-04
-3.331878e-03 1.019218e-04
-3.281008e-03 1.016758e-04
-3.230227e-03 1.009486e-04
-3.179653e-03 1.006316e-04
-3.129358e-03 1.004073e-04
-3.078932e-03 1.003372e-04
-3.028703e-03 1.002816e-04
-2.978533e-03 1.002943e-04
-2.928305e-03 1.004226e-04
-2.878174e-03 1.003420e-04
-2.828161e-03 1.001243e-04
-2.778221e-03 1.000700e-04
-2.728252e-03 9.987180e-05
-2.678351e-03 9.975983e-05
-2.628482e-03 9.969027e-05
-2.578558e-03 9.962986e-05
-2.528729e-03 9.943201e-05
-2.479055e-03 9.933578e-05
-2.429370e-03 9.923721e-05
-2.379721e-03 9.911240e-05
-2.330251e-03 9.887748e-05
-2.280927e-03 9.877278e-05
-2.231528e-03 9.854340e-05
-2.182100e-03 9.841156e-05
-2.132857e-03 9.816924e-05
-2.083816e-03 9.802750e-05
-2.034910e-03 9.785782e-05
-1.985915e-03 9.778373e-05
-1.936915e-03 9.775520e-05
-1.888094e-03 9.770357e-05
-1.839365e-03 9.752655e-05
-1.790678e-03 9.743690e-05
-1.741952e-03 9.730551e-05
-1.693137e-03 9.724503e-05
-1.644472e-03 9.714361e-05
-1.596001e-03 9.705712e-05
-1.547464e-03 9.689074e-05
-1.498918e-03 9.677077e-05
-1.450529e-03 9.651894e-05
-1.402255e-03 9.642580e-05
-1.353977e-03 9.634398e-05
-1.305567e-03 9.632841e-05
-1.257341e-03 9.640896e-05
-1.209150e-03 9.648206e-05
-1.160933e-03 9.664084e-05
-1.112720e-03 9.663024e-05
-1.064322e-03 9.647671e-05
-1.016188e-03 9.632878e-05
-9.681765e-04 9.593951e-05
-9.203857e-04 9.566668e-05
-8.726508e-04 9.518230e-05
-8.250860e-04 9.484098e-05
-7.777840e-04 9.415208e-05
-7.307341e-04 9.381711e-05
-6.838726e-04 9.337736e-05
-6.370978e-04 9.310339e-05
-5.906625e-04 9.273272e-05
-5.437895e-04 9.292534e-05
-4.970182e-04 9.362923e-05
-4.510418e-04 9.334278e-05
-4.050799e-04 9.274692e-05
-3.595369e-04 9.234376e-05
-3.136079e-04 9.040746e-05
-2.676982e-04 8.969790e-05
-2.228303e-04 8.963303e-05
-1.779143e-04 8.957754e-05
-1.331355e-04 8.948280e-05
-8.888869e-05 8.920046e-05
-4.452407e-05 8.834938e-05
3.571533e-07 8.830629e-05
4.479962e-05 8.871323e-05
8.920442e-05 8.891090e-05
1.336872e-04 8.947102e-05
1.782853e-04 8.968107e-05
2.231484e-04 8.965315e-05
2.683869e-04 8.992947e-05
3.136987e-04 9.074594e-05
3.596483e-04 9.136112e-05
4.055111e-04 9.304059e-05
4.509632e-04 9.346128e-05
4.975719e-04 9.270236e-05
5.443677e-04 9.247808e-05
5.907560e-04 9.270923e-05
6.372164e-04 9.289881e-05
6.836300e-04 9.332778e-05
7.304205e-04 9.364467e-05
7.774977e-04 9.422383e-05
8.246982e-04 9.457045e-05
8.719757e-04 9.522638e-05
9.194594e-04 9.558656e-05
9.673607e-04 9.607241e-05
1.015459e-03 9.630006e-05
1.063645e-03 9.660271e-05
1.111730e-03 9.671642e-05
1.160083e-03 9.676809e-05
1.208456e-03 9.673271e-05
1.256767e-03 9.655456e-05
1.304988e-03 9.650201e-05
1.353251e-03 9.646766e-05
1.401657e-03 9.647537e-05
1.449909e-03 9.657160e-05
1.498203e-03 9.669726e-05
1.546664e-03 9.695029e-05
1.595272e-03 9.706331e-05
1.643846e-03 9.724995e-05
1.692326e-03 9.732638e-05
1.740884e-03 9.740714e-05
1.789623e-03 9.747881e-05
1.838507e-03 9.762271e-05
1.887324e-03 9.770104e-05
1.936103e-03 9.779648e-05
1.985047e-03 9.786320e-05
2.034115e-03 9.802787e-05
2.083133e-03 9.812394e-05
2.132113e-03 9.826783e-05
2.181277e-03 9.836315e-05
2.230613e-03 9.852803e-05
2.279957e-03 9.865914e-05
2.329256e-03 9.891107e-05
2.378599e-03 9.902841e-05
2.428134e-03 9.922177e-05
2.477874e-03 9.934644e-05
2.527605e-03 9.951996e-05
2.577286e-03 9.962059e-05
2.627136e-03 9.980790e-05
2.677094e-03 9.987262e-05
2.727045e-03 9.987661e-05
2.777040e-03 9.997263e-05
2.827135e-03 1.002613e-04
2.877259e-03 1.003145e-04
2.927265e-03 1.004701e-04
2.977214e-03 1.005605e-04
3.027521e-03 1.004055e-04
3.077987e-03 1.003772e-04
3.128225e-03 1.004903e-04
3.178411e-03 1.005686e-04
3.228649e-03 1.006995e-04
3.279584e-03 1.010952e-04
3.330667e-03 1.021373e-04
3.381275e-03 1.022968e-04
3.431960e-03 1.024189e-04
3.482695e-03 1.024233e-04
3.533993e-03 1.016902e-04
3.585162e-03 1.014178e-04
3.635756e-03 1.014270e-04
3.686953e-03 1.017927e-04
3.738287e-03 1.027744e-04
3.789346e-03 1.028935e-04
3.840316e-03 1.031779e-04
3.891003e-03 1.031803e-04
3.942415e-03 1.021728e-04
3.993939e-03 1.018080e-04
4.044848e-03 1.016270e-04
4.095673e-03 1.015804e-04
4.146511e-03 1.016213e-04
4.197531e-03 1.016757e-04
4.248447e-03 1.018068e-04
4.299238e-03 1.018483e-04
4.350178e-03 1.019082e-04
4.401202e-03 1.019112e-04
4.452148e-03 1.018595e-04
4.503000e-03 1.018545e-04
4.553934e-03 1.018966e-04
4.604980e-03 1.019096e-04
4.655977e-03 1.018370e-04
4.706898e-03 1.018352e-04
4.757736e-03 1.019699e-04
4.808853e-03 1.021168e-04
4.860165e-03 1.023956e-04
