-4.668163e-03 9.318885e-05
-4.610833e-03 9.835603e-05
-4.560131e-03 9.626640e-05
-4.513556e-03 9.741414e-05
-4.467508e-03 9.748503e-05
-4.420297e-03 9.574326e-05
-4.372508e-03 9.546280e-05
-4.324445e-03 9.422560e-05
-4.275460e-03 9.435879e-05
-4.227738e-03 9.676095e-05
-4.182074e-03 9.636545e-05
-4.136533e-03 9.554527e-05
-4.090643e-03 9.545896e-05
-4.042979e-03 9.225992e-05
-3.993150e-03 9.240706e-05
-3.943430e-03 9.299711e-05
-3.894025e-03 9.304635e-05
-3.845273e-03 9.420124e-05
-3.798062e-03 9.366711e-05
-3.751873e-03 9.396003e-05
-3.705810e-03 9.399071e-05
-3.659022e-03 9.286879e-05
-3.610033e-03 9.378535e-05
-3.559151e-03 9.310745e-05
-3.509213e-03 9.232223e-05
-3.460876e-03 9.287857e-05
-3.413928e-03 9.222054e-05
-3.368250e-03 9.250946e-05
-3.321821e-03 9.306426e-05
-3.273513e-03 9.147387e-05
-3.224215e-03 9.149563e-05
-3.175988e-03 9.327177e-05
-3.129285e-03 9.302177e-05
-3.083430e-03 9.380970e-05
-3.038584e-03 9.346213e-05
-2.993520e-03 9.213192e-05
-2.946231e-03 9.298787e-05
-2.897875e-03 9.358652e-05
-2.849902e-03 9.359754e-05
-2.802044e-03 9.374873e-05
-2.754896e-03 9.335167e-05
-2.709016e-03 9.443412e-05
-2.663446e-03 9.463779e-05
-2.617054e-03 9.383210e-05
-2.570120e-03 9.386663e-05
-2.522896e-03 9.347901e-05
-2.475370e-03 9.354635e-05
-2.427638e-03 9.331726e-05
-2.380896e-03 9.261480e-05
-2.335936e-03 9.370501e-05
-2.290976e-03 9.409724e-05
-2.244671e-03 9.294382e-05
-2.197622e-03 9.297511e-05
-2.150146e-03 9.235147e-05
-2.102682e-03 9.214563e-05
-2.055906e-03 9.265252e-05
-2.009789e-03 9.241542e-05
-1.964025e-03 9.241857e-05
-1.918717e-03 9.214673e-05
-1.873312e-03 9.122954e-05
-1.826244e-03 9.189739e-05
-1.777375e-03 9.068552e-05
-1.728904e-03 9.003551e-05
-1.682337e-03 9.147268e-05
-1.636782e-03 9.135932e-05
-1.591357e-03 9.126168e-05
-1.545467e-03 9.150526e-05
-1.498984e-03 9.119323e-05
-1.452172e-03 9.127855e-05
-1.405545e-03 9.175562e-05
-1.359881e-03 9.137465e-05
-1.314771e-03 9.130935e-05
-1.269493e-03 9.136180e-05
-1.224371e-03 9.176811e-05
-1.178779e-03 9.219669e-05
-1.132006e-03 9.141914e-05
-1.085392e-03 9.106849e-05
-1.039447e-03 9.113842e-05
-9.938127e-04 9.095173e-05
-9.487055e-04 9.138051e-05
-9.035541e-04 9.156143e-05
-8.579353e-04 9.128510e-05
-8.121068e-04 9.131140e-05
-7.661090e-04 9.110205e-05
-7.204376e-04 9.085553e-05
-6.752675e-04 9.093742e-05
-6.299052e-04 9.105750e-05
-5.842141e-04 9.091178e-05
-5.387420e-04 9.072790e-05
-4.933068e-04 9.027855e-05
-4.479065e-04 9.009596e-05
-4.026540e-04 8.976740e-05
-3.575751e-04 8.956940e-05
-3.128581e-04 8.969029e-05
-2.682602e-04 8.963799e-05
-2.236766e-04 8.951662e-05
-1.789597e-04 8.955289e-05
-1.341252e-04 8.945756e-05
-8.936568e-05 8.939200e-05
-4.470854e-05 8.926122e-05
-4.093850e-08 8.926336e-05
4.458975e-05 8.934657e-05
8.932789e-05 8.943534e-05
1.341235e-04 8.954811e-05
1.788446e-04 8.954404e-05
2.234789e-04 8.967763e-05
2.680892e-04 8.971139e-05
3.128266e-04 8.959351e-05
3.580340e-04 8.983317e-05
4.033613e-04 9.023118e-05
4.483475e-04 9.019439e-05
4.930290e-04 9.066841e-05
5.374823e-04 9.067755e-05
5.820774e-04 9.046670e-05
6.269965e-04 9.058522e-05
6.722303e-04 9.038991e-05
7.179157e-04 9.059059e-05
7.637613e-04 9.088104e-05
8.091631e-04 9.071928e-05
8.541710e-04 9.092657e-05
8.989926e-04 9.088938e-05
9.437144e-04 9.088343e-05
9.881883e-04 9.075736e-05
1.032791e-03 9.026221e-05
1.078176e-03 9.052941e-05
1.123899e-03 9.071023e-05
1.169305e-03 9.058521e-05
1.214236e-03 9.102896e-05
1.258795e-03 9.096516e-05
1.303831e-03 8.999302e-05
1.349946e-03 9.029136e-05
1.396341e-03 9.058723e-05
1.442479e-03 9.053932e-05
1.488370e-03 9.088584e-05
1.533686e-03 9.069029e-05
1.578437e-03 9.108788e-05
1.623176e-03 9.119869e-05
1.668792e-03 9.004467e-05
1.715377e-03 9.021134e-05
1.761943e-03 9.070802e-05
1.808130e-03 9.066017e-05
1.853602e-03 9.172116e-05
1.898777e-03 9.192531e-05
1.943894e-03 9.252066e-05
1.988658e-03 9.254931e-05
2.034088e-03 9.159169e-05
2.081010e-03 9.211800e-05
2.128526e-03 9.259284e-05
2.174840e-03 9.204302e-05
2.219687e-03 9.296183e-05
2.264235e-03 9.311360e-05
2.309025e-03 9.313188e-05
2.354424e-03 9.350293e-05
2.401041e-03 9.243025e-05
2.448442e-03 9.251355e-05
2.495648e-03 9.313905e-05
2.541891e-03 9.281177e-05
2.586748e-03 9.421365e-05
2.630983e-03 9.432008e-05
2.676086e-03 9.316858e-05
2.720599e-03 9.240017e-05
2.764530e-03 9.123628e-05
2.809999e-03 9.174059e-05
2.855728e-03 9.270896e-05
2.900903e-03 9.272491e-05
2.945677e-03 9.336602e-05
2.990187e-03 9.346451e-05
3.036377e-03 9.101161e-05
3.084709e-03 9.138909e-05
3.132665e-03 9.306458e-05
3.178928e-03 9.265164e-05
3.223200e-03 9.482423e-05
3.265618e-03 9.449429e-05
3.309703e-03 9.080122e-05
3.356569e-03 9.114189e-05
3.404220e-03 9.071440e-05
3.452574e-03 9.098206e-05
3.499665e-03 9.389896e-05
3.544108e-03 9.338641e-05
3.588485e-03 9.207201e-05
3.633787e-03 9.212756e-05
3.680258e-03 9.033112e-05
3.728233e-03 9.058644e-05
3.776351e-03 9.105687e-05
3.823912e-03 9.089171e-05
3.869752e-03 9.330078e-05
3.911501e-03 9.171309e-05
3.952261e-03 8.888322e-05
3.996932e-03 9.023569e-05
4.044436e-03 8.933699e-05
4.093285e-03 8.979572e-05
4.141766e-03 9.168457e-05
4.188812e-03 9.150377e-05
4.234427e-03 9.338633e-05
4.279125e-03 9.351308e-05
4.323800e-03 9.390182e-05
4.369516e-03 9.466592e-05
4.417781e-03 9.247047e-05
4.467173e-03 9.235594e-05
4.514995e-03 9.472412e-05
