-1.000000e-02 3.106179e-05
-9.900000e-03 3.109161e-05
-9.800000e-03 3.110423e-05
-9.700000e-03 3.107946e-05
-9.600000e-03 3.106048e-05
-9.500000e-03 3.112242e-05
-9.400000e-03 3.115426e-05
-9.300000e-03 3.113137e-05
-9.200000e-03 3.111307e-05
-9.100000e-03 3.102991e-05
-9.000000e-03 3.101616e-05
-8.900000e-03 3.111191e-05
-8.800000e-03 3.111833e-05
-8.700000e-03 3.108746e-05
-8.600000e-03 3.108232e-05
-8.500000e-03 3.107014e-05
-8.400000e-03 3.107567e-05
-8.300000e-03 3.102569e-05
-8.200000e-03 3.103385e-05
-8.100000e-03 3.111806e-05
-8.000000e-03 3.111352e-05
-7.900000e-03 3.112810e-05
-7.800000e-03 3.113279e-05
-7.700000e-03 3.112071e-05
-7.600000e-03 3.109992e-05
-7.500000e-03 3.100481e-05
-7.400000e-03 3.100837e-05
-7.300000e-03 3.101804e-05
-7.200000e-03 3.101160e-05
-7.100000e-03 3.100781e-05
-7.000000e-03 3.099926e-05
-6.900000e-03 3.101964e-05
-6.800000e-03 3.103478e-05
-6.700000e-03 3.103981e-05
-6.600000e-03 3.104343e-05
-6.500000e-03 3.105624e-05
-6.400000e-03 3.104679e-05
-6.300000e-03 3.101172e-05
-6.200000e-03 3.100646e-05
-6.100000e-03 3.101696e-05
-6.000000e-03 3.101072e-05
-5.900000e-03 3.101807e-05
-5.800000e-03 3.103518e-05
-5.700000e-03 3.106899e-05
-5.600000e-03 3.107533e-05
-5.500000e-03 3.112237e-05
-5.400000e-03 3.111820e-05
-5.300000e-03 3.102833e-05
-5.200000e-03 3.101112e-05
-5.100000e-03 3.107202e-05
-5.000000e-03 3.109656e-05
-4.900000e-03 3.105666e-05
-4.800000e-03 3.103367e-05
-4.700000e-03 3.104606e-05
-4.600000e-03 3.107827e-05
-4.500000e-03 3.110871e-05
-4.400000e-03 3.109103e-05
-4.300000e-03 3.109082e-05
-4.200000e-03 3.110519e-05
-4.100000e-03 3.110435e-05
-4.000000e-03 3.109339e-05
-3.900000e-03 3.108856e-05
-3.800000e-03 3.109529e-05
-3.700000e-03 3.107680e-05
-3.600000e-03 3.106336e-05
-3.500000e-03 3.103942e-05
-3.400000e-03 3.103510e-05
-3.300000e-03 3.106134e-05
-3.200000e-03 3.106641e-05
-3.100000e-03 3.103722e-05
-3.000000e-03 3.103074e-05
-2.900000e-03 3.104145e-05
-2.800000e-03 3.104657e-05
-2.700000e-03 3.104048e-05
-2.600000e-03 3.103670e-05
-2.500000e-03 3.103250e-05
-2.400000e-03 3.103033e-05
-2.300000e-03 3.105028e-05
-2.200000e-03 3.105464e-05
-2.100000e-03 3.108362e-05
-2.000000e-03 3.109482e-05
-1.900000e-03 3.101811e-05
-1.800000e-03 3.099817e-05
-1.700000e-03 3.104233e-05
-1.600000e-03 3.104608e-05
-1.500000e-03 3.104692e-05
-1.400000e-03 3.106907e-05
-1.300000e-03 3.108231e-05
-1.200000e-03 3.105365e-05
-1.100000e-03 3.100661e-05
-1.000000e-03 3.100993e-05
-9.000000e-04 3.102715e-05
-8.000000e-04 3.102583e-05
-7.000000e-04 3.100441e-05
-6.000000e-04 3.100770e-05
-5.000000e-04 3.102807e-05
-4.000000e-04 3.101711e-05
-3.000000e-04 3.097889e-05
-2.000000e-04 3.099472e-05
-1.000000e-04 3.103763e-05
-2.910400e-11 3.103132e-05
1.000000e-04 3.098120e-05
2.000000e-04 3.099453e-05
3.000000e-04 3.100672e-05
4.000000e-04 3.100282e-05
5.000000e-04 3.100072e-05
6.000000e-04 3.099880e-05
7.000000e-04 3.100795e-05
8.000000e-04 3.099972e-05
9.000000e-04 3.099329e-05
1.000000e-03 3.101185e-05
1.100000e-03 3.104314e-05
1.200000e-03 3.105080e-05
1.300000e-03 3.109070e-05
1.400000e-03 3.108669e-05
1.500000e-03 3.109659e-05
1.600000e-03 3.110705e-05
1.700000e-03 3.105445e-05
1.800000e-03 3.103233e-05
1.900000e-03 3.099384e-05
2.000000e-03 3.099818e-05
2.100000e-03 3.102465e-05
2.200000e-03 3.102914e-05
2.300000e-03 3.106799e-05
2.400000e-03 3.108982e-05
2.500000e-03 3.111272e-05
2.600000e-03 3.109745e-05
2.700000e-03 3.100563e-05
2.800000e-03 3.098222e-05
2.900000e-03 3.104148e-05
3.000000e-03 3.106458e-05
3.100000e-03 3.102825e-05
3.200000e-03 3.101119e-05
3.300000e-03 3.100573e-05
3.400000e-03 3.100879e-05
3.500000e-03 3.101635e-05
3.600000e-03 3.101352e-05
3.700000e-03 3.102024e-05
3.800000e-03 3.103313e-05
3.900000e-03 3.092351e-05
4.000000e-03 3.088576e-05
4.100000e-03 3.097250e-05
4.200000e-03 3.099848e-05
4.300000e-03 3.104805e-05
4.400000e-03 3.106132e-05
4.500000e-03 3.105229e-05
4.600000e-03 3.104529e-05
4.700000e-03 3.100685e-05
4.800000e-03 3.101045e-05
4.900000e-03 3.104237e-05
5.000000e-03 3.103893e-05
5.100000e-03 3.106999e-05
5.200000e-03 3.108691e-05
5.300000e-03 3.106970e-05
5.400000e-03 3.104943e-05
5.500000e-03 3.102696e-05
5.600000e-03 3.102722e-05
5.700000e-03 3.101504e-05
5.800000e-03 3.102128e-05
5.900000e-03 3.104627e-05
6.000000e-03 3.103973e-05
6.100000e-03 3.104544e-05
6.200000e-03 3.103849e-05
6.300000e-03 3.095654e-05
6.400000e-03 3.095347e-05
6.500000e-03 3.105722e-05
6.600000e-03 3.109715e-05
6.700000e-03 3.112298e-05
6.800000e-03 3.110468e-05
6.900000e-03 3.109040e-05
7.000000e-03 3.109412e-05
7.100000e-03 3.108908e-05
7.200000e-03 3.111849e-05
7.300000e-03 3.114390e-05
7.400000e-03 3.112272e-05
7.500000e-03 3.110803e-05
7.600000e-03 3.110742e-05
7.700000e-03 3.105702e-05
7.800000e-03 3.103969e-05
7.900000e-03 3.107792e-05
8.000000e-03 3.111133e-05
8.100000e-03 3.109159e-05
8.200000e-03 3.109380e-05
8.300000e-03 3.119461e-05
8.400000e-03 3.117244e-05
8.500000e-03 3.105589e-05
8.600000e-03 3.105831e-05
8.700000e-03 3.109338e-05
8.800000e-03 3.109368e-05
8.900000e-03 3.105189e-05
9.000000e-03 3.103377e-05
9.100000e-03 3.107241e-05
9.200000e-03 3.108047e-05
9.300000e-03 3.112562e-05
9.400000e-03 3.114679e-05
9.500000e-03 3.107146e-05
9.600000e-03 3.106376e-05
9.700000e-03 3.108679e-05
9.800000e-03 3.109686e-05
9.900000e-03 3.111870e-05
