-1.500000e-02 -6.704144e-06
-1.485000e-02 -6.704144e-06
-1.470000e-02 2.449924e-06
-1.455000e-02 2.542131e-05
-1.440000e-02 2.453277e-05
-1.425000e-02 8.772264e-06
-1.410000e-02 1.628583e-05
-1.395000e-02 4.267290e-05
-1.380000e-02 4.772947e-05
-1.365000e-02 6.861141e-05
-1.350000e-02 5.583715e-05
-1.335000e-02 2.508769e-05
-1.320000e-02 2.932326e-05
-1.305000e-02 1.945157e-05
-1.290000e-02 1.677742e-05
-1.275000e-02 2.206927e-05
-1.260000e-02 2.739385e-05
-1.245000e-02 -4.161451e+00
-1.230000e-02 -4.161437e+00
-1.215000e-02 6.447237e-05
-1.200000e-02 6.174255e-05
-1.185000e-02 6.401666e-05
-1.170000e-02 6.190106e-05
-1.155000e-02 6.057450e-05
-1.140000e-02 6.030152e-05
-1.125000e-02 6.049103e-05
-1.110000e-02 6.055927e-05
-1.095000e-02 5.809565e-05
-1.080000e-02 5.727671e-05
-1.065000e-02 5.708720e-05
-1.050000e-02 5.729193e-05
-1.035000e-02 5.748144e-05
-1.020000e-02 5.741320e-05
-1.005000e-02 6.025584e-05
-9.900000e-03 6.121127e-05
-9.750000e-03 6.045323e-05
-9.600000e-03 5.970254e-05
-9.450000e-03 5.805481e-05
-9.300000e-03 5.814462e-05
-9.150000e-03 5.757517e-05
-9.000000e-03 5.723362e-05
