-4.526183e-03 9.501200e-05
-4.479235e-03 9.487768e-05
-4.432408e-03 9.482121e-05
-4.385099e-03 9.404062e-05
-4.337595e-03 9.381337e-05
-4.290629e-03 9.390329e-05
-4.243835e-03 9.389649e-05
-4.197065e-03 9.391831e-05
-4.150176e-03 9.393416e-05
-4.103086e-03 9.382258e-05
-4.055834e-03 9.394409e-05
-4.008743e-03 9.437196e-05
-3.961899e-03 9.437770e-05
-3.914934e-03 9.437042e-05
-3.868003e-03 9.428303e-05
-3.820919e-03 9.360656e-05
-3.773772e-03 9.346428e-05
-3.726924e-03 9.374209e-05
-3.680061e-03 9.378654e-05
-3.633146e-03 9.364632e-05
-3.586330e-03 9.360066e-05
-3.539477e-03 9.358963e-05
-3.492520e-03 9.358495e-05
-3.445678e-03 9.358885e-05
-3.398865e-03 9.363693e-05
-3.352048e-03 9.376340e-05
-3.305305e-03 9.370040e-05
-3.258347e-03 9.334343e-05
-3.211445e-03 9.324479e-05
-3.164875e-03 9.334694e-05
-3.118313e-03 9.337884e-05
-3.071618e-03 9.342188e-05
-3.024818e-03 9.343662e-05
-2.978066e-03 9.338120e-05
-2.931410e-03 9.336760e-05
-2.884670e-03 9.336853e-05
-2.837813e-03 9.337662e-05
-2.791061e-03 9.340043e-05
-2.744398e-03 9.341964e-05
-2.697627e-03 9.346819e-05
-2.650741e-03 9.349011e-05
-2.603939e-03 9.351162e-05
-2.557138e-03 9.358124e-05
-2.510076e-03 9.333710e-05
-2.463486e-03 9.296570e-05
-2.417120e-03 9.248358e-05
-2.370799e-03 9.222012e-05
-2.324726e-03 9.172843e-05
-2.278896e-03 9.146890e-05
-2.233189e-03 9.112668e-05
-2.187463e-03 9.095242e-05
-2.141998e-03 9.072961e-05
-2.096747e-03 9.058212e-05
-2.051515e-03 9.037388e-05
-2.006234e-03 9.026653e-05
-1.961118e-03 9.007187e-05
-1.916147e-03 8.997547e-05
-1.871268e-03 8.985928e-05
-1.826360e-03 8.977330e-05
-1.781356e-03 8.954405e-05
-1.736545e-03 8.940688e-05
-1.691953e-03 8.922126e-05
-1.647466e-03 8.909108e-05
-1.602950e-03 8.884929e-05
-1.558303e-03 8.878004e-05
-1.513837e-03 8.872001e-05
-1.469596e-03 8.862371e-05
-1.425311e-03 8.845148e-05
-1.380485e-03 8.865431e-05
-1.335820e-03 8.931816e-05
-1.291975e-03 8.912501e-05
-1.248019e-03 8.856991e-05
-1.204076e-03 8.830139e-05
-1.160044e-03 8.723962e-05
-1.116141e-03 8.683903e-05
-1.072820e-03 8.669473e-05
-1.029456e-03 8.660936e-05
-9.860846e-04 8.652400e-05
-9.428930e-04 8.644434e-05
-8.998227e-04 8.626186e-05
-8.567321e-04 8.620834e-05
-8.136033e-04 8.615915e-05
-7.704364e-04 8.610578e-05
-7.273931e-04 8.600123e-05
-6.844730e-04 8.594831e-05
-6.415130e-04 8.589718e-05
-5.984779e-04 8.586536e-05
-5.555434e-04 8.578246e-05
-5.127034e-04 8.575434e-05
-4.699229e-04 8.577532e-05
-4.271164e-04 8.574015e-05
-3.841943e-04 8.561179e-05
-3.413693e-04 8.556554e-05
-2.986728e-04 8.548940e-05
-2.560093e-04 8.544215e-05
-2.133107e-04 8.541405e-05
-1.704968e-04 8.541503e-05
-1.277581e-04 8.538168e-05
-8.517232e-05 8.534566e-05
-4.252293e-05 8.526439e-05
2.588665e-07 8.526962e-05
4.291746e-05 8.529200e-05
8.552428e-05 8.534011e-05
1.282402e-04 8.542657e-05
1.710031e-04 8.542778e-05
2.136675e-04 8.543384e-05
2.562711e-04 8.545771e-05
2.989996e-04 8.547747e-05
3.418946e-04 8.552636e-05
3.846841e-04 8.567629e-05
4.273782e-04 8.573128e-05
4.701604e-04 8.573715e-05
5.130554e-04 8.574856e-05
5.560224e-04 8.582218e-05
5.989025e-04 8.585492e-05
6.417285e-04 8.587381e-05
6.847051e-04 8.591246e-05
7.277856e-04 8.600895e-05
7.707910e-04 8.605709e-05
8.137275e-04 8.614289e-05
8.567183e-04 8.620640e-05
8.998424e-04 8.632374e-05
9.430879e-04 8.638007e-05
9.862843e-04 8.645465e-05
1.029460e-03 8.652791e-05
1.072760e-03 8.668961e-05
1.116189e-03 8.676688e-05
1.159593e-03 8.685900e-05
1.203543e-03 8.727854e-05
1.247640e-03 8.836296e-05
1.291705e-03 8.867325e-05
1.335745e-03 8.940641e-05
1.379599e-03 8.961948e-05
1.424389e-03 8.882066e-05
1.469366e-03 8.858477e-05
1.513732e-03 8.877989e-05
1.558046e-03 8.887939e-05
1.602411e-03 8.907090e-05
1.646933e-03 8.917340e-05
1.691658e-03 8.928919e-05
1.736365e-03 8.938153e-05
1.780981e-03 8.962276e-05
1.825767e-03 8.975140e-05
1.870778e-03 8.990452e-05
1.915752e-03 8.999877e-05
1.960701e-03 9.013301e-05
2.005821e-03 9.022283e-05
2.051078e-03 9.041456e-05
2.096310e-03 9.053000e-05
2.141491e-03 9.076494e-05
2.186795e-03 9.092379e-05
2.232339e-03 9.113878e-05
2.278153e-03 9.131721e-05
2.323920e-03 9.171997e-05
2.369763e-03 9.197257e-05
2.415869e-03 9.240825e-05
2.462302e-03 9.269774e-05
2.508834e-03 9.315901e-05
2.555224e-03 9.330251e-05
2.601946e-03 9.332369e-05
2.648794e-03 9.334304e-05
2.695518e-03 9.342466e-05
2.742115e-03 9.344053e-05
2.788823e-03 9.347422e-05
2.835596e-03 9.346106e-05
2.882315e-03 9.333760e-05
2.929396e-03 9.357417e-05
2.976826e-03 9.364905e-05
3.023947e-03 9.342661e-05
3.070781e-03 9.346164e-05
3.117466e-03 9.344774e-05
3.164079e-03 9.335209e-05
3.210793e-03 9.331444e-05
3.257563e-03 9.329178e-05
3.304435e-03 9.340806e-05
3.351198e-03 9.373550e-05
3.397895e-03 9.381353e-05
3.444845e-03 9.378353e-05
3.491818e-03 9.372237e-05
3.538649e-03 9.361266e-05
3.585543e-03 9.367443e-05
3.632514e-03 9.389396e-05
3.679400e-03 9.385850e-05
3.726203e-03 9.372183e-05
3.772964e-03 9.371139e-05
3.819874e-03 9.361137e-05
3.867192e-03 9.375608e-05
3.914290e-03 9.434590e-05
3.961071e-03 9.443195e-05
4.008275e-03 9.414299e-05
4.055541e-03 9.401151e-05
4.102525e-03 9.393883e-05
4.149430e-03 9.392991e-05
4.196422e-03 9.393968e-05
4.243474e-03 9.391533e-05
4.290463e-03 9.377446e-05
4.337354e-03 9.372834e-05
4.384151e-03 9.375603e-05
4.431560e-03 9.406915e-05
4.479075e-03 9.494030e-05
