-1.500000e-02 3.107806e-05
-1.485000e-02 3.118408e-05
-1.470000e-02 3.125276e-05
-1.455000e-02 3.140119e-05
-1.440000e-02 3.142408e-05
-1.425000e-02 3.129685e-05
-1.410000e-02 3.124343e-05
-1.395000e-02 3.126464e-05
-1.380000e-02 3.129517e-05
-1.365000e-02 3.133758e-05
-1.350000e-02 3.132995e-05
-1.335000e-02 3.137236e-05
-1.320000e-02 3.134946e-05
-1.305000e-02 3.122223e-05
-1.290000e-02 3.130238e-05
-1.275000e-02 3.158847e-05
-1.260000e-02 3.156560e-05
-1.245000e-02 3.137506e-05
-1.230000e-02 3.130645e-05
-1.215000e-02 3.109474e-05
-1.200000e-02 3.105662e-05
-1.185000e-02 3.122599e-05
-1.170000e-02 3.131747e-05
-1.155000e-02 3.142333e-05
-1.140000e-02 3.140808e-05
-1.125000e-02 3.115404e-05
-1.110000e-02 3.110829e-05
-1.095000e-02 3.110829e-05
-1.080000e-02 3.100918e-05
-1.065000e-02 3.088216e-05
-1.050000e-02 3.101939e-05
-1.035000e-02 3.123109e-05
-1.020000e-02 3.116248e-05
-1.005000e-02 3.107780e-05
-9.900000e-03 3.103968e-05
-9.750000e-03 3.103968e-05
-9.600000e-03 3.111592e-05
-9.450000e-03 3.110487e-05
-9.300000e-03 3.106279e-05
-9.150000e-03 3.114761e-05
-9.000000e-03 3.117814e-05
-8.850000e-03 3.124175e-05
-8.700000e-03 3.127991e-05
-8.550000e-03 3.125870e-05
-8.400000e-03 3.122818e-05
-8.250000e-03 3.124938e-05
-8.100000e-03 3.124938e-05
-7.950000e-03 3.112215e-05
-7.800000e-03 3.109925e-05
-7.650000e-03 3.116287e-05
-7.500000e-03 3.117814e-05
-7.350000e-03 3.102970e-05
-7.200000e-03 3.096502e-05
-7.050000e-03 3.103968e-05
-6.900000e-03 3.110067e-05
-6.750000e-03 3.129120e-05
-6.600000e-03 3.132932e-05
-6.450000e-03 3.107528e-05
-6.300000e-03 3.100666e-05
-6.150000e-03 3.111251e-05
-6.000000e-03 3.112776e-05
-5.850000e-03 3.114893e-05
-5.700000e-03 3.114893e-05
-5.550000e-03 3.104308e-05
-5.400000e-03 3.105833e-05
-5.250000e-03 3.124886e-05
-5.100000e-03 3.129461e-05
-4.950000e-03 3.133695e-05
-4.800000e-03 3.134457e-05
-4.650000e-03 3.130223e-05
-4.500000e-03 3.129461e-05
-4.350000e-03 3.131578e-05
-4.200000e-03 3.132340e-05
-4.050000e-03 3.138691e-05
-3.900000e-03 3.134879e-05
-3.750000e-03 3.111592e-05
-3.600000e-03 3.113116e-05
-3.450000e-03 3.128975e-05
-3.300000e-03 3.125532e-05
-3.150000e-03 3.117050e-05
-3.000000e-03 3.120103e-05
-2.850000e-03 3.124344e-05
-2.700000e-03 3.122054e-05
-2.550000e-03 3.115693e-05
-2.400000e-03 3.114930e-05
-2.250000e-03 3.127653e-05
-2.100000e-03 3.136810e-05
-1.950000e-03 3.136810e-05
-1.800000e-03 3.128416e-05
-1.650000e-03 3.119934e-05
-1.500000e-03 3.122223e-05
-1.350000e-03 3.122223e-05
-1.200000e-03 3.115753e-05
-1.050000e-03 3.102021e-05
-9.000000e-04 3.102783e-05
-7.500000e-04 3.100666e-05
-6.000000e-04 3.102191e-05
-4.500000e-04 3.112776e-05
-3.000000e-04 3.109442e-05
-1.500000e-04 3.108964e-05
1.047700e-09 3.120117e-05
1.500000e-04 3.139173e-05
3.000000e-04 3.140698e-05
4.500000e-04 3.123759e-05
6.000000e-04 3.112321e-05
7.500000e-04 3.114439e-05
9.000000e-04 3.121301e-05
1.050000e-03 3.109606e-05
1.200000e-03 3.103872e-05
1.350000e-03 3.118717e-05
1.500000e-03 3.123297e-05
1.650000e-03 3.119055e-05
1.800000e-03 3.119447e-05
1.950000e-03 3.131125e-05
2.100000e-03 3.132650e-05
2.250000e-03 3.132650e-05
2.400000e-03 3.138751e-05
2.550000e-03 3.149341e-05
2.700000e-03 3.140955e-05
2.850000e-03 3.109199e-05
3.000000e-03 3.108439e-05
3.150000e-03 3.123261e-05
3.300000e-03 3.130124e-05
3.450000e-03 3.149180e-05
3.600000e-03 3.144605e-05
3.750000e-03 3.115981e-05
3.900000e-03 3.111773e-05
4.050000e-03 3.107531e-05
4.200000e-03 3.111348e-05
4.350000e-03 3.138918e-05
4.500000e-03 3.144647e-05
4.650000e-03 3.128768e-05
4.800000e-03 3.117331e-05
4.950000e-03 3.108861e-05
5.100000e-03 3.111911e-05
5.250000e-03 3.120381e-05
5.400000e-03 3.128006e-05
5.550000e-03 3.125889e-05
5.700000e-03 3.114451e-05
5.850000e-03 3.120803e-05
6.000000e-03 3.125378e-05
6.150000e-03 3.114791e-05
6.300000e-03 3.114029e-05
6.450000e-03 3.108689e-05
6.600000e-03 3.109058e-05
6.750000e-03 3.109058e-05
6.900000e-03 3.106005e-05
7.050000e-03 3.108126e-05
7.200000e-03 3.105473e-05
7.350000e-03 3.087517e-05
7.500000e-03 3.089805e-05
7.650000e-03 3.102509e-05
7.800000e-03 3.100984e-05
7.950000e-03 3.113689e-05
8.100000e-03 3.117501e-05
8.250000e-03 3.096327e-05
8.400000e-03 3.100902e-05
8.550000e-03 3.139015e-05
8.700000e-03 3.136728e-05
8.850000e-03 3.130376e-05
9.000000e-03 3.137238e-05
9.150000e-03 3.136164e-05
9.300000e-03 3.134251e-05
9.450000e-03 3.151217e-05
9.600000e-03 3.155418e-05
9.750000e-03 3.158582e-05
9.900000e-03 3.155532e-05
1.005000e-02 3.138593e-05
1.020000e-02 3.137068e-05
1.035000e-02 3.126481e-05
1.050000e-02 3.124956e-05
1.065000e-02 3.146130e-05
1.080000e-02 3.151467e-05
1.095000e-02 3.130293e-05
1.110000e-02 3.121144e-05
1.125000e-02 3.110557e-05
1.140000e-02 3.107507e-05
1.155000e-02 3.110643e-05
1.170000e-02 3.117116e-05
1.185000e-02 3.134082e-05
1.200000e-02 3.135608e-05
1.215000e-02 3.116521e-05
1.230000e-02 3.109285e-05
1.245000e-02 3.125208e-05
1.260000e-02 3.130546e-05
1.275000e-02 3.109372e-05
1.290000e-02 3.106322e-05
1.305000e-02 3.129613e-05
1.320000e-02 3.131139e-05
1.335000e-02 3.116316e-05
1.350000e-02 3.112504e-05
1.365000e-02 3.099800e-05
1.380000e-02 3.098274e-05
1.395000e-02 3.098274e-05
1.410000e-02 3.099037e-05
1.425000e-02 3.106401e-05
1.440000e-02 3.108294e-05
1.455000e-02 3.114657e-05
1.470000e-02 3.111604e-05
1.485000e-02 3.101000e-05
