-6.064187e-03 1.229601e-04
-6.002736e-03 1.226120e-04
-5.941296e-03 1.225918e-04
-5.880094e-03 1.226254e-04
-5.819053e-03 1.225410e-04
-5.758184e-03 1.225924e-04
-5.697136e-03 1.226076e-04
-5.635799e-03 1.224780e-04
-5.574529e-03 1.225029e-04
-5.513314e-03 1.223559e-04
-5.452106e-03 1.222984e-04
-5.391052e-03 1.223959e-04
-5.329977e-03 1.223335e-04
-5.268833e-03 1.223543e-04
-5.207833e-03 1.223857e-04
-5.146838e-03 1.221718e-04
-5.085664e-03 1.222022e-04
-5.024407e-03 1.221486e-04
-4.963047e-03 1.220800e-04
-4.901700e-03 1.222188e-04
-4.840755e-03 1.221386e-04
-4.780088e-03 1.220710e-04
-4.719377e-03 1.220725e-04
-4.658565e-03 1.219081e-04
-4.597412e-03 1.219432e-04
-4.536027e-03 1.219621e-04
-4.474930e-03 1.219071e-04
-4.414151e-03 1.219785e-04
-4.353510e-03 1.219219e-04
-4.292881e-03 1.217859e-04
-4.231992e-03 1.217820e-04
-4.170829e-03 1.216193e-04
-4.109748e-03 1.216215e-04
-4.048887e-03 1.216879e-04
-3.988194e-03 1.216110e-04
-3.927659e-03 1.216606e-04
-3.866964e-03 1.216645e-04
-3.806017e-03 1.215633e-04
-3.745171e-03 1.215768e-04
-3.684425e-03 1.214759e-04
-3.623672e-03 1.214437e-04
-3.562981e-03 1.214574e-04
-3.502254e-03 1.213741e-04
-3.441495e-03 1.213966e-04
-3.380894e-03 1.214198e-04
-3.320366e-03 1.212995e-04
-3.259751e-03 1.213085e-04
-3.199102e-03 1.212772e-04
-3.138347e-03 1.212195e-04
-3.077543e-03 1.212821e-04
-3.017024e-03 1.212428e-04
-2.956709e-03 1.211675e-04
-2.896327e-03 1.211808e-04
-2.835836e-03 1.210374e-04
-2.775078e-03 1.210363e-04
-2.714137e-03 1.210336e-04
-2.653473e-03 1.209762e-04
-2.593162e-03 1.210996e-04
-2.532932e-03 1.210953e-04
-2.472654e-03 1.210020e-04
-2.412112e-03 1.210167e-04
-2.351336e-03 1.209717e-04
-2.290778e-03 1.209343e-04
-2.230444e-03 1.208976e-04
-2.170141e-03 1.208653e-04
-2.109891e-03 1.208630e-04
-2.049491e-03 1.208426e-04
-1.988894e-03 1.207628e-04
-1.928409e-03 1.207767e-04
-1.868087e-03 1.207838e-04
-1.807808e-03 1.207608e-04
-1.747569e-03 1.207620e-04
-1.687198e-03 1.207317e-04
-1.626677e-03 1.207012e-04
-1.566271e-03 1.207310e-04
-1.506015e-03 1.207597e-04
-1.445793e-03 1.207492e-04
-1.385538e-03 1.206627e-04
-1.325107e-03 1.206271e-04
-1.264579e-03 1.206697e-04
-1.204291e-03 1.206504e-04
-1.144173e-03 1.205767e-04
-1.083994e-03 1.205870e-04
-1.023786e-03 1.205669e-04
-9.635599e-04 1.205701e-04
-9.033703e-04 1.206391e-04
-8.431113e-04 1.205964e-04
-7.826941e-04 1.205180e-04
-7.223761e-04 1.205398e-04
-6.622111e-04 1.205515e-04
-6.020825e-04 1.205339e-04
-5.419403e-04 1.204623e-04
-4.815434e-04 1.204800e-04
-4.209886e-04 1.205699e-04
-3.607332e-04 1.205320e-04
-3.006753e-04 1.204522e-04
-2.405521e-04 1.204626e-04
-1.804290e-04 1.204918e-04
-1.201572e-04 1.204959e-04
-5.968645e-05 1.204279e-04
6.191337e-07 1.204321e-04
6.073564e-05 1.204177e-04
1.210567e-04 1.204259e-04
1.813443e-04 1.205045e-04
2.414421e-04 1.205283e-04
3.017574e-04 1.205358e-04
3.620620e-04 1.205320e-04
4.221631e-04 1.205571e-04
4.824550e-04 1.205713e-04
5.429579e-04 1.205627e-04
6.033076e-04 1.205770e-04
6.634946e-04 1.205839e-04
7.236654e-04 1.205766e-04
7.838074e-04 1.206046e-04
8.441174e-04 1.206061e-04
9.046356e-04 1.205670e-04
9.649972e-04 1.205684e-04
1.025172e-03 1.205793e-04
1.085405e-03 1.206179e-04
1.145661e-03 1.206868e-04
1.206048e-03 1.206812e-04
1.266591e-03 1.207121e-04
1.326954e-03 1.207251e-04
1.387147e-03 1.207396e-04
1.447391e-03 1.207752e-04
1.507688e-03 1.207859e-04
1.568165e-03 1.207881e-04
1.628824e-03 1.207942e-04
1.689265e-03 1.207746e-04
1.749548e-03 1.206789e-04
1.809909e-03 1.206914e-04
1.870207e-03 1.208321e-04
1.930687e-03 1.208826e-04
1.991444e-03 1.208660e-04
2.052017e-03 1.208596e-04
2.112337e-03 1.209611e-04
2.172633e-03 1.209835e-04
2.232943e-03 1.210208e-04
2.293492e-03 1.210675e-04
2.354324e-03 1.210312e-04
2.414991e-03 1.210294e-04
2.475462e-03 1.210468e-04
2.535930e-03 1.210519e-04
2.596330e-03 1.211823e-04
2.656846e-03 1.211896e-04
2.717584e-03 1.211447e-04
2.778278e-03 1.212118e-04
2.838894e-03 1.212229e-04
2.899706e-03 1.212345e-04
2.960669e-03 1.213206e-04
3.021358e-03 1.212970e-04
3.081804e-03 1.213301e-04
3.142292e-03 1.213673e-04
3.202855e-03 1.213438e-04
3.263699e-03 1.213932e-04
3.324780e-03 1.214417e-04
3.385673e-03 1.214565e-04
3.446382e-03 1.214979e-04
3.507016e-03 1.214680e-04
3.567555e-03 1.215449e-04
3.628342e-03 1.216116e-04
3.689476e-03 1.215261e-04
3.750518e-03 1.215510e-04
3.811361e-03 1.216467e-04
3.872179e-03 1.216668e-04
3.932954e-03 1.217949e-04
3.993828e-03 1.217901e-04
4.054883e-03 1.217817e-04
4.115838e-03 1.218282e-04
4.176727e-03 1.217587e-04
4.237734e-03 1.218049e-04
4.298739e-03 1.219365e-04
4.359853e-03 1.219379e-04
4.421049e-03 1.221097e-04
4.482023e-03 1.221481e-04
4.542921e-03 1.220725e-04
4.603978e-03 1.221406e-04
4.665155e-03 1.221288e-04
4.726508e-03 1.221190e-04
4.787886e-03 1.223577e-04
4.848931e-03 1.223545e-04
4.909817e-03 1.223011e-04
4.970817e-03 1.223505e-04
5.031945e-03 1.222762e-04
5.093420e-03 1.223471e-04
5.155155e-03 1.224197e-04
5.216622e-03 1.223961e-04
5.277760e-03 1.225687e-04
5.338795e-03 1.225685e-04
5.399824e-03 1.225786e-04
5.461179e-03 1.226672e-04
5.522863e-03 1.226748e-04
5.584462e-03 1.227374e-04
5.645969e-03 1.227532e-04
5.707595e-03 1.227180e-04
5.769253e-03 1.228749e-04
5.830613e-03 1.228637e-04
5.891810e-03 1.227963e-04
5.953245e-03 1.229155e-04
6.014906e-03 1.228691e-04
1e-04
3.816252e-03 1.623584e-04
3.897526e-03 1.624805e-04
3.978800e-03 1.625124e-04
4.059921e-03 1.625429e-04
4.141233e-03 1.626171e-04
4.222698e-03 1.626248e-04
4.303959e-03 1.626775e-04
4.385029e-03 1.626927e-04
4.466291e-03 1.627249e-04
4.547869e-03 1.628165e-04
4.629461e-03 1.627420e-04
4.710938e-03 1.627572e-04
4.792466e-03 1.630228e-04
4.874071e-03 1.630533e-04
4.955471e-03 1.631687e-04
5.036580e-03 1.631458e-04
5.117651e-03 1.631458e-04
5.199140e-03 1.632864e-04
5.281050e-03 1.632864e-04
5.362934e-03 1.633823e-04
5.444729e-03 1.634881e-04
5.526409e-03 1.633466e-04
5.608052e-03 1.633254e-04
5.689695e-03 1.634288e-04
5.771299e-03 1.634712e-04
5.853043e-03 1.635704e-04
5.935029e-03 1.637526e-04
6.016646e-03 1.634855e-04
6.097347e-03 1.639595e-04
6.177910e-03 1.641578e-04
6.259145e-03 1.638962e-04
6.340991e-03 1.640564e-04
6.423015e-03 1.638947e-04
6.505102e-03 1.639863e-04
6.587431e-03 1.641479e-04
6.669709e-03 1.640640e-04
6.751593e-03 1.641775e-04
6.833325e-03 1.642385e-04
6.915323e-03 1.642737e-04
6.997716e-03 1.644110e-04
7.080121e-03 1.644605e-04
7.162373e-03 1.644986e-04
7.244855e-03 1.645341e-04
7.327438e-03 1.644959e-04
7.409499e-03 1.649473e-04
7.491346e-03 1.650922e-04
7.573560e-03 1.648806e-04
7.656359e-03 1.650427e-04
7.739552e-03 1.651485e-04
