-1.000000e-01 7.864949e-04
-9.933300e-02 7.999616e-04
-9.866700e-02 7.977912e-04
-9.800000e-02 8.228277e-04
-9.733300e-02 8.321703e-04
-9.666700e-02 8.854680e-04
-9.600000e-02 8.828723e-04
-9.533300e-02 8.394375e-04
-9.466700e-02 7.478781e-04
-9.400000e-02 7.757598e-04
-9.333300e-02 8.619914e-04
-9.266700e-02 8.348683e-04
-9.200000e-02 8.423878e-04
-9.133300e-02 8.776667e-04
-9.066700e-02 8.460351e-04
-9.000000e-02 9.329045e-04
-8.933300e-02 9.682873e-04
-8.866700e-02 8.326723e-04
-8.800000e-02 8.135007e-04
-8.733300e-02 8.195702e-04
-8.666700e-02 8.475533e-04
-8.600000e-02 9.067308e-04
-8.533300e-02 8.732891e-04
-8.466700e-02 7.699181e-04
-8.400000e-02 7.719389e-04
-8.333300e-02 7.975445e-04
-8.266700e-02 7.881865e-04
-8.200000e-02 9.154560e-04
-8.133300e-02 9.568411e-04
-8.066700e-02 9.179585e-04
-8.000000e-02 8.909177e-04
-7.933300e-02 7.786322e-04
-7.866700e-02 7.714204e-04
-7.800000e-02 6.633077e-04
-7.733300e-02 6.776917e-04
-7.666700e-02 7.702514e-04
-7.600000e-02 7.539262e-04
-7.533300e-02 8.081722e-04
-7.466700e-02 8.255339e-04
-7.400000e-02 8.319827e-04
-7.333300e-02 8.676268e-04
-7.266700e-02 9.345809e-04
-7.200000e-02 8.977086e-04
-7.133300e-02 8.227883e-04
-7.066700e-02 8.338408e-04
-7.000000e-02 8.594464e-04
-6.933300e-02 7.963312e-04
-6.866700e-02 8.968571e-04
-6.800000e-02 9.650227e-04
-6.733300e-02 8.603240e-04
-6.666700e-02 8.565715e-04
-6.600000e-02 8.981095e-04
-6.533300e-02 9.132568e-04
-6.466700e-02 9.263442e-04
-6.400000e-02 9.069619e-04
-6.333300e-02 8.997543e-04
-6.266700e-02 9.214758e-04
-6.200000e-02 9.112335e-04
-6.133300e-02 8.910858e-04
-6.066700e-02 2.021148e-03
-6.000000e-02 1.950517e-03
-5.933300e-02 7.233424e-04
-5.866700e-02 8.214033e-04
-5.800000e-02 1.021127e-03
-5.733300e-02 1.061182e-03
-5.666700e-02 9.595183e-04
-5.600000e-02 9.422367e-04
-5.533300e-02 1.014122e-03
-5.466700e-02 1.009567e-03
-5.400000e-02 9.003162e-04
-5.333300e-02 8.766609e-04
-5.266700e-02 9.618234e-04
-5.200000e-02 1.000763e-03
-5.133300e-02 1.107548e-03
-5.066700e-02 1.053035e-03
-5.000000e-02 9.310758e-04
-4.933300e-02 9.640679e-04
-4.866700e-02 1.011486e-03
-4.800000e-02 1.013970e-03
-4.733300e-02 1.147499e-03
-4.666700e-02 1.160930e-03
-4.600000e-02 9.890874e-04
-4.533300e-02 9.841854e-04
-4.466700e-02 9.288014e-04
-4.400000e-02 9.336351e-04
-4.333300e-02 1.104908e-03
-4.266700e-02 1.068228e-03
-4.200000e-02 1.253916e-03
-4.133300e-02 1.329091e-03
-4.066700e-02 1.109072e-03
-4.000000e-02 1.085264e-03
-3.933300e-02 8.297763e-04
-3.866700e-02 7.858296e-04
-3.800000e-02 9.929509e-04
-3.733300e-02 9.747387e-04
-3.666700e-02 9.182166e-04
-3.600000e-02 9.777115e-04
-3.533300e-02 1.105929e-03
-3.466700e-02 1.121893e-03
-3.400000e-02 1.082062e-03
-3.333300e-02 1.050320e-03
-3.266700e-02 9.807103e-04
-3.200000e-02 9.560933e-04
-3.133300e-02 9.263149e-04
-3.066700e-02 9.525028e-04
-3.000000e-02 9.904371e-04
-2.933300e-02 9.894125e-04
-2.866700e-02 9.328905e-04
-2.800000e-02 9.032237e-04
-2.733300e-02 8.616856e-04
-2.666700e-02 8.761883e-04
-2.600000e-02 9.105189e-04
-2.533300e-02 9.307464e-04
-2.466700e-02 1.141471e-03
-2.400000e-02 1.161271e-03
-2.333300e-02 1.035140e-03
-2.266700e-02 1.025167e-03
-2.200000e-02 8.846206e-04
-2.133300e-02 8.333081e-04
-2.066700e-02 9.093664e-04
-2.000000e-02 9.440121e-04
-1.933300e-02 9.921887e-04
-1.866700e-02 1.012402e-03
-1.800000e-02 1.027765e-03
-1.733300e-02 1.052566e-03
-1.666700e-02 1.088035e-03
-1.600000e-02 1.068431e-03
-1.533300e-02 1.031255e-03
-1.466700e-02 1.028992e-03
-1.400000e-02 1.040941e-03
-1.333300e-02 1.052562e-03
-1.266700e-02 1.067926e-03
-1.200000e-02 1.059853e-03
-1.133300e-02 1.028936e-03
-1.066700e-02 1.027515e-03
-1.000000e-02 1.053310e-03
-9.333300e-03 1.058706e-03
-8.666700e-03 1.065534e-03
-8.000000e-03 1.071453e-03
-7.333300e-03 1.074298e-03
-6.666700e-03 1.072341e-03
-6.000000e-03 1.048632e-03
-5.333300e-03 1.046564e-03
-4.666700e-03 1.056616e-03
-4.000000e-03 1.049464e-03
-3.333300e-03 1.063120e-03
-2.666700e-03 1.076166e-03
-2.000000e-03 1.081477e-03
-1.333300e-03 1.090991e-03
-6.666600e-04 1.103766e-03
6.170000e-09 1.111510e-03
6.666700e-04 1.110184e-03
1.333300e-03 1.119285e-03
2.000000e-03 1.140910e-03
2.666700e-03 1.146703e-03
3.333300e-03 1.152394e-03
4.000000e-03 1.153357e-03
4.666700e-03 1.165685e-03
5.333300e-03 1.169847e-03
6.000000e-03 1.154484e-03
6.666700e-03 1.149025e-03
7.333300e-03 1.153027e-03
8.000000e-03 1.150912e-03
8.666700e-03 1.300372e-03
9.333300e-03 1.356243e-03
1.000000e-02 1.232752e-03
1.066700e-02 1.187800e-03
1.133300e-02 1.154034e-03
1.200000e-02 1.148571e-03
1.266700e-02 1.181198e-03
1.333300e-02 1.168237e-03
1.400000e-02 1.121003e-03
1.466700e-02 1.110601e-03
1.533300e-02 1.037379e-03
1.600000e-02 1.035430e-03
1.666700e-02 1.094320e-03
1.733300e-02 1.097322e-03
1.800000e-02 1.090219e-03
1.866700e-02 1.124484e-03
1.933300e-02 1.159008e-03
2.000000e-02 1.139346e-03
2.066700e-02 1.130051e-03
2.133300e-02 9.675183e-04
2.200000e-02 5.245837e-04
2.266700e-02 6.665766e-04
2.333300e-02 1.057156e-03
2.400000e-02 1.095718e-03
2.466700e-02 1.182787e-03
2.533300e-02 1.179915e-03
2.600000e-02 1.208179e-03
2.666700e-02 1.217678e-03
2.733300e-02 1.185810e-03
2.800000e-02 1.175423e-03
2.866700e-02 1.178259e-03
2.933300e-02 1.179760e-03
3.000000e-02 1.202913e-03
3.066700e-02 1.211388e-03
3.133300e-02 1.192229e-03
3.200000e-02 1.186142e-03
3.266700e-02 1.188229e-03
3.333300e-02 1.189055e-03
3.400000e-02 1.239893e-03
3.466700e-02 1.258788e-03
3.533300e-02 1.210606e-03
3.600000e-02 1.193350e-03
3.666700e-02 1.195247e-03
3.733300e-02 1.191963e-03
3.800000e-02 1.180573e-03
3.866700e-02 1.185145e-03
3.933300e-02 1.195965e-03
4.000000e-02 1.198832e-03
4.066700e-02 1.206567e-03
4.133300e-02 1.208341e-03
4.200000e-02 1.209901e-03
4.266700e-02 1.208345e-03
4.333300e-02 1.204172e-03
4.400000e-02 1.207434e-03
4.466700e-02 1.215780e-03
4.533300e-02 1.217779e-03
4.600000e-02 1.221383e-03
4.666700e-02 1.223137e-03
4.733300e-02 1.224845e-03
4.800000e-02 1.225823e-03
4.866700e-02 1.228289e-03
4.933300e-02 1.225059e-03
5.000000e-02 1.214578e-03
5.066700e-02 1.220242e-03
5.133300e-02 1.235844e-03
5.200000e-02 1.238096e-03
5.266700e-02 1.241997e-03
5.333300e-02 1.242748e-03
5.400000e-02 1.243779e-03
5.466700e-02 1.245652e-03
5.533300e-02 1.247929e-03
5.600000e-02 1.247966e-03
5.666700e-02 1.247966e-03
5.733300e-02 1.249432e-03
5.800000e-02 1.402325e-03
5.866700e-02 1.458044e-03
5.933300e-02 1.307238e-03
6.000000e-02 1.232117e-03
6.066700e-02 1.179192e-03
6.133300e-02 1.173858e-03
6.200000e-02 1.150193e-03
6.266700e-02 1.182061e-03
6.333300e-02 1.267567e-03
6.400000e-02 1.267812e-03
6.466700e-02 2.006099e-03
6.533300e-02 2.270558e-03
6.600000e-02 1.596576e-03
6.666700e-02 1.353910e-03
6.733300e-02 1.294726e-03
6.800000e-02 1.277260e-03
6.866700e-02 1.276502e-03
6.933300e-02 1.279211e-03
7.000000e-02 1.290972e-03
7.066700e-02 1.291265e-03
7.133300e-02 1.291455e-03
7.200000e-02 1.293485e-03
7.266700e-02 1.296140e-03
7.333300e-02 1.283943e-03
7.400000e-02 1.248770e-03
7.466700e-02 1.264806e-03
7.533300e-02 1.306239e-03
7.600000e-02 1.308685e-03
7.666700e-02 1.315135e-03
7.733300e-02 9.917553e-04
7.800000e-02 9.697042e-05
7.866700e-02 4.171390e-04
7.933300e-02 1.298076e-03
8.000000e-02 1.304437e-03
8.066700e-02 1.315060e-03
8.133300e-02 1.314916e-03
8.200000e-02 1.418868e-03
8.266700e-02 1.453200e-03
8.333300e-02 1.353632e-03
8.400000e-02 1.296447e-03
8.466700e-02 1.230223e-03
8.533300e-02 1.261954e-03
8.600000e-02 1.487611e-03
8.666700e-02 1.537631e-03
8.733300e-02 1.397906e-03
8.800000e-02 1.349322e-03
8.866700e-02 1.348943e-03
8.933300e-02 1.350440e-03
9.000000e-02 1.351009e-03
9.066700e-02 1.352791e-03
9.133300e-02 1.356016e-03
9.200000e-02 1.357919e-03
9.266700e-02 1.364748e-03
9.333300e-02 1.366192e-03
9.400000e-02 1.369038e-03
9.466700e-02 1.372166e-03
9.533300e-02 1.370802e-03
9.600000e-02 1.370870e-03
9.666700e-02 1.374321e-03
9.733300e-02 1.375549e-03
9.800000e-02 1.381566e-03
9.866700e-02 1.385661e-03
9.933300e-02 1.395388e-03
