-3.330655e-04 6.693724e-06
-3.297504e-04 6.713866e-06
-3.264559e-04 6.720860e-06
-3.231158e-04 6.630432e-06
-3.197173e-04 6.620723e-06
-3.163382e-04 6.659747e-06
-3.130223e-04 6.648012e-06
-3.097304e-04 6.621995e-06
-3.063926e-04 6.628075e-06
-3.030408e-04 6.655140e-06
-2.997147e-04 6.649560e-06
-2.964030e-04 6.658162e-06
-2.930675e-04 6.687671e-06
-2.897176e-04 6.712009e-06
-2.863901e-04 6.695245e-06
-2.830613e-04 6.680348e-06
-2.797511e-04 6.675895e-06
-2.764273e-04 6.640706e-06
-2.730731e-04 6.634190e-06
-2.697637e-04 6.657209e-06
-2.664712e-04 6.655359e-06
-2.631385e-04 6.616754e-06
-2.597865e-04 6.626484e-06
-2.564623e-04 6.666349e-06
-2.531533e-04 6.659559e-06
-2.498385e-04 6.664805e-06
-2.465349e-04 6.672124e-06
-2.431841e-04 6.613412e-06
-2.397873e-04 6.607804e-06
-2.364709e-04 6.692743e-06
-2.331803e-04 6.707621e-06
-2.298205e-04 6.667128e-06
-2.264706e-04 6.658767e-06
-2.231477e-04 6.647017e-06
-2.198216e-04 6.632605e-06
-2.164875e-04 6.612673e-06
-2.131198e-04 6.625643e-06
-2.097506e-04 6.659423e-06
-2.064474e-04 6.644118e-06
-2.031799e-04 6.627753e-06
-1.998409e-04 6.652710e-06
-1.964468e-04 6.663830e-06
-1.931175e-04 6.641070e-06
-1.898306e-04 6.615054e-06
-1.865014e-04 6.619036e-06
-1.831674e-04 6.655544e-06
-1.798317e-04 6.669721e-06
-1.764765e-04 6.676854e-06
-1.731346e-04 6.683625e-06
-1.698145e-04 6.705025e-06
-1.665080e-04 6.692448e-06
-1.631843e-04 6.662655e-06
-1.598394e-04 6.676823e-06
-1.564775e-04 6.688056e-06
-1.531269e-04 6.673204e-06
-1.497989e-04 6.635955e-06
-1.464457e-04 6.637619e-06
-1.430887e-04 6.669300e-06
-1.397842e-04 6.661271e-06
-1.364945e-04 6.630219e-06
-1.331833e-04 6.619923e-06
-1.298492e-04 6.586563e-06
-1.265008e-04 6.595192e-06
-1.231612e-04 6.634079e-06
-1.198267e-04 6.633019e-06
-1.165052e-04 6.618259e-06
-1.131695e-04 6.621475e-06
-1.098148e-04 6.632386e-06
-1.065000e-04 6.624472e-06
-1.032133e-04 6.615870e-06
-9.989212e-05 6.621371e-06
-9.654290e-05 6.623258e-06
-9.318208e-05 6.630875e-06
-8.981988e-05 6.649758e-06
-8.651928e-05 6.631640e-06
-8.325344e-05 6.605833e-06
-7.991656e-05 6.627119e-06
-7.656847e-05 6.700972e-06
-7.329419e-05 6.695372e-06
-6.999182e-05 6.599488e-06
-6.661539e-05 6.597321e-06
-6.324752e-05 6.639073e-06
-5.990988e-05 6.635982e-06
-5.657060e-05 6.624652e-06
-5.325564e-05 6.618014e-06
-4.998401e-05 6.638365e-06
-4.669991e-05 6.641158e-06
-4.337903e-05 6.621015e-06
-4.004404e-05 6.634288e-06
-3.671698e-05 6.650863e-06
-3.341965e-05 6.626958e-06
-3.010053e-05 6.557720e-06
-2.672158e-05 6.568655e-06
-2.337537e-05 6.653628e-06
-2.008762e-05 6.661219e-06
-1.680150e-05 6.651568e-06
-1.348175e-05 6.656193e-06
-1.012887e-05 6.647381e-06
-6.798289e-06 6.643926e-06
-3.480051e-06 6.651057e-06
-1.504750e-07 6.649728e-06
3.161717e-06 6.637621e-06
6.489529e-06 6.644031e-06
9.844047e-06 6.648017e-06
1.316972e-05 6.644218e-06
1.645105e-05 6.674015e-06
1.973603e-05 6.674873e-06
2.306762e-05 6.633115e-06
2.642378e-05 6.632813e-06
2.975398e-05 6.675201e-06
3.305521e-05 6.685179e-06
3.636803e-05 6.659998e-06
3.968690e-05 6.642478e-06
4.300980e-05 6.620654e-06
4.634316e-05 6.631126e-06
4.966870e-05 6.673423e-06
5.298316e-05 6.669861e-06
5.627331e-05 6.666805e-06
5.957517e-05 6.672793e-06
6.293498e-05 6.626417e-06
6.629051e-05 6.619217e-06
6.957674e-05 6.681121e-06
7.286009e-05 6.689603e-06
7.619760e-05 6.656448e-06
7.954406e-05 6.649886e-06
8.287867e-05 6.651355e-06
8.617499e-05 6.640947e-06
8.945191e-05 6.610939e-06
9.279333e-05 6.626778e-06
9.614986e-05 6.679029e-06
9.944316e-05 6.671981e-06
1.027331e-04 6.658162e-06
1.060862e-04 6.679079e-06
1.094397e-04 6.702761e-06
1.127657e-04 6.694774e-06
1.161067e-04 6.681554e-06
1.194260e-04 6.675975e-06
1.227421e-04 6.632327e-06
1.260863e-04 6.621389e-06
1.294187e-04 6.644262e-06
1.327509e-04 6.652408e-06
1.361058e-04 6.637299e-06
1.394429e-04 6.633271e-06
1.427656e-04 6.612706e-06
1.461119e-04 6.607457e-06
1.494407e-04 6.655512e-06
1.527524e-04 6.674630e-06
1.560725e-04 6.680085e-06
1.593855e-04 6.665643e-06
1.626897e-04 6.673618e-06
1.660046e-04 6.682819e-06
1.693707e-04 6.623014e-06
1.727611e-04 6.628178e-06
1.761033e-04 6.689242e-06
1.794099e-04 6.677818e-06
1.827580e-04 6.610669e-06
1.861387e-04 6.606068e-06
1.894652e-04 6.683710e-06
1.927242e-04 6.683289e-06
1.960107e-04 6.602919e-06
1.993816e-04 6.612542e-06
2.027489e-04 6.678642e-06
2.060599e-04 6.680691e-06
2.093594e-04 6.671878e-06
2.126772e-04 6.667641e-06
2.160204e-04 6.647286e-06
2.193681e-04 6.642686e-06
2.226984e-04 6.658844e-06
2.260319e-04 6.678670e-06
2.293640e-04 6.702382e-06
2.326772e-04 6.687458e-06
2.360051e-04 6.655142e-06
2.393839e-04 6.673923e-06
2.427576e-04 6.734357e-06
2.460640e-04 6.727848e-06
2.493597e-04 6.693854e-06
2.526854e-04 6.687465e-06
2.560315e-04 6.669419e-06
2.593687e-04 6.669744e-06
2.626809e-04 6.678767e-06
2.660048e-04 6.676934e-06
2.693376e-04 6.690783e-06
2.726765e-04 6.699457e-06
2.760412e-04 6.680571e-06
2.793835e-04 6.672443e-06
2.826657e-04 6.716300e-06
2.859526e-04 6.722769e-06
2.893019e-04 6.670308e-06
2.926771e-04 6.666917e-06
2.960305e-04 6.693786e-06
2.993620e-04 6.702462e-06
3.026946e-04 6.690929e-06
3.060189e-04 6.669664e-06
3.093267e-04 6.671762e-06
3.126355e-04 6.685224e-06
3.159555e-04 6.670325e-06
3.192890e-04 6.660936e-06
3.226234e-04 6.667021e-06
3.259581e-04 6.669435e-06
3.293150e-04 6.639218e-06
