-1.500000e-02 1.102914e-04
-1.490000e-02 1.027049e-04
-1.480000e-02 1.011910e-04
-1.470000e-02 1.023290e-04
-1.460000e-02 1.033536e-04
-1.450000e-02 1.065779e-04
-1.440000e-02 1.068625e-04
-1.430000e-02 1.062935e-04
-1.420000e-02 1.054624e-04
-1.410000e-02 1.102039e-04
-1.400000e-02 1.131413e-04
-1.390000e-02 1.042272e-04
-1.380000e-02 1.010978e-04
-1.370000e-02 1.009081e-04
-1.360000e-02 1.009636e-04
-1.350000e-02 1.038085e-04
-1.340000e-02 1.040259e-04
-1.330000e-02 1.034569e-04
-1.320000e-02 1.033761e-04
-1.310000e-02 1.024278e-04
-1.300000e-02 1.028377e-04
-1.290000e-02 1.030273e-04
-1.280000e-02 1.015387e-04
-1.270000e-02 1.005904e-04
-1.260000e-02 1.004396e-04
-1.250000e-02 9.968093e-05
-1.240000e-02 1.013204e-04
-1.230000e-02 1.028377e-04
-1.220000e-02 1.023722e-04
-1.210000e-02 1.021825e-04
-1.200000e-02 9.984728e-05
-1.190000e-02 1.055371e-04
-1.180000e-02 1.106008e-04
-1.170000e-02 1.066487e-04
-1.160000e-02 1.032381e-04
-1.150000e-02 1.016901e-04
-1.140000e-02 1.020863e-04
-1.130000e-02 9.620678e-05
-1.120000e-02 9.642450e-05
-1.110000e-02 1.030626e-04
-1.100000e-02 1.018202e-04
-1.090000e-02 9.783737e-05
-1.080000e-02 9.940852e-05
-1.070000e-02 1.026328e-04
-1.060000e-02 1.012808e-04
-1.050000e-02 9.710827e-05
-1.040000e-02 9.757217e-05
-1.030000e-02 1.013654e-04
-1.020000e-02 1.005457e-04
-1.010000e-02 1.014940e-04
-1.000000e-02 1.035551e-04
-9.900000e-03 1.048827e-04
-9.800000e-03 1.155274e-04
-9.700000e-03 1.119239e-04
-9.600000e-03 1.005288e-04
-9.500000e-03 1.016668e-04
-9.400000e-03 1.019272e-04
-9.300000e-03 1.021168e-04
-9.200000e-03 1.017069e-04
-9.100000e-03 1.013276e-04
-9.000000e-03 1.016136e-04
-8.900000e-03 1.010446e-04
-8.800000e-03 1.003488e-04
-8.700000e-03 1.001591e-04
-8.600000e-03 1.005007e-04
-8.500000e-03 1.008800e-04
-8.400000e-03 1.016435e-04
-8.300000e-03 1.037298e-04
-8.200000e-03 1.037860e-04
-8.100000e-03 1.022687e-04
-8.000000e-03 1.009847e-04
-7.900000e-03 1.006420e-04
-7.800000e-03 1.015288e-04
-7.700000e-03 1.028197e-04
-7.600000e-03 1.030121e-04
-7.500000e-03 1.022534e-04
-7.400000e-03 1.015154e-04
-7.300000e-03 1.003774e-04
-7.200000e-03 1.007739e-04
-7.100000e-03 1.024809e-04
-7.000000e-03 1.022076e-04
-6.900000e-03 1.006903e-04
-6.800000e-03 1.007717e-04
-6.700000e-03 1.028580e-04
-6.600000e-03 1.031865e-04
-6.500000e-03 9.996223e-05
-6.400000e-03 9.934743e-05
-6.300000e-03 1.021923e-04
-6.200000e-03 1.026151e-04
-6.100000e-03 1.012875e-04
-6.000000e-03 1.009330e-04
-5.900000e-03 1.007434e-04
-5.800000e-03 1.011660e-04
-5.700000e-03 1.017350e-04
-5.600000e-03 1.017905e-04
-5.500000e-03 1.031182e-04
-5.400000e-03 1.031182e-04
-5.300000e-03 1.023595e-04
-5.200000e-03 1.024404e-04
-5.100000e-03 1.035784e-04
-5.000000e-03 1.037024e-04
-4.900000e-03 1.042714e-04
-4.800000e-03 1.040665e-04
-4.700000e-03 1.010319e-04
-4.600000e-03 1.000896e-04
-4.500000e-03 1.019862e-04
-4.400000e-03 1.023820e-04
-4.300000e-03 1.002957e-04
-4.200000e-03 1.008422e-04
-4.100000e-03 1.027388e-04
-4.000000e-03 1.028879e-04
-3.900000e-03 1.023190e-04
-3.800000e-03 1.022382e-04
-3.700000e-03 1.035658e-04
-3.600000e-03 1.033055e-04
-3.500000e-03 1.012193e-04
-3.400000e-03 1.012063e-04
-3.300000e-03 1.025339e-04
-3.200000e-03 1.030804e-04
-3.100000e-03 1.011838e-04
-3.000000e-03 1.008549e-04
-2.900000e-03 1.031308e-04
-2.800000e-03 1.037329e-04
-2.700000e-03 1.039226e-04
-2.600000e-03 1.032395e-04
-2.500000e-03 1.021015e-04
-2.400000e-03 1.027964e-04
-2.300000e-03 1.033654e-04
-2.200000e-03 1.036269e-04
-2.100000e-03 1.045752e-04
-2.000000e-03 1.043819e-04
-1.900000e-03 1.049807e-04
-1.800000e-03 1.048443e-04
-1.700000e-03 1.027282e-04
-1.600000e-03 1.026480e-04
-1.500000e-03 1.034067e-04
-1.400000e-03 1.036233e-04
-1.300000e-03 1.041923e-04
-1.200000e-03 1.043855e-04
-1.100000e-03 1.051442e-04
-1.000000e-03 1.050075e-04
-9.000000e-04 1.027316e-04
-8.000000e-04 1.021975e-04
-7.000000e-04 1.031458e-04
-6.000000e-04 1.038165e-04
-5.000000e-04 1.045752e-04
-4.000000e-04 1.044386e-04
-3.000000e-04 1.040592e-04
-2.000000e-04 1.040186e-04
-1.000000e-04 1.036233e-04
-4.365600e-11 1.034225e-04
1.000000e-04 1.034067e-04
2.000000e-04 1.037075e-04
3.000000e-04 1.048457e-04
4.000000e-04 1.055173e-04
5.000000e-04 1.064660e-04
6.000000e-04 1.059309e-04
7.000000e-04 1.044450e-04
8.000000e-04 1.043085e-04
9.000000e-04 1.037078e-04
1.000000e-03 1.036279e-04
1.100000e-03 1.043867e-04
1.200000e-03 1.045348e-04
1.300000e-03 1.043451e-04
1.400000e-03 1.037871e-04
1.500000e-03 1.028386e-04
1.600000e-03 1.033967e-04
1.700000e-03 1.043767e-04
1.800000e-03 1.041721e-04
1.900000e-03 1.039508e-04
2.000000e-03 1.043489e-04
2.100000e-03 1.047283e-04
2.200000e-03 1.044666e-04
2.300000e-03 1.037078e-04
2.400000e-03 1.030813e-04
2.500000e-03 1.015638e-04
2.600000e-03 1.018492e-04
2.700000e-03 1.032105e-04
2.800000e-03 1.035516e-04
2.900000e-03 1.040872e-04
3.000000e-03 1.039390e-04
3.100000e-03 1.046977e-04
3.200000e-03 1.051189e-04
3.300000e-03 1.045498e-04
3.400000e-03 1.043336e-04
3.500000e-03 1.045233e-04
3.600000e-03 1.044666e-04
3.700000e-03 1.031388e-04
3.800000e-03 1.028539e-04
3.900000e-03 1.030436e-04
4.000000e-03 1.032485e-04
4.100000e-03 1.040073e-04
4.200000e-03 1.041554e-04
4.300000e-03 1.043451e-04
4.400000e-03 1.043336e-04
4.500000e-03 1.037646e-04
4.600000e-03 1.037761e-04
4.700000e-03 1.037761e-04
4.800000e-03 1.036279e-04
4.900000e-03 1.055248e-04
5.000000e-03 1.057412e-04
5.100000e-03 1.040665e-04
5.200000e-03 1.040665e-04
5.300000e-03 1.040340e-04
5.400000e-03 1.036126e-04
5.500000e-03 1.032333e-04
5.600000e-03 1.035864e-04
5.700000e-03 1.037761e-04
5.800000e-03 1.039695e-04
5.900000e-03 1.047283e-04
6.000000e-03 1.045348e-04
6.100000e-03 1.045660e-04
6.200000e-03 1.044295e-04
6.300000e-03 1.047778e-04
6.400000e-03 1.048344e-04
6.500000e-03 1.038859e-04
6.600000e-03 1.039658e-04
6.700000e-03 1.039658e-04
6.800000e-03 1.038859e-04
6.900000e-03 1.040756e-04
7.000000e-03 1.044283e-04
7.100000e-03 1.042386e-04
7.200000e-03 1.035443e-04
7.300000e-03 1.037340e-04
7.400000e-03 1.041439e-04
7.500000e-03 1.031955e-04
7.600000e-03 1.030023e-04
7.700000e-03 1.035714e-04
7.800000e-03 1.035596e-04
7.900000e-03 1.024214e-04
8.000000e-03 1.020921e-04
8.100000e-03 1.017128e-04
8.200000e-03 1.024520e-04
8.300000e-03 9.827880e-05
8.400000e-03 9.807383e-05
8.500000e-03 1.049027e-04
8.600000e-03 1.054600e-04
8.700000e-03 1.052703e-04
8.800000e-03 1.045764e-04
8.900000e-03 1.041970e-04
9.000000e-03 1.047545e-04
9.100000e-03 1.053235e-04
9.200000e-03 1.052443e-04
9.300000e-03 1.050546e-04
9.400000e-03 1.051338e-04
9.500000e-03 1.070569e-04
9.600000e-03 1.064429e-04
9.700000e-03 1.033817e-04
9.800000e-03 1.035749e-04
9.900000e-03 1.045233e-04
1.000000e-02 1.049442e-04
1.010000e-02 1.060823e-04
1.020000e-02 1.057298e-04
1.030000e-02 1.040226e-04
1.040000e-02 1.038975e-04
1.050000e-02 1.039301e-04
1.060000e-02 1.040665e-04
1.070000e-02 1.040340e-04
1.080000e-02 1.043642e-04
1.090000e-02 1.058817e-04
1.100000e-02 1.056197e-04
1.110000e-02 1.044816e-04
1.120000e-02 1.046069e-04
1.130000e-02 1.042275e-04
1.140000e-02 1.042386e-04
1.150000e-02 1.044283e-04
1.160000e-02 1.040073e-04
1.170000e-02 1.028691e-04
1.180000e-02 1.028691e-04
1.190000e-02 1.036279e-04
1.200000e-02 1.044583e-04
1.210000e-02 1.054067e-04
1.220000e-02 1.049180e-04
1.230000e-02 1.051077e-04
1.240000e-02 1.054600e-04
1.250000e-02 1.048909e-04
1.260000e-02 1.046069e-04
1.270000e-02 1.042275e-04
1.280000e-02 1.035443e-04
1.290000e-02 1.043031e-04
1.300000e-02 1.051338e-04
1.310000e-02 1.051338e-04
1.320000e-02 1.047813e-04
1.330000e-02 1.032638e-04
1.340000e-02 1.034117e-04
1.350000e-02 1.045498e-04
1.360000e-02 1.043336e-04
1.370000e-02 1.045233e-04
1.380000e-02 1.050806e-04
1.390000e-02 1.058687e-04
1.400000e-02 1.052547e-04
1.410000e-02 1.027594e-04
1.420000e-02 1.030894e-04
1.430000e-02 1.046069e-04
1.440000e-02 1.042769e-04
1.450000e-02 1.042769e-04
1.460000e-02 1.054951e-04
1.470000e-02 1.073920e-04
1.480000e-02 1.068560e-04
1.490000e-02 1.055584e-04
