-5.000000e-03 5.088334e-06
-4.980000e-03 5.103171e-06
-4.960000e-03 5.103925e-06
-4.940000e-03 5.108731e-06
-4.920000e-03 5.110616e-06
-4.900000e-03 5.096825e-06
-4.880000e-03 5.093658e-06
-4.860000e-03 5.064611e-06
-4.840000e-03 5.056919e-06
-4.820000e-03 5.089936e-06
-4.800000e-03 5.095139e-06
-4.780000e-03 5.071735e-06
-4.760000e-03 5.064270e-06
-4.740000e-03 5.078898e-06
-4.720000e-03 5.086212e-06
-4.700000e-03 5.129469e-06
-4.680000e-03 5.135350e-06
-4.660000e-03 5.044566e-06
-4.640000e-03 5.032095e-06
-4.620000e-03 5.058957e-06
-4.600000e-03 5.047108e-06
-4.580000e-03 5.034628e-06
-4.560000e-03 5.067975e-06
-4.540000e-03 5.126565e-06
-4.520000e-03 5.095345e-06
-4.500000e-03 5.049446e-06
-4.480000e-03 5.067569e-06
-4.460000e-03 5.095127e-06
-4.440000e-03 5.091356e-06
-4.420000e-03 5.094073e-06
-4.400000e-03 5.096108e-06
-4.380000e-03 5.051808e-06
-4.360000e-03 5.027677e-06
-4.340000e-03 5.048573e-06
-4.320000e-03 5.069085e-06
-4.300000e-03 5.036904e-06
-4.280000e-03 5.030041e-06
-4.260000e-03 5.059297e-06
-4.240000e-03 5.055074e-06
-4.220000e-03 5.049641e-06
-4.200000e-03 5.057861e-06
-4.180000e-03 5.068100e-06
-4.160000e-03 5.063877e-06
-4.140000e-03 5.053433e-06
-4.120000e-03 5.052767e-06
-4.100000e-03 5.045998e-06
-4.080000e-03 5.054430e-06
-4.060000e-03 5.081504e-06
-4.040000e-03 5.070186e-06
-4.020000e-03 5.051572e-06
-4.000000e-03 5.062966e-06
-3.980000e-03 5.088983e-06
-3.960000e-03 5.076374e-06
-3.940000e-03 5.005939e-06
-3.920000e-03 5.017343e-06
-3.900000e-03 5.092455e-06
-3.880000e-03 5.081144e-06
-3.860000e-03 5.022006e-06
-3.840000e-03 5.020045e-06
-3.820000e-03 5.031329e-06
-3.800000e-03 5.037211e-06
-3.780000e-03 5.070019e-06
-3.760000e-03 5.084045e-06
-3.740000e-03 5.079239e-06
-3.720000e-03 5.060462e-06
-3.700000e-03 5.056073e-06
-3.680000e-03 5.072513e-06
-3.660000e-03 5.082961e-06
-3.640000e-03 5.072177e-06
-3.620000e-03 5.090985e-06
-3.600000e-03 5.104182e-06
-3.580000e-03 5.086029e-06
-3.560000e-03 5.077864e-06
-3.540000e-03 5.098592e-06
-3.520000e-03 5.107632e-06
-3.500000e-03 5.082461e-06
-3.480000e-03 5.069776e-06
-3.460000e-03 5.071257e-06
-3.440000e-03 5.070117e-06
-3.420000e-03 5.040928e-06
-3.400000e-03 5.050410e-06
-3.380000e-03 5.113251e-06
-3.360000e-03 5.112195e-06
-3.340000e-03 5.083357e-06
-3.320000e-03 5.075062e-06
-3.300000e-03 5.044553e-06
-3.280000e-03 5.039500e-06
-3.260000e-03 5.045561e-06
-3.240000e-03 5.039904e-06
-3.220000e-03 5.027785e-06
-3.200000e-03 5.055083e-06
-3.180000e-03 5.129476e-06
-3.160000e-03 5.121105e-06
-3.140000e-03 5.065102e-06
-3.120000e-03 5.051603e-06
-3.100000e-03 5.043453e-06
-3.080000e-03 5.038401e-06
-3.060000e-03 5.034112e-06
-3.040000e-03 5.047275e-06
-3.020000e-03 5.068638e-06
-3.000000e-03 5.053978e-06
-2.980000e-03 5.009347e-06
-2.960000e-03 5.036921e-06
-2.940000e-03 5.112644e-06
-2.920000e-03 5.102010e-06
-2.900000e-03 5.061821e-06
-2.880000e-03 5.073747e-06
-2.860000e-03 5.112878e-06
-2.840000e-03 5.113261e-06
-2.820000e-03 5.088303e-06
-2.800000e-03 5.082044e-06
-2.780000e-03 5.068461e-06
-2.760000e-03 5.080300e-06
-2.740000e-03 5.145289e-06
-2.720000e-03 5.151699e-06
-2.700000e-03 5.114921e-06
-2.680000e-03 5.125704e-06
-2.660000e-03 5.160811e-06
-2.640000e-03 5.230263e-06
-2.620000e-03 5.441321e-06
-2.600000e-03 5.529551e-06
-2.580000e-03 5.615646e-06
-2.560000e-03 5.657424e-06
-2.540000e-03 5.728055e-06
-2.520000e-03 5.772245e-06
-2.500000e-03 5.878864e-06
-2.480000e-03 5.855358e-06
-2.460000e-03 5.663090e-06
-2.440000e-03 5.528943e-06
-2.420000e-03 5.280835e-06
-2.400000e-03 5.169021e-06
-2.380000e-03 5.029632e-06
-2.360000e-03 4.983372e-06
-2.340000e-03 4.940222e-06
-2.320000e-03 4.910871e-06
-2.300000e-03 4.920002e-06
-2.280000e-03 4.931389e-06
-2.260000e-03 4.901507e-06
-2.240000e-03 4.893966e-06
-2.220000e-03 4.917579e-06
-2.200000e-03 4.910793e-06
-2.180000e-03 4.862103e-06
-2.160000e-03 4.857277e-06
-2.140000e-03 4.882353e-06
-2.120000e-03 4.878733e-06
-2.100000e-03 4.850313e-06
-2.080000e-03 4.862606e-06
-2.060000e-03 4.923624e-06
-2.040000e-03 4.918194e-06
-2.020000e-03 4.883506e-06
-2.000000e-03 4.881847e-06
-1.980000e-03 4.869309e-06
-1.960000e-03 4.871118e-06
-1.940000e-03 4.872866e-06
-1.920000e-03 4.858887e-06
-1.900000e-03 4.849581e-06
-1.880000e-03 4.858848e-06
-1.860000e-03 4.879788e-06
-1.840000e-03 4.878953e-06
-1.820000e-03 4.893971e-06
-1.800000e-03 4.901870e-06
-1.780000e-03 4.875431e-06
-1.760000e-03 4.866366e-06
-1.740000e-03 4.891991e-06
-1.720000e-03 4.895987e-06
-1.700000e-03 4.850433e-06
-1.680000e-03 4.845003e-06
-1.660000e-03 4.916888e-06
-1.640000e-03 4.934760e-06
-1.620000e-03 4.876876e-06
-1.600000e-03 4.854329e-06
-1.580000e-03 4.915139e-06
-1.560000e-03 4.940853e-06
-1.540000e-03 4.899477e-06
-1.520000e-03 4.881454e-06
-1.500000e-03 4.869543e-06
-1.480000e-03 4.876707e-06
-1.460000e-03 4.896350e-06
-1.440000e-03 4.895520e-06
-1.420000e-03 4.896071e-06
-1.400000e-03 4.886582e-06
-1.380000e-03 4.860566e-06
-1.360000e-03 4.865276e-06
-1.340000e-03 4.891715e-06
-1.320000e-03 4.896653e-06
-1.300000e-03 4.887980e-06
-1.280000e-03 4.879852e-06
-1.260000e-03 4.789112e-06
-1.240000e-03 4.772628e-06
-1.220000e-03 4.840103e-06
-1.200000e-03 4.853997e-06
-1.180000e-03 4.887888e-06
-1.160000e-03 4.885475e-06
-1.140000e-03 4.848906e-06
-1.120000e-03 4.860142e-06
-1.100000e-03 4.878531e-06
-1.080000e-03 4.862544e-06
-1.060000e-03 4.805288e-06
-1.040000e-03 4.807097e-06
-1.020000e-03 4.853279e-06
-1.000000e-03 4.853279e-06
-9.800000e-04 4.865399e-06
-9.600000e-04 4.876259e-06
-9.400000e-04 4.866019e-06
-9.200000e-04 4.861193e-06
-9.000000e-04 4.827758e-06
-8.800000e-04 4.818558e-06
-8.600000e-04 4.879742e-06
-8.400000e-04 4.896852e-06
-8.200000e-04 4.880565e-06
-8.000000e-04 4.882920e-06
-7.800000e-04 4.906399e-06
-7.600000e-04 4.903512e-06
-7.400000e-04 4.867132e-06
-7.200000e-04 4.866828e-06
-7.000000e-04 4.858367e-06
-6.800000e-04 4.842771e-06
-6.600000e-04 4.846611e-06
-6.400000e-04 4.871195e-06
-6.200000e-04 4.917168e-06
-6.000000e-04 4.912643e-06
-5.800000e-04 4.907627e-06
-5.600000e-04 4.921880e-06
-5.400000e-04 4.913313e-06
-5.200000e-04 4.887296e-06
-5.000000e-04 4.847383e-06
-4.800000e-04 4.847685e-06
-4.600000e-04 4.842252e-06
-4.400000e-04 4.822494e-06
-4.200000e-04 4.792821e-06
-4.000000e-04 4.795762e-06
-3.800000e-04 4.797851e-06
-3.600000e-04 4.800641e-06
-3.400000e-04 4.798134e-06
-3.200000e-04 4.779960e-06
-3.000000e-04 4.770307e-06
-2.800000e-04 4.766817e-06
-2.600000e-04 4.742070e-06
-2.400000e-04 4.715560e-06
-2.200000e-04 4.662680e-06
-2.000000e-04 4.621737e-06
-1.800000e-04 4.511749e-06
-1.600000e-04 4.493746e-06
-1.400000e-04 4.526531e-06
-1.200000e-04 4.511336e-06
-1.000000e-04 4.484614e-06
-8.000000e-05 4.486801e-06
-6.000000e-05 4.488681e-06
-4.000000e-05 4.480621e-06
-2.000000e-05 4.494352e-06
-1.455200e-11 4.500773e-06
2.000000e-05 4.481694e-06
4.000000e-05 4.476272e-06
6.000000e-05 4.462061e-06
8.000000e-05 4.464625e-06
1.000000e-04 4.512904e-06
1.200000e-04 4.533569e-06
1.400000e-04 4.526672e-06
1.600000e-04 4.531726e-06
1.800000e-04 4.582722e-06
2.000000e-04 4.628277e-06
2.200000e-04 4.707761e-06
2.400000e-04 4.736970e-06
2.600000e-04 4.773568e-06
2.800000e-04 4.786103e-06
3.000000e-04 4.757544e-06
3.200000e-04 4.762786e-06
3.400000e-04 4.831540e-06
3.600000e-04 4.837197e-06
3.800000e-04 4.818443e-06
4.000000e-04 4.829907e-06
4.200000e-04 4.848299e-06
4.400000e-04 4.841284e-06
4.600000e-04 4.861767e-06
4.800000e-04 4.896235e-06
5.000000e-04 4.909611e-06
5.200000e-04 4.898976e-06
5.400000e-04 4.909844e-06
5.600000e-04 4.917537e-06
5.800000e-04 4.897265e-06
6.000000e-04 4.880219e-06
6.200000e-04 4.869769e-06
6.400000e-04 4.883571e-06
6.600000e-04 4.874793e-06
6.800000e-04 4.865818e-06
7.000000e-04 4.899034e-06
7.200000e-04 4.899931e-06
7.400000e-04 4.894430e-06
7.600000e-04 4.891088e-06
7.800000e-04 4.880088e-06
8.000000e-04 4.869148e-06
8.200000e-04 4.801452e-06
8.400000e-04 4.799376e-06
8.600000e-04 4.858508e-06
8.800000e-04 4.875025e-06
9.000000e-04 4.861858e-06
9.200000e-04 4.850394e-06
9.400000e-04 4.882789e-06
9.600000e-04 4.887917e-06
9.800000e-04 4.869107e-06
1.000000e-03 4.867825e-06
1.020000e-03 4.853614e-06
1.040000e-03 4.846901e-06
1.060000e-03 4.827673e-06
1.080000e-03 4.828879e-06
1.100000e-03 4.858975e-06
1.120000e-03 4.867422e-06
1.140000e-03 4.879545e-06
1.160000e-03 4.861217e-06
1.180000e-03 4.791197e-06
1.200000e-03 4.804621e-06
1.220000e-03 4.853913e-06
1.240000e-03 4.849354e-06
1.260000e-03 4.841738e-06
1.280000e-03 4.849032e-06
1.300000e-03 4.866167e-06
1.320000e-03 4.846034e-06
1.340000e-03 4.817687e-06
1.360000e-03 4.844815e-06
1.380000e-03 4.861591e-06
1.400000e-03 4.841001e-06
1.420000e-03 4.839747e-06
1.440000e-03 4.859130e-06
1.460000e-03 4.865609e-06
1.480000e-03 4.857010e-06
1.500000e-03 4.874567e-06
1.520000e-03 4.875547e-06
1.540000e-03 4.830194e-06
1.560000e-03 4.814356e-06
1.580000e-03 4.821044e-06
1.600000e-03 4.835827e-06
1.620000e-03 4.863206e-06
1.640000e-03 4.857398e-06
1.660000e-03 4.822357e-06
1.680000e-03 4.811677e-06
1.700000e-03 4.812523e-06
1.720000e-03 4.835999e-06
1.740000e-03 4.848692e-06
1.760000e-03 4.836232e-06
1.780000e-03 4.831367e-06
1.800000e-03 4.831443e-06
1.820000e-03 4.855348e-06
1.840000e-03 4.870699e-06
1.860000e-03 4.876714e-06
1.880000e-03 4.857255e-06
1.900000e-03 4.835520e-06
1.920000e-03 4.857693e-06
1.940000e-03 4.946309e-06
1.960000e-03 4.953701e-06
1.980000e-03 4.875326e-06
2.000000e-03 4.858431e-06
2.020000e-03 4.885601e-06
2.040000e-03 4.887713e-06
2.060000e-03 4.862006e-06
2.080000e-03 4.869171e-06
2.100000e-03 4.888817e-06
2.120000e-03 4.871621e-06
2.140000e-03 4.823625e-06
2.160000e-03 4.836504e-06
2.180000e-03 4.887699e-06
2.200000e-03 4.887926e-06
2.220000e-03 4.893427e-06
2.240000e-03 4.894112e-06
2.260000e-03 4.854134e-06
2.280000e-03 4.851402e-06
2.300000e-03 4.897739e-06
2.320000e-03 4.931336e-06
2.340000e-03 4.954328e-06
2.360000e-03 4.978162e-06
2.380000e-03 5.081617e-06
2.400000e-03 5.176121e-06
2.420000e-03 5.362759e-06
2.440000e-03 5.505156e-06
2.460000e-03 5.785426e-06
2.480000e-03 5.835430e-06
2.500000e-03 5.810141e-06
2.520000e-03 5.781330e-06
2.540000e-03 5.650705e-06
2.560000e-03 5.624760e-06
2.580000e-03 5.653393e-06
2.600000e-03 5.583476e-06
2.620000e-03 5.406871e-06
2.640000e-03 5.347589e-06
2.660000e-03 5.235822e-06
2.680000e-03 5.186743e-06
2.700000e-03 5.160934e-06
2.720000e-03 5.146651e-06
2.740000e-03 5.106034e-06
2.760000e-03 5.095777e-06
2.780000e-03 5.123279e-06
2.800000e-03 5.141612e-06
2.820000e-03 5.129702e-06
2.840000e-03 5.092066e-06
2.860000e-03 5.056536e-06
2.880000e-03 5.071696e-06
2.900000e-03 5.074204e-06
2.920000e-03 5.064097e-06
2.940000e-03 5.074757e-06
2.960000e-03 5.086748e-06
2.980000e-03 5.100543e-06
3.000000e-03 5.085382e-06
3.020000e-03 5.073888e-06
3.040000e-03 5.083843e-06
3.060000e-03 5.073603e-06
3.080000e-03 5.066664e-06
3.100000e-03 5.088400e-06
3.120000e-03 5.089456e-06
3.140000e-03 5.082011e-06
3.160000e-03 5.100065e-06
3.180000e-03 5.105142e-06
3.200000e-03 5.082654e-06
3.220000e-03 5.084558e-06
3.240000e-03 5.094206e-06
3.260000e-03 5.080879e-06
3.280000e-03 5.077097e-06
3.300000e-03 5.084618e-06
3.320000e-03 5.074889e-06
3.340000e-03 5.070709e-06
3.360000e-03 5.090470e-06
3.380000e-03 5.104891e-06
3.400000e-03 5.095463e-06
3.420000e-03 5.064322e-06
3.440000e-03 5.061003e-06
3.460000e-03 5.053688e-06
3.480000e-03 5.055121e-06
3.500000e-03 5.092114e-06
3.520000e-03 5.110366e-06
3.540000e-03 5.120817e-06
3.560000e-03 5.095701e-06
3.580000e-03 5.062261e-06
3.600000e-03 5.069954e-06
3.620000e-03 5.062047e-06
3.640000e-03 5.056709e-06
3.660000e-03 5.075960e-06
3.680000e-03 5.078695e-06
3.700000e-03 5.041462e-06
3.720000e-03 5.037208e-06
3.740000e-03 5.090307e-06
3.760000e-03 5.095245e-06
3.780000e-03 5.048493e-06
3.800000e-03 5.047244e-06
3.820000e-03 5.059471e-06
3.840000e-03 5.056379e-06
3.860000e-03 5.048228e-06
3.880000e-03 5.043702e-06
3.900000e-03 5.029908e-06
3.920000e-03 5.038129e-06
3.940000e-03 5.082647e-06
3.960000e-03 5.079931e-06
3.980000e-03 5.026845e-06
4.000000e-03 5.019981e-06
4.020000e-03 5.038374e-06
4.040000e-03 5.046595e-06
4.060000e-03 5.092993e-06
4.080000e-03 5.099027e-06
4.100000e-03 5.085314e-06
4.120000e-03 5.076648e-06
4.140000e-03 5.008530e-06
4.160000e-03 5.013696e-06
4.180000e-03 5.098316e-06
4.200000e-03 5.087527e-06
4.220000e-03 5.023639e-06
4.240000e-03 5.031085e-06
4.260000e-03 5.047797e-06
4.280000e-03 5.037066e-06
4.300000e-03 5.023352e-06
4.320000e-03 5.025916e-06
4.340000e-03 5.035112e-06
4.360000e-03 5.045596e-06
4.380000e-03 5.071512e-06
4.400000e-03 5.076112e-06
4.420000e-03 5.084054e-06
4.440000e-03 5.080735e-06
4.460000e-03 5.064224e-06
4.480000e-03 5.068071e-06
4.500000e-03 5.078312e-06
4.520000e-03 5.072580e-06
4.540000e-03 5.096616e-06
4.560000e-03 5.103252e-06
4.580000e-03 5.037321e-06
4.600000e-03 5.025855e-06
4.620000e-03 5.049336e-06
4.640000e-03 5.043562e-06
4.660000e-03 5.038274e-06
4.680000e-03 5.044200e-06
4.700000e-03 5.031295e-06
4.720000e-03 5.028257e-06
4.740000e-03 5.057027e-06
4.760000e-03 5.076055e-06
4.780000e-03 5.083266e-06
4.800000e-03 5.070444e-06
4.820000e-03 5.075669e-06
4.840000e-03 5.066543e-06
4.860000e-03 5.026207e-06
4.880000e-03 5.040311e-06
4.900000e-03 5.068944e-06
4.920000e-03 5.055141e-06
4.940000e-03 5.017103e-06
4.960000e-03 5.028643e-06
