-3.000000e-02 1.141148e-04
-2.970000e-02 1.090151e-04
-2.940000e-02 1.085599e-04
-2.910000e-02 1.068062e-04
-2.880000e-02 1.068062e-04
-2.850000e-02 1.031203e-04
-2.820000e-02 1.028927e-04
-2.790000e-02 1.059525e-04
-2.760000e-02 1.059904e-04
-2.730000e-02 1.038635e-04
-2.700000e-02 1.039014e-04
-2.670000e-02 1.046685e-04
-2.640000e-02 1.048960e-04
-2.610000e-02 1.116956e-04
-2.580000e-02 1.124921e-04
-2.550000e-02 1.135286e-04
-2.520000e-02 1.132631e-04
-2.490000e-02 1.112066e-04
-2.460000e-02 1.113583e-04
-2.430000e-02 1.137382e-04
-2.400000e-02 1.137761e-04
-2.370000e-02 1.093232e-04
-2.340000e-02 1.088681e-04
-2.310000e-02 1.095812e-04
-2.280000e-02 1.100364e-04
-2.250000e-02 1.192158e-04
-2.220000e-02 1.195192e-04
-2.190000e-02 1.175415e-04
-2.160000e-02 1.183001e-04
-2.130000e-02 1.212977e-04
-2.100000e-02 1.209563e-04
-2.070000e-02 1.178965e-04
-2.040000e-02 1.177448e-04
-2.010000e-02 1.212482e-04
-1.980000e-02 1.113491e-04
-1.950000e-02 3.118325e-04
-1.920000e-02 3.183561e-04
-1.890000e-02 1.990238e-04
-1.860000e-02 1.885937e-04
-1.830000e-02 1.033131e-04
-1.800000e-02 1.211770e-04
-1.770000e-02 1.211231e-04
-1.740000e-02 1.207059e-04
-1.710000e-02 1.251256e-04
-1.680000e-02 1.252015e-04
-1.650000e-02 1.721102e-04
-1.620000e-02 1.498846e-04
-1.590000e-02 5.956041e-04
-1.560000e-02 -6.346934e-04
-1.530000e-02 -1.942589e-03
-1.500000e-02 -1.729222e-04
-1.470000e-02 -2.471079e-04
-1.440000e-02 -6.976885e-04
-1.410000e-02 1.173093e-04
-1.380000e-02 1.010763e-04
-1.350000e-02 1.969501e-04
-1.320000e-02 1.826134e-04
-1.290000e-02 4.930382e-04
-1.260000e-02 4.922418e-04
-1.230000e-02 1.593784e-04
-1.200000e-02 5.840165e-04
-1.170000e-02 5.150010e-04
-1.140000e-02 5.440745e-05
-1.110000e-02 1.125064e-04
-1.080000e-02 1.117099e-04
-1.050000e-02 1.124272e-04
-1.020000e-02 1.117824e-04
-9.900000e-03 1.131423e-04
-9.600000e-03 1.134457e-04
-9.300000e-03 1.165304e-04
-9.000000e-03 1.164925e-04
-8.700000e-03 1.174875e-04
-8.400000e-03 1.177151e-04
-8.100000e-03 1.520529e-04
-7.800000e-03 -8.327506e-01
-7.500000e-03 -8.328620e-01
-7.200000e-03 1.810149e-05
-6.900000e-03 2.170782e-05
-6.600000e-03 2.717020e-05
-6.300000e-03 6.559445e-05
-6.000000e-03 6.373616e-05
-5.700000e-03 1.241334e-05
-5.400000e-03 1.493295e-05
-5.100000e-03 -7.557187e+00
-4.800000e-03 -7.557162e+00
-4.500000e-03 1.340670e-04
-4.200000e-03 1.290226e-04
-3.900000e-03 1.354822e-04
-3.600000e-03 1.358235e-04
-3.300000e-03 1.346626e-04
-3.000000e-03 1.344730e-04
-2.700000e-03 1.383537e-04
-2.400000e-03 1.371021e-04
-2.100000e-03 7.466544e+00
-1.800000e-03 7.466853e+00
-1.500000e-03 -7.554234e+00
-1.200000e-03 -7.554543e+00
-9.000000e-04 1.293653e-04
-6.000000e-04 1.269143e-04
-3.000000e-04 1.279199e-04
2.095500e-09 1.277448e-04
3.000000e-04 1.278903e-04
6.000000e-04 1.279283e-04
9.000000e-04 -5.206307e-04
1.200000e-03 1.641193e-04
1.500000e-03 2.892463e-03
1.800000e-03 2.484200e-03
2.100000e-03 1.379441e-03
2.400000e-03 4.192282e-04
2.700000e-03 -4.161954e-04
3.000000e-03 2.657477e-04
3.300000e-03 1.165089e-04
3.600000e-03 1.155226e-04
3.900000e-03 1.148136e-04
4.200000e-03 1.152308e-04
4.500000e-03 1.118307e-04
4.800000e-03 1.113755e-04
5.100000e-03 1.130756e-04
5.400000e-03 1.136825e-04
5.700000e-03 1.181027e-04
6.000000e-03 1.169647e-04
6.300000e-03 1.186648e-04
6.600000e-03 1.191579e-04
6.900000e-03 1.151026e-04
7.200000e-03 1.147992e-04
7.500000e-03 1.113741e-04
7.800000e-03 1.118672e-04
8.100000e-03 1.142473e-04
8.400000e-03 1.143611e-04
8.700000e-03 1.164386e-04
9.000000e-03 1.167041e-04
9.300000e-03 1.166668e-04
9.600000e-03 1.173875e-04
9.900000e-03 9.596636e-05
1.020000e-02 1.181187e-04
1.050000e-02 2.259624e-04
1.080000e-02 1.795335e-04
1.110000e-02 1.179322e-04
1.140000e-02 1.398570e-04
1.170000e-02 1.262563e-04
1.200000e-02 1.093765e-04
1.230000e-02 3.253417e-04
1.260000e-02 3.377834e-04
1.290000e-02 1.075375e-04
1.320000e-02 1.089410e-04
1.350000e-02 1.045207e-04
1.380000e-02 1.050277e-04
1.410000e-02 1.040077e-04
1.440000e-02 1.035765e-04
1.470000e-02 -2.969644e-04
1.500000e-02 8.329455e-01
1.530000e-02 8.332533e-01
1.560000e-02 -7.584234e-06
1.590000e-02 5.719833e-05
1.620000e-02 5.591488e-05
1.650000e-02 5.225430e-05
1.680000e-02 5.130421e-05
1.710000e-02 -1.185942e-05
1.740000e-02 -8.331453e-01
1.770000e-02 -8.329551e-01
1.800000e-02 2.022320e-04
1.830000e-02 1.077070e-04
1.860000e-02 1.078588e-04
1.890000e-02 1.136556e-04
1.920000e-02 1.139212e-04
1.950000e-02 -3.574675e-02
1.980000e-02 7.933437e-01
2.010000e-02 8.296550e+00
2.040000e-02 7.467442e+00
2.070000e-02 1.294391e-04
2.100000e-02 1.468879e-04
2.130000e-02 1.301482e-04
2.160000e-02 1.311344e-04
2.190000e-02 1.267142e-04
2.220000e-02 1.268280e-04
2.250000e-02 1.214872e-04
2.280000e-02 1.219424e-04
2.310000e-02 1.245630e-04
2.340000e-02 1.244872e-04
2.370000e-02 1.204070e-04
2.400000e-02 1.206346e-04
2.430000e-02 1.241591e-04
2.460000e-02 1.241971e-04
2.490000e-02 1.216925e-04
2.520000e-02 1.219960e-04
2.550000e-02 1.199559e-04
2.580000e-02 1.198042e-04
2.610000e-02 1.198747e-04
2.640000e-02 1.197229e-04
2.670000e-02 1.189724e-04
2.700000e-02 1.185931e-04
2.730000e-02 1.121327e-04
2.760000e-02 1.119792e-04
2.790000e-02 1.140192e-04
2.820000e-02 1.144383e-04
2.850000e-02 1.140984e-04
2.880000e-02 1.138708e-04
2.910000e-02 1.114658e-04
2.940000e-02 1.112002e-04
2.970000e-02 1.098650e-04
