-5.000000e-02 5.527015e-04
-4.950000e-02 4.998569e-04
-4.900000e-02 4.955651e-04
-4.850000e-02 3.565223e-04
-4.800000e-02 3.431553e-04
-4.750000e-02 4.466400e-04
-4.700000e-02 4.356514e-04
-4.650000e-02 4.074341e-04
-4.600000e-02 4.032758e-04
-4.550000e-02 4.235795e-04
-4.500000e-02 4.151239e-04
-4.450000e-02 3.538996e-04
-4.400000e-02 3.793946e-04
-4.350000e-02 4.159103e-04
-4.300000e-02 4.293483e-04
-4.250000e-02 5.761595e-04
-4.200000e-02 6.021139e-04
-4.150000e-02 5.751587e-04
-4.100000e-02 5.340109e-04
-4.050000e-02 4.170308e-04
-4.000000e-02 4.164944e-04
-3.950000e-02 4.101484e-04
-3.900000e-02 4.113272e-04
-3.850000e-02 4.034890e-04
-3.800000e-02 3.775563e-04
-3.750000e-02 4.176519e-04
-3.700000e-02 4.465373e-04
-3.650000e-02 4.292827e-04
-3.600000e-02 4.366121e-04
-3.550000e-02 4.367610e-04
-3.500000e-02 4.253171e-04
-3.450000e-02 4.479802e-04
-3.400000e-02 4.567804e-04
-3.350000e-02 4.727038e-04
-3.300000e-02 4.738697e-04
-3.250000e-02 4.664657e-04
-3.200000e-02 4.615447e-04
-3.150000e-02 4.476256e-04
-3.100000e-02 4.533498e-04
-3.050000e-02 4.687881e-04
-3.000000e-02 4.510201e-04
-2.950000e-02 4.400312e-04
-2.900000e-02 4.453922e-04
-2.850000e-02 4.007315e-04
-2.800000e-02 3.937626e-04
-2.750000e-02 3.729099e-04
-2.700000e-02 3.751679e-04
-2.650000e-02 4.248397e-04
-2.600000e-02 4.241374e-04
-2.550000e-02 4.422085e-04
-2.500000e-02 4.577716e-04
-2.450000e-02 4.510720e-04
-2.400000e-02 4.487792e-04
-2.350000e-02 4.544723e-04
-2.300000e-02 4.471137e-04
-2.250000e-02 4.123987e-04
-2.200000e-02 4.082996e-04
-2.150000e-02 4.415012e-04
-2.100000e-02 4.467501e-04
-2.050000e-02 4.053511e-04
-2.000000e-02 4.056024e-04
-1.950000e-02 4.278608e-04
-1.900000e-02 4.277502e-04
-1.850000e-02 4.535658e-04
-1.800000e-02 4.656116e-04
-1.750000e-02 4.685535e-04
-1.700000e-02 4.624526e-04
-1.650000e-02 4.655452e-04
-1.600000e-02 4.633930e-04
-1.550000e-02 4.158293e-04
-1.500000e-02 4.036143e-04
-1.450000e-02 4.227245e-04
-1.400000e-02 4.287112e-04
-1.350000e-02 4.380032e-04
-1.300000e-02 4.409997e-04
-1.250000e-02 4.346649e-04
-1.200000e-02 4.349023e-04
-1.150000e-02 4.249043e-04
-1.100000e-02 4.230455e-04
-1.050000e-02 4.391495e-04
-1.000000e-02 4.401557e-04
-9.500000e-03 4.380693e-04
-9.000000e-03 4.396619e-04
-8.500000e-03 4.351636e-04
-8.000000e-03 4.339316e-04
-7.500000e-03 4.364462e-04
-7.000000e-03 4.374325e-04
-6.500000e-03 4.346862e-04
-6.000000e-03 4.327679e-04
-5.500000e-03 4.316106e-04
-5.000000e-03 4.318730e-04
-4.500000e-03 4.295821e-04
-4.000000e-03 4.296072e-04
-3.500000e-03 4.348746e-04
-3.000000e-03 4.345029e-04
-2.500000e-03 4.310407e-04
-2.000000e-03 4.311625e-04
-1.500000e-03 4.327532e-04
-1.000000e-03 4.331007e-04
-5.000000e-04 4.316662e-04
1.629800e-09 4.305749e-04
5.000000e-04 4.285130e-04
1.000000e-03 4.294969e-04
1.500000e-03 4.324347e-04
2.000000e-03 4.319044e-04
2.500000e-03 4.303649e-04
3.000000e-03 4.308376e-04
3.500000e-03 4.309176e-04
4.000000e-03 4.320315e-04
4.500000e-03 4.352957e-04
5.000000e-03 4.333653e-04
5.500000e-03 4.281016e-04
6.000000e-03 4.297417e-04
6.500000e-03 4.375769e-04
7.000000e-03 4.360357e-04
7.500000e-03 4.276174e-04
8.000000e-03 4.300420e-04
8.500000e-03 4.359111e-04
9.000000e-03 4.318653e-04
9.500000e-03 4.334301e-04
1.000000e-02 4.373862e-04
1.050000e-02 4.328541e-04
1.100000e-02 4.280272e-04
1.150000e-02 4.276845e-04
1.200000e-02 4.291604e-04
1.250000e-02 4.110763e-04
1.300000e-02 4.139158e-04
1.350000e-02 4.398215e-04
1.400000e-02 4.378389e-04
1.450000e-02 4.409878e-04
1.500000e-02 4.428715e-04
1.550000e-02 4.340360e-04
1.600000e-02 4.351567e-04
1.650000e-02 4.176317e-04
1.700000e-02 4.108305e-04
1.750000e-02 4.249818e-04
1.800000e-02 4.343065e-04
1.850000e-02 4.551817e-04
1.900000e-02 4.505677e-04
1.950000e-02 4.309092e-04
2.000000e-02 4.311911e-04
2.050000e-02 4.286660e-04
2.100000e-02 4.286187e-04
2.150000e-02 4.442218e-04
2.200000e-02 4.322796e-04
2.250000e-02 3.846835e-04
2.300000e-02 3.868164e-04
2.350000e-02 4.047057e-04
2.400000e-02 4.199942e-04
2.450000e-02 4.294429e-04
2.500000e-02 4.256232e-04
2.550000e-02 4.362727e-04
2.600000e-02 4.362692e-04
2.650000e-02 4.620897e-04
2.700000e-02 4.631178e-04
2.750000e-02 4.418770e-04
2.800000e-02 4.450966e-04
2.850000e-02 4.328615e-04
2.900000e-02 4.303673e-04
2.950000e-02 4.409901e-04
3.000000e-02 4.399110e-04
3.050000e-02 4.401453e-04
3.100000e-02 4.375647e-04
3.150000e-02 4.394169e-04
3.200000e-02 4.481283e-04
3.250000e-02 4.483839e-04
3.300000e-02 4.384592e-04
3.350000e-02 4.276048e-04
3.400000e-02 4.255282e-04
3.450000e-02 4.112337e-04
3.500000e-02 4.094537e-04
3.550000e-02 4.359380e-04
3.600000e-02 4.442505e-04
3.650000e-02 4.285745e-04
3.700000e-02 4.257927e-04
3.750000e-02 4.220706e-04
3.800000e-02 4.153481e-04
3.850000e-02 4.392202e-04
3.900000e-02 4.575660e-04
3.950000e-02 4.746100e-04
4.000000e-02 4.631656e-04
4.050000e-02 4.139741e-04
4.100000e-02 4.146145e-04
4.150000e-02 4.379565e-04
4.200000e-02 4.422906e-04
4.250000e-02 4.475960e-04
4.300000e-02 4.438839e-04
4.350000e-02 4.633481e-04
4.400000e-02 4.671416e-04
4.450000e-02 4.476348e-04
4.500000e-02 4.510556e-04
4.550000e-02 4.168300e-04
4.600000e-02 4.106727e-04
4.650000e-02 4.280647e-04
4.700000e-02 4.246557e-04
4.750000e-02 4.707479e-04
4.800000e-02 4.755045e-04
4.850000e-02 4.410704e-04
4.900000e-02 4.345010e-04
4.950000e-02 4.199242e-04
