-9.700000e-02 8.163046e-03
-9.600000e-02 2.964860e-02
-9.200000e-02 3.032492e-02
-8.800000e-02 3.322241e-02
-8.400000e-02 3.276964e-02
-8.000000e-02 3.258061e-02
-7.600000e-02 3.291683e-02
-7.200000e-02 3.972322e-02
-6.800000e-02 4.010669e-02
-6.400000e-02 3.372851e-02
-6.000000e-02 3.330763e-02
-5.600000e-02 3.275541e-02
-5.200000e-02 3.242608e-02
-4.800000e-02 3.722600e-02
-4.400000e-02 3.740199e-02
-4.000000e-02 3.233832e-02
-3.600000e-02 3.209146e-02
-3.200000e-02 3.189142e-02
-2.800000e-02 3.148850e-02
-2.400000e-02 3.070870e-02
-2.000000e-02 2.644549e-02
-1.600000e-02 3.546591e-02
-1.200000e-02 4.631968e-02
-8.000000e-03 5.089234e-02
-4.000000e-03 5.246473e-02
2.794000e-09 5.295148e-02
4.000000e-03 7.163195e-02
8.000000e-03 1.079959e-01
1.200000e-02 9.731729e-02
1.600000e-02 7.672601e-02
2.000000e-02 7.071849e-02
2.400000e-02 6.368241e-02
2.800000e-02 6.059087e-02
3.200000e-02 3.293603e-02
3.600000e-02 2.120486e-02
4.000000e-02 4.022273e-02
4.400000e-02 4.697420e-02
4.800000e-02 4.578214e-02
5.200000e-02 4.566691e-02
5.600000e-02 3.480436e-02
6.000000e-02 3.142504e-02
6.400000e-02 3.866478e-02
6.800000e-02 4.002769e-02
7.200000e-02 3.802741e-02
7.600000e-02 3.711834e-02
8.000000e-02 3.492766e-02
8.400000e-02 3.556995e-02
8.800000e-02 3.444389e-02
9.200000e-02 3.262463e-02
9.600000e-02 2.931263e-02
