-1.500000e-02 6.809004e-05
-1.485000e-02 6.733079e-05
-1.470000e-02 6.774066e-05
-1.455000e-02 6.831010e-05
-1.440000e-02 6.742205e-05
-1.425000e-02 6.476464e-05
-1.410000e-02 6.476464e-05
-1.395000e-02 6.514427e-05
-1.380000e-02 6.398297e-05
-1.365000e-02 6.322371e-05
-1.350000e-02 6.363358e-05
-1.335000e-02 6.059654e-05
-1.320000e-02 6.045992e-05
-1.305000e-02 6.368677e-05
-1.290000e-02 6.407336e-05
-1.275000e-02 6.438778e-05
-1.260000e-02 6.445603e-05
-1.245000e-02 6.293995e-05
-1.230000e-02 6.307644e-05
-1.215000e-02 6.554006e-05
-1.200000e-02 6.554006e-05
-1.185000e-02 6.421350e-05
-1.170000e-02 6.469122e-05
-1.155000e-02 6.753385e-05
-1.140000e-02 6.753385e-05
-1.125000e-02 6.450171e-05
-1.110000e-02 6.511591e-05
-1.095000e-02 7.099070e-05
-1.080000e-02 7.174139e-05
-1.065000e-02 6.984630e-05
-1.050000e-02 6.923210e-05
-1.035000e-02 7.169571e-05
-1.020000e-02 7.210519e-05
-1.005000e-02 6.907304e-05
-9.900000e-03 6.825410e-05
-9.750000e-03 6.806458e-05
-9.600000e-03 6.820108e-05
-9.450000e-03 6.884002e-05
-9.300000e-03 6.947923e-05
-9.150000e-03 7.080793e-05
-9.000000e-03 7.073962e-05
-8.850000e-03 6.827203e-05
-8.700000e-03 6.731567e-05
-8.550000e-03 6.674622e-05
-8.400000e-03 6.633635e-05
-8.250000e-03 6.272986e-05
-8.100000e-03 6.156856e-05
-7.950000e-03 6.194819e-05
-7.800000e-03 6.304118e-05
-7.650000e-03 6.380043e-05
-7.500000e-03 6.421030e-05
-7.350000e-03 6.724735e-05
-7.200000e-03 6.770113e-05
-7.050000e-03 6.668501e-05
-6.900000e-03 6.566133e-05
-6.750000e-03 6.414525e-05
-6.600000e-03 6.448648e-05
-6.450000e-03 6.315992e-05
-6.300000e-03 6.275045e-05
-6.150000e-03 6.388750e-05
-6.000000e-03 6.429697e-05
-5.850000e-03 6.657108e-05
-5.700000e-03 6.827721e-05
-5.550000e-03 7.055132e-05
-5.400000e-03 6.945940e-05
-5.250000e-03 7.002793e-05
-5.100000e-03 7.159757e-05
-4.950000e-03 7.121854e-05
-4.800000e-03 7.026311e-05
-4.650000e-03 6.950508e-05
-4.500000e-03 6.964157e-05
-4.350000e-03 6.983108e-05
-4.200000e-03 6.976283e-05
-4.050000e-03 7.014185e-05
-3.900000e-03 7.007361e-05
-3.750000e-03 6.874705e-05
-3.600000e-03 6.826933e-05
-3.450000e-03 6.644067e-05
-3.300000e-03 6.557709e-05
-3.150000e-03 6.538727e-05
-3.000000e-03 6.579714e-05
-2.850000e-03 6.313973e-05
-2.700000e-03 6.279817e-05
-2.550000e-03 6.450651e-05
-2.400000e-03 6.423326e-05
-2.250000e-03 6.518234e-05
-2.100000e-03 6.572883e-05
-1.950000e-03 6.515939e-05
-1.800000e-03 6.515939e-05
-1.650000e-03 6.496957e-05
-1.500000e-03 6.496957e-05
-1.350000e-03 6.553902e-05
-1.200000e-03 6.544683e-05
-1.050000e-03 6.481248e-05
-9.000000e-04 6.508546e-05
-7.500000e-04 6.565399e-05
-6.000000e-04 6.640469e-05
-4.500000e-04 7.038438e-05
-3.000000e-04 7.100948e-05
-1.500000e-04 7.251466e-05
1.047700e-09 7.279881e-05
1.500000e-04 7.166158e-05
3.000000e-04 7.186635e-05
4.500000e-04 7.129773e-05
6.000000e-04 7.109297e-05
7.500000e-04 7.128251e-05
9.000000e-04 7.025871e-05
1.050000e-03 6.748340e-05
1.200000e-03 6.737153e-05
1.350000e-03 6.737160e-05
1.500000e-03 6.737163e-05
1.650000e-03 6.718178e-05
1.800000e-03 6.722543e-05
1.950000e-03 6.715807e-05
2.100000e-03 6.722633e-05
2.250000e-03 6.646817e-05
2.400000e-03 6.619514e-05
2.550000e-03 6.600560e-05
2.700000e-03 6.505002e-05
2.850000e-03 6.372325e-05
3.000000e-03 6.399627e-05
3.150000e-03 6.342766e-05
3.300000e-03 6.417847e-05
3.450000e-03 6.588432e-05
3.600000e-03 6.547479e-05
3.750000e-03 6.648953e-05
3.900000e-03 6.726522e-05
4.050000e-03 6.840429e-05
4.200000e-03 6.840429e-05
4.350000e-03 6.745507e-05
4.500000e-03 6.777148e-05
4.650000e-03 6.903089e-05
4.800000e-03 6.930391e-05
4.950000e-03 7.082023e-05
5.100000e-03 7.061545e-05
5.250000e-03 7.042591e-05
5.400000e-03 7.158627e-05
5.550000e-03 7.196535e-05
5.700000e-03 7.094150e-05
5.850000e-03 6.790888e-05
6.000000e-03 6.968354e-05
6.150000e-03 7.593833e-05
6.300000e-03 7.600659e-05
6.450000e-03 7.513483e-05
6.600000e-03 7.441047e-05
6.750000e-03 7.308155e-05
6.900000e-03 7.417471e-05
7.050000e-03 7.455439e-05
7.200000e-03 7.261571e-05
7.350000e-03 7.140407e-05
7.500000e-03 7.229140e-05
7.650000e-03 7.077509e-05
7.800000e-03 6.981950e-05
7.950000e-03 6.640780e-05
8.100000e-03 6.647606e-05
8.250000e-03 6.894006e-05
8.400000e-03 6.914484e-05
8.550000e-03 7.066115e-05
8.700000e-03 7.072940e-05
8.850000e-03 7.035032e-05
9.000000e-03 6.912171e-05
9.150000e-03 6.805306e-05
9.300000e-03 7.135727e-05
9.450000e-03 7.135727e-05
9.600000e-03 6.866737e-05
9.750000e-03 7.011509e-05
9.900000e-03 6.963730e-05
1.005000e-02 6.584652e-05
1.020000e-02 6.618781e-05
1.035000e-02 6.542965e-05
1.050000e-02 6.624873e-05
1.065000e-02 6.738595e-05
1.080000e-02 6.567955e-05
1.095000e-02 7.136572e-05
1.110000e-02 7.382294e-05
1.125000e-02 7.116940e-05
1.140000e-02 7.253452e-05
1.155000e-02 7.830030e-05
1.170000e-02 8.434069e-05
1.185000e-02 8.699852e-05
1.200000e-02 7.996134e-05
1.215000e-02 7.730351e-05
1.230000e-02 7.761774e-05
1.245000e-02 6.938795e-05
1.260000e-02 6.877365e-05
1.275000e-02 5.872808e-05
1.290000e-02 6.057099e-05
1.305000e-02 7.004794e-05
1.320000e-02 6.663513e-05
1.335000e-02 7.156315e-05
1.350000e-02 7.449816e-05
1.365000e-02 7.980525e-05
1.380000e-02 8.089735e-05
1.395000e-02 7.919149e-05
1.410000e-02 8.205825e-05
1.425000e-02 7.606251e-05
1.440000e-02 7.103862e-05
1.455000e-02 7.616443e-05
1.470000e-02 7.548121e-05
1.485000e-02 6.883663e-05
