-1.500000e-02 3.622249e-05
-1.485000e-02 3.556438e-05
-1.470000e-02 3.551074e-05
-1.455000e-02 3.537718e-05
-1.440000e-02 3.536185e-05
-1.425000e-02 3.546638e-05
-1.410000e-02 3.551375e-05
-1.395000e-02 3.604604e-05
-1.380000e-02 3.606834e-05
-1.365000e-02 3.582058e-05
-1.350000e-02 3.571678e-05
-1.335000e-02 3.551160e-05
-1.320000e-02 3.563142e-05
-1.305000e-02 3.555593e-05
-1.290000e-02 3.502793e-05
-1.275000e-02 3.589281e-05
-1.260000e-02 3.635490e-05
-1.245000e-02 2.755422e-05
-1.230000e-02 4.141438e-05
-1.215000e-02 1.554183e-05
-1.200000e-02 3.030214e-07
-1.185000e-02 3.162722e-05
-1.170000e-02 3.119783e-05
-1.155000e-02 3.086930e-05
-1.140000e-02 3.088391e-05
-1.125000e-02 3.082207e-05
-1.110000e-02 3.078727e-05
-1.095000e-02 3.074862e-05
-1.080000e-02 3.075210e-05
-1.065000e-02 3.071925e-05
-1.050000e-02 3.069211e-05
-1.035000e-02 3.087377e-05
-1.020000e-02 3.093779e-05
-1.005000e-02 3.087208e-05
-9.900000e-03 3.082824e-05
-9.750000e-03 3.075867e-05
-9.600000e-03 3.076633e-05
-9.450000e-03 3.105095e-05
-9.300000e-03 3.102034e-05
-9.150000e-03 3.092355e-05
-9.000000e-03 3.100088e-05
-8.850000e-03 2.369964e-05
-8.700000e-03 2.667345e-05
-8.550000e-03 2.950723e-05
-8.400000e-03 2.610988e-05
-8.250000e-03 2.944112e-05
-8.100000e-03 2.924120e-05
-7.950000e-03 2.926443e-05
-7.800000e-03 2.925398e-05
-7.650000e-03 2.929269e-05
-7.500000e-03 2.929547e-05
-7.350000e-03 2.923353e-05
-7.200000e-03 2.921666e-05
-7.050000e-03 2.917559e-05
-6.900000e-03 2.917211e-05
-6.750000e-03 2.921849e-05
-6.600000e-03 2.928391e-05
-6.450000e-03 2.950808e-05
-6.300000e-03 2.797355e-05
-6.150000e-03 4.020253e-05
-6.000000e-03 4.157282e-05
-5.850000e-03 3.037387e-05
-5.700000e-03 3.127093e-05
-5.550000e-03 3.128252e-05
-5.400000e-03 3.126722e-05
-5.250000e-03 3.115513e-05
-5.100000e-03 3.115791e-05
-4.950000e-03 3.120043e-05
-4.800000e-03 3.119764e-05
-4.650000e-03 3.121504e-05
-4.500000e-03 3.119694e-05
-4.350000e-03 3.113317e-05
-4.200000e-03 3.114152e-05
-4.050000e-03 3.122655e-05
-3.900000e-03 3.125578e-05
-3.750000e-03 3.129056e-05
-3.600000e-03 3.126343e-05
-3.450000e-03 3.129887e-05
-3.300000e-03 3.136805e-05
-3.150000e-03 3.141837e-05
-3.000000e-03 3.142116e-05
-2.850000e-03 3.130889e-05
-2.700000e-03 3.123645e-05
-2.550000e-03 3.139130e-05
-2.400000e-03 3.145817e-05
-2.250000e-03 3.140010e-05
-2.100000e-03 3.137642e-05
-1.950000e-03 3.142674e-05
-1.800000e-03 3.144346e-05
-1.650000e-03 3.140088e-05
-1.500000e-03 3.140854e-05
-1.350000e-03 3.145112e-05
-1.200000e-03 3.144668e-05
-1.050000e-03 3.151158e-05
-9.000000e-04 3.153594e-05
-7.500000e-04 3.144124e-05
-6.000000e-04 3.143498e-05
-4.500000e-04 3.150069e-05
-3.000000e-04 3.146724e-05
-1.500000e-04 3.137158e-05
1.047700e-09 3.138614e-05
1.500000e-04 3.134362e-05
3.000000e-04 3.131369e-05
4.500000e-04 3.136974e-05
6.000000e-04 3.139619e-05
7.500000e-04 3.139426e-05
9.000000e-04 3.139286e-05
1.050000e-03 3.136456e-05
1.200000e-03 3.133416e-05
1.350000e-03 3.129931e-05
1.500000e-03 3.131742e-05
1.650000e-03 3.132710e-05
1.800000e-03 3.129902e-05
1.950000e-03 3.123846e-05
2.100000e-03 3.123916e-05
2.250000e-03 3.112125e-05
2.400000e-03 3.109133e-05
2.550000e-03 3.120927e-05
2.700000e-03 3.123365e-05
2.850000e-03 3.129168e-05
3.000000e-03 3.134529e-05
3.150000e-03 3.141487e-05
3.300000e-03 3.142462e-05
3.450000e-03 3.145554e-05
3.600000e-03 3.144789e-05
3.750000e-03 3.141772e-05
3.900000e-03 3.139777e-05
4.050000e-03 3.135518e-05
4.200000e-03 3.136912e-05
4.350000e-03 3.135556e-05
4.500000e-03 3.134487e-05
4.650000e-03 3.134807e-05
4.800000e-03 3.132580e-05
4.950000e-03 3.140891e-05
5.100000e-03 3.146320e-05
5.250000e-03 3.152505e-05
5.400000e-03 3.152575e-05
5.550000e-03 3.151222e-05
5.700000e-03 3.150665e-05
5.850000e-03 3.141774e-05
6.000000e-03 3.140243e-05
6.150000e-03 3.143915e-05
6.300000e-03 3.144332e-05
6.450000e-03 3.134732e-05
6.600000e-03 3.132390e-05
6.750000e-03 3.133939e-05
6.900000e-03 3.131709e-05
7.050000e-03 3.117190e-05
7.200000e-03 3.111600e-05
7.350000e-03 3.110010e-05
7.500000e-03 3.108200e-05
7.650000e-03 3.109360e-05
7.800000e-03 3.120775e-05
7.950000e-03 3.140296e-05
8.100000e-03 3.141202e-05
8.250000e-03 3.137336e-05
8.400000e-03 3.135665e-05
8.550000e-03 3.144943e-05
8.700000e-03 3.150581e-05
8.850000e-03 3.155026e-05
9.000000e-03 3.153077e-05
9.150000e-03 3.147747e-05
9.300000e-03 3.145197e-05
9.450000e-03 3.145004e-05
9.600000e-03 3.144491e-05
9.750000e-03 3.132813e-05
9.900000e-03 3.131003e-05
1.005000e-02 3.142600e-05
1.020000e-02 3.150952e-05
1.035000e-02 3.160036e-05
1.050000e-02 3.155582e-05
1.065000e-02 3.148237e-05
1.080000e-02 3.144618e-05
1.095000e-02 3.127416e-05
1.110000e-02 3.132009e-05
1.125000e-02 3.151724e-05
1.140000e-02 3.158546e-05
1.155000e-02 3.172960e-05
1.170000e-02 3.164773e-05
1.185000e-02 3.144446e-05
1.200000e-02 3.143819e-05
1.215000e-02 3.139366e-05
1.230000e-02 3.137112e-05
1.245000e-02 3.131243e-05
1.260000e-02 3.133052e-05
1.275000e-02 3.140010e-05
1.290000e-02 3.140637e-05
1.305000e-02 3.132326e-05
1.320000e-02 3.129194e-05
1.335000e-02 3.135185e-05
1.350000e-02 3.137482e-05
1.365000e-02 3.134970e-05
1.380000e-02 3.133647e-05
1.395000e-02 3.144085e-05
1.410000e-02 3.150558e-05
1.425000e-02 3.144058e-05
1.440000e-02 3.143671e-05
1.455000e-02 3.152963e-05
1.470000e-02 3.148295e-05
1.485000e-02 3.147134e-05
