0.000000e+00 1.030969e+01
7.500000e-05 1.030617e+01
1.500000e-04 1.030989e+01
2.250000e-04 6.918953e+00
3.000000e-04 4.864367e+00
3.750000e-04 1.837295e+00
4.500000e-04 6.937326e-03
5.250000e-04 3.188805e-03
6.000000e-04 9.173471e-04
6.750000e-04 6.701244e-04
7.500000e-04 5.168094e-04
8.250000e-04 4.395947e-04
9.000000e-04 3.919547e-04
9.750000e-04 3.569535e-04
1.050000e-03 3.313568e-04
1.125000e-03 3.199347e-04
1.200000e-03 2.854214e-04
1.275000e-03 2.420115e-04
1.350000e-03 2.363952e-04
1.425000e-03 2.276208e-04
1.500000e-03 2.132957e-04
1.575000e-03 1.942684e-04
1.650000e-03 1.866524e-04
1.725000e-03 1.688143e-04
1.800000e-03 1.612165e-04
1.875000e-03 1.715979e-04
1.950000e-03 1.579737e-04
2.025000e-03 1.556274e-04
2.100000e-03 1.665863e-04
2.175000e-03 1.399738e-04
2.250000e-03 1.373327e-04
2.325000e-03 1.588349e-04
2.400000e-03 1.471181e-04
2.475000e-03 1.424163e-04
2.550000e-03 1.438560e-04
2.625000e-03 1.263164e-04
2.700000e-03 1.158961e-04
2.775000e-03 1.160568e-04
2.850000e-03 1.183060e-04
2.925000e-03 9.866807e-05
3.000000e-03 8.747918e-05
3.075000e-03 8.063322e-05
3.150000e-03 8.466264e-05
3.225000e-03 1.066147e-04
3.300000e-03 1.152369e-04
3.375000e-03 1.023485e-04
3.450000e-03 8.913490e-05
3.525000e-03 9.250968e-05
3.600000e-03 8.970955e-05
3.675000e-03 8.546698e-05
3.750000e-03 8.001816e-05
3.825000e-03 6.512216e-05
3.900000e-03 7.804033e-05
3.975000e-03 9.071862e-05
4.050000e-03 7.724412e-05
4.125000e-03 6.731266e-05
4.200000e-03 8.113735e-05
4.275000e-03 1.189990e-04
4.350000e-03 1.170098e-04
4.425000e-03 9.611833e-05
4.500000e-03 8.404160e-05
4.575000e-03 6.662136e-05
4.650000e-03 7.039971e-05
4.725000e-03 6.545004e-05
4.800000e-03 6.017366e-05
4.875000e-03 7.830099e-05
4.950000e-03 8.004036e-05
5.025000e-03 3.777539e-05
5.100000e-03 2.671736e-05
5.175000e-03 5.728312e-05
5.250000e-03 6.916986e-05
5.325000e-03 4.795702e-05
5.400000e-03 4.252243e-05
5.475000e-03 5.640719e-05
5.550000e-03 6.608300e-05
5.625000e-03 7.443957e-05
5.700000e-03 6.546339e-05
5.775000e-03 6.324569e-05
5.850000e-03 6.187176e-05
5.925000e-03 5.939693e-05
6.000000e-03 7.280060e-05
6.075000e-03 8.536760e-05
6.150000e-03 7.309232e-05
6.225000e-03 6.242163e-05
6.300000e-03 6.365830e-05
6.375000e-03 4.919500e-05
6.450000e-03 4.486119e-05
6.525000e-03 5.466409e-05
6.600000e-03 5.468733e-05
6.675000e-03 4.825919e-05
6.750000e-03 4.973239e-05
6.825000e-03 3.231215e-05
6.900000e-03 2.782342e-05
6.975000e-03 6.963842e-05
7.050000e-03 7.721718e-05
7.125000e-03 4.915838e-05
7.200000e-03 4.140453e-05
7.275000e-03 5.368226e-05
7.350000e-03 6.551728e-05
7.425000e-03 5.147182e-05
7.500000e-03 4.016208e-05
7.575000e-03 6.182488e-05
7.650000e-03 7.064705e-05
7.725000e-03 6.184051e-05
7.800000e-03 5.227891e-05
7.875000e-03 4.305453e-05
7.950000e-03 5.334641e-05
8.025000e-03 6.491705e-05
8.100000e-03 6.055259e-05
8.175000e-03 7.077332e-05
8.250000e-03 7.309500e-05
8.325000e-03 4.706106e-05
8.400000e-03 3.395343e-05
8.475000e-03 4.465627e-05
8.550000e-03 6.105181e-05
8.625000e-03 7.728284e-05
8.700000e-03 7.831974e-05
8.775000e-03 7.304867e-05
8.850000e-03 7.041646e-05
8.925000e-03 5.418543e-05
9.000000e-03 5.664273e-05
9.075000e-03 5.050386e-05
9.150000e-03 2.801854e-05
9.225000e-03 1.908344e-05
9.300000e-03 1.370313e-05
9.375000e-03 1.312460e-05
9.450000e-03 3.391620e-05
9.525000e-03 5.178640e-05
9.600000e-03 3.605313e-05
9.675000e-03 1.760439e-05
9.750000e-03 1.722675e-05
9.825000e-03 2.073008e-05
9.900000e-03 1.949295e-05
9.975000e-03 9.240076e-06
1.005000e-02 1.764841e-05
1.012500e-02 3.275452e-05
1.020000e-02 2.366526e-05
1.027500e-02 1.738212e-05
1.035000e-02 3.683719e-05
1.042500e-02 5.655513e-05
1.050000e-02 4.636423e-05
1.057500e-02 4.826052e-05
1.065000e-02 5.598063e-05
1.072500e-02 4.733480e-05
1.080000e-02 4.668872e-05
1.087500e-02 4.906713e-05
1.095000e-02 4.183390e-05
1.102500e-02 3.887696e-05
1.110000e-02 5.106590e-05
1.117500e-02 3.882031e-05
1.125000e-02 1.406339e-05
1.132500e-02 3.479412e-05
1.140000e-02 4.936754e-05
1.147500e-02 2.712620e-05
1.155000e-02 2.908959e-05
1.162500e-02 5.388674e-05
1.170000e-02 5.647426e-05
1.177500e-02 4.456552e-05
1.185000e-02 4.436785e-05
1.192500e-02 5.564923e-05
1.200000e-02 4.716993e-05
1.207500e-02 2.830336e-05
1.215000e-02 3.314847e-05
1.222500e-02 1.907086e-05
1.230000e-02 1.704674e-05
1.237500e-02 2.042151e-05
1.245000e-02 1.651821e-05
1.252500e-02 3.525622e-05
1.260000e-02 3.935406e-05
1.267500e-02 3.848627e-05
1.275000e-02 4.801176e-05
1.282500e-02 6.980313e-05
1.290000e-02 6.496631e-05
1.297500e-02 2.927059e-05
1.305000e-02 1.880376e-05
1.312500e-02 2.361230e-05
1.320000e-02 2.113370e-05
1.327500e-02 2.932957e-05
1.335000e-02 4.085478e-05
1.342500e-02 2.960555e-05
1.350000e-02 2.330813e-05
1.357500e-02 2.944700e-05
1.365000e-02 2.564723e-05
1.372500e-02 3.545013e-05
1.380000e-02 5.073549e-05
1.387500e-02 3.212604e-05
1.395000e-02 1.921421e-05
1.402500e-02 2.332821e-05
1.410000e-02 2.687278e-05
1.417500e-02 4.078969e-05
1.425000e-02 3.878207e-05
1.432500e-02 3.325031e-05
1.440000e-02 4.342532e-05
1.447500e-02 5.831001e-05
1.455000e-02 6.048159e-05
1.462500e-02 4.804316e-05
1.470000e-02 3.081334e-05
1.477500e-02 2.146041e-05
1.485000e-02 2.924522e-05
1.492500e-02 3.920883e-05
