-3.000000e-02 1.327851e-04
-2.970000e-02 1.351650e-04
-2.940000e-02 1.342168e-04
-2.910000e-02 1.289678e-04
-2.880000e-02 1.294609e-04
-2.850000e-02 1.302901e-04
-2.820000e-02 1.307832e-04
-2.790000e-02 1.290833e-04
-2.760000e-02 1.295005e-04
-2.730000e-02 1.362213e-04
-2.700000e-02 1.369040e-04
-2.670000e-02 1.403825e-04
-2.640000e-02 1.409514e-04
-2.610000e-02 1.317720e-04
-2.580000e-02 1.308997e-04
-2.550000e-02 1.348799e-04
-2.520000e-02 1.356385e-04
-2.490000e-02 1.452573e-04
-2.460000e-02 1.441574e-04
-2.430000e-02 1.390578e-04
-2.400000e-02 1.395508e-04
-2.370000e-02 1.370964e-04
-2.340000e-02 1.370964e-04
-2.310000e-02 1.483903e-04
-2.280000e-02 1.447872e-04
-2.250000e-02 1.607661e-04
-2.220000e-02 1.642555e-04
-2.190000e-02 1.700185e-04
-2.160000e-02 1.703219e-04
-2.130000e-02 1.553795e-04
-2.100000e-02 1.545071e-04
-2.070000e-02 1.606268e-04
-2.040000e-02 1.645712e-04
-2.010000e-02 1.758029e-04
-1.980000e-02 1.705310e-04
-1.950000e-02 1.491000e-04
-1.920000e-02 1.532341e-04
-1.890000e-02 1.624135e-04
-1.860000e-02 1.626410e-04
-1.830000e-02 1.673220e-04
-1.800000e-02 1.620500e-04
-1.770000e-02 1.655286e-04
-1.740000e-02 1.695868e-04
-1.710000e-02 2.243233e-04
-1.680000e-02 2.265230e-04
-1.650000e-02 1.517901e-04
-1.620000e-02 1.511833e-04
-1.590000e-02 1.895386e-04
-1.560000e-02 1.914729e-04
-1.530000e-02 1.642747e-04
-1.500000e-02 1.598371e-04
-1.470000e-02 1.473036e-04
-1.440000e-02 1.520824e-04
-1.410000e-02 1.894344e-04
-1.380000e-02 1.889413e-04
-1.350000e-02 1.569834e-04
-1.320000e-02 1.547457e-04
-1.290000e-02 1.538253e-04
-1.260000e-02 1.557596e-04
-1.230000e-02 1.740189e-04
-1.200000e-02 1.755739e-04
-1.170000e-02 1.663945e-04
-1.140000e-02 1.643464e-04
-1.110000e-02 1.944966e-04
-1.080000e-02 1.999582e-04
-1.050000e-02 2.245444e-04
-1.020000e-02 2.207137e-04
-9.900000e-03 1.931755e-04
-9.600000e-03 1.982199e-04
-9.300000e-03 1.960100e-04
-9.000000e-03 1.954032e-04
-8.700000e-03 1.792543e-04
-8.400000e-03 1.781543e-04
-8.100000e-03 2.073925e-04
-7.800000e-03 2.081510e-04
-7.500000e-03 2.016002e-04
-7.200000e-03 2.033069e-04
-6.900000e-03 1.758600e-04
-6.600000e-03 1.745704e-04
-6.300000e-03 1.980289e-04
-6.000000e-03 2.008735e-04
-5.700000e-03 1.917853e-04
-5.400000e-03 1.889515e-04
-5.100000e-03 1.978987e-04
-4.800000e-03 2.042977e-04
-4.500000e-03 2.153180e-04
-4.200000e-03 2.153180e-04
-3.900000e-03 1.915195e-04
-3.600000e-03 1.909885e-04
-3.300000e-03 1.920665e-04
-3.000000e-03 1.929768e-04
-2.700000e-03 1.878191e-04
-2.400000e-03 1.889948e-04
-2.100000e-03 1.913747e-04
-1.800000e-03 1.919815e-04
-1.500000e-03 1.947594e-04
-1.200000e-03 1.949111e-04
-9.000000e-04 1.982528e-04
-6.000000e-04 1.992993e-04
-3.000000e-04 2.016567e-04
2.095500e-09 2.016796e-04
3.000000e-04 1.987112e-04
6.000000e-04 1.992803e-04
9.000000e-04 2.002091e-04
1.200000e-03 2.007402e-04
1.500000e-03 1.953372e-04
1.800000e-03 1.973097e-04
2.100000e-03 2.074729e-04
2.400000e-03 2.079281e-04
2.700000e-03 2.116683e-04
3.000000e-03 2.119717e-04
3.300000e-03 2.042633e-04
3.600000e-03 2.057806e-04
3.900000e-03 2.046486e-04
4.200000e-03 2.068107e-04
4.500000e-03 2.217715e-04
4.800000e-03 2.201783e-04
5.100000e-03 2.104795e-04
5.400000e-03 2.123003e-04
5.700000e-03 2.168988e-04
6.000000e-03 2.155712e-04
6.300000e-03 1.768091e-05
6.600000e-03 2.227069e-05
6.900000e-03 1.876851e-04
7.200000e-03 2.336209e-04
7.500000e-03 -1.509789e-05
7.800000e-03 -3.171213e-05
8.100000e-03 -3.968911e-04
8.400000e-03 -1.748746e-04
8.700000e-03 -1.466958e-03
9.000000e-03 -3.891563e-04
9.300000e-03 1.282599e-02
9.600000e-03 1.186589e-02
9.900000e-03 -6.198152e-02
1.020000e-02 -6.931663e-02
1.050000e-02 -6.887488e-03
1.080000e-02 2.896012e-04
1.110000e-02 -1.541262e-02
1.140000e-02 -1.191339e-02
1.170000e-02 1.115405e-03
1.200000e-02 2.097209e-02
1.230000e-02 2.705114e-01
1.260000e-02 2.592409e-01
1.290000e-02 7.537362e-02
1.320000e-02 7.294786e-02
1.350000e-02 -1.262743e-02
1.380000e-02 -2.817794e-02
1.410000e-02 -1.614030e-01
1.440000e-02 -1.406127e-01
1.470000e-02 -3.006312e-02
1.500000e-02 -4.042237e-02
1.530000e-02 -7.025274e+00
1.560000e-02 -7.030078e+00
1.590000e-02 4.147901e-05
1.620000e-02 3.867875e-05
1.650000e-02 -1.675285e-05
1.680000e-02 -1.891971e-05
1.710000e-02 5.929712e-05
1.740000e-02 6.210570e-05
1.770000e-02 5.388808e-05
1.800000e-02 5.877187e-05
1.830000e-02 1.995564e-06
1.860000e-02 -5.471788e-06
1.890000e-02 8.939073e-05
1.920000e-02 9.603301e-05
1.950000e-02 6.818146e-05
1.980000e-02 6.703969e-05
2.010000e-02 6.943027e-05
2.040000e-02 6.662169e-05
2.070000e-02 3.257230e-05
2.100000e-02 3.307235e-05
2.130000e-02 5.487000e-05
2.160000e-02 5.619512e-05
2.190000e-02 5.821218e-05
2.220000e-02 5.760379e-05
2.250000e-02 1.836327e-05
2.280000e-02 1.305445e-05
2.310000e-02 -6.199566e-06
2.340000e-02 -8.741466e-06
2.370000e-02 1.240024e-05
2.400000e-02 1.729235e-05
2.430000e-02 -1.529571e-05
2.460000e-02 -1.578743e-05
2.490000e-02 -1.382868e-05
2.520000e-02 -1.792906e-05
2.550000e-02 4.485352e-07
2.580000e-02 5.457328e-06
2.610000e-02 4.568997e-05
2.640000e-02 4.583998e-05
2.670000e-02 9.267919e-06
2.700000e-02 9.642954e-06
2.730000e-02 1.442412e-05
2.760000e-02 7.794290e-06
2.790000e-02 -3.807498e-05
2.820000e-02 -3.777074e-05
2.850000e-02 3.700963e-05
2.880000e-02 4.170172e-05
2.910000e-02 1.841816e-05
2.940000e-02 1.766809e-05
2.970000e-02 3.587167e-05
