-5.019558589999999904e-02 3.574826110000000018e-04
-5.025776480000000018e-02 2.376060290000000077e-04
-5.023163559999999778e-02 2.472685009999999817e-04
-5.018277089999999968e-02 2.359169010000000005e-04
-5.012378840000000085e-02 2.382570819999999900e-04
-5.005729200000000323e-02 2.332138829999999866e-04
-4.998513310000000237e-02 2.347321420000000034e-04
-4.990742730000000127e-02 2.289114049999999988e-04
-4.982243110000000169e-02 2.312015280000000021e-04
-4.973298679999999666e-02 2.301416100000000064e-04
-4.964173959999999830e-02 2.305486559999999968e-04
-4.955016820000000127e-02 2.310512940000000119e-04
-4.945955049999999770e-02 2.309880359999999966e-04
-4.936723779999999812e-02 2.280027259999999891e-04
-4.927224289999999896e-02 2.285330559999999953e-04
-4.917429019999999817e-02 2.259699829999999932e-04
-4.907357689999999883e-02 2.266870139999999914e-04
-4.897167160000000241e-02 2.258654130000000099e-04
-4.886996750000000000e-02 2.254468850000000105e-04
-4.876780879999999957e-02 2.235169520000000103e-04
-4.866458850000000141e-02 2.231607650000000040e-04
-4.856243729999999703e-02 2.239164899999999958e-04
-4.845835639999999944e-02 2.256547890000000099e-04
-4.835071039999999654e-02 2.254145069999999871e-04
-4.824230820000000031e-02 2.257749150000000135e-04
-4.813406619999999886e-02 2.262012279999999951e-04
-4.802732170000000023e-02 2.254555290000000026e-04
-4.792161660000000128e-02 2.251222470000000062e-04
-4.781524460000000087e-02 2.251023110000000048e-04
-4.770703610000000261e-02 2.219773010000000095e-04
-4.759720340000000299e-02 2.221315950000000126e-04
-4.748670759999999713e-02 2.214574630000000109e-04
-4.737417029999999724e-02 2.224360649999999938e-04
-4.726119339999999835e-02 2.252682899999999919e-04
-4.715028780000000280e-02 2.250460970000000053e-04
-4.703978450000000089e-02 2.242458289999999996e-04
-4.692971330000000191e-02 2.236975559999999973e-04
-4.681871829999999929e-02 2.206360220000000134e-04
-4.670504109999999709e-02 2.208442169999999885e-04
-4.659073799999999960e-02 2.203965560000000097e-04
-4.647783190000000231e-02 2.196994459999999916e-04
-4.636592419999999853e-02 2.202594910000000097e-04
-4.625459760000000253e-02 2.201157330000000009e-04
-4.614464189999999827e-02 2.211698300000000000e-04
-4.603357610000000100e-02 2.222147740000000079e-04
-4.592050240000000033e-02 2.217574949999999987e-04
-4.580679540000000272e-02 2.216701980000000054e-04
-4.569147529999999929e-02 2.187664649999999976e-04
-4.557662829999999804e-02 2.177350249999999965e-04
-4.546417669999999744e-02 2.188482179999999989e-04
-4.535252230000000329e-02 2.187710630000000022e-04
-4.524023089999999747e-02 2.183138709999999977e-04
-4.512656849999999858e-02 2.189754159999999876e-04
-4.501255970000000300e-02 2.193997639999999876e-04
-4.489783569999999946e-02 2.199829320000000119e-04
-4.478276889999999871e-02 2.210312380000000029e-04
-4.466935250000000218e-02 2.201131870000000098e-04
-4.455637190000000247e-02 2.183004250000000030e-04
-4.444384199999999729e-02 2.176741979999999982e-04
-4.433026539999999904e-02 2.150012149999999916e-04
-4.421438280000000026e-02 2.154286920000000112e-04
-4.409917819999999850e-02 2.169226790000000052e-04
-4.398399590000000303e-02 2.174493420000000001e-04
-4.386935010000000273e-02 2.198094299999999986e-04
-4.375585170000000079e-02 2.196677809999999923e-04
-4.364302379999999981e-02 2.204010960000000021e-04
-4.353144760000000196e-02 2.202120519999999939e-04
-4.341787099999999677e-02 2.163658500000000115e-04
-4.330276699999999895e-02 2.158904539999999966e-04
-4.318709669999999667e-02 2.144187599999999915e-04
-4.307185110000000261e-02 2.136399849999999999e-04
-4.295905679999999921e-02 2.147328200000000065e-04
-4.284573719999999752e-02 2.154408579999999977e-04
-4.273306579999999744e-02 2.184907790000000080e-04
-4.262035709999999894e-02 2.193086980000000111e-04
-4.250547290000000061e-02 2.179704320000000104e-04
-4.239096869999999656e-02 2.175547849999999916e-04
-4.227567089999999944e-02 2.158799619999999891e-04
-4.216151679999999985e-02 2.145952750000000000e-04
-4.205005989999999888e-02 2.146999029999999955e-04
-4.193913190000000263e-02 2.144208559999999917e-04
-4.182815549999999855e-02 2.135682729999999923e-04
-4.171348739999999888e-02 2.151806689999999930e-04
-4.159788789999999820e-02 2.181195600000000018e-04
-4.148401689999999670e-02 2.184330079999999958e-04
-4.136932270000000245e-02 2.179341970000000031e-04
-4.125703869999999829e-02 2.163091989999999963e-04
-4.114615919999999732e-02 2.149445210000000127e-04
-4.103519020000000184e-02 2.145111359999999918e-04
-4.092400520000000208e-02 2.121219879999999933e-04
-4.081101720000000072e-02 2.123438319999999921e-04
-4.069792850000000101e-02 2.127875920000000002e-04
-4.058448230000000212e-02 2.128650090000000071e-04
-4.047231379999999962e-02 2.152235970000000091e-04
-4.036161299999999758e-02 2.154828250000000048e-04
-4.025075580000000292e-02 2.159412689999999939e-04
-4.014077409999999846e-02 2.155798429999999965e-04
-4.002827030000000175e-02 2.111700310000000109e-04
-3.991367669999999757e-02 2.108411279999999996e-04
-3.980002180000000167e-02 2.106725299999999879e-04
-3.968709329999999674e-02 2.101737770000000074e-04
-3.957663480000000317e-02 2.129136990000000116e-04
-3.946646680000000240e-02 2.134320679999999982e-04
-3.935638069999999877e-02 2.150105279999999940e-04
-3.924686830000000126e-02 2.155220720000000114e-04
-3.913507239999999832e-02 2.139416169999999913e-04
-3.902257609999999766e-02 2.137961999999999979e-04
-3.890991209999999922e-02 2.122886940000000028e-04
-3.879846259999999991e-02 2.110156350000000087e-04
-3.868867460000000036e-02 2.102560829999999944e-04
-3.857807070000000144e-02 2.101850840000000109e-04
-3.846815969999999724e-02 2.111667270000000128e-04
-3.835753719999999978e-02 2.122336149999999946e-04
-3.824582700000000307e-02 2.133930389999999879e-04
-3.813435510000000306e-02 2.136696569999999940e-04
-3.802241380000000170e-02 2.144545139999999963e-04
-3.791233900000000323e-02 2.136186809999999895e-04
-3.780389580000000083e-02 2.131923680000000080e-04
-3.769563509999999951e-02 2.129280039999999891e-04
-3.758626799999999907e-02 2.103450529999999978e-04
-3.747462850000000262e-02 2.104882010000000045e-04
-3.736262399999999706e-02 2.102954749999999908e-04
-3.725046290000000315e-02 2.106012979999999867e-04
-3.713937850000000040e-02 2.140416179999999897e-04
-3.703048829999999736e-02 2.139714489999999965e-04
-3.692232069999999700e-02 2.141652080000000025e-04
-3.681435809999999975e-02 2.141100850000000075e-04
-3.670451050000000243e-02 2.108082550000000025e-04
-3.659292680000000159e-02 2.103726440000000129e-04
-3.648164119999999788e-02 2.096840910000000093e-04
-3.637170420000000043e-02 2.089119079999999964e-04
-3.626409919999999676e-02 2.106453030000000090e-04
-3.615637120000000232e-02 2.113430960000000085e-04
-3.604805099999999762e-02 2.130904610000000090e-04
-3.593911229999999929e-02 2.140957219999999907e-04
-3.582790119999999801e-02 2.122839800000000010e-04
-3.571715579999999723e-02 2.113499359999999991e-04
-3.560765829999999743e-02 2.108345359999999938e-04
-3.549943490000000146e-02 2.095935779999999915e-04
-3.539262340000000340e-02 2.085092710000000069e-04
-3.528540580000000260e-02 2.086468879999999967e-04
-3.517724199999999746e-02 2.082430580000000037e-04
-3.506815810000000339e-02 2.086558229999999916e-04
-3.495980430000000111e-02 2.102175929999999988e-04
-3.485102579999999756e-02 2.110330529999999885e-04
-3.474157679999999998e-02 2.121782159999999911e-04
-3.463436290000000001e-02 2.109583580000000012e-04
-3.452786060000000157e-02 2.087631289999999928e-04
-3.442124650000000230e-02 2.083224830000000101e-04
-3.431402890000000150e-02 2.060960109999999967e-04
-3.420515360000000310e-02 2.062864370000000122e-04
-3.409644590000000114e-02 2.078752300000000003e-04
-3.398829329999999982e-02 2.081224810000000132e-04
-3.388176109999999769e-02 2.107209149999999913e-04
-3.377681970000000200e-02 2.106999599999999958e-04
-3.367158399999999746e-02 2.101496649999999957e-04
-3.356542070000000100e-02 2.102222349999999902e-04
-3.345692160000000165e-02 2.065525770000000089e-04
-3.334787489999999771e-02 2.058436219999999956e-04
-3.323990849999999830e-02 2.064517179999999965e-04
-3.313246739999999718e-02 2.063633290000000027e-04
-3.302684799999999754e-02 2.083707950000000071e-04
-3.292160849999999778e-02 2.088674660000000127e-04
-3.281597049999999960e-02 2.095902310000000027e-04
-3.270893539999999988e-02 2.104017479999999998e-04
-3.260038049999999799e-02 2.101296120000000010e-04
-3.249278290000000291e-02 2.097445689999999927e-04
-3.238599749999999944e-02 2.100334820000000118e-04
-3.228096290000000146e-02 2.090896160000000085e-04
-3.217610340000000291e-02 2.075401129999999907e-04
-3.207029770000000002e-02 2.075482919999999977e-04
-3.196457030000000171e-02 2.069088950000000067e-04
-3.185710309999999906e-02 2.077236569999999936e-04
-3.174924850000000048e-02 2.093338260000000026e-04
-3.164191920000000019e-02 2.093073850000000001e-04
-3.153541680000000041e-02 2.106102620000000012e-04
-3.143096339999999767e-02 2.101362479999999936e-04
-3.132544090000000114e-02 2.078257679999999906e-04
-3.121895339999999908e-02 2.075707599999999920e-04
-3.111227600000000121e-02 2.057474190000000000e-04
-3.100459839999999967e-02 2.056916129999999965e-04
-3.089761179999999871e-02 2.066876039999999937e-04
-3.078997509999999854e-02 2.071492490000000129e-04
-3.068423639999999855e-02 2.115871469999999874e-04
-3.058009219999999889e-02 2.125122410000000002e-04
-3.047363269999999943e-02 2.112333900000000020e-04
-3.036671499999999899e-02 2.110471100000000082e-04
-3.025827559999999875e-02 2.087852479999999992e-04
-3.014985099999999835e-02 2.079635449999999916e-04
-3.004328909999999866e-02 2.079887200000000113e-04
-2.993709970000000067e-02 2.077731769999999884e-04
-2.983148210000000078e-02 2.081258429999999964e-04
-2.972486430000000068e-02 2.085667369999999910e-04
-2.961801550000000074e-02 2.094107480000000087e-04
-2.951050740000000019e-02 2.103921290000000004e-04
-2.940183689999999878e-02 2.111818029999999995e-04
-2.929412949999999835e-02 2.108898920000000065e-04
-2.918616870000000085e-02 2.104498130000000079e-04
-2.907939630000000095e-02 2.095803070000000024e-04
-2.897375079999999978e-02 2.082452270000000104e-04
-2.886658909999999939e-02 2.086756289999999975e-04
-2.875886299999999909e-02 2.089256299999999995e-04
-2.864935620000000002e-02 2.097949619999999956e-04
-2.853980659999999850e-02 2.121444409999999933e-04
-2.843249399999999913e-02 2.119338460000000130e-04
-2.832542919999999839e-02 2.125586619999999909e-04
-2.821910379999999913e-02 2.123393930000000028e-04
-2.811145409999999886e-02 2.087120810000000050e-04
-2.800213730000000040e-02 2.084093429999999878e-04
-2.789328619999999898e-02 2.083473079999999917e-04
-2.778293940000000142e-02 2.089332409999999994e-04
-2.767319600000000060e-02 2.115740350000000134e-04
-2.756466899999999998e-02 2.120793360000000128e-04
-2.745706960000000169e-02 2.150203359999999970e-04
-2.734971790000000069e-02 2.159329160000000045e-04
-2.724020560000000105e-02 2.156855920000000121e-04
-2.712961659999999983e-02 2.162467140000000094e-04
-2.701810749999999928e-02 2.154541869999999990e-04
-2.690666540000000162e-02 2.151305090000000077e-04
-2.679580820000000002e-02 2.152099620000000107e-04
-2.668443319999999966e-02 2.152533119999999940e-04
-2.657421119999999956e-02 2.173000250000000049e-04
-2.646376939999999997e-02 2.184614280000000052e-04
-2.635102530000000068e-02 2.186779309999999869e-04
-2.623691969999999984e-02 2.195784470000000069e-04
-2.612267060000000168e-02 2.210065429999999898e-04
-2.600930820000000102e-02 2.209890949999999943e-04
-2.589601650000000060e-02 2.210607339999999955e-04
-2.578253859999999828e-02 2.208949590000000064e-04
-2.566910539999999949e-02 2.205211350000000009e-04
-2.555477810000000155e-02 2.212217369999999977e-04
-2.543931270000000106e-02 2.212756519999999950e-04
-2.532203870000000051e-02 2.223786719999999890e-04
-2.520428970000000019e-02 2.254907740000000084e-04
-2.508713679999999974e-02 2.262630300000000006e-04
-2.497056690000000120e-02 2.285224040000000036e-04
-2.485447559999999848e-02 2.290483829999999941e-04
-2.473729480000000022e-02 2.286899110000000109e-04
-2.461867590000000119e-02 2.291091370000000130e-04
-2.449833040000000059e-02 2.274165309999999984e-04
-2.437683939999999924e-02 2.278015750000000027e-04
-2.425585499999999978e-02 2.305753730000000077e-04
-2.413503830000000155e-02 2.314850139999999952e-04
-2.401483249999999958e-02 2.341512450000000120e-04
-2.389414609999999939e-02 2.353992019999999929e-04
-2.377234959999999925e-02 2.370094149999999887e-04
-2.364758960000000118e-02 2.390380399999999866e-04
-2.352037280000000147e-02 2.405912959999999972e-04
-2.339237740000000079e-02 2.419396619999999998e-04
-2.326363700000000020e-02 2.444396090000000013e-04
-2.313546090000000166e-02 2.450032920000000110e-04
-2.300672789999999926e-02 2.465654979999999837e-04
-2.287610619999999942e-02 2.482730200000000009e-04
-2.274398879999999998e-02 2.495750959999999772e-04
-2.260998259999999829e-02 2.511795030000000249e-04
-2.247492599999999924e-02 2.538826079999999892e-04
-2.233684060000000124e-02 2.563158919999999744e-04
-2.219743100000000011e-02 2.608831269999999829e-04
-2.206010369999999998e-02 2.616261479999999967e-04
-2.192226049999999871e-02 2.638194130000000195e-04
-2.178230139999999884e-02 2.658916059999999969e-04
-2.163973450000000048e-02 2.662830519999999802e-04
-2.149612459999999947e-02 2.670511020000000007e-04
-2.135175090000000081e-02 2.679094609999999868e-04
-2.120494100000000146e-02 2.693047859999999987e-04
-2.105898599999999829e-02 2.746269459999999972e-04
-2.091749940000000099e-02 2.742301150000000100e-04
-2.077394349999999931e-02 2.696963200000000098e-04
-2.062888629999999959e-02 2.689595569999999811e-04
-2.048336159999999961e-02 2.671306430000000044e-04
-2.034589830000000168e-02 2.616379060000000143e-04
-2.021588009999999991e-02 2.577722190000000173e-04
-2.007993500000000014e-02 2.599430449999999841e-04
-1.994156840000000167e-02 2.619272560000000219e-04
-1.980173959999999983e-02 2.631543610000000024e-04
-1.966023999999999897e-02 2.638081209999999831e-04
-1.951863239999999944e-02 2.644628399999999807e-04
-1.937500569999999964e-02 2.639078590000000024e-04
-1.922749539999999910e-02 2.660579629999999915e-04
-1.907468400000000147e-02 2.621516179999999882e-04
-1.892879609999999907e-02 2.565815809999999844e-04
-1.879170159999999853e-02 2.557929549999999989e-04
-1.865267010000000100e-02 2.566746840000000071e-04
-1.851266249999999891e-02 2.574962269999999764e-04
-1.837244440000000006e-02 2.575580440000000033e-04
-1.823249650000000055e-02 2.582152960000000169e-04
-1.809313889999999980e-02 2.584432659999999862e-04
-1.795405519999999921e-02 2.605026530000000137e-04
-1.781644489999999886e-02 2.603733159999999797e-04
-1.767823849999999863e-02 2.580190189999999892e-04
-1.753817679999999934e-02 2.582875899999999758e-04
-1.739763470000000103e-02 2.582313900000000016e-04
-1.725494299999999828e-02 2.591389060000000234e-04
-1.711296849999999897e-02 2.628874789999999890e-04
-1.697528179999999859e-02 2.620172750000000078e-04
-1.683656310000000017e-02 2.578936980000000084e-04
-1.669879999999999975e-02 2.558336130000000053e-04
-1.656151559999999995e-02 2.518507539999999918e-04
-1.642422010000000113e-02 2.504317379999999936e-04
-1.628863070000000079e-02 2.483545690000000042e-04
-1.615336159999999910e-02 2.474142240000000263e-04
-1.601961810000000069e-02 2.473483330000000153e-04
-1.588665140000000003e-02 2.465146830000000135e-04
-1.575403100000000167e-02 2.448171440000000048e-04
-1.562365800000000034e-02 2.431900649999999919e-04
-1.549303619999999916e-02 2.391520679999999891e-04
-1.536076050000000082e-02 2.387004930000000103e-04
-1.523081400000000050e-02 2.403997930000000027e-04
-1.509006509999999933e-02 2.475059010000000008e-04
-1.492956089999999958e-02 2.342541269999999910e-04
-1.478981600000000077e-02 2.167062630000000012e-04
-1.467598139999999954e-02 2.112724029999999949e-04
-1.456273530000000080e-02 2.092519430000000058e-04
-1.445119920000000058e-02 2.064900470000000121e-04
-1.434041370000000044e-02 2.050436599999999870e-04
-1.423078499999999927e-02 2.037118250000000119e-04
-1.412243019999999925e-02 2.024741990000000042e-04
-1.401627899999999954e-02 2.019258679999999897e-04
-1.391103490000000081e-02 2.011829639999999962e-04
-1.380578239999999922e-02 1.991057800000000126e-04
-1.369953990000000003e-02 1.986780119999999902e-04
-1.359314839999999948e-02 1.972714530000000083e-04
-1.348801519999999997e-02 1.962768439999999911e-04
-1.338332149999999984e-02 1.949725269999999977e-04
-1.327968579999999968e-02 1.938739010000000102e-04
-1.317814640000000009e-02 1.935677859999999884e-04
-1.307651030000000006e-02 1.935154719999999907e-04
-1.297487320000000055e-02 1.933662569999999945e-04
-1.287316160000000036e-02 1.930895959999999977e-04
-1.277119950000000018e-02 1.919236380000000108e-04
-1.267001310000000040e-02 1.912981100000000047e-04
-1.256911179999999940e-02 1.900385100000000075e-04
-1.246975730000000025e-02 1.886574760000000019e-04
-1.237129980000000080e-02 1.870158890000000096e-04
-1.227237190000000054e-02 1.867111419999999968e-04
-1.217376350000000038e-02 1.856764139999999880e-04
-1.207460370000000040e-02 1.856359450000000125e-04
-1.197579780000000010e-02 1.861164929999999866e-04
-1.188140269999999991e-02 1.833896240000000024e-04
-1.178779450000000048e-02 1.771609969999999917e-04
-1.168591249999999943e-02 1.801204629999999965e-04
-1.157540360000000081e-02 1.746260679999999906e-04
-1.146089380000000005e-02 1.750756779999999878e-04
-1.135149230000000002e-02 1.841362970000000061e-04
-1.125208379999999980e-02 1.813906859999999928e-04
-1.115631589999999985e-02 1.798443989999999994e-04
-1.106065229999999948e-02 1.789772799999999968e-04
-1.096653749999999990e-02 1.791703400000000041e-04
-1.087328700000000058e-02 1.789632220000000082e-04
-1.078006069999999997e-02 1.784278570000000089e-04
-1.068707370000000073e-02 1.780907770000000098e-04
-1.059296730000000054e-02 1.759509610000000032e-04
-1.049856100000000000e-02 1.753651600000000102e-04
-1.040577519999999999e-02 1.757604039999999962e-04
-1.031439009999999927e-02 1.750607329999999927e-04
-1.022366530000000037e-02 1.742217140000000043e-04
-1.013231459999999924e-02 1.740559530000000135e-04
-1.004123780000000001e-02 1.740663280000000006e-04
-9.950206620000000626e-03 1.742776080000000085e-04
-9.858460169999999634e-03 1.743273170000000070e-04
-9.767920709999999146e-03 1.736253909999999881e-04
-9.678445759999999495e-03 1.727844500000000089e-04
-9.589732619999999375e-03 1.720241129999999872e-04
-9.501283060000000752e-03 1.703538150000000098e-04
-9.412357580000000820e-03 1.698053380000000094e-04
-9.323263539999999613e-03 1.680219579999999899e-04
-9.234243070000000206e-03 1.675639210000000009e-04
-9.145799090000000103e-03 1.672519139999999952e-04
-9.058034050000000198e-03 1.667320180000000116e-04
-8.971164000000000222e-03 1.674012750000000043e-04
-8.884982209999999631e-03 1.672325889999999918e-04
-8.798920550000000410e-03 1.663257570000000016e-04
-8.712858889999999454e-03 1.659999980000000043e-04
-8.626369760000000483e-03 1.643820289999999918e-04
-8.539575149999999171e-03 1.637567769999999942e-04
-8.453726769999999474e-03 1.636131199999999884e-04
-8.369074199999999852e-03 1.630654299999999876e-04
-8.284596729999999659e-03 1.624456340000000085e-04
-8.200340900000000280e-03 1.620930119999999873e-04
-8.116705340000000476e-03 1.615291400000000010e-04
-8.032712149999999413e-03 1.615416989999999891e-04
-7.948255169999999745e-03 1.608015149999999962e-04
-7.864612150000000260e-03 1.600453540000000118e-04
-7.781887890000000266e-03 1.594795470000000054e-04
-7.699523590000000028e-03 1.588416640000000091e-04
-7.617763710000000250e-03 1.580898389999999920e-04
-7.536170069999999742e-03 1.579341479999999873e-04
-7.454029749999999642e-03 1.571823229999999973e-04
-7.371702229999999890e-03 1.570272139999999981e-04
-7.290217560000000242e-03 1.573992489999999963e-04
-7.209636739999999815e-03 1.569897719999999890e-04
-7.129482920000000147e-03 1.565654239999999891e-04
-7.049504199999999908e-03 1.560937090000000108e-04
-6.969776940000000157e-03 1.552125900000000047e-04
-6.890548859999999845e-03 1.548073780000000044e-04
-6.811062340000000048e-03 1.532550229999999985e-04
-6.731603289999999774e-03 1.526781420000000061e-04
-6.652561020000000332e-03 1.523407409999999885e-04
-6.574154369999999845e-03 1.518399660000000102e-04
-6.496539340000000336e-03 1.511869630000000134e-04
-6.419315929999999844e-03 1.507161069999999909e-04
-6.342354229999999649e-03 1.498441559999999972e-04
-6.264699619999999566e-03 1.497405609999999940e-04
-6.186998449999999913e-03 1.493860759999999903e-04
-6.110373879999999626e-03 1.488154519999999870e-04
-6.033909970000000088e-03 1.480538189999999938e-04
-5.957946650000000427e-03 1.474800959999999865e-04
-5.882974709999999781e-03 1.469743729999999928e-04
-5.808265879999999909e-03 1.466339600000000031e-04
-5.733390340000000043e-03 1.454093439999999975e-04
-5.658103620000000389e-03 1.450161069999999879e-04
-5.582980809999999773e-03 1.442088400000000035e-04
-5.508617960000000008e-03 1.436583699999999979e-04
-5.434992720000000194e-03 1.433579159999999887e-04
-5.362103229999999957e-03 1.428088290000000134e-04
-5.289240740000000253e-03 1.418626199999999940e-04
-5.216218069999999617e-03 1.416191659999999877e-04
-5.143406340000000049e-03 1.407530219999999924e-04
-5.070673769999999893e-03 1.403937640000000057e-04
-4.998387299999999638e-03 1.401418700000000054e-04
-4.926353229999999583e-03 1.397082809999999865e-04
-4.854872359999999956e-03 1.394343560000000076e-04
-4.784150509999999731e-03 1.390701510000000014e-04
-4.713289439999999823e-03 1.383480990000000084e-04
-4.642249549999999739e-03 1.381965120000000036e-04
-4.571456930000000404e-03 1.376597789999999954e-04
-4.501076879999999641e-03 1.372182159999999905e-04
-4.431090779999999861e-03 1.366485380000000019e-04
-4.361324940000000337e-03 1.361247710000000090e-04
-4.292205440000000302e-03 1.357537260000000123e-04
-4.223539489999999889e-03 1.355326970000000095e-04
-4.154822320000000312e-03 1.348354849999999923e-04
-4.086219240000000218e-03 1.345157649999999879e-04
-4.017407070000000337e-03 1.337839200000000132e-04
-3.948814240000000052e-03 1.333898249999999897e-04
-3.881112439999999907e-03 1.332716350000000022e-04
-3.813914260000000108e-03 1.329263320000000092e-04
-3.746993369999999934e-03 1.324302869999999959e-04
-3.679934660000000121e-03 1.321542220000000028e-04
-3.612927860000000185e-03 1.314799299999999899e-04
-3.546301740000000046e-03 1.311880189999999969e-04
-3.479525910000000073e-03 1.306202470000000088e-04
-3.413084199999999891e-03 1.302158199999999889e-04
-3.347429209999999884e-03 1.299077270000000104e-04
-3.282212889999999977e-03 1.295331459999999940e-04
-3.217257560000000207e-03 1.289285860000000128e-04
-3.152150199999999899e-03 1.286268230000000028e-04
-3.087071930000000013e-03 1.278422570000000032e-04
-3.022360380000000193e-03 1.275141990000000036e-04
-2.957776190000000176e-03 1.268169729999999882e-04
-2.893665570000000017e-03 1.262817969999999927e-04
-2.829801060000000038e-03 1.256786490000000073e-04
-2.766125600000000125e-03 1.253480589999999878e-04
-2.703027800000000046e-03 1.249159540000000022e-04
-2.639966090000000175e-03 1.247387700000000105e-04
-2.576892730000000017e-03 1.242272259999999931e-04
-2.513759070000000113e-03 1.239099799999999964e-04
-2.450993280000000017e-03 1.236463429999999999e-04
-2.388992109999999933e-03 1.232612849999999973e-04
-2.327053569999999825e-03 1.227595490000000101e-04
-2.265284299999999890e-03 1.224768780000000130e-04
-2.203796990000000001e-03 1.216959940000000054e-04
-2.142297100000000072e-03 1.214225490000000058e-04
-2.080966489999999842e-03 1.209458859999999985e-04
-2.019729929999999809e-03 1.205532679999999957e-04
-1.958901759999999870e-03 1.201477350000000041e-04
-1.898588849999999955e-03 1.198565150000000011e-04
-1.838555439999999940e-03 1.195136790000000032e-04
-1.778770349999999950e-03 1.192412240000000051e-04
-1.718770600000000095e-03 1.185750879999999962e-04
-1.658942669999999980e-03 1.182318160000000057e-04
-1.599505659999999945e-03 1.174799910000000021e-04
-1.540250840000000065e-03 1.170998149999999941e-04
-1.481476360000000096e-03 1.168459780000000056e-04
-1.422741450000000090e-03 1.165720460000000005e-04
-1.364208289999999926e-03 1.161502729999999977e-04
-1.306100979999999913e-03 1.159014500000000048e-04
-1.248076089999999947e-03 1.153486879999999961e-04
-1.190344689999999926e-03 1.149733650000000037e-04
-1.132630740000000000e-03 1.143919429999999958e-04
-1.075117619999999908e-03 1.140616080000000010e-04
-1.018184469999999960e-03 1.136779469999999999e-04
-9.615577290000000511e-04 1.133556729999999957e-04
-9.051061930000000189e-04 1.127530560000000027e-04
-8.486488370000000404e-04 1.123867330000000029e-04
-7.923399680000000125e-04 1.116201169999999986e-04
-7.365405329999999764e-04 1.111912789999999963e-04
-6.808384790000000537e-04 1.105802079999999973e-04
-6.254764739999999759e-04 1.101553209999999963e-04
-5.706435190000000044e-04 1.094383770000000028e-04
-5.162050370000000098e-04 1.089431099999999978e-04
-4.620554970000000268e-04 1.080498399999999995e-04
-4.080765359999999732e-04 1.074798350000000029e-04
-3.544119829999999808e-04 1.064249810000000065e-04
-3.016513070000000226e-04 1.056493130000000006e-04
-2.493396750000000193e-04 1.042452570000000053e-04
-1.980200759999999993e-04 1.031443169999999942e-04
-1.469452979999999985e-04 1.008772230000000067e-04
-9.718629739999999975e-05 9.927869540000000147e-05
-4.840773179999999833e-05 9.604706430000000035e-05
1.742291600000000053e-06 9.572303679999999611e-05
5.039089959999999918e-05 9.728950679999999332e-05
1.002114150000000018e-04 9.843685980000000009e-05
1.501595540000000056e-04 1.013709550000000060e-04
2.004825659999999975e-04 1.027869730000000032e-04
2.523777660000000016e-04 1.044962700000000023e-04
3.046837230000000213e-04 1.053603770000000056e-04
3.574677680000000056e-04 1.065697069999999963e-04
4.106138370000000102e-04 1.072227310000000041e-04
4.643075810000000213e-04 1.081219160000000028e-04
5.185455079999999519e-04 1.086241899999999951e-04
5.731651910000000417e-04 1.093794930000000062e-04
6.278115319999999716e-04 1.098153370000000000e-04
6.829649789999999799e-04 1.105987320000000030e-04
7.382924089999999768e-04 1.109861480000000025e-04
7.936686160000000099e-04 1.115636410000000025e-04
8.493731730000000143e-04 1.119689769999999951e-04
9.053805259999999668e-04 1.125891069999999949e-04
9.618555200000000489e-04 1.129391310000000024e-04
1.018570739999999971e-03 1.135084460000000049e-04
1.075160570000000025e-03 1.137920549999999945e-04
1.132009200000000078e-03 1.141484029999999944e-04
1.189148980000000102e-03 1.144514750000000052e-04
1.246610190000000101e-03 1.151924080000000004e-04
1.304107369999999919e-03 1.154814670000000053e-04
1.361743899999999985e-03 1.156171199999999960e-04
1.420003360000000056e-03 1.158820740000000019e-04
1.478383549999999968e-03 1.164154890000000003e-04
1.536766069999999894e-03 1.167665250000000026e-04
1.595291310000000046e-03 1.175023499999999982e-04
1.653862880000000037e-03 1.177956869999999989e-04
1.712873109999999950e-03 1.183267670000000033e-04
1.772138639999999970e-03 1.186718149999999987e-04
1.831544559999999985e-03 1.189489339999999951e-04
1.891225459999999964e-03 1.192140409999999995e-04
1.950990990000000050e-03 1.198089739999999998e-04
2.011153380000000115e-03 1.200976109999999969e-04
2.071396909999999921e-03 1.207613239999999976e-04
2.131451620000000043e-03 1.210504920000000006e-04
2.192107029999999877e-03 1.213111609999999982e-04
2.253307960000000033e-03 1.217330790000000043e-04
2.314526119999999864e-03 1.224171570000000134e-04
2.375808310000000149e-03 1.227018069999999904e-04
2.437228339999999993e-03 1.232618670000000028e-04
2.498945690000000091e-03 1.234735540000000107e-04
2.560730089999999851e-03 1.239469860000000129e-04
2.622631839999999947e-03 1.243557200000000075e-04
2.684983660000000126e-03 1.247409669999999867e-04
2.747606950000000200e-03 1.250426429999999920e-04
2.810729430000000108e-03 1.255230600000000016e-04
2.874217230000000040e-03 1.259167180000000095e-04
2.937363689999999972e-03 1.271046640000000113e-04
3.000500149999999963e-03 1.273525999999999977e-04
3.064026120000000030e-03 1.273889500000000062e-04
3.127787730000000047e-03 1.277163539999999898e-04
3.191904399999999885e-03 1.280341819999999920e-04
3.256329799999999920e-03 1.283337769999999913e-04
3.321269060000000151e-03 1.287954510000000031e-04
3.386572699999999825e-03 1.291818479999999950e-04
3.451589729999999818e-03 1.302457679999999914e-04
3.516329690000000174e-03 1.304620380000000095e-04
3.581367429999999814e-03 1.305647460000000063e-04
3.647297849999999939e-03 1.309588699999999952e-04
3.713646900000000008e-03 1.313550459999999977e-04
3.779979660000000116e-03 1.316657729999999951e-04
3.846833479999999840e-03 1.321590829999999865e-04
3.913742020000000356e-03 1.323709580000000021e-04
3.980258950000000080e-03 1.331112289999999997e-04
4.047103689999999657e-03 1.335744749999999913e-04
4.114378709999999897e-03 1.341422899999999974e-04
4.182325679999999643e-03 1.345661589999999868e-04
4.250783010000000126e-03 1.348932420000000063e-04
4.319326019999999988e-03 1.352449759999999979e-04
4.387799650000000391e-03 1.363352200000000035e-04
4.455954300000000354e-03 1.365375060000000083e-04
4.524782770000000155e-03 1.364922060000000107e-04
4.594106690000000423e-03 1.367742660000000098e-04
4.663302099999999846e-03 1.372548719999999961e-04
4.733539190000000257e-03 1.378646410000000069e-04
4.804208410000000012e-03 1.388393429999999881e-04
4.874561450000000282e-03 1.391882979999999981e-04
4.944839510000000049e-03 1.402804629999999985e-04
5.015038420000000365e-03 1.406273370000000024e-04
5.086254789999999568e-03 1.404266659999999953e-04
5.158119830000000225e-03 1.407451929999999963e-04
5.229760889999999877e-03 1.414699800000000112e-04
5.301988219999999655e-03 1.420832120000000082e-04
5.374457689999999864e-03 1.433816070000000021e-04
5.446890369999999627e-03 1.436301539999999865e-04
5.519140510000000201e-03 1.446218670000000016e-04
5.591370170000000209e-03 1.451619759999999912e-04
5.664565130000000226e-03 1.456043100000000052e-04
5.738355219999999660e-03 1.461223440000000023e-04
5.812624469999999599e-03 1.462095529999999949e-04
5.887210369999999748e-03 1.464314119999999880e-04
5.961517799999999784e-03 1.475127650000000127e-04
6.036244330000000054e-03 1.479510969999999989e-04
6.111373189999999914e-03 1.484975799999999979e-04
6.186360959999999756e-03 1.488103880000000013e-04
6.262046749999999884e-03 1.490778230000000006e-04
6.338800300000000006e-03 1.498175550000000107e-04
6.415455139999999903e-03 1.514705949999999924e-04
6.491696929999999678e-03 1.518173230000000105e-04
6.568362010000000292e-03 1.520731170000000126e-04
6.645427550000000162e-03 1.521975650000000123e-04
6.722647229999999946e-03 1.522884560000000104e-04
6.800057830000000129e-03 1.526415870000000035e-04
6.877883339999999943e-03 1.529305300000000111e-04
6.956958210000000094e-03 1.537834320000000098e-04
7.036757660000000220e-03 1.555294729999999882e-04
7.115932650000000165e-03 1.557875509999999983e-04
7.194818460000000290e-03 1.563960539999999992e-04
7.273728959999999771e-03 1.566297579999999874e-04
7.352980789999999725e-03 1.567092260000000118e-04
7.433404210000000255e-03 1.572260520000000111e-04
7.514862340000000133e-03 1.569436569999999953e-04
7.596398699999999671e-03 1.571007450000000015e-04
7.677883840000000043e-03 1.582145049999999879e-04
7.759756409999999695e-03 1.588528539999999923e-04
7.841136309999999915e-03 1.608469610000000068e-04
7.922179070000000267e-03 1.613625209999999962e-04
8.004212749999999738e-03 1.611396580000000033e-04
8.087689990000000717e-03 1.617040979999999969e-04
8.171633819999999521e-03 1.625001170000000129e-04
8.255309429999999754e-03 1.628448949999999895e-04
8.339668620000000726e-03 1.632775090000000012e-04
8.423491380000000181e-03 1.631140770000000012e-04
8.506302719999999165e-03 1.637245299999999894e-04
8.590423499999999546e-03 1.647319299999999893e-04
8.675408549999999441e-03 1.660884590000000086e-04
8.761486969999999347e-03 1.670038329999999919e-04
8.848306720000000819e-03 1.683141600000000128e-04
8.934264069999999641e-03 1.684948949999999913e-04
9.020691739999999598e-03 1.682136639999999865e-04
9.106823240000000777e-03 1.679342240000000080e-04
9.192600849999999629e-03 1.683779260000000039e-04
9.281399660000000038e-03 1.703560410000000056e-04
9.377086539999999332e-03 1.637051320000000067e-04
9.474324989999999627e-03 1.620120309999999913e-04
9.563010190000000368e-03 1.715843540000000110e-04
9.645785210000000498e-03 1.717122649999999967e-04
9.725445879999999182e-03 1.772366960000000059e-04
9.805029260000000524e-03 1.791837279999999866e-04
9.891376829999999620e-03 1.740032309999999926e-04
9.980705569999999763e-03 1.739227879999999881e-04
1.006898380000000037e-02 1.747890350000000056e-04
1.015847920000000071e-02 1.758327130000000035e-04
1.024919099999999951e-02 1.767009090000000123e-04
1.033997159999999922e-02 1.768116199999999875e-04
1.043053340000000065e-02 1.774877459999999905e-04
1.052132339999999923e-02 1.781071040000000122e-04
1.061285380000000049e-02 1.792661639999999963e-04
1.070474369999999988e-02 1.799027960000000039e-04
1.079765329999999961e-02 1.792865370000000134e-04
1.089105939999999995e-02 1.793632839999999870e-04
1.098443290000000044e-02 1.796307190000000133e-04
1.107796840000000067e-02 1.795770220000000124e-04
1.117077099999999948e-02 1.806583599999999885e-04
1.126460079999999989e-02 1.819060999999999964e-04
1.135931630000000005e-02 1.838920289999999998e-04
1.145404390000000043e-02 1.846156520000000038e-04
1.155031569999999917e-02 1.847478850000000127e-04
1.164657439999999995e-02 1.847919920000000069e-04
1.174212149999999920e-02 1.853927239999999968e-04
1.183744240000000024e-02 1.852179119999999867e-04
1.193288990000000022e-02 1.845311930000000003e-04
1.202950069999999920e-02 1.852304850000000003e-04
1.212686020000000066e-02 1.859258190000000134e-04
1.222535869999999934e-02 1.868593679999999875e-04
1.232447199999999951e-02 1.891336000000000080e-04
1.242317450000000011e-02 1.897140899999999995e-04
1.252173730000000033e-02 1.908380800000000104e-04
1.261993959999999949e-02 1.910264550000000084e-04
1.271799109999999927e-02 1.918016210000000009e-04
1.281733349999999994e-02 1.925905379999999891e-04
1.291824320000000033e-02 1.921810179999999910e-04
1.301979550000000041e-02 1.926780240000000133e-04
1.312131710000000000e-02 1.948374270000000064e-04
1.322200710000000050e-02 1.951233279999999991e-04
1.332231520000000044e-02 1.958113129999999955e-04
1.342325660000000080e-02 1.964391990000000120e-04
1.352485919999999939e-02 1.970787129999999963e-04
1.362786160000000087e-02 1.978770309999999875e-04
1.373223309999999954e-02 1.978265209999999913e-04
1.383692209999999936e-02 1.982644460000000046e-04
1.394184960000000029e-02 1.998284280000000093e-04
1.404586340000000058e-02 1.998500519999999879e-04
1.414879779999999969e-02 2.009469460000000115e-04
1.425288429999999919e-02 2.020345859999999867e-04
1.435818059999999924e-02 2.030345200000000037e-04
1.446513269999999927e-02 2.041065599999999989e-04
1.457326209999999962e-02 2.051361369999999903e-04
1.468093690000000021e-02 2.055101070000000087e-04
1.478828400000000050e-02 2.070915360000000129e-04
1.489541680000000014e-02 2.075336380000000053e-04
1.500342319999999931e-02 2.080853009999999873e-04
1.511359399999999929e-02 2.095898380000000010e-04
1.522464959999999916e-02 2.114928499999999922e-04
1.533672399999999950e-02 2.127897750000000052e-04
1.544959280000000011e-02 2.150649089999999994e-04
1.556484680000000051e-02 2.170145600000000048e-04
1.568085699999999943e-02 2.211781390000000026e-04
1.583357709999999932e-02 2.449644380000000061e-04
1.601735879999999917e-02 2.602380699999999754e-04
1.617319880000000001e-02 2.490278280000000248e-04
1.630793330000000069e-02 2.520586710000000206e-04
1.644376850000000070e-02 2.538125550000000204e-04
1.658075300000000016e-02 2.567640330000000139e-04
1.671656219999999998e-02 2.567626070000000199e-04
1.685285010000000042e-02 2.559864079999999808e-04
1.698797009999999941e-02 2.553524390000000118e-04
1.712337140000000021e-02 2.540744319999999751e-04
1.726190370000000099e-02 2.555044479999999838e-04
1.740032429999999880e-02 2.586787159999999908e-04
1.753821410000000122e-02 2.595019469999999915e-04
1.767639069999999910e-02 2.613081309999999908e-04
1.781470510000000146e-02 2.616782729999999908e-04
1.795339400000000099e-02 2.621095049999999952e-04
1.809202130000000033e-02 2.625814809999999877e-04
1.823124660000000063e-02 2.628993239999999842e-04
1.837473740000000050e-02 2.655699500000000034e-04
1.852015779999999917e-02 2.707779929999999755e-04
1.866296120000000142e-02 2.710980770000000163e-04
1.880691199999999855e-02 2.690283870000000120e-04
1.895202699999999976e-02 2.686096119999999967e-04
1.909461800000000070e-02 2.716795129999999953e-04
1.923670250000000109e-02 2.728445110000000235e-04
1.938181370000000014e-02 2.710492699999999915e-04
1.952622639999999909e-02 2.699836330000000254e-04
1.967052180000000011e-02 2.682245099999999802e-04
1.981412810000000163e-02 2.671883849999999970e-04
1.995534640000000068e-02 2.672620470000000191e-04
2.009649570000000135e-02 2.672481059999999966e-04
2.023763770000000170e-02 2.672228729999999918e-04
2.038117130000000055e-02 2.682777989999999852e-04
2.052621920000000100e-02 2.687152589999999863e-04
2.067178119999999938e-02 2.695396829999999904e-04
2.081713270000000102e-02 2.731912250000000163e-04
2.096094750000000034e-02 2.735966410000000145e-04
2.110532110000000114e-02 2.727381650000000081e-04
2.125738190000000041e-02 2.770510329999999774e-04
2.141896080000000105e-02 2.731345300000000142e-04
2.157406699999999886e-02 2.674583809999999816e-04
2.171885969999999902e-02 2.689478280000000103e-04
2.186418509999999912e-02 2.701615159999999887e-04
2.200965959999999846e-02 2.732762080000000131e-04
2.216544189999999914e-02 2.805756229999999802e-04
2.232835630000000113e-02 2.900387629999999907e-04
2.248073370000000168e-02 2.871467150000000211e-04
2.263161539999999916e-02 2.804919200000000187e-04
2.278095670000000045e-02 2.767900879999999849e-04
2.292755059999999900e-02 2.711463309999999740e-04
2.307213470000000002e-02 2.682796620000000220e-04
2.321385410000000038e-02 2.650898239999999965e-04
2.335274219999999845e-02 2.622418980000000154e-04
2.348891460000000070e-02 2.598278810000000214e-04
2.362495850000000119e-02 2.588856440000000141e-04
2.376066149999999863e-02 2.558353880000000143e-04
2.389532509999999985e-02 2.541121790000000122e-04
2.402901279999999917e-02 2.509553160000000099e-04
2.416188080000000044e-02 2.489822509999999956e-04
2.429177609999999890e-02 2.484846050000000099e-04
2.441855149999999988e-02 2.467711460000000258e-04
2.454549450000000077e-02 2.426468709999999966e-04
2.467316760000000039e-02 2.416019710000000026e-04
2.479905450000000067e-02 2.407454159999999909e-04
2.492405660000000106e-02 2.399047519999999891e-04
2.504834720000000126e-02 2.387575509999999984e-04
2.517095210000000124e-02 2.370062430000000053e-04
2.529174090000000166e-02 2.351866280000000056e-04
2.541196719999999978e-02 2.345151299999999957e-04
2.553367800000000062e-02 2.310519489999999967e-04
2.565576140000000102e-02 2.300318449999999917e-04
2.577604350000000169e-02 2.293109430000000114e-04
2.589543539999999977e-02 2.285156369999999924e-04
2.601296079999999844e-02 2.294245499999999886e-04
2.612994240000000162e-02 2.291115229999999929e-04
2.624703570000000083e-02 2.280680780000000126e-04
2.636334859999999933e-02 2.275342270000000082e-04
2.648029849999999907e-02 2.249973479999999926e-04
2.659759860000000115e-02 2.242924970000000063e-04
2.671547230000000106e-02 2.222141339999999902e-04
2.683260850000000058e-02 2.210269160000000069e-04
2.694659870000000110e-02 2.221237369999999969e-04
2.705984939999999880e-02 2.220741880000000096e-04
2.717356010000000072e-02 2.211672840000000089e-04
2.728803269999999920e-02 2.209950470000000096e-04
2.740274369999999918e-02 2.201386380000000108e-04
2.751725539999999928e-02 2.200093439999999947e-04
2.763201670000000124e-02 2.200595920000000079e-04
2.774455030000000030e-02 2.187439970000000034e-04
2.785530870000000117e-02 2.172091769999999976e-04
2.796620130000000010e-02 2.167368659999999885e-04
2.807648479999999905e-02 2.164422909999999881e-04
2.818784490000000170e-02 2.166849299999999983e-04
2.830066720000000077e-02 2.149351929999999890e-04
2.841361980000000134e-02 2.146738409999999965e-04
2.852561140000000120e-02 2.163557659999999999e-04
2.863478659999999995e-02 2.152749799999999865e-04
2.874199109999999932e-02 2.147420310000000099e-04
2.884959990000000168e-02 2.147943450000000076e-04
2.895856460000000021e-02 2.126742909999999930e-04
2.906925419999999843e-02 2.126545150000000027e-04
2.917980959999999860e-02 2.128377959999999995e-04
2.928959760000000162e-02 2.127314360000000129e-04
2.939768320000000004e-02 2.152644159999999955e-04
2.950463819999999890e-02 2.155021360000000099e-04
2.961267340000000095e-02 2.151791699999999925e-04
2.972054849999999915e-02 2.149664359999999940e-04
2.982935869999999920e-02 2.119975980000000058e-04
2.993986759999999955e-02 2.119508429999999945e-04
3.004964250000000114e-02 2.130496139999999989e-04
3.015810060000000126e-02 2.123637679999999936e-04
3.026560320000000123e-02 2.120623250000000059e-04
3.037277799999999958e-02 2.120470160000000016e-04
3.048042579999999876e-02 2.120190180000000135e-04
3.058919120000000089e-02 2.126824979999999965e-04
3.069911150000000089e-02 2.117891269999999952e-04
3.080880269999999865e-02 2.113300720000000081e-04
3.091725149999999950e-02 2.121323490000000093e-04
3.102517689999999967e-02 2.118166889999999907e-04
3.113277440000000035e-02 2.114908419999999927e-04
3.123979080000000019e-02 2.113115190000000099e-04
3.134721149999999956e-02 2.109358760000000087e-04
3.145560619999999974e-02 2.113890080000000002e-04
3.156453000000000036e-02 2.109626510000000047e-04
3.167304020000000220e-02 2.105601159999999871e-04
3.178071229999999969e-02 2.108372429999999921e-04
3.188760210000000234e-02 2.101770369999999915e-04
3.199392179999999836e-02 2.092996290000000105e-04
3.210010750000000246e-02 2.091884090000000092e-04
3.220760079999999970e-02 2.067073950000000054e-04
3.231700140000000332e-02 2.069534529999999877e-04
3.242638330000000013e-02 2.084437290000000107e-04
3.253495320000000107e-02 2.085009760000000026e-04
3.264170510000000136e-02 2.108962360000000004e-04
3.274777899999999770e-02 2.110600330000000056e-04
3.285412859999999741e-02 2.110539350000000046e-04
3.296118969999999732e-02 2.117650290000000089e-04
3.307004649999999851e-02 2.107518669999999936e-04
3.317859769999999958e-02 2.102020370000000056e-04
3.328718619999999906e-02 2.093996739999999957e-04
3.339525310000000108e-02 2.088011099999999894e-04
3.350112589999999779e-02 2.100064450000000056e-04
3.360664099999999960e-02 2.102269060000000011e-04
3.371362759999999709e-02 2.083801370000000020e-04
3.382335980000000103e-02 2.090752239999999992e-04
3.393347189999999791e-02 2.103822630000000123e-04
3.404168040000000311e-02 2.099950649999999955e-04
3.414910289999999876e-02 2.110231580000000078e-04
3.425580260000000293e-02 2.109622290000000104e-04
3.436167910000000048e-02 2.113692610000000025e-04
3.446855399999999847e-02 2.121171420000000040e-04
3.457690029999999776e-02 2.117353429999999895e-04
3.468659520000000329e-02 2.121153809999999933e-04
3.479668129999999998e-02 2.125240570000000028e-04
3.490584339999999730e-02 2.124024180000000004e-04
3.501391780000000231e-02 2.138721320000000026e-04
3.512023389999999884e-02 2.133507810000000052e-04
3.522729129999999792e-02 2.114704400000000102e-04
3.533584619999999982e-02 2.116908140000000010e-04
3.544486689999999662e-02 2.107160839999999962e-04
3.555456550000000299e-02 2.104846060000000038e-04
3.566431250000000330e-02 2.097857940000000102e-04
3.577302019999999833e-02 2.091963400000000043e-04
3.587996589999999791e-02 2.104888260000000008e-04
3.598684070000000151e-02 2.109142370000000087e-04
3.609494490000000194e-02 2.108476619999999932e-04
3.620439770000000168e-02 2.116380780000000090e-04
3.631486739999999908e-02 2.113299269999999912e-04
3.642576930000000074e-02 2.114778179999999923e-04
3.653659299999999915e-02 2.120184939999999931e-04
3.664633999999999947e-02 2.112762159999999920e-04
3.675411270000000091e-02 2.125164320000000047e-04
3.686135260000000108e-02 2.129321069999999929e-04
3.697058560000000133e-02 2.115698009999999909e-04
3.708141670000000140e-02 2.120422289999999933e-04
3.719274699999999823e-02 2.117089019999999870e-04
3.730439769999999849e-02 2.117821419999999877e-04
3.741529209999999717e-02 2.132472289999999928e-04
3.752509879999999659e-02 2.128252959999999924e-04
3.763446210000000181e-02 2.123989690000000125e-04
3.774411980000000333e-02 2.127110930000000115e-04
3.785568100000000213e-02 2.112072689999999948e-04
3.796890750000000286e-02 2.116721879999999964e-04
3.808199240000000041e-02 2.123872840000000015e-04
3.819404540000000126e-02 2.120265999999999937e-04
3.830398250000000004e-02 2.145632750000000112e-04
3.841381519999999966e-02 2.151179940000000064e-04
3.852373359999999858e-02 2.165194309999999905e-04
3.863421079999999896e-02 2.176510900000000134e-04
3.874716160000000326e-02 2.166745249999999954e-04
3.886034339999999698e-02 2.164576580000000046e-04
3.897406910000000141e-02 2.157518169999999896e-04
3.908666599999999908e-02 2.148229830000000133e-04
3.919756409999999858e-02 2.142415909999999940e-04
3.930905829999999795e-02 2.143873859999999949e-04
3.942068289999999670e-02 2.145675970000000073e-04
3.953291849999999996e-02 2.147020860000000005e-04
3.964624550000000330e-02 2.132799420000000058e-04
3.976015370000000188e-02 2.134050740000000099e-04
3.987332810000000088e-02 2.157787679999999871e-04
3.998476640000000332e-02 2.156000700000000006e-04
4.009566459999999721e-02 2.151795200000000035e-04
4.020722959999999818e-02 2.154265090000000063e-04
4.031993450000000145e-02 2.142017620000000091e-04
4.043440890000000315e-02 2.145254839999999872e-04
4.054902120000000026e-02 2.152148080000000001e-04
4.066348449999999948e-02 2.156596890000000012e-04
4.077755660000000060e-02 2.183539619999999928e-04
4.088978100000000004e-02 2.182223109999999894e-04
4.100105910000000076e-02 2.186021449999999951e-04
4.111216589999999727e-02 2.186335329999999899e-04
4.122504960000000079e-02 2.157479899999999943e-04
4.133944209999999841e-02 2.153199750000000102e-04
4.145468399999999859e-02 2.127563349999999969e-04
4.157017169999999845e-02 2.122697620000000012e-04
4.168301449999999714e-02 2.153132229999999933e-04
4.179561510000000257e-02 2.162655289999999906e-04
4.190929980000000082e-02 2.179192819999999965e-04
4.202244060000000225e-02 2.181948080000000020e-04
4.213771969999999950e-02 2.145496259999999874e-04
4.225451129999999861e-02 2.138459089999999964e-04
4.236958180000000018e-02 2.147855989999999894e-04
4.248343410000000181e-02 2.146813490000000013e-04
4.259668290000000190e-02 2.153921380000000047e-04
4.270988700000000193e-02 2.156208209999999981e-04
4.282293100000000158e-02 2.173384269999999998e-04
4.293796419999999781e-02 2.191630340000000018e-04
4.305442050000000270e-02 2.210292589999999959e-04
4.317071659999999894e-02 2.216061980000000005e-04
4.328773539999999920e-02 2.220034510000000092e-04
4.340270529999999682e-02 2.206105419999999928e-04
4.351745170000000107e-02 2.171398960000000069e-04
4.363203420000000277e-02 2.160881559999999952e-04
4.374694820000000345e-02 2.134117240000000008e-04
4.386470840000000065e-02 2.141652800000000130e-04
4.398234930000000098e-02 2.156303669999999910e-04
4.409974440000000162e-02 2.160119770000000017e-04
4.421536999999999690e-02 2.200350859999999984e-04
4.433104019999999784e-02 2.212056279999999916e-04
4.444772379999999828e-02 2.227837389999999995e-04
4.456247020000000253e-02 2.224897180000000080e-04
4.467976469999999922e-02 2.174410619999999901e-04
4.479968919999999938e-02 2.171949890000000134e-04
4.491891340000000316e-02 2.184873010000000005e-04
4.503776510000000177e-02 2.187421920000000059e-04
4.515509680000000248e-02 2.211413230000000129e-04
4.527160529999999655e-02 2.212034309999999883e-04
4.538769270000000272e-02 2.220906320000000053e-04
4.550419380000000208e-02 2.229546660000000021e-04
4.562357439999999847e-02 2.205603519999999919e-04
4.574316739999999964e-02 2.198207510000000004e-04
4.586306960000000044e-02 2.180624719999999981e-04
4.598197340000000077e-02 2.168413339999999999e-04
4.609850790000000198e-02 2.165564360000000110e-04
4.621567580000000147e-02 2.168348000000000064e-04
4.633246359999999842e-02 2.182417229999999975e-04
4.645269359999999736e-02 2.205052299999999928e-04
4.657468940000000085e-02 2.238632440000000088e-04
4.669470710000000330e-02 2.241795299999999925e-04
4.681498929999999836e-02 2.254492720000000135e-04
4.693293939999999831e-02 2.245131330000000073e-04
4.704945160000000015e-02 2.234394920000000125e-04
4.716651139999999964e-02 2.233808920000000060e-04
4.728518799999999883e-02 2.205186609999999932e-04
4.740669210000000161e-02 2.208780350000000042e-04
4.752824080000000312e-02 2.218394370000000037e-04
4.765002430000000316e-02 2.226228389999999923e-04
4.777166249999999920e-02 2.258724849999999950e-04
4.788983990000000163e-02 2.249745590000000071e-04
4.800784589999999852e-02 2.218913579999999997e-04
4.812783000000000339e-02 2.219695020000000019e-04
4.824879769999999846e-02 2.205412889999999986e-04
4.837103930000000163e-02 2.204817430000000046e-04
4.849328099999999919e-02 2.203586050000000017e-04
4.861493409999999987e-02 2.202571199999999970e-04
4.873412099999999830e-02 2.240749159999999953e-04
4.885283859999999673e-02 2.251738919999999938e-04
4.897314309999999810e-02 2.264363869999999970e-04
4.909407350000000170e-02 2.272795390000000048e-04
4.921647529999999965e-02 2.262950439999999877e-04
4.933821780000000046e-02 2.255443539999999890e-04
4.946073139999999924e-02 2.221724130000000031e-04
4.958305510000000221e-02 2.205367929999999931e-04
4.970249160000000249e-02 2.208472720000000057e-04
4.982206229999999736e-02 2.213352420000000030e-04
4.994286220000000026e-02 2.214685659999999893e-04
5.006561799999999923e-02 2.227048390000000095e-04
5.018980430000000159e-02 2.228811649999999872e-04
5.031416190000000122e-02 2.230451210000000076e-04
5.043702569999999885e-02 2.259926700000000068e-04
5.055721479999999990e-02 2.251318510000000113e-04
5.067769069999999987e-02 2.222926270000000074e-04
5.079967159999999871e-02 2.224712810000000071e-04
5.092231929999999768e-02 2.226846260000000036e-04
