-4.939894749999999835e-02 2.479653340000000225e-04
-4.935405779999999659e-02 2.170050719999999970e-04
-4.928414519999999716e-02 2.206293280000000087e-04
-4.920788849999999798e-02 2.199759909999999912e-04
-4.912854359999999782e-02 2.219047309999999879e-04
-4.904539880000000074e-02 2.218120790000000062e-04
-4.895981399999999734e-02 2.232082330000000124e-04
-4.887013140000000255e-02 2.194627160000000058e-04
-4.877723009999999915e-02 2.200514720000000090e-04
-4.868310320000000108e-02 2.196503339999999929e-04
-4.858833180000000224e-02 2.196087439999999972e-04
-4.849353430000000187e-02 2.193989489999999916e-04
-4.839954900000000004e-02 2.191438830000000078e-04
-4.830528419999999962e-02 2.179786820000000048e-04
-4.820787530000000126e-02 2.194445259999999937e-04
-4.810720680000000332e-02 2.189380470000000121e-04
-4.800542070000000244e-02 2.194158150000000086e-04
-4.790342969999999978e-02 2.195960109999999996e-04
-4.780270159999999713e-02 2.189033399999999979e-04
-4.770166430000000179e-02 2.164599139999999890e-04
-4.759966210000000225e-02 2.158713469999999895e-04
-4.749755189999999710e-02 2.140436410000000106e-04
-4.739340389999999875e-02 2.149013309999999865e-04
-4.728786649999999758e-02 2.157912090000000131e-04
-4.718254880000000151e-02 2.159803840000000129e-04
-4.707771539999999755e-02 2.165093610000000043e-04
-4.697377230000000098e-02 2.161633600000000086e-04
-4.687090590000000251e-02 2.169965739999999907e-04
-4.676811770000000035e-02 2.169594520000000040e-04
-4.666239400000000287e-02 2.119647689999999956e-04
-4.655518379999999679e-02 2.113482769999999874e-04
-4.644907270000000338e-02 2.114599480000000026e-04
-4.634163899999999697e-02 2.122925940000000046e-04
-4.623381420000000075e-02 2.147573690000000068e-04
-4.612863440000000009e-02 2.140558349999999936e-04
-4.602413620000000288e-02 2.124301390000000111e-04
-4.591816289999999662e-02 2.127321929999999967e-04
-4.581144449999999951e-02 2.123310989999999945e-04
-4.570340739999999985e-02 2.126874899999999988e-04
-4.559440170000000209e-02 2.120684949999999903e-04
-4.548641669999999720e-02 2.115228999999999937e-04
-4.537935180000000207e-02 2.123414890000000031e-04
-4.527373610000000326e-02 2.117661789999999945e-04
-4.516911509999999713e-02 2.110201460000000085e-04
-4.506248980000000098e-02 2.119562709999999893e-04
-4.495449740000000138e-02 2.122760049999999920e-04
-4.484501109999999846e-02 2.129959760000000061e-04
-4.473463450000000202e-02 2.135166000000000082e-04
-4.462634029999999752e-02 2.127437179999999966e-04
-4.452054949999999928e-02 2.147563939999999995e-04
-4.441581669999999926e-02 2.148467470000000061e-04
-4.430882629999999961e-02 2.121370780000000054e-04
-4.420108350000000186e-02 2.116092659999999938e-04
-4.409331080000000042e-02 2.092860090000000063e-04
-4.398421570000000252e-02 2.092469220000000110e-04
-4.387734089999999892e-02 2.128490740000000105e-04
-4.377184060000000043e-02 2.130295320000000117e-04
-4.366537560000000040e-02 2.119276179999999893e-04
-4.355950279999999675e-02 2.114675149999999885e-04
-4.345415910000000048e-02 2.118738340000000107e-04
-4.334712029999999994e-02 2.130393989999999958e-04
-4.323755950000000153e-02 2.112664079999999889e-04
-4.312899340000000276e-02 2.100303100000000013e-04
-4.302178319999999667e-02 2.088560580000000061e-04
-4.291514309999999721e-02 2.078040710000000056e-04
-4.281068219999999841e-02 2.085152960000000015e-04
-4.270559919999999954e-02 2.094258090000000012e-04
-4.259979349999999665e-02 2.107508920000000134e-04
-4.249339180000000216e-02 2.115884129999999973e-04
-4.238400240000000235e-02 2.097400569999999969e-04
-4.227531329999999893e-02 2.086582540000000085e-04
-4.216921330000000107e-02 2.091736970000000046e-04
-4.206453639999999800e-02 2.085047450000000128e-04
-4.195946460000000294e-02 2.059876720000000032e-04
-4.185285789999999839e-02 2.057193490000000014e-04
-4.174574839999999759e-02 2.041495460000000001e-04
-4.163725299999999907e-02 2.046909790000000118e-04
-4.152953999999999674e-02 2.082701830000000106e-04
-4.142361879999999913e-02 2.084895390000000035e-04
-4.131836819999999688e-02 2.094215159999999977e-04
-4.121462260000000044e-02 2.088488109999999884e-04
-4.111063479999999687e-02 2.068472389999999870e-04
-4.100363330000000167e-02 2.076530510000000119e-04
-4.089494419999999825e-02 2.070964109999999948e-04
-4.078763350000000343e-02 2.063499409999999931e-04
-4.068156700000000181e-02 2.063461289999999921e-04
-4.057589920000000128e-02 2.061042469999999928e-04
-4.047150540000000324e-02 2.083310679999999940e-04
-4.036691779999999896e-02 2.092544159999999904e-04
-4.026136550000000008e-02 2.094288070000000022e-04
-4.015502330000000203e-02 2.099673289999999905e-04
-4.004748169999999829e-02 2.094635710000000055e-04
-3.994126989999999960e-02 2.082005079999999951e-04
-3.983629119999999857e-02 2.067614399999999982e-04
-3.973122689999999957e-02 2.065758450000000049e-04
-3.962702679999999950e-02 2.074925869999999972e-04
-3.952230889999999719e-02 2.081334240000000076e-04
-3.941587359999999818e-02 2.078399849999999945e-04
-3.930822760000000221e-02 2.084643640000000109e-04
-3.920167680000000154e-02 2.112293880000000012e-04
-3.909667210000000032e-02 2.112935469999999941e-04
-3.899161150000000214e-02 2.113788069999999954e-04
-3.888783600000000201e-02 2.103538430000000028e-04
-3.878347950000000238e-02 2.065489389999999902e-04
-3.867731619999999898e-02 2.065468580000000113e-04
-3.857154770000000010e-02 2.079839609999999995e-04
-3.846637530000000110e-02 2.081467250000000125e-04
-3.836041319999999866e-02 2.064861179999999906e-04
-3.825448830000000022e-02 2.058652749999999938e-04
-3.815094380000000340e-02 2.081187699999999881e-04
-3.804658350000000161e-02 2.091356579999999958e-04
-3.794026369999999732e-02 2.086965979999999912e-04
-3.783477469999999704e-02 2.083247529999999927e-04
-3.772829099999999714e-02 2.056437079999999995e-04
-3.762171789999999710e-02 2.047290329999999878e-04
-3.751655670000000192e-02 2.053088679999999944e-04
-3.741131720000000216e-02 2.055701190000000110e-04
-3.730833160000000120e-02 2.092846549999999957e-04
-3.720559920000000159e-02 2.104705350000000128e-04
-3.709931300000000182e-02 2.078295220000000065e-04
-3.699151049999999802e-02 2.075048980000000006e-04
-3.688377510000000192e-02 2.067298480000000053e-04
-3.677767140000000323e-02 2.057519160000000015e-04
-3.667222340000000219e-02 2.048934549999999893e-04
-3.656803439999999766e-02 2.038298549999999882e-04
-3.646522759999999697e-02 2.024018029999999921e-04
-3.635962680000000280e-02 2.035660440000000094e-04
-3.625362740000000195e-02 2.061295670000000023e-04
-3.614677119999999688e-02 2.072793000000000129e-04
-3.603900220000000321e-02 2.089533520000000063e-04
-3.593445569999999950e-02 2.079066179999999951e-04
-3.583149979999999957e-02 2.076465899999999976e-04
-3.572771699999999911e-02 2.080483099999999922e-04
-3.562224659999999737e-02 2.071380879999999952e-04
-3.551619129999999958e-02 2.071628259999999991e-04
-3.540941329999999776e-02 2.052329359999999897e-04
-3.530165180000000014e-02 2.051296909999999975e-04
-3.519589449999999814e-02 2.081931739999999997e-04
-3.509093819999999780e-02 2.085295709999999904e-04
-3.498656680000000047e-02 2.104363519999999919e-04
-3.488299620000000212e-02 2.109305059999999989e-04
-3.477693719999999655e-02 2.089597690000000066e-04
-3.467064350000000073e-02 2.083908039999999879e-04
-3.456440200000000101e-02 2.061004339999999958e-04
-3.445714340000000098e-02 2.058890680000000062e-04
-3.435131529999999739e-02 2.076950039999999936e-04
-3.424584490000000259e-02 2.078463440000000097e-04
-3.414087369999999760e-02 2.091016209999999877e-04
-3.403531390000000267e-02 2.101900459999999976e-04
-3.392844650000000073e-02 2.110413479999999928e-04
-3.382149710000000031e-02 2.113999940000000125e-04
-3.371326630000000268e-02 2.110586360000000041e-04
-3.360643239999999698e-02 2.100971180000000074e-04
-3.350112210000000257e-02 2.091612109999999958e-04
-3.339554000000000133e-02 2.089882180000000086e-04
-3.329086679999999909e-02 2.100345589999999909e-04
-3.318512440000000174e-02 2.107680189999999905e-04
-3.307656939999999851e-02 2.081253479999999956e-04
-3.296753019999999756e-02 2.077458480000000105e-04
-3.286010400000000109e-02 2.101637510000000080e-04
-3.275436159999999680e-02 2.100274000000000010e-04
-3.264906630000000143e-02 2.095914100000000079e-04
-3.254374489999999759e-02 2.094484230000000083e-04
-3.243803230000000259e-02 2.083982400000000093e-04
-3.233103080000000046e-02 2.085086740000000071e-04
-3.222344070000000144e-02 2.078427059999999910e-04
-3.211534020000000184e-02 2.081902350000000069e-04
-3.200821210000000250e-02 2.107691979999999957e-04
-3.190220519999999865e-02 2.110284550000000110e-04
-3.179534900000000053e-02 2.111326030000000001e-04
-3.168827669999999680e-02 2.113006050000000081e-04
-3.158071640000000013e-02 2.101476859999999887e-04
-3.147236999999999951e-02 2.102069699999999997e-04
-3.136341649999999787e-02 2.093640800000000021e-04
-3.125324470000000188e-02 2.095044620000000024e-04
-3.114452399999999982e-02 2.123243899999999954e-04
-3.103750200000000153e-02 2.126079779999999876e-04
-3.092991750000000095e-02 2.132642260000000014e-04
-3.082159719999999839e-02 2.139451969999999978e-04
-3.071269210000000111e-02 2.140556319999999916e-04
-3.060324119999999898e-02 2.144253379999999990e-04
-3.049269129999999939e-02 2.136211839999999898e-04
-3.038009440000000172e-02 2.142663870000000102e-04
-3.026783469999999934e-02 2.166324269999999968e-04
-3.015778959999999842e-02 2.164482430000000033e-04
-3.004921040000000168e-02 2.183723119999999890e-04
-2.993961980000000092e-02 2.196727290000000078e-04
-2.982645849999999987e-02 2.181632150000000132e-04
-2.971205669999999952e-02 2.183682230000000106e-04
-2.959827710000000056e-02 2.191413509999999879e-04
-2.948493510000000165e-02 2.191573729999999893e-04
-2.937241269999999946e-02 2.205718629999999934e-04
-2.925981949999999915e-02 2.208206719999999880e-04
-2.914693020000000065e-02 2.210266100000000098e-04
-2.903345790000000023e-02 2.217508450000000078e-04
-2.891839480000000032e-02 2.211210669999999891e-04
-2.880189199999999908e-02 2.217570289999999905e-04
-2.868545429999999966e-02 2.244712229999999893e-04
-2.856999819999999843e-02 2.248670500000000039e-04
-2.845457200000000089e-02 2.251596310000000031e-04
-2.833898550000000030e-02 2.253605200000000064e-04
-2.822312340000000114e-02 2.254574210000000049e-04
-2.810450830000000080e-02 2.268332320000000096e-04
-2.798440680000000014e-02 2.281920899999999926e-04
-2.786453440000000170e-02 2.288495889999999950e-04
-2.774484459999999875e-02 2.318427429999999928e-04
-2.762556260000000041e-02 2.326827089999999919e-04
-2.750583919999999988e-02 2.333957530000000107e-04
-2.738474499999999853e-02 2.344762910000000122e-04
-2.726174149999999879e-02 2.342864029999999884e-04
-2.713693680000000066e-02 2.349729910000000104e-04
-2.701199049999999935e-02 2.366607370000000103e-04
-2.688622289999999943e-02 2.380765359999999881e-04
-2.676086689999999935e-02 2.426816210000000017e-04
-2.663569899999999879e-02 2.442308469999999879e-04
-2.650812079999999987e-02 2.454445930000000056e-04
-2.637811379999999845e-02 2.473504569999999850e-04
-2.624687179999999828e-02 2.496466329999999794e-04
-2.611374669999999912e-02 2.516054080000000104e-04
-2.597941269999999928e-02 2.550254280000000028e-04
-2.584351970000000123e-02 2.568343770000000126e-04
-2.570672330000000130e-02 2.603626929999999806e-04
-2.557030509999999937e-02 2.617534479999999845e-04
-2.543158270000000012e-02 2.627650679999999814e-04
-2.528852599999999867e-02 2.657457659999999861e-04
-2.514388970000000154e-02 2.703787759999999813e-04
-2.499679479999999954e-02 2.735261809999999915e-04
-2.484696730000000159e-02 2.777116020000000183e-04
-2.469504250000000012e-02 2.800866199999999906e-04
-2.454330210000000081e-02 2.870070750000000104e-04
-2.439117799999999947e-02 2.901076220000000142e-04
-2.423472330000000022e-02 2.915117069999999884e-04
-2.407437939999999832e-02 2.943481379999999853e-04
-2.391061369999999964e-02 2.976322139999999978e-04
-2.375026230000000169e-02 2.967855829999999865e-04
-2.359084040000000021e-02 2.948324250000000082e-04
-2.343477680000000118e-02 2.921105480000000263e-04
-2.327945829999999994e-02 2.857917279999999931e-04
-2.312230510000000058e-02 2.842218379999999871e-04
-2.296704800000000032e-02 2.830772720000000113e-04
-2.280340720000000043e-02 2.880662509999999893e-04
-2.263933419999999974e-02 3.023056490000000087e-04
-2.248196859999999908e-02 3.034353719999999884e-04
-2.231809499999999960e-02 2.945511659999999797e-04
-2.215513590000000102e-02 2.908031169999999803e-04
-2.199780380000000007e-02 2.897877710000000182e-04
-2.184019239999999973e-02 2.891859910000000146e-04
-2.168187499999999976e-02 2.863927219999999932e-04
-2.152539040000000028e-02 2.846738790000000012e-04
-2.136961000000000069e-02 2.810818840000000197e-04
-2.121425979999999947e-02 2.795284959999999944e-04
-2.106121370000000118e-02 2.800851939999999965e-04
-2.090728660000000169e-02 2.808320570000000000e-04
-2.075339480000000167e-02 2.818764770000000146e-04
-2.059774290000000035e-02 2.833092589999999756e-04
-2.044110370000000107e-02 2.856383800000000047e-04
-2.028438260000000118e-02 2.861248790000000251e-04
-2.012678240000000118e-02 2.860582030000000065e-04
-1.996764909999999837e-02 2.873335909999999915e-04
-1.980835939999999948e-02 2.916902299999999965e-04
-1.965104789999999949e-02 2.920921830000000087e-04
-1.949084920000000026e-02 2.872596090000000013e-04
-1.932825709999999933e-02 2.869582969999999781e-04
-1.916772309999999896e-02 2.895547949999999942e-04
-1.901011169999999861e-02 2.883289130000000057e-04
-1.885292120000000085e-02 2.856786889999999961e-04
-1.869717430000000097e-02 2.842434330000000002e-04
-1.854314279999999884e-02 2.831128950000000245e-04
-1.839249020000000012e-02 2.806809789999999941e-04
-1.824024880000000085e-02 2.723047509999999946e-04
-1.808794769999999899e-02 2.693339480000000248e-04
-1.793892869999999876e-02 2.654837440000000146e-04
-1.776293290000000025e-02 2.803160749999999892e-04
-1.755503939999999985e-02 2.682482300000000133e-04
-1.738394609999999868e-02 2.414454790000000002e-04
-1.725345660000000142e-02 2.348600389999999909e-04
-1.712619510000000164e-02 2.308753760000000030e-04
-1.700155810000000128e-02 2.250170360000000092e-04
-1.687837019999999938e-02 2.220443709999999986e-04
-1.675915160000000098e-02 2.195311969999999948e-04
-1.664166339999999938e-02 2.175863920000000059e-04
-1.652609559999999866e-02 2.153929380000000064e-04
-1.641052029999999842e-02 2.146081529999999875e-04
-1.629505870000000009e-02 2.126181499999999999e-04
-1.617825399999999955e-02 2.124111779999999898e-04
-1.606230999999999978e-02 2.133003730000000079e-04
-1.594878170000000109e-02 2.124566090000000061e-04
-1.583544350000000087e-02 2.112147779999999956e-04
-1.572379659999999929e-02 2.097577959999999951e-04
-1.561321599999999921e-02 2.066730230000000078e-04
-1.550190899999999948e-02 2.059998660000000132e-04
-1.539056469999999961e-02 2.040698889999999991e-04
-1.527813450000000024e-02 2.037430529999999956e-04
-1.516698860000000038e-02 2.050093170000000090e-04
-1.505773420000000064e-02 2.046062150000000073e-04
-1.494931799999999963e-02 2.048816389999999867e-04
-1.484160779999999999e-02 2.045577569999999974e-04
-1.473303509999999983e-02 2.029812459999999930e-04
-1.462442610000000073e-02 2.024418210000000079e-04
-1.451514570000000080e-02 1.990353189999999935e-04
-1.440588479999999928e-02 1.977971409999999960e-04
-1.429884040000000030e-02 1.980587400000000044e-04
-1.419196460000000069e-02 1.977755460000000100e-04
-1.408603970000000052e-02 1.985967679999999880e-04
-1.398093350000000068e-02 1.986676649999999996e-04
-1.387461090000000064e-02 1.975771159999999930e-04
-1.376788970000000084e-02 1.974315670000000120e-04
-1.366119740000000006e-02 1.963096580000000071e-04
-1.355551460000000048e-02 1.952988969999999930e-04
-1.345096900000000012e-02 1.943900719999999975e-04
-1.334733519999999930e-02 1.932479059999999999e-04
-1.324473689999999988e-02 1.918334750000000039e-04
-1.314117570000000040e-02 1.921608489999999990e-04
-1.303728019999999925e-02 1.925132819999999894e-04
-1.293349449999999998e-02 1.925744440000000043e-04
-1.282985420000000085e-02 1.937062040000000031e-04
-1.272803079999999983e-02 1.930312280000000128e-04
-1.262673270000000056e-02 1.912873269999999944e-04
-1.252631469999999914e-02 1.901307700000000106e-04
-1.242657749999999915e-02 1.880555059999999986e-04
-1.232567340000000067e-02 1.877484029999999945e-04
-1.222416110000000035e-02 1.859116020000000096e-04
-1.212325690000000053e-02 1.851366540000000133e-04
-1.202347320000000074e-02 1.855395820000000056e-04
-1.192378720000000086e-02 1.856352900000000005e-04
-1.182518989999999971e-02 1.870032720000000092e-04
-1.172800830000000037e-02 1.866454259999999912e-04
-1.162998659999999948e-02 1.842504719999999905e-04
-1.153125330000000053e-02 1.835618019999999935e-04
-1.143285909999999968e-02 1.822444170000000129e-04
-1.133537759999999998e-02 1.814694549999999913e-04
-1.123858060000000082e-02 1.804583010000000026e-04
-1.114212719999999913e-02 1.798876760000000033e-04
-1.104608550000000036e-02 1.796584840000000109e-04
-1.094990319999999961e-02 1.796677240000000067e-04
-1.085396580000000041e-02 1.794080890000000110e-04
-1.075874830000000081e-02 1.788821099999999935e-04
-1.066357270000000031e-02 1.774927509999999951e-04
-1.056847439999999971e-02 1.767014330000000056e-04
-1.047399549999999957e-02 1.755635019999999993e-04
-1.038100760000000046e-02 1.744973119999999932e-04
-1.028838659999999940e-02 1.727926429999999871e-04
-1.019476910000000069e-02 1.727834750000000017e-04
-1.010143659999999943e-02 1.725645419999999992e-04
-1.000852139999999953e-02 1.722346059999999956e-04
-9.916060600000000183e-03 1.720756989999999936e-04
-9.823961180000000126e-03 1.715626999999999896e-04
-9.732982140000000573e-03 1.720235009999999932e-04
-9.643686000000000272e-03 1.714118839999999940e-04
-9.553638289999999422e-03 1.684689199999999970e-04
-9.463176130000000574e-03 1.676550309999999913e-04
-9.372804309999999833e-03 1.661629940000000118e-04
-9.282314220000000698e-03 1.657032990000000070e-04
-9.193152189999999682e-03 1.659958800000000062e-04
-9.105169209999999791e-03 1.653917860000000061e-04
-9.018311279999999958e-03 1.655913660000000087e-04
-8.931478490000000284e-03 1.654193909999999925e-04
-8.843997489999999920e-03 1.638807730000000110e-04
-8.756694380000000846e-03 1.634422080000000072e-04
-8.668756110000000112e-03 1.617720260000000000e-04
-8.581848819999999753e-03 1.605570580000000133e-04
-8.497029539999999270e-03 1.600377580000000063e-04
-8.412877100000000496e-03 1.594497010000000018e-04
-8.329377509999999485e-03 1.589052120000000040e-04
-8.245235309999999693e-03 1.588747400000000082e-04
-8.161017669999999502e-03 1.586811700000000059e-04
-8.077607489999999446e-03 1.583419800000000083e-04
-7.993876000000000454e-03 1.568705189999999936e-04
-7.911243479999999911e-03 1.556813080000000050e-04
-7.829712699999999762e-03 1.547905410000000070e-04
-7.748780309999999880e-03 1.541137170000000012e-04
-7.668383889999999883e-03 1.525325640000000055e-04
-7.587912030000000356e-03 1.520086950000000135e-04
-7.507749830000000346e-03 1.510708530000000088e-04
-7.427196020000000412e-03 1.507598500000000030e-04
-7.347371430000000127e-03 1.511284349999999902e-04
-7.269020660000000134e-03 1.505814429999999921e-04
-7.190733680000000252e-03 1.497303750000000106e-04
-7.112996649999999907e-03 1.490962899999999901e-04
-7.035568360000000153e-03 1.472748699999999928e-04
-6.958157290000000113e-03 1.466086980000000058e-04
-6.881005130000000282e-03 1.451903079999999999e-04
-6.804042960000000230e-03 1.445653029999999911e-04
-6.728004660000000067e-03 1.443715299999999869e-04
-6.652330510000000266e-03 1.438843319999999948e-04
-6.577309689999999778e-03 1.436332099999999997e-04
-6.502862090000000386e-03 1.433934230000000047e-04
-6.427950689999999828e-03 1.424896909999999873e-04
-6.353119850000000027e-03 1.421187040000000028e-04
-6.278433370000000187e-03 1.407797679999999959e-04
-6.204509179999999693e-03 1.398394520000000106e-04
-6.131545639999999575e-03 1.388318630000000070e-04
-6.058620290000000380e-03 1.382554330000000014e-04
-5.986530329999999872e-03 1.380600879999999901e-04
-5.915096960000000396e-03 1.377827580000000102e-04
-5.843428430000000354e-03 1.366233049999999972e-04
-5.771444179999999854e-03 1.363939370000000033e-04
-5.699614060000000176e-03 1.365241329999999931e-04
-5.628876849999999744e-03 1.359184389999999894e-04
-5.558805069999999716e-03 1.348217050000000041e-04
-5.489265079999999797e-03 1.341066960000000037e-04
-5.420180499999999874e-03 1.328801590000000033e-04
-5.350585100000000184e-03 1.325626509999999964e-04
-5.281136369999999899e-03 1.319379950000000026e-04
-5.212286019999999923e-03 1.315327830000000023e-04
-5.143705759999999717e-03 1.313494429999999974e-04
-5.075622349999999589e-03 1.309881189999999990e-04
-5.008273290000000294e-03 1.307071649999999986e-04
-4.941491880000000066e-03 1.302649029999999950e-04
-4.874607080000000099e-03 1.288639610000000117e-04
-4.807519260000000377e-03 1.283052550000000100e-04
-4.740789530000000078e-03 1.273643140000000013e-04
-4.674783440000000040e-03 1.267651970000000091e-04
-4.609406929999999673e-03 1.261508000000000052e-04
-4.544213410000000168e-03 1.258192639999999982e-04
-4.479308149999999822e-03 1.258496489999999892e-04
-4.414672960000000194e-03 1.257004329999999971e-04
-4.350048490000000233e-03 1.248226620000000028e-04
-4.285830069999999742e-03 1.242625150000000128e-04
-4.222091750000000338e-03 1.235087550000000026e-04
-4.158445630000000282e-03 1.230136259999999883e-04
-4.095155280000000245e-03 1.222419230000000091e-04
-4.032802299999999930e-03 1.215684239999999987e-04
-3.970634189999999904e-03 1.204586369999999934e-04
-3.908348740000000369e-03 1.201302880000000047e-04
-3.846441400000000059e-03 1.193881620000000060e-04
-3.784614380000000163e-03 1.190728580000000015e-04
-3.723202509999999806e-03 1.188907189999999952e-04
-3.662151749999999813e-03 1.184459319999999979e-04
-3.601539410000000052e-03 1.179492250000000006e-04
-3.541595299999999915e-03 1.175301219999999949e-04
-3.481802060000000181e-03 1.166191209999999936e-04
-3.422133160000000174e-03 1.162159969999999984e-04
-3.362265650000000137e-03 1.151996690000000028e-04
-3.302594409999999939e-03 1.147171929999999941e-04
-3.243724820000000106e-03 1.142734620000000057e-04
-3.185262439999999879e-03 1.138688680000000025e-04
-3.127347910000000206e-03 1.136596040000000028e-04
-3.069447119999999841e-03 1.134207119999999959e-04
-3.011674150000000043e-03 1.129752779999999954e-04
-2.954319820000000148e-03 1.127174179999999951e-04
-2.896609479999999893e-03 1.118297299999999997e-04
-2.839276099999999987e-03 1.112843169999999941e-04
-2.782642379999999884e-03 1.105092450000000055e-04
-2.726350910000000047e-03 1.100244340000000029e-04
-2.670594489999999870e-03 1.095710179999999942e-04
-2.614827359999999986e-03 1.092646780000000042e-04
-2.559269309999999929e-03 1.087672719999999946e-04
-2.503937580000000201e-03 1.086004630000000036e-04
-2.448729709999999948e-03 1.083443060000000019e-04
-2.393944419999999903e-03 1.079988720000000038e-04
-2.339124210000000179e-03 1.073863749999999972e-04
-2.284793880000000194e-03 1.068719069999999948e-04
-2.231010930000000038e-03 1.059476339999999947e-04
-2.177375369999999880e-03 1.055263060000000028e-04
-2.124112330000000031e-03 1.049779459999999957e-04
-2.070790160000000098e-03 1.046730979999999935e-04
-2.017579270000000036e-03 1.040175190000000035e-04
-1.964826839999999925e-03 1.036484539999999962e-04
-1.912290000000000083e-03 1.033720039999999965e-04
-1.860110670000000030e-03 1.030581620000000048e-04
-1.808351369999999965e-03 1.024943049999999992e-04
-1.756826420000000017e-03 1.021504070000000029e-04
-1.705469679999999924e-03 1.014760929999999965e-04
-1.654160559999999936e-03 1.010669440000000068e-04
-1.602981469999999924e-03 1.001528800000000066e-04
-1.552201339999999957e-03 9.972125549999999840e-05
-1.501917960000000033e-03 9.934953409999999936e-05
-1.451910710000000031e-03 9.904997569999999477e-05
-1.401867370000000040e-03 9.852984660000000197e-05
-1.352063149999999971e-03 9.819900879999999416e-05
-1.302762540000000071e-03 9.774559290000000406e-05
-1.253666010000000029e-03 9.745958959999999728e-05
-1.204716970000000017e-03 9.691122980000000026e-05
-1.155953510000000059e-03 9.647091790000000258e-05
-1.107489340000000072e-03 9.575095459999999564e-05
-1.059388509999999997e-03 9.540482280000000485e-05
-1.011601999999999901e-03 9.496761780000000130e-05
-9.640788780000000098e-04 9.465206679999999440e-05
-9.165476660000000273e-04 9.411764040000000417e-05
-8.691950929999999690e-04 9.381752169999999955e-05
-8.222196480000000226e-04 9.325559220000000343e-05
-7.756317499999999723e-04 9.282031529999999883e-05
-7.293628880000000304e-04 9.214406599999999789e-05
-6.831915229999999551e-04 9.171736019999999752e-05
-6.372545610000000024e-04 9.092644899999999806e-05
-5.917631209999999831e-04 9.049900110000000310e-05
-5.463795389999999549e-04 8.983084259999999841e-05
-5.013835620000000248e-04 8.935682849999999932e-05
-4.568841539999999929e-04 8.852750029999999714e-05
-4.128535220000000006e-04 8.794712630000000296e-05
-3.691651800000000060e-04 8.690659159999999733e-05
-3.258423240000000217e-04 8.619558500000000425e-05
-2.829325089999999796e-04 8.491433249999999326e-05
-2.406655259999999994e-04 8.418454670000000053e-05
-1.989113659999999946e-04 8.301353230000000304e-05
-1.579160450000000071e-04 8.213639380000000226e-05
-1.171725089999999946e-04 8.042457920000000153e-05
-7.734907559999999564e-05 7.926224499999999788e-05
-3.835525419999999923e-05 7.707728220000000213e-05
1.588845750000000084e-06 7.687389730000000266e-05
4.056758549999999798e-05 7.788831860000000325e-05
8.038985829999999405e-05 7.866404480000000431e-05
1.202179260000000042e-04 8.077787059999999878e-05
1.603836859999999956e-04 8.184906619999999893e-05
2.017259830000000132e-04 8.317895839999999580e-05
2.434918130000000077e-04 8.391381559999999337e-05
2.856068900000000108e-04 8.505925510000000248e-05
3.281408569999999763e-04 8.572346269999999737e-05
3.711471220000000029e-04 8.677961890000000550e-05
4.147428260000000141e-04 8.739441550000000378e-05
4.587086730000000212e-04 8.848030120000000660e-05
5.027650040000000535e-04 8.904474089999999862e-05
5.475418869999999468e-04 8.975141099999999937e-05
5.926285519999999543e-04 9.019281420000000305e-05
6.377709209999999664e-04 9.098735609999999345e-05
6.831685899999999758e-04 9.142687489999999704e-05
7.288725459999999701e-04 9.213614980000000058e-05
7.749095089999999755e-04 9.246543050000000422e-05
8.211703970000000128e-04 9.300367669999999413e-05
8.675206339999999485e-04 9.337695519999999734e-05
9.142792550000000034e-04 9.373330980000000342e-05
9.612131400000000240e-04 9.396686800000000233e-05
1.008369839999999958e-03 9.460127330000000611e-05
1.055860540000000056e-03 9.503115140000000492e-05
1.103441929999999897e-03 9.571717240000000219e-05
1.151364300000000092e-03 9.603802029999999380e-05
1.199538590000000021e-03 9.650706489999999558e-05
1.247725569999999983e-03 9.681430670000000342e-05
1.296145729999999968e-03 9.727853470000000138e-05
1.344795690000000037e-03 9.758368829999999406e-05
1.393893499999999952e-03 9.805540319999999439e-05
1.443120069999999930e-03 9.830326600000000492e-05
1.492303800000000001e-03 9.869279170000000141e-05
1.541861100000000090e-03 9.905765909999999803e-05
1.591715380000000056e-03 9.957507429999999844e-05
1.642110410000000107e-03 9.994941499999999653e-05
1.692537920000000045e-03 1.009323169999999957e-04
1.742798370000000086e-03 1.013222789999999998e-04
1.793688859999999913e-03 1.017404870000000039e-04
1.844696469999999909e-03 1.019619589999999984e-04
1.895712219999999906e-03 1.021790009999999947e-04
1.947288400000000063e-03 1.025941019999999996e-04
1.999153520000000132e-03 1.032646180000000032e-04
2.051321559999999978e-03 1.035462989999999989e-04
2.103548729999999908e-03 1.042284059999999961e-04
2.155761930000000149e-03 1.046065519999999976e-04
2.208048010000000175e-03 1.055330650000000053e-04
2.260633739999999819e-03 1.060467549999999994e-04
2.314045560000000182e-03 1.065000619999999964e-04
2.367626639999999890e-03 1.067657939999999971e-04
2.421234730000000092e-03 1.070564829999999941e-04
2.475339220000000000e-03 1.073127859999999952e-04
2.529577119999999821e-03 1.078015850000000003e-04
2.583816180000000212e-03 1.081241210000000012e-04
2.638150240000000039e-03 1.088599380000000017e-04
2.692882440000000151e-03 1.093638999999999983e-04
2.748291239999999837e-03 1.100519950000000024e-04
2.804033919999999840e-03 1.105019260000000044e-04
2.859805710000000185e-03 1.112867759999999941e-04
2.915662250000000157e-03 1.116202469999999942e-04
2.971752079999999928e-03 1.121570459999999961e-04
3.028065659999999888e-03 1.123315160000000040e-04
3.084697290000000102e-03 1.122865209999999937e-04
3.141840690000000189e-03 1.127293140000000033e-04
3.199329600000000093e-03 1.138110970000000039e-04
3.257033419999999947e-03 1.143316989999999990e-04
3.314870409999999806e-03 1.151242980000000062e-04
3.372800540000000027e-03 1.154654459999999999e-04
3.430854530000000159e-03 1.162057230000000007e-04
3.489413529999999854e-03 1.166160439999999965e-04
3.548580219999999952e-03 1.167424200000000036e-04
3.607819090000000031e-03 1.169891839999999975e-04
3.667379259999999953e-03 1.171394319999999995e-04
3.727336180000000079e-03 1.174313870000000064e-04
3.787229300000000132e-03 1.187942330000000055e-04
3.847333840000000203e-03 1.194142019999999980e-04
3.907748959999999584e-03 1.201680499999999954e-04
3.968952220000000405e-03 1.207471580000000068e-04
4.030664919999999568e-03 1.215063240000000048e-04
4.092334300000000091e-03 1.219178299999999955e-04
4.154404159999999790e-03 1.223936120000000129e-04
4.216505679999999617e-03 1.225840819999999881e-04
4.278867970000000027e-03 1.231416970000000124e-04
4.341701049999999694e-03 1.236272950000000010e-04
4.404938310000000232e-03 1.238346449999999915e-04
4.468825180000000202e-03 1.242999859999999873e-04
4.532556519999999742e-03 1.258522389999999942e-04
4.596827549999999915e-03 1.265612519999999926e-04
4.661723970000000022e-03 1.274878009999999920e-04
4.726216660000000062e-03 1.277512490000000118e-04
4.791197369999999900e-03 1.281521690000000046e-04
4.856526849999999972e-03 1.285073229999999915e-04
4.922050980000000284e-03 1.286817419999999998e-04
4.988125060000000131e-03 1.290752119999999999e-04
5.054483190000000348e-03 1.296934060000000106e-04
5.121611059999999632e-03 1.301987649999999952e-04
5.188471640000000100e-03 1.320467559999999904e-04
5.255326630000000353e-03 1.328857760000000019e-04
5.323161839999999978e-03 1.340880410000000065e-04
5.391248040000000234e-03 1.346740609999999918e-04
5.459904669999999724e-03 1.348407240000000105e-04
5.528725219999999947e-03 1.349990779999999996e-04
5.597774409999999902e-03 1.350572129999999939e-04
5.667483430000000086e-03 1.352887919999999893e-04
5.736894910000000028e-03 1.364313070000000019e-04
5.806454459999999852e-03 1.371153049999999918e-04
5.876707840000000224e-03 1.378588350000000047e-04
5.947693250000000292e-03 1.385657669999999970e-04
6.019495889999999620e-03 1.396931620000000090e-04
6.091635669999999683e-03 1.403059289999999937e-04
6.163966380000000106e-03 1.411586129999999962e-04
6.235713139999999807e-03 1.411146509999999918e-04
6.307635919999999598e-03 1.406980009999999964e-04
6.380597600000000209e-03 1.409779360000000027e-04
6.453710139999999963e-03 1.415102449999999887e-04
6.527633409999999796e-03 1.423784559999999918e-04
6.602445620000000313e-03 1.438479960000000116e-04
6.677569819999999712e-03 1.445702510000000066e-04
6.752385760000000070e-03 1.465430400000000124e-04
6.826679220000000416e-03 1.469393029999999925e-04
6.901374549999999587e-03 1.473695160000000029e-04
6.976426580000000266e-03 1.475369649999999980e-04
7.052576639999999682e-03 1.461820069999999897e-04
7.129728329999999656e-03 1.464927189999999928e-04
7.207102610000000117e-03 1.475356839999999938e-04
7.284996569999999637e-03 1.482295629999999932e-04
7.362136150000000295e-03 1.508515559999999971e-04
7.439221260000000030e-03 1.517626809999999909e-04
7.517251190000000076e-03 1.527161220000000067e-04
7.596150040000000138e-03 1.533702599999999948e-04
7.675981610000000288e-03 1.536387139999999881e-04
7.756027859999999573e-03 1.540710799999999879e-04
7.836417300000000571e-03 1.546990239999999895e-04
7.916510110000000294e-03 1.547476859999999974e-04
7.996779869999999860e-03 1.551709870000000067e-04
8.077989330000000245e-03 1.558929799999999915e-04
8.158807639999999736e-03 1.579607200000000084e-04
8.240906520000000623e-03 1.592545890000000082e-04
8.324253369999999597e-03 1.607700980000000088e-04
8.407129909999999998e-03 1.612490299999999892e-04
8.490434850000000769e-03 1.618654349999999926e-04
8.573655969999999932e-03 1.620385160000000077e-04
8.657423779999999514e-03 1.622204579999999880e-04
8.741380649999999988e-03 1.624030989999999941e-04
8.825461379999999939e-03 1.620833499999999971e-04
8.911215700000000781e-03 1.629749309999999952e-04
8.997227070000000590e-03 1.650233029999999908e-04
9.084275920000000823e-03 1.661533020000000060e-04
9.171291249999999687e-03 1.693491789999999973e-04
9.257331489999999496e-03 1.701416190000000028e-04
9.344927039999999241e-03 1.703952150000000057e-04
9.432668800000000228e-03 1.705782780000000061e-04
9.520831520000000089e-03 1.697352850000000135e-04
9.610523470000000013e-03 1.703513120000000095e-04
9.700844999999999607e-03 1.710101929999999920e-04
9.791937659999999655e-03 1.714720570000000035e-04
9.882745329999999620e-03 1.732401869999999997e-04
9.973116219999999740e-03 1.738463179999999919e-04
1.006356159999999972e-02 1.754027179999999894e-04
1.015505750000000006e-02 1.765941559999999969e-04
1.024873930000000030e-02 1.769264780000000075e-04
1.034226360000000018e-02 1.769581139999999871e-04
1.043553179999999990e-02 1.767933719999999903e-04
1.052928250000000066e-02 1.767791109999999996e-04
1.062270629999999966e-02 1.772991959999999870e-04
1.071683690000000029e-02 1.781472529999999924e-04
1.081148260000000007e-02 1.796401189999999933e-04
1.090703999999999979e-02 1.807244990000000115e-04
1.100373919999999943e-02 1.825156510000000109e-04
1.110020469999999961e-02 1.830294639999999879e-04
1.119625380000000003e-02 1.844519280000000050e-04
1.129149739999999943e-02 1.844798389999999884e-04
1.138726340000000004e-02 1.836852900000000074e-04
1.148432209999999953e-02 1.839213949999999969e-04
1.158212779999999963e-02 1.833515130000000102e-04
1.168109850000000061e-02 1.840911140000000017e-04
1.178031140000000004e-02 1.864341899999999972e-04
1.187930440000000039e-02 1.871558629999999868e-04
1.197795760000000022e-02 1.890123530000000114e-04
1.207636760000000038e-02 1.895348689999999886e-04
1.217501890000000087e-02 1.905832469999999901e-04
1.227463600000000023e-02 1.912763550000000075e-04
1.237564910000000032e-02 1.908902050000000044e-04
1.247699650000000035e-02 1.912092699999999969e-04
1.257897730000000040e-02 1.917582120000000095e-04
1.268099250000000004e-02 1.919850770000000031e-04
1.278216109999999982e-02 1.932912560000000102e-04
1.288336420000000052e-02 1.937823979999999909e-04
1.298458039999999918e-02 1.951253509999999929e-04
1.308735930000000033e-02 1.962758109999999988e-04
1.319154259999999988e-02 1.971420569999999932e-04
1.329537949999999927e-02 1.975104819999999963e-04
1.339966520000000078e-02 1.977859359999999914e-04
1.350364650000000083e-02 1.977025090000000113e-04
1.360753829999999942e-02 1.983611150000000084e-04
1.371165459999999954e-02 1.987402069999999975e-04
1.381620390000000073e-02 1.983100080000000124e-04
1.392250039999999925e-02 1.992058100000000036e-04
1.402913029999999957e-02 2.011379260000000088e-04
1.413649410000000078e-02 2.019928799999999938e-04
1.424390170000000046e-02 2.043050769999999936e-04
1.434947269999999921e-02 2.043092390000000055e-04
1.445602250000000040e-02 2.034543140000000130e-04
1.456386500000000049e-02 2.039284010000000000e-04
1.467213969999999965e-02 2.037404190000000038e-04
1.478128039999999921e-02 2.041931880000000092e-04
1.489087099999999997e-02 2.046989980000000077e-04
1.500083129999999973e-02 2.048176250000000107e-04
1.510979420000000024e-02 2.068263709999999963e-04
1.521784160000000038e-02 2.072774949999999883e-04
1.532671319999999969e-02 2.079372059999999882e-04
1.543747630000000086e-02 2.093187800000000044e-04
1.554910190000000081e-02 2.109176129999999901e-04
1.566066409999999909e-02 2.114547970000000123e-04
1.577318269999999911e-02 2.113501100000000086e-04
1.588583920000000149e-02 2.111031210000000058e-04
1.599782519999999944e-02 2.115612150000000110e-04
1.610936409999999888e-02 2.117433319999999968e-04
1.622118609999999989e-02 2.117779800000000028e-04
1.633436980000000163e-02 2.126058679999999891e-04
1.644852570000000097e-02 2.140820579999999998e-04
1.656477710000000061e-02 2.158843270000000030e-04
1.668089260000000032e-02 2.202949979999999986e-04
1.679542469999999871e-02 2.206267529999999979e-04
1.691035739999999926e-02 2.208942169999999897e-04
1.702472199999999908e-02 2.209477530000000106e-04
1.714015749999999935e-02 2.193201360000000062e-04
1.725743899999999942e-02 2.198400760000000038e-04
1.737622730000000157e-02 2.195976119999999991e-04
1.749755440000000037e-02 2.210483069999999949e-04
1.761773599999999843e-02 2.261391640000000064e-04
1.773708309999999858e-02 2.274702709999999902e-04
1.785648800000000022e-02 2.310728159999999914e-04
1.797752830000000010e-02 2.330289280000000110e-04
1.810118739999999962e-02 2.341050710000000101e-04
1.822802609999999920e-02 2.367103879999999966e-04
1.835821379999999850e-02 2.392620230000000036e-04
1.851186900000000024e-02 2.543086299999999952e-04
1.866464879999999923e-02 2.966402679999999921e-04
1.883260529999999933e-02 3.210041900000000048e-04
1.900762879999999891e-02 3.768759489999999883e-04
1.915982180000000076e-02 3.827642069999999961e-04
1.936001139999999829e-02 3.192375009999999969e-04
1.956509050000000000e-02 2.997769619999999754e-04
1.973228159999999842e-02 3.087493529999999799e-04
1.989704180000000100e-02 3.105309440000000192e-04
2.006710689999999936e-02 3.077987929999999989e-04
2.023231240000000070e-02 3.039099099999999893e-04
2.039574090000000062e-02 2.948695909999999817e-04
2.056118100000000129e-02 2.924148579999999963e-04
2.072263510000000100e-02 2.923120919999999874e-04
2.088549359999999910e-02 2.935077059999999780e-04
2.104706500000000022e-02 2.989570200000000056e-04
2.120824160000000028e-02 3.006864570000000042e-04
2.137101809999999991e-02 3.039558359999999793e-04
2.153017559999999969e-02 3.029755029999999742e-04
2.169242130000000046e-02 2.939274130000000098e-04
2.185871080000000022e-02 2.931013880000000061e-04
2.202111480000000163e-02 2.972931539999999957e-04
2.218284090000000042e-02 2.979768320000000174e-04
2.234576829999999903e-02 2.979207490000000094e-04
2.250873109999999844e-02 2.983218289999999863e-04
2.267024850000000022e-02 3.029688089999999965e-04
2.283332310000000046e-02 3.055983109999999741e-04
2.299827520000000125e-02 3.086078499999999865e-04
2.316335029999999975e-02 3.097659499999999848e-04
2.333108340000000086e-02 3.085431529999999750e-04
2.349771930000000078e-02 3.070168020000000101e-04
2.366445400000000143e-02 3.026749179999999734e-04
2.382809300000000158e-02 2.996650579999999967e-04
2.398848350000000115e-02 2.978211560000000070e-04
2.416024729999999981e-02 3.040066220000000111e-04
2.434181610000000009e-02 3.036557749999999989e-04
2.451235610000000037e-02 2.968990590000000263e-04
2.467159370000000101e-02 2.970114870000000254e-04
2.483164889999999944e-02 2.971302020000000021e-04
2.499156450000000057e-02 2.977312539999999873e-04
2.515072380000000010e-02 2.978939160000000012e-04
2.531030769999999958e-02 2.976396939999999790e-04
2.548411119999999946e-02 3.060659220000000067e-04
2.567378990000000055e-02 3.041532469999999751e-04
2.584601749999999865e-02 2.930171319999999775e-04
2.600255790000000067e-02 2.870465100000000247e-04
2.615549600000000030e-02 2.827308779999999867e-04
2.630387619999999954e-02 2.783569799999999900e-04
2.644981999999999889e-02 2.749404229999999837e-04
2.659383040000000073e-02 2.687211670000000147e-04
2.673727089999999862e-02 2.665065400000000235e-04
2.688029219999999928e-02 2.620324089999999796e-04
2.702221460000000033e-02 2.597697309999999786e-04
2.716035400000000113e-02 2.587775229999999898e-04
2.729547579999999987e-02 2.566050389999999801e-04
2.742843520000000021e-02 2.541787979999999875e-04
2.756128650000000055e-02 2.528910409999999870e-04
2.769353239999999827e-02 2.503531000000000137e-04
2.782446699999999856e-02 2.489941539999999758e-04
2.795620260000000051e-02 2.448075390000000037e-04
2.808636990000000153e-02 2.423635449999999875e-04
2.821286209999999961e-02 2.407589489999999903e-04
2.833722530000000114e-02 2.389004220000000007e-04
2.845977059999999989e-02 2.367745620000000109e-04
2.858426049999999996e-02 2.368521669999999984e-04
2.870866470000000073e-02 2.372318120000000005e-04
2.883215429999999926e-02 2.371393639999999896e-04
2.895626239999999837e-02 2.358564959999999964e-04
2.907847049999999836e-02 2.342563379999999926e-04
2.919885889999999928e-02 2.337196350000000000e-04
2.931694500000000050e-02 2.321457140000000006e-04
2.943407740000000133e-02 2.284753569999999935e-04
2.955242250000000154e-02 2.278837490000000022e-04
2.967030179999999989e-02 2.270194240000000026e-04
2.978934719999999994e-02 2.270954139999999924e-04
2.990759159999999833e-02 2.286514059999999939e-04
3.002373319999999957e-02 2.282579660000000094e-04
3.013966980000000115e-02 2.283646900000000052e-04
3.025428759999999884e-02 2.276126469999999917e-04
3.036870620000000145e-02 2.249887479999999873e-04
3.048415850000000052e-02 2.246650260000000092e-04
3.060069309999999959e-02 2.219558079999999953e-04
3.071752000000000163e-02 2.208509979999999980e-04
3.083222550000000103e-02 2.213350380000000050e-04
3.094594930000000091e-02 2.212189429999999947e-04
3.105888329999999947e-02 2.230487440000000049e-04
3.117193840000000160e-02 2.237847800000000113e-04
3.128616879999999989e-02 2.230212990000000027e-04
3.139993919999999744e-02 2.224687780000000068e-04
3.151445840000000054e-02 2.196839919999999974e-04
3.162845599999999924e-02 2.180713199999999882e-04
3.174006570000000027e-02 2.175958509999999940e-04
3.185090050000000117e-02 2.172552340000000063e-04
3.196150810000000092e-02 2.166811609999999880e-04
3.207227960000000322e-02 2.165699409999999867e-04
3.218408300000000222e-02 2.153560049999999964e-04
3.229675810000000313e-02 2.154489630000000022e-04
3.240855410000000048e-02 2.163520260000000093e-04
3.251844269999999704e-02 2.152365629999999973e-04
3.262733300000000142e-02 2.138215639999999941e-04
3.273565690000000000e-02 2.132675439999999977e-04
3.284374999999999795e-02 2.121194849999999930e-04
3.295285629999999966e-02 2.123120499999999996e-04
3.306318450000000214e-02 2.116058889999999893e-04
3.317388889999999674e-02 2.115821700000000065e-04
3.328353540000000138e-02 2.124716270000000077e-04
3.339240699999999895e-02 2.123251179999999867e-04
3.349959109999999657e-02 2.147339549999999978e-04
3.360616040000000138e-02 2.149389180000000124e-04
3.371457010000000060e-02 2.124450399999999923e-04
3.382370619999999772e-02 2.122712610000000017e-04
3.393331919999999918e-02 2.117904509999999903e-04
3.404236210000000096e-02 2.112799700000000079e-04
3.415015710000000176e-02 2.111404170000000019e-04
3.425785530000000079e-02 2.110343920000000049e-04
3.436465560000000197e-02 2.122475269999999975e-04
3.447202969999999672e-02 2.127396149999999928e-04
3.458081560000000193e-02 2.117596450000000009e-04
3.469019760000000008e-02 2.120495050000000036e-04
3.479914370000000007e-02 2.135712709999999933e-04
3.490696850000000323e-02 2.134482349999999894e-04
3.501501309999999895e-02 2.135440590000000087e-04
3.512251000000000262e-02 2.132499790000000090e-04
3.522933269999999756e-02 2.127480549999999869e-04
3.533736240000000250e-02 2.130024950000000054e-04
3.544639420000000180e-02 2.120505809999999867e-04
3.555571660000000217e-02 2.121694420000000034e-04
3.566478569999999987e-02 2.129187919999999898e-04
3.577195109999999761e-02 2.120485010000000038e-04
3.587841619999999898e-02 2.115921820000000076e-04
3.598536919999999889e-02 2.117201220000000130e-04
3.609280289999999836e-02 2.104682349999999875e-04
3.620072829999999853e-02 2.103140430000000104e-04
3.630898889999999851e-02 2.093295479999999933e-04
3.641874340000000182e-02 2.095824020000000066e-04
3.652695190000000008e-02 2.128606719999999897e-04
3.663264959999999737e-02 2.128217460000000015e-04
3.673891349999999778e-02 2.125763710000000005e-04
3.684553499999999870e-02 2.127042970000000077e-04
3.695351630000000276e-02 2.099873240000000002e-04
3.706251079999999670e-02 2.096168760000000032e-04
3.717108069999999764e-02 2.092893849999999877e-04
3.728029499999999802e-02 2.092677750000000074e-04
3.738854080000000163e-02 2.108297920000000035e-04
3.749467809999999790e-02 2.104148009999999927e-04
3.760057690000000175e-02 2.104612209999999874e-04
3.770669179999999732e-02 2.106096799999999957e-04
3.781348469999999684e-02 2.090864729999999906e-04
3.792157399999999956e-02 2.093153159999999952e-04
3.802932049999999814e-02 2.105226450000000126e-04
3.813732789999999678e-02 2.108237680000000049e-04
3.824518989999999702e-02 2.119022100000000062e-04
3.835076090000000271e-02 2.112029180000000062e-04
3.845609350000000343e-02 2.096600510000000081e-04
3.856265539999999964e-02 2.098407859999999866e-04
3.867081180000000312e-02 2.084777950000000113e-04
3.877966850000000298e-02 2.084112640000000097e-04
3.888699040000000162e-02 2.099906270000000022e-04
3.899372739999999726e-02 2.102075959999999920e-04
3.909974919999999882e-02 2.120040589999999930e-04
3.920632970000000050e-02 2.126967880000000068e-04
3.931401670000000265e-02 2.127797049999999919e-04
3.942117469999999874e-02 2.127811019999999935e-04
3.952999790000000235e-02 2.108106560000000038e-04
3.963943570000000305e-02 2.104751329999999903e-04
3.974696989999999819e-02 2.119246780000000004e-04
3.985282410000000330e-02 2.114391100000000004e-04
3.995840249999999677e-02 2.105573370000000054e-04
4.006521400000000177e-02 2.106951429999999990e-04
4.017289730000000308e-02 2.096341200000000006e-04
4.028132560000000084e-02 2.099809790000000103e-04
4.039020089999999924e-02 2.109858319999999960e-04
4.049861800000000012e-02 2.110774510000000125e-04
4.060605910000000124e-02 2.121568539999999956e-04
4.071102289999999763e-02 2.110538629999999941e-04
4.081550610000000273e-02 2.087865000000000109e-04
4.092272369999999659e-02 2.093258950000000075e-04
4.103095460000000250e-02 2.091468919999999929e-04
4.113999749999999733e-02 2.098524420000000051e-04
4.124929380000000312e-02 2.113876399999999912e-04
4.135730860000000342e-02 2.111735380000000109e-04
4.146441440000000339e-02 2.128889460000000134e-04
4.156988860000000036e-02 2.125278410000000073e-04
4.167519880000000038e-02 2.109930210000000015e-04
4.178217430000000232e-02 2.111518409999999988e-04
4.189156740000000295e-02 2.075810769999999941e-04
4.200163109999999894e-02 2.069818729999999972e-04
4.210931059999999809e-02 2.092837240000000024e-04
4.221676290000000303e-02 2.099795379999999949e-04
4.232395070000000148e-02 2.131533840000000076e-04
4.243025560000000113e-02 2.137693080000000086e-04
4.253749920000000212e-02 2.131046639999999875e-04
4.264522719999999656e-02 2.131548970000000064e-04
4.275429249999999903e-02 2.110561040000000113e-04
4.286460579999999687e-02 2.107604380000000063e-04
4.297412560000000298e-02 2.112842189999999975e-04
4.308132829999999913e-02 2.103729349999999886e-04
4.318762570000000273e-02 2.101456919999999875e-04
4.329547289999999965e-02 2.109968479999999968e-04
4.340298850000000319e-02 2.131149669999999913e-04
4.351116339999999694e-02 2.142723679999999908e-04
4.362150280000000324e-02 2.138692649999999931e-04
4.373135050000000190e-02 2.131383520000000077e-04
4.384033749999999979e-02 2.125636380000000029e-04
4.394828159999999984e-02 2.120214490000000033e-04
4.405590890000000287e-02 2.110448399999999985e-04
4.416437069999999687e-02 2.111914950000000053e-04
4.427350310000000011e-02 2.112738879999999971e-04
4.438379030000000336e-02 2.120012800000000113e-04
4.449388380000000170e-02 2.135341350000000084e-04
4.460475220000000018e-02 2.142560700000000081e-04
4.471579569999999809e-02 2.159790020000000056e-04
4.482372109999999826e-02 2.150218209999999993e-04
4.493148250000000149e-02 2.126371399999999866e-04
4.504047709999999677e-02 2.125148020000000126e-04
4.515178129999999901e-02 2.091205529999999894e-04
4.526500029999999675e-02 2.090532650000000040e-04
4.537621139999999803e-02 2.114039380000000011e-04
4.548707230000000046e-02 2.120366840000000052e-04
4.559727759999999963e-02 2.148815110000000094e-04
4.570646960000000064e-02 2.150014189999999896e-04
4.581560190000000254e-02 2.154384420000000021e-04
4.592595619999999962e-02 2.166180640000000071e-04
4.603996130000000131e-02 2.146171609999999888e-04
4.615225640000000101e-02 2.128725460000000045e-04
4.626223439999999770e-02 2.110683560000000064e-04
4.637340460000000109e-02 2.111367359999999924e-04
4.648301750000000121e-02 2.139253629999999953e-04
4.659351710000000230e-02 2.151636730000000075e-04
4.670601709999999684e-02 2.152709639999999874e-04
4.681880769999999942e-02 2.157707640000000127e-04
4.693230610000000136e-02 2.167874769999999878e-04
4.704533140000000113e-02 2.168771900000000038e-04
4.715688529999999962e-02 2.187550130000000042e-04
4.726629699999999878e-02 2.181424930000000083e-04
4.737701639999999936e-02 2.142550509999999870e-04
4.749133810000000233e-02 2.147215419999999955e-04
4.760599139999999868e-02 2.154794489999999963e-04
4.772111030000000115e-02 2.163177710000000050e-04
4.783589390000000247e-02 2.191936070000000006e-04
4.795008530000000047e-02 2.198748260000000089e-04
4.806449639999999662e-02 2.222272739999999879e-04
4.817647860000000282e-02 2.216211870000000096e-04
4.828879240000000239e-02 2.185437920000000045e-04
4.840363560000000148e-02 2.189595980000000114e-04
4.852010679999999715e-02 2.173995889999999877e-04
4.863756520000000333e-02 2.171276429999999887e-04
4.875440520000000333e-02 2.174266560000000096e-04
4.887067900000000020e-02 2.174857219999999972e-04
4.898444560000000253e-02 2.226535139999999901e-04
4.909783599999999887e-02 2.242993649999999934e-04
4.921374469999999918e-02 2.238284510000000129e-04
4.932953419999999700e-02 2.235877619999999900e-04
4.944676910000000286e-02 2.205045599999999866e-04
4.956579950000000040e-02 2.201664320000000009e-04
4.968459530000000207e-02 2.196487620000000130e-04
4.980168859999999781e-02 2.187374630000000098e-04
4.991649840000000199e-02 2.208248479999999983e-04
5.003125590000000178e-02 2.215503630000000045e-04
