-4.923272129999999719e-02 2.310049019999999866e-04
-4.916250710000000246e-02 2.093416110000000119e-04
-4.907683279999999759e-02 2.105622839999999978e-04
-4.898874090000000098e-02 2.098498230000000076e-04
-4.889752339999999670e-02 2.117584080000000106e-04
-4.880264029999999836e-02 2.117772380000000133e-04
-4.870556289999999899e-02 2.130900680000000073e-04
-4.860678320000000330e-02 2.131171639999999946e-04
-4.850993309999999947e-02 2.119668929999999924e-04
-4.841366779999999731e-02 2.097502150000000109e-04
-4.831522700000000226e-02 2.099796549999999882e-04
-4.821560159999999789e-02 2.086238669999999895e-04
-4.811510439999999722e-02 2.089435729999999957e-04
-4.801368339999999985e-02 2.082926370000000066e-04
-4.791103299999999870e-02 2.087958420000000058e-04
-4.780890420000000196e-02 2.118663250000000099e-04
-4.770715159999999733e-02 2.127448099999999971e-04
-4.760536550000000339e-02 2.143414460000000066e-04
-4.750581090000000062e-02 2.135748360000000055e-04
-4.740525410000000217e-02 2.097673129999999954e-04
-4.730192939999999791e-02 2.097750109999999999e-04
-4.719778899999999694e-02 2.084396549999999995e-04
-4.709403219999999668e-02 2.080156700000000128e-04
-4.699004810000000087e-02 2.072428319999999879e-04
-4.688551280000000099e-02 2.072936039999999944e-04
-4.678459089999999904e-02 2.126803450000000072e-04
-4.668451850000000097e-02 2.141103469999999906e-04
-4.658130559999999754e-02 2.128469930000000045e-04
-4.647716880000000300e-02 2.126624599999999961e-04
-4.637134080000000075e-02 2.093407529999999979e-04
-4.626592620000000156e-02 2.081862909999999912e-04
-4.616153989999999957e-02 2.066936720000000062e-04
-4.605750370000000204e-02 2.059437389999999913e-04
-4.595562439999999887e-02 2.082293940000000127e-04
-4.585396499999999653e-02 2.089169279999999952e-04
-4.575056210000000290e-02 2.071284400000000033e-04
-4.564514759999999810e-02 2.076934620000000023e-04
-4.553906989999999960e-02 2.081527049999999971e-04
-4.543272410000000205e-02 2.081908460000000049e-04
-4.532647509999999935e-02 2.084574229999999902e-04
-4.522344100000000311e-02 2.069102769999999869e-04
-4.512078320000000031e-02 2.040181129999999929e-04
-4.501613229999999743e-02 2.041717670000000055e-04
-4.491215939999999851e-02 2.049506869999999869e-04
-4.480676730000000135e-02 2.060842380000000120e-04
-4.470068590000000203e-02 2.080820120000000106e-04
-4.459574820000000023e-02 2.078297400000000028e-04
-4.449203610000000003e-02 2.091682249999999958e-04
-4.438904300000000303e-02 2.095032400000000064e-04
-4.428481310000000060e-02 2.083841829999999895e-04
-4.418111589999999811e-02 2.076641249999999978e-04
-4.407573490000000344e-02 2.036390359999999981e-04
-4.396824540000000142e-02 2.034567440000000069e-04
-4.386321829999999949e-02 2.062779969999999909e-04
-4.375904430000000095e-02 2.067823370000000085e-04
-4.365549240000000247e-02 2.092296339999999996e-04
-4.355170950000000069e-02 2.099647390000000126e-04
-4.344623539999999812e-02 2.091892970000000117e-04
-4.334141689999999880e-02 2.088035540000000086e-04
-4.323587570000000241e-02 2.073138599999999911e-04
-4.312935839999999799e-02 2.073655780000000122e-04
-4.302365710000000121e-02 2.080863919999999918e-04
-4.291954259999999910e-02 2.073937209999999901e-04
-4.281728709999999688e-02 2.085815499999999986e-04
-4.271367189999999980e-02 2.095429230000000055e-04
-4.260894280000000062e-02 2.103508300000000075e-04
-4.250334950000000250e-02 2.114448000000000054e-04
-4.239600899999999839e-02 2.115757819999999987e-04
-4.229026290000000021e-02 2.106673640000000032e-04
-4.218526930000000147e-02 2.101876890000000102e-04
-4.208086059999999878e-02 2.096622919999999982e-04
-4.197726029999999942e-02 2.087593309999999900e-04
-4.187269879999999667e-02 2.090132329999999899e-04
-4.176649080000000014e-02 2.069709010000000103e-04
-4.165823390000000098e-02 2.071812340000000075e-04
-4.155161229999999872e-02 2.104964370000000006e-04
-4.144626860000000246e-02 2.112067739999999940e-04
-4.134010519999999772e-02 2.126117759999999904e-04
-4.123580079999999981e-02 2.120001449999999929e-04
-4.113084820000000030e-02 2.084135339999999923e-04
-4.102465880000000231e-02 2.078631509999999915e-04
-4.091804849999999827e-02 2.056231310000000115e-04
-4.081024230000000058e-02 2.052518980000000071e-04
-4.070495069999999910e-02 2.084216249999999986e-04
-4.060168189999999871e-02 2.086329330000000030e-04
-4.049779469999999909e-02 2.081957500000000065e-04
-4.039308059999999895e-02 2.085349260000000059e-04
-4.028707740000000287e-02 2.081218120000000030e-04
-4.018026219999999704e-02 2.084643199999999970e-04
-4.007265339999999815e-02 2.072997450000000133e-04
-3.996661309999999939e-02 2.059367109999999930e-04
-3.986208890000000199e-02 2.046791630000000092e-04
-3.975657369999999885e-02 2.045403379999999945e-04
-3.965245559999999725e-02 2.064818690000000010e-04
-3.954782710000000201e-02 2.077649110000000037e-04
-3.944127630000000134e-02 2.081366260000000067e-04
-3.933462499999999806e-02 2.083326250000000067e-04
-3.922759740000000134e-02 2.090344350000000013e-04
-3.912083060000000334e-02 2.091333010000000084e-04
-3.901515529999999982e-02 2.104354499999999911e-04
-3.891161459999999822e-02 2.096220850000000057e-04
-3.880724680000000038e-02 2.059850380000000114e-04
-3.870008510000000346e-02 2.060733100000000119e-04
-3.859328480000000228e-02 2.069379700000000010e-04
-3.848605979999999982e-02 2.077831300000000084e-04
-3.837900240000000074e-02 2.111988000000000081e-04
-3.827341270000000212e-02 2.115530809999999868e-04
-3.816779700000000330e-02 2.116984539999999934e-04
-3.806362299999999782e-02 2.108843910000000052e-04
-3.795943040000000074e-02 2.085920709999999987e-04
-3.785277900000000306e-02 2.089580079999999959e-04
-3.774499889999999996e-02 2.081014540000000073e-04
-3.763707730000000196e-02 2.081584680000000086e-04
-3.753027319999999861e-02 2.101711429999999884e-04
-3.742406139999999992e-02 2.105436719999999914e-04
-3.731882940000000315e-02 2.140166619999999895e-04
-3.721443189999999734e-02 2.147676569999999892e-04
-3.710773960000000177e-02 2.122157460000000009e-04
-3.700051079999999715e-02 2.116179380000000095e-04
-3.689256679999999844e-02 2.087657049999999995e-04
-3.678389640000000183e-02 2.078924590000000034e-04
-3.667730090000000109e-02 2.089415360000000037e-04
-3.657250480000000248e-02 2.085245070000000048e-04
-3.646745529999999985e-02 2.077311949999999870e-04
-3.636093440000000288e-02 2.083301809999999876e-04
-3.625452519999999845e-02 2.093861990000000085e-04
-3.614763919999999797e-02 2.100516869999999911e-04
-3.604030240000000163e-02 2.111464860000000104e-04
-3.593388570000000115e-02 2.106993919999999886e-04
-3.582786019999999877e-02 2.101122520000000063e-04
-3.572323919999999958e-02 2.093435320000000066e-04
-3.561853620000000192e-02 2.070708290000000023e-04
-3.551139679999999743e-02 2.077095710000000084e-04
-3.540386999999999701e-02 2.096277020000000043e-04
-3.529600799999999677e-02 2.105277379999999907e-04
-3.518756480000000131e-02 2.112640500000000055e-04
-3.508036960000000121e-02 2.107785399999999906e-04
-3.497440739999999743e-02 2.114877569999999869e-04
-3.486821799999999943e-02 2.115903189999999978e-04
-3.476027770000000156e-02 2.089624029999999984e-04
-3.465133160000000156e-02 2.089012270000000122e-04
-3.454225880000000304e-02 2.093007789999999960e-04
-3.443232549999999947e-02 2.099687989999999985e-04
-3.432330489999999706e-02 2.125536699999999886e-04
-3.421493250000000319e-02 2.130956850000000058e-04
-3.410707789999999767e-02 2.154635730000000078e-04
-3.399945420000000107e-02 2.158820280000000008e-04
-3.389055280000000114e-02 2.149152279999999950e-04
-3.378028050000000254e-02 2.156797559999999942e-04
-3.366854040000000214e-02 2.153581439999999875e-04
-3.355726600000000226e-02 2.149619830000000064e-04
-3.344665100000000085e-02 2.157717239999999985e-04
-3.333586830000000167e-02 2.161707670000000104e-04
-3.322573010000000326e-02 2.175368139999999989e-04
-3.311540930000000243e-02 2.181381279999999943e-04
-3.300438079999999663e-02 2.186225899999999956e-04
-3.289156780000000030e-02 2.195641859999999891e-04
-3.277736900000000064e-02 2.198699370000000016e-04
-3.266438470000000011e-02 2.195474229999999942e-04
-3.255161639999999690e-02 2.198404109999999934e-04
-3.243980929999999707e-02 2.193748079999999873e-04
-3.232887389999999916e-02 2.187063070000000095e-04
-3.221626209999999685e-02 2.194750119999999878e-04
-3.210253269999999853e-02 2.197462600000000112e-04
-3.198710829999999727e-02 2.205559139999999985e-04
-3.187120709999999996e-02 2.220141910000000016e-04
-3.175692630000000183e-02 2.218640880000000029e-04
-3.164383400000000263e-02 2.234183630000000076e-04
-3.153050319999999712e-02 2.241238400000000134e-04
-3.141501919999999809e-02 2.233454430000000022e-04
-3.129801150000000032e-02 2.239852329999999950e-04
-3.118082689999999990e-02 2.246169019999999929e-04
-3.106290659999999884e-02 2.252879640000000102e-04
-3.094536250000000030e-02 2.277778839999999893e-04
-3.082704359999999949e-02 2.288232209999999990e-04
-3.070887549999999980e-02 2.319807099999999936e-04
-3.059108560000000157e-02 2.332025760000000102e-04
-3.047038430000000020e-02 2.326260729999999981e-04
-3.034713119999999861e-02 2.339569179999999987e-04
-3.022293750000000154e-02 2.351912120000000119e-04
-3.009902869999999883e-02 2.354639580000000127e-04
-2.997567129999999941e-02 2.371420120000000068e-04
-2.985110319999999956e-02 2.381441150000000034e-04
-2.972648669999999882e-02 2.408563159999999970e-04
-2.960074320000000148e-02 2.428309090000000043e-04
-2.947327679999999991e-02 2.454425850000000061e-04
-2.934408930000000082e-02 2.474150970000000074e-04
-2.921204269999999950e-02 2.490629850000000028e-04
-2.907982469999999958e-02 2.497709940000000014e-04
-2.894852870000000009e-02 2.523210130000000146e-04
-2.881536629999999904e-02 2.543613949999999797e-04
-2.868103790000000111e-02 2.580836300000000192e-04
-2.854381320000000041e-02 2.608016950000000000e-04
-2.840367699999999870e-02 2.635169369999999854e-04
-2.826109530000000050e-02 2.663116899999999859e-04
-2.811708300000000105e-02 2.716814340000000172e-04
-2.797274289999999997e-02 2.738152109999999768e-04
-2.782624029999999915e-02 2.771741710000000074e-04
-2.767797560000000157e-02 2.794574540000000201e-04
-2.752795070000000136e-02 2.817981879999999955e-04
-2.737028710000000142e-02 2.872322219999999841e-04
-2.720872309999999850e-02 2.958102849999999745e-04
-2.704594470000000125e-02 2.992059449999999975e-04
-2.688185679999999939e-02 3.064763150000000130e-04
-2.671366559999999862e-02 3.119566829999999877e-04
-2.654224260000000168e-02 3.229915749999999908e-04
-2.637066130000000064e-02 3.270860759999999999e-04
-2.619217890000000160e-02 3.257025669999999906e-04
-2.601650919999999936e-02 3.235143090000000186e-04
-2.583895439999999918e-02 3.142929339999999869e-04
-2.565841190000000063e-02 3.123282799999999742e-04
-2.548415960000000036e-02 3.174181910000000253e-04
-2.530469930000000048e-02 3.227880810000000153e-04
-2.512407300000000024e-02 3.357308449999999974e-04
-2.494782400000000039e-02 3.377784160000000223e-04
-2.476297129999999874e-02 3.303796979999999782e-04
-2.457783930000000117e-02 3.278978110000000203e-04
-2.439505230000000094e-02 3.236155610000000056e-04
-2.421539649999999988e-02 3.201912039999999958e-04
-2.403990179999999921e-02 3.176276510000000143e-04
-2.386631260000000171e-02 3.151204440000000199e-04
-2.369341809999999868e-02 3.093942650000000246e-04
-2.351929809999999885e-02 3.084851489999999993e-04
-2.334629930000000145e-02 3.089660310000000212e-04
-2.317134850000000107e-02 3.103363850000000115e-04
-2.299685400000000060e-02 3.136924640000000072e-04
-2.282449790000000076e-02 3.136136219999999752e-04
-2.265220139999999868e-02 3.134915309999999899e-04
-2.247801420000000022e-02 3.141412739999999756e-04
-2.230227369999999987e-02 3.134213330000000042e-04
-2.212366459999999882e-02 3.152986170000000171e-04
-2.194429000000000171e-02 3.192295549999999804e-04
-2.176917529999999878e-02 3.180966309999999977e-04
-2.159180490000000077e-02 3.123569770000000152e-04
-2.140897510000000156e-02 3.135912989999999978e-04
-2.123158429999999833e-02 3.248666180000000137e-04
-2.105962670000000037e-02 3.256590569999999961e-04
-2.087924999999999850e-02 3.138004690000000072e-04
-2.069560999999999970e-02 3.110516120000000081e-04
-2.051824699999999987e-02 3.139654869999999854e-04
-2.034155090000000152e-02 3.150288830000000156e-04
-2.016488090000000122e-02 3.192030130000000020e-04
-1.999440229999999846e-02 3.170121339999999862e-04
-1.982066589999999934e-02 3.042486209999999765e-04
-1.961847209999999925e-02 3.167622489999999814e-04
-1.937801579999999871e-02 2.876215150000000051e-04
-1.918275100000000136e-02 2.496154630000000079e-04
-1.904602910000000038e-02 2.418821679999999920e-04
-1.891260590000000061e-02 2.374520120000000090e-04
-1.878439819999999996e-02 2.338349590000000011e-04
-1.865678470000000158e-02 2.321738139999999877e-04
-1.853050659999999975e-02 2.306385289999999969e-04
-1.840393800000000163e-02 2.302710199999999927e-04
-1.827717939999999944e-02 2.280291809999999899e-04
-1.815179180000000073e-02 2.263961940000000029e-04
-1.802882550000000153e-02 2.259001629999999878e-04
-1.790640320000000049e-02 2.250801919999999984e-04
-1.778481900000000032e-02 2.242378980000000045e-04
-1.766373029999999955e-02 2.239397000000000067e-04
-1.754104529999999870e-02 2.212786350000000017e-04
-1.741825229999999919e-02 2.203968620000000067e-04
-1.729674449999999905e-02 2.192284590000000046e-04
-1.717553470000000165e-02 2.186299530000000105e-04
-1.705615409999999832e-02 2.200251180000000113e-04
-1.693769919999999971e-02 2.196656420000000012e-04
-1.681839669999999828e-02 2.172926619999999899e-04
-1.669872179999999998e-02 2.169534560000000020e-04
-1.657923310000000011e-02 2.163216850000000051e-04
-1.645972949999999907e-02 2.161027660000000008e-04
-1.634004530000000149e-02 2.159956060000000125e-04
-1.622216220000000098e-02 2.148895440000000035e-04
-1.610648259999999943e-02 2.146570039999999991e-04
-1.599146799999999827e-02 2.141743030000000086e-04
-1.587620940000000064e-02 2.124265159999999867e-04
-1.575950350000000083e-02 2.123701270000000088e-04
-1.564181779999999911e-02 2.106248870000000011e-04
-1.552552360000000048e-02 2.094454250000000073e-04
-1.541024069999999933e-02 2.086271120000000065e-04
-1.529511809999999951e-02 2.082488059999999938e-04
-1.518205270000000037e-02 2.098182740000000056e-04
-1.506995499999999946e-02 2.098015390000000072e-04
-1.495715230000000014e-02 2.085788869999999871e-04
-1.484421359999999954e-02 2.082210409999999963e-04
-1.473049069999999953e-02 2.059171529999999990e-04
-1.461675200000000022e-02 2.048101310000000042e-04
-1.450492349999999916e-02 2.049565370000000031e-04
-1.439447890000000035e-02 2.044540160000000084e-04
-1.428383310000000059e-02 2.034802160000000009e-04
-1.417342570000000058e-02 2.029956669999999949e-04
-1.406370200000000084e-02 2.019997189999999884e-04
-1.395233159999999945e-02 2.026310250000000002e-04
-1.384057659999999960e-02 2.037432419999999993e-04
-1.373064700000000034e-02 2.027652229999999907e-04
-1.362090089999999989e-02 2.003947590000000091e-04
-1.351217459999999940e-02 1.992006870000000097e-04
-1.340487970000000043e-02 1.982665560000000031e-04
-1.329737440000000083e-02 1.980552479999999986e-04
-1.318854749999999985e-02 1.959982759999999978e-04
-1.307964229999999950e-02 1.953151660000000103e-04
-1.297180730000000067e-02 1.944354440000000057e-04
-1.286488489999999991e-02 1.935704789999999884e-04
-1.276003570000000011e-02 1.946303819999999898e-04
-1.265620070000000007e-02 1.941322839999999942e-04
-1.255120340000000050e-02 1.908454579999999926e-04
-1.244638019999999914e-02 1.898154009999999947e-04
-1.234159710000000063e-02 1.877174509999999922e-04
-1.223703379999999986e-02 1.868403919999999990e-04
-1.213435359999999984e-02 1.868093680000000134e-04
-1.203244550000000072e-02 1.863336370000000090e-04
-1.193155909999999917e-02 1.867192479999999974e-04
-1.183096410000000070e-02 1.864233929999999887e-04
-1.172979640000000080e-02 1.846787349999999865e-04
-1.162823200000000050e-02 1.845369700000000100e-04
-1.152677000000000042e-02 1.843135829999999968e-04
-1.142663319999999948e-02 1.834385329999999991e-04
-1.132661010000000044e-02 1.818741880000000082e-04
-1.122702570000000052e-02 1.810571850000000042e-04
-1.112914180000000065e-02 1.809195820000000126e-04
-1.103076430000000073e-02 1.811672120000000019e-04
-1.093177029999999918e-02 1.808242809999999906e-04
-1.083290389999999950e-02 1.803712369999999998e-04
-1.073419949999999956e-02 1.794153649999999942e-04
-1.063660070000000020e-02 1.786494389999999976e-04
-1.053956059999999924e-02 1.781133029999999891e-04
-1.044301970000000024e-02 1.776288119999999953e-04
-1.034671809999999914e-02 1.759895389999999995e-04
-1.025058239999999954e-02 1.752996470000000066e-04
-1.015501379999999947e-02 1.743307659999999949e-04
-1.005866839999999991e-02 1.742047020000000014e-04
-9.962922889999999837e-03 1.748837090000000122e-04
-9.868430909999999917e-03 1.746098860000000052e-04
-9.774693290000000673e-03 1.751029490000000077e-04
-9.682203639999999514e-03 1.745337070000000117e-04
-9.588577779999999523e-03 1.717049599999999939e-04
-9.494733070000000580e-03 1.708234339999999878e-04
-9.401910010000000262e-03 1.694089440000000107e-04
-9.309099059999999259e-03 1.688927440000000037e-04
-9.216672739999999184e-03 1.681021680000000039e-04
-9.125099520000000755e-03 1.670721100000000100e-04
-9.035157970000000718e-03 1.669596680000000127e-04
-8.945052510000000776e-03 1.672418580000000073e-04
-8.853898379999999152e-03 1.669008780000000064e-04
-8.763766850000000164e-03 1.661720020000000131e-04
-8.673720060000000842e-03 1.636394589999999919e-04
-8.583956400000000361e-03 1.625575239999999888e-04
-8.495554330000000195e-03 1.618250830000000104e-04
-8.407364599999999841e-03 1.612088239999999928e-04
-8.319954390000000241e-03 1.608241000000000108e-04
-8.232956749999999213e-03 1.606538279999999931e-04
-8.145403120000000233e-03 1.592574699999999889e-04
-8.057646450000000710e-03 1.588744929999999923e-04
-7.970100270000000584e-03 1.587488950000000070e-04
-7.883766670000000309e-03 1.579847589999999866e-04
-7.798231670000000011e-03 1.565760610000000135e-04
-7.713793780000000391e-03 1.554090409999999876e-04
-7.629838770000000291e-03 1.529733709999999954e-04
-7.545374799999999930e-03 1.521897209999999948e-04
-7.461643779999999927e-03 1.512676239999999870e-04
-7.378022649999999710e-03 1.510723229999999897e-04
-7.294631559999999702e-03 1.514731849999999974e-04
-7.212801369999999844e-03 1.506893900000000070e-04
-7.131858260000000296e-03 1.494047169999999892e-04
-7.051188029999999780e-03 1.487783010000000078e-04
-6.971022579999999746e-03 1.478811609999999962e-04
-6.891466209999999766e-03 1.469879939999999929e-04
-6.811810189999999848e-03 1.443718939999999961e-04
-6.732536949999999576e-03 1.433960569999999965e-04
-6.654570339999999785e-03 1.428606340000000122e-04
-6.576950199999999878e-03 1.424595979999999950e-04
-6.499812009999999737e-03 1.426774830000000110e-04
-6.423933899999999600e-03 1.420058830000000020e-04
-6.348430639999999570e-03 1.402135240000000008e-04
-6.273245900000000083e-03 1.393764540000000038e-04
-6.198378279999999796e-03 1.375802239999999934e-04
-6.123687140000000362e-03 1.366375070000000068e-04
-6.049833729999999805e-03 1.354416310000000059e-04
-5.977458320000000186e-03 1.343080219999999957e-04
-5.905902480000000017e-03 1.330197989999999870e-04
-5.834458859999999865e-03 1.324928019999999985e-04
-5.763778459999999680e-03 1.317874850000000039e-04
-5.693744869999999708e-03 1.311450319999999997e-04
-5.624097310000000273e-03 1.300056759999999954e-04
-5.555534739999999638e-03 1.289432839999999920e-04
-5.487537009999999757e-03 1.269358470000000072e-04
-5.420328579999999716e-03 1.255660030000000120e-04
-5.354397460000000220e-03 1.239113919999999922e-04
-5.288649819999999627e-03 1.233741199999999964e-04
-5.222493780000000280e-03 1.216571760000000058e-04
-5.156983619999999657e-03 1.206547390000000021e-04
-5.093109789999999623e-03 1.201276900000000045e-04
-5.030024800000000400e-03 1.194636129999999947e-04
-4.967403129999999924e-03 1.183920759999999953e-04
-4.905432000000000368e-03 1.174535940000000000e-04
-4.843914880000000332e-03 1.156209109999999996e-04
-4.783064590000000310e-03 1.147187499999999933e-04
-4.722881600000000159e-03 1.133262490000000000e-04
-4.663007329999999812e-03 1.126388519999999986e-04
-4.603570329999999954e-03 1.118762959999999938e-04
-4.544787570000000110e-03 1.112115789999999934e-04
-4.486841620000000218e-03 1.103299359999999939e-04
-4.429314749999999773e-03 1.097607239999999999e-04
-4.372191620000000223e-03 1.088538849999999970e-04
-4.315366499999999904e-03 1.081994050000000066e-04
-4.258804490000000359e-03 1.068348719999999993e-04
-4.202942359999999739e-03 1.060696380000000023e-04
-4.147501659999999583e-03 1.050391950000000019e-04
-4.092601129999999879e-03 1.043452939999999954e-04
-4.038679409999999977e-03 1.036457909999999983e-04
-3.984684120000000010e-03 1.034379170000000010e-04
-3.931084649999999625e-03 1.035212340000000005e-04
-3.877931739999999905e-03 1.031413629999999935e-04
-3.824756950000000010e-03 1.020588320000000003e-04
-3.772067139999999916e-03 1.015173980000000061e-04
-3.720083739999999976e-03 1.011899799999999971e-04
-3.668707330000000200e-03 1.007083189999999980e-04
-3.617189360000000117e-03 9.951015090000000249e-05
-3.565771269999999920e-03 9.901922749999999402e-05
-3.514961110000000034e-03 9.828872129999999859e-05
-3.464256409999999856e-03 9.796226369999999552e-05
-3.414080940000000040e-03 9.793900969999999779e-05
-3.364390459999999985e-03 9.750602479999999632e-05
-3.314984259999999815e-03 9.678272180000000119e-05
-3.265945709999999898e-03 9.643381780000000430e-05
-3.216699700000000186e-03 9.547908849999999718e-05
-3.167496530000000164e-03 9.511000829999999913e-05
-3.118697090000000210e-03 9.439306450000000217e-05
-3.070239910000000048e-03 9.392917850000000646e-05
-3.022506830000000044e-03 9.384973239999999759e-05
-2.974928119999999902e-03 9.360052349999999359e-05
-2.927468859999999944e-03 9.311168830000000028e-05
-2.880298529999999937e-03 9.288927689999999728e-05
-2.833173379999999811e-03 9.234806930000000105e-05
-2.786215390000000049e-03 9.205267999999999903e-05
-2.739193379999999792e-03 9.147057430000000175e-05
-2.692658919999999911e-03 9.096871509999999452e-05
-2.646884420000000012e-03 9.049398069999999776e-05
-2.601207229999999860e-03 9.026448239999999325e-05
-2.555587099999999823e-03 8.972192879999999501e-05
-2.509809100000000032e-03 8.949900080000000439e-05
-2.464236460000000187e-03 8.922631969999999634e-05
-2.419053579999999853e-03 8.901571710000000031e-05
-2.373788510000000070e-03 8.862766120000000174e-05
-2.328823790000000143e-03 8.830781740000000137e-05
-2.284382470000000023e-03 8.795515899999999554e-05
-2.240285739999999925e-03 8.762103239999999402e-05
-2.196367600000000055e-03 8.699128380000000144e-05
-2.152177969999999937e-03 8.680913019999999386e-05
-2.108064949999999878e-03 8.643462930000000164e-05
-2.064221309999999827e-03 8.625600459999999603e-05
-2.020572310000000055e-03 8.608459029999999989e-05
-1.977237870000000172e-03 8.583437739999999613e-05
-1.933903430000000071e-03 8.546182650000000479e-05
-1.890744200000000043e-03 8.522248390000000402e-05
-1.847965530000000075e-03 8.486789009999999860e-05
-1.805275100000000100e-03 8.468722079999999877e-05
-1.762608880000000097e-03 8.422604880000000046e-05
-1.719921940000000054e-03 8.395797340000000413e-05
-1.677567949999999924e-03 8.377111950000000506e-05
-1.635558550000000035e-03 8.361125950000000283e-05
-1.593545659999999996e-03 8.347646510000000201e-05
-1.551683639999999927e-03 8.333727600000000017e-05
-1.509896950000000045e-03 8.275984870000000599e-05
-1.468102210000000020e-03 8.255685679999999471e-05
-1.426538339999999924e-03 8.237858860000000117e-05
-1.385131150000000000e-03 8.210843949999999949e-05
-1.343935149999999929e-03 8.171235819999999542e-05
-1.303002470000000010e-03 8.152331430000000578e-05
-1.262216009999999992e-03 8.124211310000000656e-05
-1.221498010000000075e-03 8.109962800000000184e-05
-1.180710389999999922e-03 8.089332549999999993e-05
-1.140062000000000063e-03 8.073536449999999909e-05
-1.099710700000000076e-03 8.048540619999999986e-05
-1.059577450000000068e-03 8.026427530000000308e-05
-1.019564919999999941e-03 7.985154659999999481e-05
-9.794606590000001084e-04 7.964958789999999943e-05
-9.394621009999999878e-04 7.926667600000000564e-05
-8.996723339999999815e-04 7.911168360000000674e-05
-8.599962460000000171e-04 7.887092940000000317e-05
-8.205870399999999577e-04 7.862419440000000188e-05
-7.811941320000000437e-04 7.826158250000000516e-05
-7.418870230000000100e-04 7.807911609999999792e-05
-7.029233969999999776e-04 7.784853369999999659e-05
-6.641743820000000059e-04 7.763646860000000328e-05
-6.255077899999999603e-04 7.718498820000000424e-05
-5.868435260000000450e-04 7.691644710000000121e-05
-5.483358399999999511e-04 7.643380379999999423e-05
-5.101101710000000011e-04 7.619540699999999809e-05
-4.719262069999999938e-04 7.588941659999999892e-05
-4.339662260000000035e-04 7.564437690000000252e-05
-3.963171909999999758e-04 7.519483920000000373e-05
-3.588596009999999847e-04 7.491790889999999604e-05
-3.215760520000000215e-04 7.443929639999999944e-05
-2.843772240000000178e-04 7.411540720000000095e-05
-2.473431230000000167e-04 7.349287630000000493e-05
-2.108369810000000090e-04 7.305291360000000511e-05
-1.745907360000000072e-04 7.226518209999999620e-05
-1.389025860000000091e-04 7.164659470000000433e-05
-1.033757139999999985e-04 7.046425159999999781e-05
-6.892559029999999697e-05 6.939769079999999338e-05
-3.500455930000000295e-05 6.702007520000000042e-05
2.686499910000000072e-08 6.684206889999999850e-05
3.407784609999999832e-05 6.795644000000000153e-05
6.881920130000000432e-05 6.868826310000000139e-05
1.035779569999999990e-04 7.066415859999999481e-05
1.384898790000000063e-04 7.156155330000000235e-05
1.745307669999999957e-04 7.244794689999999829e-05
2.108142069999999907e-04 7.291379729999999970e-05
2.472891059999999933e-04 7.361543979999999948e-05
2.839983789999999905e-04 7.400895269999999897e-05
3.210615829999999824e-04 7.451092099999999580e-05
3.584659430000000039e-04 7.479443590000000360e-05
3.960605830000000008e-04 7.526264380000000391e-05
4.336320269999999850e-04 7.551914309999999586e-05
4.715794060000000234e-04 7.589198500000000349e-05
5.096138340000000433e-04 7.607894079999999654e-05
5.475820510000000297e-04 7.642195119999999693e-05
5.857696519999999784e-04 7.667728640000000002e-05
6.241347290000000530e-04 7.709005879999999359e-05
6.628769330000000267e-04 7.735956749999999818e-05
7.017907919999999671e-04 7.782008469999999458e-05
7.406026119999999753e-04 7.803001060000000033e-05
7.795756679999999491e-04 7.834398999999999324e-05
8.185975019999999552e-04 7.848648969999999926e-05
8.578873240000000006e-04 7.873326829999999438e-05
8.973535150000000417e-04 7.892827849999999902e-05
9.368232569999999882e-04 7.916664619999999760e-05
9.767013829999999456e-04 7.938939960000000284e-05
1.016675729999999989e-03 7.984618420000000078e-05
1.056489999999999990e-03 8.002274260000000672e-05
1.096364689999999907e-03 8.041183899999999472e-05
1.136336709999999925e-03 8.061064729999999361e-05
1.176697549999999957e-03 8.082092239999999722e-05
1.217174340000000063e-03 8.096649249999999414e-05
1.257694090000000030e-03 8.099362460000000526e-05
1.298407670000000045e-03 8.111989879999999633e-05
1.339180279999999893e-03 8.137182889999999337e-05
1.380254750000000068e-03 8.153234380000000251e-05
1.421232819999999897e-03 8.213710679999999928e-05
1.462046060000000026e-03 8.236719439999999636e-05
1.503337410000000086e-03 8.252208500000000630e-05
1.544910719999999975e-03 8.274750139999999591e-05
1.586460860000000073e-03 8.310020350000000059e-05
1.628080500000000019e-03 8.326903480000000441e-05
1.669875460000000032e-03 8.344538950000000030e-05
1.711920949999999912e-03 8.354536109999999966e-05
1.753904969999999950e-03 8.392470040000000618e-05
1.795972579999999914e-03 8.422499380000000120e-05
1.838302360000000071e-03 8.462179540000000293e-05
1.880811989999999975e-03 8.487273590000000501e-05
1.923695320000000028e-03 8.526902820000000621e-05
1.966599380000000081e-03 8.542499559999999878e-05
2.009352670000000198e-03 8.578738930000000273e-05
2.052308059999999844e-03 8.592197260000000139e-05
2.095402450000000052e-03 8.606284249999999829e-05
2.138606969999999954e-03 8.629640799999999785e-05
2.182078550000000026e-03 8.650058589999999993e-05
2.225803210000000185e-03 8.672580589999999369e-05
2.269792139999999951e-03 8.723924110000000028e-05
2.314106099999999836e-03 8.762048669999999528e-05
2.358341119999999864e-03 8.848091970000000175e-05
2.402438079999999910e-03 8.870765299999999580e-05
2.446654490000000140e-03 8.913786590000000122e-05
2.491155169999999860e-03 8.934178909999999376e-05
2.535999289999999861e-03 8.933487700000000123e-05
2.581086010000000191e-03 8.959902329999999823e-05
2.626553179999999935e-03 9.003809099999999642e-05
2.672048289999999927e-03 9.021395090000000161e-05
2.717276570000000131e-03 9.080694139999999815e-05
2.762849439999999924e-03 9.122762279999999341e-05
2.808714520000000006e-03 9.190783750000000043e-05
2.854952119999999965e-03 9.225039679999999542e-05
2.901685419999999824e-03 9.237574700000000588e-05
2.948325590000000149e-03 9.249044519999999759e-05
2.995098240000000200e-03 9.258868519999999887e-05
3.041903260000000143e-03 9.264360410000000443e-05
3.088744359999999901e-03 9.308664449999999580e-05
3.136052979999999837e-03 9.352815689999999411e-05
3.183482210000000093e-03 9.420060810000000081e-05
3.231419719999999857e-03 9.461826989999999463e-05
3.279709960000000077e-03 9.519014569999999958e-05
3.328048860000000150e-03 9.555368890000000466e-05
3.376513250000000126e-03 9.635307649999999644e-05
3.425011180000000089e-03 9.666170809999999661e-05
3.474208759999999896e-03 9.671867880000000557e-05
3.523601219999999892e-03 9.685740220000000071e-05
3.572862600000000204e-03 9.709382719999999905e-05
3.622759829999999855e-03 9.756124930000000591e-05
3.672744150000000190e-03 9.871429939999999475e-05
3.723027649999999852e-03 9.917307760000000096e-05
3.773690670000000042e-03 9.981466429999999457e-05
3.824331800000000097e-03 1.001670899999999978e-04
3.875332420000000052e-03 1.009266130000000059e-04
3.926794980000000365e-03 1.014793089999999938e-04
3.978785129999999788e-03 1.017506150000000023e-04
4.031151529999999795e-03 1.020743219999999997e-04
4.083622250000000162e-03 1.027990950000000028e-04
4.136715079999999690e-03 1.032913860000000001e-04
4.189944830000000286e-03 1.044309099999999972e-04
4.243253259999999610e-03 1.050287099999999934e-04
4.296955189999999980e-03 1.064336540000000047e-04
4.350943490000000122e-03 1.071141889999999950e-04
4.405709449999999777e-03 1.073041059999999978e-04
4.461187400000000275e-03 1.078008350000000021e-04
4.516504699999999983e-03 1.094499970000000025e-04
4.572082310000000378e-03 1.100494480000000018e-04
4.628353289999999690e-03 1.105596530000000027e-04
4.684769079999999766e-03 1.109795049999999972e-04
4.741646349999999871e-03 1.113763140000000046e-04
4.799784159999999876e-03 1.122744070000000028e-04
4.858658650000000079e-03 1.139680610000000041e-04
4.917644429999999678e-03 1.146493959999999961e-04
4.976702389999999691e-03 1.159884850000000015e-04
5.035715639999999681e-03 1.164440470000000004e-04
5.094909570000000221e-03 1.174091229999999966e-04
5.155511669999999699e-03 1.184396099999999975e-04
5.217119590000000341e-03 1.196252709999999953e-04
5.278957540000000365e-03 1.203502830000000056e-04
5.342056510000000105e-03 1.207168829999999963e-04
5.405750590000000209e-03 1.212106000000000012e-04
5.469085180000000414e-03 1.227202299999999931e-04
5.533330609999999664e-03 1.238113470000000069e-04
5.598329009999999939e-03 1.255845269999999905e-04
5.664304359999999643e-03 1.266342009999999905e-04
5.731370769999999913e-03 1.277367989999999903e-04
5.798862779999999599e-03 1.285598119999999947e-04
5.867048169999999896e-03 1.301761079999999972e-04
5.936109000000000177e-03 1.312900419999999931e-04
6.005753299999999628e-03 1.329120709999999914e-04
6.075344049999999683e-03 1.334639090000000060e-04
6.145450289999999927e-03 1.341363530000000035e-04
6.217535589999999973e-03 1.353789559999999921e-04
6.290350109999999668e-03 1.376224969999999975e-04
6.363808179999999592e-03 1.389988319999999956e-04
6.438320969999999574e-03 1.410618279999999950e-04
6.512825839999999977e-03 1.418014440000000078e-04
6.588139110000000229e-03 1.430431290000000054e-04
6.664038639999999777e-03 1.438488400000000002e-04
6.740021520000000210e-03 1.453991569999999909e-04
6.817321290000000027e-03 1.465446399999999888e-04
6.896225740000000264e-03 1.470638239999999986e-04
6.975537629999999621e-03 1.476915199999999883e-04
7.054556160000000249e-03 1.499182540000000119e-04
7.133946749999999989e-03 1.509449359999999972e-04
7.214097309999999673e-03 1.531019369999999931e-04
7.294416429999999764e-03 1.539870280000000115e-04
7.375887599999999579e-03 1.539366350000000085e-04
7.458587180000000177e-03 1.546573039999999983e-04
7.541785950000000176e-03 1.558258659999999885e-04
7.625725120000000253e-03 1.564729900000000036e-04
7.709359279999999578e-03 1.587896700000000067e-04
7.792344320000000116e-03 1.594465580000000110e-04
7.876445540000000592e-03 1.600115359999999961e-04
7.962152360000000414e-03 1.611855699999999950e-04
8.048092950000000287e-03 1.634412910000000122e-04
8.134585810000000833e-03 1.645854349999999937e-04
8.222494270000000119e-03 1.653993529999999920e-04
8.310786449999999631e-03 1.656927339999999930e-04
8.399096320000000448e-03 1.664942249999999907e-04
8.487240409999999291e-03 1.669064219999999985e-04
8.575815710000000286e-03 1.673321240000000092e-04
8.665442469999999620e-03 1.681155259999999978e-04
8.756000550000000299e-03 1.693727389999999920e-04
8.846664799999999149e-03 1.698985579999999984e-04
8.937176320000000257e-03 1.709605280000000074e-04
9.028622879999999989e-03 1.716650729999999968e-04
9.120353499999999183e-03 1.731617519999999947e-04
9.211507630000000807e-03 1.735871630000000027e-04
9.303847330000000054e-03 1.727993369999999919e-04
9.396610780000000038e-03 1.727687489999999988e-04
9.489761669999999261e-03 1.726819610000000045e-04
9.583950040000000642e-03 1.732834640000000036e-04
9.677588009999999949e-03 1.752058600000000064e-04
9.771013630000000352e-03 1.757702560000000132e-04
9.864796880000000281e-03 1.767411449999999973e-04
9.959496559999999471e-03 1.773943799999999887e-04
1.005500739999999962e-02 1.778759470000000110e-04
1.015093549999999956e-02 1.785377099999999973e-04
1.024804170000000007e-02 1.790813109999999926e-04
1.034438049999999998e-02 1.788260420000000069e-04
1.043991369999999926e-02 1.787698420000000056e-04
1.053650960000000053e-02 1.793886620000000086e-04
1.063338110000000038e-02 1.806463550000000093e-04
1.073205470000000022e-02 1.819267489999999948e-04
1.083157029999999924e-02 1.840977060000000074e-04
1.093071510000000017e-02 1.849012619999999938e-04
1.103094590000000021e-02 1.860169869999999889e-04
1.113045030000000060e-02 1.859924670000000083e-04
1.122866380000000011e-02 1.873625589999999884e-04
1.132721079999999929e-02 1.880567139999999964e-04
1.142721810000000074e-02 1.875450979999999956e-04
1.152873599999999950e-02 1.880057239999999936e-04
1.163060399999999925e-02 1.887243710000000127e-04
1.173270310000000018e-02 1.893736189999999976e-04
1.183446399999999940e-02 1.917332850000000018e-04
1.193230600000000016e-02 1.902366779999999872e-04
1.202751600000000025e-02 1.911795550000000121e-04
1.212611419999999954e-02 1.935566690000000117e-04
1.222874040000000023e-02 1.927098060000000058e-04
1.233215439999999982e-02 1.928779530000000037e-04
1.243551080000000059e-02 1.934399620000000074e-04
1.253899370000000069e-02 1.934492760000000057e-04
1.264184710000000079e-02 1.945441470000000084e-04
1.274477499999999985e-02 1.952441089999999875e-04
1.284876190000000008e-02 1.961588280000000132e-04
1.295344160000000064e-02 1.969131840000000000e-04
1.305874620000000048e-02 1.972096939999999935e-04
1.316510790000000042e-02 1.979519880000000121e-04
1.327191760000000047e-02 1.992659240000000049e-04
1.337878590000000055e-02 1.994966439999999903e-04
1.348545309999999928e-02 2.004945710000000038e-04
1.359231489999999931e-02 2.012390320000000100e-04
1.370049729999999952e-02 2.018611409999999896e-04
1.380967160000000013e-02 2.026914589999999968e-04
1.391951649999999957e-02 2.030984470000000020e-04
1.403051060000000058e-02 2.039363170000000009e-04
1.414115170000000005e-02 2.068548060000000000e-04
1.425171180000000051e-02 2.075673840000000106e-04
1.436286980000000060e-02 2.085682790000000094e-04
1.447378009999999993e-02 2.090590279999999883e-04
1.458595969999999971e-02 2.083116409999999916e-04
1.469952610000000055e-02 2.088733020000000035e-04
1.481454909999999937e-02 2.087864849999999895e-04
1.492952460000000064e-02 2.087405009999999874e-04
1.504275759999999969e-02 2.107094039999999897e-04
1.515543830000000078e-02 2.107929030000000074e-04
1.526775210000000035e-02 2.116576220000000047e-04
1.538015250000000084e-02 2.123041050000000062e-04
1.549438849999999930e-02 2.110463100000000065e-04
1.561099659999999958e-02 2.120132270000000055e-04
1.572823710000000041e-02 2.144410829999999959e-04
1.584437680000000057e-02 2.146703769999999873e-04
1.595963540000000166e-02 2.159494029999999910e-04
1.607475239999999958e-02 2.163240419999999924e-04
1.619041900000000103e-02 2.164461330000000047e-04
1.630807849999999989e-02 2.173846589999999868e-04
1.642694509999999969e-02 2.180110019999999889e-04
1.654596070000000085e-02 2.186171480000000025e-04
1.666507680000000116e-02 2.209538800000000042e-04
1.678395640000000105e-02 2.216674910000000071e-04
1.690220270000000052e-02 2.238553570000000005e-04
1.701984549999999846e-02 2.242795309999999910e-04
1.713882010000000039e-02 2.232330880000000096e-04
1.726010999999999865e-02 2.239352760000000117e-04
1.738235910000000134e-02 2.243173370000000092e-04
1.750490630000000117e-02 2.249325039999999993e-04
1.762705670000000099e-02 2.272940760000000040e-04
1.774875260000000066e-02 2.278738100000000076e-04
1.787092540000000118e-02 2.295466549999999992e-04
1.799250020000000075e-02 2.298017789999999951e-04
1.811463760000000048e-02 2.286894310000000044e-04
1.823891139999999841e-02 2.292524730000000005e-04
1.836382599999999976e-02 2.297764439999999914e-04
1.848801040000000104e-02 2.298334439999999944e-04
1.861240529999999907e-02 2.296407769999999889e-04
1.873653009999999910e-02 2.294093139999999907e-04
1.885988749999999853e-02 2.309015400000000010e-04
1.898478530000000108e-02 2.323764059999999896e-04
1.911099629999999869e-02 2.333899610000000067e-04
1.923861730000000006e-02 2.346031690000000057e-04
1.936699080000000087e-02 2.367193369999999897e-04
1.949582990000000085e-02 2.374297039999999988e-04
1.962389419999999857e-02 2.407187860000000118e-04
1.975103099999999876e-02 2.416676000000000035e-04
1.988114980000000101e-02 2.402369859999999989e-04
2.001519870000000034e-02 2.420953390000000062e-04
2.014903720000000079e-02 2.466746080000000135e-04
2.033266049999999867e-02 2.782570369999999766e-04
2.051799190000000092e-02 3.631334399999999979e-04
2.069248630000000005e-02 3.866305049999999911e-04
2.090743930000000042e-02 3.844133169999999875e-04
2.111198939999999954e-02 3.778965909999999848e-04
2.132157800000000075e-02 3.527369989999999981e-04
2.153328430000000029e-02 3.449600189999999823e-04
2.172762899999999830e-02 3.509113450000000056e-04
2.191244620000000129e-02 3.473240360000000022e-04
2.209799360000000087e-02 3.361364649999999937e-04
2.228253150000000099e-02 3.310410250000000261e-04
2.246356570000000025e-02 3.228216959999999748e-04
2.264533939999999884e-02 3.207439729999999765e-04
2.282344919999999833e-02 3.210733989999999850e-04
2.300633679999999903e-02 3.240561640000000246e-04
2.318994510000000134e-02 3.323627460000000010e-04
2.337013740000000103e-02 3.333321069999999921e-04
2.354947480000000107e-02 3.361653359999999899e-04
2.372737969999999877e-02 3.363243890000000048e-04
2.391131780000000165e-02 3.266910500000000102e-04
2.410065379999999993e-02 3.260047230000000023e-04
2.428427149999999937e-02 3.336921510000000093e-04
2.446583659999999882e-02 3.356676610000000117e-04
2.465184029999999832e-02 3.350109910000000036e-04
2.483889090000000049e-02 3.354275249999999747e-04
2.502301889999999918e-02 3.401598659999999891e-04
2.520829249999999994e-02 3.425528119999999904e-04
2.539684060000000146e-02 3.437271809999999789e-04
2.558663109999999991e-02 3.444106839999999952e-04
2.577855999999999898e-02 3.428108470000000097e-04
2.596827780000000169e-02 3.413684609999999894e-04
2.615802550000000115e-02 3.385692540000000052e-04
2.634213120000000047e-02 3.341913400000000095e-04
2.652090600000000034e-02 3.296023930000000217e-04
2.671141360000000090e-02 3.350035690000000075e-04
2.691375650000000022e-02 3.302363040000000057e-04
2.710478380000000062e-02 3.212664450000000211e-04
2.728257699999999883e-02 3.185263780000000271e-04
2.747598290000000110e-02 3.273203040000000085e-04
2.767987179999999853e-02 3.342855490000000039e-04
2.786404639999999835e-02 3.249876320000000198e-04
2.803827450000000165e-02 3.168963590000000254e-04
2.820883130000000072e-02 3.117831069999999990e-04
2.837588270000000051e-02 3.021866140000000096e-04
2.853979170000000079e-02 2.968419289999999736e-04
2.869858780000000137e-02 2.905340520000000161e-04
2.885460670000000033e-02 2.861977549999999895e-04
2.900703810000000021e-02 2.801961960000000015e-04
2.915660850000000026e-02 2.767018450000000040e-04
2.930325640000000162e-02 2.728801629999999751e-04
2.944927290000000017e-02 2.711321290000000186e-04
2.959411220000000148e-02 2.671846309999999810e-04
2.973753399999999950e-02 2.649124070000000142e-04
2.987779860000000162e-02 2.638755830000000051e-04
3.001456339999999945e-02 2.610413070000000167e-04
3.014994039999999847e-02 2.555238319999999955e-04
3.028382920000000089e-02 2.529943009999999735e-04
3.041610310000000122e-02 2.495896479999999977e-04
3.054860980000000115e-02 2.485085859999999758e-04
3.067993000000000109e-02 2.465261200000000126e-04
3.081012140000000121e-02 2.451357140000000236e-04
3.093777220000000147e-02 2.455194479999999770e-04
3.106471150000000153e-02 2.448927259999999985e-04
3.119059470000000098e-02 2.449264279999999899e-04
3.131487589999999710e-02 2.443112610000000269e-04
3.144047039999999654e-02 2.404279659999999962e-04
3.156596789999999847e-02 2.389682340000000066e-04
3.169123079999999759e-02 2.361901859999999888e-04
3.181493280000000090e-02 2.342552620000000094e-04
3.193560620000000100e-02 2.330208230000000065e-04
3.205471490000000312e-02 2.313195729999999997e-04
3.217230740000000255e-02 2.291392589999999979e-04
3.229107340000000187e-02 2.293700379999999916e-04
3.240993250000000214e-02 2.298612229999999902e-04
3.252765910000000177e-02 2.293614380000000134e-04
3.264568369999999720e-02 2.283335930000000131e-04
3.276225180000000292e-02 2.270890839999999968e-04
3.287765379999999654e-02 2.247035150000000088e-04
3.299247470000000321e-02 2.234972779999999919e-04
3.310671450000000210e-02 2.211252719999999919e-04
3.322360290000000299e-02 2.215580900000000016e-04
3.334052120000000063e-02 2.227263179999999982e-04
3.345546499999999673e-02 2.222605979999999989e-04
3.356960419999999862e-02 2.231368849999999869e-04
3.368300199999999661e-02 2.230093520000000086e-04
3.379574789999999912e-02 2.228911469999999998e-04
3.390822190000000041e-02 2.226846409999999978e-04
3.402225300000000230e-02 2.195083940000000110e-04
3.413756939999999795e-02 2.188338109999999953e-04
3.425240890000000316e-02 2.177770369999999865e-04
3.436683489999999702e-02 2.174440890000000107e-04
3.447944299999999851e-02 2.195417329999999891e-04
3.459060559999999757e-02 2.194332919999999966e-04
3.470256919999999828e-02 2.186211199999999876e-04
3.481550139999999710e-02 2.189124639999999965e-04
3.492850069999999668e-02 2.187787319999999871e-04
3.504141790000000339e-02 2.183824109999999948e-04
3.515487910000000132e-02 2.163908649999999928e-04
3.526607159999999713e-02 2.146058099999999984e-04
3.537474200000000069e-02 2.138430279999999886e-04
3.548446670000000164e-02 2.141982259999999894e-04
3.559453790000000062e-02 2.154100079999999944e-04
3.570580109999999668e-02 2.165650660000000048e-04
3.581774979999999969e-02 2.178052959999999887e-04
3.592874110000000148e-02 2.176762209999999920e-04
3.604031349999999717e-02 2.163507310000000068e-04
3.615060080000000176e-02 2.148089840000000058e-04
3.625835110000000250e-02 2.147707860000000089e-04
3.636505830000000272e-02 2.144260220000000034e-04
3.647345300000000290e-02 2.114565719999999941e-04
3.658396750000000169e-02 2.116596729999999950e-04
3.669379650000000048e-02 2.125588649999999929e-04
3.680399060000000278e-02 2.131030339999999954e-04
3.691285849999999952e-02 2.168353970000000061e-04
3.701974079999999917e-02 2.166935449999999978e-04
3.712718930000000195e-02 2.153569079999999932e-04
3.723419459999999931e-02 2.149029899999999982e-04
3.734249989999999936e-02 2.122785370000000119e-04
3.745230289999999795e-02 2.122324510000000108e-04
3.756191949999999891e-02 2.116007529999999932e-04
3.767075019999999858e-02 2.109010090000000104e-04
3.777759890000000065e-02 2.122711009999999905e-04
3.788493569999999699e-02 2.127673939999999886e-04
3.799199310000000301e-02 2.146091720000000086e-04
3.809867799999999693e-02 2.153397510000000005e-04
3.820773959999999858e-02 2.134212260000000068e-04
3.831679000000000335e-02 2.127239999999999914e-04
3.842632099999999939e-02 2.107852920000000076e-04
3.853509950000000295e-02 2.096375389999999999e-04
3.864128890000000094e-02 2.099689450000000114e-04
3.874901310000000015e-02 2.110147320000000119e-04
3.885748609999999797e-02 2.126755129999999890e-04
3.896644710000000261e-02 2.132731170000000094e-04
3.907642509999999930e-02 2.132427470000000126e-04
3.918592259999999911e-02 2.132330259999999872e-04
3.929478680000000196e-02 2.150734220000000000e-04
3.940138220000000135e-02 2.143780879999999868e-04
3.950845819999999897e-02 2.108316980000000040e-04
3.961622709999999825e-02 2.099708219999999923e-04
3.972371300000000077e-02 2.080503620000000056e-04
3.983391449999999778e-02 2.087001049999999912e-04
3.994353860000000173e-02 2.114674570000000034e-04
4.005115110000000145e-02 2.115390670000000120e-04
4.015859959999999729e-02 2.128083870000000116e-04
4.026581349999999726e-02 2.131258079999999867e-04
4.037312789999999985e-02 2.130308280000000102e-04
4.048082979999999970e-02 2.132296650000000001e-04
4.059024900000000186e-02 2.109119380000000065e-04
4.069979490000000255e-02 2.098646069999999956e-04
4.080805180000000171e-02 2.091203060000000006e-04
4.091616719999999902e-02 2.090507909999999962e-04
4.102251309999999790e-02 2.117995030000000055e-04
4.112906749999999806e-02 2.129179629999999955e-04
4.123699289999999823e-02 2.145529289999999895e-04
4.134496669999999929e-02 2.151735970000000079e-04
4.145493360000000044e-02 2.127570479999999940e-04
4.156484829999999853e-02 2.115663809999999956e-04
4.167236020000000124e-02 2.122767470000000087e-04
4.177819559999999821e-02 2.118158879999999930e-04
4.188386350000000008e-02 2.108180630000000056e-04
4.199048130000000018e-02 2.110265780000000031e-04
4.209785540000000187e-02 2.111415519999999932e-04
4.220748690000000053e-02 2.125441099999999975e-04
4.231742770000000015e-02 2.151273509999999955e-04
4.242554309999999745e-02 2.149606149999999975e-04
4.253299530000000106e-02 2.156040139999999892e-04
4.263898359999999943e-02 2.146650080000000007e-04
4.274475199999999697e-02 2.124213789999999946e-04
4.285166039999999815e-02 2.125854229999999886e-04
4.296056179999999808e-02 2.105191380000000125e-04
4.307064790000000171e-02 2.104910960000000106e-04
4.317956790000000017e-02 2.115569220000000075e-04
4.328770939999999900e-02 2.114746019999999950e-04
4.339355980000000196e-02 2.150810759999999906e-04
4.349882530000000191e-02 2.157385019999999865e-04
4.360643399999999947e-02 2.136679539999999954e-04
4.371378940000000130e-02 2.130666689999999926e-04
4.382241890000000001e-02 2.092931539999999980e-04
4.393152890000000255e-02 2.082212890000000082e-04
4.403920840000000170e-02 2.084085430000000131e-04
4.414695870000000244e-02 2.085215239999999980e-04
4.425264150000000202e-02 2.114904489999999910e-04
4.435715820000000337e-02 2.115728129999999902e-04
4.446283730000000212e-02 2.098709810000000051e-04
4.457014799999999694e-02 2.105216119999999932e-04
4.467868430000000030e-02 2.102865840000000099e-04
4.478621110000000072e-02 2.095984089999999866e-04
4.489323499999999662e-02 2.093163349999999892e-04
4.499915609999999982e-02 2.085543530000000083e-04
4.510349040000000143e-02 2.082907889999999912e-04
4.520858450000000278e-02 2.086535680000000032e-04
4.531263189999999719e-02 2.114092929999999895e-04
4.541638490000000222e-02 2.119364219999999926e-04
4.552287239999999735e-02 2.088460310000000107e-04
4.563101380000000179e-02 2.090086780000000033e-04
4.573729630000000074e-02 2.133451049999999984e-04
4.584119100000000335e-02 2.134722739999999946e-04
4.594635589999999936e-02 2.108929180000000041e-04
4.605290289999999787e-02 2.107931649999999905e-04
4.615953190000000178e-02 2.103804149999999968e-04
4.626692830000000284e-02 2.104065350000000080e-04
4.637456689999999715e-02 2.100888669999999899e-04
4.648222770000000337e-02 2.102737640000000075e-04
4.658899460000000270e-02 2.130719080000000108e-04
4.669435319999999667e-02 2.132355289999999875e-04
4.680064319999999861e-02 2.113364029999999997e-04
4.690845679999999795e-02 2.115715029999999934e-04
4.701633749999999806e-02 2.121199500000000052e-04
4.712415860000000040e-02 2.119937269999999966e-04
4.723218459999999758e-02 2.113109949999999895e-04
4.733958469999999946e-02 2.109766500000000123e-04
4.744558410000000032e-02 2.123789159999999907e-04
4.755059259999999677e-02 2.122934090000000006e-04
4.765699059999999737e-02 2.105409509999999948e-04
4.776587709999999959e-02 2.114037629999999956e-04
4.787505050000000206e-02 2.125200260000000094e-04
4.798316579999999804e-02 2.122877189999999956e-04
4.808999600000000291e-02 2.137915139999999926e-04
4.819598049999999911e-02 2.135335959999999937e-04
4.830256849999999685e-02 2.118126869999999900e-04
4.840896649999999746e-02 2.113685190000000129e-04
4.851616549999999972e-02 2.095934180000000075e-04
4.862574859999999749e-02 2.103882870000000108e-04
4.873540999999999984e-02 2.116634420000000052e-04
4.884320119999999849e-02 2.109986090000000075e-04
4.894844069999999825e-02 2.134132369999999996e-04
4.905339699999999858e-02 2.138212150000000063e-04
4.915978010000000148e-02 2.125787869999999961e-04
4.926675560000000342e-02 2.127797049999999919e-04
4.937617109999999782e-02 2.100746349999999918e-04
