-4.893393070000000289e-02 2.403192190000000067e-04
-4.886820540000000324e-02 2.191055249999999998e-04
-4.878654699999999955e-02 2.207654759999999865e-04
-4.870035870000000155e-02 2.177364800000000102e-04
-4.861193149999999685e-02 2.182980819999999868e-04
-4.852047939999999671e-02 2.156633129999999945e-04
-4.842577130000000341e-02 2.166456980000000131e-04
-4.832909999999999984e-02 2.153145030000000015e-04
-4.823039469999999829e-02 2.160594889999999969e-04
-4.813004659999999685e-02 2.153832320000000024e-04
-4.802985860000000273e-02 2.147567720000000070e-04
-4.793014749999999907e-02 2.137885749999999998e-04
-4.783074190000000114e-02 2.135522810000000066e-04
-4.773073270000000035e-02 2.118978589999999905e-04
-4.762807489999999755e-02 2.128868949999999959e-04
-4.752355070000000015e-02 2.133334929999999938e-04
-4.741951080000000179e-02 2.132016379999999924e-04
-4.731579119999999861e-02 2.125719330000000072e-04
-4.721276089999999759e-02 2.119315610000000090e-04
-4.711126909999999862e-02 2.127240589999999996e-04
-4.700916260000000124e-02 2.130910870000000013e-04
-4.690591250000000073e-02 2.121851139999999939e-04
-4.680280390000000207e-02 2.120613940000000126e-04
-4.669781030000000333e-02 2.093691149999999952e-04
-4.659112170000000164e-02 2.094159860000000038e-04
-4.648571089999999767e-02 2.108885820000000097e-04
-4.638234150000000028e-02 2.101917050000000093e-04
-4.628004129999999799e-02 2.100386050000000056e-04
-4.617603120000000200e-02 2.107233450000000122e-04
-4.607017709999999822e-02 2.095480009999999894e-04
-4.596333579999999780e-02 2.100004789999999921e-04
-4.585692660000000032e-02 2.119650160000000115e-04
-4.575206340000000094e-02 2.117439870000000087e-04
-4.564708469999999990e-02 2.117318650000000091e-04
-4.554309320000000244e-02 2.111323700000000095e-04
-4.544015600000000238e-02 2.104251179999999948e-04
-4.533532629999999924e-02 2.113061350000000019e-04
-4.522826900000000150e-02 2.100311389999999956e-04
-4.511931169999999769e-02 2.104245069999999967e-04
-4.501037670000000018e-02 2.115656679999999986e-04
-4.490366949999999996e-02 2.109297059999999972e-04
-4.479925330000000122e-02 2.137898550000000080e-04
-4.469491540000000013e-02 2.147753689999999920e-04
-4.458882289999999832e-02 2.137871490000000057e-04
-4.448175430000000236e-02 2.140194260000000039e-04
-4.437316580000000288e-02 2.121301510000000101e-04
-4.426495729999999768e-02 2.109325139999999985e-04
-4.415921119999999950e-02 2.117067919999999885e-04
-4.405435170000000095e-02 2.117394760000000089e-04
-4.394919430000000099e-02 2.113311640000000086e-04
-4.384312779999999937e-02 2.117273249999999897e-04
-4.373587300000000150e-02 2.116500980000000096e-04
-4.362704979999999788e-02 2.125667959999999880e-04
-4.351776090000000069e-02 2.135278769999999961e-04
-4.340959710000000249e-02 2.131986109999999988e-04
-4.330227150000000302e-02 2.136907570000000063e-04
-4.319644350000000077e-02 2.126807520000000072e-04
-4.309148709999999910e-02 2.113297810000000054e-04
-4.298531640000000098e-02 2.118593839999999891e-04
-4.287848620000000305e-02 2.130379289999999879e-04
-4.277131709999999754e-02 2.136690160000000074e-04
-4.266219589999999812e-02 2.113554509999999987e-04
-4.255342859999999838e-02 2.103083969999999922e-04
-4.244739930000000078e-02 2.119728450000000076e-04
-4.234173150000000024e-02 2.120676949999999886e-04
-4.223524029999999735e-02 2.109681809999999985e-04
-4.212895409999999757e-02 2.107395120000000034e-04
-4.202130440000000078e-02 2.078447430000000102e-04
-4.191270839999999831e-02 2.073672509999999951e-04
-4.180477929999999731e-02 2.079337859999999929e-04
-4.169775919999999664e-02 2.075977969999999982e-04
-4.159341009999999866e-02 2.103318399999999937e-04
-4.148925469999999865e-02 2.112016949999999870e-04
-4.138362040000000130e-02 2.111533100000000107e-04
-4.127565770000000273e-02 2.122437439999999890e-04
-4.116541890000000037e-02 2.114876549999999879e-04
-4.105711730000000115e-02 2.103408330000000007e-04
-4.095026479999999691e-02 2.103567089999999892e-04
-4.084473479999999740e-02 2.095683159999999943e-04
-4.074015470000000305e-02 2.081634740000000091e-04
-4.063375670000000245e-02 2.087508330000000108e-04
-4.052738470000000204e-02 2.104230810000000027e-04
-4.041942949999999951e-02 2.116833349999999888e-04
-4.030974579999999780e-02 2.123052689999999900e-04
-4.020197689999999852e-02 2.116693209999999869e-04
-4.009554540000000167e-02 2.121334840000000006e-04
-3.998903560000000024e-02 2.123503219999999989e-04
-3.988175840000000166e-02 2.124810710000000016e-04
-3.977400059999999793e-02 2.128188060000000127e-04
-3.966520350000000278e-02 2.112163640000000008e-04
-3.955483440000000239e-02 2.115839740000000080e-04
-3.944528099999999871e-02 2.139614659999999880e-04
-3.933606299999999750e-02 2.143195160000000040e-04
-3.922754149999999745e-02 2.164683389999999888e-04
-3.912027929999999792e-02 2.167797209999999981e-04
-3.901253639999999884e-02 2.168471549999999965e-04
-3.890462959999999720e-02 2.169694929999999976e-04
-3.879499439999999771e-02 2.152454250000000128e-04
-3.868380929999999662e-02 2.155558029999999953e-04
-3.857208040000000004e-02 2.146877380000000051e-04
-3.846012060000000149e-02 2.145133479999999893e-04
-3.834911810000000282e-02 2.156216940000000063e-04
-3.823915499999999690e-02 2.151006480000000100e-04
-3.813019389999999786e-02 2.153325479999999967e-04
-3.801942619999999773e-02 2.167907369999999990e-04
-3.790625930000000171e-02 2.176633280000000103e-04
-3.779286149999999678e-02 2.181227029999999927e-04
-3.767983989999999783e-02 2.191981040000000021e-04
-3.756755590000000061e-02 2.191430099999999996e-04
-3.745668380000000131e-02 2.213461560000000048e-04
-3.734597559999999761e-02 2.217376899999999888e-04
-3.723364700000000166e-02 2.201307799999999951e-04
-3.711961209999999761e-02 2.208737569999999950e-04
-3.700431440000000183e-02 2.208352089999999872e-04
-3.688989580000000268e-02 2.202937900000000008e-04
-3.677614409999999806e-02 2.207204379999999991e-04
-3.666175900000000210e-02 2.212566760000000065e-04
-3.654836859999999882e-02 2.235586430000000089e-04
-3.643543269999999917e-02 2.241125330000000098e-04
-3.632022439999999658e-02 2.218531879999999993e-04
-3.620250149999999778e-02 2.222420879999999915e-04
-3.608569130000000014e-02 2.248544479999999978e-04
-3.596951439999999944e-02 2.257149170000000095e-04
-3.585236890000000065e-02 2.273382999999999914e-04
-3.573578220000000333e-02 2.275921720000000027e-04
-3.561986980000000219e-02 2.285610680000000087e-04
-3.550239279999999747e-02 2.298529580000000015e-04
-3.538402539999999791e-02 2.319611230000000071e-04
-3.526389230000000208e-02 2.334603050000000053e-04
-3.514151649999999738e-02 2.338945919999999999e-04
-3.501973299999999734e-02 2.340085780000000077e-04
-3.489901869999999934e-02 2.360905930000000135e-04
-3.477757420000000127e-02 2.372770099999999991e-04
-3.465444220000000325e-02 2.386612469999999998e-04
-3.452885149999999903e-02 2.406476269999999900e-04
-3.440150250000000021e-02 2.423237309999999969e-04
-3.427293520000000010e-02 2.436588550000000027e-04
-3.414368260000000266e-02 2.462262640000000263e-04
-3.401396799999999859e-02 2.470874750000000004e-04
-3.388489410000000007e-02 2.505562439999999783e-04
-3.375687079999999812e-02 2.515112280000000086e-04
-3.362534200000000251e-02 2.492670609999999838e-04
-3.349123519999999687e-02 2.500158150000000206e-04
-3.335704650000000104e-02 2.510059570000000248e-04
-3.322056310000000290e-02 2.527449689999999817e-04
-3.308446329999999852e-02 2.582189040000000199e-04
-3.294838960000000261e-02 2.598116700000000162e-04
-3.281165290000000179e-02 2.631378009999999824e-04
-3.267362709999999809e-02 2.654592389999999740e-04
-3.253274779999999755e-02 2.671502880000000031e-04
-3.238788990000000118e-02 2.701424240000000030e-04
-3.223905710000000285e-02 2.728546389999999947e-04
-3.208911789999999847e-02 2.745178940000000067e-04
-3.194047509999999729e-02 2.802495439999999876e-04
-3.178892280000000098e-02 2.840645029999999921e-04
-3.163507210000000153e-02 2.908308230000000239e-04
-3.147730979999999873e-02 2.952026839999999743e-04
-3.131530810000000137e-02 3.002944870000000006e-04
-3.115054030000000140e-02 3.041810999999999734e-04
-3.098227270000000061e-02 3.102968329999999768e-04
-3.080842829999999935e-02 3.158752220000000011e-04
-3.063429150000000073e-02 3.296830979999999822e-04
-3.045053039999999836e-02 3.404395250000000141e-04
-3.025903740000000092e-02 3.574057479999999767e-04
-3.005837839999999858e-02 3.684928520000000057e-04
-2.984746170000000115e-02 3.821971189999999853e-04
-2.963075410000000007e-02 3.910963419999999996e-04
-2.940569629999999907e-02 4.018993060000000195e-04
-2.917899560000000031e-02 4.067826380000000080e-04
-2.895132820000000107e-02 4.202810230000000131e-04
-2.873494659999999840e-02 4.183953569999999912e-04
-2.851057610000000062e-02 3.982008489999999982e-04
-2.828280440000000007e-02 3.929747039999999876e-04
-2.806060390000000154e-02 3.877585110000000010e-04
-2.783377279999999995e-02 3.881076409999999893e-04
-2.760942649999999915e-02 3.933097759999999873e-04
-2.738482509999999939e-02 3.958508019999999934e-04
-2.715965550000000103e-02 4.034411980000000104e-04
-2.693736180000000022e-02 4.044832019999999753e-04
-2.670943359999999878e-02 3.963953059999999855e-04
-2.647809309999999902e-02 3.955351999999999870e-04
-2.624971980000000149e-02 3.981026819999999898e-04
-2.602117509999999842e-02 3.985629879999999926e-04
-2.579043619999999912e-02 3.962984769999999975e-04
-2.556496490000000066e-02 3.928538939999999795e-04
-2.534139529999999974e-02 3.864634199999999781e-04
-2.511237380000000061e-02 3.874218669999999944e-04
-2.488462810000000025e-02 3.936392309999999883e-04
-2.465215700000000093e-02 3.987650269999999816e-04
-2.441509810000000100e-02 4.037875040000000072e-04
-2.417844530000000033e-02 4.053507580000000206e-04
-2.394013290000000099e-02 4.069222199999999795e-04
-2.360453829999999836e-02 4.651793860000000020e-04
-2.326703819999999950e-02 6.235723269999999662e-04
-2.305327910000000077e-02 6.071437379999999624e-04
-2.273625690000000144e-02 3.902046880000000222e-04
-2.241778369999999909e-02 3.127860839999999998e-04
-2.222850170000000014e-02 3.138413889999999967e-04
-2.205374090000000037e-02 3.055337579999999834e-04
-2.188157290000000005e-02 2.855292409999999823e-04
-2.171273160000000008e-02 2.763276860000000090e-04
-2.155648359999999888e-02 2.717993050000000054e-04
-2.140207959999999854e-02 2.686833320000000039e-04
-2.124854179999999954e-02 2.615721309999999734e-04
-2.109786680000000011e-02 2.576493430000000246e-04
-2.095082959999999828e-02 2.537428810000000009e-04
-2.080642989999999942e-02 2.507716129999999917e-04
-2.066656019999999969e-02 2.490742189999999999e-04
-2.052767200000000028e-02 2.478723470000000241e-04
-2.038960719999999976e-02 2.459056270000000268e-04
-2.025228739999999916e-02 2.444059060000000139e-04
-2.011489119999999853e-02 2.401835809999999967e-04
-1.997988859999999881e-02 2.375528709999999942e-04
-1.984761469999999847e-02 2.347929260000000109e-04
-1.971846450000000125e-02 2.319259069999999939e-04
-1.959241739999999926e-02 2.299812910000000087e-04
-1.946704650000000147e-02 2.288856050000000100e-04
-1.934185440000000047e-02 2.252447159999999989e-04
-1.921697329999999884e-02 2.237477599999999965e-04
-1.909359539999999980e-02 2.221007600000000036e-04
-1.897180639999999918e-02 2.202458710000000056e-04
-1.885253380000000145e-02 2.193313560000000051e-04
-1.873614449999999945e-02 2.175687550000000067e-04
-1.861972549999999990e-02 2.134201200000000081e-04
-1.850199140000000075e-02 2.127231999999999897e-04
-1.838432619999999865e-02 2.100686109999999932e-04
-1.826590670000000083e-02 2.095677479999999871e-04
-1.814992910000000001e-02 2.122572040000000090e-04
-1.803526650000000092e-02 2.121392750000000087e-04
-1.792146270000000152e-02 2.132696829999999888e-04
-1.780945990000000131e-02 2.128839410000000088e-04
-1.769601180000000135e-02 2.094190710000000096e-04
-1.758102140000000063e-02 2.090930939999999889e-04
-1.746543310000000029e-02 2.079610710000000110e-04
-1.735022849999999853e-02 2.073341889999999943e-04
-1.723693680000000159e-02 2.079717090000000044e-04
-1.712539609999999893e-02 2.071485940000000010e-04
-1.701472329999999950e-02 2.063115100000000057e-04
-1.690229769999999909e-02 2.067745370000000050e-04
-1.678870249999999884e-02 2.061454139999999982e-04
-1.667527300000000087e-02 2.060953700000000101e-04
-1.656116360000000134e-02 2.055870570000000114e-04
-1.644713800000000004e-02 2.053672939999999915e-04
-1.633457469999999995e-02 2.063943099999999975e-04
-1.622256639999999916e-02 2.064291769999999958e-04
-1.611060649999999927e-02 2.066035229999999977e-04
-1.599635370000000029e-02 2.077510580000000091e-04
-1.588103550000000141e-02 2.091920609999999990e-04
-1.576528879999999910e-02 2.102457220000000055e-04
-1.564867420000000051e-02 2.117268009999999964e-04
-1.553264260000000035e-02 2.119116979999999869e-04
-1.541686899999999971e-02 2.136439289999999885e-04
-1.530198380000000018e-02 2.137460690000000051e-04
-1.518644859999999930e-02 2.121164869999999920e-04
-1.506944279999999914e-02 2.124136370000000032e-04
-1.495149919999999924e-02 2.116714899999999936e-04
-1.483147500000000021e-02 2.123536689999999877e-04
-1.471208499999999975e-02 2.153428939999999913e-04
-1.459448510000000039e-02 2.156306290000000012e-04
-1.447683760000000042e-02 2.171561649999999971e-04
-1.435844789999999975e-02 2.181652380000000070e-04
-1.423917520000000068e-02 2.186535860000000117e-04
-1.411763209999999935e-02 2.201945029999999954e-04
-1.399357239999999940e-02 2.202719920000000128e-04
-1.386808420000000021e-02 2.208448129999999923e-04
-1.374317329999999969e-02 2.234413110000000083e-04
-1.361982710000000062e-02 2.237339210000000001e-04
-1.349656379999999989e-02 2.246834770000000084e-04
-1.337078589999999949e-02 2.265329819999999984e-04
-1.324298980000000042e-02 2.291564600000000045e-04
-1.311305349999999925e-02 2.314074949999999893e-04
-1.298132450000000042e-02 2.337714689999999913e-04
-1.285107060000000023e-02 2.337352049999999915e-04
-1.272081859999999939e-02 2.336363829999999983e-04
-1.259071290000000030e-02 2.331842119999999886e-04
-1.245951279999999925e-02 2.301618520000000049e-04
-1.232959800000000064e-02 2.286119269999999928e-04
-1.219928169999999999e-02 2.244687490000000086e-04
-1.206751629999999915e-02 2.238654119999999924e-04
-1.193810070000000077e-02 2.252178969999999890e-04
-1.181125549999999941e-02 2.241590120000000127e-04
-1.168534350000000055e-02 2.227755469999999902e-04
-1.156288010000000067e-02 2.202043249999999968e-04
-1.144099240000000066e-02 2.140231230000000037e-04
-1.132214439999999940e-02 2.096791140000000013e-04
-1.120511440000000053e-02 2.007262960000000122e-04
-1.109041090000000007e-02 1.963836980000000095e-04
-1.097977529999999945e-02 1.918018529999999955e-04
-1.087229229999999922e-02 1.882692449999999928e-04
-1.076885690000000013e-02 1.844501240000000035e-04
-1.066719929999999927e-02 1.820058680000000042e-04
-1.056790999999999980e-02 1.791710530000000011e-04
-1.046892720000000034e-02 1.777179999999999949e-04
-1.037042680000000057e-02 1.745338230000000089e-04
-1.027402929999999930e-02 1.723632160000000072e-04
-1.018015300000000081e-02 1.705335599999999868e-04
-1.008746869999999941e-02 1.691594810000000002e-04
-9.995810690000000651e-03 1.676762769999999895e-04
-9.904634210000000730e-03 1.668604960000000085e-04
-9.813797659999999937e-03 1.645081500000000014e-04
-9.722336200000000761e-03 1.640372940000000060e-04
-9.632207449999999338e-03 1.649557819999999877e-04
-9.544573719999999498e-03 1.635609660000000019e-04
-9.457654319999999823e-03 1.609080060000000014e-04
-9.372398259999999495e-03 1.591745819999999963e-04
-9.287627410000000652e-03 1.557490610000000027e-04
-9.202535260000000231e-03 1.547121499999999888e-04
-9.118107150000000563e-03 1.523307440000000088e-04
-9.034533980000000394e-03 1.509593420000000048e-04
-8.952938949999999368e-03 1.504536050000000128e-04
-8.872280830000000770e-03 1.495014290000000110e-04
-8.792807349999999175e-03 1.488535199999999883e-04
-8.714630270000000775e-03 1.480438079999999888e-04
-8.636376819999999621e-03 1.456709719999999984e-04
-8.557922210000000821e-03 1.449342379999999893e-04
-8.479252459999999519e-03 1.430623380000000115e-04
-8.402355950000000781e-03 1.413288699999999925e-04
-8.327098559999999289e-03 1.386916850000000047e-04
-8.252349679999999854e-03 1.374367710000000127e-04
-8.179409429999999481e-03 1.369717359999999867e-04
-8.106457069999999793e-03 1.366225620000000116e-04
-8.033334280000000230e-03 1.353910919999999900e-04
-7.961147459999999912e-03 1.345702619999999906e-04
-7.889172059999999612e-03 1.331413079999999938e-04
-7.818009699999999701e-03 1.321432790000000084e-04
-7.747804280000000245e-03 1.304516919999999878e-04
-7.679417259999999842e-03 1.287496420000000064e-04
-7.612107790000000214e-03 1.258218110000000123e-04
-7.543559190000000136e-03 1.253379309999999895e-04
-7.475698830000000392e-03 1.251614589999999988e-04
-7.408469919999999785e-03 1.248876209999999975e-04
-7.341707129999999748e-03 1.249030320000000009e-04
-7.276094050000000112e-03 1.242198049999999930e-04
-7.210971790000000360e-03 1.236019160000000104e-04
-7.147166410000000032e-03 1.225909220000000058e-04
-7.083890489999999582e-03 1.201901539999999940e-04
-7.019808049999999577e-03 1.198106839999999975e-04
-6.955649700000000185e-03 1.186306329999999991e-04
-6.891508119999999703e-03 1.180319089999999952e-04
-6.828176319999999626e-03 1.177372540000000027e-04
-6.766154429999999935e-03 1.170046820000000056e-04
-6.705370730000000112e-03 1.174698549999999951e-04
-6.645022890000000342e-03 1.173781199999999949e-04
-6.584140470000000335e-03 1.157814769999999997e-04
-6.523363760000000337e-03 1.151432080000000009e-04
-6.462709510000000206e-03 1.135756320000000049e-04
-6.402264349999999861e-03 1.127299909999999951e-04
-6.343208250000000221e-03 1.127095240000000013e-04
-6.285428539999999599e-03 1.120895539999999991e-04
-6.227781059999999702e-03 1.105911289999999983e-04
-6.169507749999999895e-03 1.104250109999999974e-04
-6.111490070000000392e-03 1.108026119999999947e-04
-6.053646559999999698e-03 1.108376160000000012e-04
-5.995605610000000370e-03 1.101807430000000047e-04
-5.938677120000000233e-03 1.092753080000000024e-04
-5.882474129999999864e-03 1.079712530000000056e-04
-5.826566830000000190e-03 1.071770750000000059e-04
-5.771136839999999740e-03 1.057789490000000054e-04
-5.715766920000000390e-03 1.053834790000000008e-04
-5.660668479999999593e-03 1.051307039999999971e-04
-5.605841519999999953e-03 1.048791890000000003e-04
-5.551209209999999686e-03 1.041021820000000050e-04
-5.496710539999999715e-03 1.037422409999999963e-04
-5.442729690000000162e-03 1.036066020000000039e-04
-5.389632660000000068e-03 1.028856710000000040e-04
-5.337009210000000226e-03 1.016821120000000063e-04
-5.284773189999999662e-03 1.011552740000000060e-04
-5.232356020000000427e-03 9.939491429999999913e-05
-5.179360039999999880e-03 9.910647350000000141e-05
-5.126770119999999632e-03 9.935184059999999876e-05
-5.074735730000000042e-03 9.910995870000000453e-05
-5.023458039999999583e-03 9.931922249999999418e-05
-4.973031109999999713e-03 9.888324710000000238e-05
-4.922795110000000203e-03 9.799191319999999816e-05
-4.871912299999999613e-03 9.792538910000000421e-05
-4.820780830000000357e-03 9.733552719999999370e-05
-4.770520609999999613e-03 9.673293240000000414e-05
-4.720210560000000222e-03 9.533474080000000283e-05
-4.670090039999999845e-03 9.471895459999999604e-05
-4.621323200000000166e-03 9.490109369999999379e-05
-4.572747739999999915e-03 9.485156620000000191e-05
-4.524215120000000222e-03 9.478568240000000004e-05
-4.475720229999999820e-03 9.473964750000000339e-05
-4.426977599999999680e-03 9.419903650000000038e-05
-4.378684330000000291e-03 9.360651169999999698e-05
-4.330837629999999792e-03 9.271338059999999388e-05
-4.283281039999999734e-03 9.234431490000000566e-05
-4.235879980000000107e-03 9.192369909999999764e-05
-4.188763909999999695e-03 9.160177430000000483e-05
-4.141985899999999811e-03 9.091971880000000511e-05
-4.094946660000000314e-03 9.083112670000000424e-05
-4.048116509999999738e-03 9.093381960000000166e-05
-4.001715690000000152e-03 9.058883010000000281e-05
-3.955637100000000163e-03 9.017319830000000193e-05
-3.910355740000000420e-03 8.966860330000000036e-05
-3.865258070000000042e-03 8.857463399999999693e-05
-3.820053300000000006e-03 8.824380350000000331e-05
-3.774979620000000046e-03 8.787385740000000121e-05
-3.730101049999999790e-03 8.762427750000000243e-05
-3.685188710000000031e-03 8.653917760000000661e-05
-3.640370439999999954e-03 8.609204089999999553e-05
-3.596412949999999893e-03 8.628774230000000028e-05
-3.552608660000000033e-03 8.614833500000000567e-05
-3.508704709999999841e-03 8.559916019999999908e-05
-3.465180049999999796e-03 8.529056499999999711e-05
-3.421591590000000113e-03 8.464613349999999749e-05
-3.378080900000000192e-03 8.436797360000000516e-05
-3.334929930000000119e-03 8.387193519999999801e-05
-3.292129380000000192e-03 8.348269329999999508e-05
-3.250119970000000125e-03 8.372295999999999504e-05
-3.208227919999999921e-03 8.362512020000000467e-05
-3.165971489999999840e-03 8.274955330000000433e-05
-3.123754399999999990e-03 8.252366389999999383e-05
-3.081579230000000037e-03 8.196704580000000579e-05
-3.039639680000000115e-03 8.162509040000000466e-05
-2.997889179999999824e-03 8.129593330000000045e-05
-2.956457669999999933e-03 8.098642140000000497e-05
-2.915563290000000064e-03 8.071320919999999948e-05
-2.874948779999999919e-03 8.044674180000000179e-05
-2.834442070000000105e-03 7.988675500000000590e-05
-2.793637099999999891e-03 7.975518379999999800e-05
-2.752881029999999871e-03 7.947497219999999374e-05
-2.712626010000000060e-03 7.918167100000000186e-05
-2.672528850000000043e-03 7.892708529999999903e-05
-2.632659160000000095e-03 7.869903490000000406e-05
-2.593108450000000155e-03 7.829794049999999530e-05
-2.553722589999999834e-03 7.805448689999999561e-05
-2.514428459999999872e-03 7.753131649999999591e-05
-2.474837240000000039e-03 7.741551239999999690e-05
-2.435310979999999979e-03 7.720571740000000478e-05
-2.396300899999999953e-03 7.692561479999999866e-05
-2.357669169999999925e-03 7.677731629999999953e-05
-2.319314749999999876e-03 7.655768420000000677e-05
-2.280886289999999907e-03 7.611164619999999381e-05
-2.242530700000000196e-03 7.590684979999999657e-05
-2.204353689999999887e-03 7.534686300000000068e-05
-2.166204850000000206e-03 7.512852609999999336e-05
-2.128210150000000005e-03 7.477973850000000028e-05
-2.090167720000000139e-03 7.458081379999999760e-05
-2.052450319999999957e-03 7.457201719999999995e-05
-2.015191359999999807e-03 7.439548060000000448e-05
-1.977709350000000140e-03 7.381328760000000096e-05
-1.940214889999999914e-03 7.361116880000000292e-05
-1.903088060000000022e-03 7.338252180000000117e-05
-1.866086500000000044e-03 7.322487359999999999e-05
-1.829252109999999956e-03 7.306598849999999996e-05
-1.792501310000000009e-03 7.285930040000000198e-05
-1.755932580000000047e-03 7.259060660000000195e-05
-1.719636490000000075e-03 7.242935679999999384e-05
-1.683347389999999928e-03 7.199407990000000280e-05
-1.647044440000000045e-03 7.184534479999999453e-05
-1.610588280000000002e-03 7.144677510000000504e-05
-1.574365309999999941e-03 7.116334750000000348e-05
-1.538672600000000031e-03 7.098895000000000411e-05
-1.503084320000000040e-03 7.086338879999999651e-05
-1.467645750000000100e-03 7.076457399999999892e-05
-1.432164220000000081e-03 7.065854150000000478e-05
-1.396627049999999912e-03 7.027294489999999407e-05
-1.361327710000000048e-03 7.008737160000000626e-05
-1.326070049999999957e-03 6.990523249999999495e-05
-1.290985379999999919e-03 6.973574640000000278e-05
-1.256191870000000028e-03 6.948578810000000355e-05
-1.221520239999999936e-03 6.932255200000000137e-05
-1.186900770000000023e-03 6.895633119999999708e-05
-1.152224490000000080e-03 6.876499539999999578e-05
-1.117668930000000017e-03 6.843660960000000229e-05
-1.083279259999999971e-03 6.831219800000000084e-05
-1.049034529999999955e-03 6.820819539999999461e-05
-1.015028920000000077e-03 6.802748250000000094e-05
-9.809838380000000628e-04 6.771580959999999388e-05
-9.470698420000000324e-04 6.752447370000000111e-05
-9.134447900000000056e-04 6.721831600000000365e-05
-8.798846969999999735e-04 6.706903510000000517e-05
-8.463559210000000301e-04 6.670669250000000575e-05
-8.127912300000000477e-04 6.650726569999999816e-05
-7.794132689999999685e-04 6.626635149999999695e-05
-7.463161600000000262e-04 6.610163110000000057e-05
-7.133826149999999630e-04 6.591673450000000304e-05
-6.806335879999999682e-04 6.573949939999999327e-05
-6.477743149999999834e-04 6.531079269999999753e-05
-6.149753460000000537e-04 6.511973329999999767e-05
-5.824594989999999726e-04 6.481358290000000086e-05
-5.501363190000000325e-04 6.458757710000000011e-05
-5.179441649999999911e-04 6.417872650000000523e-05
-4.857578609999999930e-04 6.394107189999999514e-05
-4.538047650000000136e-04 6.367109019999999677e-05
-4.221765560000000192e-04 6.346605370000000482e-05
-3.904798940000000053e-04 6.302103430000000647e-05
-3.589468250000000258e-04 6.276197380000000557e-05
-3.277130890000000082e-04 6.230274449999999395e-05
-2.966662000000000227e-04 6.202511580000000409e-05
-2.657654700000000201e-04 6.149806719999999954e-05
-2.350991269999999872e-04 6.108464000000000406e-05
-2.047019809999999873e-04 6.038770879999999925e-05
-1.747190539999999930e-04 5.997138210000000220e-05
-1.449867409999999908e-04 5.923372369999999922e-05
-1.157231819999999942e-04 5.868673179999999936e-05
-8.658030130000000609e-05 5.758684349999999792e-05
-5.777041950000000173e-05 5.699591930000000105e-05
-2.954880259999999916e-05 5.609234359999999887e-05
-9.965027630000000796e-07 5.597449489999999886e-05
2.714389479999999920e-05 5.631114619999999933e-05
5.589924330000000085e-05 5.673255869999999925e-05
8.461398099999999458e-05 5.794955719999999715e-05
1.135143680000000045e-04 5.857654829999999673e-05
1.430424599999999952e-04 5.949704790000000281e-05
1.728119389999999980e-04 5.997448170000000247e-05
2.028633460000000123e-04 6.060628219999999669e-05
2.331886209999999894e-04 6.099839449999999686e-05
2.638295119999999982e-04 6.156048770000000024e-05
2.947755270000000042e-04 6.186161040000000462e-05
3.259142399999999731e-04 6.237473279999999800e-05
3.570598780000000267e-04 6.264790860000000528e-05
3.885327610000000216e-04 6.309986199999999810e-05
4.201889389999999844e-04 6.337323430000000625e-05
4.519251820000000255e-04 6.376081730000000250e-05
4.837322050000000036e-04 6.394289810000000011e-05
5.156865809999999642e-04 6.420257709999999617e-05
5.479809480000000016e-04 6.441235019999999990e-05
5.803796809999999971e-04 6.481944729999999477e-05
6.127239319999999842e-04 6.502103499999999537e-05
6.452538069999999570e-04 6.527144429999999498e-05
6.780065010000000444e-04 6.549526730000000078e-05
7.110179289999999600e-04 6.593461150000000544e-05
7.440641060000000202e-04 6.611428400000000114e-05
7.771195959999999472e-04 6.634876629999999923e-05
8.103805010000000343e-04 6.646591650000000526e-05
8.437167850000000047e-04 6.666466650000000399e-05
8.771041180000000402e-04 6.685721019999999804e-05
9.106190990000000282e-04 6.717889480000000467e-05
9.442721489999999617e-04 6.737769580000000291e-05
9.781596019999999093e-04 6.779520479999999471e-05
1.012123539999999983e-03 6.799202669999999450e-05
1.046045800000000060e-03 6.835247769999999821e-05
1.079992390000000064e-03 6.849689090000000188e-05
1.114111859999999911e-03 6.860928989999999484e-05
1.148629350000000089e-03 6.879495050000000245e-05
1.183312740000000028e-03 6.903336179999999486e-05
1.217854559999999916e-03 6.912789829999999524e-05
1.252605229999999899e-03 6.930420200000000518e-05
1.287506780000000029e-03 6.945863419999999551e-05
1.322235329999999929e-03 6.991403639999999324e-05
1.357046420000000047e-03 7.012751299999999788e-05
1.392111529999999963e-03 7.029611879999999474e-05
1.427514250000000038e-03 7.046344399999999390e-05
1.463055140000000089e-03 7.069752609999999462e-05
1.498469500000000057e-03 7.080179060000000603e-05
1.533962789999999922e-03 7.095974430000000623e-05
1.569582500000000092e-03 7.109250870000000057e-05
1.605378580000000038e-03 7.143687979999999572e-05
1.641334850000000008e-03 7.165761049999999513e-05
1.677310790000000095e-03 7.196767549999999502e-05
1.713722939999999919e-03 7.224256840000000410e-05
1.750318449999999993e-03 7.269955680000000356e-05
1.786626290000000068e-03 7.278992420000000136e-05
1.822976980000000011e-03 7.296905819999999394e-05
1.859363749999999984e-03 7.305525650000000272e-05
1.896125150000000075e-03 7.294623359999999617e-05
1.933327529999999926e-03 7.317219569999999806e-05
1.970507900000000121e-03 7.355977139999999366e-05
2.007770580000000152e-03 7.374883719999999880e-05
2.045009979999999963e-03 7.431276030000000320e-05
2.082417720000000194e-03 7.451500280000000569e-05
2.119831280000000154e-03 7.506518159999999850e-05
2.157268109999999940e-03 7.537868080000000200e-05
2.195343140000000082e-03 7.547188579999999664e-05
2.233554840000000121e-03 7.558821379999999747e-05
2.271751639999999850e-03 7.565022680000000016e-05
2.310183830000000094e-03 7.581417589999999936e-05
2.348479350000000007e-03 7.649825419999999640e-05
2.386960200000000105e-03 7.675113009999999807e-05
2.425664100000000153e-03 7.708105109999999378e-05
2.464429240000000094e-03 7.734102839999999323e-05
2.503395309999999901e-03 7.772819660000000437e-05
2.542519239999999937e-03 7.796245339999999550e-05
2.582022450000000160e-03 7.827632359999999378e-05
2.621566179999999802e-03 7.841453040000000130e-05
2.660979979999999936e-03 7.871877460000000111e-05
2.700733949999999974e-03 7.892465509999999518e-05
2.740617839999999993e-03 7.927927799999999817e-05
2.780536420000000175e-03 7.953508610000000357e-05
2.820675490000000129e-03 7.987795109999999406e-05
2.861298390000000143e-03 8.029154560000000137e-05
2.902271689999999949e-03 8.116181560000000346e-05
2.942967690000000171e-03 8.130998320000000252e-05
2.983676499999999947e-03 8.139331480000000334e-05
3.024707780000000096e-03 8.161725419999999939e-05
3.065820319999999939e-03 8.210366650000000305e-05
3.107200840000000179e-03 8.232727119999999751e-05
3.149080319999999870e-03 8.211812379999999811e-05
3.191237109999999974e-03 8.232040269999999881e-05
3.233432300000000162e-03 8.313030409999999507e-05
3.275606549999999888e-03 8.341113429999999951e-05
3.317666940000000078e-03 8.406613779999999874e-05
3.359889840000000131e-03 8.439960949999999334e-05
3.402638480000000180e-03 8.444806009999999757e-05
3.446135439999999887e-03 8.479857930000000228e-05
3.489960680000000169e-03 8.522685679999999456e-05
3.533485580000000122e-03 8.531582720000000441e-05
3.576970889999999976e-03 8.595146210000000639e-05
3.620435249999999841e-03 8.616915149999999891e-05
3.663802290000000000e-03 8.661099129999999817e-05
3.707481549999999855e-03 8.695772699999999638e-05
3.751753599999999803e-03 8.693059500000000384e-05
3.796950219999999879e-03 8.735602020000000651e-05
3.842214359999999908e-03 8.842645179999999658e-05
3.887218420000000067e-03 8.877470830000000577e-05
3.932387570000000186e-03 8.946621529999999650e-05
3.977386749999999895e-03 8.961428100000000158e-05
4.022815729999999583e-03 8.964876910000000145e-05
4.068959500000000201e-03 9.009162020000000112e-05
4.115311889999999882e-03 9.063229659999999489e-05
4.161861260000000035e-03 9.094553390000000676e-05
4.208467900000000331e-03 9.172069259999999862e-05
4.255449399999999827e-03 9.209833660000000025e-05
4.302444400000000023e-03 9.312305339999999397e-05
4.349331839999999796e-03 9.355264050000000359e-05
4.396823700000000029e-03 9.409374620000000584e-05
4.444521849999999961e-03 9.441391010000000652e-05
4.492723849999999755e-03 9.410578059999999770e-05
4.541447849999999745e-03 9.430879439999999736e-05
4.590197469999999710e-03 9.483009489999999324e-05
4.639404360000000047e-03 9.516121640000000314e-05
4.688416140000000246e-03 9.640635839999999726e-05
4.736795559999999738e-03 9.660515930000000402e-05
4.785555409999999593e-03 9.688901630000000553e-05
4.835300610000000006e-03 9.758416130000000140e-05
4.885643250000000146e-03 9.815002700000000102e-05
4.936142360000000430e-03 9.844792660000000395e-05
4.986905029999999690e-03 9.883550960000000020e-05
5.037688650000000240e-03 9.885177860000000395e-05
5.088395899999999770e-03 9.902832239999999505e-05
5.139145529999999962e-03 9.925145420000000074e-05
5.190213679999999830e-03 9.934198170000000121e-05
5.242470649999999947e-03 1.000871490000000068e-04
5.295460109999999658e-03 1.013161309999999953e-04
5.348505919999999719e-03 1.017973190000000006e-04
5.401160099999999936e-03 1.034019009999999995e-04
5.453636399999999690e-03 1.037305259999999967e-04
5.506437739999999956e-03 1.041022039999999984e-04
5.559235350000000381e-03 1.043746889999999986e-04
5.613015960000000346e-03 1.034982559999999977e-04
5.667766559999999794e-03 1.037630940000000063e-04
5.722561390000000317e-03 1.048162809999999960e-04
5.777840040000000073e-03 1.054907259999999939e-04
5.832841150000000335e-03 1.074266910000000013e-04
5.887352860000000243e-03 1.078292260000000054e-04
5.942396820000000156e-03 1.080578950000000006e-04
5.998608190000000000e-03 1.086915950000000010e-04
6.055488250000000232e-03 1.093416430000000012e-04
6.112453529999999947e-03 1.097740099999999970e-04
6.170043259999999884e-03 1.103487160000000066e-04
6.227589210000000416e-03 1.105328340000000063e-04
6.284394769999999963e-03 1.118583529999999976e-04
6.341588680000000318e-03 1.125692579999999982e-04
6.399382839999999580e-03 1.135420750000000034e-04
6.458482239999999673e-03 1.145183120000000038e-04
6.518541370000000348e-03 1.156325449999999976e-04
6.578263360000000289e-03 1.159870519999999948e-04
6.638471039999999795e-03 1.161642650000000061e-04
6.698512470000000073e-03 1.161288160000000023e-04
6.758496170000000310e-03 1.165640419999999989e-04
6.819028409999999644e-03 1.170533209999999970e-04
6.879952739999999588e-03 1.173130000000000066e-04
6.942516660000000103e-03 1.182271590000000066e-04
7.005338560000000207e-03 1.203406939999999948e-04
7.068313189999999788e-03 1.213534850000000018e-04
7.131483870000000086e-03 1.238344700000000131e-04
7.193690630000000065e-03 1.241521390000000001e-04
7.257202639999999969e-03 1.233268269999999935e-04
7.321531420000000102e-03 1.235218810000000020e-04
7.386032960000000341e-03 1.233029029999999895e-04
7.452209010000000397e-03 1.242307630000000088e-04
7.518892180000000258e-03 1.259613200000000044e-04
7.585644719999999619e-03 1.264503660000000120e-04
7.651830089999999730e-03 1.287574710000000025e-04
7.717808710000000245e-03 1.296360860000000123e-04
7.784997580000000382e-03 1.305517220000000059e-04
7.853034880000000009e-03 1.313948739999999866e-04
7.922095250000000394e-03 1.315305269999999908e-04
7.991912769999999847e-03 1.320349259999999895e-04
8.062199690000000640e-03 1.326531200000000002e-04
8.132854479999999942e-03 1.329119839999999867e-04
8.203140459999999287e-03 1.342551259999999924e-04
8.274839259999999808e-03 1.357649159999999955e-04
8.347883820000000579e-03 1.382316989999999972e-04
8.421771229999999719e-03 1.396345179999999885e-04
8.496304970000000123e-03 1.419231850000000092e-04
8.571569810000000469e-03 1.431866110000000057e-04
8.647529410000000250e-03 1.455353490000000098e-04
8.723543959999999903e-03 1.462118960000000111e-04
8.800474000000000838e-03 1.465757090000000115e-04
8.877648039999999977e-03 1.470504790000000069e-04
8.955175060000000742e-03 1.477805200000000072e-04
9.034777989999999426e-03 1.492875310000000015e-04
9.116038680000000671e-03 1.512749440000000112e-04
9.197689590000000456e-03 1.522345989999999982e-04
9.279391729999999366e-03 1.542325629999999966e-04
9.361474769999999362e-03 1.551813619999999939e-04
9.443430229999999134e-03 1.580320239999999930e-04
9.526253679999999169e-03 1.593593330000000010e-04
9.610855019999999665e-03 1.600914400000000130e-04
9.697165339999999287e-03 1.615935909999999926e-04
9.785035629999999304e-03 1.637780219999999964e-04
9.873002770000000039e-03 1.646335149999999961e-04
9.960539640000000070e-03 1.670985219999999928e-04
1.004871820000000082e-02 1.683717269999999999e-04
1.013730189999999948e-02 1.712320810000000047e-04
1.022750509999999918e-02 1.729946530000000106e-04
1.032073520000000022e-02 1.728584469999999934e-04
1.041481550000000061e-02 1.735500850000000028e-04
1.050945929999999931e-02 1.751823150000000060e-04
1.060394760000000006e-02 1.756875140000000064e-04
1.069774759999999984e-02 1.775634149999999890e-04
1.079171800000000049e-02 1.783413169999999994e-04
1.088657319999999928e-02 1.790253739999999975e-04
1.098551319999999977e-02 1.814709100000000050e-04
1.108617240000000018e-02 1.854112340000000042e-04
1.118822019999999966e-02 1.879053159999999952e-04
1.129192390000000046e-02 1.920678769999999949e-04
1.139728350000000084e-02 1.945626429999999904e-04
1.150364710000000013e-02 2.005618589999999893e-04
1.161367999999999949e-02 2.049434700000000119e-04
1.172700710000000070e-02 2.108483020000000109e-04
1.184656190000000012e-02 2.164075270000000118e-04
1.197032630000000042e-02 2.248405800000000088e-04
1.209656800000000025e-02 2.296521709999999972e-04
1.222652479999999930e-02 2.368196870000000031e-04
1.235506679999999989e-02 2.385595579999999971e-04
1.248661799999999968e-02 2.392722240000000084e-04
1.261943760000000005e-02 2.403072140000000003e-04
1.275357880000000006e-02 2.400436640000000086e-04
1.288889810000000066e-02 2.406568960000000056e-04
1.302449959999999948e-02 2.418874500000000010e-04
1.316154379999999978e-02 2.428528679999999995e-04
1.329795639999999980e-02 2.466263829999999942e-04
1.343119979999999984e-02 2.464108980000000106e-04
1.356509510000000057e-02 2.456411600000000129e-04
1.369790729999999929e-02 2.447259030000000228e-04
1.383067020000000071e-02 2.413112820000000056e-04
1.396366400000000063e-02 2.402208629999999945e-04
1.409715039999999940e-02 2.363683159999999952e-04
1.422806740000000063e-02 2.331112769999999889e-04
1.435449630000000011e-02 2.315998280000000013e-04
1.448037200000000004e-02 2.310361010000000048e-04
1.460542809999999976e-02 2.308358090000000012e-04
1.472962459999999953e-02 2.302484350000000052e-04
1.485536619999999926e-02 2.268906540000000069e-04
1.498029189999999962e-02 2.252021080000000052e-04
1.510272730000000035e-02 2.237816080000000008e-04
1.522387560000000063e-02 2.221878240000000064e-04
1.534299459999999976e-02 2.211815879999999904e-04
1.546242180000000077e-02 2.213018309999999873e-04
1.558210139999999938e-02 2.212170950000000064e-04
1.570177819999999877e-02 2.211851240000000101e-04
1.582214980000000090e-02 2.207606589999999897e-04
1.594185639999999918e-02 2.202199679999999947e-04
1.605986059999999979e-02 2.207044449999999902e-04
1.617598909999999959e-02 2.197514700000000097e-04
1.629228699999999905e-02 2.168232900000000008e-04
1.640888860000000102e-02 2.156532859999999992e-04
1.652546230000000171e-02 2.124943129999999983e-04
1.664320190000000144e-02 2.123434680000000100e-04
1.676059140000000017e-02 2.132970840000000042e-04
1.687585930000000053e-02 2.123791929999999952e-04
1.698894050000000072e-02 2.126524339999999967e-04
1.710171250000000129e-02 2.125652250000000041e-04
1.721433550000000048e-02 2.125729809999999938e-04
1.732733469999999873e-02 2.125076130000000071e-04
1.744221519999999970e-02 2.092253850000000100e-04
1.755764149999999857e-02 2.086526069999999943e-04
1.767232460000000074e-02 2.090744669999999882e-04
1.778663139999999906e-02 2.090149940000000006e-04
1.789877559999999979e-02 2.116505489999999964e-04
1.801050829999999853e-02 2.123516609999999882e-04
1.812255570000000093e-02 2.137740809999999915e-04
1.823565549999999966e-02 2.146206830000000102e-04
1.835193489999999844e-02 2.117010739999999869e-04
1.846771129999999830e-02 2.106326870000000046e-04
1.858093400000000034e-02 2.119078270000000048e-04
1.869332229999999886e-02 2.118675039999999880e-04
1.880573480000000131e-02 2.125062160000000056e-04
1.891778410000000132e-02 2.125255709999999975e-04
1.903032140000000122e-02 2.109481280000000038e-04
1.914643870000000067e-02 2.125338650000000058e-04
1.926318369999999863e-02 2.158922290000000056e-04
1.937904019999999936e-02 2.162654560000000113e-04
1.949446089999999979e-02 2.180488809999999865e-04
1.960811020000000071e-02 2.179223810000000005e-04
1.972145209999999829e-02 2.189062940000000121e-04
1.983730120000000083e-02 2.207748180000000085e-04
1.995632610000000126e-02 2.198233120000000129e-04
2.007752280000000070e-02 2.207853829999999954e-04
2.019885550000000141e-02 2.232290720000000106e-04
2.032236009999999898e-02 2.250967519999999913e-04
2.044512329999999961e-02 2.315332969999999997e-04
2.056801689999999960e-02 2.342338270000000075e-04
2.069411430000000010e-02 2.372871970000000057e-04
2.082294230000000107e-02 2.400421650000000081e-04
2.095514349999999873e-02 2.411506279999999912e-04
2.108896520000000038e-02 2.425242710000000124e-04
2.122428269999999950e-02 2.438420050000000079e-04
2.136288769999999948e-02 2.459423270000000192e-04
2.150158580000000041e-02 2.516541569999999959e-04
2.163838220000000034e-02 2.529019260000000234e-04
2.177700960000000102e-02 2.533218360000000029e-04
2.192090639999999882e-02 2.566312909999999788e-04
2.206773869999999887e-02 2.619021399999999834e-04
2.221721600000000144e-02 2.654183770000000239e-04
2.236931959999999969e-02 2.697806049999999767e-04
2.252236939999999882e-02 2.719195909999999930e-04
2.267545459999999874e-02 2.778011259999999764e-04
2.283309589999999931e-02 2.822549719999999768e-04
2.299427240000000150e-02 2.887705920000000078e-04
2.317615970000000067e-02 3.039019069999999837e-04
2.336466309999999866e-02 3.361132689999999810e-04
2.354939099999999938e-02 3.455103429999999750e-04
2.375070560000000150e-02 3.426344770000000180e-04
2.412594670000000122e-02 4.461760690000000007e-04
2.455617859999999902e-02 6.419505810000000279e-04
2.484389210000000070e-02 6.259278739999999492e-04
2.518632079999999843e-02 4.906724789999999774e-04
2.552088159999999981e-02 4.380264140000000232e-04
2.577500419999999987e-02 4.272242370000000028e-04
2.602279559999999894e-02 4.195644290000000035e-04
2.626281420000000158e-02 4.095473560000000013e-04
2.650256640000000011e-02 4.057800690000000032e-04
2.673368900000000145e-02 4.097256750000000114e-04
2.696681769999999950e-02 4.117666099999999895e-04
2.719800920000000136e-02 4.207254099999999824e-04
2.743546479999999996e-02 4.282562880000000019e-04
2.768322449999999907e-02 4.320182199999999845e-04
2.793059310000000142e-02 4.331415400000000163e-04
2.817977779999999988e-02 4.348368089999999882e-04
2.842070530000000150e-02 4.305237380000000169e-04
2.866033650000000127e-02 4.189893369999999912e-04
2.889717929999999907e-02 4.125816339999999866e-04
2.913002669999999877e-02 4.015924349999999829e-04
2.936472559999999885e-02 3.992874409999999869e-04
2.959205020000000089e-02 4.051431610000000142e-04
2.982977959999999831e-02 4.134908089999999930e-04
3.008941190000000154e-02 4.016890019999999877e-04
3.034463709999999856e-02 3.948487869999999975e-04
3.058712179999999864e-02 3.954630809999999793e-04
3.082638420000000101e-02 3.937482829999999789e-04
3.106490900000000166e-02 3.902174359999999870e-04
3.128363189999999738e-02 3.765203580000000129e-04
3.149055320000000019e-02 3.583214710000000021e-04
3.168606010000000334e-02 3.454242829999999991e-04
3.187137100000000250e-02 3.278049989999999732e-04
3.205204009999999826e-02 3.186749530000000056e-04
3.222280739999999755e-02 3.085416679999999998e-04
3.239412979999999748e-02 3.052264800000000010e-04
3.256321699999999847e-02 2.997519039999999762e-04
3.272837399999999758e-02 2.950110649999999825e-04
3.288806600000000052e-02 2.910330950000000034e-04
3.304560110000000217e-02 2.887016740000000032e-04
3.320044650000000125e-02 2.867099829999999842e-04
3.335221110000000100e-02 2.841484969999999834e-04
3.350483630000000018e-02 2.766458199999999811e-04
3.365596760000000298e-02 2.730564160000000006e-04
3.380304569999999925e-02 2.687717789999999828e-04
3.394711019999999829e-02 2.650513200000000026e-04
3.408633169999999990e-02 2.628330259999999731e-04
3.422297910000000193e-02 2.608491630000000084e-04
3.435939920000000147e-02 2.557350669999999934e-04
3.449781240000000110e-02 2.550837529999999968e-04
3.463612499999999678e-02 2.543854639999999735e-04
3.477445619999999793e-02 2.541567080000000007e-04
3.491020949999999734e-02 2.568310299999999966e-04
3.504272919999999736e-02 2.558459529999999741e-04
3.517507019999999845e-02 2.534042289999999947e-04
3.530645000000000311e-02 2.516040110000000089e-04
3.543776650000000222e-02 2.467494629999999849e-04
3.556937720000000192e-02 2.455142680000000212e-04
3.570026529999999892e-02 2.442004039999999846e-04
3.582923860000000044e-02 2.425874260000000055e-04
3.595583509999999983e-02 2.411339959999999878e-04
3.608177230000000207e-02 2.402138200000000019e-04
3.620443119999999793e-02 2.431361789999999872e-04
3.632551800000000108e-02 2.429138840000000016e-04
3.644961120000000249e-02 2.373056200000000083e-04
3.657260539999999949e-02 2.349547430000000132e-04
3.669471290000000246e-02 2.307727550000000110e-04
3.681702540000000162e-02 2.293951549999999990e-04
3.693633899999999859e-02 2.296935849999999914e-04
3.705468399999999746e-02 2.292219720000000121e-04
3.717165439999999682e-02 2.302122740000000004e-04
3.728940339999999715e-02 2.307199029999999946e-04
3.740875800000000029e-02 2.294621949999999997e-04
3.752830249999999923e-02 2.294323060000000053e-04
3.764760119999999849e-02 2.297578179999999867e-04
3.776411340000000033e-02 2.282077039999999980e-04
3.788014130000000312e-02 2.255663999999999890e-04
3.799526389999999948e-02 2.240728500000000107e-04
3.810957069999999780e-02 2.204179329999999995e-04
3.822738679999999889e-02 2.212090620000000123e-04
3.834540770000000043e-02 2.230598039999999926e-04
3.846327590000000324e-02 2.233256960000000045e-04
3.858022390000000190e-02 2.256176669999999961e-04
3.869304429999999989e-02 2.242746850000000016e-04
3.880499679999999812e-02 2.228373200000000032e-04
3.891816359999999975e-02 2.230507089999999866e-04
3.903336450000000069e-02 2.194054830000000123e-04
3.914855789999999863e-02 2.180904120000000011e-04
3.926321490000000275e-02 2.153386160000000092e-04
3.937991340000000090e-02 2.152766679999999907e-04
3.949389229999999973e-02 2.196553830000000113e-04
3.960540889999999981e-02 2.200495070000000003e-04
3.971742090000000142e-02 2.211492540000000080e-04
3.982964530000000086e-02 2.216751890000000116e-04
3.994259239999999739e-02 2.210899109999999888e-04
4.005491359999999862e-02 2.205031920000000048e-04
4.016758129999999788e-02 2.182997850000000125e-04
4.028037190000000045e-02 2.172852399999999939e-04
4.039160160000000027e-02 2.170903319999999983e-04
4.050092400000000065e-02 2.161741870000000057e-04
4.060936350000000222e-02 2.151090159999999936e-04
4.072035849999999790e-02 2.162573510000000067e-04
4.083211350000000295e-02 2.189999649999999879e-04
4.094408449999999838e-02 2.201206949999999875e-04
4.105686769999999930e-02 2.210392119999999888e-04
4.116853699999999810e-02 2.203994950000000026e-04
4.127955440000000142e-02 2.197239659999999993e-04
4.138708859999999656e-02 2.176963030000000064e-04
4.149340089999999787e-02 2.141135479999999936e-04
4.160155360000000052e-02 2.139251739999999916e-04
4.171122979999999925e-02 2.116682300000000095e-04
4.182378579999999901e-02 2.125894099999999952e-04
4.193472489999999775e-02 2.170369120000000018e-04
4.204323139999999875e-02 2.171750530000000120e-04
4.215137659999999842e-02 2.181575400000000024e-04
4.225857560000000068e-02 2.176459669999999925e-04
4.236717889999999653e-02 2.138892600000000027e-04
4.247692969999999901e-02 2.135173849999999886e-04
4.258831960000000055e-02 2.105457389999999991e-04
4.270069299999999790e-02 2.100687710000000044e-04
4.280949009999999999e-02 2.138980490000000117e-04
4.291631280000000187e-02 2.140878199999999881e-04
4.302290830000000260e-02 2.149889769999999947e-04
4.313084479999999832e-02 2.158232239999999962e-04
4.324089739999999876e-02 2.146172629999999878e-04
4.335087540000000239e-02 2.144295869999999886e-04
4.346191509999999814e-02 2.121450820000000070e-04
4.357207939999999807e-02 2.107979380000000005e-04
4.368055609999999672e-02 2.106625470000000064e-04
4.378841070000000224e-02 2.102447910000000122e-04
4.389588529999999961e-02 2.089212070000000005e-04
4.400635879999999917e-02 2.099590199999999880e-04
4.411601279999999986e-02 2.142167940000000090e-04
4.422542830000000119e-02 2.158941210000000078e-04
4.433576759999999922e-02 2.190107629999999924e-04
4.444501549999999718e-02 2.194813420000000105e-04
4.455621170000000075e-02 2.183644099999999864e-04
4.466431590000000118e-02 2.161016749999999963e-04
4.477126520000000026e-02 2.109119809999999973e-04
4.488213729999999957e-02 2.114038220000000038e-04
4.499334840000000085e-02 2.122099829999999894e-04
4.510553180000000106e-02 2.127901389999999873e-04
4.521685470000000318e-02 2.158385180000000063e-04
4.532605039999999808e-02 2.159483410000000061e-04
4.543441160000000201e-02 2.184636979999999879e-04
4.554083200000000331e-02 2.182041499999999969e-04
4.564864190000000183e-02 2.143360909999999912e-04
4.575939849999999948e-02 2.147149060000000029e-04
4.587054630000000216e-02 2.151180090000000007e-04
4.598101970000000038e-02 2.145628970000000037e-04
4.609022659999999910e-02 2.151311350000000000e-04
4.619849849999999730e-02 2.150644139999999987e-04
4.630556329999999804e-02 2.177053539999999985e-04
4.641277340000000279e-02 2.187422940000000049e-04
4.652224850000000189e-02 2.170156079999999914e-04
4.663355649999999936e-02 2.174941910000000110e-04
4.674587399999999976e-02 2.171337259999999954e-04
4.685577380000000014e-02 2.152581149999999925e-04
4.696355390000000324e-02 2.135986429999999891e-04
4.707008230000000321e-02 2.125420580000000111e-04
4.717524719999999921e-02 2.118717380000000104e-04
4.728350419999999971e-02 2.134809620000000007e-04
4.739503560000000310e-02 2.132992379999999895e-04
4.750672730000000260e-02 2.133364610000000063e-04
4.761631410000000120e-02 2.161405719999999920e-04
4.772441089999999997e-02 2.162556919999999950e-04
4.783261939999999823e-02 2.163913449999999993e-04
4.794010149999999859e-02 2.157093399999999875e-04
4.804889489999999985e-02 2.116395189999999973e-04
4.815935340000000037e-02 2.114622769999999934e-04
4.826938730000000094e-02 2.124702150000000120e-04
4.837932069999999890e-02 2.127769550000000029e-04
4.848811029999999800e-02 2.147206830000000127e-04
4.859504480000000071e-02 2.143034800000000043e-04
4.870129380000000341e-02 2.142937879999999985e-04
4.880962519999999805e-02 2.152495139999999912e-04
4.891971130000000167e-02 2.149849899999999882e-04
4.902961849999999677e-02 2.150746439999999960e-04
4.914104569999999672e-02 2.136028050000000011e-04
4.925171660000000201e-02 2.126237090000000134e-04
4.936051739999999799e-02 2.122090080000000093e-04
