-5.212373659999999798e-02 2.288752150000000014e-04
-5.201461539999999856e-02 2.208648070000000059e-04
-5.190656329999999985e-02 2.170469519999999994e-04
-5.180300770000000055e-02 2.139457059999999968e-04
-5.169705299999999976e-02 2.145628970000000037e-04
-5.158910159999999939e-02 2.137655250000000001e-04
-5.148167160000000075e-02 2.131658689999999933e-04
-5.137595910000000016e-02 2.135553080000000001e-04
-5.126864839999999840e-02 2.146553600000000088e-04
-5.116310720000000201e-02 2.206602509999999913e-04
-5.105860899999999786e-02 2.218939919999999915e-04
-5.095012110000000233e-02 2.186601919999999887e-04
-5.084230380000000216e-02 2.173959070000000093e-04
-5.073418839999999791e-02 2.133994860000000039e-04
-5.062489579999999989e-02 2.126634499999999976e-04
-5.051542450000000295e-02 2.111179199999999880e-04
-5.040792000000000189e-02 2.093809309999999978e-04
-5.030215159999999741e-02 2.066448940000000011e-04
-5.019355570000000322e-02 2.073613000000000030e-04
-5.008588729999999961e-02 2.109014889999999897e-04
-4.997828599999999677e-02 2.118442209999999977e-04
-4.988004270000000184e-02 2.299967450000000029e-04
-4.980144649999999895e-02 2.250675019999999916e-04
-4.971990729999999775e-02 2.073257200000000076e-04
-4.962328819999999724e-02 2.099540580000000013e-04
-4.951404040000000062e-02 1.954137109999999991e-04
-4.938291389999999864e-02 2.033331840000000097e-04
-4.923658069999999748e-02 1.999344530000000063e-04
-4.909761619999999938e-02 1.939905779999999988e-04
-4.897896200000000089e-02 2.114051459999999989e-04
-4.887107389999999912e-02 2.114871900000000028e-04
-4.876443369999999833e-02 2.137791450000000042e-04
-4.865853120000000059e-02 2.141621080000000025e-04
-4.855474829999999881e-02 2.195757260000000103e-04
-4.846871640000000037e-02 2.108507619999999932e-04
-4.839840900000000334e-02 2.120618449999999995e-04
-4.830972480000000208e-02 2.235451829999999889e-04
-4.819763819999999671e-02 2.163583119999999910e-04
-4.808100690000000066e-02 2.162007589999999997e-04
-4.795569549999999931e-02 2.013837220000000081e-04
-4.782101140000000195e-02 2.019411619999999998e-04
-4.768995200000000073e-02 2.102688740000000043e-04
-4.756668960000000335e-02 2.086245220000000015e-04
-4.745054239999999673e-02 2.150963849999999950e-04
-4.734075439999999718e-02 2.136029070000000001e-04
-4.723237830000000248e-02 2.118105769999999914e-04
-4.712424429999999970e-02 2.107323089999999996e-04
-4.702435809999999661e-02 2.214515840000000021e-04
-4.692460600000000065e-02 2.255252039999999911e-04
-4.681479930000000123e-02 2.201246390000000032e-04
-4.670264570000000337e-02 2.195831909999999972e-04
-4.659106209999999693e-02 2.198604780000000135e-04
-4.648264120000000083e-02 2.180636659999999976e-04
-4.638215150000000314e-02 2.254869470000000131e-04
-4.630018400000000117e-02 2.170240770000000051e-04
-4.622292149999999988e-02 2.013772759999999881e-04
-4.612637309999999963e-02 2.070566409999999909e-04
-4.600394139999999799e-02 1.797799919999999946e-04
-4.586672409999999894e-02 1.790731480000000030e-04
-4.574203489999999900e-02 1.986397399999999909e-04
-4.562428219999999784e-02 2.015727509999999949e-04
-4.550891370000000047e-02 2.129179190000000086e-04
-4.540325330000000159e-02 2.111663340000000111e-04
-4.529836770000000151e-02 2.076028900000000035e-04
-4.518918319999999655e-02 2.086184980000000029e-04
-4.508106039999999759e-02 2.132111549999999927e-04
-4.497547450000000113e-02 2.136281689999999973e-04
-4.486654329999999885e-02 2.092272190000000001e-04
-4.475642739999999981e-02 2.083486909999999949e-04
-4.464955260000000314e-02 2.120963469999999926e-04
-4.454307629999999796e-02 2.132129160000000034e-04
-4.443592949999999875e-02 2.143967869999999980e-04
-4.432832450000000202e-02 2.150971410000000099e-04
-4.421825709999999826e-02 2.129250059999999881e-04
-4.410901670000000330e-02 2.113562220000000079e-04
-4.400224240000000231e-02 2.111218780000000020e-04
-4.389736059999999745e-02 2.101912250000000028e-04
-4.379538449999999944e-02 2.132507070000000003e-04
-4.369229079999999849e-02 2.150232760000000130e-04
-4.358317329999999989e-02 2.090920749999999949e-04
-4.347100109999999656e-02 2.087921310000000078e-04
-4.336344079999999990e-02 2.156651029999999978e-04
-4.326004530000000098e-02 2.153476089999999891e-04
-4.315412040000000254e-02 2.102543080000000126e-04
-4.304722319999999824e-02 2.092937649999999960e-04
-4.294355209999999728e-02 2.119863059999999965e-04
-4.284054040000000174e-02 2.125618050000000088e-04
-4.273365070000000043e-02 2.084964939999999953e-04
-4.262245819999999769e-02 2.096182580000000104e-04
-4.251151899999999761e-02 2.123620220000000042e-04
-4.240327700000000311e-02 2.117300319999999879e-04
-4.229785130000000143e-02 2.146811310000000051e-04
-4.219298440000000122e-02 2.151164519999999880e-04
-4.208697379999999655e-02 2.144152680000000128e-04
-4.198129099999999697e-02 2.142602610000000126e-04
-4.187427829999999795e-02 2.116235410000000098e-04
-4.176683719999999683e-02 2.109298800000000067e-04
-4.166358710000000326e-02 2.167945490000000000e-04
-4.156168920000000155e-02 2.180923910000000081e-04
-4.145424069999999878e-02 2.116205139999999892e-04
-4.134671759999999918e-02 2.093338990000000090e-04
-4.125241939999999691e-02 2.250678809999999950e-04
-4.115504400000000174e-02 2.322730720000000006e-04
-4.103841259999999741e-02 2.201816679999999988e-04
-4.092404990000000214e-02 2.147784399999999995e-04
-4.081561789999999662e-02 2.104343880000000063e-04
-4.070786390000000199e-02 2.084594159999999955e-04
-4.060456900000000008e-02 2.096065290000000126e-04
-4.049917310000000076e-02 2.112813820000000037e-04
-4.039042069999999873e-02 2.103280279999999926e-04
-4.028094930000000046e-02 2.101277199999999987e-04
-4.017210749999999830e-02 2.106340399999999922e-04
-4.006435719999999756e-02 2.104470769999999900e-04
-3.995780270000000300e-02 2.119108539999999983e-04
-3.985304390000000280e-02 2.113624510000000005e-04
-3.974806139999999960e-02 2.102681899999999998e-04
-3.964283319999999805e-02 2.100214919999999997e-04
-3.953845050000000250e-02 2.099498520000000026e-04
-3.943267460000000196e-02 2.107611220000000108e-04
-3.932484609999999797e-02 2.095849489999999937e-04
-3.921684620000000232e-02 2.089766060000000040e-04
-3.910994529999999719e-02 2.091249479999999919e-04
-3.900667280000000292e-02 2.072879580000000033e-04
-3.890481960000000128e-02 2.053337229999999917e-04
-3.879919650000000081e-02 2.068945319999999899e-04
-3.869201989999999924e-02 2.078555700000000073e-04
-3.858511519999999889e-02 2.080355480000000020e-04
-3.847933929999999836e-02 2.104150480000000086e-04
-3.837472200000000000e-02 2.102888250000000000e-04
-3.826921059999999902e-02 2.084556760000000049e-04
-3.816220160000000083e-02 2.089790359999999978e-04
-3.805531930000000118e-02 2.106431200000000040e-04
-3.794788570000000305e-02 2.115744720000000019e-04
-3.783939029999999759e-02 2.131928920000000012e-04
-3.773192689999999710e-02 2.131597719999999883e-04
-3.762560339999999892e-02 2.141654399999999971e-04
-3.752163430000000216e-02 2.131114160000000045e-04
-3.741714730000000183e-02 2.093135840000000041e-04
-3.731123360000000028e-02 2.085178860000000065e-04
-3.720557320000000140e-02 2.067429159999999925e-04
-3.709886600000000118e-02 2.070139599999999908e-04
-3.699257970000000006e-02 2.092520300000000105e-04
-3.688648719999999825e-02 2.099462000000000127e-04
-3.678003330000000071e-02 2.104732560000000094e-04
-3.667516259999999834e-02 2.097087129999999889e-04
-3.657093639999999674e-02 2.086623720000000065e-04
-3.646646440000000239e-02 2.081517009999999974e-04
-3.636141870000000192e-02 2.057838430000000110e-04
-3.626228869999999910e-02 2.016664369999999920e-04
-3.616575519999999655e-02 1.945652619999999880e-04
-3.605528179999999833e-02 2.003549309999999931e-04
-3.594078120000000071e-02 2.105099270000000092e-04
-3.583436460000000157e-02 2.093322840000000113e-04
-3.572990000000000194e-02 2.085164890000000049e-04
-3.562474999999999670e-02 2.086357709999999929e-04
-3.551963720000000241e-02 2.090290950000000072e-04
-3.541512039999999972e-02 2.085256860000000100e-04
-3.531218319999999966e-02 2.097463579999999999e-04
-3.520781550000000315e-02 2.113261870000000006e-04
-3.509839619999999966e-02 2.080922859999999948e-04
-3.499000520000000031e-02 2.063127180000000034e-04
-3.488588329999999654e-02 2.076981470000000116e-04
-3.478050230000000187e-02 2.089558690000000048e-04
-3.467460349999999802e-02 2.115911189999999996e-04
-3.456816819999999901e-02 2.125710160000000121e-04
-3.446054459999999681e-02 2.133058010000000028e-04
-3.435557339999999876e-02 2.122701839999999954e-04
-3.425103799999999754e-02 2.101207359999999872e-04
-3.414609279999999969e-02 2.095876409999999977e-04
-3.404100609999999999e-02 2.086538300000000134e-04
-3.393424300000000282e-02 2.093235670000000127e-04
-3.382717820000000208e-02 2.098835539999999915e-04
-3.372137620000000002e-02 2.093255030000000017e-04
-3.361838679999999691e-02 2.124704039999999886e-04
-3.351629150000000334e-02 2.127771590000000009e-04
-3.341257570000000232e-02 2.109228949999999991e-04
-3.331009299999999895e-02 2.098087430000000070e-04
-3.321165219999999696e-02 2.142594750000000091e-04
-3.310855110000000129e-02 2.186593480000000001e-04
-3.299469499999999750e-02 2.121351720000000049e-04
-3.288337959999999838e-02 2.082594730000000068e-04
-3.277842329999999804e-02 2.081121780000000094e-04
-3.267389159999999765e-02 2.075205559999999927e-04
-3.257006030000000191e-02 2.070525369999999912e-04
-3.246407209999999793e-02 2.084592999999999982e-04
-3.235781570000000051e-02 2.119088170000000063e-04
-3.225356339999999739e-02 2.119526180000000034e-04
-3.214651720000000212e-02 2.082154529999999902e-04
-3.203820809999999991e-02 2.076264789999999907e-04
-3.193220869999999906e-02 2.090468039999999897e-04
-3.182717040000000025e-02 2.089819319999999998e-04
-3.172295910000000330e-02 2.101891000000000100e-04
-3.161826730000000252e-02 2.106274770000000061e-04
-3.151196609999999676e-02 2.091659409999999878e-04
-3.140477839999999965e-02 2.094550729999999992e-04
-3.129795190000000255e-02 2.108552430000000045e-04
-3.119187619999999952e-02 2.109094490000000045e-04
-3.108788839999999942e-02 2.153422390000000065e-04
-3.098579679999999975e-02 2.158000859999999958e-04
-3.087992029999999874e-02 2.099541019999999882e-04
-3.077144550000000117e-02 2.094121009999999963e-04
-3.066308800000000154e-02 2.081022389999999877e-04
-3.055458139999999920e-02 2.074350490000000026e-04
-3.044870870000000035e-02 2.099770940000000028e-04
-3.034462220000000085e-02 2.101049899999999943e-04
-3.024040160000000116e-02 2.110371569999999882e-04
-3.013571350000000121e-02 2.116538819999999870e-04
-3.003068080000000084e-02 2.119988200000000019e-04
-2.992587349999999841e-02 2.119883569999999869e-04
-2.981861309999999862e-02 2.078649699999999872e-04
-2.971278880000000067e-02 2.052389169999999975e-04
-2.961053890000000036e-02 2.039153480000000071e-04
-2.950446680000000030e-02 2.060060359999999976e-04
-2.939721379999999870e-02 2.098369150000000045e-04
-2.929184589999999852e-02 2.100899150000000036e-04
-2.918648529999999866e-02 2.116052489999999987e-04
-2.908078769999999924e-02 2.123563900000000114e-04
-2.897345460000000025e-02 2.109166819999999968e-04
-2.886740860000000172e-02 2.096247770000000097e-04
-2.876227909999999957e-02 2.075669180000000024e-04
-2.865642499999999926e-02 2.069789330000000084e-04
-2.855185229999999963e-02 2.074877700000000004e-04
-2.844651419999999833e-02 2.084107840000000032e-04
-2.834019249999999990e-02 2.101283610000000124e-04
-2.823428060000000156e-02 2.105048330000000079e-04
-2.812908960000000055e-02 2.119620040000000122e-04
-2.802431769999999892e-02 2.122354339999999904e-04
-2.791870009999999902e-02 2.115824319999999896e-04
-2.782091869999999897e-02 2.063667930000000119e-04
-2.772713829999999893e-02 1.985600829999999899e-04
-2.761955370000000048e-02 2.043003909999999883e-04
-2.750462849999999945e-02 2.080252890000000121e-04
-2.739453130000000028e-02 2.064774600000000002e-04
-2.728758749999999830e-02 2.082011049999999948e-04
-2.718137389999999987e-02 2.083871799999999946e-04
-2.707724649999999900e-02 2.115960090000000029e-04
-2.697301839999999978e-02 2.128125629999999947e-04
-2.686570029999999984e-02 2.110337660000000126e-04
-2.675846960000000108e-02 2.100544079999999876e-04
-2.665168979999999951e-02 2.081006680000000038e-04
-2.654584680000000169e-02 2.071199559999999953e-04
-2.644069679999999992e-02 2.063260909999999916e-04
-2.633418140000000005e-02 2.068624449999999964e-04
-2.622885440000000123e-02 2.095519300000000108e-04
-2.612442710000000001e-02 2.099795239999999966e-04
-2.601875179999999996e-02 2.090823549999999925e-04
-2.591127340000000043e-02 2.095543600000000046e-04
-2.580466119999999877e-02 2.123038870000000099e-04
-2.570451610000000151e-02 2.097044340000000107e-04
-2.560906480000000110e-02 2.102937869999999866e-04
-2.550695840000000159e-02 2.144946049999999914e-04
-2.539295889999999833e-02 2.071583000000000051e-04
-2.527762390000000067e-02 2.053227939999999955e-04
-2.516874480000000011e-02 2.101863790000000135e-04
-2.506216429999999842e-02 2.105560849999999937e-04
-2.495583330000000072e-02 2.120035499999999940e-04
-2.485012080000000012e-02 2.118645059999999870e-04
-2.474441570000000118e-02 2.114876549999999879e-04
-2.463939409999999983e-02 2.112291109999999967e-04
-2.453332949999999929e-02 2.095636299999999890e-04
-2.442702089999999882e-02 2.091088099999999933e-04
-2.432070669999999990e-02 2.070354530000000049e-04
-2.421297130000000034e-02 2.071428750000000034e-04
-2.410624739999999919e-02 2.091309289999999997e-04
-2.400007289999999890e-02 2.092295040000000041e-04
-2.389432860000000047e-02 2.102194850000000011e-04
-2.378986220000000110e-02 2.100950809999999882e-04
-2.368408259999999974e-02 2.075720110000000077e-04
-2.357710710000000126e-02 2.073787909999999892e-04
-2.347059729999999983e-02 2.084022710000000026e-04
-2.336520699999999895e-02 2.081030400000000126e-04
-2.326061949999999948e-02 2.078240210000000053e-04
-2.315582329999999953e-02 2.078498359999999883e-04
-2.305168469999999831e-02 2.090202179999999974e-04
-2.294587530000000153e-02 2.101582799999999953e-04
-2.283742839999999830e-02 2.089348709999999914e-04
-2.272901310000000064e-02 2.087597239999999918e-04
-2.262115849999999859e-02 2.099928100000000072e-04
-2.251521869999999897e-02 2.092907959999999875e-04
-2.241049330000000062e-02 2.085719459999999935e-04
-2.230523530000000018e-02 2.086347230000000063e-04
-2.219995859999999988e-02 2.087800090000000081e-04
-2.209384740000000166e-02 2.093338839999999877e-04
-2.198693529999999965e-02 2.095354140000000047e-04
-2.188017589999999984e-02 2.092301439999999946e-04
-2.177370340000000029e-02 2.088679179999999955e-04
-2.166853850000000081e-02 2.082375140000000116e-04
-2.156486919999999960e-02 2.097681720000000053e-04
-2.146038600000000143e-02 2.108091579999999993e-04
-2.135300639999999917e-02 2.080731499999999951e-04
-2.124461529999999848e-02 2.076957610000000046e-04
-2.113774790000000001e-02 2.091935889999999921e-04
-2.103069980000000019e-02 2.095544769999999979e-04
-2.092379150000000035e-02 2.107912729999999882e-04
-2.081863399999999906e-02 2.104708550000000081e-04
-2.071366460000000076e-02 2.098930709999999918e-04
-2.060862999999999931e-02 2.097241670000000102e-04
-2.050247789999999973e-02 2.081815759999999934e-04
-2.039671880000000145e-02 2.073891959999999920e-04
-2.029142160000000153e-02 2.051627959999999891e-04
-2.018400470000000085e-02 2.056357630000000061e-04
-2.007760109999999834e-02 2.086430470000000031e-04
-1.997213440000000090e-02 2.088762850000000103e-04
-1.986613679999999979e-02 2.086403260000000066e-04
-1.976089550000000028e-02 2.083845609999999970e-04
-1.965529099999999835e-02 2.078512770000000038e-04
-1.954886689999999969e-02 2.081521380000000130e-04
-1.944239810000000096e-02 2.081191920000000095e-04
-1.933586409999999908e-02 2.081457059999999913e-04
-1.922981810000000055e-02 2.090312190000000040e-04
-1.912399570000000021e-02 2.089290359999999966e-04
-1.901861089999999990e-02 2.093762599999999868e-04
-1.891422829999999874e-02 2.092205690000000092e-04
-1.880901490000000051e-02 2.074082000000000041e-04
-1.870200779999999993e-02 2.078280230000000060e-04
-1.859439720000000129e-02 2.087707690000000123e-04
-1.848860639999999958e-02 2.080207920000000106e-04
-1.838382150000000131e-02 2.068213070000000106e-04
-1.827853919999999910e-02 2.066887680000000047e-04
-1.817344499999999988e-02 2.066345330000000122e-04
-1.806740280000000004e-02 2.069005710000000099e-04
-1.796085949999999890e-02 2.068148020000000096e-04
-1.785546730000000040e-02 2.063748400000000043e-04
-1.775096539999999889e-02 2.074178050000000052e-04
-1.764518019999999909e-02 2.085683369999999945e-04
-1.753828300000000173e-02 2.091225179999999981e-04
-1.743248660000000158e-02 2.086593299999999916e-04
-1.732712609999999959e-02 2.080993440000000088e-04
-1.722079140000000105e-02 2.081980780000000013e-04
-1.711431700000000042e-02 2.082452270000000104e-04
-1.700848710000000055e-02 2.081569690000000081e-04
-1.690336129999999923e-02 2.090795170000000027e-04
-1.679861919999999995e-02 2.091830679999999920e-04
-1.669288049999999995e-02 2.086008899999999963e-04
-1.658715310000000165e-02 2.083850120000000109e-04
-1.648309079999999913e-02 2.097704419999999880e-04
-1.637918689999999858e-02 2.101736459999999887e-04
-1.627322469999999827e-02 2.078561810000000053e-04
-1.616631079999999998e-02 2.073088399999999923e-04
-1.606028339999999999e-02 2.072745260000000069e-04
-1.595495079999999927e-02 2.071264749999999946e-04
-1.584964250000000033e-02 2.075367079999999897e-04
-1.574408260000000059e-02 2.078379909999999932e-04
-1.563862150000000159e-02 2.080511620000000074e-04
-1.553315390000000080e-02 2.081320709999999929e-04
-1.542720480000000019e-02 2.075526570000000117e-04
-1.532104150000000026e-02 2.071885540000000046e-04
-1.521537360000000012e-02 2.070116749999999868e-04
-1.511046199999999985e-02 2.067753809999999936e-04
-1.500613150000000041e-02 2.070835470000000056e-04
-1.490104010000000041e-02 2.076499949999999987e-04
-1.479433760000000049e-02 2.073211070000000088e-04
-1.468796099999999938e-02 2.070097690000000134e-04
-1.458252590000000057e-02 2.069264450000000012e-04
-1.447736839999999928e-02 2.067304160000000125e-04
-1.437244749999999974e-02 2.065831209999999881e-04
-1.426696780000000046e-02 2.065830919999999955e-04
-1.416158300000000016e-02 2.067477469999999876e-04
-1.405616760000000069e-02 2.071056950000000046e-04
-1.395000979999999960e-02 2.076463570000000071e-04
-1.384555359999999936e-02 2.068217729999999917e-04
-1.374170650000000084e-02 2.047581510000000000e-04
-1.363595849999999984e-02 2.051578779999999893e-04
-1.353038850000000057e-02 2.065646400000000003e-04
-1.342472620000000061e-02 2.068421600000000071e-04
-1.331852470000000066e-02 2.067214809999999906e-04
-1.321259330000000044e-02 2.067958560000000097e-04
-1.310684900000000028e-02 2.073120120000000028e-04
-1.300173439999999930e-02 2.071215569999999948e-04
-1.289645770000000073e-02 2.071039199999999956e-04
-1.279137940000000043e-02 2.069801410000000062e-04
-1.268682540000000067e-02 2.067243769999999926e-04
-1.258210189999999992e-02 2.067341560000000031e-04
-1.247789250000000058e-02 2.076196689999999887e-04
-1.237325090000000044e-02 2.079143890000000061e-04
-1.226693390000000057e-02 2.059521210000000004e-04
-1.216079670000000043e-02 2.054190260000000108e-04
-1.205583009999999962e-02 2.066624000000000087e-04
-1.195128730000000021e-02 2.068582249999999993e-04
-1.184692889999999950e-02 2.069241020000000121e-04
-1.174223240000000015e-02 2.071508059999999985e-04
-1.163710930000000018e-02 2.070694320000000008e-04
-1.153221450000000044e-02 2.069034089999999997e-04
-1.142700020000000059e-02 2.059093529999999955e-04
-1.132156980000000035e-02 2.054005449999999960e-04
-1.121777669999999942e-02 2.067210589999999963e-04
-1.111505179999999933e-02 2.068364270000000113e-04
-1.101082840000000042e-02 2.054403589999999867e-04
-1.090537660000000068e-02 2.056761300000000097e-04
-1.080001700000000030e-02 2.057032689999999879e-04
-1.069479620000000041e-02 2.056300289999999872e-04
-1.058944780000000037e-02 2.052134510000000022e-04
-1.048465909999999994e-02 2.044469290000000019e-04
-1.038080549999999963e-02 2.038846289999999954e-04
-1.027710079999999936e-02 2.038693199999999910e-04
-1.017331240000000046e-02 2.036882649999999901e-04
-1.006887950000000080e-02 2.040093819999999961e-04
-9.964022790000000643e-03 2.049658799999999940e-04
-9.860185909999999443e-03 2.047011080000000062e-04
-9.756926449999999904e-03 2.041488619999999956e-04
-9.653087709999999197e-03 2.042974519999999955e-04
-9.549251760000000352e-03 2.047121090000000128e-04
-9.445496830000000427e-03 2.045322179999999957e-04
-9.341299529999999574e-03 2.033030610000000017e-04
-9.237375109999999487e-03 2.029729219999999962e-04
-9.133438580000000084e-03 2.027972510000000032e-04
-9.029188190000000599e-03 2.029257159999999980e-04
-8.925806729999999356e-03 2.039623939999999941e-04
-8.822963569999999964e-03 2.040126129999999876e-04
-8.719895039999999917e-03 2.037762169999999954e-04
-8.617023010000000524e-03 2.032951739999999934e-04
-8.514227350000000416e-03 2.020927639999999990e-04
-8.410735060000000540e-03 2.023520209999999872e-04
-8.306735200000000055e-03 2.022268309999999980e-04
-8.203206580000000497e-03 2.018987729999999984e-04
-8.100043980000000768e-03 2.023563430000000103e-04
-7.997317239999999355e-03 2.022616389999999881e-04
-7.895029149999999857e-03 2.019593670000000062e-04
-7.792553859999999839e-03 2.019621459999999878e-04
-7.689794990000000177e-03 2.014951749999999999e-04
-7.587089669999999911e-03 2.010199240000000020e-04
-7.484941279999999912e-03 2.006363360000000073e-04
-7.383378690000000182e-03 2.004194829999999877e-04
-7.282160690000000040e-03 2.011479810000000007e-04
-7.181411139999999832e-03 2.011299509999999997e-04
-7.079965899999999569e-03 1.991554599999999914e-04
-6.977853370000000263e-03 1.988457369999999938e-04
-6.876480770000000312e-03 1.992216420000000052e-04
-6.775078359999999779e-03 1.991024759999999874e-04
-6.673830099999999987e-03 1.990346059999999965e-04
-6.573598370000000198e-03 1.986710989999999932e-04
-6.473519839999999741e-03 1.979180229999999874e-04
-6.373636420000000288e-03 1.975295019999999987e-04
-6.273290610000000107e-03 1.964224499999999882e-04
-6.172602999999999597e-03 1.962305539999999919e-04
-6.072863010000000353e-03 1.965308910000000079e-04
-5.973550489999999991e-03 1.963823160000000023e-04
-5.874256139999999883e-03 1.960005899999999943e-04
-5.774701949999999813e-03 1.957516799999999967e-04
-5.675404329999999761e-03 1.954936739999999971e-04
-5.576593799999999754e-03 1.953741299999999989e-04
-5.477180239999999804e-03 1.947717970000000095e-04
-5.378220230000000344e-03 1.942836530000000028e-04
-5.280089560000000327e-03 1.935705799999999914e-04
-5.181982180000000056e-03 1.932999289999999949e-04
-5.084336739999999709e-03 1.933192980000000122e-04
-4.986534830000000085e-03 1.931564910000000085e-04
-4.888647700000000110e-03 1.925688559999999983e-04
-4.791607150000000079e-03 1.921122170000000068e-04
-4.694816660000000058e-03 1.912628500000000046e-04
-4.597560040000000375e-03 1.912357399999999920e-04
-4.500082689999999712e-03 1.915140019999999883e-04
-4.403531090000000099e-03 1.910598080000000120e-04
-4.307694729999999618e-03 1.902634249999999867e-04
-4.211704709999999907e-03 1.900688079999999938e-04
-4.115759400000000220e-03 1.896018220000000116e-04
-4.019521180000000006e-03 1.893505689999999979e-04
-3.923616369999999819e-03 1.892128059999999951e-04
-3.828542070000000037e-03 1.889222770000000093e-04
-3.733306420000000094e-03 1.885581730000000062e-04
-3.638479390000000195e-03 1.881819629999999938e-04
-3.544317090000000028e-03 1.875308949999999900e-04
-3.449954089999999942e-03 1.874172010000000081e-04
-3.355570139999999868e-03 1.870664709999999892e-04
-3.261036470000000000e-03 1.867751709999999942e-04
-3.166752399999999811e-03 1.863864450000000115e-04
-3.073110009999999951e-03 1.861153869999999878e-04
-2.979878339999999983e-03 1.860460469999999889e-04
-2.886907660000000153e-03 1.858646430000000002e-04
-2.793433379999999897e-03 1.852220879999999970e-04
-2.700087849999999959e-03 1.849132390000000035e-04
-2.607402620000000108e-03 1.844540090000000110e-04
-2.514913680000000016e-03 1.841707999999999952e-04
-2.422713439999999926e-03 1.838665779999999988e-04
-2.330289220000000133e-03 1.836412850000000122e-04
-2.237997250000000118e-03 1.832387639999999928e-04
-2.146290150000000185e-03 1.829927210000000047e-04
-2.054736250000000018e-03 1.825651269999999918e-04
-1.963267099999999911e-03 1.823600909999999978e-04
-1.871523909999999987e-03 1.820217730000000124e-04
-1.779992019999999909e-03 1.817731830000000100e-04
-1.689095980000000037e-03 1.814534630000000056e-04
-1.598462109999999924e-03 1.811807160000000088e-04
-1.507947799999999989e-03 1.806226649999999919e-04
-1.417085410000000099e-03 1.803850169999999880e-04
-1.326489840000000036e-03 1.801720210000000064e-04
-1.236531300000000017e-03 1.799586459999999942e-04
-1.146288469999999938e-03 1.795709539999999999e-04
-1.056190700000000059e-03 1.793439439999999893e-04
-9.666325059999999678e-04 1.789331580000000084e-04
-8.773666340000000436e-04 1.786094799999999900e-04
-7.883305659999999705e-04 1.780940660000000135e-04
-6.990925179999999978e-04 1.777877619999999881e-04
-6.099705929999999507e-04 1.771332750000000121e-04
-5.215320270000000074e-04 1.767294600000000133e-04
-4.334078990000000053e-04 1.761323950000000076e-04
-3.457443959999999782e-04 1.756410060000000110e-04
-2.579370339999999934e-04 1.746971540000000060e-04
-1.706378830000000084e-04 1.740704609999999930e-04
-8.411148160000000030e-05 1.728823849999999956e-04
2.896456179999999997e-06 1.727707569999999983e-04
8.937762319999999563e-05 1.732667150000000069e-04
1.767187199999999939e-04 1.737511339999999902e-04
2.640296590000000120e-04 1.750884110000000126e-04
3.511479880000000138e-04 1.756911809999999905e-04
4.392700499999999770e-04 1.763600450000000087e-04
5.275951700000000317e-04 1.767235369999999907e-04
6.158148169999999979e-04 1.772428950000000099e-04
7.042455839999999878e-04 1.775568380000000046e-04
7.928759439999999827e-04 1.780955639999999909e-04
8.822407690000000271e-04 1.784872870000000058e-04
9.718562360000000330e-04 1.791547399999999970e-04
1.060971640000000007e-03 1.793382540000000114e-04
1.150646250000000046e-03 1.795951830000000048e-04
1.240602809999999953e-03 1.798571319999999970e-04
1.330315720000000042e-03 1.803125339999999983e-04
1.420075069999999964e-03 1.805044010000000020e-04
1.510002650000000094e-03 1.807563239999999949e-04
1.600592749999999896e-03 1.809983370000000128e-04
1.691360380000000042e-03 1.813728010000000088e-04
1.781857570000000080e-03 1.815917639999999999e-04
1.872502270000000069e-03 1.819539029999999943e-04
1.963302259999999931e-03 1.821777260000000001e-04
2.054665240000000132e-03 1.825515500000000056e-04
2.146180020000000056e-03 1.827778760000000116e-04
2.237358359999999918e-03 1.832778509999999882e-04
2.329089209999999927e-03 1.835395090000000048e-04
2.421121579999999888e-03 1.837617310000000110e-04
2.512989099999999795e-03 1.839925100000000047e-04
2.604950689999999819e-03 1.844759969999999988e-04
2.696969080000000130e-03 1.846845409999999888e-04
2.789449179999999983e-03 1.851938870000000069e-04
2.882136029999999866e-03 1.855017180000000023e-04
2.974698549999999983e-03 1.858641190000000069e-04
3.067496700000000090e-03 1.861361959999999975e-04
3.160865740000000194e-03 1.859385229999999914e-04
3.254908840000000046e-03 1.860182819999999914e-04
3.348480909999999866e-03 1.870238779999999898e-04
3.441514680000000003e-03 1.873165309999999994e-04
3.535306079999999893e-03 1.875763849999999874e-04
3.629501209999999849e-03 1.879127960000000035e-04
3.723555940000000068e-03 1.883720830000000122e-04
3.817942459999999847e-03 1.887369579999999974e-04
3.912549470000000265e-03 1.893822769999999880e-04
4.007760899999999842e-03 1.897188049999999973e-04
4.103065470000000214e-03 1.904963140000000060e-04
4.197950009999999732e-03 1.907827099999999994e-04
4.293105569999999642e-03 1.911255820000000026e-04
4.388707220000000360e-03 1.915162430000000055e-04
4.485045089999999644e-03 1.920992800000000111e-04
4.581264219999999811e-03 1.922382069999999978e-04
4.677125249999999727e-03 1.924940149999999981e-04
4.773594439999999904e-03 1.926887339999999900e-04
4.870284350000000234e-03 1.928611599999999931e-04
4.966790789999999886e-03 1.930752620000000005e-04
5.063437859999999659e-03 1.934354660000000019e-04
5.160426719999999801e-03 1.937705240000000032e-04
5.258291959999999640e-03 1.939742939999999872e-04
5.356655919999999890e-03 1.943487590000000063e-04
5.454600320000000009e-03 1.953545289999999871e-04
5.552328189999999712e-03 1.955868499999999992e-04
5.650083529999999805e-03 1.961875970000000104e-04
5.748365069999999792e-03 1.964524999999999898e-04
5.847052670000000077e-03 1.965106490000000095e-04
5.945872980000000037e-03 1.968776630000000129e-04
6.045485379999999964e-03 1.973214379999999881e-04
6.145274269999999837e-03 1.975887860000000097e-04
6.244446150000000119e-03 1.986139400000000021e-04
6.343593360000000098e-03 1.989683510000000034e-04
6.443021349999999633e-03 1.994838390000000094e-04
6.542840509999999984e-03 1.996322829999999963e-04
6.643276660000000007e-03 1.990174210000000073e-04
6.743893029999999816e-03 1.991745079999999903e-04
6.844640239999999834e-03 1.993921760000000060e-04
6.945467549999999844e-03 1.995186899999999903e-04
7.046412210000000190e-03 2.004294370000000037e-04
7.147207390000000216e-03 2.006692080000000084e-04
7.247657519999999888e-03 2.011517500000000109e-04
7.349182390000000287e-03 2.016953799999999988e-04
7.451387119999999809e-03 2.020723040000000042e-04
7.553199309999999653e-03 2.022467819999999937e-04
7.655123249999999657e-03 2.025453430000000046e-04
7.756972689999999844e-03 2.026085999999999968e-04
7.859208620000000464e-03 2.029059400000000077e-04
7.961558179999999804e-03 2.030824539999999932e-04
8.064409720000000406e-03 2.019662209999999950e-04
8.167759519999999787e-03 2.018643569999999869e-04
8.269997310000000781e-03 2.034379429999999967e-04
8.372706359999999154e-03 2.040076649999999993e-04
8.475997489999999648e-03 2.046167500000000057e-04
8.578771730000000345e-03 2.048030439999999977e-04
8.682169950000000538e-03 2.050563200000000052e-04
8.785470389999999394e-03 2.050907499999999879e-04
8.888564070000000428e-03 2.047554879999999885e-04
8.992508050000000419e-03 2.051461780000000111e-04
9.096716529999999967e-03 2.057895620000000086e-04
9.200961330000000105e-03 2.057613599999999954e-04
9.304969570000000065e-03 2.060783300000000107e-04
9.408979680000000359e-03 2.064724539999999997e-04
9.513631459999999720e-03 2.072794889999999895e-04
9.617728180000000016e-03 2.072379580000000021e-04
9.721699170000000501e-03 2.065441800000000056e-04
9.826188910000000290e-03 2.066055750000000111e-04
9.930745700000000176e-03 2.066637100000000055e-04
1.003566009999999967e-02 2.066174350000000005e-04
1.014025510000000040e-02 2.070258340000000056e-04
1.024441889999999980e-02 2.071947530000000086e-04
1.034878850000000086e-02 2.073199429999999979e-04
1.045367770000000043e-02 2.076765380000000002e-04
1.055954209999999949e-02 2.078269899999999866e-04
1.066615809999999984e-02 2.083356380000000020e-04
1.077226740000000044e-02 2.098046099999999875e-04
1.087618899999999965e-02 2.090183409999999894e-04
1.097952760000000041e-02 2.078090469999999905e-04
1.108435730000000008e-02 2.079858819999999943e-04
1.118953429999999978e-02 2.078993859999999987e-04
1.129509230000000017e-02 2.083783330000000004e-04
1.140137849999999994e-02 2.092826619999999904e-04
1.150704640000000008e-02 2.092394420000000027e-04
1.161218810000000032e-02 2.092045319999999865e-04
1.171704569999999952e-02 2.090210620000000131e-04
1.182191630000000056e-02 2.084881420000000019e-04
1.192768100000000074e-02 2.085480079999999913e-04
1.203443390000000050e-02 2.070769260000000073e-04
1.214110569999999993e-02 2.067801110000000127e-04
1.224681180000000008e-02 2.083442230000000131e-04
1.235199529999999983e-02 2.085965390000000077e-04
1.245663500000000062e-02 2.094143420000000135e-04
1.256148699999999965e-02 2.098357070000000067e-04
1.266701429999999955e-02 2.098763800000000073e-04
1.277322879999999959e-02 2.100166890000000012e-04
1.288008780000000041e-02 2.093392539999999974e-04
1.298630240000000005e-02 2.089937919999999892e-04
1.309227110000000041e-02 2.084448350000000095e-04
1.319795749999999948e-02 2.080778070000000078e-04
1.330356669999999998e-02 2.079709230000000009e-04
1.340984830000000079e-02 2.083386929999999921e-04
1.351557769999999978e-02 2.094917439999999991e-04
1.362172790000000001e-02 2.098719409999999909e-04
1.372841560000000009e-02 2.100335110000000043e-04
1.383461430000000082e-02 2.100828419999999953e-04
1.394112500000000039e-02 2.097014220000000114e-04
1.404694840000000021e-02 2.091522909999999952e-04
1.415275319999999976e-02 2.084438460000000040e-04
1.425913260000000009e-02 2.085348529999999994e-04
1.436485350000000008e-02 2.090949420000000043e-04
1.447102240000000019e-02 2.095665700000000050e-04
1.457790469999999984e-02 2.096866960000000086e-04
1.468564479999999971e-02 2.099575209999999875e-04
1.479303180000000016e-02 2.113032970000000121e-04
1.489869129999999917e-02 2.110384519999999907e-04
1.500469349999999924e-02 2.105279419999999888e-04
1.511070689999999966e-02 2.103503210000000085e-04
1.521653589999999966e-02 2.093639199999999909e-04
1.532348619999999995e-02 2.096827519999999929e-04
1.543043179999999993e-02 2.105761379999999885e-04
1.553755249999999935e-02 2.107143520000000052e-04
1.564423740000000021e-02 2.118264380000000127e-04
1.574994810000000106e-02 2.119300039999999963e-04
1.585610770000000017e-02 2.114715610000000032e-04
1.596242930000000074e-02 2.114027449999999976e-04
1.607023180000000107e-02 2.095378880000000124e-04
1.617828010000000108e-02 2.090160710000000068e-04
1.628475819999999907e-02 2.093901130000000086e-04
1.639123259999999971e-02 2.092369689999999910e-04
1.649734380000000139e-02 2.094218070000000004e-04
1.660323890000000094e-02 2.096421519999999987e-04
1.670882660000000061e-02 2.107593460000000058e-04
1.681428960000000070e-02 2.110867209999999969e-04
1.692144199999999835e-02 2.099765259999999956e-04
1.702915689999999829e-02 2.099161209999999915e-04
1.713634840000000104e-02 2.098212139999999944e-04
1.724329590000000037e-02 2.096398240000000039e-04
1.734967720000000005e-02 2.100796990000000045e-04
1.745653900000000008e-02 2.102380970000000075e-04
1.756323320000000021e-02 2.109570779999999930e-04
1.766897920000000052e-02 2.109327620000000104e-04
1.777546480000000151e-02 2.104288870000000050e-04
1.788230240000000110e-02 2.104601590000000026e-04
1.798892770000000071e-02 2.101016140000000129e-04
1.809548960000000040e-02 2.099341800000000121e-04
1.820151509999999931e-02 2.103624570000000064e-04
1.830753870000000061e-02 2.102275179999999952e-04
1.841412300000000099e-02 2.089242189999999998e-04
1.852149700000000135e-02 2.092119979999999965e-04
1.862938520000000098e-02 2.099436390000000003e-04
1.873800899999999992e-02 2.106544849999999927e-04
1.884622500000000117e-02 2.125129390000000029e-04
1.895196550000000091e-02 2.116946129999999998e-04
1.905657159999999892e-02 2.113167280000000125e-04
1.916280949999999914e-02 2.118718690000000019e-04
1.927037540000000118e-02 2.112044889999999901e-04
1.937757249999999890e-02 2.110306960000000011e-04
1.948483469999999843e-02 2.104412709999999877e-04
1.959214550000000152e-02 2.102577560000000044e-04
1.969893649999999996e-02 2.114099039999999875e-04
1.980517060000000149e-02 2.114931850000000089e-04
1.991138229999999884e-02 2.109622440000000047e-04
2.002015520000000048e-02 2.123121960000000125e-04
2.013039960000000128e-02 2.136066609999999889e-04
2.023843300000000012e-02 2.124528689999999884e-04
2.034470810000000088e-02 2.121803119999999914e-04
2.045009470000000093e-02 2.118376139999999977e-04
2.055577189999999860e-02 2.111993819999999865e-04
2.066226120000000041e-02 2.114561499999999998e-04
2.076897579999999882e-02 2.109910419999999945e-04
2.087629029999999927e-02 2.111842910000000055e-04
2.098362150000000065e-02 2.116920219999999988e-04
2.109196409999999910e-02 2.121908469999999897e-04
2.120027320000000132e-02 2.136339899999999939e-04
2.130695620000000109e-02 2.134678649999999938e-04
2.141457609999999900e-02 2.122514559999999918e-04
2.152185699999999841e-02 2.116104010000000122e-04
2.162844129999999879e-02 2.101840950000000055e-04
2.173608910000000144e-02 2.103103759999999992e-04
2.184379659999999973e-02 2.105642929999999933e-04
2.195184680000000083e-02 2.105730089999999959e-04
2.205869179999999860e-02 2.126073809999999879e-04
2.216465769999999974e-02 2.131002259999999942e-04
2.227139469999999885e-02 2.131869109999999935e-04
2.237807400000000127e-02 2.131834480000000074e-04
2.248594350000000103e-02 2.119905840000000058e-04
2.259462890000000015e-02 2.120513090000000051e-04
2.270296219999999934e-02 2.119990389999999942e-04
2.281052429999999923e-02 2.112285870000000035e-04
2.291665790000000161e-02 2.114778039999999941e-04
2.302238900000000074e-02 2.116147520000000008e-04
2.312858779999999934e-02 2.112198849999999991e-04
2.323563400000000154e-02 2.115855169999999953e-04
2.334413860000000146e-02 2.109695490000000075e-04
2.345295999999999839e-02 2.109416379999999971e-04
2.356072700000000006e-02 2.118194969999999920e-04
2.366716409999999882e-02 2.113353109999999992e-04
2.377365340000000063e-02 2.098993140000000098e-04
2.388128269999999914e-02 2.097788529999999895e-04
2.398986739999999993e-02 2.078671239999999997e-04
2.409886569999999950e-02 2.077079409999999893e-04
2.420614290000000154e-02 2.109161580000000035e-04
2.431274760000000021e-02 2.116737009999999951e-04
2.441979760000000110e-02 2.122376029999999971e-04
2.452648240000000063e-02 2.122208390000000062e-04
2.463272400000000167e-02 2.129165509999999997e-04
2.473931199999999941e-02 2.130863869999999978e-04
2.484693010000000105e-02 2.118489060000000070e-04
2.495465989999999870e-02 2.117592380000000009e-04
2.506258340000000126e-02 2.111909850000000103e-04
2.517043050000000032e-02 2.109414339999999991e-04
2.527829259999999842e-02 2.110205239999999888e-04
2.538690719999999942e-02 2.115052629999999946e-04
2.549416939999999895e-02 2.143074670000000108e-04
2.559977210000000114e-02 2.140277939999999876e-04
2.570632850000000025e-02 2.116646649999999973e-04
2.581414019999999851e-02 2.118572010000000113e-04
2.592181790000000138e-02 2.126180330000000066e-04
2.602870579999999948e-02 2.124206220000000108e-04
2.613588420000000079e-02 2.121915599999999868e-04
2.624296580000000031e-02 2.120526190000000019e-04
2.634927819999999948e-02 2.121475700000000129e-04
2.645684220000000045e-02 2.129345229999999884e-04
2.656530400000000139e-02 2.136225080000000119e-04
2.667372109999999880e-02 2.135514509999999891e-04
2.678258160000000082e-02 2.126219620000000009e-04
2.689055729999999950e-02 2.120457209999999991e-04
2.699744520000000106e-02 2.130604549999999943e-04
2.710304969999999952e-02 2.126571200000000020e-04
2.720925210000000108e-02 2.097328399999999948e-04
2.731718680000000052e-02 2.097202810000000067e-04
2.742491290000000081e-02 2.100283890000000065e-04
2.753295190000000156e-02 2.100376299999999984e-04
2.764052900000000049e-02 2.108416369999999986e-04
2.774744289999999877e-02 2.110195780000000013e-04
2.785425260000000056e-02 2.124848690000000044e-04
2.796101380000000011e-02 2.129841600000000035e-04
2.806909009999999927e-02 2.113679510000000057e-04
2.817789470000000088e-02 2.112235520000000104e-04
2.828641239999999876e-02 2.113010849999999875e-04
2.839408809999999922e-02 2.105347080000000040e-04
2.850028690000000128e-02 2.108719490000000103e-04
2.860582990000000089e-02 2.108851479999999891e-04
2.871166359999999945e-02 2.104343880000000063e-04
2.881886440000000146e-02 2.110891950000000046e-04
2.892693500000000084e-02 2.122569280000000005e-04
2.903470769999999881e-02 2.125032040000000063e-04
2.914238350000000061e-02 2.125457980000000017e-04
2.924945210000000004e-02 2.121955770000000089e-04
2.935618530000000045e-02 2.117808620000000066e-04
2.946374380000000084e-02 2.118382249999999957e-04
2.957128919999999980e-02 2.120249849999999959e-04
2.967779710000000015e-02 2.117580589999999957e-04
2.978489360000000086e-02 2.108329499999999886e-04
2.989369999999999875e-02 2.115287790000000025e-04
3.000132180000000121e-02 2.146391200000000111e-04
3.010720009999999849e-02 2.147109920000000029e-04
3.021311949999999982e-02 2.148408530000000031e-04
3.031887670000000048e-02 2.144985770000000036e-04
3.042568080000000036e-02 2.118040140000000053e-04
3.053333979999999989e-02 2.116350950000000022e-04
3.064190409999999892e-02 2.104499869999999903e-04
3.075129169999999898e-02 2.105209570000000083e-04
3.085913880000000151e-02 2.124859750000000031e-04
3.096606580000000122e-02 2.126401520000000130e-04
3.107168340000000112e-02 2.152563249999999893e-04
3.117674399999999929e-02 2.155712860000000091e-04
3.128392249999999847e-02 2.129148779999999897e-04
3.139159080000000074e-02 2.125436880000000032e-04
3.149889410000000084e-02 2.121199360000000070e-04
3.160573540000000126e-02 2.116896650000000114e-04
3.171229739999999880e-02 2.117602709999999932e-04
3.181853519999999769e-02 2.115937820000000111e-04
3.192369269999999898e-02 2.121363940000000009e-04
3.203032170000000289e-02 2.132156370000000000e-04
3.213812779999999925e-02 2.142427109999999911e-04
3.224575889999999750e-02 2.142134469999999930e-04
3.235384079999999857e-02 2.133821839999999943e-04
3.246139730000000001e-02 2.130568760000000109e-04
3.256910670000000285e-02 2.126963369999999929e-04
3.267540409999999951e-02 2.117177059999999903e-04
3.278085590000000271e-02 2.096014939999999924e-04
3.288741779999999892e-02 2.095059169999999890e-04
3.299381209999999870e-02 2.095175299999999896e-04
3.310175239999999658e-02 2.101628340000000130e-04
3.320993480000000025e-02 2.115589300000000070e-04
3.331732379999999966e-02 2.118710400000000077e-04
3.342622519999999958e-02 2.110175560000000035e-04
3.353363279999999752e-02 2.098166440000000135e-04
3.363738210000000173e-02 2.117894760000000101e-04
3.374210750000000009e-02 2.130891949999999990e-04
3.385013340000000287e-02 2.111881040000000026e-04
3.396045419999999676e-02 2.115904639999999877e-04
3.406949339999999771e-02 2.148493370000000111e-04
3.417463230000000046e-02 2.139748829999999901e-04
3.427865730000000111e-02 2.133989469999999892e-04
3.438380729999999941e-02 2.138646809999999868e-04
3.449016810000000294e-02 2.139568389999999909e-04
3.459743039999999686e-02 2.145324979999999873e-04
3.470610450000000125e-02 2.129627679999999924e-04
3.481603409999999704e-02 2.128584020000000071e-04
3.492548320000000289e-02 2.133786180000000132e-04
3.503113609999999878e-02 2.115803219999999910e-04
3.513417769999999801e-02 2.109311750000000092e-04
3.523898500000000045e-02 2.117548870000000123e-04
3.534531970000000245e-02 2.123043379999999967e-04
3.545349460000000313e-02 2.136093100000000021e-04
3.556188939999999771e-02 2.160666189999999943e-04
3.566842149999999850e-02 2.158342980000000093e-04
3.577602650000000217e-02 2.134041419999999935e-04
3.588319570000000208e-02 2.119804410000000131e-04
3.598849099999999746e-02 2.111572829999999918e-04
3.609568249999999673e-02 2.122854780000000055e-04
3.620475160000000137e-02 2.130951030000000003e-04
3.631222249999999790e-02 2.124299500000000074e-04
3.641839699999999819e-02 2.119357810000000060e-04
3.652501109999999745e-02 2.120215939999999931e-04
3.663145749999999895e-02 2.125370520000000106e-04
3.673762080000000235e-02 2.122621080000000105e-04
3.684326260000000269e-02 2.123673619999999983e-04
3.694905710000000176e-02 2.127872139999999928e-04
3.705650939999999977e-02 2.112000070000000099e-04
3.716392439999999936e-02 2.106036120000000103e-04
3.727142890000000042e-02 2.095798549999999924e-04
3.738075119999999946e-02 2.103034350000000056e-04
3.748846799999999702e-02 2.141889129999999871e-04
3.759339450000000193e-02 2.136182449999999970e-04
3.769818319999999889e-02 2.122532170000000025e-04
3.780486809999999975e-02 2.131888470000000097e-04
3.791284190000000082e-02 2.136492109999999975e-04
3.802013769999999793e-02 2.134121609999999893e-04
3.812848030000000332e-02 2.118189149999999865e-04
3.823547809999999769e-02 2.104401060000000078e-04
3.833989799999999726e-02 2.101145069999999946e-04
3.844606879999999671e-02 2.110514320000000043e-04
3.855318580000000050e-02 2.120688300000000070e-04
3.866106269999999845e-02 2.125975880000000062e-04
3.876984859999999672e-02 2.125532339999999961e-04
3.887803480000000256e-02 2.124670280000000072e-04
3.898555790000000215e-02 2.141412109999999921e-04
3.909128159999999963e-02 2.136637629999999909e-04
3.919594359999999805e-02 2.132955269999999915e-04
3.930199150000000113e-02 2.139945720000000027e-04
3.940935809999999984e-02 2.137310659999999978e-04
3.951698909999999676e-02 2.135045940000000059e-04
3.962465750000000037e-02 2.128204649999999973e-04
3.973237799999999875e-02 2.128955379999999920e-04
3.983920070000000063e-02 2.154148680000000091e-04
3.994487599999999722e-02 2.156360280000000035e-04
4.005169869999999910e-02 2.135256220000000078e-04
4.015943040000000130e-02 2.133128439999999954e-04
4.026666660000000064e-02 2.135492979999999998e-04
4.037442799999999693e-02 2.136570110000000011e-04
4.048259929999999812e-02 2.132774530000000038e-04
4.058885200000000165e-02 2.122834410000000135e-04
4.069368169999999785e-02 2.118982080000000054e-04
4.080008720000000144e-02 2.127038459999999937e-04
4.090737550000000250e-02 2.142786689999999939e-04
4.101512580000000324e-02 2.151267539999999958e-04
4.112426190000000037e-02 2.143593449999999889e-04
4.123320800000000036e-02 2.139665739999999875e-04
4.134121159999999684e-02 2.144413160000000135e-04
4.145013909999999829e-02 2.148702040000000058e-04
4.155907030000000058e-02 2.160517029999999917e-04
4.166397079999999836e-02 2.143556049999999983e-04
4.176872969999999990e-02 2.106858299999999967e-04
4.187707980000000135e-02 2.115169919999999924e-04
4.198608919999999994e-02 2.119200939999999942e-04
4.209386560000000221e-02 2.113228979999999969e-04
4.219921310000000064e-02 2.137181579999999947e-04
4.230440779999999901e-02 2.141973820000000008e-04
4.241048919999999833e-02 2.140401919999999957e-04
4.251568389999999670e-02 2.137426780000000024e-04
4.262280460000000132e-02 2.105104650000000008e-04
4.273275289999999699e-02 2.110445639999999901e-04
4.284475000000000089e-02 2.082966089999999917e-04
4.295607280000000167e-02 2.069006000000000024e-04
4.306019469999999849e-02 2.150475630000000030e-04
4.316253590000000001e-02 2.166157059999999966e-04
4.326815159999999882e-02 2.154890240000000088e-04
4.337517920000000249e-02 2.162216840000000067e-04
4.348438610000000121e-02 2.146306070000000106e-04
4.359326139999999961e-02 2.138576379999999942e-04
4.370114950000000137e-02 2.141607549999999878e-04
4.380847140000000001e-02 2.139319550000000011e-04
4.391496260000000290e-02 2.138738350000000011e-04
4.402150590000000058e-02 2.135931279999999895e-04
4.413193840000000090e-02 2.063578429999999957e-04
4.424509780000000086e-02 2.056710510000000027e-04
4.435363779999999811e-02 2.114401140000000002e-04
4.445964100000000113e-02 2.120045539999999937e-04
4.456768559999999685e-02 2.109728079999999956e-04
4.467523839999999746e-02 2.103077570000000016e-04
4.477894310000000294e-02 2.140847210000000112e-04
4.488242790000000065e-02 2.153139790000000082e-04
4.498978700000000330e-02 2.122618030000000095e-04
4.510143769999999663e-02 2.134472019999999971e-04
4.521303249999999996e-02 2.168400100000000049e-04
4.532075299999999834e-02 2.160315930000000079e-04
4.542647300000000193e-02 2.179389850000000074e-04
4.553074389999999666e-02 2.177517889999999875e-04
4.563576729999999776e-02 2.151568910000000020e-04
4.574220259999999677e-02 2.150710639999999895e-04
4.584988210000000286e-02 2.127513870000000086e-04
4.595864560000000043e-02 2.122750879999999970e-04
4.606717450000000214e-02 2.113507799999999877e-04
4.617617649999999907e-02 2.115878159999999976e-04
4.628296939999999859e-02 2.159083670000000042e-04
4.638776929999999937e-02 2.162726159999999972e-04
4.649493839999999795e-02 2.141534209999999925e-04
4.660388449999999794e-02 2.144533209999999928e-04
4.671253639999999735e-02 2.149571810000000039e-04
4.682236540000000308e-02 2.155498219999999875e-04
4.693296549999999984e-02 2.159112189999999923e-04
4.704105480000000256e-02 2.148261409999999985e-04
4.714664820000000200e-02 2.159587169999999893e-04
4.725141079999999744e-02 2.158683489999999885e-04
4.735810680000000078e-02 2.132058140000000026e-04
4.746762289999999912e-02 2.139400310000000131e-04
4.757647219999999733e-02 2.162829619999999918e-04
4.768531019999999732e-02 2.171187370000000135e-04
4.779479650000000024e-02 2.183628679999999951e-04
4.790205510000000028e-02 2.171814559999999869e-04
4.800795389999999718e-02 2.161702720000000097e-04
4.811495169999999849e-02 2.167597270000000116e-04
4.822637140000000239e-02 2.118312259999999899e-04
4.833724350000000169e-02 2.097253750000000079e-04
4.844241590000000069e-02 2.125721659999999977e-04
4.854845259999999996e-02 2.141167790000000123e-04
4.865467550000000113e-02 2.180953309999999969e-04
4.876126349999999887e-02 2.194469269999999950e-04
4.886892439999999949e-02 2.213871190000000122e-04
4.897437240000000053e-02 2.210590319999999930e-04
4.908230529999999675e-02 2.168398200000000052e-04
4.919174689999999961e-02 2.162209419999999900e-04
4.930001500000000259e-02 2.156318220000000047e-04
4.940778390000000186e-02 2.151183579999999885e-04
4.951695350000000218e-02 2.113510709999999904e-04
4.962690170000000345e-02 2.101735590000000111e-04
4.973149300000000161e-02 2.158193670000000124e-04
4.983522370000000035e-02 2.176245909999999987e-04
4.994295160000000039e-02 2.159950090000000128e-04
5.005175249999999770e-02 2.160506119999999872e-04
5.016079550000000081e-02 2.166174959999999999e-04
5.026731269999999696e-02 2.153042149999999919e-04
5.037236960000000124e-02 2.132771919999999896e-04
5.047938230000000026e-02 2.137237019999999868e-04
5.058610439999999819e-02 2.154445250000000089e-04
5.069408190000000008e-02 2.165205509999999875e-04
5.080397799999999964e-02 2.163079919999999945e-04
5.091455210000000314e-02 2.169321960000000055e-04
5.102377009999999741e-02 2.217608560000000129e-04
5.112870409999999838e-02 2.209285009999999866e-04
5.123391749999999661e-02 2.173162650000000026e-04
5.134009199999999690e-02 2.165907210000000038e-04
5.144763370000000197e-02 2.122827279999999893e-04
5.155731739999999674e-02 2.117274710000000026e-04
5.166531349999999717e-02 2.130083890000000085e-04
5.177284780000000058e-02 2.134803650000000009e-04
5.187974499999999795e-02 2.166643969999999971e-04
5.198542030000000147e-02 2.170783549999999885e-04
