-5.186875540000000090e-02 2.287467069999999888e-04
-5.178026110000000237e-02 2.140261350000000030e-04
-5.167932439999999711e-02 2.159177239999999934e-04
-5.157598110000000124e-02 2.171273369999999917e-04
-5.147511510000000318e-02 2.163725000000000023e-04
-5.137337000000000153e-02 2.136301629999999986e-04
-5.126899850000000286e-02 2.142122100000000027e-04
-5.116180330000000276e-02 2.103097209999999872e-04
-5.105284229999999812e-02 2.099658159999999918e-04
-5.094624679999999739e-02 2.129653439999999991e-04
-5.084048959999999673e-02 2.132526419999999933e-04
-5.073551829999999735e-02 2.153494420000000103e-04
-5.063043159999999765e-02 2.164642939999999972e-04
-5.052320660000000213e-02 2.159962749999999956e-04
-5.041515829999999865e-02 2.163173780000000033e-04
-5.030504610000000043e-02 2.145820180000000091e-04
-5.019599200000000178e-02 2.133233360000000029e-04
-5.009133000000000335e-02 2.163422759999999914e-04
-4.999024049999999803e-02 2.152798699999999897e-04
-4.988780250000000166e-02 2.100771670000000117e-04
-4.978045450000000149e-02 2.108677580000000058e-04
-4.967182500000000278e-02 2.109367920000000077e-04
-4.956241699999999750e-02 2.117145490000000012e-04
-4.945313190000000247e-02 2.148833879999999903e-04
-4.934636879999999837e-02 2.145134489999999923e-04
-4.924011229999999961e-02 2.135194370000000020e-04
-4.913409049999999806e-02 2.130213689999999949e-04
-4.902662709999999757e-02 2.092331849999999865e-04
-4.891719669999999853e-02 2.087632460000000132e-04
-4.880819100000000077e-02 2.081790440000000006e-04
-4.870626329999999671e-02 2.040102120000000135e-04
-4.861253869999999921e-02 2.060786939999999928e-04
-4.851280150000000096e-02 2.104268640000000112e-04
-4.840711500000000056e-02 2.134031239999999955e-04
-4.830113429999999958e-02 2.146522169999999909e-04
-4.819278049999999730e-02 2.133578379999999961e-04
-4.808511580000000146e-02 2.124795859999999994e-04
-4.797767850000000250e-02 2.104275770000000082e-04
-4.787000269999999724e-02 2.095479719999999968e-04
-4.776399580000000034e-02 2.098988769999999941e-04
-4.765844350000000146e-02 2.100392739999999887e-04
-4.755207899999999710e-02 2.098705299999999911e-04
-4.745211080000000248e-02 2.059653629999999970e-04
-4.735928770000000232e-02 2.062541030000000027e-04
-4.725887630000000228e-02 2.109208139999999931e-04
-4.715267199999999964e-02 2.142090379999999922e-04
-4.704837130000000256e-02 2.139583519999999897e-04
-4.694252089999999961e-02 2.106810569999999867e-04
-4.683534799999999887e-02 2.105837339999999940e-04
-4.672771319999999978e-02 2.095513769999999979e-04
-4.661914329999999884e-02 2.097418180000000076e-04
-4.651126270000000007e-02 2.122183939999999910e-04
-4.640414570000000322e-02 2.126556940000000080e-04
-4.629859330000000300e-02 2.156746339999999964e-04
-4.619825629999999711e-02 2.136237889999999891e-04
-4.610492289999999771e-02 2.196209240000000090e-04
-4.601004350000000021e-02 2.224174389999999891e-04
-4.590411479999999961e-02 2.117606929999999875e-04
-4.579497500000000165e-02 2.101475110000000104e-04
-4.568826780000000143e-02 2.105073799999999950e-04
-4.558229069999999994e-02 2.101987919999999887e-04
-4.547802360000000044e-02 2.113904920000000064e-04
-4.537243020000000099e-02 2.126147160000000063e-04
-4.526484759999999802e-02 2.126883189999999931e-04
-4.515656459999999733e-02 2.128423660000000074e-04
-4.504823310000000136e-02 2.131913930000000007e-04
-4.494096709999999967e-02 2.129668859999999905e-04
-4.483610390000000029e-02 2.163296740000000124e-04
-4.473521190000000203e-02 2.151619990000000016e-04
-4.463173079999999820e-02 2.084061269999999905e-04
-4.452365259999999797e-02 2.087276659999999907e-04
-4.441562289999999996e-02 2.089059420000000100e-04
-4.430763050000000036e-02 2.089484909999999955e-04
-4.420119899999999658e-02 2.116767279999999887e-04
-4.409606750000000241e-02 2.115906539999999874e-04
-4.399082440000000316e-02 2.111662179999999867e-04
-4.388550670000000015e-02 2.113455409999999966e-04
-4.377817359999999769e-02 2.092839280000000004e-04
-4.367018859999999975e-02 2.089360499999999966e-04
-4.356297480000000111e-02 2.084554730000000029e-04
-4.345735159999999930e-02 2.073247160000000078e-04
-4.335406420000000038e-02 2.080824050000000124e-04
-4.324938360000000342e-02 2.089055919999999991e-04
-4.314422229999999997e-02 2.103819569999999882e-04
-4.303805530000000268e-02 2.118005070000000053e-04
-4.292952270000000015e-02 2.118043340000000006e-04
-4.282243179999999788e-02 2.109404010000000068e-04
-4.271668569999999970e-02 2.115722749999999987e-04
-4.261195660000000052e-02 2.111891810000000088e-04
-4.250761489999999726e-02 2.099742999999999998e-04
-4.240230469999999724e-02 2.101179999999999964e-04
-4.229605200000000065e-02 2.089340120000000086e-04
-4.218882689999999686e-02 2.088036560000000076e-04
-4.208319259999999951e-02 2.110926579999999908e-04
-4.197860879999999739e-02 2.115722310000000118e-04
-4.187417780000000228e-02 2.131572689999999880e-04
-4.177035390000000126e-02 2.133657689999999912e-04
-4.166459659999999926e-02 2.115243700000000017e-04
-4.155787450000000133e-02 2.114374950000000026e-04
-4.145083199999999995e-02 2.098582919999999942e-04
-4.134375230000000151e-02 2.093114159999999934e-04
-4.123804720000000257e-02 2.100864659999999886e-04
-4.113287479999999663e-02 2.097610700000000045e-04
-4.102880510000000286e-02 2.107001930000000135e-04
-4.092483969999999999e-02 2.112652729999999976e-04
-4.082285990000000114e-02 2.169627109999999921e-04
-4.072235899999999964e-02 2.181244490000000091e-04
-4.061695929999999816e-02 2.123734300000000108e-04
-4.051082210000000322e-02 2.107481120000000087e-04
-4.040675610000000334e-02 2.096940010000000114e-04
-4.030231389999999747e-02 2.092554350000000115e-04
-4.019773749999999701e-02 2.078150279999999982e-04
-4.009234910000000068e-02 2.080666309999999958e-04
-3.998592499999999855e-02 2.070458580000000077e-04
-3.987842800000000049e-02 2.073190120000000046e-04
-3.977204489999999759e-02 2.107141480000000071e-04
-3.966715929999999751e-02 2.110408970000000059e-04
-3.956412900000000343e-02 2.142535520000000135e-04
-3.946250300000000294e-02 2.145653710000000115e-04
-3.935683890000000323e-02 2.086845050000000112e-04
-3.924864530000000268e-02 2.078047690000000083e-04
-3.914164009999999971e-02 2.073686479999999966e-04
-3.903545440000000255e-02 2.070051269999999949e-04
-3.893063220000000241e-02 2.090592320000000134e-04
-3.882667050000000036e-02 2.092875509999999977e-04
-3.872282059999999915e-02 2.093243669999999873e-04
-3.861756250000000085e-02 2.101844579999999916e-04
-3.851065409999999967e-02 2.098221159999999951e-04
-3.840376439999999836e-02 2.093974759999999965e-04
-3.829875960000000273e-02 2.113687809999999960e-04
-3.819779680000000288e-02 2.099460400000000015e-04
-3.809734430000000227e-02 2.068528269999999930e-04
-3.799316660000000290e-02 2.079662810000000096e-04
-3.788696230000000026e-02 2.084642770000000062e-04
-3.777978939999999952e-02 2.092261130000000013e-04
-3.767302630000000235e-02 2.112277289999999895e-04
-3.756782410000000100e-02 2.110100759999999952e-04
-3.746392949999999972e-02 2.125911999999999984e-04
-3.736057510000000137e-02 2.125488100000000010e-04
-3.725577520000000059e-02 2.100243149999999953e-04
-3.715077790000000102e-02 2.095232050000000003e-04
-3.704475980000000029e-02 2.072170609999999917e-04
-3.693799670000000313e-02 2.068341999999999924e-04
-3.683323410000000075e-02 2.083223810000000111e-04
-3.672874350000000093e-02 2.086969620000000004e-04
-3.662500900000000004e-02 2.110008499999999976e-04
-3.652098770000000022e-02 2.117138939999999893e-04
-3.641492129999999994e-02 2.102857399999999942e-04
-3.630881760000000125e-02 2.100813870000000087e-04
-3.620270639999999956e-02 2.095036029999999925e-04
-3.609780969999999700e-02 2.085680900000000057e-04
-3.599379209999999801e-02 2.082235880000000104e-04
-3.588969260000000189e-02 2.081502460000000108e-04
-3.578602520000000176e-02 2.078867260000000076e-04
-3.568051760000000294e-02 2.089016779999999991e-04
-3.557433559999999967e-02 2.106010649999999962e-04
-3.546848519999999672e-02 2.107263430000000132e-04
-3.536270560000000229e-02 2.111950309999999979e-04
-3.525894880000000203e-02 2.104395240000000024e-04
-3.515498339999999916e-02 2.087849719999999908e-04
-3.505054490000000106e-02 2.084707080000000048e-04
-3.494588660000000346e-02 2.064399889999999987e-04
-3.484006600000000287e-02 2.064085860000000096e-04
-3.473461049999999883e-02 2.069375620000000050e-04
-3.462907669999999716e-02 2.068939939999999984e-04
-3.452531620000000301e-02 2.097267279999999955e-04
-3.442264720000000333e-02 2.103745059999999995e-04
-3.431846570000000179e-02 2.096522220000000120e-04
-3.421323369999999808e-02 2.100185079999999970e-04
-3.410628809999999983e-02 2.089660409999999900e-04
-3.400028120000000292e-02 2.080227709999999904e-04
-3.389609980000000272e-02 2.076527019999999969e-04
-3.379238400000000170e-02 2.072383360000000095e-04
-3.368977079999999763e-02 2.079242839999999868e-04
-3.358528019999999781e-02 2.090136399999999899e-04
-3.347899389999999670e-02 2.090434280000000083e-04
-3.337324409999999769e-02 2.090149359999999884e-04
-3.326744210000000257e-02 2.096439130000000094e-04
-3.316324200000000250e-02 2.089130139999999952e-04
-3.306037559999999709e-02 2.083240110000000032e-04
-3.295750919999999862e-02 2.081126439999999905e-04
-3.285342449999999886e-02 2.054851069999999945e-04
-3.274679180000000106e-02 2.057858510000000105e-04
-3.264052790000000065e-02 2.072466889999999989e-04
-3.253518419999999745e-02 2.075017690000000080e-04
-3.243109959999999903e-02 2.102982980000000135e-04
-3.232871739999999827e-02 2.102864960000000092e-04
-3.222540019999999700e-02 2.094878869999999881e-04
-3.212077919999999781e-02 2.099797569999999872e-04
-3.201520070000000301e-02 2.089527989999999933e-04
-3.190985689999999847e-02 2.084421869999999923e-04
-3.180503850000000049e-02 2.079034750000000042e-04
-3.170061109999999793e-02 2.071917410000000093e-04
-3.159721570000000035e-02 2.069347099999999898e-04
-3.149326150000000130e-02 2.074587680000000126e-04
-3.138875220000000160e-02 2.079903640000000016e-04
-3.128369529999999732e-02 2.085102610000000084e-04
-3.117761759999999882e-02 2.090456839999999927e-04
-3.107291829999999852e-02 2.084128209999999953e-04
-3.096960299999999833e-02 2.081705900000000082e-04
-3.086666019999999983e-02 2.078594700000000091e-04
-3.076376949999999957e-02 2.070843909999999942e-04
-3.065947440000000093e-02 2.073673819999999866e-04
-3.055436350000000079e-02 2.068015159999999990e-04
-3.044888189999999870e-02 2.071024650000000090e-04
-3.034372810000000170e-02 2.092746579999999888e-04
-3.024003100000000055e-02 2.091852950000000109e-04
-3.013707139999999979e-02 2.093790970000000077e-04
-3.003422169999999877e-02 2.093825900000000095e-04
-2.993008119999999994e-02 2.072336649999999985e-04
-2.982461269999999928e-02 2.069734180000000088e-04
-2.971938619999999961e-02 2.066561569999999907e-04
-2.961486019999999900e-02 2.064017750000000115e-04
-2.951120590000000030e-02 2.071452179999999925e-04
-2.940820159999999947e-02 2.070249899999999899e-04
-2.930528110000000033e-02 2.076141679999999874e-04
-2.920156340000000170e-02 2.083034339999999881e-04
-2.909698709999999910e-02 2.079972909999999969e-04
-2.899191339999999950e-02 2.081856220000000081e-04
-2.888674850000000002e-02 2.085557349999999884e-04
-2.878264150000000091e-02 2.077705719999999891e-04
-2.867951989999999868e-02 2.072330099999999866e-04
-2.857655660000000056e-02 2.072267380000000032e-04
-2.847297680000000081e-02 2.069659529999999948e-04
-2.836802420000000130e-02 2.076974199999999892e-04
-2.826286479999999893e-02 2.086003809999999973e-04
-2.815839090000000003e-02 2.085131850000000069e-04
-2.805457449999999853e-02 2.093696529999999867e-04
-2.795139699999999935e-02 2.090110500000000120e-04
-2.784759180000000167e-02 2.069692709999999911e-04
-2.774344200000000010e-02 2.067232270000000070e-04
-2.763894009999999860e-02 2.054597719999999908e-04
-2.753371560000000134e-02 2.054375219999999929e-04
-2.742890829999999891e-02 2.068457690000000061e-04
-2.732488330000000173e-02 2.068859899999999968e-04
-2.722215470000000082e-02 2.083818539999999987e-04
-2.711984699999999901e-02 2.086678579999999865e-04
-2.701638639999999827e-02 2.075362719999999971e-04
-2.691109109999999943e-02 2.079467670000000024e-04
-2.680543250000000030e-02 2.084816220000000066e-04
-2.670164029999999925e-02 2.078380200000000129e-04
-2.659833990000000023e-02 2.076558299999999935e-04
-2.649510089999999873e-02 2.075526860000000042e-04
-2.639195880000000036e-02 2.066419550000000082e-04
-2.628774749999999993e-02 2.069558539999999890e-04
-2.618308180000000068e-02 2.070662890000000099e-04
-2.607790570000000085e-02 2.071286729999999938e-04
-2.597309089999999890e-02 2.079050760000000038e-04
-2.587001029999999938e-02 2.074269000000000113e-04
-2.576737479999999941e-02 2.068394969999999956e-04
-2.566445059999999945e-02 2.068005710000000075e-04
-2.556061739999999916e-02 2.059605759999999887e-04
-2.545574119999999968e-02 2.062855490000000097e-04
-2.535088549999999982e-02 2.064385919999999972e-04
-2.524629239999999844e-02 2.063353600000000071e-04
-2.514295839999999838e-02 2.081528949999999969e-04
-2.503998949999999835e-02 2.083050929999999998e-04
-2.493678410000000137e-02 2.083281579999999938e-04
-2.483343329999999904e-02 2.087069590000000072e-04
-2.472818079999999918e-02 2.073759970000000133e-04
-2.462294879999999894e-02 2.068833709999999993e-04
-2.451910079999999881e-02 2.070345069999999902e-04
-2.441581149999999881e-02 2.067526950000000030e-04
-2.431309599999999932e-02 2.069270849999999917e-04
-2.420970609999999884e-02 2.071121269999999992e-04
-2.410599589999999973e-02 2.070891059999999920e-04
-2.400207890000000122e-02 2.074859799999999972e-04
-2.389743919999999869e-02 2.073838839999999945e-04
-2.379322609999999852e-02 2.070912740000000027e-04
-2.368933889999999889e-02 2.076077359999999928e-04
-2.358610560000000064e-02 2.074021470000000130e-04
-2.348336579999999937e-02 2.068674220000000044e-04
-2.337977100000000058e-02 2.071869089999999912e-04
-2.327565850000000089e-02 2.072043129999999998e-04
-2.317065189999999858e-02 2.074622609999999872e-04
-2.306586500000000137e-02 2.085396989999999888e-04
-2.296285890000000079e-02 2.081421550000000045e-04
-2.285984159999999987e-02 2.078048860000000016e-04
-2.275636049999999952e-02 2.079598339999999936e-04
-2.265243980000000018e-02 2.068689060000000106e-04
-2.254813909999999963e-02 2.067035970000000026e-04
-2.244389620000000057e-02 2.063393189999999900e-04
-2.234000339999999904e-02 2.059975089999999988e-04
-2.223701590000000047e-02 2.065575100000000030e-04
-2.213360929999999907e-02 2.067282909999999926e-04
-2.203025109999999856e-02 2.072789789999999945e-04
-2.192717599999999961e-02 2.075882510000000053e-04
-2.182269280000000145e-02 2.068844620000000038e-04
-2.171786319999999965e-02 2.068396859999999994e-04
-2.161372079999999973e-02 2.070761260000000055e-04
-2.151045580000000151e-02 2.066331650000000032e-04
-2.140810149999999856e-02 2.069237959999999880e-04
-2.130456639999999888e-02 2.074560030000000021e-04
-2.119973299999999838e-02 2.067756719999999963e-04
-2.109501139999999872e-02 2.067457830000000020e-04
-2.099052439999999839e-02 2.070519989999999996e-04
-2.088654599999999889e-02 2.068573960000000050e-04
-2.078279850000000137e-02 2.074853400000000066e-04
-2.068006060000000118e-02 2.071064810000000081e-04
-2.057745310000000036e-02 2.054904620000000100e-04
-2.047366839999999882e-02 2.056174130000000099e-04
-2.036963220000000130e-02 2.055534419999999977e-04
-2.026492170000000065e-02 2.056545489999999949e-04
-2.016069369999999930e-02 2.067412720000000022e-04
-2.005764469999999841e-02 2.067058229999999984e-04
-1.995466090000000067e-02 2.074986840000000022e-04
-1.985153179999999892e-02 2.078711110000000062e-04
-1.974778989999999984e-02 2.070979389999999878e-04
-1.964355630000000005e-02 2.071146880000000116e-04
-1.953915510000000036e-02 2.068802570000000010e-04
-1.943502019999999997e-02 2.063541760000000115e-04
-1.933195630000000137e-02 2.066806049999999880e-04
-1.922948099999999966e-02 2.067278689999999983e-04
-1.912675239999999874e-02 2.064408760000000051e-04
-1.902326199999999912e-02 2.067925520000000116e-04
-1.891880480000000114e-02 2.069371989999999918e-04
-1.881450789999999929e-02 2.068941389999999882e-04
-1.871076409999999912e-02 2.069135080000000055e-04
-1.860776360000000046e-02 2.064733420000000022e-04
-1.850512249999999859e-02 2.058494279999999979e-04
-1.840149979999999852e-02 2.059337129999999920e-04
-1.829744319999999924e-02 2.054498910000000084e-04
-1.819312199999999907e-02 2.057139940000000131e-04
-1.808878969999999989e-02 2.072092469999999899e-04
-1.798509809999999931e-02 2.073645010000000060e-04
-1.788207140000000125e-02 2.081201820000000110e-04
-1.777983459999999891e-02 2.079171830000000091e-04
-1.767724379999999901e-02 2.067623280000000007e-04
-1.757342370000000015e-02 2.068038159999999973e-04
-1.746907459999999870e-02 2.060409319999999885e-04
-1.736527870000000029e-02 2.057149539999999989e-04
-1.726196519999999984e-02 2.056128290000000037e-04
-1.715899259999999898e-02 2.053723440000000059e-04
-1.705611120000000147e-02 2.056347440000000121e-04
-1.695265430000000156e-02 2.060760159999999871e-04
-1.684910059999999987e-02 2.063627910000000111e-04
-1.674554680000000031e-02 2.064660369999999994e-04
-1.664188689999999970e-02 2.065745789999999949e-04
-1.653839090000000164e-02 2.062337300000000127e-04
-1.643534940000000028e-02 2.060460249999999938e-04
-1.633294490000000015e-02 2.058778189999999877e-04
-1.622996479999999977e-02 2.052283959999999974e-04
-1.612621549999999904e-02 2.054556240000000042e-04
-1.602270449999999846e-02 2.057055830000000115e-04
-1.591912839999999954e-02 2.058353420000000127e-04
-1.581585970000000049e-02 2.067092569999999920e-04
-1.571284230000000171e-02 2.065913580000000073e-04
-1.560994240000000005e-02 2.064597210000000021e-04
-1.550769989999999966e-02 2.062998680000000125e-04
-1.540454290000000011e-02 2.043391429999999941e-04
-1.530053840000000082e-02 2.041396659999999866e-04
-1.519678529999999965e-02 2.047748570000000059e-04
-1.509336380000000054e-02 2.048063469999999997e-04
-1.499089600000000008e-02 2.057093659999999929e-04
-1.488836200000000047e-02 2.060741829999999930e-04
-1.478542480000000041e-02 2.064132280000000009e-04
-1.468189810000000012e-02 2.066077000000000039e-04
-1.457789169999999974e-02 2.063502179999999976e-04
-1.447441520000000009e-02 2.062209390000000028e-04
-1.437062769999999934e-02 2.061238919999999915e-04
-1.426738219999999953e-02 2.057643290000000038e-04
-1.416526459999999966e-02 2.058689130000000125e-04
-1.406289259999999978e-02 2.060600379999999996e-04
-1.396001409999999936e-02 2.057461529999999900e-04
-1.385615859999999970e-02 2.059389369999999888e-04
-1.375228730000000073e-02 2.064475409999999903e-04
-1.364953070000000067e-02 2.062424900000000021e-04
-1.354696879999999978e-02 2.059979020000000005e-04
-1.344497589999999951e-02 2.055690709999999973e-04
-1.334256680000000042e-02 2.044582799999999922e-04
-1.323932599999999918e-02 2.045561849999999904e-04
-1.313619970000000012e-02 2.042422709999999883e-04
-1.303273909999999938e-02 2.043301499999999871e-04
-1.292977950000000036e-02 2.054113569999999988e-04
-1.282673609999999964e-02 2.055702929999999934e-04
-1.272397859999999971e-02 2.064839059999999931e-04
-1.262211710000000001e-02 2.065562000000000062e-04
-1.251902520000000053e-02 2.054876089999999988e-04
-1.241541099999999946e-02 2.054154470000000004e-04
-1.231225489999999978e-02 2.052003840000000111e-04
-1.220943690000000047e-02 2.049199680000000023e-04
-1.210705660000000079e-02 2.048714959999999941e-04
-1.200489419999999953e-02 2.047228919999999959e-04
-1.190288739999999928e-02 2.045698059999999905e-04
-1.179989990000000072e-02 2.048242309999999877e-04
-1.169651560000000041e-02 2.048706959999999923e-04
-1.159358020000000010e-02 2.048964230000000018e-04
-1.149030589999999914e-02 2.051754849999999999e-04
-1.138759030000000005e-02 2.049399770000000101e-04
-1.128555460000000080e-02 2.046416339999999954e-04
-1.118351430000000084e-02 2.045369910000000057e-04
-1.108125689999999927e-02 2.038839449999999909e-04
-1.097773110000000059e-02 2.041316469999999907e-04
-1.087431240000000070e-02 2.049984759999999866e-04
-1.077188460000000000e-02 2.049936159999999989e-04
-1.066973340000000083e-02 2.054366049999999978e-04
-1.056792680000000033e-02 2.053893399999999914e-04
-1.046555119999999922e-02 2.050851910000000015e-04
-1.036295020000000018e-02 2.051100450000000028e-04
-1.026022149999999966e-02 2.041896220000000010e-04
-1.015736069999999963e-02 2.039378010000000071e-04
-1.005504469999999977e-02 2.041490080000000085e-04
-9.952466000000000090e-03 2.041049160000000086e-04
-9.850082919999999381e-03 2.043093699999999971e-04
-9.748209270000000523e-03 2.043552520000000003e-04
-9.645812210000000164e-03 2.043833369999999931e-04
-9.543100369999999930e-03 2.045831640000000116e-04
-9.440390389999999202e-03 2.043680720000000026e-04
-9.337885310000000258e-03 2.041671829999999993e-04
-9.235779750000000857e-03 2.042756969999999983e-04
-9.133439510000000705e-03 2.041773840000000041e-04
-9.031385180000000429e-03 2.043791169999999960e-04
-8.929732259999999949e-03 2.044889409999999918e-04
-8.827661159999999896e-03 2.040998809999999884e-04
-8.725210089999999377e-03 2.041874539999999902e-04
-8.622450749999999858e-03 2.046886660000000113e-04
-8.520168249999999707e-03 2.045826109999999986e-04
-8.418485519999999514e-03 2.045128639999999997e-04
-8.316941560000000802e-03 2.044040449999999997e-04
-8.215256040000000481e-03 2.038653620000000042e-04
-8.112769569999999167e-03 2.038745009999999970e-04
-8.010099640000000604e-03 2.035965150000000091e-04
-7.907943799999999149e-03 2.034658540000000072e-04
-7.805629169999999881e-03 2.036082009999999891e-04
-7.703557140000000074e-03 2.035141809999999984e-04
-7.602197580000000059e-03 2.036711380000000131e-04
-7.500694129999999939e-03 2.038141250000000126e-04
-7.398791610000000213e-03 2.035447980000000111e-04
-7.296282329999999837e-03 2.035347419999999961e-04
-7.193864789999999780e-03 2.036607909999999953e-04
-7.092236079999999707e-03 2.035099610000000014e-04
-6.990878839999999962e-03 2.035427020000000109e-04
-6.889447570000000257e-03 2.035990040000000112e-04
-6.787351330000000044e-03 2.034169590000000087e-04
-6.685059979999999694e-03 2.034685169999999915e-04
-6.583120209999999625e-03 2.034278299999999927e-04
-6.481315470000000370e-03 2.033322669999999876e-04
-6.379809699999999979e-03 2.035667279999999867e-04
-6.278072019999999913e-03 2.035134239999999875e-04
-6.176266819999999894e-03 2.032532360000000060e-04
-6.074885369999999743e-03 2.031823389999999944e-04
-5.972875750000000358e-03 2.027062149999999882e-04
-5.870471240000000278e-03 2.027725129999999993e-04
-5.768728439999999853e-03 2.032937479999999994e-04
-5.667402870000000197e-03 2.032309709999999866e-04
-5.566243079999999913e-03 2.033336639999999891e-04
-5.464636259999999975e-03 2.033621129999999911e-04
-5.362865050000000314e-03 2.031661720000000032e-04
-5.261218639999999842e-03 2.032968330000000051e-04
-5.159304479999999790e-03 2.032140179999999919e-04
-5.057667850000000138e-03 2.030180189999999918e-04
-4.955945070000000383e-03 2.030972100000000117e-04
-4.854356869999999768e-03 2.030447939999999879e-04
-4.753221759999999747e-03 2.028859020000000073e-04
-4.651939960000000401e-03 2.029165919999999994e-04
-4.550608339999999766e-03 2.029185269999999924e-04
-4.448721650000000104e-03 2.029756870000000066e-04
-4.346725529999999685e-03 2.029513849999999952e-04
-4.245412070000000211e-03 2.028089069999999946e-04
-4.143874159999999876e-03 2.028041490000000060e-04
-4.042335789999999644e-03 2.028022719999999981e-04
-3.941221160000000188e-03 2.027363950000000124e-04
-3.839940760000000019e-03 2.028124289999999890e-04
-3.738569560000000111e-03 2.028724990000000034e-04
-3.636803939999999798e-03 2.028546300000000097e-04
-3.535124240000000074e-03 2.029480089999999867e-04
-3.434060609999999795e-03 2.028882449999999964e-04
-3.333042139999999910e-03 2.027977320000000057e-04
-3.232004120000000081e-03 2.027768790000000093e-04
-3.130387049999999900e-03 2.025201680000000121e-04
-3.028657519999999794e-03 2.024951829999999922e-04
-2.927471880000000019e-03 2.025668800000000056e-04
-2.826472280000000194e-03 2.024810820000000127e-04
-2.725588389999999885e-03 2.024365090000000103e-04
-2.624191809999999909e-03 2.024527780000000006e-04
-2.522700000000000116e-03 2.023395210000000072e-04
-2.421600510000000012e-03 2.023388220000000084e-04
-2.320499629999999824e-03 2.023349659999999935e-04
-2.219439479999999951e-03 2.023092530000000094e-04
-2.118039410000000042e-03 2.024360579999999964e-04
-2.016740150000000207e-03 2.024210990000000030e-04
-1.915866970000000037e-03 2.023242120000000028e-04
-1.814934430000000052e-03 2.023249110000000016e-04
-1.713874279999999962e-03 2.021136900000000019e-04
-1.612311690000000014e-03 2.020640089999999999e-04
-1.510910459999999971e-03 2.021952240000000108e-04
-1.410063820000000004e-03 2.021848050000000098e-04
-1.308769339999999934e-03 2.021737309999999967e-04
-1.207479389999999977e-03 2.021668619999999865e-04
-1.106661739999999965e-03 2.021707479999999900e-04
-1.005834900000000028e-03 2.021777180000000032e-04
-9.049209180000000480e-04 2.020517710000000031e-04
-8.036032089999999885e-04 2.019738020000000063e-04
-7.023898649999999995e-04 2.019316890000000134e-04
-6.015885160000000124e-04 2.019442039999999876e-04
-5.008160950000000106e-04 2.020270190000000008e-04
-4.001388440000000122e-04 2.019999230000000135e-04
-2.989615309999999783e-04 2.018545780000000035e-04
-1.977644719999999969e-04 2.018366789999999941e-04
-9.709534790000000500e-05 2.018177770000000081e-04
3.588915660000000117e-06 2.018510570000000052e-04
1.042836229999999950e-04 2.018399969999999904e-04
2.054704380000000078e-04 2.018875529999999995e-04
3.066572540000000167e-04 2.019560920000000007e-04
4.074089519999999904e-04 2.019944510000000048e-04
5.086516030000000224e-04 2.020464600000000015e-04
6.098768790000000384e-04 2.020547540000000098e-04
7.106276460000000459e-04 2.021051480000000088e-04
8.114792869999999788e-04 2.021839749999999923e-04
9.124284839999999763e-04 2.022401749999999936e-04
1.013773259999999976e-03 2.022225820000000084e-04
1.115086720000000101e-03 2.022258559999999907e-04
1.215998779999999954e-03 2.022613039999999985e-04
1.317343560000000047e-03 2.024033749999999991e-04
1.418660630000000058e-03 2.024378479999999997e-04
1.519609710000000089e-03 2.023816489999999944e-04
1.620651689999999924e-03 2.024172279999999938e-04
1.721729640000000013e-03 2.024559799999999996e-04
1.823191650000000053e-03 2.024248529999999918e-04
1.924551559999999970e-03 2.025082650000000048e-04
2.025428689999999969e-03 2.025242569999999905e-04
2.126406879999999909e-03 2.024009739999999978e-04
2.227595079999999863e-03 2.024823040000000088e-04
2.329211449999999805e-03 2.027605370000000126e-04
2.430757039999999810e-03 2.028185259999999940e-04
2.531898669999999799e-03 2.028863529999999941e-04
2.633403749999999911e-03 2.028526939999999936e-04
2.734872509999999868e-03 2.028186860000000052e-04
2.835984110000000155e-03 2.028680459999999887e-04
2.937188600000000070e-03 2.028507009999999883e-04
3.038441759999999797e-03 2.028736489999999890e-04
3.140155459999999839e-03 2.029366150000000055e-04
3.241810249999999786e-03 2.029237950000000032e-04
3.342914859999999815e-03 2.030381290000000027e-04
3.443995029999999923e-03 2.030646430000000117e-04
3.545114770000000210e-03 2.030723990000000013e-04
3.646845929999999875e-03 2.031657500000000089e-04
3.748724470000000010e-03 2.031790940000000045e-04
3.850082170000000085e-03 2.031478070000000127e-04
3.951983989999999572e-03 2.029212920000000029e-04
4.053833429999999759e-03 2.028082959999999966e-04
4.154971799999999764e-03 2.029129390000000135e-04
4.256250339999999993e-03 2.030350299999999987e-04
4.357638300000000152e-03 2.031920010000000116e-04
4.459640939999999672e-03 2.033407070000000088e-04
4.561781420000000052e-03 2.035232610000000102e-04
4.663307220000000204e-03 2.034968490000000003e-04
4.764727780000000204e-03 2.035989459999999990e-04
4.865890369999999708e-03 2.034814680000000126e-04
4.967638760000000347e-03 2.029468310000000046e-04
5.069729870000000242e-03 2.029594620000000032e-04
5.171357649999999695e-03 2.029982130000000131e-04
5.273676009999999671e-03 2.031496410000000028e-04
5.375954789999999942e-03 2.036358930000000073e-04
5.477506200000000110e-03 2.036511869999999903e-04
5.578992419999999688e-03 2.038014210000000076e-04
5.680447439999999903e-03 2.038368689999999882e-04
5.782551129999999838e-03 2.036247750000000074e-04
5.884920709999999847e-03 2.037079540000000027e-04
5.986981090000000234e-03 2.036827499999999905e-04
6.088865459999999626e-03 2.035676440000000129e-04
6.190317219999999857e-03 2.039707319999999892e-04
6.292170379999999924e-03 2.040791299999999910e-04
6.394152059999999929e-03 2.041637490000000057e-04
6.495971229999999638e-03 2.043743730000000057e-04
6.598466080000000428e-03 2.046075819999999931e-04
6.700930649999999912e-03 2.046736480000000097e-04
6.803200110000000127e-03 2.044081480000000035e-04
6.905188779999999957e-03 2.041437399999999978e-04
7.006762550000000117e-03 2.041030529999999989e-04
7.108881140000000362e-03 2.041380210000000002e-04
7.211199500000000338e-03 2.039028190000000075e-04
7.313476880000000131e-03 2.040710390000000118e-04
7.415794300000000394e-03 2.044716969999999944e-04
7.518023250000000282e-03 2.045634460000000064e-04
7.620452899999999655e-03 2.052584459999999989e-04
7.722424339999999811e-03 2.052334750000000044e-04
7.824298929999999250e-03 2.045493889999999866e-04
7.926992140000000200e-03 2.045159639999999997e-04
8.029689079999999257e-03 2.044183780000000008e-04
8.132265879999999586e-03 2.045893780000000099e-04
8.234901350000000536e-03 2.049669270000000116e-04
8.337091649999999604e-03 2.048369349999999928e-04
8.439380680000000551e-03 2.050860199999999958e-04
8.541690189999999461e-03 2.051872730000000060e-04
8.643916810000000853e-03 2.048306920000000019e-04
8.746376260000000846e-03 2.048425519999999913e-04
8.848980069999999934e-03 2.046352020000000009e-04
8.952050470000000315e-03 2.045617150000000114e-04
9.054915979999999739e-03 2.046993469999999955e-04
9.156965649999999554e-03 2.045373840000000074e-04
9.259337560000000661e-03 2.043222340000000134e-04
9.362316690000000580e-03 2.046100130000000101e-04
9.465075099999999478e-03 2.050053440000000008e-04
9.567910810000000016e-03 2.051944030000000033e-04
9.670762350000000618e-03 2.056924419999999908e-04
9.773701430000000107e-03 2.056438099999999985e-04
9.876422580000000437e-03 2.058709069999999867e-04
9.978384709999999630e-03 2.057777600000000042e-04
1.008130330000000033e-02 2.047018350000000015e-04
1.018490359999999970e-02 2.047236340000000126e-04
1.028797029999999925e-02 2.048980679999999881e-04
1.039112170000000036e-02 2.050117759999999954e-04
1.049396120000000050e-02 2.058489339999999932e-04
1.059676520000000025e-02 2.058489630000000128e-04
1.069952549999999940e-02 2.059209799999999944e-04
1.080202220000000060e-02 2.060690460000000009e-04
1.090489510000000085e-02 2.058552639999999888e-04
1.100805120000000054e-02 2.059477119999999996e-04
1.111191979999999989e-02 2.057949459999999895e-04
1.121574640000000053e-02 2.057155509999999987e-04
1.131843310000000061e-02 2.066186130000000098e-04
1.142061219999999933e-02 2.066388700000000025e-04
1.152313309999999924e-02 2.061234120000000121e-04
1.162691509999999942e-02 2.064133439999999982e-04
1.173092889999999971e-02 2.068295580000000010e-04
1.183431499999999977e-02 2.068830650000000023e-04
1.193827390000000085e-02 2.068582690000000132e-04
1.204158179999999939e-02 2.064582950000000080e-04
1.214392480000000066e-02 2.061754059999999875e-04
1.224663290000000022e-02 2.062933199999999936e-04
1.234982999999999914e-02 2.058049579999999905e-04
1.245390069999999932e-02 2.058736140000000121e-04
1.255777660000000073e-02 2.063923019999999980e-04
1.266090199999999992e-02 2.064096920000000083e-04
1.276397710000000060e-02 2.073250649999999957e-04
1.286674569999999955e-02 2.074706280000000020e-04
1.296964850000000002e-02 2.068679020000000108e-04
1.307299640000000006e-02 2.069181359999999986e-04
1.317671030000000000e-02 2.064453000000000002e-04
1.328124850000000044e-02 2.064879370000000135e-04
1.338555760000000039e-02 2.069890620000000027e-04
1.348867919999999915e-02 2.067381279999999882e-04
1.359129790000000032e-02 2.068768230000000074e-04
1.369416340000000065e-02 2.070749470000000003e-04
1.379820149999999926e-02 2.064544820000000110e-04
1.390266599999999929e-02 2.064876899999999976e-04
1.400659330000000001e-02 2.066950399999999881e-04
1.411075609999999994e-02 2.066298620000000012e-04
1.421465069999999949e-02 2.068965399999999895e-04
1.431751440000000007e-02 2.066553279999999964e-04
1.442036130000000013e-02 2.060157999999999868e-04
1.452414320000000071e-02 2.063459830000000063e-04
1.462876240000000015e-02 2.066490560000000130e-04
1.473322420000000056e-02 2.066650340000000005e-04
1.483689340000000044e-02 2.072483480000000106e-04
1.494030279999999933e-02 2.073027720000000069e-04
1.504326329999999996e-02 2.082058490000000123e-04
1.514655820000000014e-02 2.084489390000000093e-04
1.525090909999999959e-02 2.073645010000000060e-04
1.535517349999999948e-02 2.072046189999999968e-04
1.545974330000000029e-02 2.070332849999999942e-04
1.556445750000000003e-02 2.070595950000000051e-04
1.566833440000000091e-02 2.077455869999999963e-04
1.577157150000000133e-02 2.076081439999999888e-04
1.587464660000000027e-02 2.074977089999999950e-04
1.597864740000000047e-02 2.077318499999999989e-04
1.608312500000000020e-02 2.075915249999999877e-04
1.618750769999999922e-02 2.077674000000000057e-04
1.629202440000000057e-02 2.080332340000000055e-04
1.639610530000000163e-02 2.078670800000000129e-04
1.650020480000000123e-02 2.081562999999999979e-04
1.660367290000000148e-02 2.078796240000000068e-04
1.670675909999999945e-02 2.069591429999999928e-04
1.681159999999999946e-02 2.073984800000000018e-04
1.691669039999999999e-02 2.082012069999999938e-04
1.702100600000000172e-02 2.083068680000000087e-04
1.712541100000000011e-02 2.084513400000000106e-04
1.722937819999999925e-02 2.082421119999999890e-04
1.733311449999999990e-02 2.088355829999999900e-04
1.743664970000000092e-02 2.089274790000000110e-04
1.754075100000000026e-02 2.074449289999999891e-04
1.764544289999999890e-02 2.072649369999999961e-04
1.775020919999999863e-02 2.066389859999999998e-04
1.785515439999999995e-02 2.062384159999999908e-04
1.795878819999999904e-02 2.073103820000000107e-04
1.806183160000000149e-02 2.076238890000000128e-04
1.816580820000000124e-02 2.077301909999999872e-04
1.827036400000000074e-02 2.081179549999999921e-04
1.837524589999999999e-02 2.078660040000000027e-04
1.848012019999999839e-02 2.077718240000000008e-04
1.858462019999999881e-02 2.081380949999999915e-04
1.868899909999999914e-02 2.079140249999999969e-04
1.879286390000000154e-02 2.081479760000000010e-04
1.889647729999999887e-02 2.083634610000000117e-04
1.900120640000000152e-02 2.078853290000000061e-04
1.910668979999999989e-02 2.081659910000000077e-04
1.921167970000000128e-02 2.089838090000000078e-04
1.931614060000000008e-02 2.089621700000000078e-04
1.942033879999999907e-02 2.093439400000000027e-04
1.952435640000000153e-02 2.090883789999999911e-04
1.962832919999999912e-02 2.084517039999999927e-04
1.973256840000000081e-02 2.086664900000000046e-04
1.983768870000000156e-02 2.077996909999999973e-04
1.994284240000000069e-02 2.075063529999999871e-04
2.004770930000000090e-02 2.079517289999999890e-04
2.015235279999999865e-02 2.079802509999999975e-04
2.025556560000000075e-02 2.096623360000000121e-04
2.035890710000000034e-02 2.103446459999999978e-04
2.046348710000000029e-02 2.101683059999999946e-04
2.056877689999999856e-02 2.102436699999999921e-04
2.067471300000000081e-02 2.093750659999999873e-04
2.077976800000000054e-02 2.088182660000000132e-04
2.088447469999999903e-02 2.086365280000000038e-04
2.098891879999999904e-02 2.084119479999999871e-04
2.109237019999999838e-02 2.086522139999999925e-04
2.119643239999999956e-02 2.091063799999999995e-04
2.130118569999999920e-02 2.092168580000000112e-04
2.140684979999999890e-02 2.095183439999999896e-04
2.151282319999999956e-02 2.098424879999999891e-04
2.161762119999999926e-02 2.095387030000000084e-04
2.172253279999999953e-02 2.092920619999999975e-04
2.182650189999999976e-02 2.086350719999999941e-04
2.193010230000000046e-02 2.066313169999999878e-04
2.203516850000000055e-02 2.067910829999999997e-04
2.214044329999999977e-02 2.068841129999999888e-04
2.224668299999999974e-02 2.072124329999999986e-04
2.235266749999999941e-02 2.085531009999999966e-04
2.245736679999999971e-02 2.085461600000000030e-04
2.256086649999999860e-02 2.105166789999999991e-04
2.266394719999999946e-02 2.109768540000000103e-04
2.276914190000000129e-02 2.095279920000000086e-04
2.287470739999999947e-02 2.092264329999999966e-04
2.298025230000000016e-02 2.076256789999999890e-04
2.308629450000000000e-02 2.070645860000000114e-04
2.319076659999999915e-02 2.081263230000000028e-04
2.329475619999999900e-02 2.085017039999999939e-04
2.339848690000000120e-02 2.099714039999999978e-04
2.350233679999999895e-02 2.105719760000000036e-04
2.360840889999999900e-02 2.093311780000000125e-04
2.371485350000000075e-02 2.091081700000000027e-04
2.382047849999999883e-02 2.090597410000000125e-04
2.392528210000000044e-02 2.085483570000000062e-04
2.402902390000000166e-02 2.088991460000000063e-04
2.413311599999999960e-02 2.089509220000000124e-04
2.423777800000000149e-02 2.081461280000000127e-04
2.434383329999999929e-02 2.089740159999999990e-04
2.445019600000000043e-02 2.115558889999999881e-04
2.455547270000000074e-02 2.118378030000000014e-04
2.466045879999999996e-02 2.123106389999999998e-04
2.476428079999999990e-02 2.117811239999999897e-04
2.486814929999999965e-02 2.102347060000000047e-04
2.497334409999999935e-02 2.101896529999999958e-04
2.507961909999999878e-02 2.082711140000000039e-04
2.518556450000000030e-02 2.076677479999999951e-04
2.529026200000000085e-02 2.080703269999999996e-04
2.539486250000000042e-02 2.081579149999999957e-04
2.549923579999999884e-02 2.095691890000000025e-04
2.560340989999999872e-02 2.099583939999999957e-04
2.570767139999999978e-02 2.100998539999999982e-04
2.581297789999999898e-02 2.104898739999999874e-04
2.591959200000000171e-02 2.093936200000000086e-04
2.602530830000000100e-02 2.087450849999999936e-04
2.612979520000000000e-02 2.089858899999999867e-04
2.623432129999999848e-02 2.090950290000000091e-04
2.633916769999999907e-02 2.096520470000000065e-04
2.644413519999999976e-02 2.099249249999999949e-04
2.654878800000000025e-02 2.104171289999999875e-04
2.665407960000000173e-02 2.109794299999999899e-04
2.676027079999999947e-02 2.110395579999999895e-04
2.686612680000000086e-02 2.105727909999999996e-04
2.697142400000000079e-02 2.102107829999999968e-04
2.707536149999999892e-02 2.095524979999999909e-04
2.717963610000000141e-02 2.079513800000000012e-04
2.728517730000000127e-02 2.081346030000000129e-04
2.739059370000000021e-02 2.080629059999999995e-04
2.749675879999999989e-02 2.084870789999999940e-04
2.760298549999999976e-02 2.095606760000000019e-04
2.770852479999999854e-02 2.092479989999999901e-04
2.781236730000000157e-02 2.112032959999999866e-04
2.791528589999999962e-02 2.116405379999999913e-04
2.802025899999999875e-02 2.102356080000000055e-04
2.812645210000000104e-02 2.104619490000000058e-04
2.823258749999999970e-02 2.103921719999999912e-04
2.833834099999999953e-02 2.101382419999999948e-04
2.844338119999999942e-02 2.106246389999999892e-04
2.854859460000000113e-02 2.106167810000000005e-04
2.865320439999999996e-02 2.115935349999999951e-04
2.875703389999999943e-02 2.117638649999999980e-04
2.886220069999999999e-02 2.100148269999999875e-04
2.896847199999999858e-02 2.100447160000000089e-04
2.907542509999999983e-02 2.097802060000000042e-04
2.918141520000000141e-02 2.091078790000000000e-04
2.928548870000000082e-02 2.096446839999999915e-04
2.938919510000000124e-02 2.096174870000000012e-04
2.949319779999999905e-02 2.090458290000000096e-04
2.959907050000000137e-02 2.096772219999999990e-04
2.970575170000000140e-02 2.100883280000000024e-04
2.981200070000000063e-02 2.102627909999999975e-04
2.991821429999999907e-02 2.116016260000000014e-04
3.002328979999999842e-02 2.114006200000000048e-04
3.012763710000000011e-02 2.112571959999999895e-04
3.023191169999999914e-02 2.111609059999999892e-04
3.033684190000000142e-02 2.097946559999999986e-04
3.044308719999999982e-02 2.098062540000000050e-04
3.054946099999999998e-02 2.096303800000000100e-04
3.065523510000000076e-02 2.094913509999999973e-04
3.076096249999999907e-02 2.099695700000000077e-04
3.086553699999999845e-02 2.094488879999999934e-04
3.096914109999999998e-02 2.088267940000000081e-04
3.107407499999999961e-02 2.094030350000000099e-04
3.118029610000000104e-02 2.088565959999999977e-04
3.128726410000000346e-02 2.088232870000000080e-04
3.139356900000000311e-02 2.098410619999999951e-04
3.149894250000000173e-02 2.099321279999999987e-04
3.160391380000000111e-02 2.108509220000000044e-04
3.170848269999999858e-02 2.109419729999999866e-04
3.181343899999999891e-02 2.113444499999999921e-04
3.191886099999999976e-02 2.117656400000000069e-04
3.202525149999999737e-02 2.105156749999999993e-04
3.213206309999999677e-02 2.103189329999999866e-04
3.223750370000000309e-02 2.120611460000000007e-04
3.234251590000000037e-02 2.121397700000000094e-04
3.244771440000000090e-02 2.120328570000000099e-04
3.255228699999999920e-02 2.119049599999999953e-04
3.265797720000000043e-02 2.104828020000000023e-04
3.276478499999999766e-02 2.106409080000000065e-04
3.287167850000000113e-02 2.101370479999999953e-04
3.297854210000000091e-02 2.099389380000000007e-04
3.308400880000000183e-02 2.117276309999999867e-04
3.318820150000000024e-02 2.113206720000000011e-04
3.329232709999999790e-02 2.102984439999999993e-04
3.339789060000000059e-02 2.110783680000000075e-04
3.350475430000000171e-02 2.118835690000000073e-04
3.361156209999999894e-02 2.121447469999999903e-04
3.371817249999999738e-02 2.124024900000000108e-04
3.382344169999999817e-02 2.116908870000000075e-04
3.392765670000000289e-02 2.114796520000000095e-04
3.403227030000000042e-02 2.113566150000000096e-04
3.413796420000000248e-02 2.092181820000000062e-04
3.424514459999999927e-02 2.096255050000000010e-04
3.435217220000000293e-02 2.110123749999999975e-04
3.445810080000000220e-02 2.108566699999999945e-04
3.456359729999999852e-02 2.119454579999999904e-04
3.466852010000000262e-02 2.119940760000000115e-04
3.477322680000000110e-02 2.116936960000000048e-04
3.487848119999999857e-02 2.116263059999999932e-04
3.498507289999999714e-02 2.092140930000000007e-04
3.509227189999999941e-02 2.089951300000000096e-04
3.519879280000000332e-02 2.095132949999999983e-04
3.530497850000000049e-02 2.094993979999999897e-04
3.541052339999999771e-02 2.113178630000000038e-04
3.551556539999999734e-02 2.116704420000000070e-04
3.562090169999999889e-02 2.113623340000000072e-04
3.572672980000000248e-02 2.115485990000000067e-04
3.583292660000000213e-02 2.114555829999999886e-04
3.594021129999999675e-02 2.117877159999999954e-04
3.604783859999999979e-02 2.121444409999999933e-04
3.615337610000000229e-02 2.113088989999999893e-04
3.625806790000000307e-02 2.111943900000000113e-04
3.636322539999999742e-02 2.114305830000000016e-04
3.646844250000000343e-02 2.111883219999999989e-04
3.657500069999999881e-02 2.119075939999999871e-04
3.668237480000000050e-02 2.125374299999999910e-04
3.678937260000000181e-02 2.122443980000000049e-04
3.689613939999999981e-02 2.118133849999999927e-04
3.700137139999999658e-02 2.110286000000000009e-04
3.710514310000000149e-02 2.112867079999999995e-04
3.720981999999999762e-02 2.119234270000000119e-04
3.731647130000000090e-02 2.112029619999999930e-04
3.742434459999999935e-02 2.116782269999999892e-04
3.753181919999999672e-02 2.128642659999999945e-04
3.763896230000000204e-02 2.128026100000000019e-04
3.774502500000000149e-02 2.144289609999999963e-04
3.784934060000000322e-02 2.142579609999999872e-04
3.795407709999999712e-02 2.130867939999999978e-04
3.805985299999999766e-02 2.132876690000000029e-04
3.816715629999999776e-02 2.121057479999999956e-04
3.827561439999999787e-02 2.123754380000000103e-04
3.838343920000000103e-02 2.133773809999999957e-04
3.848935660000000342e-02 2.125897299999999904e-04
3.859395160000000241e-02 2.126051840000000117e-04
3.869904949999999899e-02 2.126247420000000057e-04
3.880479929999999800e-02 2.115988749999999892e-04
3.891143579999999796e-02 2.120527930000000113e-04
3.901940959999999903e-02 2.118946289999999949e-04
3.912712260000000136e-02 2.116855610000000117e-04
3.923317419999999833e-02 2.130770009999999890e-04
3.933813800000000166e-02 2.129248899999999908e-04
3.944270689999999913e-02 2.131671060000000107e-04
3.954889999999999795e-02 2.139418650000000032e-04
3.965662419999999716e-02 2.135469550000000107e-04
3.976359220000000305e-02 2.132431979999999995e-04
3.987096999999999863e-02 2.125238390000000065e-04
3.997781129999999905e-02 2.119440179999999981e-04
4.008284210000000181e-02 2.125544269999999996e-04
4.018737000000000004e-02 2.124742019999999914e-04
4.029272500000000146e-02 2.108754119999999965e-04
4.040003939999999710e-02 2.111899810000000106e-04
4.050794989999999957e-02 2.110793720000000073e-04
4.061558839999999948e-02 2.111641949999999929e-04
4.072240740000000053e-02 2.127668410000000028e-04
4.082814600000000266e-02 2.126987239999999959e-04
4.093502090000000065e-02 2.114160019999999885e-04
4.104281960000000229e-02 2.115109819999999921e-04
4.114959020000000245e-02 2.126969479999999909e-04
4.125686729999999969e-02 2.134308739999999987e-04
4.136504979999999776e-02 2.139618589999999897e-04
4.147197679999999748e-02 2.131099900000000104e-04
4.157747700000000157e-02 2.131226210000000090e-04
4.168256370000000127e-02 2.131685180000000065e-04
4.178849240000000187e-02 2.126966279999999957e-04
4.189552369999999942e-02 2.131886720000000042e-04
4.200326649999999717e-02 2.125666070000000114e-04
4.211115089999999811e-02 2.124284799999999994e-04
4.221881549999999955e-02 2.124149030000000132e-04
4.232629389999999908e-02 2.120102439999999987e-04
4.243171219999999910e-02 2.143178429999999940e-04
4.253625870000000281e-02 2.149177309999999953e-04
4.264283929999999889e-02 2.140131840000000091e-04
4.275071989999999766e-02 2.144674509999999919e-04
4.285902529999999905e-02 2.142077860000000077e-04
4.296679049999999750e-02 2.137891859999999978e-04
4.307335620000000281e-02 2.146360639999999979e-04
4.317894209999999927e-02 2.140644359999999949e-04
4.328385740000000037e-02 2.135881660000000029e-04
4.338968170000000180e-02 2.142498999999999966e-04
4.349672050000000234e-02 2.140630529999999916e-04
4.361043869999999684e-02 2.179988509999999967e-04
4.373001309999999947e-02 2.200049639999999865e-04
4.384180160000000076e-02 2.160606959999999987e-04
4.394712669999999849e-02 2.150491049999999943e-04
4.405257480000000087e-02 2.144695319999999979e-04
4.415832459999999987e-02 2.123616430000000008e-04
4.426530380000000264e-02 2.126313340000000115e-04
4.437345270000000313e-02 2.114332309999999917e-04
4.448201880000000191e-02 2.112497170000000044e-04
4.458986219999999667e-02 2.127456389999999914e-04
4.469733310000000015e-02 2.130653010000000108e-04
4.480334369999999788e-02 2.155865370000000013e-04
4.491117969999999793e-02 2.175929840000000116e-04
4.502266270000000042e-02 2.170794319999999947e-04
4.513262960000000157e-02 2.156889679999999935e-04
4.524166510000000169e-02 2.133930830000000018e-04
4.535035040000000295e-02 2.126493050000000042e-04
4.545766119999999910e-02 2.136778200000000107e-04
4.556446520000000111e-02 2.137449339999999867e-04
4.566964510000000310e-02 2.158378480000000001e-04
4.577469079999999663e-02 2.165110640000000029e-04
4.588154330000000086e-02 2.153619430000000134e-04
4.599004240000000021e-02 2.156427220000000082e-04
4.609920459999999887e-02 2.153154199999999965e-04
4.620653389999999916e-02 2.143901949999999922e-04
4.631575570000000253e-02 2.086847230000000075e-04
4.642776400000000331e-02 2.082968570000000037e-04
4.653684419999999655e-02 2.128916530000000116e-04
4.664419959999999837e-02 2.135207030000000120e-04
4.675158489999999695e-02 2.144180180000000019e-04
4.686021060000000044e-02 2.151924130000000123e-04
4.696929450000000145e-02 2.165750630000000117e-04
4.707606510000000161e-02 2.159793369999999952e-04
4.718128960000000233e-02 2.169000949999999866e-04
4.728582869999999744e-02 2.168229259999999916e-04
4.739267009999999919e-02 2.135893299999999868e-04
4.750150439999999835e-02 2.136182589999999952e-04
4.761172830000000300e-02 2.105621530000000062e-04
4.772355779999999659e-02 2.104275040000000018e-04
4.783190040000000198e-02 2.158807910000000105e-04
4.793768000000000334e-02 2.160108269999999890e-04
4.804308709999999955e-02 2.169781950000000020e-04
4.814764480000000013e-02 2.171123630000000040e-04
4.825520889999999896e-02 2.132943630000000076e-04
4.836419969999999902e-02 2.127755139999999874e-04
4.847222939999999702e-02 2.121282299999999882e-04
4.858123880000000255e-02 2.124833410000000113e-04
4.868933190000000050e-02 2.149987270000000127e-04
4.879660160000000302e-02 2.151165830000000066e-04
4.890358079999999885e-02 2.159261780000000129e-04
4.901940750000000069e-02 2.218110600000000121e-04
4.914492740000000331e-02 2.228463999999999879e-04
4.926167430000000236e-02 2.179633879999999947e-04
4.936954379999999865e-02 2.183489850000000119e-04
4.947523770000000071e-02 2.171776289999999916e-04
4.957953839999999779e-02 2.162493769999999937e-04
4.968436810000000092e-02 2.159440919999999894e-04
4.978983850000000266e-02 2.140317520000000015e-04
4.989754410000000334e-02 2.149785000000000086e-04
5.000546200000000052e-02 2.172534150000000105e-04
5.011246350000000266e-02 2.175245169999999938e-04
5.022038890000000283e-02 2.175592089999999867e-04
5.033225189999999960e-02 2.199360460000000090e-04
5.044738950000000194e-02 2.202383909999999973e-04
5.055712159999999761e-02 2.170934020000000097e-04
5.066348980000000279e-02 2.139675629999999930e-04
5.077246950000000036e-02 2.141177539999999924e-04
5.088082700000000347e-02 2.155697439999999907e-04
5.098845810000000173e-02 2.159457939999999919e-04
5.109462890000000118e-02 2.202435430000000108e-04
5.119924249999999871e-02 2.208551600000000100e-04
5.130497369999999918e-02 2.198707230000000051e-04
5.141095069999999934e-02 2.196642310000000015e-04
5.151820559999999855e-02 2.169550570000000015e-04
5.162644759999999999e-02 2.162802409999999953e-04
5.173777420000000293e-02 2.092963989999999878e-04
5.185182769999999858e-02 2.087048490000000087e-04
5.196169020000000055e-02 2.148379280000000085e-04
