-4.905948040000000093e-02 2.363453969999999870e-04
-4.899380729999999740e-02 2.157730199999999970e-04
-4.891170190000000001e-02 2.179654260000000099e-04
-4.882374409999999665e-02 2.142206499999999968e-04
-4.873240739999999682e-02 2.152013620000000054e-04
-4.863654449999999657e-02 2.112128570000000008e-04
-4.853903130000000038e-02 2.107525939999999889e-04
-4.844132810000000011e-02 2.083789729999999910e-04
-4.834305500000000283e-02 2.078690599999999888e-04
-4.824670030000000054e-02 2.096632959999999979e-04
-4.814909769999999728e-02 2.107780750000000055e-04
-4.804910350000000246e-02 2.098626139999999903e-04
-4.794877019999999740e-02 2.100238630000000124e-04
-4.784923420000000011e-02 2.117880790000000086e-04
-4.774766040000000267e-02 2.136438560000000091e-04
-4.764235389999999654e-02 2.133977399999999875e-04
-4.754048210000000330e-02 2.112432559999999902e-04
-4.744023829999999969e-02 2.071799390000000050e-04
-4.733750970000000224e-02 2.072127240000000013e-04
-4.723495989999999811e-02 2.075982770000000047e-04
-4.713036489999999912e-02 2.086794990000000107e-04
-4.702565820000000063e-02 2.114901289999999957e-04
-4.692220689999999916e-02 2.120364219999999950e-04
-4.681865870000000152e-02 2.141978770000000016e-04
-4.671863090000000218e-02 2.128556659999999892e-04
-4.661915080000000183e-02 2.092438370000000052e-04
-4.651645570000000063e-02 2.098779219999999987e-04
-4.641143980000000252e-02 2.077639219999999982e-04
-4.630428179999999949e-02 2.080049890000000015e-04
-4.619770120000000341e-02 2.096472310000000057e-04
-4.609183590000000275e-02 2.100934649999999944e-04
-4.598720740000000057e-02 2.133811360000000077e-04
-4.588444159999999911e-02 2.134520179999999979e-04
-4.578063260000000273e-02 2.127210460000000043e-04
-4.567642140000000017e-02 2.126946199999999961e-04
-4.557112979999999869e-02 2.100186979999999967e-04
-4.546503720000000248e-02 2.095380909999999873e-04
-4.536060990000000126e-02 2.109855559999999875e-04
-4.525716979999999667e-02 2.106272880000000024e-04
-4.515279829999999800e-02 2.080759880000000121e-04
-4.504675789999999791e-02 2.084415759999999943e-04
-4.494091120000000272e-02 2.105723830000000036e-04
-4.483550790000000175e-02 2.110770580000000108e-04
-4.472878579999999687e-02 2.094862140000000052e-04
-4.462110620000000333e-02 2.094918020000000112e-04
-4.451400040000000335e-02 2.104722520000000096e-04
-4.440817240000000110e-02 2.097736289999999927e-04
-4.430329429999999707e-02 2.094223159999999994e-04
-4.419939970000000273e-02 2.089906919999999892e-04
-4.409676049999999847e-02 2.098766419999999904e-04
-4.399345820000000185e-02 2.105946190000000033e-04
-4.388780149999999686e-02 2.094651279999999911e-04
-4.377985749999999815e-02 2.104319720000000107e-04
-4.367110510000000306e-02 2.109667400000000102e-04
-4.356540739999999884e-02 2.093204820000000069e-04
-4.346225780000000094e-02 2.089949560000000002e-04
-4.335769269999999870e-02 2.094401569999999966e-04
-4.325193909999999753e-02 2.086943999999999919e-04
-4.314538090000000214e-02 2.091920320000000065e-04
-4.303732510000000261e-02 2.088643229999999947e-04
-4.292938109999999696e-02 2.086811290000000027e-04
-4.282397780000000292e-02 2.116128450000000043e-04
-4.272070530000000171e-02 2.113868539999999878e-04
-4.261771219999999777e-02 2.112260410000000124e-04
-4.251212249999999915e-02 2.124393940000000012e-04
-4.240292310000000342e-02 2.098055560000000022e-04
-4.229401420000000050e-02 2.089701159999999972e-04
-4.218715800000000238e-02 2.100621500000000061e-04
-4.208064820000000095e-02 2.102470320000000023e-04
-4.197403420000000301e-02 2.113721999999999953e-04
-4.186864199999999758e-02 2.110409990000000049e-04
-4.176389049999999770e-02 2.103821750000000115e-04
-4.165752980000000244e-02 2.111118230000000101e-04
-4.154956709999999692e-02 2.104646560000000041e-04
-4.144135489999999783e-02 2.100926360000000001e-04
-4.133402929999999836e-02 2.105430609999999934e-04
-4.122895000000000032e-02 2.096450629999999950e-04
-4.112430660000000043e-02 2.086675960000000034e-04
-4.101819920000000091e-02 2.091954079999999879e-04
-4.091250899999999968e-02 2.105692400000000128e-04
-4.080643879999999724e-02 2.112933000000000053e-04
-4.069752990000000126e-02 2.085689479999999925e-04
-4.058833419999999942e-02 2.074769290000000050e-04
-4.048155989999999843e-02 2.084933370000000062e-04
-4.037483409999999967e-02 2.091105269999999901e-04
-4.026871170000000111e-02 2.118262350000000107e-04
-4.016425089999999670e-02 2.118137049999999880e-04
-4.005917910000000165e-02 2.115635580000000001e-04
-3.995355219999999902e-02 2.118039559999999931e-04
-3.984627129999999962e-02 2.089071790000000004e-04
-3.973682220000000070e-02 2.091673810000000073e-04
-3.962795809999999919e-02 2.108667250000000135e-04
-3.952181710000000209e-02 2.095557139999999882e-04
-3.941724449999999685e-02 2.085340970000000116e-04
-3.931083900000000020e-02 2.095488599999999993e-04
-3.920419509999999857e-02 2.119640989999999894e-04
-3.909748049999999669e-02 2.128773779999999956e-04
-3.898878769999999938e-02 2.129175990000000134e-04
-3.888162230000000164e-02 2.120138959999999886e-04
-3.877612949999999920e-02 2.114829550000000115e-04
-3.867153820000000103e-02 2.107484180000000057e-04
-3.856752070000000338e-02 2.096613610000000049e-04
-3.846092150000000182e-02 2.105329910000000072e-04
-3.835205729999999896e-02 2.091947679999999973e-04
-3.824353590000000025e-02 2.087944450000000043e-04
-3.813617300000000238e-02 2.104058799999999961e-04
-3.802846370000000087e-02 2.111992649999999932e-04
-3.792178260000000217e-02 2.143169840000000111e-04
-3.781709070000000006e-02 2.142416340000000119e-04
-3.771072629999999704e-02 2.112363140000000005e-04
-3.760233520000000329e-02 2.110833449999999884e-04
-3.749423849999999891e-02 2.111603390000000051e-04
-3.738610819999999696e-02 2.114960369999999970e-04
-3.727826480000000220e-02 2.129116329999999999e-04
-3.717098759999999669e-02 2.130846839999999992e-04
-3.706278650000000008e-02 2.128263879999999929e-04
-3.695370629999999990e-02 2.132630469999999962e-04
-3.684514020000000112e-02 2.145283649999999950e-04
-3.673616799999999960e-02 2.152287340000000012e-04
-3.662506489999999698e-02 2.136107940000000083e-04
-3.651424500000000073e-02 2.125641330000000036e-04
-3.640512380000000131e-02 2.125048050000000058e-04
-3.629666189999999903e-02 2.123790179999999897e-04
-3.618847210000000064e-02 2.132889490000000111e-04
-3.607882560000000294e-02 2.144948809999999999e-04
-3.596802059999999746e-02 2.151013760000000012e-04
-3.585667160000000075e-02 2.156475819999999959e-04
-3.574454039999999666e-02 2.158607530000000100e-04
-3.563181309999999963e-02 2.159977300000000093e-04
-3.552059829999999752e-02 2.189020890000000093e-04
-3.541143979999999969e-02 2.190112140000000064e-04
-3.530005740000000114e-02 2.156272240000000001e-04
-3.518674150000000028e-02 2.155639670000000080e-04
-3.507357090000000344e-02 2.164349569999999927e-04
-3.495892879999999703e-02 2.176388659999999877e-04
-3.484471890000000183e-02 2.208728549999999942e-04
-3.473281859999999971e-02 2.206468490000000106e-04
-3.462209549999999830e-02 2.219760940000000077e-04
-3.451056780000000268e-02 2.226315260000000023e-04
-3.439677879999999965e-02 2.206891510000000072e-04
-3.428056460000000055e-02 2.217428260000000120e-04
-3.416240219999999717e-02 2.222571490000000110e-04
-3.404545779999999799e-02 2.217192379999999936e-04
-3.393112119999999732e-02 2.237247389999999893e-04
-3.381629659999999676e-02 2.247397060000000022e-04
-3.370138999999999774e-02 2.274175930000000103e-04
-3.358514979999999844e-02 2.288664980000000028e-04
-3.346715869999999926e-02 2.299687480000000108e-04
-3.334881740000000122e-02 2.308840920000000056e-04
-3.322897109999999737e-02 2.309245610000000082e-04
-3.310925139999999767e-02 2.308633989999999932e-04
-3.299022840000000178e-02 2.327221300000000079e-04
-3.286949549999999831e-02 2.344258539999999954e-04
-3.274734320000000087e-02 2.359101490000000106e-04
-3.262402489999999960e-02 2.371462180000000056e-04
-3.249994669999999725e-02 2.393086619999999906e-04
-3.237323090000000098e-02 2.413362959999999910e-04
-3.224475680000000316e-02 2.440471430000000009e-04
-3.211783619999999950e-02 2.444176059999999921e-04
-3.199017049999999807e-02 2.451228499999999802e-04
-3.186211359999999854e-02 2.456175570000000002e-04
-3.173446659999999697e-02 2.467356389999999827e-04
-3.160448369999999813e-02 2.485430159999999855e-04
-3.147246320000000180e-02 2.501590349999999836e-04
-3.133646030000000055e-02 2.527777979999999919e-04
-3.119870279999999857e-02 2.571426739999999891e-04
-3.106127120000000061e-02 2.588593920000000154e-04
-3.092419910000000077e-02 2.642136530000000058e-04
-3.078636530000000010e-02 2.666024959999999762e-04
-3.064465900000000118e-02 2.677943849999999976e-04
-3.049912860000000142e-02 2.705345980000000046e-04
-3.035158660000000092e-02 2.737608739999999852e-04
-3.020123209999999933e-02 2.766145920000000246e-04
-3.004986050000000089e-02 2.828480789999999957e-04
-2.989565209999999959e-02 2.863952540000000132e-04
-2.973984000000000003e-02 2.935861700000000026e-04
-2.958395330000000018e-02 2.966068279999999838e-04
-2.942277490000000037e-02 2.973004009999999863e-04
-2.925251049999999867e-02 3.030306249999999732e-04
-2.908120859999999835e-02 3.160634079999999953e-04
-2.890658750000000068e-02 3.227502749999999971e-04
-2.872756309999999896e-02 3.339713729999999915e-04
-2.854097259999999886e-02 3.420696589999999899e-04
-2.834803049999999949e-02 3.539839820000000221e-04
-2.815665300000000024e-02 3.577962629999999937e-04
-2.795773929999999935e-02 3.558490720000000249e-04
-2.775741179999999947e-02 3.559936590000000009e-04
-2.755752209999999883e-02 3.584489459999999953e-04
-2.735697479999999945e-02 3.597584440000000218e-04
-2.715832179999999943e-02 3.651587470000000266e-04
-2.696131909999999882e-02 3.661102379999999737e-04
-2.675876770000000168e-02 3.594872249999999910e-04
-2.655736729999999893e-02 3.559119649999999808e-04
-2.635864350000000078e-02 3.505442290000000032e-04
-2.615700290000000025e-02 3.508291850000000043e-04
-2.595804629999999905e-02 3.560698529999999887e-04
-2.576468700000000139e-02 3.546075020000000015e-04
-2.557089179999999864e-02 3.511304969999999733e-04
-2.537794219999999976e-02 3.493895350000000019e-04
-2.518461829999999943e-02 3.425553150000000178e-04
-2.498823959999999997e-02 3.419323769999999896e-04
-2.479495110000000044e-02 3.453640379999999791e-04
-2.460126950000000173e-02 3.463454780000000061e-04
-2.440528390000000145e-02 3.453072569999999955e-04
-2.421227659999999893e-02 3.436092809999999982e-04
-2.401966599999999855e-02 3.408167100000000066e-04
-2.382892559999999840e-02 3.387115719999999946e-04
-2.363819259999999992e-02 3.315364300000000217e-04
-2.344489099999999895e-02 3.304991700000000200e-04
-2.325540779999999905e-02 3.339986139999999958e-04
-2.306381990000000090e-02 3.360456320000000077e-04
-2.287231569999999964e-02 3.419322600000000234e-04
-2.267237940000000132e-02 3.495512649999999995e-04
-2.246245930000000113e-02 3.540927719999999754e-04
-2.224582060000000056e-02 3.597573090000000034e-04
-2.203031069999999980e-02 3.787353340000000190e-04
-2.178190090000000148e-02 4.054057939999999838e-04
-2.153699469999999921e-02 4.838759779999999796e-04
-2.136419150000000086e-02 4.687779000000000099e-04
-2.112737669999999873e-02 3.199428610000000094e-04
-2.089257909999999926e-02 2.647819640000000085e-04
-2.074599820000000081e-02 2.589568030000000088e-04
-2.059990540000000009e-02 2.569189530000000094e-04
-2.045462470000000005e-02 2.535517559999999867e-04
-2.031067760000000028e-02 2.515573290000000040e-04
-2.016972939999999923e-02 2.500207339999999893e-04
-2.003081140000000093e-02 2.482474960000000206e-04
-1.989416219999999916e-02 2.471139889999999823e-04
-1.975612339999999884e-02 2.471930929999999974e-04
-1.961779970000000067e-02 2.469881439999999811e-04
-1.947909410000000022e-02 2.474725770000000169e-04
-1.933968440000000122e-02 2.476478689999999793e-04
-1.920117619999999956e-02 2.471703920000000126e-04
-1.906291209999999917e-02 2.471593330000000210e-04
-1.892470200000000158e-02 2.471395710000000019e-04
-1.878800989999999949e-02 2.486490409999999826e-04
-1.865052429999999872e-02 2.496695670000000089e-04
-1.851009199999999882e-02 2.475827059999999866e-04
-1.837073269999999967e-02 2.458396479999999879e-04
-1.823134350000000029e-02 2.410237649999999920e-04
-1.809393609999999930e-02 2.384271069999999919e-04
-1.795986479999999927e-02 2.376450280000000023e-04
-1.782845519999999920e-02 2.357812920000000102e-04
-1.769859160000000070e-02 2.322508369999999969e-04
-1.756949350000000173e-02 2.305187949999999990e-04
-1.744047920000000099e-02 2.258450990000000010e-04
-1.731053550000000163e-02 2.244025240000000040e-04
-1.718314179999999927e-02 2.247043890000000130e-04
-1.705820109999999987e-02 2.236416769999999873e-04
-1.693545470000000150e-02 2.243388880000000084e-04
-1.681407730000000073e-02 2.237703450000000111e-04
-1.669124140000000089e-02 2.205874919999999931e-04
-1.656723209999999905e-02 2.201595339999999981e-04
-1.644283350000000019e-02 2.174564719999999974e-04
-1.632033470000000125e-02 2.153414679999999973e-04
-1.620082930000000046e-02 2.144637259999999956e-04
-1.608253460000000010e-02 2.131207290000000068e-04
-1.596547480000000060e-02 2.114908269999999984e-04
-1.584768300000000130e-02 2.116242829999999994e-04
-1.572857420000000131e-02 2.105762979999999996e-04
-1.560986410000000067e-02 2.099735580000000102e-04
-1.549247089999999938e-02 2.096674139999999960e-04
-1.537698510000000060e-02 2.084103910000000015e-04
-1.526308340000000034e-02 2.075636150000000004e-04
-1.514873559999999932e-02 2.072360949999999924e-04
-1.503388119999999988e-02 2.055253139999999870e-04
-1.491877060000000067e-02 2.053383650000000101e-04
-1.480348689999999925e-02 2.045332950000000019e-04
-1.468885319999999918e-02 2.038528470000000028e-04
-1.457560530000000069e-02 2.050239269999999875e-04
-1.446392110000000071e-02 2.045195869999999970e-04
-1.435304989999999954e-02 2.036767399999999902e-04
-1.424293970000000027e-02 2.029157039999999969e-04
-1.413219609999999925e-02 1.997437500000000135e-04
-1.402027630000000046e-02 1.990289749999999997e-04
-1.390894969999999925e-02 1.980803939999999986e-04
-1.379898840000000002e-02 1.971858870000000100e-04
-1.369018389999999974e-02 1.973574540000000031e-04
-1.358152829999999950e-02 1.973421170000000022e-04
-1.347391960000000020e-02 1.982779799999999999e-04
-1.336603519999999927e-02 1.987809229999999889e-04
-1.325724370000000082e-02 1.986627320000000055e-04
-1.314837490000000074e-02 1.986662250000000073e-04
-1.303903390000000009e-02 1.978873040000000028e-04
-1.293035690000000036e-02 1.969326110000000024e-04
-1.282312629999999946e-02 1.967280700000000092e-04
-1.271675430000000079e-02 1.964034749999999958e-04
-1.261011599999999934e-02 1.957864150000000075e-04
-1.250281179999999936e-02 1.959747020000000047e-04
-1.239480819999999942e-02 1.945698599999999925e-04
-1.228622440000000024e-02 1.944135870000000094e-04
-1.217813040000000069e-02 1.947991989999999939e-04
-1.207021070000000029e-02 1.945600379999999911e-04
-1.196313650000000069e-02 1.953373280000000075e-04
-1.185773690000000054e-02 1.948737479999999953e-04
-1.175187710000000045e-02 1.928244600000000007e-04
-1.164445369999999973e-02 1.930211729999999938e-04
-1.153573299999999940e-02 1.921171929999999917e-04
-1.142689770000000077e-02 1.918747580000000066e-04
-1.131988129999999919e-02 1.934810430000000040e-04
-1.121335289999999922e-02 1.937656489999999942e-04
-1.110666429999999927e-02 1.942888630000000013e-04
-1.099980059999999989e-02 1.943099339999999941e-04
-1.089215280000000070e-02 1.930998110000000008e-04
-1.078448629999999991e-02 1.929336869999999967e-04
-1.067559610000000034e-02 1.911442519999999941e-04
-1.056730189999999930e-02 1.901564540000000021e-04
-1.046052299999999935e-02 1.891876450000000009e-04
-1.035358939999999998e-02 1.889316190000000042e-04
-1.024791230000000018e-02 1.903170490000000083e-04
-1.014211490000000056e-02 1.906191029999999940e-04
-1.003534629999999934e-02 1.898791090000000008e-04
-9.929189459999999620e-03 1.894996240000000100e-04
-9.823198429999999148e-03 1.887234679999999888e-04
-9.717545470000000032e-03 1.882404180000000105e-04
-9.611745359999999960e-03 1.873441650000000054e-04
-9.508202780000000673e-03 1.856773450000000084e-04
-9.406136350000000174e-03 1.827727539999999867e-04
-9.304157460000000296e-03 1.816740990000000066e-04
-9.202726189999999723e-03 1.795368440000000125e-04
-9.101529610000000728e-03 1.783753690000000017e-04
-9.001435710000000104e-03 1.770350790000000112e-04
-8.904202840000000063e-03 1.750757659999999886e-04
-8.808375340000000608e-03 1.726162739999999914e-04
-8.715683590000000355e-03 1.698544799999999967e-04
-8.624779060000000580e-03 1.644890579999999886e-04
-8.534541350000000859e-03 1.621564009999999941e-04
-8.445538580000000115e-03 1.577404329999999952e-04
-8.357202629999999424e-03 1.555328200000000041e-04
-8.271222930000000570e-03 1.533729659999999971e-04
-8.187250230000000031e-03 1.515992339999999966e-04
-8.105903859999999406e-03 1.510426080000000048e-04
-8.026313040000000038e-03 1.497901539999999952e-04
-7.946502419999999442e-03 1.464959500000000115e-04
-7.867791690000000560e-03 1.446522659999999909e-04
-7.790481210000000170e-03 1.412942660000000004e-04
-7.713978639999999852e-03 1.395991860000000051e-04
-7.639457009999999632e-03 1.381982439999999946e-04
-7.565959360000000002e-03 1.368891240000000026e-04
-7.493351120000000046e-03 1.347594810000000043e-04
-7.421357560000000318e-03 1.338072760000000099e-04
-7.349788680000000213e-03 1.323638429999999990e-04
-7.278753439999999762e-03 1.315279809999999998e-04
-7.208494470000000043e-03 1.299875290000000012e-04
-7.139188240000000213e-03 1.288602650000000079e-04
-7.071031719999999916e-03 1.276492109999999942e-04
-7.003447510000000015e-03 1.266945760000000060e-04
-6.936334070000000317e-03 1.248495539999999922e-04
-6.869437639999999984e-03 1.242247239999999889e-04
-6.803340740000000247e-03 1.238202680000000035e-04
-6.737562830000000044e-03 1.234831730000000101e-04
-6.671859419999999659e-03 1.231303469999999909e-04
-6.606962069999999798e-03 1.225231239999999982e-04
-6.543000230000000153e-03 1.219224429999999943e-04
-6.479936189999999617e-03 1.211662889999999955e-04
-6.416886109999999678e-03 1.190890979999999991e-04
-6.353739649999999746e-03 1.182359990000000016e-04
-6.290849759999999832e-03 1.163149350000000024e-04
-6.228151270000000135e-03 1.156664659999999948e-04
-6.166507489999999668e-03 1.160528849999999937e-04
-6.105861629999999839e-03 1.155970889999999947e-04
-6.045996680000000414e-03 1.151882390000000028e-04
-5.986757110000000097e-03 1.146650680000000001e-04
-5.927619519999999947e-03 1.133823239999999993e-04
-5.867999510000000175e-03 1.130546299999999954e-04
-5.808355749999999894e-03 1.121198510000000030e-04
-5.749562760000000161e-03 1.114255059999999953e-04
-5.691745780000000143e-03 1.111211969999999943e-04
-5.634705069999999989e-03 1.105464029999999974e-04
-5.577559579999999580e-03 1.091870649999999944e-04
-5.520754489999999889e-03 1.084944890000000061e-04
-5.464666990000000349e-03 1.073493260000000035e-04
-5.408173890000000407e-03 1.071812079999999982e-04
-5.351815369999999607e-03 1.069390049999999941e-04
-5.296063610000000324e-03 1.063408049999999970e-04
-5.241018249999999934e-03 1.058672420000000033e-04
-5.186977800000000006e-03 1.052382360000000033e-04
-5.133031399999999841e-03 1.040395799999999977e-04
-5.078752060000000373e-03 1.038088739999999969e-04
-5.024489949999999712e-03 1.027974069999999985e-04
-4.970736340000000281e-03 1.021277419999999962e-04
-4.917510320000000393e-03 1.011492130000000062e-04
-4.864228889999999868e-03 1.008304320000000037e-04
-4.811696709999999620e-03 1.011966519999999949e-04
-4.759550090000000053e-03 1.009583139999999969e-04
-4.707594399999999978e-03 1.006220919999999982e-04
-4.655972119999999929e-03 1.004379080000000047e-04
-4.603942389999999933e-03 9.962314650000000222e-05
-4.552244670000000354e-03 9.913186659999999523e-05
-4.501159769999999762e-03 9.840717389999999924e-05
-4.450402689999999849e-03 9.794886859999999535e-05
-4.400103350000000163e-03 9.743926059999999411e-05
-4.349990280000000376e-03 9.701058299999999594e-05
-4.300272089999999589e-03 9.648458219999999502e-05
-4.250456579999999963e-03 9.648458219999999502e-05
-4.200594030000000083e-03 9.640753710000000097e-05
-4.151329399999999746e-03 9.602179489999999743e-05
-4.102083389999999601e-03 9.534016140000000554e-05
-4.053349139999999802e-03 9.478804709999999456e-05
-4.005445170000000027e-03 9.427650369999999373e-05
-3.957720470000000365e-03 9.398491969999999513e-05
-3.909874709999999580e-03 9.297345239999999520e-05
-3.861408450000000138e-03 9.285451230000000449e-05
-3.813032530000000104e-03 9.268247230000000402e-05
-3.765355100000000212e-03 9.232731100000000294e-05
-3.718316089999999796e-03 9.275125189999999787e-05
-3.671797689999999927e-03 9.259195940000000485e-05
-3.625253909999999989e-03 9.175488960000000428e-05
-3.578838889999999898e-03 9.137611050000000632e-05
-3.532340519999999789e-03 9.018443229999999905e-05
-3.485633059999999894e-03 8.975779199999999445e-05
-3.439391029999999856e-03 8.935570079999999510e-05
-3.393664020000000149e-03 8.902347329999999999e-05
-3.348403609999999961e-03 8.887710279999999478e-05
-3.303378589999999854e-03 8.868318400000000116e-05
-3.258330509999999951e-03 8.843914109999999535e-05
-3.213335529999999940e-03 8.831977169999999616e-05
-3.168483499999999887e-03 8.788960989999999526e-05
-3.123966739999999801e-03 8.753315339999999519e-05
-3.079474439999999990e-03 8.658368460000000167e-05
-3.035038940000000032e-03 8.608993810000000618e-05
-2.991163869999999801e-03 8.565856109999999833e-05
-2.947661089999999932e-03 8.539653210000000051e-05
-2.904199059999999864e-03 8.505671579999999547e-05
-2.860774050000000190e-03 8.491263720000000192e-05
-2.817598640000000196e-03 8.460455140000000551e-05
-2.774606460000000104e-03 8.438342049999999518e-05
-2.731753749999999998e-03 8.400168739999999657e-05
-2.688894979999999820e-03 8.375317699999999333e-05
-2.646326320000000083e-03 8.355017049999999431e-05
-2.604344859999999789e-03 8.323878860000000354e-05
-2.562355020000000021e-03 8.236245779999999813e-05
-2.520189150000000204e-03 8.215186239999999773e-05
-2.478104320000000093e-03 8.201046879999999550e-05
-2.436126350000000166e-03 8.189644720000000260e-05
-2.394554440000000103e-03 8.194488329999999700e-05
-2.353458200000000181e-03 8.167632769999999770e-05
-2.312648579999999898e-03 8.140892170000000455e-05
-2.271748379999999866e-03 8.125633759999999401e-05
-2.230739219999999801e-03 8.065368459999999577e-05
-2.189839030000000162e-03 8.048130989999999370e-05
-2.148847100000000204e-03 8.015194180000000590e-05
-2.108191839999999824e-03 7.983165409999999575e-05
-2.068149159999999823e-03 7.965920670000000228e-05
-2.028169109999999799e-03 7.955945329999999569e-05
-1.988288950000000055e-03 7.944899700000000297e-05
-1.948390159999999942e-03 7.931231079999999638e-05
-1.908401959999999958e-03 7.878631729999999612e-05
-1.868739840000000017e-03 7.850900149999999738e-05
-1.829333019999999964e-03 7.816424480000000615e-05
-1.790227830000000074e-03 7.785912750000000665e-05
-1.751222410000000075e-03 7.747038760000000360e-05
-1.712140509999999930e-03 7.737614940000000661e-05
-1.673193070000000057e-03 7.704480959999999892e-05
-1.634249229999999893e-03 7.692343209999999518e-05
-1.595457320000000017e-03 7.684010779999999501e-05
-1.556713020000000071e-03 7.667692260000000086e-05
-1.518153119999999905e-03 7.653273499999999562e-05
-1.480118949999999992e-03 7.627000740000000557e-05
-1.441993049999999938e-03 7.567401189999999533e-05
-1.403855509999999990e-03 7.546583220000000251e-05
-1.366054520000000100e-03 7.516161710000000026e-05
-1.328393929999999949e-03 7.496769100000000600e-05
-1.290853949999999899e-03 7.463053769999999888e-05
-1.253207330000000088e-03 7.447173990000000509e-05
-1.215666179999999943e-03 7.420875769999999696e-05
-1.178417470000000036e-03 7.403986819999999801e-05
-1.141385759999999968e-03 7.393200939999999388e-05
-1.104544270000000061e-03 7.377909789999999594e-05
-1.067514880000000046e-03 7.331867530000000643e-05
-1.030534160000000062e-03 7.312333040000000019e-05
-9.938656589999999950e-04 7.282299339999999779e-05
-9.573838319999999468e-04 7.260256100000000176e-05
-9.211028229999999959e-04 7.232547799999999708e-05
-8.847684369999999580e-04 7.215950610000000057e-05
-8.485662980000000357e-04 7.192041080000000368e-05
-8.126496099999999797e-04 7.176124930000000221e-05
-7.767850770000000148e-04 7.140685919999999328e-05
-7.409623940000000094e-04 7.125395499999999599e-05
-7.051280700000000070e-04 7.107817509999999641e-05
-6.695223269999999718e-04 7.087748960000000661e-05
-6.342228730000000220e-04 7.056164759999999697e-05
-5.991009529999999665e-04 7.034121520000000095e-05
-5.640846789999999587e-04 6.990523979999999559e-05
-5.289882540000000535e-04 6.970151299999999891e-05
-4.940299549999999746e-04 6.936758289999999825e-05
-4.594336789999999742e-04 6.912501699999999954e-05
-4.248756739999999771e-04 6.877494890000000023e-05
-3.904963380000000010e-04 6.854111419999999485e-05
-3.564140640000000083e-04 6.812645010000000054e-05
-3.225824039999999806e-04 6.782649869999999421e-05
-2.888644519999999873e-04 6.718318759999999815e-05
-2.552671649999999851e-04 6.678840870000000225e-05
-2.219367310000000038e-04 6.613947329999999344e-05
-1.891354040000000096e-04 6.567935629999999440e-05
-1.565788990000000034e-04 6.481073070000000272e-05
-1.246733149999999920e-04 6.410734930000000422e-05
-9.297193170000000279e-05 6.273196050000000377e-05
-6.196324830000000277e-05 6.182573999999999600e-05
-3.155326699999999796e-05 6.004191159999999825e-05
-4.401572369999999749e-07 5.983172380000000088e-05
2.989208039999999969e-05 6.052640670000000142e-05
6.102143380000000139e-05 6.118039889999999346e-05
9.206261170000000656e-05 6.311910690000000445e-05
1.232998769999999920e-04 6.401858260000000442e-05
1.556022760000000003e-04 6.498866419999999467e-05
1.881947969999999944e-04 6.551335540000000535e-05
2.210507079999999961e-04 6.628665870000000320e-05
2.541178259999999993e-04 6.669203139999999562e-05
2.875121429999999922e-04 6.727154690000000496e-05
3.212487499999999827e-04 6.759348619999999404e-05
3.552580599999999832e-04 6.803103319999999983e-05
3.893230749999999842e-04 6.831394420000000021e-05
4.236921089999999795e-04 6.885310720000000222e-05
4.581469690000000185e-04 6.909940569999999940e-05
4.926158000000000143e-04 6.950055100000000264e-05
5.272307900000000472e-04 6.973287239999999417e-05
5.620174920000000360e-04 7.009138060000000617e-05
5.971186329999999621e-04 7.031344279999999776e-05
6.324484129999999489e-04 7.054790329999999893e-05
6.677479249999999922e-04 7.070986610000000406e-05
7.031299169999999507e-04 7.102191739999999802e-05
7.385896170000000273e-04 7.118110080000000144e-05
7.742546729999999575e-04 7.155121420000000183e-05
8.100415579999999983e-04 7.175798239999999688e-05
8.459003879999999831e-04 7.194207859999999968e-05
8.821630040000000283e-04 7.215239020000000652e-05
9.185184030000000197e-04 7.258054390000000288e-05
9.546452780000000329e-04 7.269593329999999470e-05
9.909055659999999478e-04 7.279417329999999598e-05
1.027256370000000085e-03 7.288384220000000658e-05
1.063784699999999932e-03 7.311323130000000291e-05
1.100585679999999946e-03 7.335992999999999746e-05
1.137394809999999921e-03 7.375526180000000127e-05
1.174342000000000094e-03 7.398060549999999947e-05
1.211446940000000068e-03 7.434299190000000278e-05
1.248775859999999962e-03 7.450628620000000009e-05
1.286239360000000082e-03 7.473463479999999342e-05
1.323582260000000059e-03 7.484585509999999622e-05
1.361173339999999969e-03 7.502446530000000556e-05
1.398939760000000084e-03 7.519435170000000012e-05
1.436675899999999978e-03 7.543271200000000658e-05
1.474589579999999959e-03 7.562526300000000127e-05
1.512581019999999958e-03 7.603028640000000435e-05
1.550918209999999900e-03 7.627955350000000347e-05
1.589281020000000034e-03 7.692727379999999681e-05
1.627419840000000071e-03 7.713024389999999762e-05
1.665796499999999940e-03 7.729782370000000131e-05
1.704306569999999941e-03 7.743824240000000134e-05
1.743266820000000019e-03 7.737097619999999925e-05
1.782531150000000010e-03 7.752968670000000035e-05
1.821713059999999955e-03 7.781455500000000226e-05
1.860954099999999984e-03 7.784630720000000278e-05
1.899984080000000075e-03 7.828554949999999991e-05
1.939205449999999989e-03 7.866438680000000655e-05
1.978642540000000085e-03 7.935590839999999858e-05
2.018132010000000132e-03 7.963673119999999735e-05
2.058190990000000054e-03 7.976948839999999606e-05
2.098376629999999972e-03 7.989361620000000395e-05
2.138530840000000145e-03 7.998856739999999797e-05
2.178682710000000126e-03 8.002136020000000650e-05
2.218747740000000159e-03 8.025778520000000484e-05
2.259400669999999875e-03 8.058606910000000434e-05
2.300373049999999888e-03 8.096561209999999381e-05
2.341260669999999881e-03 8.116094250000000377e-05
2.382359230000000074e-03 8.165926559999999986e-05
2.423561180000000006e-03 8.190167139999999591e-05
2.464765450000000208e-03 8.226212229999999459e-05
2.505903600000000068e-03 8.235211860000000615e-05
2.547174230000000088e-03 8.238118610000000331e-05
2.588923789999999798e-03 8.256664300000000087e-05
2.630888019999999983e-03 8.272474950000000308e-05
2.673052019999999900e-03 8.301321939999999836e-05
2.715312179999999822e-03 8.365272520000000456e-05
2.757634970000000154e-03 8.392104060000000413e-05
2.800214100000000123e-03 8.455748320000000149e-05
2.842961580000000037e-03 8.488891039999999335e-05
2.885595429999999930e-03 8.567957410000000599e-05
2.928453030000000012e-03 8.598140270000000323e-05
2.971928100000000017e-03 8.579093989999999660e-05
3.015640889999999900e-03 8.598140270000000323e-05
3.059393259999999923e-03 8.644369519999999657e-05
3.103109540000000173e-03 8.658897419999999929e-05
3.146970880000000189e-03 8.707874080000000598e-05
3.191111840000000061e-03 8.742415959999999975e-05
3.235269109999999813e-03 8.802684169999999556e-05
3.279745579999999994e-03 8.843566320000000643e-05
3.324804360000000077e-03 8.859844820000000321e-05
3.370298070000000024e-03 8.879652160000000313e-05
3.415693530000000078e-03 8.951182100000000324e-05
3.460723210000000213e-03 8.967100440000000665e-05
3.505986180000000146e-03 9.006418990000000519e-05
3.551535770000000154e-03 9.037877320000000552e-05
3.597199220000000131e-03 9.072177639999999673e-05
3.643281290000000092e-03 9.109710659999999832e-05
3.689703300000000009e-03 9.157189920000000376e-05
3.736552550000000160e-03 9.187322580000000113e-05
3.783400399999999834e-03 9.271175079999999832e-05
3.829900409999999894e-03 9.293001489999999567e-05
3.876853970000000010e-03 9.313214099999999435e-05
3.924301829999999984e-03 9.350274189999999836e-05
3.972129900000000331e-03 9.354344369999999503e-05
4.020132590000000290e-03 9.366274029999999780e-05
4.067983940000000423e-03 9.424604649999999571e-05
4.116367079999999797e-03 9.464520550000000488e-05
4.164782819999999879e-03 9.569907710000000200e-05
4.212866539999999584e-03 9.600840709999999790e-05
4.261217079999999983e-03 9.642254009999999477e-05
4.310105929999999592e-03 9.689452420000000093e-05
4.359956830000000054e-03 9.696908819999999665e-05
4.410179799999999588e-03 9.722158569999999787e-05
4.460278899999999686e-03 9.776032679999999706e-05
4.510405940000000030e-03 9.797101669999999933e-05
4.560428210000000079e-03 9.873067760000000669e-05
4.610778299999999941e-03 9.906478950000000190e-05
4.661342589999999987e-03 9.963539920000000541e-05
4.712285010000000045e-03 1.002019199999999949e-04
4.764216489999999714e-03 1.005072410000000044e-04
4.816391039999999568e-03 1.007660899999999966e-04
4.868258720000000032e-03 1.016148960000000042e-04
4.919976460000000280e-03 1.018304680000000061e-04
4.971814809999999980e-03 1.022277359999999955e-04
5.024281799999999638e-03 1.026076130000000056e-04
5.077245650000000200e-03 1.028379770000000041e-04
5.130862820000000116e-03 1.034510709999999969e-04
5.185188729999999982e-03 1.043640729999999986e-04
5.239658989999999850e-03 1.047831320000000040e-04
5.293491760000000428e-03 1.066125190000000015e-04
5.346936170000000238e-03 1.070373839999999956e-04
5.401148459999999610e-03 1.069346759999999989e-04
5.456338639999999858e-03 1.073377859999999958e-04
5.512074569999999944e-03 1.075527830000000049e-04
5.567966960000000215e-03 1.078690620000000031e-04
5.623976699999999954e-03 1.085509499999999945e-04
5.680442320000000413e-03 1.090702060000000011e-04
5.737054160000000340e-03 1.106829000000000038e-04
5.793606859999999789e-03 1.112316240000000065e-04
5.850651299999999784e-03 1.115145639999999994e-04
5.908749530000000083e-03 1.120947129999999982e-04
5.967197940000000186e-03 1.131250169999999984e-04
6.025735750000000418e-03 1.137012729999999945e-04
6.084616299999999825e-03 1.147298830000000009e-04
6.143572739999999567e-03 1.151469550000000042e-04
6.202961320000000348e-03 1.160220199999999961e-04
6.262422539999999704e-03 1.163838240000000010e-04
6.322262339999999876e-03 1.163159979999999968e-04
6.383523339999999831e-03 1.171461919999999981e-04
6.445275619999999567e-03 1.186325610000000066e-04
6.507643500000000192e-03 1.193723000000000023e-04
6.570138970000000134e-03 1.212162309999999981e-04
6.632270289999999714e-03 1.218237590000000053e-04
6.695399529999999932e-03 1.223091969999999962e-04
6.758948790000000179e-03 1.227395260000000040e-04
6.822756959999999767e-03 1.230360359999999975e-04
6.887588180000000192e-03 1.237580869999999945e-04
6.953209640000000170e-03 1.244441080000000053e-04
7.019654850000000244e-03 1.250121280000000053e-04
7.085493299999999668e-03 1.276046820000000057e-04
7.150866560000000011e-03 1.284290920000000116e-04
7.217176260000000322e-03 1.291591179999999905e-04
7.284383759999999743e-03 1.299605939999999940e-04
7.353074379999999591e-03 1.302056919999999905e-04
7.422681429999999567e-03 1.308498180000000047e-04
7.492442620000000324e-03 1.318807770000000033e-04
7.562697400000000306e-03 1.323641340000000018e-04
7.632408759999999813e-03 1.346169299999999973e-04
7.702030710000000099e-03 1.355539570000000059e-04
7.772679910000000053e-03 1.364457999999999871e-04
7.845041339999999155e-03 1.377936279999999981e-04
7.918640039999999200e-03 1.399995530000000120e-04
7.993008010000000191e-03 1.412637209999999981e-04
8.068008349999999246e-03 1.431841960000000062e-04
8.143097159999999543e-03 1.439292830000000046e-04
8.218589239999999144e-03 1.453265139999999900e-04
8.295708339999999237e-03 1.466030660000000130e-04
8.374191819999999772e-03 1.478829070000000127e-04
8.454633879999999546e-03 1.497145420000000129e-04
8.536206560000000540e-03 1.534868210000000133e-04
8.618767370000000524e-03 1.554498159999999872e-04
8.701680229999999780e-03 1.597267689999999987e-04
8.785864339999999509e-03 1.620303960000000088e-04
8.871707129999999858e-03 1.656581439999999991e-04
8.958854710000000235e-03 1.675148230000000004e-04
9.048513140000000524e-03 1.684950839999999951e-04
9.140675889999999928e-03 1.705741890000000006e-04
9.235286150000000804e-03 1.729154899999999872e-04
9.332329970000000779e-03 1.752348180000000075e-04
9.429576809999999643e-03 1.806667569999999918e-04
9.528384540000000430e-03 1.835598959999999930e-04
9.628937580000000024e-03 1.886798419999999971e-04
9.731365369999999890e-03 1.913806189999999938e-04
9.836636480000000848e-03 1.941572990000000026e-04
9.943229149999999877e-03 1.962058159999999880e-04
1.005245930000000024e-02 1.975041230000000082e-04
1.016095090000000006e-02 1.975305349999999910e-04
1.026967540000000081e-02 1.979515070000000096e-04
1.037959199999999998e-02 1.988330189999999904e-04
1.048894040000000055e-02 2.014607890000000040e-04
1.059904690000000073e-02 2.028630410000000113e-04
1.071070229999999956e-02 2.041730620000000080e-04
1.082376669999999923e-02 2.052029160000000039e-04
1.093780719999999998e-02 2.064687430000000017e-04
1.104918589999999944e-02 2.056040100000000061e-04
1.115980370000000006e-02 2.052334890000000027e-04
1.126994100000000033e-02 2.048206949999999951e-04
1.138077579999999950e-02 2.017142830000000079e-04
1.149376019999999964e-02 2.018887030000000122e-04
1.160604600000000007e-02 2.035398070000000049e-04
1.171878449999999919e-02 2.041187839999999976e-04
1.183105259999999923e-02 2.065398289999999899e-04
1.194107909999999988e-02 2.063431019999999985e-04
1.205148359999999932e-02 2.059374239999999900e-04
1.216148960000000036e-02 2.055607470000000005e-04
1.227200869999999985e-02 2.028612650000000063e-04
1.238344239999999985e-02 2.024392020000000104e-04
1.249442249999999956e-02 2.020225800000000115e-04
1.260496019999999932e-02 2.013247429999999981e-04
1.271395659999999955e-02 2.019860839999999900e-04
1.282285149999999943e-02 2.024330459999999971e-04
1.293134129999999951e-02 2.043438439999999937e-04
1.303995590000000052e-02 2.051084589999999975e-04
1.315095460000000049e-02 2.040265389999999888e-04
1.326148119999999951e-02 2.033635099999999926e-04
1.337088640000000037e-02 2.026019360000000076e-04
1.348030939999999948e-02 2.020568790000000026e-04
1.358896119999999930e-02 2.018566159999999915e-04
1.369839909999999959e-02 2.025260040000000030e-04
1.380799339999999945e-02 2.041209369999999869e-04
1.391751779999999931e-02 2.046548030000000127e-04
1.402795220000000072e-02 2.053879429999999899e-04
1.413888299999999966e-02 2.059611000000000091e-04
1.424952779999999995e-02 2.072361969999999914e-04
1.435817030000000050e-02 2.064904109999999942e-04
1.446702610000000049e-02 2.040602989999999923e-04
1.457790840000000067e-02 2.041182310000000117e-04
1.468936260000000028e-02 2.033593340000000094e-04
1.480174159999999954e-02 2.039126410000000088e-04
1.491410840000000071e-02 2.062315330000000094e-04
1.502648550000000062e-02 2.070867340000000104e-04
1.513822750000000036e-02 2.097242539999999878e-04
1.524907910000000005e-02 2.101386639999999891e-04
1.536049039999999935e-02 2.103557049999999894e-04
1.547404099999999914e-02 2.114244850000000005e-04
1.559007630000000012e-02 2.102845609999999890e-04
1.570527630000000119e-02 2.096554530000000036e-04
1.581941359999999852e-02 2.096766259999999953e-04
1.593403700000000159e-02 2.099762209999999946e-04
1.604797130000000169e-02 2.127460469999999874e-04
1.616262090000000068e-02 2.141875879999999960e-04
1.627871209999999860e-02 2.149685750000000122e-04
1.639730480000000171e-02 2.164493049999999881e-04
1.651733370000000103e-02 2.182014429999999986e-04
1.663625239999999908e-02 2.184579499999999978e-04
1.675491969999999900e-02 2.195866979999999973e-04
1.687272639999999949e-02 2.194782570000000047e-04
1.699137870000000036e-02 2.185856720000000069e-04
1.711222340000000119e-02 2.195933049999999973e-04
1.723331590000000066e-02 2.211281240000000071e-04
1.735721159999999846e-02 2.233654670000000044e-04
1.748198080000000140e-02 2.281191559999999890e-04
1.760769259999999878e-02 2.300722700000000075e-04
1.773425749999999954e-02 2.340956129999999908e-04
1.785813639999999855e-02 2.342429799999999986e-04
1.798403640000000026e-02 2.321517090000000067e-04
1.811163689999999854e-02 2.324302039999999936e-04
1.823949630000000141e-02 2.318701440000000083e-04
1.836883649999999923e-02 2.325601090000000077e-04
1.849843749999999926e-02 2.340445209999999891e-04
1.863073560000000004e-02 2.358662900000000012e-04
1.876137029999999997e-02 2.437210790000000026e-04
1.889230310000000052e-02 2.470472249999999901e-04
1.902759260000000049e-02 2.499613620000000046e-04
1.916484909999999903e-02 2.522099239999999777e-04
1.930502619999999864e-02 2.526130120000000083e-04
1.945010949999999988e-02 2.557070689999999783e-04
1.959697900000000048e-02 2.613134270000000252e-04
1.974095780000000022e-02 2.612259410000000010e-04
1.988566669999999870e-02 2.598165589999999964e-04
2.002791129999999947e-02 2.581795559999999832e-04
2.016817590000000160e-02 2.569294010000000030e-04
2.031091039999999986e-02 2.579581339999999787e-04
2.045556340000000140e-02 2.585770560000000078e-04
2.060012710000000066e-02 2.587663179999999852e-04
2.074367930000000151e-02 2.599697620000000222e-04
2.088496089999999916e-02 2.590370129999999957e-04
2.102591280000000104e-02 2.569944480000000255e-04
2.116873119999999886e-02 2.570191860000000023e-04
2.131156249999999891e-02 2.571141810000000002e-04
2.145721949999999933e-02 2.591835509999999821e-04
2.160499620000000051e-02 2.623694889999999788e-04
2.175329250000000020e-02 2.638550069999999860e-04
2.190010059999999981e-02 2.694439029999999850e-04
2.205222100000000032e-02 2.746511310000000154e-04
2.220566939999999920e-02 2.868987209999999954e-04
2.247545310000000074e-02 3.605942769999999744e-04
2.280204929999999838e-02 4.705054740000000259e-04
2.304553430000000000e-02 4.607675660000000169e-04
2.329968099999999917e-02 4.175629289999999855e-04
2.354582029999999909e-02 3.971899860000000122e-04
2.376768179999999911e-02 3.794019289999999963e-04
2.398102920000000013e-02 3.678782380000000015e-04
2.418390479999999940e-02 3.533594140000000019e-04
2.438442970000000154e-02 3.462356110000000195e-04
2.457619269999999911e-02 3.411652000000000044e-04
2.476837109999999870e-02 3.400467390000000184e-04
2.495905199999999893e-02 3.394322409999999844e-04
2.515826560000000017e-02 3.443217139999999918e-04
2.535632629999999901e-02 3.611340939999999923e-04
2.555030209999999830e-02 3.647763809999999738e-04
2.575219239999999854e-02 3.602940119999999960e-04
2.595991460000000167e-02 3.621867509999999991e-04
2.616537550000000087e-02 3.712174080000000165e-04
2.637201730000000161e-02 3.746466250000000139e-04
2.658421169999999889e-02 3.749830650000000225e-04
2.679461990000000030e-02 3.745319259999999820e-04
2.700282450000000140e-02 3.783445280000000263e-04
2.720596080000000153e-02 3.766996379999999777e-04
2.741230089999999869e-02 3.653105520000000006e-04
2.762163620000000069e-02 3.630104179999999923e-04
2.782610430000000135e-02 3.647487319999999735e-04
2.803341109999999900e-02 3.665604749999999863e-04
2.824006600000000117e-02 3.727376170000000206e-04
2.845617569999999916e-02 3.811151549999999897e-04
2.869267580000000109e-02 3.718044030000000090e-04
2.891379219999999986e-02 3.592536089999999764e-04
2.911368760000000028e-02 3.582982170000000043e-04
2.932553549999999953e-02 3.651407310000000239e-04
2.955007180000000094e-02 3.629567219999999873e-04
2.975236439999999830e-02 3.483181940000000055e-04
2.993971479999999949e-02 3.327185700000000212e-04
3.012109729999999999e-02 3.239851210000000000e-04
3.029454129999999829e-02 3.129613179999999771e-04
3.046882149999999984e-02 3.094850400000000255e-04
3.063920139999999973e-02 3.074662530000000192e-04
3.080627140000000153e-02 3.047692299999999843e-04
3.097162579999999943e-02 2.989419440000000189e-04
3.113361820000000099e-02 2.944153089999999775e-04
3.129128369999999854e-02 2.891245239999999986e-04
3.144543620000000289e-02 2.855084890000000159e-04
3.159843009999999813e-02 2.774144809999999997e-04
3.174954280000000240e-02 2.733654110000000069e-04
3.189663219999999688e-02 2.698187600000000099e-04
3.204277900000000040e-02 2.679856840000000213e-04
3.218581150000000141e-02 2.670399839999999738e-04
3.232468289999999855e-02 2.641970639999999932e-04
3.246116639999999803e-02 2.602901950000000237e-04
3.259678929999999808e-02 2.580129370000000056e-04
3.273181239999999742e-02 2.527300969999999930e-04
3.286729380000000256e-02 2.514462099999999786e-04
3.300222010000000011e-02 2.497312960000000080e-04
3.313675900000000174e-02 2.488917089999999853e-04
3.326996420000000176e-02 2.478200770000000132e-04
3.340075170000000176e-02 2.459810929999999961e-04
3.352775799999999778e-02 2.471902989999999944e-04
3.365394470000000054e-02 2.467950690000000067e-04
3.378142420000000007e-02 2.435664500000000099e-04
3.390754759999999729e-02 2.419245870000000091e-04
3.403401749999999948e-02 2.367969569999999987e-04
3.415884079999999962e-02 2.339594940000000055e-04
3.428065780000000284e-02 2.319537739999999904e-04
3.440089520000000345e-02 2.302851060000000050e-04
3.451860699999999976e-02 2.289692930000000043e-04
3.463812919999999934e-02 2.292658029999999978e-04
3.475815060000000262e-02 2.292704159999999966e-04
3.487801179999999723e-02 2.294858860000000131e-04
3.499758239999999770e-02 2.305665109999999922e-04
3.511452670000000248e-02 2.293806459999999964e-04
3.523135559999999999e-02 2.271249100000000121e-04
3.534705939999999852e-02 2.256332949999999998e-04
3.546179089999999812e-02 2.222361360000000034e-04
3.557752449999999900e-02 2.216152349999999944e-04
3.569296000000000274e-02 2.203924089999999920e-04
3.581075739999999702e-02 2.210646199999999990e-04
3.592816000000000065e-02 2.235985739999999929e-04
3.604313729999999993e-02 2.233531999999999879e-04
3.615805879999999667e-02 2.235982250000000050e-04
3.627275299999999786e-02 2.235543939999999922e-04
3.638674320000000184e-02 2.237617450000000058e-04
3.649974610000000091e-02 2.232441040000000105e-04
3.661411629999999917e-02 2.195232959999999882e-04
3.673027079999999917e-02 2.189538210000000016e-04
3.684421260000000226e-02 2.210742240000000041e-04
3.695668650000000222e-02 2.212549590000000097e-04
3.706918280000000288e-02 2.225588540000000089e-04
3.718135129999999844e-02 2.228359809999999868e-04
3.729372839999999661e-02 2.224193010000000028e-04
3.740644449999999677e-02 2.224758060000000051e-04
3.752101590000000292e-02 2.195379490000000117e-04
3.763511779999999946e-02 2.178974970000000107e-04
3.774742040000000215e-02 2.163576570000000062e-04
3.785782310000000012e-02 2.149576900000000029e-04
3.796595710000000290e-02 2.148401550000000003e-04
3.807556630000000220e-02 2.156798439999999949e-04
3.818671409999999794e-02 2.162597520000000080e-04
3.829920290000000255e-02 2.172772660000000080e-04
3.841119259999999785e-02 2.201066090000000023e-04
3.852009399999999778e-02 2.192673270000000077e-04
3.862906990000000013e-02 2.168158680000000047e-04
3.873826560000000196e-02 2.157736020000000025e-04
3.884708879999999864e-02 2.135117830000000114e-04
3.895748410000000189e-02 2.139295539999999999e-04
3.906961159999999822e-02 2.129976930000000029e-04
3.918153419999999970e-02 2.125408349999999920e-04
3.929063680000000058e-02 2.151570520000000092e-04
3.939805180000000018e-02 2.150858929999999874e-04
3.950506820000000002e-02 2.155606490000000117e-04
3.961198779999999808e-02 2.153831160000000051e-04
3.971994300000000061e-02 2.131777729999999966e-04
3.982840110000000072e-02 2.129796779999999963e-04
3.993854299999999996e-02 2.104236049999999960e-04
4.004887859999999716e-02 2.096223179999999963e-04
4.015702749999999766e-02 2.102405270000000013e-04
4.026607420000000159e-02 2.110037599999999979e-04
4.037441690000000138e-02 2.142982119999999936e-04
4.048239070000000245e-02 2.149674259999999955e-04
4.059134050000000327e-02 2.151980440000000091e-04
4.069976510000000020e-02 2.152571400000000124e-04
4.080936689999999784e-02 2.134619140000000017e-04
4.091789569999999820e-02 2.121696889999999923e-04
4.102583230000000220e-02 2.103564470000000061e-04
4.113362730000000300e-02 2.096185640000000074e-04
4.123971609999999705e-02 2.096128009999999960e-04
4.134868089999999691e-02 2.110465140000000045e-04
4.145875200000000149e-02 2.131833460000000084e-04
4.156809670000000123e-02 2.138033890000000034e-04
4.167860749999999920e-02 2.135914690000000049e-04
4.178902510000000181e-02 2.134614770000000132e-04
4.189823570000000136e-02 2.159220599999999877e-04
4.200504719999999942e-02 2.153698730000000124e-04
4.211180660000000270e-02 2.131063519999999917e-04
4.222109909999999938e-02 2.138158449999999966e-04
4.233166580000000123e-02 2.136608529999999906e-04
4.244258249999999927e-02 2.135223190000000058e-04
4.255289210000000322e-02 2.141621369999999950e-04
4.266232250000000226e-02 2.141531149999999955e-04
4.277027769999999784e-02 2.173968529999999969e-04
4.287727549999999915e-02 2.179923179999999992e-04
4.298638550000000169e-02 2.153005630000000021e-04
4.309616980000000042e-02 2.147361520000000011e-04
4.320584610000000048e-02 2.133427620000000093e-04
4.331606629999999736e-02 2.128737689999999965e-04
4.342539239999999856e-02 2.130737410000000049e-04
4.353311289999999695e-02 2.124731689999999991e-04
4.364063960000000297e-02 2.111325010000000011e-04
4.374878110000000181e-02 2.110177879999999980e-04
4.385655000000000109e-02 2.121178109999999871e-04
4.396537689999999859e-02 2.131514050000000006e-04
4.407497870000000317e-02 2.139168940000000087e-04
4.418561979999999917e-02 2.145223839999999872e-04
4.429621250000000121e-02 2.162916789999999904e-04
4.440391440000000106e-02 2.154867539999999991e-04
4.451165349999999798e-02 2.131945369999999876e-04
4.461961980000000300e-02 2.125042669999999871e-04
4.472722109999999890e-02 2.119923010000000026e-04
4.483607779999999876e-02 2.125645699999999922e-04
4.494651029999999908e-02 2.107197219999999878e-04
4.505696890000000093e-02 2.100716229999999925e-04
4.516384749999999976e-02 2.142516750000000056e-04
4.527007420000000310e-02 2.150712970000000072e-04
4.537809269999999728e-02 2.143594900000000058e-04
4.548529159999999821e-02 2.139042040000000019e-04
4.559385030000000227e-02 2.111723300000000131e-04
4.570400709999999922e-02 2.111498320000000032e-04
4.581495370000000095e-02 2.089619369999999902e-04
4.592675720000000128e-02 2.086905589999999984e-04
4.603511099999999662e-02 2.137000700000000087e-04
4.614137859999999786e-02 2.139577850000000056e-04
4.624765740000000291e-02 2.146519979999999986e-04
4.635598140000000283e-02 2.164203910000000010e-04
4.646711800000000170e-02 2.174664260000000134e-04
4.657630620000000055e-02 2.166730700000000088e-04
4.668516670000000257e-02 2.141867009999999895e-04
4.679338260000000249e-02 2.129051140000000006e-04
4.690010099999999960e-02 2.118470150000000007e-04
4.700756820000000225e-02 2.116266700000000024e-04
4.711508379999999885e-02 2.109449270000000008e-04
4.722439870000000317e-02 2.120647699999999940e-04
4.733454060000000241e-02 2.137944979999999954e-04
4.744350910000000310e-02 2.137173140000000061e-04
4.755157599999999818e-02 2.158223209999999995e-04
4.765798150000000177e-02 2.155853290000000035e-04
4.776428640000000142e-02 2.142811140000000091e-04
4.786979029999999941e-02 2.133309169999999871e-04
4.797649760000000096e-02 2.086857569999999958e-04
4.808705299999999766e-02 2.090381170000000068e-04
4.819664729999999925e-02 2.116304680000000052e-04
4.830471050000000044e-02 2.119293640000000057e-04
4.841261730000000207e-02 2.138213310000000036e-04
4.851934690000000300e-02 2.137979610000000086e-04
4.862530159999999685e-02 2.142184820000000132e-04
4.873124510000000076e-02 2.143642780000000101e-04
4.883926360000000189e-02 2.113082009999999865e-04
4.894843699999999742e-02 2.106144089999999918e-04
4.905715210000000104e-02 2.094721710000000108e-04
4.916516320000000051e-02 2.089244080000000035e-04
4.927159849999999952e-02 2.108204790000000012e-04
4.937763879999999828e-02 2.112716169999999914e-04
4.948345199999999722e-02 2.121088040000000089e-04
