-4.841921849999999972e-02 2.481905099999999888e-04
-4.835838080000000316e-02 2.291161949999999999e-04
-4.828202350000000004e-02 2.312899599999999867e-04
-4.819799589999999856e-02 2.244219360000000122e-04
-4.810993370000000297e-02 2.246888329999999928e-04
-4.801661520000000127e-02 2.175320840000000068e-04
-4.791816320000000240e-02 2.180100130000000105e-04
-4.782004279999999691e-02 2.190892409999999882e-04
-4.772071170000000140e-02 2.202046309999999938e-04
-4.761905219999999772e-02 2.194102130000000043e-04
-4.751641680000000256e-02 2.194154799999999920e-04
-4.741452260000000168e-02 2.206288769999999947e-04
-4.731312020000000285e-02 2.210737000000000108e-04
-4.720938580000000329e-02 2.184408800000000098e-04
-4.710544269999999978e-02 2.176179550000000061e-04
-4.699961839999999835e-02 2.130189970000000133e-04
-4.689173029999999659e-02 2.125980100000000005e-04
-4.678646479999999663e-02 2.149987560000000053e-04
-4.668192940000000235e-02 2.154221870000000102e-04
-4.657816890000000126e-02 2.178849680000000111e-04
-4.647430780000000317e-02 2.185358610000000094e-04
-4.636960849999999940e-02 2.189203079999999869e-04
-4.626381770000000115e-02 2.200101299999999982e-04
-4.615467410000000104e-02 2.182848259999999919e-04
-4.604678229999999844e-02 2.169096550000000048e-04
-4.593960200000000299e-02 2.134528910000000061e-04
-4.583160580000000123e-02 2.127002229999999964e-04
-4.572586339999999694e-02 2.143762250000000042e-04
-4.561956229999999946e-02 2.150243379999999978e-04
-4.551354419999999873e-02 2.172900419999999964e-04
-4.540668800000000060e-02 2.189039080000000051e-04
-4.529744759999999870e-02 2.194201080000000121e-04
-4.518982769999999732e-02 2.186354249999999922e-04
-4.508189860000000326e-02 2.167584029999999895e-04
-4.497326909999999761e-02 2.164976470000000007e-04
-4.486572369999999865e-02 2.167553610000000016e-04
-4.475894939999999766e-02 2.163835890000000096e-04
-4.465195909999999935e-02 2.149923969999999900e-04
-4.454231260000000164e-02 2.157938290000000067e-04
-4.443320629999999993e-02 2.189217630000000006e-04
-4.432432349999999854e-02 2.202117180000000003e-04
-4.421346260000000306e-02 2.213427069999999899e-04
-4.410437870000000204e-02 2.206833739999999975e-04
-4.399630429999999703e-02 2.196971179999999968e-04
-4.388860990000000017e-02 2.191111709999999909e-04
-4.378084470000000172e-02 2.173614779999999956e-04
-4.367152600000000218e-02 2.173702959999999971e-04
-4.356148469999999995e-02 2.162018500000000042e-04
-4.344986010000000121e-02 2.170240620000000108e-04
-4.333917419999999687e-02 2.208587249999999951e-04
-4.322873800000000266e-02 2.220924220000000085e-04
-4.311683029999999889e-02 2.239157909999999971e-04
-4.300689320000000010e-02 2.233898699999999917e-04
-4.289738459999999781e-02 2.217971200000000127e-04
-4.278815910000000056e-02 2.210535169999999934e-04
-4.267803579999999986e-02 2.174901599999999905e-04
-4.256526010000000193e-02 2.175030390000000011e-04
-4.245351630000000070e-02 2.192680260000000065e-04
-4.234199599999999980e-02 2.200652379999999990e-04
-4.222891110000000225e-02 2.205033960000000028e-04
-4.211579260000000019e-02 2.206859350000000099e-04
-4.200427610000000145e-02 2.230304820000000095e-04
-4.189337039999999762e-02 2.235062270000000122e-04
-4.178072139999999823e-02 2.219153830000000066e-04
-4.166724530000000259e-02 2.215371929999999912e-04
-4.155287519999999873e-02 2.190125519999999997e-04
-4.143729429999999658e-02 2.191265520000000057e-04
-4.132304710000000297e-02 2.216592399999999896e-04
-4.120952640000000167e-02 2.221374310000000035e-04
-4.109562189999999698e-02 2.236620929999999952e-04
-4.098170250000000153e-02 2.242244810000000024e-04
-4.086861759999999705e-02 2.263345670000000028e-04
-4.075409099999999923e-02 2.279612670000000121e-04
-4.063696409999999898e-02 2.281394989999999904e-04
-4.052010179999999961e-02 2.277345340000000060e-04
-4.040241990000000005e-02 2.252697160000000131e-04
-4.028451439999999883e-02 2.248242089999999925e-04
-4.016831889999999960e-02 2.272851849999999959e-04
-4.005165399999999903e-02 2.284621149999999969e-04
-3.993546220000000063e-02 2.316670139999999877e-04
-3.981766850000000024e-02 2.337847979999999927e-04
-3.969730810000000193e-02 2.353794839999999878e-04
-3.957711159999999923e-02 2.355300240000000021e-04
-3.945684060000000104e-02 2.358212660000000120e-04
-3.933490810000000309e-02 2.372377639999999886e-04
-3.921187670000000208e-02 2.393389880000000006e-04
-3.908893089999999904e-02 2.400486119999999969e-04
-3.896522150000000101e-02 2.416612840000000061e-04
-3.883906830000000143e-02 2.437157670000000050e-04
-3.871249780000000223e-02 2.478042150000000230e-04
-3.858446699999999729e-02 2.501549899999999920e-04
-3.845416010000000245e-02 2.528832119999999909e-04
-3.832455719999999788e-02 2.530922649999999799e-04
-3.819476809999999833e-02 2.533664520000000232e-04
-3.806528079999999675e-02 2.536278040000000157e-04
-3.793594239999999868e-02 2.546042669999999805e-04
-3.780500219999999995e-02 2.559164709999999822e-04
-3.767120090000000004e-02 2.557548000000000200e-04
-3.753427039999999992e-02 2.575834510000000175e-04
-3.739828619999999854e-02 2.632607939999999955e-04
-3.726143020000000083e-02 2.658292070000000187e-04
-3.712280839999999860e-02 2.700164619999999814e-04
-3.698369860000000342e-02 2.714423460000000210e-04
-3.684293109999999677e-02 2.726482050000000033e-04
-3.670139979999999941e-02 2.739083139999999995e-04
-3.655696659999999737e-02 2.736034800000000091e-04
-3.640801459999999656e-02 2.762189249999999941e-04
-3.625933449999999697e-02 2.828864380000000269e-04
-3.610714899999999811e-02 2.873961639999999792e-04
-3.595226259999999979e-02 2.954161320000000201e-04
-3.579352050000000202e-02 3.001982110000000255e-04
-3.563210740000000154e-02 3.090237440000000212e-04
-3.546633200000000319e-02 3.152227150000000010e-04
-3.529633580000000187e-02 3.253996260000000256e-04
-3.512105349999999904e-02 3.322415000000000004e-04
-3.493838760000000238e-02 3.402209260000000051e-04
-3.474352879999999949e-02 3.504488559999999978e-04
-3.454523159999999676e-02 3.718038499999999961e-04
-3.432993959999999789e-02 3.897080609999999763e-04
-3.410706299999999996e-02 4.267813060000000161e-04
-3.386524319999999894e-02 4.508591660000000017e-04
-3.360487890000000283e-02 4.867599640000000167e-04
-3.328086060000000346e-02 5.384340769999999788e-04
-3.293551129999999771e-02 6.487296780000000171e-04
-3.260079030000000155e-02 6.822270809999999869e-04
-3.220117460000000015e-02 6.645440589999999665e-04
-3.167491029999999763e-02 7.343214239999999509e-04
-3.115751970000000051e-02 9.429763889999999557e-04
-3.072057109999999994e-02 9.684170360000000271e-04
-3.014358690000000160e-02 8.061884439999999607e-04
-2.961297519999999892e-02 7.211848859999999686e-04
-2.918787670000000042e-02 6.607762770000000490e-04
-2.884643149999999850e-02 5.888663580000000428e-04
-2.853579070000000079e-02 4.421584020000000241e-04
-2.821073309999999959e-02 3.979172320000000135e-04
-2.797446959999999941e-02 4.212408680000000270e-04
-2.773298509999999953e-02 4.327756470000000059e-04
-2.748268840000000005e-02 4.501002550000000012e-04
-2.723366580000000092e-02 4.549289880000000150e-04
-2.697727080000000138e-02 4.561302479999999968e-04
-2.673719449999999859e-02 4.473930170000000174e-04
-2.649317309999999967e-02 4.181383119999999734e-04
-2.629387190000000152e-02 3.807235330000000050e-04
-2.610171030000000073e-02 2.870163300000000005e-04
-2.591219540000000085e-02 2.516906239999999978e-04
-2.577822839999999865e-02 2.463271669999999984e-04
-2.564582600000000004e-02 2.431189199999999955e-04
-2.551585989999999998e-02 2.383218959999999949e-04
-2.538526240000000059e-02 2.372967429999999986e-04
-2.525634319999999974e-02 2.372389720000000134e-04
-2.512784120000000065e-02 2.369665159999999923e-04
-2.499933539999999940e-02 2.370818110000000008e-04
-2.487369810000000098e-02 2.354114989999999980e-04
-2.474973349999999919e-02 2.326483950000000065e-04
-2.462652510000000114e-02 2.311988649999999906e-04
-2.450373020000000054e-02 2.278602479999999886e-04
-2.437769440000000024e-02 2.282854549999999985e-04
-2.425233090000000064e-02 2.306202219999999915e-04
-2.412733059999999999e-02 2.315494930000000105e-04
-2.400037459999999900e-02 2.317356269999999913e-04
-2.387470569999999848e-02 2.310431449999999934e-04
-2.375140599999999921e-02 2.321766949999999954e-04
-2.362935249999999904e-02 2.318362820000000057e-04
-2.350684070000000001e-02 2.301272469999999896e-04
-2.338185720000000162e-02 2.306756940000000014e-04
-2.325495149999999914e-02 2.290369739999999915e-04
-2.312607319999999966e-02 2.299356569999999904e-04
-2.299793619999999927e-02 2.336547479999999887e-04
-2.287054059999999930e-02 2.345520329999999901e-04
-2.274228999999999834e-02 2.364961979999999884e-04
-2.261581270000000143e-02 2.361453949999999902e-04
-2.249096150000000002e-02 2.369747239999999918e-04
-2.236496660000000108e-02 2.379617510000000017e-04
-2.223656699999999875e-02 2.366887200000000041e-04
-2.210732740000000141e-02 2.364048560000000035e-04
-2.197729420000000058e-02 2.343400700000000008e-04
-2.184719590000000142e-02 2.339494680000000061e-04
-2.171917820000000138e-02 2.372020240000000091e-04
-2.159130390000000080e-02 2.383034150000000071e-04
-2.146456199999999953e-02 2.423414699999999950e-04
-2.133822070000000043e-02 2.435538190000000112e-04
-2.120822669999999910e-02 2.408197759999999887e-04
-2.107748580000000024e-02 2.399503139999999970e-04
-2.094603700000000068e-02 2.364068350000000105e-04
-2.081260830000000034e-02 2.366362020000000084e-04
-2.068016309999999927e-02 2.389069120000000075e-04
-2.054667099999999899e-02 2.403539690000000117e-04
-2.041445299999999907e-02 2.474048520000000158e-04
-2.028221259999999845e-02 2.499768449999999914e-04
-2.014861810000000142e-02 2.539122649999999890e-04
-2.001482430000000104e-02 2.554476090000000151e-04
-1.987753810000000149e-02 2.538761759999999946e-04
-1.973723250000000012e-02 2.547653859999999800e-04
-1.959531009999999907e-02 2.545818279999999788e-04
-1.945199439999999863e-02 2.556883260000000074e-04
-1.931043340000000025e-02 2.616646229999999981e-04
-1.916837509999999925e-02 2.641181049999999949e-04
-1.902192269999999907e-02 2.645994829999999865e-04
-1.887563059999999848e-02 2.646948849999999844e-04
-1.872970159999999898e-02 2.645340280000000222e-04
-1.858344669999999893e-02 2.646714269999999886e-04
-1.843572970000000033e-02 2.626078490000000108e-04
-1.828826780000000068e-02 2.613429100000000155e-04
-1.814230899999999883e-02 2.603972969999999998e-04
-1.799719409999999895e-02 2.598989519999999882e-04
-1.785273290000000124e-02 2.605655460000000237e-04
-1.770357230000000129e-02 2.636500289999999772e-04
-1.755471340000000144e-02 2.717087340000000025e-04
-1.740188339999999834e-02 2.769982969999999853e-04
-1.724399999999999891e-02 2.832530879999999940e-04
-1.708234659999999933e-02 2.873596969999999773e-04
-1.691851210000000147e-02 2.951640340000000217e-04
-1.675020530000000119e-02 3.010377699999999975e-04
-1.657828500000000163e-02 3.113148559999999758e-04
-1.639930900000000080e-02 3.192500149999999751e-04
-1.621333880000000102e-02 3.308554590000000253e-04
-1.603277209999999856e-02 3.318256350000000124e-04
-1.584347519999999843e-02 3.186573449999999990e-04
-1.566451040000000142e-02 3.077056899999999762e-04
-1.549384279999999926e-02 2.911425539999999939e-04
-1.533477100000000051e-02 2.778314520000000135e-04
-1.518622040000000041e-02 2.585355250000000204e-04
-1.504384630000000014e-02 2.482511630000000047e-04
-1.490990629999999935e-02 2.346030089999999945e-04
-1.477903969999999970e-02 2.278435280000000115e-04
-1.465561049999999921e-02 2.205443450000000119e-04
-1.453193279999999941e-02 2.180666340000000101e-04
-1.441121570000000046e-02 2.161309379999999984e-04
-1.429095959999999998e-02 2.148564670000000084e-04
-1.417444650000000000e-02 2.175898120000000012e-04
-1.405978020000000009e-02 2.177573039999999870e-04
-1.394389199999999940e-02 2.161933949999999887e-04
-1.382849090000000045e-02 2.153371320000000029e-04
-1.371208949999999996e-02 2.120866269999999902e-04
-1.359329280000000015e-02 2.123645679999999953e-04
-1.347465439999999924e-02 2.125700270000000067e-04
-1.335520200000000005e-02 2.131336510000000082e-04
-1.323705350000000010e-02 2.168771610000000112e-04
-1.311743349999999926e-02 2.188004289999999992e-04
-1.299754529999999977e-02 2.237123410000000083e-04
-1.288169060000000053e-02 2.233599520000000048e-04
-1.276269000000000015e-02 2.179636069999999870e-04
-1.264470720000000076e-02 2.154133539999999872e-04
-1.252730189999999924e-02 2.084397420000000042e-04
-1.241105420000000042e-02 2.052337510000000129e-04
-1.229894439999999929e-02 2.032399060000000086e-04
-1.218722570000000012e-02 2.020048410000000133e-04
-1.207672249999999954e-02 2.006410799999999977e-04
-1.196809019999999987e-02 1.992982720000000126e-04
-1.186060350000000055e-02 1.974782349999999916e-04
-1.175543289999999956e-02 1.954341569999999955e-04
-1.164962819999999961e-02 1.894121380000000129e-04
-1.154527160000000038e-02 1.863790969999999908e-04
-1.144355810000000084e-02 1.816182629999999875e-04
-1.134478769999999921e-02 1.781353489999999891e-04
-1.124890150000000012e-02 1.732776580000000013e-04
-1.115279270000000059e-02 1.714226670000000043e-04
-1.105961479999999914e-02 1.711891820000000083e-04
-1.096777430000000012e-02 1.705330650000000132e-04
-1.087558920000000068e-02 1.687668990000000026e-04
-1.078368260000000037e-02 1.679708799999999865e-04
-1.069260669999999927e-02 1.664885059999999931e-04
-1.060382460000000061e-02 1.645758019999999961e-04
-1.051646380000000047e-02 1.616364460000000022e-04
-1.043089110000000076e-02 1.592846379999999866e-04
-1.034728069999999930e-02 1.560544769999999985e-04
-1.026330330000000020e-02 1.553240000000000057e-04
-1.017959880000000004e-02 1.537524079999999971e-04
-1.009573970000000008e-02 1.532777100000000121e-04
-1.001267599999999987e-02 1.538553189999999958e-04
-9.931320319999999147e-03 1.530455920000000020e-04
-9.850827050000000168e-03 1.516427439999999910e-04
-9.771931920000000854e-03 1.501771910000000048e-04
-9.693919679999999511e-03 1.475807080000000101e-04
-9.616412220000000385e-03 1.461417710000000047e-04
-9.539910590000000648e-03 1.438452160000000069e-04
-9.462949820000000206e-03 1.434886649999999914e-04
-9.385162029999999725e-03 1.416483139999999885e-04
-9.307686239999999819e-03 1.408035459999999869e-04
-9.232580659999999745e-03 1.418595640000000079e-04
-9.158850649999999635e-03 1.414124419999999896e-04
-9.085495020000000643e-03 1.407943199999999893e-04
-9.013422760000000533e-03 1.397996090000000002e-04
-8.941370060000000328e-03 1.370675019999999938e-04
-8.868894540000000007e-03 1.361500330000000062e-04
-8.796400390000000402e-03 1.335956189999999905e-04
-8.724164220000000386e-03 1.327031930000000079e-04
-8.653021420000000380e-03 1.325390770000000034e-04
-8.582358249999999869e-03 1.321977030000000047e-04
-8.512944910000000420e-03 1.328235669999999963e-04
-8.444906210000000316e-03 1.322222669999999992e-04
-8.376863789999999463e-03 1.305461920000000121e-04
-8.308539170000000390e-03 1.299340800000000121e-04
-8.239768450000000549e-03 1.275121469999999902e-04
-8.172045459999999206e-03 1.261860310000000127e-04
-8.105394429999999290e-03 1.242908619999999887e-04
-8.038844910000000551e-03 1.235457889999999885e-04
-7.973154079999999339e-03 1.233636430000000102e-04
-7.908171970000000758e-03 1.228765469999999901e-04
-7.843996400000000785e-03 1.223960129999999871e-04
-7.780299989999999583e-03 1.219356200000000067e-04
-7.716738620000000021e-03 1.208834729999999950e-04
-7.652531379999999959e-03 1.207258609999999955e-04
-7.588313430000000193e-03 1.202855130000000011e-04
-7.525457999999999627e-03 1.194730279999999960e-04
-7.463138079999999917e-03 1.185531360000000002e-04
-7.401546000000000167e-03 1.177870140000000006e-04
-7.340459619999999824e-03 1.160469980000000033e-04
-7.279946929999999566e-03 1.150759999999999939e-04
-7.220397699999999731e-03 1.139889719999999992e-04
-7.159590260000000227e-03 1.141956309999999996e-04
-7.098718549999999926e-03 1.146741630000000061e-04
-7.039174439999999582e-03 1.142050239999999940e-04
-6.979971189999999853e-03 1.134712150000000066e-04
-6.921171680000000152e-03 1.129645389999999990e-04
-6.862857380000000201e-03 1.127877039999999951e-04
-6.805652290000000285e-03 1.120592129999999949e-04
-6.748328920000000279e-03 1.094065590000000050e-04
-6.690648379999999777e-03 1.086664490000000010e-04
-6.633959239999999945e-03 1.082672900000000054e-04
-6.577256600000000279e-03 1.079830249999999943e-04
-6.520700180000000082e-03 1.074482930000000001e-04
-6.464545149999999761e-03 1.071605510000000046e-04
-6.408557300000000158e-03 1.070403600000000032e-04
-6.353352219999999599e-03 1.065290560000000026e-04
-6.298950410000000305e-03 1.060388240000000043e-04
-6.245445460000000407e-03 1.053231319999999954e-04
-6.191844119999999688e-03 1.031742719999999958e-04
-6.137646269999999862e-03 1.026178220000000056e-04
-6.083463780000000244e-03 1.011129640000000006e-04
-6.029553709999999761e-03 1.005451270000000012e-04
-5.976723039999999598e-03 1.007627650000000012e-04
-5.923836489999999809e-03 1.008746689999999934e-04
-5.871432830000000366e-03 1.023711450000000029e-04
-5.820267829999999781e-03 1.021683930000000034e-04
-5.768518430000000273e-03 1.002404170000000032e-04
-5.716619079999999721e-03 9.963633780000000087e-05
-5.665135570000000287e-03 9.865200259999999850e-05
-5.613951940000000418e-03 9.798259999999999934e-05
-5.562827920000000016e-03 9.623595540000000152e-05
-5.512067120000000223e-03 9.552076519999999605e-05
-5.462420170000000137e-03 9.574634900000000251e-05
-5.412965550000000022e-03 9.571420380000000025e-05
-5.364000800000000117e-03 9.607653920000000405e-05
-5.315815560000000141e-03 9.573822900000000368e-05
-5.267278759999999803e-03 9.421134750000000372e-05
-5.218743349999999982e-03 9.353300989999999615e-05
-5.170590709999999847e-03 9.229752319999999456e-05
-5.122987090000000361e-03 9.164975200000000674e-05
-5.075789059999999582e-03 9.052883250000000532e-05
-5.028973330000000366e-03 8.989565690000000475e-05
-4.982959010000000306e-03 8.980868729999999880e-05
-4.937170999999999747e-03 8.964250449999999662e-05
-4.891593009999999596e-03 8.918909589999999361e-05
-4.845970780000000144e-03 8.905237339999999384e-05
-4.800416059999999818e-03 8.878497470000000133e-05
-4.755408039999999871e-03 8.823993989999999975e-05
-4.710538779999999710e-03 8.696573060000000496e-05
-4.666349850000000264e-03 8.621856979999999615e-05
-4.622752310000000434e-03 8.545049060000000014e-05
-4.578946159999999765e-03 8.529943440000000473e-05
-4.535194489999999981e-03 8.464450370000000193e-05
-4.491549449999999999e-03 8.434455229999999559e-05
-4.448390570000000308e-03 8.432324099999999811e-05
-4.405097099999999780e-03 8.428077850000000580e-05
-4.361899100000000279e-03 8.432490720000000543e-05
-4.319757690000000303e-03 8.382170199999999620e-05
-4.277675879999999833e-03 8.252551200000000074e-05
-4.235795700000000337e-03 8.193682149999999330e-05
-4.194228440000000342e-03 8.112914660000000440e-05
-4.152460959999999812e-03 8.095907110000000108e-05
-4.110823389999999737e-03 8.039327800000000139e-05
-4.069175109999999956e-03 8.019587400000000466e-05
-4.027976190000000060e-03 8.039738900000000031e-05
-3.987019419999999689e-03 8.021440590000000043e-05
-3.946132490000000409e-03 7.982631360000000365e-05
-3.905926599999999874e-03 7.938705679999999670e-05
-3.865777510000000059e-03 7.855829610000000373e-05
-3.825627270000000069e-03 7.826046199999999657e-05
-3.785521259999999853e-03 7.720636490000000603e-05
-3.745468330000000044e-03 7.679480770000000585e-05
-3.706032880000000116e-03 7.668242319999999561e-05
-3.666677509999999827e-03 7.659383850000000041e-05
-3.627741009999999825e-03 7.704724699999999839e-05
-3.589176810000000144e-03 7.688192269999999460e-05
-3.550416560000000180e-03 7.609907329999999884e-05
-3.511794610000000105e-03 7.583843400000000188e-05
-3.473120279999999862e-03 7.531142909999999618e-05
-3.434769580000000128e-03 7.492752769999999889e-05
-3.396693850000000181e-03 7.403233029999999612e-05
-3.358730810000000108e-03 7.364239720000000664e-05
-3.321362889999999925e-03 7.355325939999999348e-05
-3.283915110000000092e-03 7.346873460000000623e-05
-3.246727169999999787e-03 7.366848150000000056e-05
-3.210025139999999905e-03 7.354893020000000180e-05
-3.173205069999999843e-03 7.302121229999999907e-05
-3.136471850000000124e-03 7.277864640000000036e-05
-3.099532099999999929e-03 7.203315909999999953e-05
-3.062845209999999832e-03 7.161273240000000026e-05
-3.026698019999999895e-03 7.107018610000000267e-05
-2.990659789999999991e-03 7.080929939999999680e-05
-2.954988270000000194e-03 7.069691490000000011e-05
-2.919281829999999852e-03 7.058103070000000404e-05
-2.883679929999999857e-03 7.043487860000000164e-05
-2.848249860000000213e-03 7.037510660000000258e-05
-2.812629330000000066e-03 7.015698070000000596e-05
-2.777385989999999784e-03 6.985201619999999493e-05
-2.742425540000000168e-03 6.921065509999999976e-05
-2.707815729999999820e-03 6.876909900000000258e-05
-2.673551670000000064e-03 6.811998899999999484e-05
-2.638960259999999919e-03 6.799006949999999798e-05
-2.604411909999999886e-03 6.770365140000000610e-05
-2.570114100000000113e-03 6.754240889999999864e-05
-2.536046090000000208e-03 6.747691799999999348e-05
-2.502077960000000188e-03 6.739352100000000191e-05
-2.468070250000000028e-03 6.735013450000000188e-05
-2.434423189999999904e-03 6.711783499999999874e-05
-2.400931900000000119e-03 6.647646660000000292e-05
-2.367670179999999819e-03 6.610745909999999627e-05
-2.334660379999999903e-03 6.550290709999999665e-05
-2.301374450000000065e-03 6.536192090000000096e-05
-2.268160229999999916e-03 6.509310330000000501e-05
-2.235039140000000171e-03 6.502916220000000338e-05
-2.201896860000000095e-03 6.506158389999999855e-05
-2.169085429999999867e-03 6.487517380000000424e-05
-2.136590659999999808e-03 6.463878529999999558e-05
-2.104350129999999972e-03 6.440091970000000191e-05
-2.072269560000000212e-03 6.400756680000000006e-05
-2.040045339999999822e-03 6.386539460000000001e-05
-2.007663250000000111e-03 6.321082039999999572e-05
-1.975458580000000099e-03 6.295504859999999706e-05
-1.943607809999999990e-03 6.283371480000000573e-05
-1.911866130000000044e-03 6.272459000000000519e-05
-1.880243890000000105e-03 6.285720159999999752e-05
-1.848774849999999933e-03 6.281320379999999796e-05
-1.817387059999999929e-03 6.258842770000000043e-05
-1.786143169999999990e-03 6.242101519999999502e-05
-1.754935250000000087e-03 6.201604259999999496e-05
-1.723843280000000042e-03 6.171661519999999547e-05
-1.692877850000000040e-03 6.109859529999999924e-05
-1.661887969999999940e-03 6.097418740000000063e-05
-1.630934070000000053e-03 6.091790420000000250e-05
-1.600206480000000101e-03 6.076207139999999929e-05
-1.569869929999999966e-03 6.075044440000000042e-05
-1.539624990000000018e-03 6.069115259999999755e-05
-1.509431170000000069e-03 6.061170639999999721e-05
-1.479287170000000108e-03 6.047097489999999752e-05
-1.449014410000000084e-03 5.986719770000000141e-05
-1.418947010000000007e-03 5.960864659999999928e-05
-1.389050159999999975e-03 5.917529420000000259e-05
-1.359147489999999996e-03 5.902238630000000247e-05
-1.329345750000000045e-03 5.898798919999999812e-05
-1.299791270000000016e-03 5.882727780000000166e-05
-1.270449020000000021e-03 5.851143940000000338e-05
-1.241131099999999952e-03 5.838308790000000238e-05
-1.211915399999999960e-03 5.819707080000000303e-05
-1.182714710000000056e-03 5.804201280000000334e-05
-1.153584800000000089e-03 5.773083099999999770e-05
-1.124807630000000105e-03 5.748618060000000021e-05
-1.096086110000000016e-03 5.711530680000000110e-05
-1.067369239999999995e-03 5.697859519999999979e-05
-1.038933170000000102e-03 5.685070939999999870e-05
-1.010533070000000028e-03 5.678304659999999706e-05
-9.821237760000000455e-04 5.657959630000000006e-05
-9.536911969999999723e-04 5.644340489999999773e-05
-9.253212479999999842e-04 5.617106579999999870e-05
-8.972135259999999618e-04 5.599244469999999768e-05
-8.693297859999999603e-04 5.586918630000000020e-05
-8.415887129999999631e-04 5.573921590000000209e-05
-8.136852409999999853e-04 5.531711939999999769e-05
-7.857794409999999856e-04 5.516618689999999996e-05
-7.582286490000000141e-04 5.512937060000000202e-05
-7.308136559999999513e-04 5.503450299999999786e-05
-7.033093129999999941e-04 5.462178159999999701e-05
-6.757434459999999777e-04 5.443596460000000312e-05
-6.483435279999999598e-04 5.419822990000000275e-05
-6.211953590000000337e-04 5.403559040000000056e-05
-5.942317079999999592e-04 5.389114450000000151e-05
-5.673968119999999674e-04 5.376186890000000132e-05
-5.404737889999999649e-04 5.345811949999999899e-05
-5.135959949999999727e-04 5.332130239999999911e-05
-4.869896800000000025e-04 5.319147750000000237e-05
-4.605040590000000159e-04 5.307219540000000264e-05
-4.340346499999999763e-04 5.276798400000000324e-05
-4.075652689999999874e-04 5.258691090000000145e-05
-3.812850050000000132e-04 5.240022070000000285e-05
-3.552031409999999861e-04 5.228554069999999669e-05
-3.290505260000000146e-04 5.204594710000000276e-05
-3.029663350000000159e-04 5.191827950000000121e-05
-2.771362780000000115e-04 5.179039360000000188e-05
-2.515022929999999866e-04 5.162646989999999741e-05
-2.258532040000000055e-04 5.114592930000000186e-05
-2.002296679999999974e-04 5.088844770000000204e-05
-1.747998760000000009e-04 5.049805619999999973e-05
-1.496253680000000116e-04 5.027356019999999970e-05
-1.246620090000000116e-04 5.000199600000000244e-05
-9.994812720000000321e-05 4.975456609999999821e-05
-7.519246719999999500e-05 4.918417110000000144e-05
-5.074311779999999807e-05 4.879950570000000085e-05
-2.659892559999999840e-05 4.803249609999999862e-05
-2.142617180000000098e-06 4.795141290000000031e-05
2.196676720000000077e-05 4.828509190000000278e-05
4.646484739999999768e-05 4.857958269999999683e-05
7.102906240000000319e-05 4.927008560000000311e-05
9.557935120000000430e-05 4.957662900000000167e-05
1.205078880000000059e-04 4.998684019999999985e-05
1.455756719999999995e-04 5.021865950000000003e-05
1.707200430000000097e-04 5.054617579999999842e-05
1.960489170000000126e-04 5.077503369999999906e-05
2.214880370000000057e-04 5.122664520000000144e-05
2.470617470000000221e-04 5.139997669999999807e-05
2.727944520000000141e-04 5.161496670000000124e-05
2.985689209999999841e-04 5.178736320000000023e-05
3.245615229999999820e-04 5.209950539999999824e-05
3.506492939999999872e-04 5.226936629999999983e-05
3.767683809999999769e-04 5.249222519999999687e-05
4.029257400000000201e-04 5.259547469999999826e-05
4.291608640000000078e-04 5.275244259999999779e-05
4.556802450000000250e-04 5.290751869999999835e-05
4.823110359999999890e-04 5.315169260000000248e-05
5.089035259999999611e-04 5.328862969999999721e-05
5.355980829999999705e-04 5.349858470000000052e-05
5.623355969999999614e-04 5.360007340000000125e-05
5.891984329999999832e-04 5.387652349999999920e-05
6.161680209999999703e-04 5.404043990000000303e-05
6.431735819999999815e-04 5.423229229999999872e-05
6.703624389999999567e-04 5.433738259999999960e-05
6.976290019999999495e-04 5.449895250000000123e-05
7.249629120000000444e-04 5.467133810000000176e-05
7.524012469999999701e-04 5.497568049999999949e-05
7.797757860000000246e-04 5.504727599999999828e-05
8.073463689999999535e-04 5.512784990000000284e-05
8.351896539999999506e-04 5.532084109999999770e-05
8.630700179999999978e-04 5.558632979999999889e-05
8.909237219999999961e-04 5.566586329999999869e-05
9.187670079999999892e-04 5.590422369999999662e-05
9.469943469999999620e-04 5.614399919999999691e-05
9.753725030000000079e-04 5.655735370000000099e-05
1.003607870000000103e-03 5.669707019999999743e-05
1.032106689999999927e-03 5.686120860000000188e-05
1.060667099999999981e-03 5.695750220000000009e-05
1.089086989999999908e-03 5.724430959999999766e-05
1.117706530000000045e-03 5.746755409999999755e-05
1.146504659999999978e-03 5.778924240000000024e-05
1.175454820000000015e-03 5.791735379999999976e-05
1.204534900000000033e-03 5.805581530000000328e-05
1.233628949999999959e-03 5.819275610000000084e-05
1.262765959999999962e-03 5.850094750000000085e-05
1.291916940000000088e-03 5.862050600000000202e-05
1.321298650000000052e-03 5.879009769999999778e-05
1.350877689999999956e-03 5.896987929999999664e-05
1.380445199999999961e-03 5.926638189999999806e-05
1.410321219999999959e-03 5.947724999999999708e-05
1.440279769999999997e-03 5.992419029999999876e-05
1.470066489999999901e-03 6.006321199999999728e-05
1.499961130000000090e-03 6.026931080000000270e-05
1.529998500000000032e-03 6.042918539999999944e-05
1.560347969999999933e-03 6.058230790000000129e-05
1.590812229999999990e-03 6.070669410000000124e-05
1.621241800000000101e-03 6.088110240000000082e-05
1.651760659999999912e-03 6.099760500000000059e-05
1.682279519999999940e-03 6.132123240000000571e-05
1.713117469999999969e-03 6.154536819999999761e-05
1.744088829999999911e-03 6.194400339999999643e-05
1.774936099999999996e-03 6.209692949999999565e-05
1.805901639999999992e-03 6.256065540000000226e-05
1.836947279999999981e-03 6.277588549999999336e-05
1.868294670000000086e-03 6.263442630000000389e-05
1.899903060000000072e-03 6.274046609999999868e-05
1.931510279999999963e-03 6.303696139999999946e-05
1.963368149999999892e-03 6.320782269999999621e-05
1.995293190000000088e-03 6.356951049999999374e-05
2.027050130000000207e-03 6.368489989999999911e-05
2.058847569999999825e-03 6.393723740000000269e-05
2.090831989999999974e-03 6.414020750000000350e-05
2.123157259999999911e-03 6.437885899999999564e-05
2.155658090000000041e-03 6.457052949999999853e-05
2.188158689999999788e-03 6.485927590000000029e-05
2.220818309999999900e-03 6.496997960000000191e-05
2.253592710000000207e-03 6.508592920000000229e-05
2.286285859999999913e-03 6.516725989999999418e-05
2.318989489999999810e-03 6.537529409999999919e-05
2.351993689999999984e-03 6.563040370000000384e-05
2.385242840000000204e-03 6.618039329999999643e-05
2.418489429999999812e-03 6.637787740000000377e-05
2.451840560000000200e-03 6.650190330000000413e-05
2.485510890000000150e-03 6.673840109999999888e-05
2.519221510000000004e-03 6.732752079999999623e-05
2.552996159999999879e-03 6.748578020000000548e-05
2.587016900000000015e-03 6.751512410000000408e-05
2.621068849999999908e-03 6.763607229999999933e-05
2.655160149999999993e-03 6.816288809999999628e-05
2.689531069999999933e-03 6.852133079999999895e-05
2.724095949999999836e-03 6.893604590000000632e-05
2.758774439999999838e-03 6.915370609999999625e-05
2.793694150000000046e-03 6.935525020000000301e-05
2.828948200000000034e-03 6.953334379999999762e-05
2.864133799999999883e-03 7.014119180000000014e-05
2.899073299999999943e-03 7.030732379999999932e-05
2.934301739999999915e-03 7.055408059999999752e-05
2.969912019999999819e-03 7.087261470000000264e-05
3.005584700000000185e-03 7.138615180000000321e-05
3.041337710000000059e-03 7.161916439999999485e-05
3.077315629999999823e-03 7.189047029999999830e-05
3.113760149999999973e-03 7.216958329999999591e-05
3.150198610000000052e-03 7.295247629999999906e-05
3.186435440000000025e-03 7.321174779999999711e-05
3.223071340000000038e-03 7.326761259999999877e-05
3.259849970000000020e-03 7.337326679999999748e-05
3.296687730000000087e-03 7.384646600000000557e-05
3.333847970000000053e-03 7.421120239999999708e-05
3.371306460000000026e-03 7.444762739999999542e-05
3.408805699999999800e-03 7.455715239999999332e-05
3.446461400000000192e-03 7.459978949999999812e-05
3.484582530000000008e-03 7.479212949999999567e-05
3.522544629999999934e-03 7.559048389999999866e-05
3.560384739999999850e-03 7.590675520000000323e-05
3.598784329999999820e-03 7.614130299999999709e-05
3.637659599999999889e-03 7.651240590000000098e-05
3.676575379999999851e-03 7.718678529999999809e-05
3.715682540000000110e-03 7.754467519999999787e-05
3.755081209999999985e-03 7.805239869999999400e-05
3.794525979999999969e-03 7.815615390000000488e-05
3.833883910000000002e-03 7.858865869999999486e-05
3.873208070000000100e-03 7.883055509999999891e-05
3.913148309999999602e-03 7.877399909999999715e-05
3.953471780000000421e-03 7.898436889999999912e-05
3.993635070000000307e-03 7.953666500000000465e-05
4.034144800000000197e-03 7.994408950000000047e-05
4.075042440000000050e-03 8.042855919999999535e-05
4.116057420000000279e-03 8.056288060000000239e-05
4.157011860000000419e-03 8.103696749999999790e-05
4.198261069999999727e-03 8.149365750000000250e-05
4.239775710000000079e-03 8.231807440000000250e-05
4.281126889999999595e-03 8.251756660000000084e-05
4.322974939999999974e-03 8.255620920000000199e-05
4.365502860000000304e-03 8.297959720000000255e-05
4.407824949999999964e-03 8.418496149999999919e-05
4.450494420000000208e-03 8.471109320000000018e-05
4.493575540000000097e-03 8.548382900000000238e-05
4.536312070000000397e-03 8.567081390000000655e-05
4.579108210000000165e-03 8.609073120000000027e-05
4.622126459999999736e-03 8.637573049999999373e-05
4.665970339999999696e-03 8.611907829999999474e-05
4.710250069999999747e-03 8.628951040000000159e-05
4.754463680000000324e-03 8.654530390000000570e-05
4.799148530000000093e-03 8.692063419999999875e-05
4.843855279999999958e-03 8.792640440000000306e-05
4.888732449999999737e-03 8.826969129999999637e-05
4.933530000000000207e-03 8.935471850000000079e-05
4.978541749999999995e-03 8.999421700000000634e-05
5.024305540000000188e-03 9.086063800000000615e-05
5.070039069999999863e-03 9.115591820000000501e-05
5.116172129999999908e-03 9.096601569999999840e-05
5.163202989999999930e-03 9.143762140000000411e-05
5.210463420000000304e-03 9.236393089999999826e-05
5.258100110000000355e-03 9.279541699999999571e-05
5.305926780000000224e-03 9.367740860000000355e-05
5.353923889999999929e-03 9.422306900000000445e-05
5.401714699999999973e-03 9.607800889999999695e-05
5.449766760000000418e-03 9.690380830000000219e-05
5.499355959999999675e-03 9.700393279999999503e-05
5.549241320000000352e-03 9.721926470000000220e-05
5.599376750000000132e-03 9.702934769999999932e-05
5.650126380000000323e-03 9.719563239999999549e-05
5.700377280000000144e-03 9.849122579999999773e-05
5.750815850000000340e-03 9.920232699999999770e-05
5.801617170000000420e-03 1.005699309999999989e-04
5.852790549999999613e-03 1.012858990000000027e-04
5.904928779999999745e-03 1.020508209999999996e-04
5.957635590000000432e-03 1.026703830000000057e-04
6.010751239999999850e-03 1.033215089999999945e-04
6.063479000000000091e-03 1.033229050000000000e-04
6.116112689999999782e-03 1.034837480000000046e-04
6.168978749999999914e-03 1.035391399999999954e-04
6.221996619999999728e-03 1.034435039999999974e-04
6.275499240000000263e-03 1.038397170000000011e-04
6.328851449999999858e-03 1.055864270000000032e-04
6.382742900000000150e-03 1.065426700000000036e-04
6.437607110000000132e-03 1.071763549999999962e-04
6.492798220000000134e-03 1.076012189999999943e-04
6.548106199999999787e-03 1.085856569999999952e-04
6.603719670000000007e-03 1.089736179999999989e-04
6.659681439999999737e-03 1.094727490000000004e-04
6.715172900000000028e-03 1.095186310000000035e-04
6.770876700000000130e-03 1.097055140000000002e-04
6.827592379999999732e-03 1.103823159999999990e-04
6.884475240000000051e-03 1.115663619999999990e-04
6.942429110000000389e-03 1.126365459999999972e-04
7.000916640000000302e-03 1.147178339999999942e-04
7.059310099999999664e-03 1.152522090000000055e-04
7.118137089999999716e-03 1.160126190000000066e-04
7.176192940000000221e-03 1.159806419999999936e-04
7.234383369999999869e-03 1.156685900000000052e-04
7.293780799999999981e-03 1.162788980000000036e-04
7.354277650000000215e-03 1.165805010000000024e-04
7.415488359999999890e-03 1.171211989999999966e-04
7.476824340000000346e-03 1.179680550000000033e-04
7.538571949999999661e-03 1.185205839999999944e-04
7.600015960000000396e-03 1.205631199999999991e-04
7.661704440000000060e-03 1.212785720000000047e-04
7.724058350000000128e-03 1.221576680000000035e-04
7.785852529999999841e-03 1.223036380000000099e-04
7.848808540000000097e-03 1.212326970000000007e-04
7.913143370000000343e-03 1.216779489999999966e-04
7.977599280000000764e-03 1.222476859999999934e-04
8.042959500000000303e-03 1.229962509999999994e-04
8.108626120000000242e-03 1.245620659999999982e-04
8.174799380000000171e-03 1.252554649999999912e-04
8.240439929999999330e-03 1.280702710000000135e-04
8.305759169999999553e-03 1.290614890000000008e-04
8.372308690000000025e-03 1.302561869999999925e-04
8.438996969999999417e-03 1.307733039999999945e-04
8.507126939999999984e-03 1.293063109999999889e-04
8.576399650000000180e-03 1.294646790000000033e-04
8.645310999999999274e-03 1.305072659999999968e-04
8.715005589999999872e-03 1.311705710000000014e-04
8.784062230000000415e-03 1.340793390000000022e-04
8.852995000000000655e-03 1.352311370000000015e-04
8.923092860000000556e-03 1.364908819999999885e-04
8.993998169999999764e-03 1.374299750000000089e-04
9.066371250000000021e-03 1.381139300000000080e-04
9.139703589999999267e-03 1.389421089999999970e-04
9.213169110000000647e-03 1.404904760000000004e-04
9.286608550000000420e-03 1.408377430000000061e-04
9.360408409999999846e-03 1.412115820000000058e-04
9.434657169999999260e-03 1.418051979999999967e-04
9.508015590000000114e-03 1.449275879999999985e-04
9.582358410000000118e-03 1.466438259999999912e-04
9.658851660000000380e-03 1.483876400000000049e-04
9.735820810000000297e-03 1.493073209999999900e-04
9.813806970000000032e-03 1.495999460000000032e-04
9.892535399999999313e-03 1.501517689999999963e-04
9.971420280000000552e-03 1.514230239999999890e-04
1.005040389999999929e-02 1.517303029999999945e-04
1.012929440000000063e-02 1.527469580000000117e-04
1.020839439999999924e-02 1.534441540000000114e-04
1.028823289999999946e-02 1.547296849999999890e-04
1.037106659999999930e-02 1.569978340000000028e-04
1.045506350000000029e-02 1.607651070000000026e-04
1.053911629999999995e-02 1.621541159999999901e-04
1.062479340000000057e-02 1.632974749999999912e-04
1.071016120000000023e-02 1.632973140000000111e-04
1.079502140000000027e-02 1.641511040000000123e-04
1.088111479999999930e-02 1.654176009999999892e-04
1.096833780000000015e-02 1.670509959999999993e-04
1.105735260000000053e-02 1.687144099999999993e-04
1.114868469999999966e-02 1.701127039999999926e-04
1.124127299999999954e-02 1.713813540000000131e-04
1.133375149999999928e-02 1.744315380000000025e-04
1.142766419999999977e-02 1.761441959999999888e-04
1.152260140000000051e-02 1.792002880000000066e-04
1.161654110000000066e-02 1.799405870000000008e-04
1.171186850000000002e-02 1.796881989999999957e-04
1.181076470000000031e-02 1.817346060000000097e-04
1.191089300000000052e-02 1.860526679999999872e-04
1.201419249999999966e-02 1.895286990000000042e-04
1.211958659999999924e-02 1.949722210000000007e-04
1.222595010000000065e-02 1.975144260000000120e-04
1.233287530000000062e-02 2.036362419999999951e-04
1.244101300000000077e-02 2.062797869999999942e-04
1.255091189999999954e-02 2.106852040000000044e-04
1.266060679999999987e-02 2.124278400000000088e-04
1.277510729999999962e-02 2.100532869999999946e-04
1.289268300000000027e-02 2.110556669999999956e-04
1.300995609999999920e-02 2.135264949999999889e-04
1.312925669999999954e-02 2.156347619999999935e-04
1.324769110000000027e-02 2.229366950000000094e-04
1.336599330000000016e-02 2.251714610000000040e-04
1.348669270000000045e-02 2.273946740000000021e-04
1.360666940000000019e-02 2.280654439999999937e-04
1.372904980000000039e-02 2.267743549999999986e-04
1.385118249999999981e-02 2.261696350000000062e-04
1.397289890000000083e-02 2.243034110000000081e-04
1.409437229999999965e-02 2.234850689999999876e-04
1.421582889999999967e-02 2.212410039999999889e-04
1.433777900000000015e-02 2.204216579999999958e-04
1.445604579999999924e-02 2.243090420000000049e-04
1.457195449999999955e-02 2.245933279999999998e-04
1.468906640000000076e-02 2.233836860000000090e-04
1.480647459999999936e-02 2.231244139999999994e-04
1.492558509999999949e-02 2.203944019999999973e-04
1.504723080000000025e-02 2.209424859999999959e-04
1.516880649999999969e-02 2.217214930000000091e-04
1.529378070000000055e-02 2.240446339999999992e-04
1.541822680000000043e-02 2.313795119999999955e-04
1.554728019999999933e-02 2.364527029999999883e-04
1.567803510000000122e-02 2.477016240000000195e-04
1.581753420000000035e-02 2.573108359999999812e-04
1.596320979999999931e-02 2.747213290000000011e-04
1.611966449999999856e-02 2.875049539999999866e-04
1.628648679999999960e-02 3.046630009999999893e-04
1.647002809999999901e-02 3.208914709999999759e-04
1.666324029999999984e-02 3.498144799999999745e-04
1.685106009999999890e-02 3.564810609999999910e-04
1.705271189999999978e-02 3.519952009999999763e-04
1.724094899999999847e-02 3.428134660000000072e-04
1.742810009999999979e-02 3.203239470000000268e-04
1.761003209999999902e-02 3.090921090000000129e-04
1.777870770000000017e-02 2.987283220000000179e-04
1.794429869999999982e-02 2.931416090000000239e-04
1.810619789999999910e-02 2.837893839999999866e-04
1.826406640000000081e-02 2.776142789999999985e-04
1.841573599999999852e-02 2.708864049999999755e-04
1.856603100000000020e-02 2.680079490000000135e-04
1.871289690000000130e-02 2.657253940000000193e-04
1.886005890000000060e-02 2.650803360000000158e-04
1.900673099999999893e-02 2.650873500000000159e-04
1.915471809999999900e-02 2.658980080000000030e-04
1.930253950000000024e-02 2.673921120000000173e-04
1.944862309999999955e-02 2.668856179999999872e-04
1.959285700000000172e-02 2.685696240000000237e-04
1.973818059999999860e-02 2.694547870000000254e-04
1.988433859999999900e-02 2.705554939999999919e-04
2.003039049999999835e-02 2.712492130000000072e-04
2.017944119999999855e-02 2.691854019999999847e-04
2.032905999999999949e-02 2.687994860000000224e-04
2.047757990000000083e-02 2.685107470000000127e-04
2.062293889999999852e-02 2.665064239999999991e-04
2.076628250000000023e-02 2.643050100000000121e-04
2.090724370000000137e-02 2.617189309999999971e-04
2.104583380000000017e-02 2.585353210000000223e-04
2.118084950000000133e-02 2.555984830000000230e-04
2.131640720000000169e-02 2.474706849999999876e-04
2.145259639999999926e-02 2.449267780000000008e-04
2.158601019999999843e-02 2.415179619999999899e-04
2.172131459999999958e-02 2.414265759999999910e-04
2.185478620000000025e-02 2.442326799999999820e-04
2.198640439999999946e-02 2.437886429999999965e-04
2.211656979999999939e-02 2.450030299999999737e-04
2.224488930000000086e-02 2.446617289999999815e-04
2.237406750000000069e-02 2.422886170000000097e-04
2.250302959999999838e-02 2.413022590000000100e-04
2.263436090000000081e-02 2.354981260000000123e-04
2.276777660000000106e-02 2.346697439999999941e-04
2.289818039999999902e-02 2.364700490000000118e-04
2.302787640000000108e-02 2.363621019999999969e-04
2.315640639999999931e-02 2.380390649999999865e-04
2.328372930000000007e-02 2.382371750000000083e-04
2.341046369999999835e-02 2.397647040000000095e-04
2.353824120000000061e-02 2.409415320000000114e-04
2.366965819999999887e-02 2.390470469999999919e-04
2.380064130000000139e-02 2.381177039999999895e-04
2.393116240000000075e-02 2.353775200000000022e-04
2.406101299999999915e-02 2.339892229999999886e-04
2.418881100000000103e-02 2.335648310000000018e-04
2.431602030000000123e-02 2.327349939999999971e-04
2.444095350000000111e-02 2.342575319999999921e-04
2.456597979999999848e-02 2.351743900000000088e-04
2.469256150000000150e-02 2.360102810000000006e-04
2.481876309999999849e-02 2.360941869999999912e-04
2.494668220000000047e-02 2.325478269999999969e-04
2.507348729999999901e-02 2.306014210000000085e-04
2.519758789999999860e-02 2.297099999999999945e-04
2.532190640000000006e-02 2.291993879999999935e-04
2.544492480000000098e-02 2.299735790000000059e-04
2.556883919999999866e-02 2.310955020000000091e-04
2.569296960000000060e-02 2.338442139999999912e-04
2.581911350000000091e-02 2.360421490000000019e-04
2.594812209999999841e-02 2.382612290000000077e-04
2.607508190000000156e-02 2.378427890000000091e-04
2.620063159999999960e-02 2.381121009999999892e-04
2.632670850000000048e-02 2.381948000000000051e-04
2.645235690000000139e-02 2.391581799999999884e-04
2.657708710000000057e-02 2.392763560000000047e-04
2.670348620000000117e-02 2.368319840000000082e-04
2.683491630000000086e-02 2.389631990000000135e-04
2.696735230000000053e-02 2.441087420000000044e-04
2.710340539999999895e-02 2.481572739999999785e-04
2.724028939999999926e-02 2.570793149999999979e-04
2.746587990000000021e-02 3.136278539999999733e-04
2.769446750000000013e-02 4.656976669999999879e-04
2.789796699999999921e-02 5.046565200000000103e-04
2.818417919999999938e-02 4.749662180000000021e-04
2.846683560000000043e-02 4.628003810000000232e-04
2.873419409999999896e-02 4.561417449999999730e-04
2.899031529999999968e-02 4.470268900000000205e-04
2.924463709999999828e-02 4.228885520000000243e-04
2.948990090000000105e-02 4.087515989999999954e-04
2.972079440000000017e-02 3.934791019999999903e-04
3.006170130000000024e-02 4.533382889999999993e-04
3.039184769999999855e-02 6.372320350000000230e-04
3.080921249999999875e-02 7.563588440000000405e-04
3.133893010000000229e-02 9.033669479999999630e-04
3.188757229999999998e-02 9.679755889999999653e-04
3.258220109999999947e-02 9.002271109999999618e-04
3.317034619999999906e-02 8.118125260000000386e-04
3.367025779999999885e-02 7.135810449999999529e-04
3.414431209999999745e-02 6.617234320000000289e-04
3.458569570000000204e-02 5.729815459999999545e-04
3.496471419999999664e-02 5.044692660000000325e-04
3.525777530000000215e-02 4.573232729999999785e-04
3.552031890000000025e-02 4.220289989999999845e-04
3.575190899999999838e-02 3.769415490000000237e-04
3.597571699999999734e-02 3.560214540000000141e-04
3.617349269999999700e-02 3.398013359999999938e-04
3.636712210000000306e-02 3.314673380000000076e-04
3.655008230000000163e-02 3.261304229999999866e-04
3.672636299999999798e-02 3.197510380000000195e-04
3.689926119999999837e-02 3.077732980000000111e-04
3.706866500000000064e-02 3.017897539999999756e-04
3.723270449999999815e-02 2.951986099999999902e-04
3.739524260000000322e-02 2.919351099999999968e-04
3.755446900000000005e-02 2.872415929999999986e-04
3.770825270000000007e-02 2.822813689999999925e-04
3.785842279999999949e-02 2.745433590000000059e-04
3.800887609999999833e-02 2.715514569999999926e-04
3.815512730000000102e-02 2.703027280000000064e-04
3.830201920000000232e-02 2.705988590000000236e-04
3.845019269999999656e-02 2.702856730000000127e-04
3.859540079999999873e-02 2.684056239999999894e-04
3.873807189999999706e-02 2.663728079999999870e-04
3.887926039999999722e-02 2.647514920000000127e-04
3.901882100000000214e-02 2.629724909999999784e-04
3.915567699999999984e-02 2.603506149999999949e-04
3.929187359999999907e-02 2.542127620000000162e-04
3.942833839999999868e-02 2.525104210000000049e-04
3.956360369999999821e-02 2.497809760000000139e-04
3.969972210000000112e-02 2.493062060000000185e-04
3.983445089999999855e-02 2.512339559999999866e-04
3.996779019999999877e-02 2.511061900000000177e-04
4.010066760000000063e-02 2.505500449999999743e-04
4.023014009999999890e-02 2.479620159999999991e-04
4.035818580000000155e-02 2.431867759999999882e-04
4.048471149999999935e-02 2.408894360000000099e-04
4.060955349999999936e-02 2.373163009999999925e-04
4.073483499999999702e-02 2.362903180000000059e-04
4.086068649999999997e-02 2.333659649999999923e-04
4.098557679999999953e-02 2.317414179999999994e-04
4.110650350000000230e-02 2.329371049999999965e-04
4.122651000000000093e-02 2.328129489999999956e-04
4.134625940000000166e-02 2.328982080000000009e-04
4.146531600000000206e-02 2.321966459999999911e-04
4.158651829999999994e-02 2.267072699999999881e-04
4.170911759999999802e-02 2.258773170000000132e-04
4.183043539999999755e-02 2.265432999999999965e-04
4.195003580000000037e-02 2.257600569999999960e-04
4.206867890000000332e-02 2.243027410000000019e-04
4.218679289999999887e-02 2.234565039999999883e-04
4.230156539999999771e-02 2.266772939999999890e-04
4.241703449999999903e-02 2.279404580000000025e-04
4.253439610000000343e-02 2.283001810000000013e-04
4.265142599999999923e-02 2.285413649999999978e-04
4.276961829999999937e-02 2.272873969999999934e-04
4.288678239999999670e-02 2.262211060000000114e-04
4.300545900000000282e-02 2.215769050000000100e-04
4.312382640000000239e-02 2.197226130000000117e-04
4.323696719999999688e-02 2.224433410000000041e-04
4.335046189999999799e-02 2.233293199999999978e-04
4.346472400000000319e-02 2.245073559999999975e-04
4.357837509999999692e-02 2.248674430000000056e-04
4.369275639999999766e-02 2.246555669999999939e-04
4.380886259999999810e-02 2.256127340000000021e-04
4.392626880000000122e-02 2.269584800000000110e-04
4.404060540000000190e-02 2.256056759999999881e-04
4.415398460000000136e-02 2.225845240000000021e-04
4.426692799999999706e-02 2.212332040000000125e-04
4.437805709999999987e-02 2.205045890000000063e-04
4.449201750000000150e-02 2.216391440000000041e-04
4.460761320000000002e-02 2.220784080000000067e-04
4.472210260000000076e-02 2.218754379999999973e-04
4.483660679999999787e-02 2.221279569999999939e-04
4.495164380000000320e-02 2.225449130000000135e-04
4.506534709999999999e-02 2.250835530000000126e-04
4.517520960000000196e-02 2.236882719999999875e-04
4.528513549999999693e-02 2.197020369999999926e-04
4.539739710000000039e-02 2.193679969999999893e-04
4.551080240000000138e-02 2.165508049999999871e-04
4.562587659999999684e-02 2.168323120000000004e-04
4.574041439999999847e-02 2.193297550000000056e-04
4.585651310000000286e-02 2.211780080000000110e-04
4.597315190000000190e-02 2.245732029999999947e-04
4.608480630000000300e-02 2.227991059999999890e-04
4.619511219999999918e-02 2.201228779999999925e-04
4.630611460000000346e-02 2.192792450000000093e-04
4.641753810000000258e-02 2.162515879999999952e-04
4.652973640000000050e-02 2.159207219999999944e-04
4.664313419999999849e-02 2.130083160000000020e-04
4.675799979999999828e-02 2.128359340000000129e-04
4.687066749999999754e-02 2.168226349999999888e-04
4.698317870000000285e-02 2.181751039999999951e-04
4.709518330000000280e-02 2.219539889999999995e-04
4.720504579999999784e-02 2.220272290000000002e-04
4.731724779999999658e-02 2.183219620000000040e-04
4.743202400000000318e-02 2.182322500000000111e-04
4.754666979999999654e-02 2.182150350000000062e-04
4.766043279999999938e-02 2.179710570000000067e-04
4.777522759999999757e-02 2.163798339999999977e-04
4.788989200000000335e-02 2.157347479999999977e-04
4.800065979999999788e-02 2.196182609999999976e-04
4.811102899999999960e-02 2.207770450000000003e-04
4.822301489999999968e-02 2.213002740000000017e-04
4.833644630000000220e-02 2.220544410000000119e-04
4.845130439999999900e-02 2.217795850000000126e-04
4.856439679999999953e-02 2.209204539999999942e-04
4.867984350000000016e-02 2.154243120000000030e-04
4.879654199999999831e-02 2.142009760000000056e-04
4.890797289999999908e-02 2.187627110000000088e-04
