-5.200358110000000145e-02 2.309998240000000027e-04
-5.191916230000000188e-02 2.119717680000000014e-04
-5.181781950000000081e-02 2.150056969999999989e-04
-5.171214040000000206e-02 2.161742299999999965e-04
-5.160724369999999950e-02 2.164188920000000005e-04
-5.150124429999999864e-02 2.160874429999999982e-04
-5.139614270000000124e-02 2.154268299999999975e-04
-5.129125710000000116e-02 2.131403019999999950e-04
-5.118767540000000033e-02 2.115324169999999941e-04
-5.108500269999999982e-02 2.085793970000000093e-04
-5.097742379999999768e-02 2.101730209999999924e-04
-5.086738620000000322e-02 2.105052839999999948e-04
-5.075863380000000119e-02 2.101396970000000085e-04
-5.065196749999999887e-02 2.125953760000000086e-04
-5.054651949999999783e-02 2.127538319999999967e-04
-5.044050890000000009e-02 2.130642389999999988e-04
-5.033358560000000120e-02 2.137223200000000066e-04
-5.022501570000000026e-02 2.119881099999999980e-04
-5.011614040000000186e-02 2.115451499999999917e-04
-5.000818149999999851e-02 2.118396509999999897e-04
-4.990858959999999733e-02 2.066424929999999998e-04
-4.981685059999999693e-02 2.052833730000000066e-04
-4.971613359999999676e-02 2.104572490000000023e-04
-4.960746690000000098e-02 2.123938169999999991e-04
-4.949960860000000157e-02 2.126103350000000021e-04
-4.939222709999999822e-02 2.131994259999999948e-04
-4.928412289999999779e-02 2.138439740000000033e-04
-4.917518049999999863e-02 2.142276060000000118e-04
-4.906687140000000336e-02 2.136911349999999867e-04
-4.895924780000000115e-02 2.133473169999999960e-04
-4.885302479999999864e-02 2.126759059999999907e-04
-4.874758049999999843e-02 2.121134749999999927e-04
-4.864101860000000221e-02 2.125805330000000125e-04
-4.853639750000000169e-02 2.179240550000000065e-04
-4.843346400000000246e-02 2.188343790000000025e-04
-4.832657430000000115e-02 2.139494610000000087e-04
-4.821822049999999887e-02 2.130712240000000063e-04
-4.811180760000000056e-02 2.138773420000000011e-04
-4.800495510000000327e-02 2.141420259999999881e-04
-4.789689180000000074e-02 2.128676859999999898e-04
-4.778863490000000158e-02 2.128162739999999928e-04
-4.767870529999999885e-02 2.106822209999999976e-04
-4.756758729999999852e-02 2.106301109999999979e-04
-4.745780680000000196e-02 2.119089909999999886e-04
-4.734919590000000178e-02 2.116662360000000083e-04
-4.724253340000000162e-02 2.142433370000000105e-04
-4.713678730000000344e-02 2.143289889999999904e-04
-4.702958089999999952e-02 2.121409339999999932e-04
-4.692120479999999788e-02 2.123473680000000118e-04
-4.681188990000000050e-02 2.113670490000000050e-04
-4.670308530000000236e-02 2.107067699999999979e-04
-4.659458620000000301e-02 2.101663989999999981e-04
-4.648691790000000074e-02 2.094749940000000064e-04
-4.638132830000000345e-02 2.102249129999999959e-04
-4.627489299999999750e-02 2.110047940000000133e-04
-4.616773870000000224e-02 2.119736450000000094e-04
-4.606125130000000151e-02 2.116356479999999881e-04
-4.595522579999999913e-02 2.114741660000000025e-04
-4.585043710000000217e-02 2.109626220000000122e-04
-4.574472079999999941e-02 2.087910689999999958e-04
-4.563740270000000293e-02 2.089716289999999960e-04
-4.553066570000000035e-02 2.096420939999999865e-04
-4.542434959999999688e-02 2.096281529999999911e-04
-4.531802609999999870e-02 2.095777599999999882e-04
-4.521042849999999669e-02 2.100380519999999927e-04
-4.510264469999999970e-02 2.110136560000000017e-04
-4.499538239999999883e-02 2.113382509999999880e-04
-4.488805309999999854e-02 2.121298460000000091e-04
-4.478328300000000012e-02 2.108822229999999945e-04
-4.467946660000000209e-02 2.097913090000000098e-04
-4.457780349999999892e-02 2.080971610000000038e-04
-4.447795820000000067e-02 2.056246889999999931e-04
-4.437207060000000064e-02 2.083661090000000018e-04
-4.426274079999999861e-02 2.102340080000000019e-04
-4.415457700000000041e-02 2.099158299999999888e-04
-4.404852540000000344e-02 2.125493190000000000e-04
-4.394381869999999801e-02 2.129788630000000002e-04
-4.383837430000000340e-02 2.137499099999999987e-04
-4.373224819999999707e-02 2.144351749999999946e-04
-4.362421109999999741e-02 2.123444279999999959e-04
-4.351679239999999699e-02 2.112199440000000073e-04
-4.341089730000000091e-02 2.106366880000000094e-04
-4.330407079999999687e-02 2.106964090000000090e-04
-4.319912199999999952e-02 2.139745340000000023e-04
-4.309643059999999914e-02 2.140885340000000083e-04
-4.299204420000000276e-02 2.115885439999999889e-04
-4.288619379999999981e-02 2.115621320000000060e-04
-4.278000440000000182e-02 2.117218250000000115e-04
-4.267321150000000229e-02 2.121437279999999963e-04
-4.256564379999999703e-02 2.112213839999999997e-04
-4.245920479999999719e-02 2.102099239999999868e-04
-4.235409200000000290e-02 2.096169920000000005e-04
-4.224881529999999913e-02 2.092182109999999988e-04
-4.214368389999999936e-02 2.083569850000000032e-04
-4.203788189999999730e-02 2.087322940000000109e-04
-4.193244869999999958e-02 2.103828589999999889e-04
-4.182768989999999937e-02 2.105719029999999971e-04
-4.172218219999999922e-02 2.106409960000000072e-04
-4.161599280000000123e-02 2.110767239999999901e-04
-4.151001950000000190e-02 2.118517589999999911e-04
-4.140561820000000087e-02 2.111841750000000083e-04
-4.130090770000000022e-02 2.088085600000000092e-04
-4.119494929999999860e-02 2.084169680000000130e-04
-4.108827560000000156e-02 2.061464770000000061e-04
-4.098041730000000216e-02 2.063174759999999921e-04
-4.087330399999999919e-02 2.088069299999999900e-04
-4.076718909999999668e-02 2.091084610000000055e-04
-4.066188629999999832e-02 2.105074669999999998e-04
-4.055938869999999724e-02 2.093243970000000030e-04
-4.045778139999999662e-02 2.075262160000000092e-04
-4.035240410000000277e-02 2.088574400000000133e-04
-4.024490709999999777e-02 2.090187040000000026e-04
-4.013836009999999926e-02 2.087886390000000020e-04
-4.003231969999999917e-02 2.089889170000000073e-04
-3.992637250000000138e-02 2.090048949999999948e-04
-3.982133050000000174e-02 2.113522789999999882e-04
-3.971675780000000211e-02 2.119183629999999991e-04
-3.961184620000000184e-02 2.121353750000000069e-04
-3.950633110000000003e-02 2.125797330000000107e-04
-3.939950839999999815e-02 2.116399409999999916e-04
-3.929297250000000213e-02 2.108435729999999877e-04
-3.918664160000000229e-02 2.089820920000000110e-04
-3.908098120000000342e-02 2.081959969999999953e-04
-3.897621860000000105e-02 2.082960849999999984e-04
-3.887129949999999778e-02 2.084282900000000108e-04
-3.876657039999999860e-02 2.083294679999999905e-04
-3.866035489999999908e-02 2.091902569999999975e-04
-3.855410590000000332e-02 2.115329409999999874e-04
-3.844779730000000284e-02 2.121239520000000060e-04
-3.834072129999999828e-02 2.124860770000000022e-04
-3.823612259999999846e-02 2.114199009999999943e-04
-3.813326360000000165e-02 2.113524970000000116e-04
-3.803034129999999929e-02 2.113657099999999886e-04
-3.792656960000000133e-02 2.107842299999999956e-04
-3.782175110000000201e-02 2.112001819999999883e-04
-3.771549090000000243e-02 2.091559289999999868e-04
-3.760871660000000144e-02 2.087304160000000069e-04
-3.750377519999999881e-02 2.106118769999999990e-04
-3.739928079999999683e-02 2.107347249999999951e-04
-3.729410469999999700e-02 2.099381529999999932e-04
-3.718956930000000272e-02 2.095530939999999947e-04
-3.708393129999999760e-02 2.074315270000000083e-04
-3.697738419999999776e-02 2.072124040000000061e-04
-3.687137370000000136e-02 2.067066820000000083e-04
-3.676549719999999688e-02 2.064450960000000022e-04
-3.666405749999999963e-02 2.131320220000000121e-04
-3.656547889999999662e-02 2.135341929999999935e-04
-3.646456079999999683e-02 2.107303590000000123e-04
-3.636114669999999938e-02 2.115067180000000083e-04
-3.625573960000000318e-02 2.103453010000000097e-04
-3.615025060000000290e-02 2.099727429999999871e-04
-3.604374080000000147e-02 2.080203269999999984e-04
-3.593800960000000100e-02 2.068502069999999995e-04
-3.583391379999999876e-02 2.055383810000000052e-04
-3.572894260000000072e-02 2.055920920000000045e-04
-3.562499580000000332e-02 2.074484219999999908e-04
-3.552025560000000165e-02 2.083076540000000122e-04
-3.541440519999999870e-02 2.088469340000000075e-04
-3.530989209999999684e-02 2.085223529999999923e-04
-3.520511839999999892e-02 2.079675469999999924e-04
-3.509949889999999795e-02 2.082762509999999960e-04
-3.499456869999999914e-02 2.094951050000000133e-04
-3.489115830000000251e-02 2.090200429999999920e-04
-3.478785599999999895e-02 2.078845280000000083e-04
-3.468238559999999721e-02 2.084943260000000117e-04
-3.457625959999999915e-02 2.090986670000000006e-04
-3.447066619999999970e-02 2.092807549999999939e-04
-3.436536710000000217e-02 2.102746079999999961e-04
-3.426029530000000017e-02 2.104977170000000089e-04
-3.415493669999999926e-02 2.114378880000000044e-04
-3.405161949999999799e-02 2.105484450000000014e-04
-3.394851830000000098e-02 2.076399829999999976e-04
-3.384342790000000045e-02 2.077906540000000035e-04
-3.373783450000000100e-02 2.073760410000000001e-04
-3.363180909999999996e-02 2.072049970000000043e-04
-3.352578359999999758e-02 2.067450989999999975e-04
-3.342036529999999755e-02 2.064983710000000089e-04
-3.331654519999999869e-02 2.092640640000000094e-04
-3.321319820000000200e-02 2.099783159999999988e-04
-3.310910610000000059e-02 2.099337730000000121e-04
-3.300520030000000243e-02 2.098068069999999908e-04
-3.290054569999999873e-02 2.082062419999999869e-04
-3.279476239999999654e-02 2.080241389999999994e-04
-3.268982100000000085e-02 2.089239569999999896e-04
-3.258620579999999683e-02 2.087377070000000115e-04
-3.248213979999999695e-02 2.074742370000000010e-04
-3.237787260000000306e-02 2.071371270000000133e-04
-3.227410840000000114e-02 2.078166579999999903e-04
-3.217008710000000132e-02 2.082159040000000042e-04
-3.206568580000000029e-02 2.079058610000000112e-04
-3.196028990000000097e-02 2.083941510000000038e-04
-3.185467050000000133e-02 2.093843359999999988e-04
-3.175034000000000189e-02 2.086823950000000127e-04
-3.164629270000000189e-02 2.072032800000000075e-04
-3.154256190000000182e-02 2.067619210000000006e-04
-3.144006430000000074e-02 2.075824300000000087e-04
-3.133663910000000080e-02 2.084345619999999942e-04
-3.123047950000000170e-02 2.070333869999999932e-04
-3.112374060000000150e-02 2.068781320000000082e-04
-3.101869490000000104e-02 2.084825390000000017e-04
-3.091449660000000071e-02 2.085501909999999963e-04
-3.081119620000000170e-02 2.102359719999999875e-04
-3.070815840000000116e-02 2.103993320000000042e-04
-3.060396019999999870e-02 2.089147600000000116e-04
-3.049983269999999996e-02 2.086228489999999915e-04
-3.039502540000000100e-02 2.074644289999999979e-04
-3.028962569999999951e-02 2.074032670000000101e-04
-3.018508480000000119e-02 2.078799300000000038e-04
-3.008139690000000144e-02 2.075402009999999914e-04
-2.997845780000000029e-02 2.078521500000000120e-04
-2.987460609999999933e-02 2.082308060000000085e-04
-2.977020110000000094e-02 2.083637369999999931e-04
-2.966625059999999925e-02 2.084235020000000066e-04
-2.956170400000000115e-02 2.075991359999999875e-04
-2.945714630000000056e-02 2.073086070000000017e-04
-2.935220490000000140e-02 2.066436860000000033e-04
-2.924768809999999872e-02 2.061497940000000064e-04
-2.914504520000000057e-02 2.071224879999999881e-04
-2.904191799999999990e-02 2.077649259999999980e-04
-2.893802519999999837e-02 2.082745200000000010e-04
-2.883396300000000065e-02 2.082774880000000134e-04
-2.872935869999999892e-02 2.073850629999999997e-04
-2.862424220000000033e-02 2.076519590000000114e-04
-2.851882760000000114e-02 2.086800379999999983e-04
-2.841495159999999839e-02 2.081276619999999921e-04
-2.831162510000000132e-02 2.067209429999999990e-04
-2.820853519999999906e-02 2.060722040000000132e-04
-2.810579909999999862e-02 2.048611200000000109e-04
-2.800101040000000166e-02 2.053776119999999896e-04
-2.789590139999999913e-02 2.062854760000000032e-04
-2.779148520000000039e-02 2.064773139999999873e-04
-2.768741920000000051e-02 2.075924999999999949e-04
-2.758411319999999958e-02 2.075396620000000039e-04
-2.748064139999999850e-02 2.078999530000000099e-04
-2.737754400000000019e-02 2.078039109999999944e-04
-2.727427149999999897e-02 2.064611040000000053e-04
-2.717001739999999957e-02 2.065678270000000051e-04
-2.706552859999999949e-02 2.064690050000000119e-04
-2.696054059999999919e-02 2.064492870000000067e-04
-2.685654159999999874e-02 2.080391129999999871e-04
-2.675360809999999950e-02 2.082545830000000035e-04
-2.665025370000000116e-02 2.089453919999999915e-04
-2.654699610000000112e-02 2.091360950000000114e-04
-2.644290219999999997e-02 2.074813380000000058e-04
-2.633856240000000126e-02 2.070335029999999905e-04
-2.623465469999999855e-02 2.065142180000000048e-04
-2.613047320000000048e-02 2.062118290000000025e-04
-2.602661959999999844e-02 2.059269460000000078e-04
-2.592331919999999942e-02 2.057740350000000079e-04
-2.582064270000000022e-02 2.063865540000000079e-04
-2.571707780000000165e-02 2.071399790000000014e-04
-2.561284230000000078e-02 2.089050249999999879e-04
-2.550895140000000033e-02 2.093358489999999964e-04
-2.540468419999999949e-02 2.091188650000000123e-04
-2.530118820000000143e-02 2.085775629999999921e-04
-2.519779470000000146e-02 2.072444039999999949e-04
-2.509404159999999856e-02 2.066994640000000103e-04
-2.499090879999999945e-02 2.062226120000000128e-04
-2.488795850000000143e-02 2.062226120000000128e-04
-2.478445320000000063e-02 2.060755210000000134e-04
-2.467988620000000077e-02 2.066602030000000054e-04
-2.457522789999999971e-02 2.073520009999999989e-04
-2.447126430000000005e-02 2.071838969999999919e-04
-2.436791729999999989e-02 2.077458049999999926e-04
-2.426525389999999865e-02 2.072562489999999901e-04
-2.416206710000000021e-02 2.050305919999999998e-04
-2.405864560000000110e-02 2.046517910000000134e-04
-2.395561519999999875e-02 2.042550619999999981e-04
-2.385187149999999992e-02 2.045407309999999962e-04
-2.374777759999999877e-02 2.055276849999999997e-04
-2.364393509999999921e-02 2.057350790000000041e-04
-2.354128100000000071e-02 2.075177619999999897e-04
-2.343870140000000116e-02 2.081148850000000077e-04
-2.333519980000000119e-02 2.082311549999999963e-04
-2.323155110000000093e-02 2.080771960000000098e-04
-2.312714420000000146e-02 2.063873540000000096e-04
-2.302308570000000110e-02 2.058507960000000069e-04
-2.291892840000000001e-02 2.049654579999999997e-04
-2.281470039999999866e-02 2.046884469999999919e-04
-2.271206679999999978e-02 2.057987439999999922e-04
-2.260938659999999975e-02 2.062270650000000004e-04
-2.250635809999999848e-02 2.068374450000000093e-04
-2.240343579999999959e-02 2.069930049999999953e-04
-2.230020049999999893e-02 2.068999890000000044e-04
-2.219642700000000121e-02 2.069079640000000134e-04
-2.209213750000000101e-02 2.060770490000000065e-04
-2.198848499999999859e-02 2.056773959999999926e-04
-2.188509140000000075e-02 2.057719680000000002e-04
-2.178170899999999979e-02 2.057981179999999999e-04
-2.167931760000000110e-02 2.067417810000000012e-04
-2.157666910000000104e-02 2.072356580000000038e-04
-2.147339280000000114e-02 2.075611850000000065e-04
-2.136949449999999903e-02 2.077695830000000107e-04
-2.126526269999999899e-02 2.077906099999999895e-04
-2.116220259999999909e-02 2.073777430000000026e-04
-2.105941999999999883e-02 2.066939780000000032e-04
-2.095704149999999891e-02 2.062060519999999928e-04
-2.085428870000000101e-02 2.050066689999999919e-04
-2.075049649999999996e-02 2.051988990000000088e-04
-2.064711600000000008e-02 2.056445810000000077e-04
-2.054387519999999884e-02 2.057213129999999870e-04
-2.044055050000000151e-02 2.057929960000000021e-04
-2.033648639999999924e-02 2.059813710000000001e-04
-2.023289539999999914e-02 2.072913049999999921e-04
-2.013082799999999992e-02 2.071307539999999998e-04
-2.002788340000000167e-02 2.060068649999999919e-04
-1.992431659999999854e-02 2.059755350000000093e-04
-1.982090619999999845e-02 2.053689969999999900e-04
-1.971706930000000080e-02 2.054066569999999953e-04
-1.961363669999999920e-02 2.061875999999999976e-04
-1.951021890000000092e-02 2.061784759999999990e-04
-1.940723689999999946e-02 2.068737669999999942e-04
-1.930485670000000112e-02 2.070433550000000075e-04
-1.920196789999999848e-02 2.066677409999999988e-04
-1.909904000000000115e-02 2.065551529999999885e-04
-1.899536510000000150e-02 2.057742819999999967e-04
-1.889140720000000162e-02 2.056629599999999964e-04
-1.878805459999999955e-02 2.055854269999999923e-04
-1.868512480000000114e-02 2.053036010000000068e-04
-1.858298480000000058e-02 2.058403329999999919e-04
-1.848016679999999953e-02 2.061605190000000045e-04
-1.837702280000000007e-02 2.065033770000000094e-04
-1.827410239999999880e-02 2.067737510000000015e-04
-1.817001219999999848e-02 2.063592110000000046e-04
-1.806597230000000012e-02 2.061795240000000127e-04
-1.796296610000000168e-02 2.066213200000000080e-04
-1.786041630000000102e-02 2.065062289999999975e-04
-1.775779020000000166e-02 2.060586269999999998e-04
-1.765476540000000122e-02 2.058564569999999923e-04
-1.755188029999999941e-02 2.055275839999999967e-04
-1.744860219999999976e-02 2.059237590000000031e-04
-1.734491999999999978e-02 2.063513239999999963e-04
-1.724171080000000064e-02 2.062227290000000061e-04
-1.713848490000000058e-02 2.066162270000000028e-04
-1.703567799999999854e-02 2.065054870000000080e-04
-1.693320270000000030e-02 2.059687390000000055e-04
-1.683050020000000091e-02 2.059108519999999960e-04
-1.672752950000000113e-02 2.052985509999999923e-04
-1.662356779999999909e-02 2.053928179999999989e-04
-1.651988739999999886e-02 2.061252450000000062e-04
-1.641701720000000170e-02 2.061829289999999866e-04
-1.631391789999999883e-02 2.067429159999999925e-04
-1.621104220000000110e-02 2.068106990000000058e-04
-1.610854830000000085e-02 2.068572070000000013e-04
-1.600613999999999856e-02 2.068230100000000092e-04
-1.590313759999999882e-02 2.057359670000000066e-04
-1.579935479999999837e-02 2.055327790000000009e-04
-1.569576749999999910e-02 2.052968190000000013e-04
-1.559265240000000038e-02 2.052078629999999962e-04
-1.549001319999999959e-02 2.057529930000000077e-04
-1.538784900000000032e-02 2.056661180000000087e-04
-1.528518270000000026e-02 2.053666390000000066e-04
-1.518177520000000072e-02 2.057037930000000083e-04
-1.507852510000000021e-02 2.061262200000000134e-04
-1.497560459999999934e-02 2.060801779999999991e-04
-1.487252300000000034e-02 2.056829400000000118e-04
-1.476926920000000074e-02 2.053640060000000108e-04
-1.466662059999999934e-02 2.054899519999999879e-04
-1.456436330000000084e-02 2.055810039999999932e-04
-1.446151730000000066e-02 2.056314119999999904e-04
-1.435828859999999964e-02 2.058795220000000134e-04
-1.425503940000000073e-02 2.057574459999999953e-04
-1.415179299999999932e-02 2.057120869999999894e-04
-1.404879799999999949e-02 2.060046830000000100e-04
-1.394579840000000071e-02 2.058318059999999930e-04
-1.384309490000000011e-02 2.058439860000000048e-04
-1.374100519999999978e-02 2.057605890000000133e-04
-1.363850110000000039e-02 2.048399469999999921e-04
-1.353544089999999915e-02 2.048399329999999938e-04
-1.343199519999999959e-02 2.049694159999999865e-04
-1.332841159999999942e-02 2.051001499999999950e-04
-1.322575569999999943e-02 2.062356650000000057e-04
-1.312363889999999984e-02 2.063200659999999971e-04
-1.302142069999999950e-02 2.063839929999999954e-04
-1.291876940000000022e-02 2.063864089999999909e-04
-1.281579769999999924e-02 2.058567330000000007e-04
-1.271292660000000047e-02 2.058852259999999895e-04
-1.260920710000000035e-02 2.053258799999999973e-04
-1.250570919999999947e-02 2.049915199999999987e-04
-1.240345460000000059e-02 2.053597270000000056e-04
-1.230119359999999953e-02 2.054964569999999889e-04
-1.219885329999999962e-02 2.057444940000000054e-04
-1.209646179999999960e-02 2.058644749999999921e-04
-1.199375280000000016e-02 2.056668310000000057e-04
-1.189042910000000057e-02 2.056847149999999937e-04
-1.178692840000000047e-02 2.054422369999999907e-04
-1.168389989999999920e-02 2.053511850000000125e-04
-1.158081180000000016e-02 2.057738600000000024e-04
-1.147809070000000049e-02 2.057054230000000003e-04
-1.137591339999999979e-02 2.056434169999999968e-04
-1.127346050000000051e-02 2.057864189999999906e-04
-1.117074770000000064e-02 2.057495880000000067e-04
-1.106740909999999987e-02 2.058320969999999958e-04
-1.096398760000000076e-02 2.059242250000000113e-04
-1.086136879999999999e-02 2.057560339999999995e-04
-1.075905379999999960e-02 2.057945820000000074e-04
-1.065700969999999921e-02 2.056465599999999876e-04
-1.055446170000000003e-02 2.051729390000000088e-04
-1.045143980000000014e-02 2.052866910000000029e-04
-1.034854259999999984e-02 2.050347680000000100e-04
-1.024572739999999975e-02 2.048945609999999881e-04
-1.014302580000000023e-02 2.046930309999999982e-04
-1.003983060000000066e-02 2.046374720000000106e-04
-9.937086140000000664e-03 2.052351630000000086e-04
-9.835029020000000261e-03 2.053171919999999913e-04
-9.732414039999999836e-03 2.053918429999999917e-04
-9.629567150000000603e-03 2.055579100000000067e-04
-9.526740759999999253e-03 2.052769560000000063e-04
-9.424059650000000260e-03 2.050886249999999951e-04
-9.321536869999999184e-03 2.048309109999999942e-04
-9.218363090000000759e-03 2.048504100000000071e-04
-9.115467780000000714e-03 2.053702480000000057e-04
-9.013335219999999912e-03 2.053792849999999995e-04
-8.911064830000000811e-03 2.051751360000000121e-04
-8.808454500000000020e-03 2.053051140000000056e-04
-8.705275130000000514e-03 2.054951469999999922e-04
-8.602211250000000101e-03 2.054949870000000081e-04
-8.499666120000000727e-03 2.055821820000000024e-04
-8.397378029999999494e-03 2.054587240000000042e-04
-8.295197969999999407e-03 2.052959459999999930e-04
-8.192548529999999635e-03 2.052395580000000112e-04
-8.089903739999999496e-03 2.050884940000000036e-04
-7.987555119999999870e-03 2.051350600000000112e-04
-7.884457710000000730e-03 2.047900780000000095e-04
-7.781177289999999941e-03 2.047754820000000022e-04
-7.678762080000000115e-03 2.054013599999999920e-04
-7.576554079999999781e-03 2.055018120000000044e-04
-7.474247370000000092e-03 2.056161320000000057e-04
-7.371657989999999723e-03 2.055476509999999896e-04
-7.268889809999999965e-03 2.050599869999999894e-04
-7.166460159999999725e-03 2.049605969999999890e-04
-7.063972760000000392e-03 2.045888830000000091e-04
-6.961335429999999935e-03 2.045443980000000075e-04
-6.858640350000000385e-03 2.050976180000000022e-04
-6.756048179999999889e-03 2.052353369999999910e-04
-6.653769870000000343e-03 2.053651550000000004e-04
-6.551554890000000145e-03 2.053735370000000094e-04
-6.449198350000000073e-03 2.051603949999999878e-04
-6.346311890000000226e-03 2.051227350000000096e-04
-6.243296429999999758e-03 2.048049789999999907e-04
-6.140849549999999844e-03 2.046284349999999896e-04
-6.038127469999999761e-03 2.044520809999999882e-04
-5.935342980000000122e-03 2.044263239999999902e-04
-5.833288189999999949e-03 2.047983579999999924e-04
-5.731201269999999792e-03 2.049518080000000070e-04
-5.628957409999999634e-03 2.051165210000000113e-04
-5.526197140000000362e-03 2.052063649999999917e-04
-5.423193330000000180e-03 2.050501499999999937e-04
-5.320674269999999852e-03 2.049820319999999909e-04
-5.218342410000000042e-03 2.051033659999999923e-04
-5.116277370000000060e-03 2.049873000000000016e-04
-5.013779270000000114e-03 2.047179730000000001e-04
-4.911036700000000373e-03 2.047676530000000061e-04
-4.808698779999999624e-03 2.048064050000000119e-04
-4.706271459999999615e-03 2.048740720000000008e-04
-4.603934940000000212e-03 2.052131749999999938e-04
-4.501296670000000041e-03 2.052369089999999980e-04
-4.398616499999999895e-03 2.052323979999999982e-04
-4.296591970000000239e-03 2.051170160000000120e-04
-4.194069649999999927e-03 2.047417369999999929e-04
-4.091333600000000154e-03 2.047343299999999911e-04
-3.988997079999999883e-03 2.046045120000000088e-04
-3.886515269999999897e-03 2.046449659999999900e-04
-3.784138009999999785e-03 2.049317409999999869e-04
-3.681419650000000016e-03 2.049605539999999981e-04
-3.578717349999999825e-03 2.050671759999999949e-04
-3.476569890000000013e-03 2.050518809999999888e-04
-3.374424759999999999e-03 2.050133480000000024e-04
-3.272265429999999913e-03 2.050077889999999889e-04
-3.169525180000000008e-03 2.047982559999999934e-04
-3.066665029999999983e-03 2.047944730000000120e-04
-2.964335490000000010e-03 2.048932950000000052e-04
-2.862126329999999975e-03 2.048563330000000026e-04
-2.759998660000000017e-03 2.048892780000000102e-04
-2.657411149999999982e-03 2.048980389999999956e-04
-2.554798499999999788e-03 2.048795139999999939e-04
-2.452665939999999854e-03 2.048635360000000064e-04
-2.350507999999999851e-03 2.047768650000000054e-04
-2.248257169999999788e-03 2.048011960000000093e-04
-2.145491309999999867e-03 2.047843149999999980e-04
-2.042778529999999919e-03 2.047462770000000123e-04
-1.940660060000000062e-03 2.048567110000000101e-04
-1.838567080000000050e-03 2.048811289999999917e-04
-1.736402159999999965e-03 2.048288149999999939e-04
-1.633741780000000105e-03 2.048285390000000126e-04
-1.531052289999999903e-03 2.047795860000000019e-04
-1.428815420000000003e-03 2.047691670000000008e-04
-1.326188679999999948e-03 2.048646270000000109e-04
-1.223561939999999893e-03 2.048990429999999953e-04
-1.121361040000000029e-03 2.049300379999999884e-04
-1.019229759999999967e-03 2.048993479999999963e-04
-9.171181589999999849e-04 2.048470200000000003e-04
-8.144984019999999998e-04 2.048544270000000021e-04
-7.117938949999999543e-04 2.047340529999999866e-04
-6.095105780000000320e-04 2.047166779999999976e-04
-5.073398350000000133e-04 2.048553579999999954e-04
-4.052224689999999732e-04 2.048734309999999871e-04
-3.025678739999999823e-04 2.048027960000000129e-04
-1.999399830000000002e-04 2.047843449999999866e-04
-9.783072889999999938e-05 2.047360319999999936e-04
4.221726610000000347e-06 2.047159360000000081e-04
1.061999279999999960e-04 2.046968000000000084e-04
2.087502939999999962e-04 2.047860910000000030e-04
3.113679699999999753e-04 2.048571769999999912e-04
4.135307970000000203e-04 2.048885800000000074e-04
5.161973530000000306e-04 2.049109170000000101e-04
6.188337569999999592e-04 2.049008040000000060e-04
7.210118350000000505e-04 2.048620520000000002e-04
8.232247780000000398e-04 2.048690220000000135e-04
9.254226459999999842e-04 2.049135949999999888e-04
1.028046240000000033e-03 2.049063330000000039e-04
1.130700110000000102e-03 2.048358730000000079e-04
1.233034879999999993e-03 2.048977329999999986e-04
1.335836130000000099e-03 2.050670300000000091e-04
1.438510839999999945e-03 2.050522020000000072e-04
1.540697059999999920e-03 2.050502519999999928e-04
1.642901800000000053e-03 2.050607150000000078e-04
1.745143790000000094e-03 2.050277839999999985e-04
1.847840500000000070e-03 2.050098989999999874e-04
1.950554670000000101e-03 2.049313630000000066e-04
2.052868480000000044e-03 2.049417820000000077e-04
2.155218510000000108e-03 2.049109609999999969e-04
2.257581099999999858e-03 2.049074829999999894e-04
2.360280140000000065e-03 2.051118060000000135e-04
2.462918870000000131e-03 2.051492479999999954e-04
2.565166680000000119e-03 2.051298650000000069e-04
2.667988650000000048e-03 2.051883489999999891e-04
2.770940769999999907e-03 2.051343910000000010e-04
2.873339219999999916e-03 2.050621110000000133e-04
2.975619399999999797e-03 2.050582549999999983e-04
3.077970580000000036e-03 2.050992629999999885e-04
3.180789060000000033e-03 2.052094060000000106e-04
3.283575180000000097e-03 2.052296329999999877e-04
3.385934279999999914e-03 2.052218769999999981e-04
3.488364160000000103e-03 2.052616470000000019e-04
3.590849929999999877e-03 2.052790809999999991e-04
3.693840229999999832e-03 2.053087519999999971e-04
3.796779320000000148e-03 2.054759390000000091e-04
3.899056230000000085e-03 2.054182410000000034e-04
4.001840950000000105e-03 2.051871119999999988e-04
4.104705989999999673e-03 2.051516489999999967e-04
4.207089540000000238e-03 2.050799520000000104e-04
4.309626300000000097e-03 2.051462219999999979e-04
4.412159320000000155e-03 2.053361389999999872e-04
4.515184559999999708e-03 2.054200160000000123e-04
4.618176259999999707e-03 2.057082310000000016e-04
4.720417779999999675e-03 2.056421940000000047e-04
4.822671409999999825e-03 2.054399369999999924e-04
4.925043320000000065e-03 2.054378560000000135e-04
5.027997769999999721e-03 2.052375640000000099e-04
5.131011359999999855e-03 2.052008790000000118e-04
5.233616570000000287e-03 2.050032050000000097e-04
5.336829460000000296e-03 2.050176550000000042e-04
5.439794159999999761e-03 2.054714710000000001e-04
5.542158150000000422e-03 2.055535010000000059e-04
5.644569169999999643e-03 2.057018140000000013e-04
5.747009529999999589e-03 2.057727110000000129e-04
5.850149780000000153e-03 2.055814109999999932e-04
5.953341719999999740e-03 2.055438090000000001e-04
6.056129000000000373e-03 2.053364590000000096e-04
6.158842240000000218e-03 2.052171480000000020e-04
6.261276550000000052e-03 2.053508649999999901e-04
6.364171860000000097e-03 2.053958599999999868e-04
6.467067170000000143e-03 2.055201909999999931e-04
6.569712890000000034e-03 2.056946690000000097e-04
6.672911810000000353e-03 2.060354450000000126e-04
6.775998509999999787e-03 2.060908450000000121e-04
6.878798830000000357e-03 2.059435650000000090e-04
6.981414279999999771e-03 2.057796079999999926e-04
7.083815060000000011e-03 2.056827069999999941e-04
7.186699660000000350e-03 2.056584930000000106e-04
7.289676460000000038e-03 2.054386129999999974e-04
7.392372940000000066e-03 2.054712819999999964e-04
7.495082450000000070e-03 2.055406369999999896e-04
7.597939580000000019e-03 2.056539379999999969e-04
7.701157129999999622e-03 2.061455449999999897e-04
7.804242430000000313e-03 2.062435519999999869e-04
7.906947279999999856e-03 2.063714490000000015e-04
8.009851910000000824e-03 2.062567659999999870e-04
8.112813349999999438e-03 2.058433600000000125e-04
8.215467449999999672e-03 2.057905369999999887e-04
8.318457749999999193e-03 2.050855259999999911e-04
8.421816860000000404e-03 2.050521579999999933e-04
8.525129410000000310e-03 2.058120440000000011e-04
8.628240790000000007e-03 2.059654939999999886e-04
8.730871600000000496e-03 2.064150899999999875e-04
8.833334780000000330e-03 2.064764849999999930e-04
8.936018679999999451e-03 2.062788119999999870e-04
9.039385239999999516e-03 2.063364660000000059e-04
9.143056349999999569e-03 2.059891990000000002e-04
9.245987980000000203e-03 2.057007369999999950e-04
9.349200869999999344e-03 2.052049970000000099e-04
9.452626110000000859e-03 2.051539779999999875e-04
9.555142370000000232e-03 2.057527890000000097e-04
9.657710789999999351e-03 2.060004630000000130e-04
9.760636839999999731e-03 2.060934780000000079e-04
9.864293039999999513e-03 2.062847049999999940e-04
9.968062859999999789e-03 2.066260200000000116e-04
1.007108949999999982e-02 2.065836310000000102e-04
1.017453150000000028e-02 2.065523730000000109e-04
1.027756089999999969e-02 2.062919079999999978e-04
1.038000549999999918e-02 2.057609240000000028e-04
1.048288399999999961e-02 2.058306999999999943e-04
1.058591059999999980e-02 2.057783859999999965e-04
1.068972609999999969e-02 2.059523830000000106e-04
1.079344659999999928e-02 2.065939189999999926e-04
1.089672560000000054e-02 2.068407049999999934e-04
1.099993290000000033e-02 2.076439560000000058e-04
1.110233830000000033e-02 2.074534860000000036e-04
1.120544220000000042e-02 2.065435690000000076e-04
1.130901280000000050e-02 2.064946460000000126e-04
1.141221639999999947e-02 2.061884590000000075e-04
1.151559410000000012e-02 2.061828710000000015e-04
1.161904539999999986e-02 2.060452389999999903e-04
1.172302289999999948e-02 2.060309340000000128e-04
1.182624330000000071e-02 2.072517239999999920e-04
1.192875210000000040e-02 2.075457600000000049e-04
1.203227419999999999e-02 2.074605730000000101e-04
1.213574409999999999e-02 2.073985089999999944e-04
1.223910689999999947e-02 2.066214070000000128e-04
1.234271940000000040e-02 2.064916630000000058e-04
1.244624239999999986e-02 2.062804560000000044e-04
1.254999539999999969e-02 2.060614789999999879e-04
1.265311889999999953e-02 2.065012379999999913e-04
1.275575720000000045e-02 2.066493030000000018e-04
1.285896259999999916e-02 2.068994069999999989e-04
1.296268780000000079e-02 2.073017089999999989e-04
1.306660379999999982e-02 2.073171930000000088e-04
1.317022930000000085e-02 2.071483760000000047e-04
1.327365640000000013e-02 2.070127519999999930e-04
1.337706299999999980e-02 2.066708260000000045e-04
1.348043139999999945e-02 2.057876550000000120e-04
1.358360800000000049e-02 2.056347289999999907e-04
1.368643899999999990e-02 2.057830570000000075e-04
1.378990060000000011e-02 2.062140410000000001e-04
1.389426090000000016e-02 2.066930459999999868e-04
1.399838179999999925e-02 2.067227470000000005e-04
1.410178649999999957e-02 2.072169589999999927e-04
1.420545389999999970e-02 2.072706850000000133e-04
1.430901610000000039e-02 2.075938540000000056e-04
1.441184340000000071e-02 2.075514349999999886e-04
1.451500969999999953e-02 2.068695030000000103e-04
1.461849550000000018e-02 2.068145990000000076e-04
1.472260520000000066e-02 2.064020659999999871e-04
1.482705309999999936e-02 2.064568250000000001e-04
1.493078660000000078e-02 2.070188060000000072e-04
1.503422670000000017e-02 2.070453049999999948e-04
1.513720210000000024e-02 2.078960530000000082e-04
1.524028740000000007e-02 2.079857949999999896e-04
1.534377410000000060e-02 2.075634840000000088e-04
1.544722259999999937e-02 2.076712260000000026e-04
1.555144789999999937e-02 2.074617950000000061e-04
1.565580069999999990e-02 2.074631479999999937e-04
1.575989829999999842e-02 2.071046040000000001e-04
1.586354900000000109e-02 2.067062309999999944e-04
1.596634840000000014e-02 2.070221090000000093e-04
1.606971399999999883e-02 2.071945780000000032e-04
1.617332180000000119e-02 2.072694769999999884e-04
1.627694999999999836e-02 2.075906229999999869e-04
1.638111470000000111e-02 2.075906229999999869e-04
1.648510619999999857e-02 2.074870570000000034e-04
1.658918709999999963e-02 2.078366090000000131e-04
1.669275019999999846e-02 2.076523520000000131e-04
1.679597240000000116e-02 2.069236939999999890e-04
1.689967889999999945e-02 2.066707090000000112e-04
1.700343559999999837e-02 2.058863760000000022e-04
1.710752399999999895e-02 2.060823750000000023e-04
1.721158999999999883e-02 2.066621820000000124e-04
1.731566149999999929e-02 2.068749020000000126e-04
1.741999389999999981e-02 2.078139080000000012e-04
1.752374879999999899e-02 2.078060500000000125e-04
1.762704179999999982e-02 2.077711539999999946e-04
1.773020629999999889e-02 2.076818490000000017e-04
1.783371159999999969e-02 2.068621110000000028e-04
1.793834009999999840e-02 2.069578770000000099e-04
1.804305609999999963e-02 2.070776969999999894e-04
1.814683900000000141e-02 2.068413600000000054e-04
1.825054179999999887e-02 2.070975019999999993e-04
1.835455750000000025e-02 2.073783110000000098e-04
1.845804789999999987e-02 2.082523129999999938e-04
1.856145260000000019e-02 2.085160379999999910e-04
1.866552419999999851e-02 2.081361889999999910e-04
1.877018620000000040e-02 2.080699050000000053e-04
1.887506060000000013e-02 2.075333759999999951e-04
1.897915080000000046e-02 2.071524499999999889e-04
1.908282379999999903e-02 2.075726809999999868e-04
1.918622110000000117e-02 2.075587399999999914e-04
1.928940789999999961e-02 2.070878400000000091e-04
1.939372899999999844e-02 2.076013189999999925e-04
1.949818249999999906e-02 2.088105830000000029e-04
1.960275690000000057e-02 2.090339689999999931e-04
1.970747299999999966e-02 2.094164369999999907e-04
1.981091689999999947e-02 2.090772180000000004e-04
1.991430480000000100e-02 2.082315479999999981e-04
2.001776359999999852e-02 2.079681000000000053e-04
2.012174580000000018e-02 2.071464700000000042e-04
2.022667599999999899e-02 2.074196960000000115e-04
2.033122999999999875e-02 2.080224220000000026e-04
2.043538539999999876e-02 2.080008129999999912e-04
2.053920919999999845e-02 2.084969019999999913e-04
2.064331059999999912e-02 2.085580780000000046e-04
2.074711400000000053e-02 2.092170469999999878e-04
2.085001020000000135e-02 2.091934150000000097e-04
2.095416929999999872e-02 2.078096730000000099e-04
2.105881269999999861e-02 2.075997909999999994e-04
2.116325130000000151e-02 2.065668669999999921e-04
2.126792070000000159e-02 2.063331340000000113e-04
2.137182470000000001e-02 2.069629699999999881e-04
2.147623150000000161e-02 2.072084610000000135e-04
2.158024160000000108e-02 2.085465380000000105e-04
2.168324589999999844e-02 2.087078169999999940e-04
2.178743669999999924e-02 2.079646950000000043e-04
2.189241160000000158e-02 2.081655980000000059e-04
2.199738099999999988e-02 2.079388649999999999e-04
2.210158300000000103e-02 2.073947109999999916e-04
2.220517400000000113e-02 2.069024630000000121e-04
2.230910960000000165e-02 2.066499870000000063e-04
2.241254410000000086e-02 2.067829340000000083e-04
2.251656349999999959e-02 2.074613730000000118e-04
2.262127400000000024e-02 2.081914140000000121e-04
2.272573110000000035e-02 2.083033319999999891e-04
2.283103759999999954e-02 2.079867849999999911e-04
2.293597719999999895e-02 2.076525999999999979e-04
2.303937450000000109e-02 2.085053129999999929e-04
2.314282579999999909e-02 2.085593730000000071e-04
2.324694399999999855e-02 2.075955999999999949e-04
2.335135639999999860e-02 2.077082029999999995e-04
2.345582280000000144e-02 2.079316470000000018e-04
2.356063569999999885e-02 2.082208379999999942e-04
2.366567589999999874e-02 2.094379160000000065e-04
2.377013119999999910e-02 2.095269589999999892e-04
2.387365509999999844e-02 2.105404709999999884e-04
2.397686060000000022e-02 2.107141630000000014e-04
2.408127670000000109e-02 2.091734930000000066e-04
2.418658879999999872e-02 2.088732289999999971e-04
2.429158049999999985e-02 2.085782030000000098e-04
2.439605820000000092e-02 2.084475129999999881e-04
2.450092510000000112e-02 2.082231950000000087e-04
2.460552010000000012e-02 2.079788390000000017e-04
2.470889319999999834e-02 2.085485759999999985e-04
2.481281379999999981e-02 2.090836789999999876e-04
2.491711450000000036e-02 2.099382689999999905e-04
2.502179889999999948e-02 2.101904100000000068e-04
2.512748910000000072e-02 2.092176580000000129e-04
2.523257580000000042e-02 2.087922619999999993e-04
2.533689890000000167e-02 2.088847399999999987e-04
2.544115300000000107e-02 2.088777840000000108e-04
2.554558029999999882e-02 2.093627700000000053e-04
2.564957550000000058e-02 2.092771760000000105e-04
2.575349810000000100e-02 2.083663279999999941e-04
2.585915479999999905e-02 2.087946200000000098e-04
2.596516160000000156e-02 2.094015510000000037e-04
2.606962250000000036e-02 2.089775369999999973e-04
2.617331969999999938e-02 2.090719060000000029e-04
2.627689019999999986e-02 2.090295170000000015e-04
2.638139020000000029e-02 2.081499550000000080e-04
2.648604660000000027e-02 2.079264669999999918e-04
2.659047770000000019e-02 2.068915780000000028e-04
2.669642679999999907e-02 2.074315560000000009e-04
2.680235170000000097e-02 2.089722110000000015e-04
2.690743649999999959e-02 2.087377509999999983e-04
2.701148949999999938e-02 2.098049590000000025e-04
2.711496130000000046e-02 2.101247229999999937e-04
2.721904400000000127e-02 2.107899930000000071e-04
2.732333730000000016e-02 2.111546929999999868e-04
2.742883939999999840e-02 2.093563089999999911e-04
2.753435450000000020e-02 2.087179599999999867e-04
2.763910589999999876e-02 2.082237920000000085e-04
2.774452419999999878e-02 2.081630960000000017e-04
2.784910800000000089e-02 2.093858779999999901e-04
2.795274929999999949e-02 2.095457460000000010e-04
2.805729770000000081e-02 2.092744690000000122e-04
2.816255759999999886e-02 2.096050590000000046e-04
2.826776359999999891e-02 2.098240219999999957e-04
2.837300859999999925e-02 2.099265690000000123e-04
2.847834679999999841e-02 2.100545099999999866e-04
2.858368119999999887e-02 2.098118420000000110e-04
2.868810479999999927e-02 2.106530589999999986e-04
2.879150579999999876e-02 2.106294269999999934e-04
2.889558110000000138e-02 2.094448430000000019e-04
2.900119309999999936e-02 2.099376870000000121e-04
2.910746820000000012e-02 2.109941709999999871e-04
2.921325339999999993e-02 2.110815840000000048e-04
2.931868099999999921e-02 2.111261710000000055e-04
2.942295560000000171e-02 2.104508460000000002e-04
2.952644230000000050e-02 2.098946280000000045e-04
2.963086779999999851e-02 2.099744159999999971e-04
2.973650209999999933e-02 2.081890270000000091e-04
2.984223139999999871e-02 2.078880350000000083e-04
2.994791230000000068e-02 2.079157569999999879e-04
3.005415570000000147e-02 2.082660359999999929e-04
3.015879169999999970e-02 2.111360810000000076e-04
3.026228209999999932e-02 2.114814420000000127e-04
3.036665729999999883e-02 2.109620839999999935e-04
3.047178689999999884e-02 2.109407359999999963e-04
3.057759440000000148e-02 2.097527029999999898e-04
3.068372980000000014e-02 2.098076069999999925e-04
3.079015389999999880e-02 2.102727890000000003e-04
3.089532630000000127e-02 2.096901739999999890e-04
3.099909420000000054e-02 2.096203970000000015e-04
3.110326080000000090e-02 2.098359689999999898e-04
3.120819479999999840e-02 2.091557400000000101e-04
3.131411220000000079e-02 2.092148640000000099e-04
3.142008560000000145e-02 2.092839419999999986e-04
3.152554109999999854e-02 2.092818469999999944e-04
3.163111209999999729e-02 2.090834609999999913e-04
3.173556550000000004e-02 2.083417779999999979e-04
3.183962779999999909e-02 2.077211389999999991e-04
3.194514290000000090e-02 2.083716100000000031e-04
3.205051650000000085e-02 2.096293469999999906e-04
3.215584900000000024e-02 2.100590939999999929e-04
3.226161379999999829e-02 2.105358140000000028e-04
3.236773240000000162e-02 2.106344910000000062e-04
3.247291220000000228e-02 2.124736059999999876e-04
3.257646410000000076e-02 2.124492750000000108e-04
3.268162909999999810e-02 2.104957970000000101e-04
3.278729689999999863e-02 2.100900599999999934e-04
3.289252890000000235e-02 2.088885669999999940e-04
3.299902009999999830e-02 2.092136710000000064e-04
3.310536220000000196e-02 2.103686420000000121e-04
3.321135039999999899e-02 2.102852299999999992e-04
3.331654889999999952e-02 2.113664230000000127e-04
3.342089799999999750e-02 2.115325620000000110e-04
3.352598849999999936e-02 2.115637619999999981e-04
3.363165259999999906e-02 2.119205460000000041e-04
3.373808040000000202e-02 2.108352930000000048e-04
3.384475039999999824e-02 2.105876339999999958e-04
3.395054120000000342e-02 2.113589290000000061e-04
3.405584770000000261e-02 2.110558709999999936e-04
3.416060659999999721e-02 2.111228969999999960e-04
3.426542879999999736e-02 2.114725360000000104e-04
3.437031060000000221e-02 2.123393349999999906e-04
3.447585930000000159e-02 2.130490610000000131e-04
3.458357969999999865e-02 2.122044240000000030e-04
3.469111030000000123e-02 2.117871920000000022e-04
3.479688610000000043e-02 2.127464100000000006e-04
3.490156309999999790e-02 2.121411229999999970e-04
3.500610960000000160e-02 2.106762690000000095e-04
3.511042889999999722e-02 2.103036819999999944e-04
3.521510960000000245e-02 2.086759629999999910e-04
3.532220419999999861e-02 2.095337399999999987e-04
3.542964159999999890e-02 2.121399159999999952e-04
3.553585339999999759e-02 2.123479209999999976e-04
3.564149889999999876e-02 2.130726929999999912e-04
3.574597840000000304e-02 2.126324690000000028e-04
3.585047649999999891e-02 2.113747319999999881e-04
3.595624120000000257e-02 2.113921660000000124e-04
3.606279939999999795e-02 2.101125869999999958e-04
3.616956250000000206e-02 2.100583660000000016e-04
3.627635170000000076e-02 2.106500469999999993e-04
3.638267139999999678e-02 2.105814930000000039e-04
3.648778800000000017e-02 2.116008110000000054e-04
3.659233449999999693e-02 2.116245159999999900e-04
3.669699650000000229e-02 2.114946549999999897e-04
3.680284319999999748e-02 2.118724660000000017e-04
3.691037739999999956e-02 2.101235880000000024e-04
3.701739009999999858e-02 2.094701780000000056e-04
3.712346400000000185e-02 2.092236100000000011e-04
3.722975399999999685e-02 2.092659999999999985e-04
3.733556350000000190e-02 2.109804920000000019e-04
3.744059799999999855e-02 2.111362700000000113e-04
3.754531960000000168e-02 2.112990190000000029e-04
3.765201569999999942e-02 2.122519649999999908e-04
3.775944559999999672e-02 2.136608960000000086e-04
3.786554930000000235e-02 2.136588150000000026e-04
3.797198090000000054e-02 2.131021319999999947e-04
3.807707130000000106e-02 2.120976860000000090e-04
3.818171100000000012e-02 2.108597839999999928e-04
3.828769919999999716e-02 2.112224320000000133e-04
3.839399289999999992e-02 2.109220800000000031e-04
3.850101310000000193e-02 2.112506769999999902e-04
3.860883040000000210e-02 2.108359329999999953e-04
3.871696809999999878e-02 2.105930469999999963e-04
3.882284460000000326e-02 2.136882829999999986e-04
3.892677650000000295e-02 2.139253190000000085e-04
3.903263059999999979e-02 2.121866129999999944e-04
3.913972899999999810e-02 2.123040759999999865e-04
3.924660010000000088e-02 2.121975269999999962e-04
3.935338929999999957e-02 2.121068250000000019e-04
3.945977240000000247e-02 2.125273310000000122e-04
3.956644609999999951e-02 2.125631290000000039e-04
3.967191280000000042e-02 2.146659239999999997e-04
3.977638859999999693e-02 2.151177469999999905e-04
3.988292069999999773e-02 2.137571720000000107e-04
3.999024260000000330e-02 2.137397820000000003e-04
4.009724409999999850e-02 2.134142270000000010e-04
4.020361969999999840e-02 2.129209899999999890e-04
4.030968990000000085e-02 2.120624699999999958e-04
4.041545839999999973e-02 2.112836520000000134e-04
4.052007199999999726e-02 2.110429339999999980e-04
4.062597829999999716e-02 2.120181889999999921e-04
4.073254760000000196e-02 2.136169789999999870e-04
4.083924369999999970e-02 2.142676090000000062e-04
4.094779860000000160e-02 2.137835540000000050e-04
4.105541110000000132e-02 2.130446229999999927e-04
4.116111620000000026e-02 2.133682569999999972e-04
4.126624389999999920e-02 2.131380169999999910e-04
4.137170689999999929e-02 2.119384439999999904e-04
4.147789629999999728e-02 2.116550170000000054e-04
4.158431290000000335e-02 2.104916639999999907e-04
4.169208559999999786e-02 2.111701029999999942e-04
4.180102050000000097e-02 2.119109849999999899e-04
4.190874099999999935e-02 2.114517990000000112e-04
4.201366380000000345e-02 2.140447319999999880e-04
4.211810600000000238e-02 2.146907500000000044e-04
4.222412030000000094e-02 2.138632990000000067e-04
4.233040660000000205e-02 2.134407989999999951e-04
4.243743419999999877e-02 2.110422649999999878e-04
4.254555329999999691e-02 2.111229109999999943e-04
4.265393320000000071e-02 2.117114200000000087e-04
4.276101659999999999e-02 2.111470240000000019e-04
4.286568240000000057e-02 2.128136260000000027e-04
4.297051949999999843e-02 2.135196410000000000e-04
4.307592660000000157e-02 2.145331529999999992e-04
4.318351299999999976e-02 2.159110450000000100e-04
4.329306630000000211e-02 2.164506440000000045e-04
4.340039190000000158e-02 2.156026019999999935e-04
4.350705440000000174e-02 2.143524910000000000e-04
4.361305010000000176e-02 2.135030369999999932e-04
4.371855410000000108e-02 2.127736949999999916e-04
4.382487010000000321e-02 2.129984059999999999e-04
4.393251990000000134e-02 2.105915050000000050e-04
4.404294859999999950e-02 2.111029170000000078e-04
4.415239390000000319e-02 2.141640429999999956e-04
4.425967859999999782e-02 2.142565209999999949e-04
4.436623680000000014e-02 2.157108249999999897e-04
4.447138309999999761e-02 2.153868849999999882e-04
4.457749049999999713e-02 2.136891710000000011e-04
4.468393699999999996e-02 2.132752849999999931e-04
4.479066279999999872e-02 2.108451589999999929e-04
4.489948600000000234e-02 2.112316580000000109e-04
4.500719160000000302e-02 2.141772859999999882e-04
4.511412609999999879e-02 2.144827300000000077e-04
4.522185399999999883e-02 2.140083820000000065e-04
4.533213380000000042e-02 2.156585979999999967e-04
4.544454070000000095e-02 2.175224219999999896e-04
4.555346820000000241e-02 2.161102169999999894e-04
4.566124450000000334e-02 2.132808879999999933e-04
4.576916250000000186e-02 2.123460289999999954e-04
4.587646570000000062e-02 2.107724720000000052e-04
4.598413040000000340e-02 2.101346759999999866e-04
4.608914630000000151e-02 2.127777699999999989e-04
4.619400199999999790e-02 2.139233110000000090e-04
4.630032929999999824e-02 2.146629850000000069e-04
4.640743509999999822e-02 2.153984240000000135e-04
4.651616139999999872e-02 2.155600959999999988e-04
4.662631450000000177e-02 2.164789180000000011e-04
4.673727970000000204e-02 2.168645590000000051e-04
4.684432599999999863e-02 2.143601600000000120e-04
4.694809020000000055e-02 2.128805210000000135e-04
4.705329610000000273e-02 2.135047399999999917e-04
4.716026410000000169e-02 2.123066659999999915e-04
4.726906119999999684e-02 2.129670469999999976e-04
4.737739259999999841e-02 2.163811439999999944e-04
4.748420040000000258e-02 2.166995689999999964e-04
4.759058359999999988e-02 2.174864060000000017e-04
4.769537229999999683e-02 2.168138600000000052e-04
4.780001939999999755e-02 2.151918160000000125e-04
4.791085789999999928e-02 2.180309969999999985e-04
4.802731799999999940e-02 2.165597109999999894e-04
4.813865569999999788e-02 2.132516090000000010e-04
4.824470730000000179e-02 2.136628319999999976e-04
4.835100469999999845e-02 2.139573479999999899e-04
4.845530910000000330e-02 2.172963870000000134e-04
4.856026549999999803e-02 2.188905050000000013e-04
4.866763949999999839e-02 2.192819520000000076e-04
4.877445849999999944e-02 2.187932840000000076e-04
4.888247329999999974e-02 2.154451649999999995e-04
4.899062960000000189e-02 2.146207549999999936e-04
4.909846190000000110e-02 2.136783729999999965e-04
4.920588060000000152e-02 2.130910730000000030e-04
4.931228609999999818e-02 2.123410810000000070e-04
4.942003269999999809e-02 2.128789490000000065e-04
4.952702300000000335e-02 2.156404809999999911e-04
4.963431509999999963e-02 2.165198680000000062e-04
4.974302280000000159e-02 2.165929619999999939e-04
4.985048620000000208e-02 2.161675660000000074e-04
4.995700339999999823e-02 2.165605260000000125e-04
5.006123710000000282e-02 2.153343230000000056e-04
5.016572400000000181e-02 2.123218580000000026e-04
5.027249830000000280e-02 2.126092150000000050e-04
5.037920180000000220e-02 2.127254989999999919e-04
5.048872160000000137e-02 2.144605529999999891e-04
5.060008170000000055e-02 2.162027230000000124e-04
5.071236939999999860e-02 2.170852389999999930e-04
5.082372949999999778e-02 2.210727399999999978e-04
5.092957619999999991e-02 2.194989650000000114e-04
5.103424189999999916e-02 2.179183360000000089e-04
5.113868790000000025e-02 2.172080129999999867e-04
5.124530570000000035e-02 2.107896870000000101e-04
5.135474350000000104e-02 2.101750580000000116e-04
5.146148059999999802e-02 2.129752969999999920e-04
5.156796429999999792e-02 2.135363169999999903e-04
5.167305839999999928e-02 2.173885880000000082e-04
5.177810039999999892e-02 2.190381059999999957e-04
5.188687890000000247e-02 2.182302999999999966e-04
5.199841410000000108e-02 2.195958950000000023e-04
