-5.012570689999999718e-02 2.572226219999999928e-04
-5.006619920000000140e-02 2.315702730000000005e-04
-4.998529699999999798e-02 2.349006099999999926e-04
-4.989484329999999829e-02 2.281195479999999947e-04
-4.980051519999999926e-02 2.283240170000000045e-04
-4.970277470000000059e-02 2.240840549999999882e-04
-4.960332810000000342e-02 2.235591089999999900e-04
-4.950376969999999849e-02 2.210889220000000104e-04
-4.940113799999999722e-02 2.220466270000000101e-04
-4.929805169999999792e-02 2.239467870000000132e-04
-4.919268560000000096e-02 2.256951119999999996e-04
-4.908470809999999906e-02 2.261609920000000101e-04
-4.897604509999999717e-02 2.270470429999999872e-04
-4.886544870000000124e-02 2.262915219999999934e-04
-4.875621570000000099e-02 2.252009870000000122e-04
-4.864823449999999827e-02 2.251105759999999934e-04
-4.854036870000000281e-02 2.250032559999999939e-04
-4.843420910000000024e-02 2.267134260000000013e-04
-4.832771050000000262e-02 2.275342989999999915e-04
-4.821722579999999925e-02 2.231639079999999948e-04
-4.810526219999999853e-02 2.221777250000000006e-04
-4.799409959999999947e-02 2.207732030000000107e-04
-4.788224769999999825e-02 2.209776869999999878e-04
-4.777096959999999753e-02 2.233322589999999907e-04
-4.766128210000000059e-02 2.232246920000000023e-04
-4.755284640000000118e-02 2.241748009999999965e-04
-4.744350170000000144e-02 2.250640829999999923e-04
-4.733245070000000054e-02 2.246840299999999942e-04
-4.722082989999999703e-02 2.245838990000000002e-04
-4.710841179999999961e-02 2.229813539999999934e-04
-4.699565099999999940e-02 2.229131929999999997e-04
-4.688369109999999951e-02 2.240463950000000099e-04
-4.677320640000000307e-02 2.235692810000000023e-04
-4.666340719999999970e-02 2.242286720000000069e-04
-4.655417430000000079e-02 2.241216129999999945e-04
-4.644528400000000334e-02 2.235515569999999984e-04
-4.633355139999999900e-02 2.250565010000000121e-04
-4.621851440000000061e-02 2.237263399999999888e-04
-4.610405120000000273e-02 2.226010979999999933e-04
-4.599129040000000251e-02 2.223309569999999918e-04
-4.588046669999999716e-02 2.213767439999999979e-04
-4.577077930000000155e-02 2.214568810000000054e-04
-4.565972830000000066e-02 2.223050249999999884e-04
-4.554731029999999764e-02 2.215449640000000022e-04
-4.543375599999999875e-02 2.219554009999999953e-04
-4.532065619999999656e-02 2.238555749999999967e-04
-4.520732539999999799e-02 2.243691119999999923e-04
-4.509388660000000076e-02 2.256042499999999940e-04
-4.498203469999999954e-02 2.253997810000000113e-04
-4.487018660000000048e-02 2.248331580000000128e-04
-4.475731399999999943e-02 2.252421109999999996e-04
-4.464250799999999741e-02 2.240035390000000043e-04
-4.452735929999999953e-02 2.237643640000000034e-04
-4.441425949999999734e-02 2.256645679999999933e-04
-4.430104420000000043e-02 2.264170469999999993e-04
-4.418612639999999758e-02 2.256569419999999992e-04
-4.407154399999999722e-02 2.248710079999999907e-04
-4.395787789999999751e-02 2.242139450000000080e-04
-4.384500530000000340e-02 2.238049929999999901e-04
-4.373258719999999905e-02 2.242720069999999959e-04
-4.361789299999999786e-02 2.258089230000000019e-04
-4.350126530000000130e-02 2.259989710000000099e-04
-4.338452589999999831e-02 2.261357730000000037e-04
-4.326948900000000126e-02 2.293660510000000122e-04
-4.315445569999999675e-02 2.302141949999999952e-04
-4.303896430000000300e-02 2.318041519999999942e-04
-4.292495550000000049e-02 2.318041519999999942e-04
-4.280946399999999846e-02 2.293488649999999998e-04
-4.269192740000000291e-02 2.296896559999999970e-04
-4.257279630000000009e-02 2.288448739999999972e-04
-4.245423529999999696e-02 2.282031929999999982e-04
-4.233749579999999957e-02 2.285832020000000094e-04
-4.222052540000000020e-02 2.288568069999999930e-04
-4.210412499999999919e-02 2.305669770000000004e-04
-4.198613390000000001e-02 2.318211049999999889e-04
-4.186700279999999719e-02 2.334087770000000111e-04
-4.174719009999999786e-02 2.347037810000000022e-04
-4.162464290000000150e-02 2.346362599999999991e-04
-4.150335119999999656e-02 2.338657070000000053e-04
-4.138388109999999870e-02 2.338657070000000053e-04
-4.126429189999999969e-02 2.339341009999999896e-04
-4.114584620000000248e-02 2.360242800000000082e-04
-4.102591800000000150e-02 2.373398599999999913e-04
-4.090428349999999935e-02 2.381503150000000035e-04
-4.078105840000000037e-02 2.397179489999999981e-04
-4.065612329999999941e-02 2.412289030000000121e-04
-4.053175819999999679e-02 2.414333719999999948e-04
-4.040750860000000277e-02 2.431023019999999904e-04
-4.028154910000000116e-02 2.447346339999999926e-04
-4.015559330000000038e-02 2.483450229999999842e-04
-4.002940650000000322e-02 2.497815590000000154e-04
-3.990083190000000279e-02 2.497815590000000154e-04
-3.976850209999999858e-02 2.516882379999999908e-04
-3.963469339999999702e-02 2.545304889999999882e-04
-3.950247910000000140e-02 2.549394270000000079e-04
-3.937060390000000215e-02 2.566392939999999844e-04
-3.923759240000000009e-02 2.579342979999999755e-04
-3.910435360000000249e-02 2.621329619999999950e-04
-3.897054490000000093e-02 2.639947920000000137e-04
-3.883434460000000088e-02 2.641848110000000020e-04
-3.869632630000000018e-02 2.653477130000000028e-04
-3.855682910000000213e-02 2.661078180000000029e-04
-3.841551020000000261e-02 2.671044199999999982e-04
-3.827544299999999927e-02 2.719658949999999905e-04
-3.813549129999999759e-02 2.740106430000000199e-04
-3.799235079999999792e-02 2.754197339999999946e-04
-3.784807400000000238e-02 2.766195679999999824e-04
-3.770288830000000091e-02 2.773796729999999824e-04
-3.755315020000000309e-02 2.803895330000000133e-04
-3.740250319999999934e-02 2.872301270000000070e-04
-3.724969179999999824e-02 2.905860309999999972e-04
-3.709517419999999732e-02 2.970637870000000249e-04
-3.693678980000000139e-02 3.021075099999999945e-04
-3.677578640000000315e-02 3.117400050000000006e-04
-3.660920630000000231e-02 3.185558309999999746e-04
-3.643682599999999855e-02 3.290479650000000022e-04
-3.625909609999999894e-02 3.360645789999999766e-04
-3.607659039999999706e-02 3.463255419999999776e-04
-3.588702530000000002e-02 3.542606719999999844e-04
-3.569120540000000202e-02 3.658517089999999768e-04
-3.547775000000000234e-02 3.800717820000000199e-04
-3.526042399999999855e-02 4.130775340000000101e-04
-3.502694139999999734e-02 4.351608219999999962e-04
-3.477241100000000307e-02 4.631506159999999872e-04
-3.447224940000000182e-02 5.007259310000000078e-04
-3.416059910000000116e-02 5.841435050000000091e-04
-3.382732719999999998e-02 6.271710739999999647e-04
-3.343432400000000138e-02 6.469328650000000323e-04
-3.296747059999999979e-02 6.973303969999999517e-04
-3.250062089999999904e-02 8.371934529999999980e-04
-3.201567749999999907e-02 8.993539380000000263e-04
-3.142787519999999668e-02 9.008648920000000403e-04
-3.091949219999999901e-02 8.538356050000000218e-04
-3.041657249999999910e-02 7.350736409999999738e-04
-3.001048040000000097e-02 6.341105330000000508e-04
-2.967698309999999839e-02 4.716457620000000196e-04
-2.933984439999999874e-02 4.153474290000000132e-04
-2.909930800000000081e-02 4.202878340000000112e-04
-2.884010970000000160e-02 4.326445630000000137e-04
-2.858136780000000016e-02 4.677405519999999805e-04
-2.833992059999999868e-02 4.706032339999999801e-04
-2.808220130000000161e-02 4.531788579999999770e-04
-2.782163959999999978e-02 4.486308319999999746e-04
-2.756210040000000097e-02 4.358996809999999980e-04
-2.735683510000000082e-02 3.986866799999999773e-04
-2.715498400000000007e-02 3.010177459999999953e-04
-2.695791239999999894e-02 2.626244970000000045e-04
-2.681943960000000154e-02 2.538940749999999769e-04
-2.668096500000000093e-02 2.510995550000000211e-04
-2.654419839999999989e-02 2.461888940000000006e-04
-2.640811350000000016e-02 2.440078240000000110e-04
-2.627510200000000157e-02 2.439677340000000118e-04
-2.614436480000000007e-02 2.425988640000000007e-04
-2.601635830000000038e-02 2.424088600000000066e-04
-2.588869450000000003e-02 2.421352400000000016e-04
-2.576148509999999850e-02 2.421352400000000016e-04
-2.563245590000000004e-02 2.428916779999999904e-04
-2.550103700000000070e-02 2.410441520000000074e-04
-2.537155149999999887e-02 2.395446650000000082e-04
-2.524149789999999977e-02 2.353116429999999894e-04
-2.511155790000000124e-02 2.337288749999999959e-04
-2.498525750000000004e-02 2.344889360000000091e-04
-2.485964259999999884e-02 2.343521189999999939e-04
-2.473516389999999912e-02 2.358722409999999933e-04
-2.460738460000000058e-02 2.380689260000000114e-04
-2.447869630000000171e-02 2.426660069999999963e-04
-2.434932630000000153e-02 2.450515750000000154e-04
-2.421585840000000170e-02 2.448626909999999913e-04
-2.408443949999999889e-02 2.435676870000000002e-04
-2.395461310000000094e-02 2.435298369999999951e-04
-2.382444400000000018e-02 2.437313379999999925e-04
-2.369621209999999908e-02 2.465816210000000151e-04
-2.356877549999999988e-02 2.471288610000000252e-04
-2.343826549999999953e-02 2.435185740000000054e-04
-2.330525409999999881e-02 2.433832559999999908e-04
-2.317167259999999840e-02 2.421034879999999976e-04
-2.303843200000000105e-02 2.417627109999999986e-04
-2.290450969999999892e-02 2.405722479999999983e-04
-2.276944930000000117e-02 2.408431320000000125e-04
-2.263723310000000100e-02 2.454034980000000107e-04
-2.250763589999999967e-02 2.454718919999999949e-04
-2.237712589999999932e-02 2.441418180000000035e-04
-2.224513889999999924e-02 2.442114930000000191e-04
-2.211246639999999916e-02 2.433048939999999923e-04
-2.197808960000000034e-02 2.443272679999999798e-04
-2.184166389999999888e-02 2.437606450000000084e-04
-2.170478370000000073e-02 2.438287920000000038e-04
-2.157017769999999834e-02 2.487222960000000046e-04
-2.143489009999999945e-02 2.509140180000000130e-04
-2.130051139999999954e-02 2.575646500000000074e-04
-2.116658910000000088e-02 2.596852430000000096e-04
-2.102777549999999829e-02 2.574050449999999756e-04
-2.088600020000000099e-02 2.580001310000000015e-04
-2.074320430000000173e-02 2.579909919999999815e-04
-2.059949559999999999e-02 2.588770590000000031e-04
-2.045612969999999892e-02 2.618989970000000196e-04
-2.031105570000000041e-02 2.640119059999999885e-04
-2.016541360000000116e-02 2.699298489999999925e-04
-2.001988520000000035e-02 2.720135380000000044e-04
-1.986980619999999947e-02 2.691632840000000013e-04
-1.971767840000000077e-02 2.693685239999999933e-04
-1.956680230000000173e-02 2.720287300000000155e-04
-1.941672150000000110e-02 2.721254129999999905e-04
-1.926652900000000099e-02 2.722524799999999877e-04
-1.911747269999999888e-02 2.719798360000000130e-04
-1.896875909999999957e-02 2.728028049999999764e-04
-1.881868020000000002e-02 2.739364860000000242e-04
-1.866837220000000172e-02 2.756466860000000201e-04
-1.851487900000000145e-02 2.781777290000000177e-04
-1.835888249999999972e-02 2.810279550000000241e-04
-1.819765200000000166e-02 2.847925060000000043e-04
-1.803551239999999847e-02 2.937634129999999754e-04
-1.787393909999999975e-02 2.970350319999999988e-04
-1.770861259999999965e-02 2.998681159999999797e-04
-1.753395610000000118e-02 3.064794870000000235e-04
-1.735565810000000084e-02 3.199478090000000248e-04
-1.716700570000000148e-02 3.310633470000000074e-04
-1.696890969999999971e-02 3.449346110000000264e-04
-1.678424140000000023e-02 3.418563280000000188e-04
-1.659319919999999865e-02 3.226645929999999744e-04
-1.641364949999999864e-02 3.084249330000000261e-04
-1.624741219999999847e-02 2.912112100000000155e-04
-1.609153110000000053e-02 2.792153099999999835e-04
-1.594315840000000081e-02 2.593756650000000018e-04
-1.579751449999999835e-02 2.505871820000000094e-04
-1.565949620000000111e-02 2.378560460000000000e-04
-1.552546020000000054e-02 2.308786209999999929e-04
-1.539961620000000059e-02 2.251780820000000023e-04
-1.527388669999999934e-02 2.227456859999999924e-04
-1.515202499999999952e-02 2.224869970000000114e-04
-1.503243949999999961e-02 2.213283150000000077e-04
-1.491364929999999984e-02 2.194395929999999996e-04
-1.479292570000000084e-02 2.199166920000000130e-04
-1.467174759999999994e-02 2.213040419999999888e-04
-1.455011309999999954e-02 2.220922180000000105e-04
-1.442722790000000067e-02 2.213321569999999973e-04
-1.430456989999999949e-02 2.209217050000000099e-04
-1.418430080000000065e-02 2.237719309999999893e-04
-1.406312269999999975e-02 2.250300169999999917e-04
-1.394057829999999915e-02 2.262742639999999977e-04
-1.381826119999999929e-02 2.268876849999999985e-04
-1.369446610000000022e-02 2.269735849999999903e-04
-1.357157990000000015e-02 2.264702200000000070e-04
-1.344687399999999929e-02 2.211497339999999874e-04
-1.332432960000000041e-02 2.179346339999999917e-04
-1.320656480000000077e-02 2.169845389999999958e-04
-1.309050619999999922e-02 2.153184910000000040e-04
-1.297513020000000059e-02 2.118706759999999985e-04
-1.286237129999999972e-02 2.093488150000000117e-04
-1.275006769999999928e-02 2.031160399999999873e-04
-1.263605710000000049e-02 2.018891969999999899e-04
-1.252238819999999982e-02 1.997887009999999963e-04
-1.241258720000000017e-02 1.967210700000000074e-04
-1.230722480000000056e-02 1.948208960000000060e-04
-1.220550289999999989e-02 1.919478379999999961e-04
-1.210469100000000076e-02 1.854872830000000021e-04
-1.200274100000000080e-02 1.835897709999999891e-04
-1.190261259999999925e-02 1.813965350000000130e-04
-1.180566939999999967e-02 1.789428209999999945e-04
-1.170929520000000071e-02 1.737253479999999997e-04
-1.161121480000000018e-02 1.728777129999999886e-04
-1.151563690000000084e-02 1.740178120000000057e-04
-1.142324509999999987e-02 1.725128819999999902e-04
-1.133256030000000074e-02 1.711827640000000120e-04
-1.124244370000000021e-02 1.701274449999999898e-04
-1.115107629999999989e-02 1.651469499999999927e-04
-1.105970889999999957e-02 1.635792870000000055e-04
-1.096982040000000005e-02 1.616905360000000049e-04
-1.088175180000000054e-02 1.599184180000000062e-04
-1.079584570000000077e-02 1.591870099999999929e-04
-1.071119119999999932e-02 1.581780229999999918e-04
-1.062835749999999947e-02 1.577979860000000112e-04
-1.054597829999999979e-02 1.573875199999999984e-04
-1.046223469999999975e-02 1.539672080000000073e-04
-1.037803479999999980e-02 1.527966229999999962e-04
-1.029508749999999938e-02 1.516622430000000039e-04
-1.021384629999999918e-02 1.504353860000000082e-04
-1.013374329999999941e-02 1.494795579999999894e-04
-1.005386750000000079e-02 1.490039290000000111e-04
-9.976040570000000579e-03 1.505240800000000030e-04
-9.899464440000000157e-03 1.503188540000000093e-04
-9.820953940000000035e-03 1.465185340000000030e-04
-9.741760789999999795e-03 1.455608439999999976e-04
-9.664502930000000783e-03 1.461308999999999937e-04
-9.589292109999999689e-03 1.449067789999999888e-04
-9.514081290000000329e-03 1.415288130000000083e-04
-9.438643229999999981e-03 1.406427620000000041e-04
-9.364001449999999338e-03 1.400303590000000014e-04
-9.289474230000000637e-03 1.397463199999999953e-04
-9.215970520000000069e-03 1.401263430000000048e-04
-9.143490339999999286e-03 1.396475129999999963e-04
-9.070442059999999501e-03 1.373672999999999951e-04
-8.996142069999999227e-03 1.371077959999999910e-04
-8.922523820000000105e-03 1.375427820000000114e-04
-8.851750749999999848e-03 1.361796169999999995e-04
-8.784163739999999859e-03 1.376905860000000078e-04
-8.717145770000000321e-03 1.378950689999999888e-04
-8.646486329999999651e-03 1.329088409999999959e-04
-8.574576119999999940e-03 1.318644059999999870e-04
-8.504258469999999639e-03 1.311043310000000026e-04
-8.434964340000000033e-03 1.302150490000000068e-04
-8.366581050000000339e-03 1.292649690000000052e-04
-8.299221279999999604e-03 1.281315489999999987e-04
-8.232544180000000641e-03 1.261397989999999986e-04
-8.166095240000000727e-03 1.254582170000000042e-04
-8.099987169999999653e-03 1.245997120000000053e-04
-8.034334520000000271e-03 1.240204870000000007e-04
-7.969023659999999523e-03 1.225003360000000087e-04
-7.903939109999999144e-03 1.218162800000000066e-04
-7.839538159999999423e-03 1.210562109999999982e-04
-7.774909489999999763e-03 1.207518579999999967e-04
-7.711418900000000139e-03 1.218129840000000037e-04
-7.649520879999999884e-03 1.214040310000000033e-04
-7.586598859999999986e-03 1.185709410000000056e-04
-7.523449599999999966e-03 1.176848820000000063e-04
-7.461437490000000228e-03 1.175566789999999947e-04
-7.399539929999999870e-03 1.174458880000000003e-04
-7.337755520000000149e-03 1.168758320000000043e-04
-7.276767859999999991e-03 1.161917750000000061e-04
-7.216349240000000283e-03 1.152416880000000054e-04
-7.157637270000000336e-03 1.137191499999999969e-04
-7.099494339999999973e-03 1.104568070000000018e-04
-7.034524339999999841e-03 1.135239360000000043e-04
-6.963978990000000389e-03 1.131759490000000025e-04
-6.897643210000000205e-03 1.105368570000000045e-04
-6.837452299999999608e-03 1.130070809999999989e-04
-6.780901920000000430e-03 1.117073630000000060e-04
-6.724921059999999784e-03 1.090471199999999962e-04
-6.666436329999999959e-03 1.094416949999999991e-04
-6.608179770000000008e-03 1.109240619999999933e-04
-6.551857109999999901e-03 1.104469559999999944e-04
-6.494965870000000106e-03 1.081804800000000041e-04
-6.437505129999999964e-03 1.077033740000000051e-04
-6.382206920000000304e-03 1.103876570000000026e-04
-6.314278579999999842e-03 1.189508259999999974e-04
-6.230079099999999946e-03 1.151504839999999976e-04
-6.158964710000000044e-03 1.059156420000000010e-04
-6.102869749999999954e-03 1.053455849999999954e-04
-6.047571080000000397e-03 1.045177709999999980e-04
-5.992955529999999947e-03 1.033708029999999979e-04
-5.939022169999999719e-03 1.026892129999999948e-04
-5.884178910000000158e-03 9.965580830000000565e-05
-5.826832260000000367e-03 1.000707049999999975e-04
-5.770054650000000160e-03 1.017808610000000066e-04
-5.716918040000000360e-03 1.002075150000000000e-04
-5.665829409999999927e-03 9.925743510000000348e-05
-5.616333799999999668e-03 9.782586129999999605e-05
-5.565586970000000432e-03 9.178880280000000283e-05
-5.507898980000000208e-03 9.390171179999999877e-05
-5.443952979999999719e-03 8.936876840000000286e-05
-5.379437929999999687e-03 8.807376430000000674e-05
-5.317084960000000200e-03 8.838282520000000184e-05
-5.257348999999999703e-03 8.694431020000000431e-05
-5.199888720000000325e-03 8.637426069999999581e-05
-5.142314359999999689e-03 8.623744360000000270e-05
-5.089291370000000383e-03 9.345810389999999819e-05
-5.041502879999999742e-03 9.278420479999999551e-05
-4.994737919999999755e-03 9.262395180000000509e-05
-4.947972949999999807e-03 9.269210569999999461e-05
-4.900298079999999661e-03 9.171225249999999949e-05
-4.853191790000000068e-03 9.101827890000000669e-05
-4.806996319999999601e-03 9.025821050000000132e-05
-4.761141719999999709e-03 8.977937249999999776e-05
-4.715287129999999778e-03 8.844924740000000181e-05
-4.669318910000000260e-03 8.791810980000000530e-05
-4.623692020000000347e-03 8.702182820000000068e-05
-4.579316360000000238e-03 8.606760819999999409e-05
-4.535965159999999670e-03 8.512324709999999860e-05
-4.492613950000000009e-03 8.478245579999999990e-05
-4.448807330000000351e-03 8.339280610000000024e-05
-4.404318519999999605e-03 8.330358109999999941e-05
-4.362901209999999787e-03 8.786399120000000301e-05
-4.321370740000000238e-03 8.957414680000000558e-05
-4.273240450000000135e-03 8.330357379999999876e-05
-4.221469159999999624e-03 8.311397689999999619e-05
-4.172087649999999676e-03 8.659152079999999339e-05
-4.125664010000000201e-03 8.618257560000000517e-05
-4.080150739999999915e-03 8.688540400000000429e-05
-4.037254490000000313e-03 8.556858670000000227e-05
-3.994585949999999823e-03 8.195825649999999524e-05
-3.951234740000000162e-03 8.106897439999999442e-05
-3.909021149999999771e-03 8.049892489999999946e-05
-3.866466460000000157e-03 8.049892489999999946e-05
-3.823229110000000031e-03 7.935881880000000539e-05
-3.782267220000000169e-03 7.747541529999999604e-05
-3.745060179999999857e-03 7.850449040000000611e-05
-3.704894800000000082e-03 8.075371440000000381e-05
-3.659950569999999813e-03 7.934460880000000066e-05
-3.615233810000000048e-03 7.870516129999999462e-05
-3.570858619999999796e-03 7.718502460000000245e-05
-3.526710670000000099e-03 7.650096090000000671e-05
-3.483814650000000013e-03 7.669097980000000358e-05
-3.442511430000000112e-03 7.569710580000000395e-05
-3.405304389999999799e-03 7.975844349999999415e-05
-3.370600520000000162e-03 7.982659739999999721e-05
-3.333621189999999828e-03 7.623802230000000597e-05
-3.292773149999999975e-03 7.726039620000000208e-05
-3.249990749999999949e-03 7.716767869999999749e-05
-3.208687530000000048e-03 7.625014400000000407e-05
-3.168408289999999870e-03 7.511003789999999645e-05
-3.129835939999999796e-03 7.367350920000000655e-05
-3.092856379999999947e-03 7.234338409999999705e-05
-3.054739209999999920e-03 7.244822340000000476e-05
-3.016280479999999906e-03 7.217807430000000308e-05
-2.978618489999999928e-03 7.170096800000000262e-05
-2.942549300000000135e-03 7.330123479999999458e-05
-2.906138779999999869e-03 7.408394589999999814e-05
-2.866542200000000203e-03 7.066362740000000590e-05
-2.827059710000000021e-03 6.936390859999999993e-05
-2.791900649999999942e-03 7.297423870000000195e-05
-2.756969299999999842e-03 7.403651399999999999e-05
-2.718738279999999806e-03 7.149074370000000202e-05
-2.681986429999999935e-03 6.978678719999999495e-05
-2.648647870000000060e-03 7.073114830000000399e-05
-2.616788729999999785e-03 7.018588079999999981e-05
-2.584474389999999976e-03 6.817695979999999526e-05
-2.549770749999999853e-03 6.888507050000000490e-05
-2.513929040000000090e-03 6.869505159999999449e-05
-2.478770209999999960e-03 6.821621349999999946e-05
-2.443838629999999911e-03 6.726612630000000225e-05
-2.409021140000000213e-03 6.676423069999999681e-05
-2.375568959999999844e-03 6.764677530000000403e-05
-2.341547979999999800e-03 6.839651910000000515e-05
-2.306161450000000085e-03 6.846405449999999951e-05
-2.271002390000000006e-03 6.835301609999999630e-05
-2.236640079999999923e-03 6.911309169999999729e-05
-2.201822589999999791e-03 6.966033829999999992e-05
-2.165298209999999991e-03 6.833022050000000461e-05
-2.130139149999999912e-03 6.693978499999999796e-05
-2.096914689999999915e-03 6.630906859999999379e-05
-2.063576130000000040e-03 6.624091470000000427e-05
-2.030010340000000003e-03 6.567429229999999522e-05
-1.996785640000000098e-03 6.526533980000000636e-05
-1.964243829999999785e-03 6.551259139999999527e-05
-1.932725890000000068e-03 6.498591390000000407e-05
-1.902459650000000013e-03 6.536594450000000217e-05
-1.871396900000000087e-03 6.598159959999999884e-05
-1.838286059999999934e-03 6.427144399999999626e-05
-1.805857990000000069e-03 6.316009240000000321e-05
-1.774795239999999927e-03 6.235424370000000572e-05
-1.743049829999999923e-03 6.255871989999999764e-05
-1.711190559999999951e-03 6.317455699999999892e-05
-1.680127810000000025e-03 6.291853059999999572e-05
-1.649520239999999931e-03 6.272850439999999822e-05
-1.617888569999999943e-03 6.327575830000000149e-05
-1.585801829999999900e-03 6.403582669999999331e-05
-1.553487380000000096e-03 6.435802790000000112e-05
-1.520604129999999967e-03 6.430537179999999610e-05
-1.489313900000000012e-03 6.341931290000000175e-05
-1.458933809999999947e-03 6.247495909999999336e-05
-1.427984910000000031e-03 6.247495909999999336e-05
-1.396466980000000057e-03 6.176181340000000419e-05
-1.364607830000000039e-03 6.171000860000000194e-05
-1.333203750000000075e-03 6.209004639999999567e-05
-1.302596069999999986e-03 6.174801819999999812e-05
-1.272216089999999916e-03 6.117796870000000316e-05
-1.242063590000000092e-03 6.075389680000000314e-05
-1.212366270000000100e-03 6.033494359999999786e-05
-1.182441370000000044e-03 6.040310109999999874e-05
-1.152288870000000003e-03 6.044202019999999958e-05
-1.122363959999999987e-03 6.031908559999999846e-05
-1.092325309999999956e-03 5.955901719999999986e-05
-1.061945220000000108e-03 5.949061229999999686e-05
-1.031565249999999998e-03 5.930059340000000000e-05
-1.001640339999999981e-03 5.887850780000000083e-05
-9.723980910000000390e-04 5.884531860000000278e-05
-9.433834350000000002e-04 5.877716099999999688e-05
-9.134585269999999759e-04 5.707730090000000099e-05
-8.837612109999999676e-04 5.632756069999999768e-05
-8.552016809999999757e-04 5.635045090000000303e-05
-8.259594910000000144e-04 5.676956430000000244e-05
-7.968310379999999716e-04 5.790967040000000328e-05
-7.683853039999999877e-04 5.790967040000000328e-05
-7.392569100000000344e-04 5.676956430000000244e-05
-7.106973790000000466e-04 5.594150209999999667e-05
-6.838446130000000109e-04 5.648522709999999797e-05
-6.563091300000000166e-04 5.716681329999999996e-05
-6.272945319999999629e-04 5.660019450000000228e-05
-5.988487969999999831e-04 5.605492699999999810e-05
-5.707443920000000422e-04 5.531775240000000267e-05
-5.421849200000000354e-04 5.532543220000000133e-05
-5.138529229999999701e-04 5.551545109999999819e-05
-4.863174690000000226e-04 5.510501430000000158e-05
-4.590095779999999901e-04 5.434494600000000123e-05
-4.311327650000000111e-04 5.433874680000000070e-05
-4.034835150000000013e-04 5.470161340000000020e-05
-3.760618270000000191e-04 5.476977090000000108e-05
-3.484125770000000093e-04 5.478694220000000033e-05
-3.215598120000000238e-04 5.431454340000000053e-05
-2.951621719999999809e-04 5.355447139999999735e-05
-2.684232020000000074e-04 5.348606650000000112e-05
-2.421393440000000014e-04 5.405611960000000066e-05
-2.156279220000000029e-04 5.432428949999999887e-05
-1.884338130000000073e-04 5.393052200000000162e-05
-1.619223910000000088e-04 5.345341199999999833e-05
-1.356385330000000027e-04 5.250905090000000284e-05
-1.091271189999999994e-04 5.230457459999999912e-05
-8.295704900000000622e-05 5.250260439999999843e-05
-5.746967869999999737e-05 5.216943459999999824e-05
-3.220987130000000021e-05 5.140347639999999745e-05
-7.177628959999999705e-06 5.099879489999999837e-05
1.774082920000000051e-05 5.004295239999999686e-05
4.368333250000000126e-05 5.025284919999999827e-05
6.951205429999999705e-05 5.100957060000000124e-05
9.522703480000000071e-05 5.128225889999999814e-05
1.217384920000000049e-04 5.090568080000000100e-05
1.490464490000000040e-04 5.124976810000000260e-05
1.753303659999999912e-04 5.372034139999999988e-05
2.008177980000000083e-04 5.413084729999999685e-05
2.272155399999999960e-04 5.375076940000000209e-05
2.546373289999999813e-04 5.415505799999999767e-05
2.821728990000000074e-04 5.508579119999999893e-05
3.090257810000000133e-04 5.508579119999999893e-05
3.361062259999999884e-04 5.491521370000000251e-05
3.630728750000000097e-04 5.478458479999999967e-05
3.900395530000000236e-04 5.421446619999999758e-05
4.176888910000000070e-04 5.441971010000000241e-05
4.452244609999999789e-04 5.517986570000000222e-05
4.724187020000000163e-04 5.517341919999999781e-05
4.992715549999999754e-04 5.572064039999999894e-05
5.264657670000000202e-04 5.619780499999999955e-05
5.549116179999999702e-04 5.544222949999999989e-05
5.833574690000000286e-04 5.516956299999999991e-05
6.111206020000000240e-04 5.575799879999999780e-05
6.387699979999999925e-04 5.590201540000000192e-05
6.667606650000000188e-04 5.552193759999999863e-05
6.950927199999999608e-04 5.551425059999999756e-05
7.216042720000000361e-04 5.851710379999999686e-05
7.468641849999999895e-04 5.892610349999999770e-05
7.731481460000000448e-04 5.835941919999999746e-05
8.005699490000000012e-04 5.883658379999999807e-05
8.292433339999999821e-04 5.830080770000000301e-05
8.581443109999999791e-04 5.824330220000000055e-05
8.871590839999999841e-04 5.767318359999999846e-05
9.162875940000000160e-04 5.753635560000000011e-05
9.449610369999999820e-04 5.791643709999999947e-05
9.734068299999999469e-04 5.783810410000000030e-05
1.002307860000000057e-03 5.686386429999999915e-05
1.031436379999999941e-03 5.672753470000000287e-05
1.060337290000000097e-03 5.694161520000000137e-05
1.090148580000000053e-03 5.756676179999999863e-05
1.119732270000000024e-03 5.946715829999999869e-05
1.148519460000000086e-03 5.967239850000000069e-05
1.177989300000000048e-03 5.910228719999999924e-05
1.208369500000000107e-03 5.936255550000000143e-05
1.238977189999999938e-03 5.970714480000000290e-05
1.269471130000000012e-03 5.984347810000000201e-05
1.299623750000000006e-03 6.078794830000000066e-05
1.329548770000000017e-03 6.099244640000000130e-05
1.360270310000000074e-03 6.046353879999999815e-05
1.390877989999999946e-03 6.020450749999999983e-05
1.420006620000000041e-03 6.172482239999999552e-05
1.448907539999999940e-03 6.205202230000000322e-05
1.478832559999999951e-03 6.124950599999999328e-05
1.508643849999999906e-03 6.097683940000000184e-05
1.538227430000000100e-03 6.059905349999999665e-05
1.569062819999999950e-03 6.121255139999999637e-05
1.600467020000000086e-03 6.220281650000000198e-05
1.631302289999999981e-03 6.221893270000000372e-05
1.662251310000000069e-03 6.183885130000000261e-05
1.692859109999999894e-03 6.149677940000000621e-05
1.722328950000000074e-03 6.244697579999999805e-05
1.752481560000000108e-03 6.311376639999999880e-05
1.783203099999999949e-03 6.400901469999999605e-05
1.814152110000000076e-03 6.455434780000000102e-05
1.845556309999999995e-03 6.555949219999999598e-05
1.875936520000000014e-03 6.530516839999999832e-05
1.906202870000000063e-03 6.454501270000000026e-05
1.937948400000000021e-03 6.516074059999999335e-05
1.971400810000000121e-03 6.402050349999999419e-05
2.005194310000000136e-03 6.372726060000000246e-05
2.037736349999999964e-03 6.500029849999999418e-05
2.069026930000000038e-03 6.479580040000000032e-05
2.100203420000000196e-03 6.441801089999999732e-05
2.132859310000000033e-03 6.516784200000000468e-05
2.166994379999999994e-03 6.503275649999999610e-05
2.200332939999999869e-03 6.450701040000000473e-05
2.233443779999999806e-03 6.317673250000000677e-05
2.269058019999999933e-03 6.411147479999999941e-05
2.304103230000000002e-03 6.765467700000000507e-05
2.335848990000000125e-03 6.704118280000000141e-05
2.367480659999999897e-03 6.553003189999999356e-05
2.401274399999999819e-03 6.627985570000000028e-05
2.435523089999999842e-03 6.785855660000000378e-05
2.469544299999999835e-03 6.829259659999999598e-05
2.504589499999999944e-03 6.753243359999999728e-05
2.538952279999999884e-03 6.684828989999999594e-05
2.570470100000000081e-03 6.969887909999999856e-05
2.603695029999999935e-03 7.165315040000000337e-05
2.640674589999999784e-03 7.081743390000000546e-05
2.676857639999999979e-03 7.013577119999999743e-05
2.711220180000000011e-03 7.154160269999999963e-05
2.745469099999999982e-03 7.197935340000000191e-05
2.780628160000000060e-03 7.140923839999999763e-05
2.815673360000000170e-03 7.113558240000000094e-05
2.851059889999999885e-03 6.980530450000000298e-05
2.887015460000000051e-03 6.957304139999999804e-05
2.922971030000000216e-03 6.893423419999999762e-05
2.959381789999999957e-03 6.907056380000000067e-05
2.994540850000000035e-03 7.179981180000000629e-05
3.030610039999999828e-03 7.333244140000000138e-05
3.068841300000000206e-03 7.371251559999999331e-05
3.106162180000000134e-03 7.330202790000000222e-05
3.140866290000000113e-03 7.653269859999999741e-05
3.175114980000000135e-03 7.731921509999999586e-05
3.212322249999999962e-03 7.456822640000000636e-05
3.250211939999999959e-03 7.409106180000000574e-05
3.286850170000000203e-03 7.484663369999999404e-05
3.323716109999999991e-03 7.525563710000000449e-05
3.362288699999999974e-03 7.383034239999999816e-05
3.401771420000000105e-03 7.386454670000000447e-05
3.440571480000000158e-03 7.481475039999999695e-05
3.479485400000000180e-03 7.522523080000000095e-05
3.517602800000000154e-03 7.769574590000000310e-05
3.555151400000000021e-03 7.813721460000000256e-05
3.594065320000000043e-03 7.708627530000000064e-05
3.634458409999999796e-03 7.769976950000000431e-05
3.674624019999999953e-03 8.008098670000000419e-05
3.711262250000000196e-03 7.882078349999999405e-05
3.744145620000000063e-03 8.129129129999999555e-05
3.778849500000000094e-03 8.327530669999999634e-05
3.817308230000000108e-03 8.251515099999999828e-05
3.854174169999999896e-03 8.117784449999999896e-05
3.890357210000000131e-03 7.859743349999999558e-05
3.930181260000000301e-03 7.996075870000000159e-05
3.972053530000000179e-03 8.064077699999999921e-05
4.012105519999999842e-03 7.979377550000000467e-05
4.049198700000000185e-03 8.207424979999999447e-05
4.087884909999999795e-03 8.385302499999999326e-05
4.130098970000000043e-03 8.290282860000000142e-05
4.173222459999999766e-03 8.299355249999999773e-05
4.216119180000000091e-03 8.362777590000000194e-05
4.258787729999999674e-03 8.383227399999999580e-05
4.301229030000000043e-03 8.477674419999999445e-05
4.345831930000000273e-03 8.641273599999999867e-05
4.392369650000000139e-03 8.806470580000000392e-05
4.434810489999999744e-03 8.620190780000000421e-05
4.476569130000000035e-03 8.183100729999999694e-05
4.522651429999999945e-03 8.273947609999999543e-05
4.568164700000000231e-03 8.621399319999999557e-05
4.611743609999999910e-03 8.641849130000000298e-05
4.654412620000000257e-03 8.849633740000000274e-05
4.695943559999999663e-03 8.856449860000000646e-05
4.739863799999999815e-03 8.510257610000000674e-05
4.786515140000000175e-03 8.549496849999999764e-05
4.831914789999999967e-03 8.834555770000000025e-05
4.876631309999999823e-03 8.896128569999999837e-05
4.924078939999999849e-03 8.611068919999999511e-05
4.973233680000000399e-03 8.598873680000000360e-05
5.018746949999999818e-03 9.171739659999999573e-05
5.063122140000000070e-03 9.321705870000000544e-05
5.111252890000000070e-03 9.147922539999999803e-05
5.159496799999999800e-03 9.092249819999999327e-05
5.205124149999999610e-03 9.339300599999999478e-05
5.251661409999999579e-03 9.482970199999999651e-05
5.299791689999999722e-03 9.615997989999999448e-05
5.348491020000000276e-03 9.684783439999999737e-05
5.397418049999999981e-03 9.837388640000000503e-05
5.446003280000000224e-03 9.885105100000000564e-05
5.495954299999999612e-03 9.790657350000000635e-05
5.545905329999999828e-03 9.756573849999999523e-05
5.596311300000000183e-03 9.622401560000000301e-05
5.647627639999999727e-03 9.628920820000000478e-05
5.698829889999999787e-03 9.628920820000000478e-05
5.750715269999999782e-03 9.656485049999999554e-05
5.801690279999999721e-03 9.885104370000000499e-05
5.854144230000000310e-03 1.006915339999999961e-04
5.908077579999999711e-03 1.033360600000000055e-04
5.962238649999999918e-03 1.044267190000000063e-04
6.016968279999999891e-03 1.069075440000000064e-04
6.069422229999999613e-03 1.064373210000000024e-04
6.122900639999999742e-03 1.030166100000000064e-04
6.179223299999999849e-03 1.034955059999999950e-04
6.235432350000000290e-03 1.050158239999999973e-04
6.288910749999999591e-03 1.037801559999999992e-04
6.339999380000000025e-03 1.043330920000000038e-04
6.395639390000000014e-03 1.074005780000000028e-04
6.456172090000000113e-03 1.081779120000000061e-04
6.512836089999999786e-03 1.061408549999999957e-04
6.565176419999999881e-03 1.072810920000000034e-04
6.620361469999999811e-03 1.094019319999999944e-04
6.678277160000000053e-03 1.107322169999999965e-04
6.737330930000000329e-03 1.117390930000000031e-04
6.796725560000000353e-03 1.139691959999999954e-04
6.855096669999999684e-03 1.143100229999999978e-04
6.913922729999999982e-03 1.149305099999999941e-04
6.971269379999999773e-03 1.142669430000000063e-04
7.025202740000000001e-03 1.176876540000000023e-04
7.077884389999999741e-03 1.181665500000000045e-04
7.134434769999999787e-03 1.130354939999999957e-04
7.198039439999999803e-03 1.152651460000000012e-04
7.262440860000000248e-03 1.201329070000000022e-04
7.321494629999999657e-03 1.188377429999999999e-04
7.380662020000000427e-03 1.150598470000000010e-04
7.443470409999999871e-03 1.158778470000000057e-04
7.505709769999999691e-03 1.195389700000000065e-04
7.565673910000000023e-03 1.194968350000000066e-04
7.627458309999999783e-03 1.158860830000000018e-04
7.693225050000000384e-03 1.169807149999999973e-04
7.757967799999999567e-03 1.217316969999999971e-04
7.822255599999999517e-03 1.229968619999999974e-04
7.887339219999999276e-03 1.251845969999999992e-04
7.949351329999999882e-03 1.242984439999999960e-04
8.011021650000000119e-03 1.228708570000000121e-04
8.077471520000000654e-03 1.252284269999999890e-04
8.146082980000000223e-03 1.276989349999999870e-04
8.213897240000000294e-03 1.281094159999999940e-04
8.280119860000000748e-03 1.319102160000000068e-04
8.343838160000000351e-03 1.315961419999999934e-04
8.408125489999999577e-03 1.297747509999999888e-04
8.476850580000000468e-03 1.319560689999999903e-04
8.550127039999999221e-03 1.309268850000000007e-04
8.620672859999999396e-03 1.289227950000000047e-04
8.686780930000000470e-03 1.302530729999999942e-04
8.755051530000000290e-03 1.320318410000000109e-04
8.825369180000000591e-03 1.335521519999999869e-04
8.896824899999999231e-03 1.345954660000000028e-04
8.969077840000000759e-03 1.361741740000000105e-04
9.040760809999999481e-03 1.365831699999999881e-04
9.112671949999999813e-03 1.373387489999999941e-04
9.186517450000000751e-03 1.387702360000000069e-04
9.260818360000000818e-03 1.425172229999999943e-04
9.333525780000000854e-03 1.429172989999999985e-04
9.407257659999999563e-03 1.417770689999999899e-04
9.482013060000000701e-03 1.417859749999999923e-04
9.554720480000000737e-03 1.452238650000000015e-04
9.627427909999999867e-03 1.466553509999999911e-04
9.704801250000000615e-03 1.428774559999999882e-04
9.784677069999999158e-03 1.430137929999999969e-04
9.863187560000000187e-03 1.462044020000000046e-04
9.939877320000000196e-03 1.462695950000000129e-04
1.001622620000000054e-02 1.464596279999999995e-04
1.009701189999999936e-02 1.491962029999999878e-04
1.017779859999999939e-02 1.567978030000000134e-04
1.025585359999999988e-02 1.576770159999999919e-04
1.033379509999999939e-02 1.602951959999999987e-04
1.041480900000000057e-02 1.632945200000000081e-04
1.050105689999999981e-02 1.635269439999999881e-04
1.058343609999999949e-02 1.612903580000000017e-04
1.066354010000000047e-02 1.582496920000000086e-04
1.074876360000000079e-02 1.602336999999999902e-04
1.083592140000000023e-02 1.625141740000000056e-04
1.092342100000000087e-02 1.633120849999999968e-04
1.101114790000000052e-02 1.651620839999999916e-04
1.110126449999999931e-02 1.674797390000000018e-04
1.119229100000000005e-02 1.723910099999999973e-04
1.128604820000000085e-02 1.757993300000000115e-04
1.138162610000000019e-02 1.829109099999999912e-04
1.146821580000000063e-02 1.800814059999999897e-04
1.155389469999999925e-02 1.730499499999999880e-04
1.165288589999999985e-02 1.782652979999999900e-04
1.175620129999999965e-02 1.855520529999999931e-04
1.185587509999999969e-02 1.862337089999999899e-04
1.195793879999999983e-02 1.841558550000000000e-04
1.206330299999999918e-02 1.853828429999999873e-04
1.216513850000000042e-02 1.953770699999999878e-04
1.226526780000000011e-02 1.979678929999999931e-04
1.237120010000000020e-02 1.947372510000000025e-04
1.248555259999999979e-02 1.986368730000000085e-04
1.259785700000000050e-02 2.128898339999999887e-04
1.270606460000000063e-02 2.152610249999999928e-04
1.282257870000000008e-02 2.080338160000000109e-04
1.294478219999999936e-02 2.091244680000000126e-04
1.306004449999999956e-02 2.245234059999999955e-04
1.316882200000000017e-02 2.261926269999999938e-04
1.328704229999999945e-02 2.142200970000000110e-04
1.341334259999999931e-02 2.147673950000000061e-04
1.353520429999999913e-02 2.236992589999999958e-04
1.365490440000000083e-02 2.253000569999999902e-04
1.378154480000000001e-02 2.182308239999999899e-04
1.391114480000000056e-02 2.177536659999999955e-04
1.403266469999999919e-02 2.307141550000000045e-04
1.414986229999999970e-02 2.328059930000000077e-04
1.427035869999999929e-02 2.322358339999999895e-04
1.438766900000000050e-02 2.301149800000000002e-04
1.450520750000000060e-02 2.238436719999999894e-04
1.463150700000000019e-02 2.265311779999999969e-04
1.475928540000000060e-02 2.315569439999999991e-04
1.487887189999999998e-02 2.287621169999999962e-04
1.499367970000000001e-02 2.289510450000000071e-04
1.511133180000000069e-02 2.307233810000000021e-04
1.523205539999999969e-02 2.313999280000000034e-04
1.535130009999999962e-02 2.307611580000000007e-04
1.547282099999999945e-02 2.242998310000000016e-04
1.560549250000000006e-02 2.286783419999999971e-04
1.574021210000000129e-02 2.374201430000000116e-04
1.587891389999999958e-02 2.426101859999999985e-04
1.602171180000000125e-02 2.502312130000000265e-04
1.618134980000000139e-02 2.633873370000000265e-04
1.634041970000000080e-02 3.019458669999999746e-04
1.650836320000000079e-02 3.212275329999999770e-04
1.669496859999999860e-02 3.425119499999999860e-04
1.689352100000000162e-02 3.573578429999999797e-04
1.710128780000000001e-02 3.832032670000000006e-04
1.728300010000000109e-02 3.763422430000000008e-04
1.747814010000000098e-02 3.350440819999999970e-04
1.767077480000000048e-02 3.191613360000000016e-04
1.784725300000000042e-02 3.030675580000000103e-04
1.801747269999999859e-02 2.935198140000000065e-04
1.817449369999999884e-02 2.878186059999999786e-04
1.833868209999999985e-02 2.900762769999999831e-04
1.850901729999999967e-02 2.860854440000000108e-04
1.866364850000000117e-02 2.748342810000000205e-04
1.880530830000000028e-02 2.652968110000000009e-04
1.895516179999999842e-02 2.671373079999999896e-04
1.910501350000000029e-02 2.722374629999999821e-04
1.924655960000000096e-02 2.691017869999999968e-04
1.938856209999999941e-02 2.606164199999999750e-04
1.954000820000000027e-02 2.632426910000000152e-04
1.968883540000000015e-02 2.738849139999999889e-04
1.983356849999999907e-02 2.752532019999999946e-04
1.998171400000000111e-02 2.733528090000000008e-04
2.012951860000000009e-02 2.720849009999999971e-04
2.027334089999999894e-02 2.752285509999999953e-04
2.041704949999999935e-02 2.766600519999999792e-04
2.056826839999999906e-02 2.691454719999999967e-04
2.071755189999999885e-02 2.652875260000000222e-04
2.086012250000000151e-02 2.647174110000000179e-04
2.100178230000000063e-02 2.639648449999999801e-04
2.114947329999999903e-02 2.518022959999999819e-04
2.129363639999999960e-02 2.449608579999999996e-04
2.142528440000000117e-02 2.468853489999999797e-04
2.155545169999999872e-02 2.470216710000000212e-04
2.168903310000000126e-02 2.426267020000000046e-04
2.182659879999999941e-02 2.434481719999999946e-04
2.196120470000000047e-02 2.497195089999999979e-04
2.209194000000000088e-02 2.496511150000000137e-04
2.222552339999999890e-02 2.447100710000000212e-04
2.236081100000000127e-02 2.436161740000000026e-04
2.248972839999999890e-02 2.512143109999999879e-04
2.261432069999999919e-02 2.516914679999999863e-04
2.274562600000000143e-02 2.418689259999999954e-04
2.287863940000000110e-02 2.393467880000000041e-04
2.300664599999999865e-02 2.415711930000000098e-04
2.313988659999999947e-02 2.455310309999999890e-04
2.327904290000000140e-02 2.457211090000000126e-04
2.341114539999999966e-02 2.412159369999999968e-04
2.353767309999999988e-02 2.380458900000000100e-04
2.366886470000000020e-02 2.400226949999999877e-04
2.379869110000000162e-02 2.477673410000000211e-04
2.392453510000000158e-02 2.481763370000000259e-04
2.405686489999999886e-02 2.394207989999999869e-04
2.419408779999999981e-02 2.392140889999999870e-04
2.432641950000000164e-02 2.458655219999999792e-04
2.445032819999999954e-02 2.431973839999999930e-04
2.457253259999999870e-02 2.386364359999999893e-04
2.470110730000000046e-02 2.404888069999999928e-04
2.483343710000000121e-02 2.394092150000000059e-04
2.495973740000000107e-02 2.357282359999999957e-04
2.508000659999999951e-02 2.364277319999999937e-04
2.520562339999999832e-02 2.398982610000000135e-04
2.533874850000000095e-02 2.360974610000000007e-04
2.546675500000000064e-02 2.316505419999999955e-04
2.558702419999999908e-02 2.322206560000000038e-04
2.571025119999999914e-02 2.338787020000000132e-04
2.583723330000000165e-02 2.322541840000000128e-04
2.596137109999999831e-02 2.302773499999999883e-04
2.608368919999999938e-02 2.278217429999999986e-04
2.621306110000000064e-02 2.311619029999999880e-04
2.634288740000000073e-02 2.405631679999999865e-04
2.646509000000000014e-02 2.393889880000000018e-04
2.658661080000000038e-02 2.363483220000000087e-04
2.671575550000000049e-02 2.394993209999999966e-04
2.684637900000000008e-02 2.457946830000000069e-04
2.697040330000000097e-02 2.444313720000000092e-04
2.709363030000000103e-02 2.419757070000000073e-04
2.723210490000000164e-02 2.502238200000000230e-04
2.737626810000000008e-02 2.646279169999999942e-04
2.759063620000000092e-02 3.120600300000000060e-04
2.780511789999999886e-02 4.426171650000000125e-04
2.800913160000000068e-02 4.833236449999999914e-04
2.828778699999999827e-02 4.717312399999999900e-04
2.856701050000000006e-02 4.672327489999999767e-04
2.884248089999999834e-02 4.611789479999999744e-04
2.910236080000000100e-02 4.502723170000000222e-04
2.935405079999999986e-02 4.352317190000000078e-04
2.959800140000000065e-02 4.251867360000000182e-04
2.984229479999999865e-02 3.949704699999999867e-04
3.018899259999999890e-02 4.456654130000000128e-04
3.051020390000000124e-02 6.290535089999999951e-04
3.089627060000000106e-02 7.329161739999999698e-04
3.138918059999999677e-02 8.429925070000000159e-04
3.195240719999999784e-02 9.257464549999999941e-04
3.265194589999999980e-02 9.319743260000000170e-04
3.322803230000000163e-02 8.602935700000000378e-04
3.375519069999999983e-02 7.388583619999999691e-04
3.424241019999999663e-02 6.711282769999999797e-04
3.468343620000000072e-02 5.601452429999999620e-04
3.508497769999999877e-02 4.957386409999999487e-04
3.539481010000000011e-02 4.703214509999999854e-04
3.565389289999999767e-02 4.313984830000000136e-04
3.587850179999999695e-02 3.807746979999999861e-04
3.610174359999999971e-02 3.616881150000000118e-04
3.630655630000000078e-02 3.406189210000000033e-04
3.650783750000000105e-02 3.309271709999999788e-04
3.669023140000000210e-02 3.341578410000000201e-04
3.685954210000000342e-02 3.274532209999999948e-04
3.703067449999999927e-02 3.057887370000000166e-04
3.720749169999999773e-02 3.009853539999999736e-04
3.737520800000000004e-02 3.028983189999999849e-04
3.753222900000000029e-02 2.975813399999999924e-04
3.768936540000000085e-02 2.836959030000000105e-04
3.785195949999999726e-02 2.819805809999999897e-04
3.801102940000000013e-02 2.819805809999999897e-04
3.815792500000000226e-02 2.746602689999999851e-04
3.829446429999999735e-02 2.716196469999999788e-04
3.843862940000000034e-02 2.747247929999999832e-04
3.858847919999999765e-02 2.738947809999999730e-04
3.873309870000000293e-02 2.708273240000000207e-04
3.887555749999999782e-02 2.669063690000000118e-04
3.902085870000000095e-02 2.672107660000000136e-04
3.916866330000000340e-02 2.628398359999999752e-04
3.930986670000000127e-02 2.572982920000000144e-04
3.944253920000000135e-02 2.561580330000000133e-04
3.957657519999999846e-02 2.562145530000000098e-04
3.971425440000000279e-02 2.503462019999999838e-04
3.985249999999999904e-02 2.489147299999999925e-04
3.998528419999999861e-02 2.540148849999999850e-04
4.011522609999999822e-02 2.541512080000000225e-04
4.024937750000000258e-02 2.484580039999999962e-04
4.038409519999999753e-02 2.467548769999999814e-04
4.051972549999999923e-02 2.395334009999999954e-04
4.065307969999999715e-02 2.352379090000000111e-04
4.077494140000000045e-02 2.424857230000000046e-04
4.089555140000000061e-02 2.446670550000000044e-04
4.102401440000000288e-02 2.376779740000000058e-04
4.115111009999999903e-02 2.343377999999999911e-04
4.127285630000000066e-02 2.348392300000000084e-04
4.139335450000000000e-02 2.342730880000000124e-04
4.151533169999999801e-02 2.293320429999999967e-04
4.163775969999999882e-02 2.278269380000000029e-04
4.175507280000000099e-02 2.321978539999999889e-04
4.187215489999999984e-02 2.333147709999999916e-04
4.199140149999999738e-02 2.328167469999999984e-04
4.211690280000000147e-02 2.367022240000000110e-04
4.224752629999999759e-02 2.398607759999999865e-04
4.236631469999999761e-02 2.339005730000000077e-04
4.247668760000000016e-02 2.304799129999999976e-04
4.258887470000000119e-02 2.303430809999999882e-04
4.270448159999999660e-02 2.242618069999999871e-04
4.282600059999999709e-02 2.253145360000000043e-04
4.294683779999999840e-02 2.293911970000000122e-04
4.306198659999999762e-02 2.277551979999999988e-04
4.317725079999999716e-02 2.230328970000000090e-04
4.329524190000000328e-02 2.229647359999999883e-04
4.340948160000000083e-02 2.298816830000000120e-04
4.352178799999999875e-02 2.312172580000000047e-04
4.363818839999999977e-02 2.272264250000000053e-04
4.375401880000000243e-02 2.251410189999999967e-04
4.386916760000000165e-02 2.205148479999999962e-04
4.398761689999999835e-02 2.211283429999999993e-04
4.410685970000000067e-02 2.215061099999999974e-04
4.422383010000000003e-02 2.202791069999999888e-04
4.433579370000000075e-02 2.260478070000000001e-04
4.444377120000000264e-02 2.257364830000000030e-04
4.455232249999999811e-02 2.230759559999999895e-04
4.466621949999999980e-02 2.253336279999999900e-04
4.478341710000000031e-02 2.260938199999999948e-04
4.489776859999999870e-02 2.243519699999999939e-04
4.501530530000000252e-02 2.142500890000000003e-04
4.513807970000000003e-02 2.140455909999999979e-04
4.525778069999999986e-02 2.193964610000000127e-04
4.536826160000000108e-02 2.158012500000000067e-04
4.546987269999999692e-02 2.197920840000000021e-04
4.557671399999999734e-02 2.243758349999999896e-04
4.569652679999999800e-02 2.154440149999999868e-04
4.581907389999999997e-02 2.135693070000000077e-04
4.593262819999999885e-02 2.233597480000000068e-04
4.603992400000000290e-02 2.234279090000000005e-04
4.614995420000000265e-02 2.199087319999999983e-04
4.626339670000000071e-02 2.206890490000000082e-04
4.637729379999999679e-02 2.212591640000000125e-04
4.648903010000000197e-02 2.201645260000000004e-04
4.659973829999999873e-02 2.188342189999999913e-04
4.671465980000000240e-02 2.205800120000000119e-04
4.683197289999999763e-02 2.214592820000000066e-04
4.694541540000000263e-02 2.197551369999999938e-04
4.705407839999999758e-02 2.229663660000000074e-04
4.716387760000000096e-02 2.248068489999999978e-04
4.727800189999999819e-02 2.235670109999999926e-04
4.739110170000000039e-02 2.225058420000000084e-04
4.750204090000000046e-02 2.223158229999999929e-04
4.761400450000000117e-02 2.228631350000000134e-04
4.772710430000000337e-02 2.224830389999999975e-04
4.784566910000000173e-02 2.253145360000000043e-04
4.796377570000000257e-02 2.339247150000000079e-04
4.807073249999999770e-02 2.306527310000000065e-04
4.817780110000000060e-02 2.222325709999999912e-04
4.828987640000000081e-02 2.221941540000000020e-04
4.840161280000000038e-02 2.218140730000000074e-04
4.851346089999999944e-02 2.217456490000000076e-04
4.862679169999999801e-02 2.190851369999999884e-04
4.874091600000000218e-02 2.183057950000000128e-04
4.885378850000000189e-02 2.182439489999999933e-04
4.896802830000000079e-02 2.193346299999999875e-04
