-4.556188359999999854e-02 2.239670279999999886e-04
-4.550534860000000209e-02 1.973586620000000009e-04
-4.542346299999999726e-02 2.027516019999999906e-04
-4.533386229999999961e-02 2.047955499999999911e-04
-4.524743559999999665e-02 2.039121610000000024e-04
-4.516131799999999891e-02 2.027595330000000128e-04
-4.507476459999999741e-02 2.025839790000000132e-04
-4.498725010000000080e-02 1.997549990000000049e-04
-4.489750039999999831e-02 2.000814709999999992e-04
-4.480355979999999655e-02 1.939970829999999999e-04
-4.470397899999999786e-02 1.949311260000000058e-04
-4.460487140000000267e-02 1.983080579999999980e-04
-4.450946299999999911e-02 1.975754860000000009e-04
-4.441723969999999966e-02 2.008419979999999936e-04
-4.432524739999999658e-02 2.018859669999999943e-04
-4.422903809999999963e-02 1.985327399999999866e-04
-4.413079470000000337e-02 1.985387499999999869e-04
-4.403335600000000266e-02 1.991510509999999906e-04
-4.393709819999999655e-02 1.986627469999999998e-04
-4.384119060000000317e-02 1.978895740000000125e-04
-4.374505210000000088e-02 1.974815239999999953e-04
-4.365169630000000078e-02 2.009532329999999891e-04
-4.355952889999999827e-02 2.017608640000000098e-04
-4.346114400000000016e-02 1.943963430000000120e-04
-4.335771869999999889e-02 1.947647980000000037e-04
-4.325727000000000044e-02 2.000062670000000130e-04
-4.318061100000000069e-02 1.875895250000000122e-04
-4.312132669999999696e-02 1.821155600000000125e-04
-4.302439470000000293e-02 2.024821010000000068e-04
-4.288105670000000313e-02 1.817954759999999988e-04
-4.273637379999999791e-02 1.753962280000000097e-04
-4.261645299999999859e-02 1.987589060000000086e-04
-4.251368340000000190e-02 1.969121800000000002e-04
-4.241323470000000345e-02 1.963772369999999953e-04
-4.231020810000000326e-02 1.977357900000000044e-04
-4.220673440000000110e-02 2.000087549999999919e-04
-4.210535809999999685e-02 1.995636990000000124e-04
-4.200533029999999751e-02 2.005770949999999872e-04
-4.190635680000000252e-02 2.000361269999999876e-04
-4.180822520000000014e-02 1.999272210000000100e-04
-4.170994459999999987e-02 2.002497199999999961e-04
-4.160919789999999868e-02 1.977950599999999900e-04
-4.150753840000000194e-02 1.974610500000000023e-04
-4.140738399999999847e-02 1.982981339999999976e-04
-4.130942370000000030e-02 1.972831670000000119e-04
-4.121622820000000326e-02 2.024258140000000008e-04
-4.112154249999999678e-02 2.048972669999999904e-04
-4.102080689999999807e-02 2.016669020000000042e-04
-4.091829059999999713e-02 2.018490049999999917e-04
-4.081528260000000241e-02 2.015369679999999975e-04
-4.071464760000000072e-02 2.000009259999999958e-04
-4.061517860000000285e-02 1.984181440000000040e-04
-4.051718859999999672e-02 1.969546280000000098e-04
-4.042154550000000290e-02 1.960477819999999942e-04
-4.032240809999999842e-02 1.978188959999999932e-04
-4.022002219999999684e-02 1.973073809999999954e-04
-4.011810569999999659e-02 1.965716219999999936e-04
-4.001804440000000102e-02 1.976313209999999970e-04
-3.992362690000000186e-02 1.948991119999999915e-04
-3.986659270000000171e-02 2.504587460000000073e-04
-3.982506689999999738e-02 2.611284139999999832e-04
-3.974022719999999870e-02 2.177202839999999994e-04
-3.961884599999999923e-02 2.240646719999999997e-04
-3.947758299999999665e-02 2.084855949999999878e-04
-3.935221579999999969e-02 1.930555299999999971e-04
-3.925244509999999826e-02 1.929547140000000026e-04
-3.915024920000000075e-02 1.946304549999999963e-04
-3.904672339999999686e-02 1.970572049999999879e-04
-3.894567859999999854e-02 1.964434779999999902e-04
-3.884547199999999895e-02 1.968651919999999983e-04
-3.874445330000000215e-02 1.975071649999999960e-04
-3.864448890000000275e-02 2.003071279999999951e-04
-3.854599219999999687e-02 2.004340929999999933e-04
-3.844651210000000346e-02 1.991455650000000107e-04
-3.834661100000000267e-02 1.986622809999999916e-04
-3.824709359999999697e-02 1.979578960000000134e-04
-3.814758359999999987e-02 1.979697119999999889e-04
-3.804761539999999831e-02 1.979861850000000042e-04
-3.794778879999999993e-02 1.979072689999999968e-04
-3.784688929999999868e-02 1.951402370000000070e-04
-3.774454070000000244e-02 1.950139700000000115e-04
-3.764415900000000342e-02 1.979495859999999877e-04
-3.754465650000000237e-02 1.982082899999999901e-04
-3.744474429999999909e-02 1.982486140000000029e-04
-3.734523800000000282e-02 1.982910179999999986e-04
-3.724759820000000249e-02 2.015132489999999876e-04
-3.715151919999999663e-02 2.017419169999999868e-04
-3.704967349999999798e-02 1.935169709999999912e-04
-3.694290299999999916e-02 1.935110629999999899e-04
-3.683992099999999770e-02 1.990625170000000070e-04
-3.673993799999999976e-02 1.992557369999999983e-04
-3.664024169999999941e-02 2.002710970000000129e-04
-3.658300639999999965e-02 1.749302030000000094e-04
-3.654485569999999656e-02 1.363845950000000084e-04
-3.645195810000000092e-02 1.555413470000000030e-04
-3.633143009999999923e-02 1.627619929999999987e-04
-3.619202230000000131e-02 1.766767239999999942e-04
-3.604844210000000132e-02 2.090674389999999899e-04
-3.593700009999999806e-02 2.015007919999999985e-04
-3.583267329999999945e-02 1.915332690000000066e-04
-3.571955859999999955e-02 1.932304440000000062e-04
-3.561036659999999854e-02 2.044981370000000008e-04
-3.550615530000000158e-02 2.052785280000000133e-04
-3.540096060000000322e-02 2.058149400000000031e-04
-3.529693190000000175e-02 2.055897640000000097e-04
-3.519295160000000117e-02 2.058206590000000006e-04
-3.508646790000000126e-02 2.074097870000000054e-04
-3.497833759999999931e-02 2.082933789999999962e-04
-3.487185019999999858e-02 2.076237290000000017e-04
-3.476685659999999983e-02 2.082612630000000100e-04
-3.466199710000000128e-02 2.081285639999999929e-04
-3.455686940000000235e-02 2.073260689999999954e-04
-3.445171939999999711e-02 2.073357899999999938e-04
-3.434630479999999791e-02 2.069313490000000027e-04
-3.423838690000000073e-02 2.082859859999999926e-04
-3.412853930000000341e-02 2.096226820000000055e-04
-3.402126949999999955e-02 2.085646850000000046e-04
-3.391649199999999947e-02 2.089948829999999937e-04
-3.380920739999999924e-02 2.106599859999999940e-04
-3.370025380000000320e-02 2.125027529999999924e-04
-3.359065580000000079e-02 2.132599910000000101e-04
-3.348032010000000225e-02 2.141418079999999919e-04
-3.337020050000000237e-02 2.146193150000000013e-04
-3.325942529999999925e-02 2.156674309999999926e-04
-3.315079209999999971e-02 2.147647170000000004e-04
-3.304308649999999903e-02 2.129917119999999952e-04
-3.293062370000000155e-02 2.152134980000000033e-04
-3.281809019999999688e-02 2.212629770000000095e-04
-3.272829580000000127e-02 2.095120289999999883e-04
-3.267994149999999681e-02 2.457374649999999805e-04
-3.261825069999999688e-02 2.671030519999999893e-04
-3.248948229999999715e-02 2.149675860000000067e-04
-3.232216090000000069e-02 2.192476389999999911e-04
-3.215567770000000297e-02 2.333226729999999941e-04
-3.201165420000000317e-02 2.249694660000000018e-04
-3.188604490000000041e-02 2.315420860000000087e-04
-3.176306560000000112e-02 2.323275260000000125e-04
-3.164339070000000281e-02 2.400298979999999915e-04
-3.152015810000000084e-02 2.446013679999999913e-04
-3.138912469999999982e-02 2.442980770000000154e-04
-3.126012909999999895e-02 2.432930200000000046e-04
-3.113319169999999997e-02 2.448344889999999781e-04
-3.100538070000000146e-02 2.459215759999999946e-04
-3.087671850000000065e-02 2.465842700000000012e-04
-3.074535169999999956e-02 2.484481959999999931e-04
-3.061216510000000154e-02 2.505874140000000040e-04
-3.047795030000000072e-02 2.516252570000000071e-04
-3.034413229999999989e-02 2.551843350000000048e-04
-3.020988780000000151e-02 2.570616490000000062e-04
-3.007570840000000148e-02 2.623716719999999837e-04
-2.994225359999999961e-02 2.638534930000000184e-04
-2.980345490000000166e-02 2.600552979999999777e-04
-2.965451779999999857e-02 2.647888030000000031e-04
-2.950466980000000100e-02 2.754073940000000258e-04
-2.935746310000000164e-02 2.776430920000000097e-04
-2.920969019999999916e-02 2.829096920000000247e-04
-2.905938400000000060e-02 2.859289530000000044e-04
-2.890612739999999861e-02 2.894099449999999849e-04
-2.874630499999999977e-02 2.949821060000000126e-04
-2.858263249999999991e-02 3.051754319999999861e-04
-2.841291950000000149e-02 3.125039509999999942e-04
-2.826764060000000120e-02 3.724968120000000005e-04
-2.814455700000000060e-02 3.807504249999999943e-04
-2.798993699999999946e-02 3.510126840000000244e-04
-2.778306980000000079e-02 3.711681929999999957e-04
-2.754087750000000154e-02 3.683734100000000066e-04
-2.730505910000000092e-02 3.640259380000000181e-04
-2.708333359999999870e-02 3.753759959999999809e-04
-2.686800989999999986e-02 3.756380170000000107e-04
-2.665492330000000104e-02 3.814914380000000087e-04
-2.644965050000000137e-02 3.789381880000000039e-04
-2.624491040000000164e-02 3.712513719999999909e-04
-2.604029329999999962e-02 3.684101679999999841e-04
-2.583678999999999837e-02 3.623781090000000038e-04
-2.562880140000000154e-02 3.623880620000000238e-04
-2.542307970000000014e-02 3.662743549999999742e-04
-2.522132360000000142e-02 3.657822670000000060e-04
-2.501999770000000109e-02 3.664921970000000265e-04
-2.481618149999999939e-02 3.682690150000000016e-04
-2.460762669999999944e-02 3.638626949999999947e-04
-2.439597619999999897e-02 3.641361250000000271e-04
-2.418823349999999969e-02 3.714199119999999905e-04
-2.398460729999999860e-02 3.710474700000000194e-04
-2.377653310000000034e-02 3.626951070000000157e-04
-2.356782560000000165e-02 3.605557719999999845e-04
-2.336484189999999891e-02 3.641285580000000141e-04
-2.316337270000000045e-02 3.645108369999999808e-04
-2.295800110000000005e-02 3.604119119999999767e-04
-2.274925259999999866e-02 3.609920970000000213e-04
-2.254583870000000101e-02 3.700876260000000016e-04
-2.234191630000000039e-02 3.736675719999999899e-04
-2.212909799999999982e-02 3.687535939999999962e-04
-2.190362100000000159e-02 3.740460090000000213e-04
-2.168145590000000039e-02 3.943175539999999946e-04
-2.140395339999999827e-02 4.352659450000000195e-04
-2.115070629999999882e-02 5.890008179999999894e-04
-2.100031819999999966e-02 5.828649740000000062e-04
-2.070604820000000040e-02 3.278862859999999934e-04
-2.038394290000000025e-02 2.526356550000000080e-04
-2.020204629999999835e-02 2.758782649999999884e-04
-2.004016939999999844e-02 2.722076610000000196e-04
-1.988531279999999901e-02 2.737326429999999795e-04
-1.972718719999999940e-02 2.758524499999999782e-04
-1.956609819999999972e-02 2.768691920000000001e-04
-1.940952989999999989e-02 2.748910919999999927e-04
-1.925124040000000120e-02 2.675206919999999862e-04
-1.909920949999999867e-02 2.611245439999999971e-04
-1.895473519999999953e-02 2.548987690000000016e-04
-1.881247200000000022e-02 2.513286020000000238e-04
-1.867233780000000093e-02 2.449690659999999992e-04
-1.853349990000000003e-02 2.415613850000000067e-04
-1.839664020000000150e-02 2.354773749999999877e-04
-1.826292460000000090e-02 2.317199829999999974e-04
-1.813450080000000159e-02 2.300886409999999967e-04
-1.800795460000000070e-02 2.283739449999999953e-04
-1.788280529999999868e-02 2.267748060000000126e-04
-1.775867860000000104e-02 2.255949369999999917e-04
-1.763340639999999918e-02 2.195125419999999976e-04
-1.750633310000000026e-02 2.184048210000000040e-04
-1.738104780000000044e-02 2.183137689999999987e-04
-1.726038010000000011e-02 2.152050730000000035e-04
-1.714354010000000011e-02 2.130008509999999880e-04
-1.702671310000000021e-02 2.124851159999999932e-04
-1.690826189999999896e-02 2.091223140000000001e-04
-1.679083890000000051e-02 2.073056970000000014e-04
-1.667590249999999913e-02 2.055850490000000119e-04
-1.656341370000000146e-02 2.034937499999999963e-04
-1.645375229999999911e-02 2.024047430000000081e-04
-1.634423059999999886e-02 2.016475480000000083e-04
-1.623615999999999948e-02 2.019918759999999940e-04
-1.612833329999999871e-02 2.022406989999999869e-04
-1.601729539999999924e-02 1.975970519999999944e-04
-1.590621470000000079e-02 1.959456420000000047e-04
-1.579791120000000049e-02 1.967048160000000115e-04
-1.569072900000000048e-02 1.963163670000000062e-04
-1.558375359999999987e-02 1.948146239999999955e-04
-1.547724290000000030e-02 1.939942740000000026e-04
-1.537206680000000047e-02 1.939439239999999904e-04
-1.526581779999999951e-02 1.942985109999999932e-04
-1.515913290000000038e-02 1.945887340000000091e-04
-1.507708989999999999e-02 1.801923209999999899e-04
-1.502898610000000072e-02 1.974614719999999966e-04
-1.496247669999999953e-02 2.147030460000000135e-04
-1.485159529999999922e-02 1.878834589999999990e-04
-1.471452409999999926e-02 1.939739449999999994e-04
-1.457124859999999952e-02 2.005311110000000121e-04
-1.444799729999999942e-02 1.905841780000000105e-04
-1.433886120000000056e-02 1.865898520000000094e-04
-1.422801150000000021e-02 1.864278889999999942e-04
-1.412020159999999996e-02 1.910233840000000009e-04
-1.401599780000000080e-02 1.905215760000000032e-04
-1.391193550000000001e-02 1.900695640000000088e-04
-1.380798220000000083e-02 1.898519109999999874e-04
-1.370487360000000043e-02 1.899177880000000001e-04
-1.360020129999999980e-02 1.908818089999999971e-04
-1.349373350000000055e-02 1.905620879999999967e-04
-1.338702249999999989e-02 1.903252119999999980e-04
-1.328089650000000010e-02 1.906805259999999960e-04
-1.317590010000000041e-02 1.903851080000000030e-04
-1.307222809999999957e-02 1.924829410000000122e-04
-1.296717210000000037e-02 1.940832150000000133e-04
-1.285946649999999969e-02 1.933623719999999870e-04
-1.275172549999999995e-02 1.931237929999999898e-04
-1.264440080000000036e-02 1.931547740000000117e-04
-1.253673899999999987e-02 1.930962750000000082e-04
-1.243092590000000053e-02 1.960411320000000034e-04
-1.232871599999999998e-02 1.952029119999999936e-04
-1.222410150000000084e-02 1.888894180000000105e-04
-1.212809609999999927e-02 1.814538700000000056e-04
-1.205649320000000066e-02 2.021726539999999905e-04
-1.197726089999999986e-02 2.142090229999999980e-04
-1.185298520000000085e-02 1.717483100000000043e-04
-1.170107440000000068e-02 1.730764779999999952e-04
-1.156343330000000023e-02 2.005956339999999871e-04
-1.144543100000000070e-02 1.984129340000000054e-04
-1.133109820000000045e-02 1.985293199999999913e-04
-1.121612450000000066e-02 1.992173929999999885e-04
-1.110119189999999971e-02 2.019378010000000127e-04
-1.098757889999999945e-02 2.021461109999999890e-04
-1.087420620000000004e-02 2.023359849999999875e-04
-1.076190169999999974e-02 2.017618830000000038e-04
-1.065064779999999947e-02 2.019207900000000058e-04
-1.053804719999999924e-02 2.027878649999999945e-04
-1.042226419999999973e-02 1.998813240000000126e-04
-1.030714809999999995e-02 1.981526000000000110e-04
-1.019471050000000066e-02 1.978686490000000056e-04
-1.008461700000000058e-02 1.966245329999999911e-04
-9.973765350000000224e-03 1.926222899999999931e-04
-9.863931689999999239e-03 1.905824030000000016e-04
-9.756701070000000156e-03 1.884955129999999867e-04
-9.650979190000000610e-03 1.868366959999999953e-04
-9.546753019999999756e-03 1.847265520000000098e-04
-9.444387630000000353e-03 1.825938529999999982e-04
-9.342973120000000464e-03 1.783105540000000009e-04
-9.244805199999999237e-03 1.750647060000000009e-04
-9.149224500000000676e-03 1.703652229999999893e-04
-9.055044499999999677e-03 1.678304110000000085e-04
-8.963391180000000388e-03 1.656113889999999878e-04
-8.874783290000000380e-03 1.629900649999999941e-04
-8.800330570000000630e-03 1.786989309999999958e-04
-8.744330150000000079e-03 1.732606759999999870e-04
-8.682440039999999443e-03 1.483187080000000020e-04
-8.588147350000000305e-03 1.585780989999999960e-04
-8.474835190000000115e-03 1.554463959999999919e-04
-8.374260740000000203e-03 1.468862610000000034e-04
-8.288593959999999983e-03 1.484561800000000020e-04
-8.204628710000000033e-03 1.480146459999999897e-04
-8.119768459999999327e-03 1.447070100000000096e-04
-8.038278669999999321e-03 1.414898139999999865e-04
-7.960930470000000467e-03 1.394707360000000047e-04
-7.886544800000000813e-03 1.367753870000000028e-04
-7.814223880000000302e-03 1.327645589999999938e-04
-7.738398849999999704e-03 1.336013960000000003e-04
-7.661317939999999667e-03 1.338363650000000025e-04
-7.586665450000000185e-03 1.324664340000000025e-04
-7.513643710000000170e-03 1.318631110000000116e-04
-7.442699750000000142e-03 1.304045869999999926e-04
-7.373438220000000376e-03 1.286471089999999880e-04
-7.304904049999999885e-03 1.275770340000000015e-04
-7.236415050000000182e-03 1.246801840000000023e-04
-7.167333740000000203e-03 1.238204420000000130e-04
-7.098903880000000111e-03 1.225488959999999905e-04
-7.030918730000000269e-03 1.219893890000000046e-04
-6.964491679999999622e-03 1.234857050000000029e-04
-6.900758950000000433e-03 1.224125439999999875e-04
-6.836674640000000094e-03 1.183685739999999992e-04
-6.771195679999999703e-03 1.177512240000000042e-04
-6.706511600000000274e-03 1.173636849999999947e-04
-6.659417410000000037e-03 1.065233009999999998e-04
-6.628557109999999759e-03 1.034531520000000029e-04
-6.577453110000000026e-03 1.146280340000000006e-04
-6.497973110000000198e-03 9.849185150000000207e-05
-6.412729619999999950e-03 9.612106080000000041e-05
-6.340388669999999678e-03 1.113783730000000036e-04
-6.277633829999999630e-03 1.111503589999999933e-04
-6.215564909999999645e-03 1.112239989999999948e-04
-6.157072260000000241e-03 1.091005980000000049e-04
-6.099668800000000203e-03 1.050217470000000064e-04
-6.039046680000000056e-03 1.053380840000000033e-04
-5.979293029999999988e-03 1.076817499999999995e-04
-5.922522860000000409e-03 1.068789719999999944e-04
-5.866066550000000046e-03 1.055661629999999978e-04
-5.809823520000000074e-03 1.049678829999999951e-04
-5.754163950000000180e-03 1.038711559999999954e-04
-5.699423609999999633e-03 1.029238559999999986e-04
-5.645946599999999982e-03 1.024026060000000042e-04
-5.592113830000000271e-03 1.022877330000000035e-04
-5.537518299999999623e-03 1.007135580000000026e-04
-5.482968409999999619e-03 1.002562199999999988e-04
-5.429352170000000324e-03 1.005393419999999963e-04
-5.376521500000000162e-03 1.001709750000000053e-04
-5.323516670000000284e-03 9.922980830000000668e-05
-5.270849910000000027e-03 9.869084900000000117e-05
-5.218922160000000199e-03 9.804365250000000463e-05
-5.167564839999999604e-03 9.746746220000000076e-05
-5.116817079999999747e-03 9.688422139999999360e-05
-5.066274669999999876e-03 9.641814539999999376e-05
-5.016143899999999690e-03 9.582013440000000041e-05
-4.966415929999999819e-03 9.549346580000000020e-05
-4.916455129999999611e-03 9.455295369999999343e-05
-4.867063369999999854e-03 9.387381579999999615e-05
-4.818479530000000129e-03 9.297085490000000661e-05
-4.770049830000000317e-03 9.255301119999999966e-05
-4.725338889999999847e-03 9.760263489999999702e-05
-4.693203610000000123e-03 9.175406009999999843e-05
-4.668007600000000264e-03 8.704177159999999423e-05
-4.627450830000000119e-03 9.467889319999999646e-05
-4.567080640000000316e-03 8.295328729999999664e-05
-4.503074099999999740e-03 8.090013580000000350e-05
-4.448147960000000019e-03 9.062005120000000589e-05
-4.400772970000000305e-03 8.960531700000000062e-05
-4.354131409999999897e-03 8.765987149999999604e-05
-4.306953869999999643e-03 8.728179089999999884e-05
-4.260021259999999949e-03 8.664042250000000302e-05
-4.213854199999999585e-03 8.583064479999999766e-05
-4.169709510000000306e-03 8.695824359999999756e-05
-4.126393239999999810e-03 8.698464809999999681e-05
-4.081739109999999587e-03 8.515367519999999905e-05
-4.036961119999999889e-03 8.456910289999999971e-05
-3.992659970000000426e-03 8.341229840000000193e-05
-3.948603289999999891e-03 8.284866640000000529e-05
-3.905222290000000002e-03 8.241074099999999905e-05
-3.861702050000000077e-03 8.233680269999999412e-05
-3.818578320000000012e-03 8.279409669999999760e-05
-3.775979389999999797e-03 8.253024859999999897e-05
-3.733324589999999915e-03 8.171210360000000445e-05
-3.690822979999999840e-03 8.143686140000000603e-05
-3.648065959999999882e-03 8.054983480000000510e-05
-3.605993699999999851e-03 7.982074019999999893e-05
-3.564836689999999891e-03 7.901273059999999488e-05
-3.523146269999999792e-03 7.904272209999999976e-05
-3.481504270000000071e-03 7.920742789999999484e-05
-3.440465780000000109e-03 7.879584880000000627e-05
-3.399632640000000133e-03 7.800340970000000523e-05
-3.359261430000000121e-03 7.754746179999999522e-05
-3.319154730000000060e-03 7.672311770000000519e-05
-3.278899239999999958e-03 7.651461059999999786e-05
-3.245071970000000007e-03 8.695563879999999477e-05
-3.216772340000000063e-03 8.739340409999999835e-05
-3.179126650000000005e-03 7.270763310000000353e-05
-3.131474369999999799e-03 7.343659670000000461e-05
-3.085722910000000211e-03 7.863542120000000337e-05
-3.044895589999999964e-03 7.744089820000000363e-05
-3.004490629999999936e-03 7.484391239999999598e-05
-2.964119189999999977e-03 7.399178869999999358e-05
-2.925206440000000050e-03 7.432942950000000432e-05
-2.887047590000000035e-03 7.400015599999999630e-05
-2.849357900000000152e-03 7.358354920000000174e-05
-2.812056570000000168e-03 7.319988800000000418e-05
-2.775051399999999870e-03 7.262826689999999524e-05
-2.737790810000000161e-03 7.247657049999999923e-05
-2.700102050000000031e-03 7.134944460000000165e-05
-2.662709220000000071e-03 7.086361439999999494e-05
-2.626294500000000108e-03 7.114095930000000480e-05
-2.590312390000000173e-03 7.098179780000000332e-05
-2.554188949999999878e-03 7.057013860000000414e-05
-2.517886930000000183e-03 7.052974980000000361e-05
-2.481549750000000033e-03 7.008988899999999778e-05
-2.445377639999999925e-03 6.983248749999999502e-05
-2.409655599999999901e-03 6.986930379999999974e-05
-2.374632050000000019e-03 6.936849239999999615e-05
-2.340302340000000210e-03 6.913543619999999712e-05
-2.305764939999999791e-03 6.927027429999999680e-05
-2.270116009999999934e-03 6.805200249999999508e-05
-2.234506649999999824e-03 6.758995730000000562e-05
-2.199730139999999876e-03 6.743494300000000478e-05
-2.165204380000000216e-03 6.722845860000000329e-05
-2.131247189999999851e-03 6.760437099999999329e-05
-2.097469990000000190e-03 6.753962949999999692e-05
-2.063426890000000062e-03 6.691914310000000366e-05
-2.029647119999999829e-03 6.662931260000000508e-05
-1.995858269999999882e-03 6.581076009999999900e-05
-1.962181649999999913e-03 6.544794450000000579e-05
-1.929380120000000025e-03 6.614485030000000231e-05
-1.897230740000000046e-03 6.600422780000000076e-05
-1.864360650000000024e-03 6.416148240000000278e-05
-1.830692400000000003e-03 6.397801920000000496e-05
-1.797477709999999998e-03 6.422604199999999957e-05
-1.764485849999999955e-03 6.409348860000000237e-05
-1.731808530000000096e-03 6.425171159999999986e-05
-1.700079069999999894e-03 6.382773430000000673e-05
-1.668340290000000069e-03 6.287311410000000276e-05
-1.642568970000000093e-03 5.894079369999999862e-05
-1.623130520000000063e-03 5.835367120000000058e-05
-1.594866859999999938e-03 6.344801659999999976e-05
-1.555402879999999953e-03 5.889444220000000123e-05
-1.515612940000000096e-03 5.736613089999999937e-05
-1.480971109999999974e-03 6.172225400000000450e-05
-1.449158070000000024e-03 6.167359970000000377e-05
-1.417248859999999892e-03 6.137891609999999813e-05
-1.385770039999999984e-03 6.101471440000000188e-05
-1.354736739999999910e-03 6.097398730000000194e-05
-1.323908799999999998e-03 6.083640260000000094e-05
-1.293462700000000019e-03 6.085965290000000261e-05
-1.263145239999999931e-03 6.079059309999999946e-05
-1.232364909999999949e-03 5.982561920000000047e-05
-1.201467469999999973e-03 5.946719830000000149e-05
-1.171256880000000030e-03 5.961953500000000312e-05
-1.141438380000000044e-03 5.952014540000000246e-05
-1.111502760000000105e-03 5.927286470000000244e-05
-1.081814290000000095e-03 5.903519920000000067e-05
-1.052326520000000003e-03 5.848489309999999882e-05
-1.022506970000000093e-03 5.848629010000000033e-05
-9.926316560000000930e-04 5.839715960000000137e-05
-9.631194989999999770e-04 5.806766419999999775e-05
-9.339021050000000318e-04 5.764661180000000092e-05
-9.049260409999999605e-04 5.742906070000000060e-05
-8.761460189999999886e-04 5.715171569999999928e-05
-8.473265920000000451e-04 5.707526000000000282e-05
-8.183934839999999593e-04 5.688813689999999793e-05
-7.895705639999999869e-04 5.675477220000000076e-05
-7.610992179999999949e-04 5.675476860000000295e-05
-7.328820069999999933e-04 5.660199889999999678e-05
-7.047042019999999593e-04 5.624352710000000332e-05
-6.763953130000000414e-04 5.611680539999999788e-05
-6.481270539999999707e-04 5.583422170000000020e-05
-6.201778310000000084e-04 5.561736910000000063e-05
-5.923609130000000384e-04 5.523601429999999745e-05
-5.646704230000000168e-04 5.502263960000000034e-05
-5.370484430000000038e-04 5.475067160000000112e-05
-5.095413070000000396e-04 5.458354640000000240e-05
-4.822476769999999979e-04 5.426770439999999954e-05
-4.551211019999999805e-04 5.405355109999999784e-05
-4.280989819999999994e-04 5.363306989999999951e-05
-4.010814880000000194e-04 5.340618740000000126e-05
-3.757696540000000159e-04 5.561053329999999731e-05
-3.518722080000000175e-04 5.563138620000000230e-05
-3.256158670000000241e-04 5.196601710000000164e-05
-2.975993559999999950e-04 5.169979700000000106e-05
-2.704542420000000049e-04 5.221328320000000038e-05
-2.442292459999999884e-04 5.184496690000000061e-05
-2.183500040000000060e-04 5.139930000000000101e-05
-1.926900590000000081e-04 5.103784130000000148e-05
-1.672424550000000071e-04 5.039044479999999773e-05
-1.423216160000000000e-04 4.991086460000000133e-05
-1.176804139999999973e-04 4.904608069999999773e-05
-9.363676509999999348e-05 4.837606320000000122e-05
-6.977992599999999690e-05 4.700495630000000257e-05
-4.629321849999999981e-05 4.629250539999999777e-05
-2.339361889999999947e-05 4.509366040000000196e-05
-1.111242509999999936e-07 4.489922500000000040e-05
2.254597169999999920e-05 4.538439320000000281e-05
4.591549080000000330e-05 4.593074119999999923e-05
6.930821109999999656e-05 4.739098950000000208e-05
9.292719190000000011e-05 4.811530740000000221e-05
1.172551129999999971e-04 4.913170409999999841e-05
1.418243769999999872e-04 4.964377149999999931e-05
1.667046020000000019e-04 5.036273800000000211e-05
1.917321930000000013e-04 5.071017589999999713e-05
2.170927910000000117e-04 5.111909919999999696e-05
2.428490989999999893e-04 5.143369340000000252e-05
2.687991650000000040e-04 5.198239520000000178e-05
2.947863540000000013e-04 5.227229120000000291e-05
3.210625149999999988e-04 5.279535980000000009e-05
3.474210389999999996e-04 5.303369840000000111e-05
3.738480450000000125e-04 5.338252589999999874e-05
4.004630029999999789e-04 5.362112280000000034e-05
4.273344240000000118e-04 5.385560870000000302e-05
4.546733979999999838e-04 5.414679249999999747e-05
4.831320839999999847e-04 5.309436160000000071e-05
5.128114140000000331e-04 5.351908110000000023e-05
5.412689639999999653e-04 5.672435149999999920e-05
5.666922659999999549e-04 5.606329070000000300e-05
5.916967640000000452e-04 5.513715220000000320e-05
6.181168140000000430e-04 5.565019820000000235e-05
6.453304670000000343e-04 5.554555169999999945e-05
6.729816089999999650e-04 5.569495619999999736e-05
7.007394449999999842e-04 5.593020249999999875e-05
7.285448960000000208e-04 5.611927549999999951e-05
7.564872500000000000e-04 5.641591630000000165e-05
7.846535300000000070e-04 5.665712520000000166e-05
8.131818609999999807e-04 5.693916320000000060e-05
8.416486670000000074e-04 5.700410840000000025e-05
8.700191969999999508e-04 5.713006979999999844e-05
8.985625459999999802e-04 5.727936879999999777e-05
9.271813909999999676e-04 5.756811879999999734e-05
9.559835310000000313e-04 5.770352439999999945e-05
9.849736229999999943e-04 5.776571200000000107e-05
1.014094799999999946e-03 5.794505339999999976e-05
1.043371510000000099e-03 5.840416630000000079e-05
1.072717830000000094e-03 5.861196039999999754e-05
1.101984060000000057e-03 5.910225080000000103e-05
1.131157509999999953e-03 5.922294439999999853e-05
1.160528280000000046e-03 5.922875789999999796e-05
1.190233040000000016e-03 5.935071390000000083e-05
1.220080649999999911e-03 5.945107479999999910e-05
1.249920110000000062e-03 5.956298989999999981e-05
1.279824529999999986e-03 5.976524699999999682e-05
1.309904150000000024e-03 5.994319870000000143e-05
1.341649909999999930e-03 5.788288760000000183e-05
1.379235529999999973e-03 6.065305209999999732e-05
1.417098450000000035e-03 6.765669239999999671e-05
1.445889010000000075e-03 6.464184120000000377e-05
1.470355079999999910e-03 6.346624290000000505e-05
1.496787880000000027e-03 6.431221119999999724e-05
1.525875529999999938e-03 6.224920800000000216e-05
1.556327570000000035e-03 6.232219309999999679e-05
1.587090659999999950e-03 6.224307440000000243e-05
1.618273670000000075e-03 6.246647540000000039e-05
1.649437010000000085e-03 6.288506850000000258e-05
1.680674610000000005e-03 6.308041339999999526e-05
1.712218630000000028e-03 6.311141620000000054e-05
1.744191860000000004e-03 6.329395549999999567e-05
1.776175459999999959e-03 6.378257970000000539e-05
1.808109229999999967e-03 6.401474820000000344e-05
1.840244979999999982e-03 6.456678970000000444e-05
1.872374790000000096e-03 6.476252749999999384e-05
1.904624169999999915e-03 6.486329950000000149e-05
1.937178780000000039e-03 6.508305519999999368e-05
1.970159119999999927e-03 6.498228319999999958e-05
2.003365889999999920e-03 6.499289880000000657e-05
2.036131449999999989e-03 6.575648149999999907e-05
2.068839270000000057e-03 6.608527469999999910e-05
2.101913559999999889e-03 6.638769990000000312e-05
2.135145709999999950e-03 6.659136850000000468e-05
2.168772509999999931e-03 6.675206529999999985e-05
2.202790000000000043e-03 6.704546829999999424e-05
2.236881989999999973e-03 6.748343729999999431e-05
2.270947210000000185e-03 6.753273190000000066e-05
2.304857129999999914e-03 6.792800560000000082e-05
2.338806399999999834e-03 6.818589459999999363e-05
2.375402249999999851e-03 6.450677029999999648e-05
2.420000729999999961e-03 6.797334940000000238e-05
2.466674890000000210e-03 7.440631449999999571e-05
2.503406489999999898e-03 7.076511250000000204e-05
2.530239520000000190e-03 7.688893669999999467e-05
2.554610599999999898e-03 7.761309830000000676e-05
2.584219210000000041e-03 7.087689299999999984e-05
2.619021110000000017e-03 7.147708669999999667e-05
2.654988090000000127e-03 7.120023660000000462e-05
2.690637249999999932e-03 7.100698709999999562e-05
2.726150440000000078e-03 7.096408809999999920e-05
2.762087390000000052e-03 7.120315419999999351e-05
2.797875549999999985e-03 7.184654529999999516e-05
2.833914710000000076e-03 7.222886050000000427e-05
2.870343390000000203e-03 7.263969749999999825e-05
2.907561139999999787e-03 7.316109990000000166e-05
2.945294140000000085e-03 7.375048880000000483e-05
2.982597799999999865e-03 7.380470200000000046e-05
3.019873519999999832e-03 7.428117529999999594e-05
3.057511519999999827e-03 7.467110120000000335e-05
3.095674789999999961e-03 7.459552580000000221e-05
3.134012460000000153e-03 7.467296380000000653e-05
3.172209489999999830e-03 7.512255980000000547e-05
3.210657280000000190e-03 7.533154710000000221e-05
3.249187259999999997e-03 7.577548970000000438e-05
3.287893719999999791e-03 7.614320929999999913e-05
3.326495640000000104e-03 7.733555689999999604e-05
3.365181389999999818e-03 7.781588649999999444e-05
3.405092279999999937e-03 7.740242290000000076e-05
3.445525190000000171e-03 7.756837289999999534e-05
3.485671479999999899e-03 7.821175680000000136e-05
3.525729760000000015e-03 7.839035969999999650e-05
3.565753110000000059e-03 7.894459850000000228e-05
3.606553890000000102e-03 7.950163129999999751e-05
3.654853909999999841e-03 6.859697169999999587e-05
3.715959840000000129e-03 7.244100560000000318e-05
3.776089060000000028e-03 8.502195850000000333e-05
3.815113330000000167e-03 7.690172790000000098e-05
3.838377310000000084e-03 8.032409100000000100e-05
3.867734219999999831e-03 8.521950080000000581e-05
3.906540570000000337e-03 8.303546930000000486e-05
3.947518770000000080e-03 8.344156959999999559e-05
3.989032939999999708e-03 8.367231199999999457e-05
4.031053280000000336e-03 8.417210479999999711e-05
4.074185160000000361e-03 8.402662929999999352e-05
4.117912149999999882e-03 8.433325269999999768e-05
4.161604680000000056e-03 8.492237980000000069e-05
4.205115609999999886e-03 8.502563290000000667e-05
4.248281480000000269e-03 8.588994389999999441e-05
4.292285540000000295e-03 8.658600559999999734e-05
4.336798099999999816e-03 8.767043619999999500e-05
4.381606819999999888e-03 8.835583139999999647e-05
4.427204369999999944e-03 8.894525669999999785e-05
4.472598900000000245e-03 8.903632259999999640e-05
4.518119620000000253e-03 8.941471609999999829e-05
4.563823810000000071e-03 8.966260790000000135e-05
4.609299360000000158e-03 9.039320140000000302e-05
4.655572119999999703e-03 9.101004250000000405e-05
4.702682609999999860e-03 9.132839480000000106e-05
4.750113470000000108e-03 9.175798189999999712e-05
4.798003940000000050e-03 9.218561170000000521e-05
4.845601510000000292e-03 9.216475880000000022e-05
4.892506639999999636e-03 9.361056439999999575e-05
4.939694889999999595e-03 9.430330829999999888e-05
4.987824239999999985e-03 9.430330829999999888e-05
5.047047049999999618e-03 1.009735419999999997e-04
5.119681820000000251e-03 9.710158339999999872e-05
5.180190319999999904e-03 8.829483699999999483e-05
5.221785050000000289e-03 9.538442830000000590e-05
5.258388820000000317e-03 9.507231880000000326e-05
5.294975359999999805e-03 9.460652650000000552e-05
5.338212010000000125e-03 9.842254079999999722e-05
5.387715999999999859e-03 9.821906130000000441e-05
5.438943390000000079e-03 9.918182330000000413e-05
5.490452520000000357e-03 1.013852310000000045e-04
5.541529039999999739e-03 1.017788670000000054e-04
5.593322220000000386e-03 1.016778549999999945e-04
5.645195950000000094e-03 1.018273029999999948e-04
5.697075279999999978e-03 1.022318100000000067e-04
5.750268230000000168e-03 1.031646680000000043e-04
5.804771089999999877e-03 1.039638520000000046e-04
5.859570579999999994e-03 1.044343519999999995e-04
5.914328620000000071e-03 1.054130039999999995e-04
5.969435910000000199e-03 1.058287819999999962e-04
6.024257750000000348e-03 1.074604010000000014e-04
6.079613700000000009e-03 1.085114270000000065e-04
6.136592480000000425e-03 1.087290949999999951e-04
6.193120029999999755e-03 1.085372420000000032e-04
6.249416619999999950e-03 1.087964120000000002e-04
6.306757680000000393e-03 1.095202239999999944e-04
6.364473140000000140e-03 1.104891849999999981e-04
6.422332489999999991e-03 1.109245200000000064e-04
6.479975300000000334e-03 1.124961709999999960e-04
6.539246999999999768e-03 1.138825540000000004e-04
6.599871440000000186e-03 1.154803899999999991e-04
6.679147950000000403e-03 1.273836819999999955e-04
6.770642010000000287e-03 1.405973600000000074e-04
6.839033680000000323e-03 1.315089320000000048e-04
6.889590059999999884e-03 1.354894190000000096e-04
6.932213900000000310e-03 1.321525629999999911e-04
6.977702490000000334e-03 1.180987670000000048e-04
7.036321800000000168e-03 1.207680029999999945e-04
7.098785600000000022e-03 1.217652020000000032e-04
7.162976540000000163e-03 1.233229700000000096e-04
7.228700910000000063e-03 1.255659739999999923e-04
7.294508629999999980e-03 1.264304300000000105e-04
7.360463499999999985e-03 1.281067229999999940e-04
7.426514759999999944e-03 1.287680930000000056e-04
7.493399080000000094e-03 1.292138189999999913e-04
7.562476210000000296e-03 1.305101909999999913e-04
7.633227850000000314e-03 1.313306269999999930e-04
7.703162730000000062e-03 1.313118559999999985e-04
7.772677579999999822e-03 1.319571459999999965e-04
7.843025030000000744e-03 1.326891069999999956e-04
7.913339880000000090e-03 1.352814000000000089e-04
7.985093630000000484e-03 1.370872780000000112e-04
8.058307690000000509e-03 1.391511609999999900e-04
8.133571589999999407e-03 1.411269040000000100e-04
8.210632949999999500e-03 1.436132440000000097e-04
8.285834449999999671e-03 1.431925479999999996e-04
8.360202420000000662e-03 1.434236910000000025e-04
8.436061439999999884e-03 1.445935780000000108e-04
8.512814529999999241e-03 1.469030539999999869e-04
8.591447029999999332e-03 1.488719139999999984e-04
8.672232740000000717e-03 1.501838850000000096e-04
8.755630809999999722e-03 1.522265959999999927e-04
8.846119980000000799e-03 1.460562780000000129e-04
8.947654629999999415e-03 1.502443629999999930e-04
9.039491420000000249e-03 1.780251329999999875e-04
9.105096570000000347e-03 1.725239270000000107e-04
9.171204639999999686e-03 1.570411840000000131e-04
9.252701889999999374e-03 1.606823639999999998e-04
9.338951669999999775e-03 1.622714479999999907e-04
9.426376780000000552e-03 1.635502410000000038e-04
9.514291770000000634e-03 1.662846480000000084e-04
9.603807699999999600e-03 1.679961570000000051e-04
9.694027710000000658e-03 1.715813999999999968e-04
9.787563230000000808e-03 1.750855150000000106e-04
9.883959779999999806e-03 1.800455939999999998e-04
9.981445970000000709e-03 1.824882639999999938e-04
1.008168790000000051e-02 1.853727739999999971e-04
1.018449849999999990e-02 1.879692569999999918e-04
1.028810630000000052e-02 1.931357400000000110e-04
1.039430310000000017e-02 1.962740209999999956e-04
1.050261039999999917e-02 2.014813649999999960e-04
1.061510669999999983e-02 2.061310370000000102e-04
1.073159090000000079e-02 2.123971060000000028e-04
1.084785159999999971e-02 2.145248869999999875e-04
1.096735339999999927e-02 2.158398270000000071e-04
1.108820179999999919e-02 2.171395319999999977e-04
1.120895709999999990e-02 2.200657910000000119e-04
1.132848210000000043e-02 2.203797049999999869e-04
1.144845130000000065e-02 2.205095220000000003e-04
1.156991159999999977e-02 2.211418320000000119e-04
1.169334910000000005e-02 2.196466960000000013e-04
1.181649979999999968e-02 2.192303219999999872e-04
1.193956659999999975e-02 2.190220690000000000e-04
1.206178500000000021e-02 2.184531479999999952e-04
1.218190509999999942e-02 2.195170669999999956e-04
1.229951250000000003e-02 2.183896580000000125e-04
1.241733689999999918e-02 2.148975039999999912e-04
1.253626499999999956e-02 2.140044820000000048e-04
1.265528330000000035e-02 2.114266540000000073e-04
1.277158320000000048e-02 2.091542989999999947e-04
1.288638079999999964e-02 2.053518549999999916e-04
1.300066520000000073e-02 2.036717490000000111e-04
1.311244720000000023e-02 2.039243119999999945e-04
1.322455330000000054e-02 2.042225099999999923e-04
1.333688669999999986e-02 2.038775710000000085e-04
1.345247310000000085e-02 2.054172799999999944e-04
1.357826500000000082e-02 1.927810660000000035e-04
1.371853609999999953e-02 1.971672750000000036e-04
1.386159839999999942e-02 2.046873120000000006e-04
1.397409099999999925e-02 1.890866839999999895e-04
1.405335310000000067e-02 2.018208469999999925e-04
1.413808859999999938e-02 2.096858369999999986e-04
1.424106770000000029e-02 2.003643890000000123e-04
1.434847340000000061e-02 1.996702340000000044e-04
1.445466750000000064e-02 1.997652140000000080e-04
1.456079449999999990e-02 1.994823540000000071e-04
1.466622759999999977e-02 1.998733639999999978e-04
1.477152670000000077e-02 2.002028630000000128e-04
1.488003509999999939e-02 1.965135310000000132e-04
1.498955859999999939e-02 1.958041390000000114e-04
1.509707509999999933e-02 1.964165129999999944e-04
1.520387829999999933e-02 1.962086099999999910e-04
1.531028379999999946e-02 1.962957899999999911e-04
1.541623750000000077e-02 1.957832140000000045e-04
1.552066300000000051e-02 1.969295840000000089e-04
1.562651060000000078e-02 1.984574769999999922e-04
1.573550140000000083e-02 1.982064420000000018e-04
1.584478649999999933e-02 1.983059769999999920e-04
1.595248100000000099e-02 2.004706180000000073e-04
1.605794580000000082e-02 1.999097290000000006e-04
1.616287049999999906e-02 1.992527980000000055e-04
1.626720840000000015e-02 1.983899559999999891e-04
1.637221690000000007e-02 1.949045840000000003e-04
1.647895019999999836e-02 1.949469879999999960e-04
1.658521779999999959e-02 1.958349889999999875e-04
1.669158969999999867e-02 1.962172970000000010e-04
1.679874959999999931e-02 1.966964919999999875e-04
1.690598949999999948e-02 1.969281149999999969e-04
1.701192740000000148e-02 1.989842860000000000e-04
1.711786350000000026e-02 1.997244979999999895e-04
1.722444780000000064e-02 2.006972939999999972e-04
1.733291710000000110e-02 2.018970260000000131e-04
1.744311490000000076e-02 2.023704289999999956e-04
1.755259929999999913e-02 2.023836280000000014e-04
1.766279340000000142e-02 2.019935350000000057e-04
1.777546110000000068e-02 2.033528139999999870e-04
1.788692180000000034e-02 2.083604189999999968e-04
1.802361939999999954e-02 2.253370480000000124e-04
1.818703669999999911e-02 2.278660389999999966e-04
1.832553190000000068e-02 2.134937239999999908e-04
1.842683369999999904e-02 2.355818290000000008e-04
1.851109420000000144e-02 2.336292380000000066e-04
1.860079359999999848e-02 2.200311430000000059e-04
1.870686749999999829e-02 2.249341339999999913e-04
1.882207950000000171e-02 2.224826749999999883e-04
1.894517240000000158e-02 2.263392959999999988e-04
1.907382720000000073e-02 2.277636670000000125e-04
1.920757819999999866e-02 2.310060519999999993e-04
1.934163090000000015e-02 2.395385089999999950e-04
1.947206820000000130e-02 2.407536089999999962e-04
1.960331759999999965e-02 2.427684519999999868e-04
1.973904859999999969e-02 2.461787369999999826e-04
1.987911570000000169e-02 2.493479699999999965e-04
2.002307589999999943e-02 2.528533509999999931e-04
2.016926180000000110e-02 2.579016149999999782e-04
2.031891980000000153e-02 2.618070580000000079e-04
2.047051119999999946e-02 2.694250429999999938e-04
2.062871490000000099e-02 2.757422039999999882e-04
2.079108539999999922e-02 2.863752020000000145e-04
2.096157889999999968e-02 2.954389199999999825e-04
2.114248089999999983e-02 3.043905019999999773e-04
2.131890319999999936e-02 3.049676890000000209e-04
2.149749550000000162e-02 3.017391140000000110e-04
2.168235179999999929e-02 3.043427419999999973e-04
2.186196860000000006e-02 3.203267119999999831e-04
2.220950090000000168e-02 4.262120929999999855e-04
2.268644239999999951e-02 5.048277669999999811e-04
2.302796949999999856e-02 4.525030669999999906e-04
2.329678459999999854e-02 4.297459670000000251e-04
2.355103190000000166e-02 4.128300929999999974e-04
2.378874460000000163e-02 3.916815909999999757e-04
2.402080599999999871e-02 3.806705940000000110e-04
2.423912849999999841e-02 3.730293539999999771e-04
2.446043679999999887e-02 3.715400230000000270e-04
2.468260749999999851e-02 3.661105000000000110e-04
2.491351400000000119e-02 3.698731890000000046e-04
2.513660300000000042e-02 3.932751419999999795e-04
2.536017449999999895e-02 4.020086779999999783e-04
2.559512109999999979e-02 4.088299759999999882e-04
2.582767979999999949e-02 4.098979990000000155e-04
2.606440709999999911e-02 4.042974029999999840e-04
2.629666589999999846e-02 3.990322000000000248e-04
2.652555150000000111e-02 3.901797170000000006e-04
2.674855849999999841e-02 3.839938140000000080e-04
2.696736530000000062e-02 3.738232769999999929e-04
2.719020839999999883e-02 3.725706770000000246e-04
2.740544450000000076e-02 3.831482900000000185e-04
2.761989830000000090e-02 3.865306789999999981e-04
2.785842490000000130e-02 3.542294139999999851e-04
2.811641800000000066e-02 3.543047639999999843e-04
2.836137819999999879e-02 3.762807459999999962e-04
2.859119140000000031e-02 3.745420540000000075e-04
2.882058360000000138e-02 3.705778219999999947e-04
2.903576570000000051e-02 3.611241700000000191e-04
2.925956810000000102e-02 3.217120249999999939e-04
2.949617800000000137e-02 3.152482389999999813e-04
2.971418019999999896e-02 3.269629089999999774e-04
2.988141030000000115e-02 3.006538029999999994e-04
3.000548670000000029e-02 2.996480329999999916e-04
3.013751660000000068e-02 3.036643610000000059e-04
3.028477909999999912e-02 2.894162030000000242e-04
3.043552119999999930e-02 2.867782310000000097e-04
3.058601920000000168e-02 2.798764620000000259e-04
3.073729019999999965e-02 2.778494670000000201e-04
3.088989669999999896e-02 2.710061380000000045e-04
3.103977070000000019e-02 2.669114329999999974e-04
3.118452619999999981e-02 2.630143139999999917e-04
3.132717310000000116e-02 2.599826260000000114e-04
3.146601839999999678e-02 2.579501600000000199e-04
3.160351890000000219e-02 2.567628979999999955e-04
3.174092989999999920e-02 2.536269890000000197e-04
3.188069539999999896e-02 2.539071430000000183e-04
3.201973810000000031e-02 2.568391500000000226e-04
3.215022010000000152e-02 2.527633619999999958e-04
3.227809439999999863e-02 2.448004089999999792e-04
3.240752219999999684e-02 2.428658189999999934e-04
3.253570199999999968e-02 2.395733029999999868e-04
3.266532350000000279e-02 2.389236909999999927e-04
3.279544789999999654e-02 2.363349780000000130e-04
3.292636949999999674e-02 2.362008380000000076e-04
3.305472809999999984e-02 2.409871809999999969e-04
3.317620980000000191e-02 2.385917469999999897e-04
3.329594059999999717e-02 2.339329659999999983e-04
3.341462840000000017e-02 2.316258319999999881e-04
3.353539109999999906e-02 2.217482540000000068e-04
3.366006540000000130e-02 2.202350440000000085e-04
3.380382059999999939e-02 1.844236099999999946e-04
3.396390750000000125e-02 1.815777799999999866e-04
3.409685190000000254e-02 2.195771089999999865e-04
3.418396039999999775e-02 2.057791129999999918e-04
3.424528610000000112e-02 2.096820830000000098e-04
3.432636709999999786e-02 2.229681409999999893e-04
3.443387149999999758e-02 2.157513079999999906e-04
3.454516080000000211e-02 2.151357479999999988e-04
3.465673699999999996e-02 2.129710050000000116e-04
3.476803380000000054e-02 2.123134180000000085e-04
3.487736730000000340e-02 2.137484700000000064e-04
3.498706969999999805e-02 2.144867029999999888e-04
3.509949889999999795e-02 2.127939950000000023e-04
3.520955519999999922e-02 2.107608450000000063e-04
3.531694409999999729e-02 2.087396280000000063e-04
3.542607650000000052e-02 2.090584750000000025e-04
3.553576390000000307e-02 2.090197379999999910e-04
3.564612570000000313e-02 2.091227359999999944e-04
3.575494139999999682e-02 2.119912680000000103e-04
3.586184609999999717e-02 2.121615689999999934e-04
3.597050909999999907e-02 2.105042220000000099e-04
3.607916089999999715e-02 2.099036939999999909e-04
3.618707510000000044e-02 2.086576570000000087e-04
3.629459809999999870e-02 2.079718689999999885e-04
3.640322389999999658e-02 2.042219570000000065e-04
3.651225570000000281e-02 2.028369200000000041e-04
3.661696240000000130e-02 2.062213899999999897e-04
3.672096130000000042e-02 2.072953500000000108e-04
3.682815279999999969e-02 2.057441600000000119e-04
3.693605590000000050e-02 2.056164230000000084e-04
3.704298660000000104e-02 2.060912229999999924e-04
3.714827080000000087e-02 2.052707859999999948e-04
3.725305940000000343e-02 2.038154340000000134e-04
3.735770289999999771e-02 2.029236059999999994e-04
3.746159369999999683e-02 2.017088409999999877e-04
3.756538029999999945e-02 2.014836210000000075e-04
3.766943510000000245e-02 2.004222619999999964e-04
3.777674210000000338e-02 2.019897510000000012e-04
3.788388520000000176e-02 2.073858779999999957e-04
3.798476230000000231e-02 2.055708029999999884e-04
3.808324409999999660e-02 2.037433589999999926e-04
3.818469120000000244e-02 2.045908329999999965e-04
3.828784820000000200e-02 2.040944960000000115e-04
3.839085250000000282e-02 2.041014519999999994e-04
3.849674019999999725e-02 1.993359329999999869e-04
3.860314559999999950e-02 1.979262309999999870e-04
3.870606050000000020e-02 2.005660940000000077e-04
3.880554809999999660e-02 1.994637569999999950e-04
3.890921919999999756e-02 1.886617830000000037e-04
3.905038539999999836e-02 2.073204669999999911e-04
3.921090070000000233e-02 2.268372630000000030e-04
3.931954879999999958e-02 2.024283890000000115e-04
3.937915709999999930e-02 2.163286549999999912e-04
3.944111620000000096e-02 2.230435490000000007e-04
3.952725230000000284e-02 2.022753030000000061e-04
3.962601350000000133e-02 2.023410490000000003e-04
3.972653670000000220e-02 1.988236759999999995e-04
3.982963789999999921e-02 1.991083120000000054e-04
3.993305939999999832e-02 1.993641489999999983e-04
4.003557189999999710e-02 1.986370040000000000e-04
4.013567789999999968e-02 2.006344150000000126e-04
4.023461419999999761e-02 2.009249869999999891e-04
4.033342749999999782e-02 2.019324020000000104e-04
4.043450950000000016e-02 2.036548979999999883e-04
4.053961489999999973e-02 2.025104480000000098e-04
4.064356909999999878e-02 2.014108030000000011e-04
4.074501249999999686e-02 2.017731890000000114e-04
4.084575549999999722e-02 2.012080219999999955e-04
4.094664010000000076e-02 1.994050539999999935e-04
4.104820640000000215e-02 1.994349590000000052e-04
4.115079719999999858e-02 1.978111540000000018e-04
4.125607760000000318e-02 1.988336590000000081e-04
4.136091470000000103e-02 2.031596229999999882e-04
4.146299509999999688e-02 2.030693289999999898e-04
4.156468060000000075e-02 2.027147129999999945e-04
4.166634749999999915e-02 2.025779830000000112e-04
4.176906119999999889e-02 2.004501580000000126e-04
4.187165570000000309e-02 1.993390760000000048e-04
4.197278249999999988e-02 1.987071589999999950e-04
4.207382350000000298e-02 1.986967249999999996e-04
4.217723009999999745e-02 1.954644249999999933e-04
4.228248450000000186e-02 1.954124890000000030e-04
4.243365300000000173e-02 1.178201999999999939e-04
4.261697829999999687e-02 1.092216550000000018e-04
4.272824530000000204e-02 2.056893139999999942e-04
4.278330500000000064e-02 2.063778520000000036e-04
4.284021259999999665e-02 2.050390610000000135e-04
4.291157799999999883e-02 2.135181709999999921e-04
4.300720620000000188e-02 1.974641490000000063e-04
4.310880229999999869e-02 1.952436869999999932e-04
4.320582369999999978e-02 1.959490909999999926e-04
4.330302030000000163e-02 1.963090760000000016e-04
4.340150579999999675e-02 1.951598680000000074e-04
4.350382829999999840e-02 1.967805149999999985e-04
4.360752550000000088e-02 1.989991579999999887e-04
4.371052240000000005e-02 1.996456269999999920e-04
4.381531479999999784e-02 1.984609549999999997e-04
4.391958189999999734e-02 1.977199570000000067e-04
4.402109979999999784e-02 2.009862510000000031e-04
4.411962629999999913e-02 2.003691769999999895e-04
4.421824220000000055e-02 1.977529460000000011e-04
4.432033369999999889e-02 1.989019950000000072e-04
4.442787919999999918e-02 1.929816789999999984e-04
4.453561460000000222e-02 1.906966210000000039e-04
4.463538150000000149e-02 1.976465719999999891e-04
4.473287239999999831e-02 1.990465529999999907e-04
4.483291880000000312e-02 1.994335620000000037e-04
4.493386299999999750e-02 2.001128300000000015e-04
4.503541440000000118e-02 2.002271070000000120e-04
4.513823990000000175e-02 2.010321909999999914e-04
4.524390400000000145e-02 1.985226119999999883e-04
4.534871879999999994e-02 1.968359719999999871e-04
4.544895510000000055e-02 1.997880750000000040e-04
4.554717619999999745e-02 1.999125090000000054e-04
4.564813150000000125e-02 1.964584660000000033e-04
4.575245449999999769e-02 1.972393220000000008e-04
4.585723579999999994e-02 1.978885559999999874e-04
