-5.198330059999999725e-02 2.315079470000000017e-04
-5.189509319999999898e-02 2.107882459999999947e-04
-5.179259549999999657e-02 2.116335530000000109e-04
-5.168864499999999834e-02 2.115445389999999937e-04
-5.158463490000000234e-02 2.118357520000000111e-04
-5.148061739999999775e-02 2.134381209999999893e-04
-5.137581749999999697e-02 2.144835889999999906e-04
-5.126950890000000344e-02 2.140728030000000096e-04
-5.116886269999999792e-02 2.105235760000000059e-04
-5.107477679999999909e-02 2.116222310000000131e-04
-5.097430940000000077e-02 2.155591790000000038e-04
-5.086717379999999844e-02 2.153529059999999924e-04
-5.076122660000000064e-02 2.148615020000000015e-04
-5.065586049999999674e-02 2.144724130000000056e-04
-5.054900050000000339e-02 2.152286180000000039e-04
-5.044067650000000347e-02 2.157057750000000024e-04
-5.033214020000000011e-02 2.160061410000000109e-04
-5.022393540000000267e-02 2.165835319999999983e-04
-5.011766399999999927e-02 2.156320549999999952e-04
-5.001254380000000332e-02 2.149151259999999960e-04
-4.990654440000000247e-02 2.148934580000000036e-04
-4.980429260000000108e-02 2.210484670000000061e-04
-4.970467840000000054e-02 2.219832970000000115e-04
-4.959689450000000221e-02 2.118018020000000078e-04
-4.948496449999999908e-02 2.106193859999999998e-04
-4.937682670000000107e-02 2.128574269999999999e-04
-4.927054790000000295e-02 2.125470199999999977e-04
-4.916441070000000108e-02 2.119191779999999952e-04
-4.905715959999999709e-02 2.120705759999999963e-04
-4.894915600000000061e-02 2.112409710000000133e-04
-4.884082819999999853e-02 2.114230740000000008e-04
-4.873174799999999834e-02 2.106777249999999921e-04
-4.862274970000000224e-02 2.103593869999999949e-04
-4.852073269999999938e-02 2.219231100000000037e-04
-4.842877760000000031e-02 2.200419399999999873e-04
-4.833451660000000205e-02 2.101577989999999928e-04
-4.823064059999999931e-02 2.123788580000000056e-04
-4.812230540000000251e-02 2.111019280000000023e-04
-4.801350830000000042e-02 2.106299940000000046e-04
-4.790541529999999687e-02 2.105027230000000094e-04
-4.779794440000000033e-02 2.103699660000000072e-04
-4.769065980000000010e-02 2.111095090000000135e-04
-4.758444059999999975e-02 2.107389880000000101e-04
-4.747909310000000133e-02 2.103611909999999964e-04
-4.737213249999999709e-02 2.111947830000000131e-04
-4.726492990000000227e-02 2.131111100000000075e-04
-4.716036099999999787e-02 2.119342239999999933e-04
-4.705647379999999824e-02 2.098102410000000115e-04
-4.694968459999999955e-02 2.110724309999999866e-04
-4.684229200000000065e-02 2.135647080000000072e-04
-4.673780129999999949e-02 2.127244079999999875e-04
-4.663266609999999757e-02 2.101142750000000001e-04
-4.652421550000000045e-02 2.111643550000000041e-04
-4.641482229999999848e-02 2.117146510000000002e-04
-4.630601780000000167e-02 2.115625829999999929e-04
-4.619907959999999814e-02 2.142636800000000119e-04
-4.609367620000000276e-02 2.140245629999999960e-04
-4.598852989999999835e-02 2.137857809999999968e-04
-4.588472100000000331e-02 2.131901420000000122e-04
-4.578340429999999683e-02 2.165020849999999941e-04
-4.568208010000000124e-02 2.176947020000000069e-04
-4.557600619999999797e-02 2.122750159999999865e-04
-4.546845330000000296e-02 2.112105290000000060e-04
-4.536372419999999683e-02 2.129641070000000088e-04
-4.525939749999999956e-02 2.130653449999999976e-04
-4.515403879999999731e-02 2.116263929999999979e-04
-4.504715279999999683e-02 2.123144949999999876e-04
-4.493875060000000060e-02 2.117078260000000039e-04
-4.483006149999999718e-02 2.116591639999999960e-04
-4.472155500000000311e-02 2.126216280000000074e-04
-4.461487010000000225e-02 2.118760600000000065e-04
-4.451249169999999672e-02 2.161874140000000081e-04
-4.441147299999999992e-02 2.169219520000000099e-04
-4.430591319999999805e-02 2.113801460000000118e-04
-4.419725020000000310e-02 2.109630149999999868e-04
-4.408872500000000222e-02 2.100484420000000012e-04
-4.398058350000000338e-02 2.097732209999999967e-04
-4.387319459999999838e-02 2.110559869999999909e-04
-4.376699779999999873e-02 2.108052290000000050e-04
-4.366173219999999744e-02 2.108595069999999883e-04
-4.355633259999999729e-02 2.109585619999999992e-04
-4.344974459999999955e-02 2.092455979999999888e-04
-4.334159569999999906e-02 2.092798389999999949e-04
-4.323430729999999667e-02 2.108209880000000002e-04
-4.312954470000000123e-02 2.101474819999999907e-04
-4.302573199999999709e-02 2.098566620000000022e-04
-4.292072730000000280e-02 2.104676099999999912e-04
-4.281472790000000195e-02 2.113138909999999916e-04
-4.270856449999999721e-02 2.117209809999999958e-04
-4.260129480000000163e-02 2.102115099999999921e-04
-4.249303039999999948e-02 2.102673019999999973e-04
-4.238549619999999740e-02 2.116450050000000043e-04
-4.227955640000000126e-02 2.108978519999999942e-04
-4.217485709999999749e-02 2.108940389999999971e-04
-4.207022860000000225e-02 2.111373030000000036e-04
-4.196461659999999733e-02 2.101781569999999885e-04
-4.185913499999999871e-02 2.097548710000000005e-04
-4.175291960000000052e-02 2.081484560000000075e-04
-4.164439439999999965e-02 2.089591580000000086e-04
-4.153678570000000209e-02 2.119431880000000078e-04
-4.143164679999999933e-02 2.115316169999999923e-04
-4.132786019999999672e-02 2.126477189999999989e-04
-4.122329500000000008e-02 2.132293009999999909e-04
-4.111656550000000049e-02 2.112402000000000041e-04
-4.100939630000000058e-02 2.110747740000000028e-04
-4.090171310000000060e-02 2.105468160000000053e-04
-4.079482329999999796e-02 2.098809199999999997e-04
-4.068982229999999756e-02 2.103828010000000038e-04
-4.058736560000000132e-02 2.090351040000000115e-04
-4.048796000000000339e-02 2.103914739999999885e-04
-4.038555550000000327e-02 2.123946469999999894e-04
-4.027853910000000343e-02 2.102708239999999916e-04
-4.017082599999999976e-02 2.102110300000000127e-04
-4.006353389999999653e-02 2.107387699999999867e-04
-3.995781019999999906e-02 2.099867419999999947e-04
-3.985289859999999879e-02 2.100326960000000083e-04
-3.974855690000000247e-02 2.097042450000000070e-04
-3.964447599999999794e-02 2.084370060000000134e-04
-3.953876719999999817e-02 2.089615740000000041e-04
-3.943189230000000017e-02 2.084693840000000097e-04
-3.932412710000000172e-02 2.085373999999999865e-04
-3.921754289999999921e-02 2.106881000000000064e-04
-3.911256789999999900e-02 2.107798349999999931e-04
-3.900693360000000165e-02 2.107334590000000123e-04
-3.890155260000000004e-02 2.105653260000000127e-04
-3.879569840000000186e-02 2.085075099999999962e-04
-3.868905079999999941e-02 2.082417490000000029e-04
-3.858274589999999976e-02 2.080712000000000078e-04
-3.847585989999999928e-02 2.080734699999999904e-04
-3.836990149999999766e-02 2.096317479999999919e-04
-3.826517980000000013e-02 2.097346299999999981e-04
-3.816125540000000343e-02 2.113428489999999926e-04
-3.805752839999999859e-02 2.118057450000000003e-04
-3.795177859999999959e-02 2.105266029999999994e-04
-3.784582759999999962e-02 2.101873399999999953e-04
-3.774023060000000068e-02 2.090343769999999891e-04
-3.763433170000000244e-02 2.087978939999999921e-04
-3.752949459999999765e-02 2.099062690000000017e-04
-3.742554780000000025e-02 2.094839150000000030e-04
-3.732217100000000121e-02 2.092552460000000078e-04
-3.721699860000000221e-02 2.105320309999999943e-04
-3.710983319999999752e-02 2.115512759999999893e-04
-3.700331600000000137e-02 2.115311510000000112e-04
-3.689741340000000230e-02 2.117016559999999924e-04
-3.679284449999999790e-02 2.109615310000000077e-04
-3.668913619999999987e-02 2.103453440000000005e-04
-3.658577799999999935e-02 2.096307140000000036e-04
-3.648214040000000158e-02 2.071850759999999971e-04
-3.637619319999999684e-02 2.079732659999999900e-04
-3.626937420000000273e-02 2.087128519999999871e-04
-3.616265209999999786e-02 2.089206539999999876e-04
-3.605658929999999707e-02 2.113824299999999927e-04
-3.595234080000000304e-02 2.111798969999999990e-04
-3.584839780000000087e-02 2.103292349999999944e-04
-3.574424240000000086e-02 2.101506540000000012e-04
-3.563921899999999976e-02 2.082032730000000055e-04
-3.553314130000000126e-02 2.078504329999999881e-04
-3.542724249999999742e-02 2.071717320000000015e-04
-3.532119840000000344e-02 2.072947540000000071e-04
-3.521616009999999769e-02 2.101029969999999890e-04
-3.511261570000000221e-02 2.102198199999999906e-04
-3.500879560000000335e-02 2.092897050000000101e-04
-3.490395839999999722e-02 2.095673259999999928e-04
-3.479871899999999879e-02 2.096700339999999895e-04
-3.469348700000000202e-02 2.094152880000000011e-04
-3.458735720000000180e-02 2.072148349999999959e-04
-3.448198739999999707e-02 2.062501299999999944e-04
-3.437881169999999764e-02 2.072227649999999950e-04
-3.427536409999999700e-02 2.077371029999999883e-04
-3.417057920000000221e-02 2.077209359999999971e-04
-3.406525779999999837e-02 2.080375119999999876e-04
-3.396019339999999803e-02 2.085567979999999964e-04
-3.385461490000000323e-02 2.090520570000000062e-04
-3.374855589999999766e-02 2.096217359999999908e-04
-3.364330160000000153e-02 2.090580239999999886e-04
-3.353881840000000336e-02 2.087787579999999925e-04
-3.343502799999999858e-02 2.085452290000000097e-04
-3.333060439999999819e-02 2.076192609999999927e-04
-3.322482110000000294e-02 2.081012059999999954e-04
-3.311909739999999852e-02 2.087523029999999917e-04
-3.301362690000000238e-02 2.088325270000000039e-04
-3.290947899999999843e-02 2.112565270000000064e-04
-3.280612830000000091e-02 2.113636729999999965e-04
-3.270189460000000325e-02 2.101852880000000090e-04
-3.259782869999999777e-02 2.099468839999999901e-04
-3.249267489999999731e-02 2.074834919999999912e-04
-3.238601979999999880e-02 2.074960069999999925e-04
-3.227931629999999941e-02 2.082331919999999884e-04
-3.217393529999999779e-02 2.077073880000000034e-04
-3.207070380000000276e-02 2.090424679999999954e-04
-3.196746479999999779e-02 2.095265810000000088e-04
-3.186387200000000142e-02 2.102803259999999977e-04
-3.175977619999999918e-02 2.105687600000000063e-04
-3.165402640000000017e-02 2.086171149999999997e-04
-3.154807169999999938e-02 2.083203289999999977e-04
-3.144317120000000160e-02 2.092409699999999958e-04
-3.133981670000000191e-02 2.086467139999999873e-04
-3.123612330000000159e-02 2.072188220000000024e-04
-3.113153759999999839e-02 2.072382630000000031e-04
-3.102717730000000007e-02 2.068778410000000055e-04
-3.092192300000000046e-02 2.072852079999999871e-04
-3.081647490000000156e-02 2.080951530000000043e-04
-3.071142170000000157e-02 2.078664399999999952e-04
-3.060706150000000111e-02 2.083902799999999946e-04
-3.050405349999999946e-02 2.080524720000000041e-04
-3.040046240000000149e-02 2.069260080000000126e-04
-3.029656970000000130e-02 2.066994059999999981e-04
-3.019274580000000027e-02 2.054011419999999958e-04
-3.008730520000000089e-02 2.059061810000000121e-04
-2.998163360000000166e-02 2.069234619999999944e-04
-2.987628430000000002e-02 2.068139290000000014e-04
-2.977190730000000077e-02 2.081346759999999922e-04
-2.966869249999999972e-02 2.081958520000000055e-04
-2.956552429999999981e-02 2.084443400000000088e-04
-2.946215120000000159e-02 2.086577149999999938e-04
-2.935674229999999871e-02 2.066447630000000095e-04
-2.925088069999999887e-02 2.061909620000000078e-04
-2.914653899999999909e-02 2.066753799999999951e-04
-2.904253269999999831e-02 2.066474700000000078e-04
-2.893937380000000115e-02 2.079864350000000073e-04
-2.883618510000000162e-02 2.082033460000000120e-04
-2.873298900000000045e-02 2.087858300000000047e-04
-2.862964570000000111e-02 2.093675580000000096e-04
-2.852394059999999870e-02 2.078394899999999937e-04
-2.841783869999999976e-02 2.075284430000000010e-04
-2.831337600000000121e-02 2.086135209999999949e-04
-2.821053379999999972e-02 2.080317639999999975e-04
-2.810892090000000065e-02 2.084735609999999889e-04
-2.800653130000000171e-02 2.088179900000000048e-04
-2.790288070000000037e-02 2.076731910000000113e-04
-2.779823539999999940e-02 2.081402639999999982e-04
-2.769330700000000034e-02 2.089626800000000029e-04
-2.758899139999999861e-02 2.088924959999999883e-04
-2.748453990000000041e-02 2.092613720000000054e-04
-2.738119480000000133e-02 2.087286269999999997e-04
-2.727851460000000131e-02 2.075679369999999964e-04
-2.717474849999999831e-02 2.078030369999999901e-04
-2.707014790000000087e-02 2.070628539999999932e-04
-2.696488240000000092e-02 2.069128820000000132e-04
-2.685996889999999956e-02 2.070870400000000074e-04
-2.675589730000000124e-02 2.069264879999999920e-04
-2.665222059999999837e-02 2.079226689999999890e-04
-2.654915680000000111e-02 2.079136900000000073e-04
-2.644608730000000060e-02 2.070960179999999930e-04
-2.634236590000000114e-02 2.071936610000000081e-04
-2.623836319999999986e-02 2.069940670000000073e-04
-2.613390980000000058e-02 2.069102479999999943e-04
-2.602928880000000139e-02 2.063997670000000120e-04
-2.592527869999999846e-02 2.061286939999999940e-04
-2.582215330000000100e-02 2.068432079999999937e-04
-2.571932229999999986e-02 2.069245240000000064e-04
-2.561553199999999988e-02 2.063310530000000054e-04
-2.551095000000000099e-02 2.065913720000000055e-04
-2.540657860000000018e-02 2.068800819999999955e-04
-2.530240640000000138e-02 2.068647300000000004e-04
-2.519850430000000058e-02 2.072774659999999957e-04
-2.509519270000000121e-02 2.067913159999999902e-04
-2.499217349999999921e-02 2.059322290000000129e-04
-2.488888239999999946e-02 2.060670809999999922e-04
-2.478506789999999904e-02 2.063506840000000058e-04
-2.468057909999999897e-02 2.068596369999999951e-04
-2.457570099999999841e-02 2.068402249999999869e-04
-2.447134440000000091e-02 2.065193400000000026e-04
-2.436837550000000088e-02 2.079474360000000126e-04
-2.426560040000000015e-02 2.080631090000000015e-04
-2.416226080000000165e-02 2.074397779999999987e-04
-2.405891380000000149e-02 2.075023219999999938e-04
-2.395500429999999903e-02 2.067415329999999893e-04
-2.385059559999999981e-02 2.067658499999999950e-04
-2.374601919999999936e-02 2.073361390000000087e-04
-2.364222519999999855e-02 2.070729100000000082e-04
-2.353961209999999929e-02 2.075282390000000030e-04
-2.343690769999999882e-02 2.077472889999999988e-04
-2.333370970000000003e-02 2.075322699999999963e-04
-2.322957850000000046e-02 2.077328539999999987e-04
-2.312470230000000099e-02 2.070512559999999869e-04
-2.302015569999999942e-02 2.068893079999999931e-04
-2.291581029999999880e-02 2.075533990000000013e-04
-2.281256950000000103e-02 2.071290220000000088e-04
-2.271015939999999900e-02 2.065516160000000000e-04
-2.260718310000000078e-02 2.066848540000000047e-04
-2.250391059999999957e-02 2.065608130000000050e-04
-2.239991909999999864e-02 2.069472680000000091e-04
-2.229555880000000032e-02 2.074026419999999867e-04
-2.219158410000000164e-02 2.070536279999999956e-04
-2.208813470000000126e-02 2.069630429999999945e-04
-2.198535579999999837e-02 2.068094329999999959e-04
-2.188217829999999919e-02 2.064950530000000126e-04
-2.177878100000000053e-02 2.065121659999999914e-04
-2.167535760000000034e-02 2.057332309999999886e-04
-2.157114450000000017e-02 2.059264370000000088e-04
-2.146716970000000016e-02 2.068565080000000025e-04
-2.136345580000000022e-02 2.067511519999999886e-04
-2.126009200000000127e-02 2.070395999999999955e-04
-2.115757019999999974e-02 2.069214240000000064e-04
-2.105491790000000099e-02 2.063802089999999909e-04
-2.095172000000000007e-02 2.065108860000000103e-04
-2.084737830000000028e-02 2.057425010000000002e-04
-2.074244059999999848e-02 2.058241809999999949e-04
-2.063827400000000159e-02 2.065585579999999896e-04
-2.053486369999999936e-02 2.063695280000000067e-04
-2.043229530000000016e-02 2.072511560000000119e-04
-2.032990750000000096e-02 2.071784839999999913e-04
-2.022731859999999868e-02 2.066390299999999866e-04
-2.012392689999999845e-02 2.072082569999999884e-04
-2.001909170000000168e-02 2.071702769999999878e-04
-1.991466429999999913e-02 2.069129840000000122e-04
-1.981106029999999893e-02 2.067851460000000058e-04
-1.970813050000000052e-02 2.063324350000000126e-04
-1.960614139999999894e-02 2.066424790000000015e-04
-1.950323580000000098e-02 2.070223419999999998e-04
-1.939926109999999884e-02 2.062926209999999948e-04
-1.929524349999999985e-02 2.063350259999999865e-04
-1.919139179999999889e-02 2.067279270000000105e-04
-1.908762379999999828e-02 2.068210599999999947e-04
-1.898399549999999977e-02 2.080995909999999976e-04
-1.888116080000000127e-02 2.080836280000000044e-04
-1.877830919999999917e-02 2.072252100000000102e-04
-1.867518569999999933e-02 2.070794140000000133e-04
-1.857194490000000156e-02 2.064768049999999883e-04
-1.846777830000000120e-02 2.065336009999999933e-04
-1.836367319999999970e-02 2.067970339999999918e-04
-1.826046779999999925e-02 2.066351009999999923e-04
-1.815715429999999880e-02 2.067902099999999915e-04
-1.805409230000000129e-02 2.066951269999999928e-04
-1.795115690000000097e-02 2.058599639999999923e-04
-1.784725859999999886e-02 2.061389969999999979e-04
-1.774315350000000083e-02 2.065730659999999962e-04
-1.763930169999999853e-02 2.062966670000000095e-04
-1.753578340000000110e-02 2.060861730000000051e-04
-1.743281630000000082e-02 2.059603719999999907e-04
-1.733022929999999961e-02 2.062454149999999966e-04
-1.722736100000000006e-02 2.065171870000000133e-04
-1.712372339999999882e-02 2.067701130000000099e-04
-1.702016959999999926e-02 2.068105820000000125e-04
-1.691646869999999941e-02 2.058960089999999998e-04
-1.681266169999999852e-02 2.056316299999999867e-04
-1.670982500000000107e-02 2.065209989999999872e-04
-1.660719700000000063e-02 2.064362929999999949e-04
-1.650416290000000091e-02 2.055267690000000006e-04
-1.640098729999999935e-02 2.055642979999999873e-04
-1.629707030000000084e-02 2.052085040000000099e-04
-1.619276399999999838e-02 2.053156499999999999e-04
-1.608929599999999946e-02 2.062341079999999930e-04
-1.598653759999999965e-02 2.061385460000000110e-04
-1.588388530000000090e-02 2.060532860000000098e-04
-1.578119210000000078e-02 2.057678649999999964e-04
-1.567861809999999967e-02 2.051710179999999869e-04
-1.557538470000000008e-02 2.056290400000000088e-04
-1.547160839999999968e-02 2.059950199999999968e-04
-1.536801460000000036e-02 2.060179539999999992e-04
-1.526405100000000070e-02 2.062449489999999884e-04
-1.516060070000000044e-02 2.060194090000000129e-04
-1.505837399999999937e-02 2.066549639999999872e-04
-1.495614829999999951e-02 2.068830799999999965e-04
-1.485339739999999922e-02 2.066389720000000015e-04
-1.474988550000000051e-02 2.067267629999999996e-04
-1.464598070000000009e-02 2.063163120000000082e-04
-1.454280879999999936e-02 2.060097899999999865e-04
-1.443954929999999998e-02 2.057904930000000019e-04
-1.433617620000000002e-02 2.057797099999999916e-04
-1.423350720000000035e-02 2.061440319999999909e-04
-1.413113340000000072e-02 2.060973059999999992e-04
-1.402852960000000072e-02 2.055838119999999945e-04
-1.392477010000000084e-02 2.058129899999999886e-04
-1.382095740000000017e-02 2.063625290000000009e-04
-1.371792980000000051e-02 2.063694849999999888e-04
-1.361486129999999947e-02 2.063193969999999869e-04
-1.351246419999999927e-02 2.058988760000000093e-04
-1.341001879999999952e-02 2.054265210000000134e-04
-1.330703310000000070e-02 2.055795189999999910e-04
-1.320412940000000035e-02 2.053624919999999889e-04
-1.310093889999999935e-02 2.054566719999999908e-04
-1.299759749999999936e-02 2.054663639999999966e-04
-1.289410799999999961e-02 2.052789790000000001e-04
-1.279113630000000036e-02 2.056235530000000058e-04
-1.268897670000000005e-02 2.055401559999999871e-04
-1.258627420000000066e-02 2.051781340000000131e-04
-1.248320189999999920e-02 2.052689230000000122e-04
-1.238014179999999929e-02 2.047651360000000075e-04
-1.227683019999999993e-02 2.047358279999999956e-04
-1.217380069999999918e-02 2.051272899999999962e-04
-1.207118570000000057e-02 2.050191540000000047e-04
-1.196917519999999950e-02 2.057283269999999871e-04
-1.186684330000000072e-02 2.058965770000000071e-04
-1.176381580000000066e-02 2.052053170000000051e-04
-1.166056749999999989e-02 2.053686330000000079e-04
-1.155671850000000028e-02 2.055987279999999971e-04
-1.145325690000000007e-02 2.054506189999999997e-04
-1.135056750000000038e-02 2.055494409999999929e-04
-1.124828769999999985e-02 2.053387730000000061e-04
-1.114611700000000052e-02 2.049357570000000131e-04
-1.104307830000000011e-02 2.050325269999999929e-04
-1.094014849999999997e-02 2.054822249999999908e-04
-1.083754749999999920e-02 2.057261739999999978e-04
-1.073441749999999931e-02 2.055239170000000126e-04
-1.063164230000000071e-02 2.052382329999999930e-04
-1.052886809999999985e-02 2.052213530000000048e-04
-1.042601559999999962e-02 2.052625639999999970e-04
-1.032360740000000041e-02 2.053439820000000087e-04
-1.022125500000000027e-02 2.053404900000000029e-04
-1.011870989999999991e-02 2.050091280000000053e-04
-1.001533590000000008e-02 2.051076300000000032e-04
-9.912034499999999859e-03 2.055035290000000012e-04
-9.809557349999999468e-03 2.054312500000000095e-04
-9.706861339999999297e-03 2.056418449999999898e-04
-9.604237970000000305e-03 2.056735099999999891e-04
-9.501975030000000058e-03 2.055843800000000017e-04
-9.399767030000000592e-03 2.055188230000000113e-04
-9.297195819999999611e-03 2.047301820000000045e-04
-9.193782689999999147e-03 2.046730370000000116e-04
-9.090622890000000372e-03 2.049395840000000084e-04
-8.988332930000000540e-03 2.047929299999999976e-04
-8.886257189999999945e-03 2.047428569999999899e-04
-8.784103209999999731e-03 2.047720480000000086e-04
-8.681478910000000118e-03 2.048442840000000095e-04
-8.578634820000000105e-03 2.050021579999999921e-04
-8.475907149999999807e-03 2.048587629999999965e-04
-8.373363870000000847e-03 2.046962329999999972e-04
-8.271101859999999487e-03 2.047136659999999983e-04
-8.168496189999999157e-03 2.046474399999999977e-04
-8.066131730000000374e-03 2.048648600000000015e-04
-7.964177989999999749e-03 2.049753820000000000e-04
-7.861354390000000261e-03 2.046068110000000110e-04
-7.758281659999999649e-03 2.046232259999999871e-04
-7.655663420000000108e-03 2.046503499999999980e-04
-7.553506639999999807e-03 2.043824790000000062e-04
-7.451686079999999580e-03 2.042003469999999991e-04
-7.349231280000000088e-03 2.042377309999999959e-04
-7.246905009999999626e-03 2.045552100000000103e-04
-7.144951259999999908e-03 2.047241139999999920e-04
-7.042610090000000003e-03 2.045488360000000008e-04
-6.940194410000000320e-03 2.045300790000000046e-04
-6.837416909999999640e-03 2.046474980000000099e-04
-6.734766070000000257e-03 2.046141600000000007e-04
-6.632672160000000275e-03 2.046761660000000042e-04
-6.530674170000000389e-03 2.046405860000000089e-04
-6.428657570000000272e-03 2.045107689999999955e-04
-6.325982509999999656e-03 2.045810690000000073e-04
-6.223391739999999638e-03 2.049166650000000002e-04
-6.121288049999999703e-03 2.050237089999999913e-04
-6.018464450000000215e-03 2.048954479999999946e-04
-5.915770310000000379e-03 2.047711019999999939e-04
-5.813749509999999697e-03 2.047730380000000101e-04
-5.711883769999999590e-03 2.046802690000000080e-04
-5.610080899999999801e-03 2.045271830000000026e-04
-5.507640069999999999e-03 2.045767909999999981e-04
-5.404988769999999852e-03 2.043650600000000033e-04
-5.302740260000000060e-03 2.043254500000000107e-04
-5.200591870000000061e-03 2.043813000000000010e-04
-5.098542660000000143e-03 2.043416900000000083e-04
-4.996206149999999832e-03 2.045246949999999966e-04
-4.894014450000000287e-03 2.045033910000000133e-04
-4.792113320000000211e-03 2.041546100000000128e-04
-4.689966789999999719e-03 2.041762349999999874e-04
-4.587769509999999919e-03 2.041510450000000006e-04
-4.485163839999999590e-03 2.041090190000000124e-04
-4.382767709999999851e-03 2.043423589999999914e-04
-4.281015140000000302e-03 2.043187270000000133e-04
-4.178844390000000311e-03 2.043295239999999948e-04
-4.076563289999999770e-03 2.043993739999999887e-04
-3.974500580000000019e-03 2.041842960000000051e-04
-3.872300730000000080e-03 2.041891709999999870e-04
-3.770096460000000021e-03 2.041949920000000107e-04
-3.667669369999999960e-03 2.040528489999999997e-04
-3.565387330000000139e-03 2.039007669999999941e-04
-3.463507859999999817e-03 2.038820090000000018e-04
-3.361729209999999961e-03 2.039975659999999935e-04
-3.259916089999999930e-03 2.040601250000000099e-04
-3.157500409999999813e-03 2.040016839999999915e-04
-3.055018840000000169e-03 2.040205289999999885e-04
-2.953047629999999962e-03 2.041522819999999909e-04
-2.851240100000000145e-03 2.041013649999999947e-04
-2.749561560000000123e-03 2.041749979999999971e-04
-2.647420860000000188e-03 2.042008130000000073e-04
-2.545167919999999882e-03 2.040846740000000102e-04
-2.443270989999999938e-03 2.041069240000000081e-04
-2.341341690000000100e-03 2.041146220000000127e-04
-2.239431950000000168e-03 2.041055849999999917e-04
-2.137111729999999817e-03 2.041675179999999888e-04
-2.034823879999999793e-03 2.041703410000000115e-04
-1.933073160000000007e-03 2.043021090000000082e-04
-1.831377039999999975e-03 2.043167620000000046e-04
-1.729503390000000033e-03 2.040609829999999968e-04
-1.627129620000000070e-03 2.039913820000000108e-04
-1.524831279999999895e-03 2.039244279999999918e-04
-1.422987790000000002e-03 2.039049579999999986e-04
-1.320741720000000001e-03 2.039506070000000112e-04
-1.218485179999999985e-03 2.039733950000000007e-04
-1.116741450000000024e-03 2.041206610000000055e-04
-1.015068500000000000e-03 2.041311239999999934e-04
-9.133468850000000345e-04 2.040788089999999997e-04
-8.111262579999999577e-04 2.040816910000000034e-04
-7.088140120000000540e-04 2.039372479999999942e-04
-6.069903030000000504e-04 2.038698289999999900e-04
-5.053126949999999905e-04 2.039256800000000035e-04
-4.036943140000000068e-04 2.039103999999999917e-04
-3.015712140000000019e-04 2.037974629999999936e-04
-1.993865880000000000e-04 2.038165839999999990e-04
-9.768582090000000500e-05 2.038187670000000040e-04
3.999931319999999710e-06 2.038418170000000037e-04
1.056984470000000062e-04 2.037975940000000122e-04
2.079041439999999874e-04 2.038398960000000089e-04
3.100727339999999896e-04 2.039550749999999931e-04
4.117493230000000013e-04 2.039788229999999955e-04
5.139215500000000533e-04 2.039900140000000018e-04
6.161064960000000234e-04 2.040016549999999990e-04
7.178633819999999995e-04 2.039764660000000082e-04
8.196515849999999560e-04 2.039862299999999973e-04
9.214304740000000497e-04 2.040288670000000107e-04
1.023709540000000045e-03 2.040665710000000028e-04
1.126063870000000057e-03 2.040457040000000081e-04
1.227950790000000101e-03 2.040352850000000070e-04
1.330198369999999923e-03 2.041762929999999996e-04
1.432441410000000106e-03 2.042243580000000077e-04
1.534220410000000081e-03 2.043600110000000120e-04
1.636010829999999961e-03 2.044158169999999884e-04
1.737951070000000103e-03 2.043208660000000044e-04
1.840322859999999955e-03 2.042677370000000106e-04
1.942645989999999953e-03 2.042015990000000108e-04
2.044553640000000214e-03 2.042064589999999984e-04
2.146468260000000162e-03 2.042083939999999914e-04
2.248350530000000139e-03 2.041896220000000010e-04
2.350631870000000154e-03 2.042441339999999980e-04
2.452942310000000119e-03 2.042811830000000053e-04
2.554892799999999853e-03 2.042114210000000121e-04
2.657396949999999911e-03 2.042404080000000057e-04
2.759903440000000159e-03 2.043173009999999922e-04
2.861878369999999814e-03 2.043040879999999881e-04
2.963794159999999858e-03 2.043657300000000095e-04
3.065662460000000145e-03 2.043594719999999973e-04
3.168007589999999839e-03 2.043197889999999982e-04
3.270437479999999987e-03 2.043562849999999926e-04
3.372465729999999957e-03 2.043543499999999995e-04
3.474612489999999963e-03 2.044248099999999954e-04
3.576823040000000082e-03 2.045139550000000042e-04
3.679476909999999934e-03 2.045334989999999999e-04
3.781941489999999812e-03 2.049020549999999946e-04
3.883841209999999884e-03 2.049743490000000077e-04
3.986406609999999795e-03 2.048402820000000087e-04
4.088964310000000116e-03 2.047868179999999983e-04
4.191150420000000314e-03 2.044825670000000094e-04
4.293464119999999828e-03 2.044497809999999899e-04
4.395624620000000010e-03 2.046144949999999902e-04
4.498198630000000212e-03 2.046430599999999895e-04
4.600675779999999736e-03 2.048819730000000074e-04
4.702717070000000076e-03 2.049848550000000135e-04
4.804933439999999924e-03 2.049790780000000038e-04
4.907175429999999748e-03 2.049922910000000079e-04
5.010006479999999825e-03 2.048211460000000090e-04
5.112884100000000299e-03 2.047874299999999923e-04
5.215029700000000171e-03 2.051401389999999911e-04
5.317490079999999918e-03 2.051766350000000126e-04
5.420098550000000334e-03 2.050297329999999898e-04
5.522292570000000150e-03 2.050074839999999879e-04
5.624556450000000110e-03 2.048302850000000019e-04
5.727065259999999762e-03 2.049129979999999890e-04
5.830139389999999984e-03 2.049754839999999990e-04
5.933113400000000412e-03 2.049385219999999965e-04
6.035465280000000023e-03 2.050974289999999984e-04
6.137717519999999656e-03 2.050946349999999954e-04
6.239867770000000029e-03 2.052574270000000049e-04
6.342432460000000174e-03 2.052853670000000079e-04
6.445456300000000117e-03 2.045987639999999916e-04
6.548256149999999963e-03 2.044958820000000125e-04
6.651224570000000176e-03 2.047018789999999883e-04
6.754212550000000294e-03 2.047886810000000080e-04
6.856585390000000287e-03 2.052809139999999932e-04
6.958832960000000366e-03 2.053827630000000070e-04
7.061056329999999999e-03 2.057063980000000075e-04
7.163777480000000329e-03 2.058416720000000083e-04
7.267044860000000314e-03 2.053071509999999976e-04
7.369935509999999898e-03 2.051681220000000120e-04
7.472542579999999837e-03 2.052528870000000125e-04
7.575000640000000181e-03 2.051937920000000053e-04
7.677748330000000281e-03 2.053218630000000022e-04
7.780423849999999926e-03 2.053247009999999921e-04
7.882603440000000156e-03 2.053847710000000066e-04
7.985755799999999169e-03 2.057107340000000019e-04
8.089223879999999506e-03 2.060888949999999976e-04
8.192072619999999153e-03 2.061333799999999993e-04
8.294992149999999564e-03 2.061391710000000073e-04
8.397641589999999337e-03 2.059792899999999941e-04
8.500517350000000305e-03 2.059364199999999903e-04
8.603298109999999235e-03 2.058639799999999913e-04
8.705768730000000566e-03 2.054027569999999935e-04
8.808677080000000548e-03 2.054997309999999984e-04
8.911637590000000275e-03 2.056799570000000050e-04
9.015269580000000518e-03 2.058667450000000018e-04
9.118620310000000520e-03 2.068532339999999930e-04
9.220964280000000513e-03 2.068859029999999921e-04
9.323951789999999906e-03 2.066862069999999922e-04
9.426865729999999235e-03 2.065686130000000086e-04
9.529707020000000028e-03 2.055802760000000019e-04
9.632909670000000188e-03 2.054414359999999929e-04
9.735990320000000378e-03 2.052592749999999932e-04
9.839979000000000434e-03 2.054580110000000072e-04
9.943656619999999627e-03 2.065257869999999915e-04
1.004603039999999933e-02 2.064076250000000006e-04
1.014871059999999936e-02 2.063475550000000132e-04
1.025175769999999917e-02 2.065453590000000108e-04
1.035487279999999961e-02 2.062004209999999959e-04
1.045801680000000081e-02 2.060929840000000032e-04
1.056130320000000025e-02 2.055561930000000099e-04
1.066497620000000056e-02 2.053156789999999925e-04
1.076809219999999914e-02 2.055794320000000133e-04
1.087074820000000046e-02 2.056781229999999879e-04
1.097337900000000012e-02 2.059940449999999896e-04
1.107630880000000026e-02 2.062874119999999923e-04
1.118028910000000084e-02 2.061321279999999876e-04
1.128455899999999956e-02 2.062512650000000128e-04
1.138814909999999979e-02 2.069353360000000092e-04
1.149102110000000017e-02 2.067497549999999871e-04
1.159391830000000047e-02 2.061916750000000048e-04
1.169728299999999929e-02 2.059911640000000089e-04
1.180048939999999921e-02 2.057006930000000082e-04
1.190369200000000044e-02 2.058737590000000019e-04
1.200749629999999998e-02 2.061293340000000117e-04
1.211169919999999928e-02 2.064616419999999969e-04
1.221536190000000084e-02 2.075061640000000105e-04
1.231831499999999982e-02 2.074559309999999916e-04
1.242143379999999936e-02 2.070393089999999928e-04
1.252499600000000005e-02 2.068740290000000044e-04
1.262830570000000006e-02 2.068361789999999993e-04
1.273145430000000022e-02 2.070078630000000129e-04
1.283562279999999993e-02 2.065689619999999964e-04
1.293995790000000007e-02 2.065116279999999998e-04
1.304328159999999966e-02 2.072558129999999975e-04
1.314639769999999958e-02 2.073981299999999909e-04
1.324936560000000013e-02 2.080395350000000085e-04
1.335262320000000016e-02 2.081610000000000014e-04
1.345643680000000071e-02 2.075687080000000056e-04
1.356021970000000076e-02 2.076194509999999924e-04
1.366411990000000048e-02 2.075655359999999951e-04
1.376779560000000041e-02 2.074119259999999965e-04
1.387178990000000056e-02 2.072384380000000085e-04
1.397542000000000055e-02 2.069575419999999933e-04
1.407826690000000061e-02 2.067017489999999872e-04
1.418231799999999931e-02 2.070507910000000018e-04
1.428664099999999923e-02 2.075648519999999907e-04
1.439052820000000059e-02 2.077699030000000060e-04
1.449454860000000053e-02 2.081166169999999988e-04
1.459796730000000042e-02 2.078809779999999904e-04
1.470184610000000065e-02 2.072429919999999991e-04
1.480549199999999996e-02 2.068722100000000086e-04
1.490838729999999918e-02 2.063102439999999957e-04
1.501218969999999937e-02 2.066534940000000064e-04
1.511641220000000015e-02 2.069054319999999935e-04
1.522090660000000040e-02 2.068766629999999962e-04
1.532502189999999931e-02 2.074278599999999971e-04
1.542842200000000066e-02 2.074786030000000110e-04
1.553218630000000045e-02 2.077975370000000120e-04
1.563563759999999844e-02 2.077246320000000009e-04
1.573904419999999985e-02 2.068118769999999879e-04
1.584302450000000043e-02 2.068279280000000090e-04
1.594727300000000139e-02 2.064248260000000072e-04
1.605211939999999851e-02 2.063572459999999959e-04
1.615633439999999976e-02 2.072231869999999893e-04
1.625967769999999910e-02 2.072920029999999949e-04
1.636323710000000056e-02 2.071205669999999933e-04
1.646704969999999990e-02 2.072102359999999953e-04
1.657099839999999838e-02 2.080176050000000058e-04
1.667516679999999848e-02 2.084415610000000000e-04
1.677979339999999958e-02 2.080694830000000110e-04
1.688461009999999915e-02 2.077664830000000107e-04
1.698888650000000139e-02 2.078281829999999901e-04
1.709228200000000031e-02 2.076050590000000102e-04
1.719533839999999938e-02 2.075472440000000111e-04
1.729897970000000146e-02 2.078753310000000033e-04
1.740360260000000173e-02 2.079334949999999901e-04
1.750859249999999964e-02 2.081747810000000127e-04
1.761336070000000045e-02 2.084247240000000026e-04
1.771775630000000171e-02 2.082893919999999897e-04
1.782143120000000136e-02 2.091149650000000105e-04
1.792485450000000022e-02 2.089777260000000010e-04
1.802855730000000115e-02 2.081329879999999880e-04
1.813250970000000045e-02 2.082636780000000096e-04
1.823738399999999885e-02 2.078778200000000053e-04
1.834256199999999976e-02 2.079213449999999940e-04
1.844686270000000031e-02 2.087178579999999877e-04
1.855067540000000098e-02 2.087115720000000060e-04
1.865423280000000003e-02 2.091204810000000061e-04
1.875785179999999927e-02 2.090206840000000056e-04
1.886182839999999902e-02 2.081471610000000050e-04
1.896627429999999878e-02 2.083974099999999919e-04
1.907167400000000027e-02 2.082883879999999899e-04
1.917686500000000127e-02 2.081246930000000108e-04
1.928137060000000014e-02 2.080238920000000106e-04
1.938532109999999836e-02 2.076534580000000119e-04
1.948876869999999900e-02 2.074616349999999949e-04
1.959302279999999841e-02 2.075933009999999927e-04
1.969726200000000010e-02 2.079833939999999883e-04
1.980152170000000142e-02 2.084192379999999956e-04
1.990655439999999832e-02 2.083479779999999979e-04
2.001147899999999868e-02 2.082589930000000003e-04
2.011643349999999927e-02 2.087521280000000133e-04
2.022067639999999833e-02 2.085045129999999912e-04
2.032418180000000046e-02 2.082622960000000023e-04
2.042765540000000130e-02 2.081562560000000111e-04
2.053141780000000000e-02 2.073772050000000111e-04
2.063677460000000116e-02 2.077697719999999873e-04
2.074239589999999842e-02 2.084173760000000090e-04
2.084694429999999973e-02 2.082887799999999956e-04
2.095127290000000156e-02 2.090887719999999928e-04
2.105502600000000099e-02 2.090326739999999906e-04
2.115872499999999976e-02 2.081780839999999876e-04
2.126294559999999945e-02 2.081836569999999994e-04
2.136750150000000029e-02 2.076371749999999963e-04
2.147296439999999904e-02 2.077001989999999979e-04
2.157829140000000132e-02 2.081009009999999944e-04
2.168279890000000126e-02 2.080348639999999975e-04
2.178688720000000051e-02 2.093375809999999874e-04
2.189062350000000115e-02 2.095959500000000003e-04
2.199433929999999870e-02 2.095571540000000076e-04
2.209867160000000136e-02 2.099129490000000082e-04
2.220416999999999877e-02 2.089518089999999918e-04
2.230980990000000150e-02 2.084057780000000027e-04
2.241457999999999992e-02 2.083418510000000043e-04
2.251883220000000171e-02 2.082917779999999967e-04
2.262252379999999882e-02 2.090854100000000097e-04
2.272633279999999867e-02 2.094427180000000091e-04
2.283122019999999849e-02 2.094300289999999982e-04
2.293669799999999842e-02 2.097797549999999903e-04
2.304202689999999831e-02 2.102099530000000065e-04
2.314697209999999963e-02 2.098497929999999919e-04
2.325155959999999911e-02 2.094457599999999969e-04
2.335534620000000172e-02 2.091051720000000017e-04
2.345895019999999845e-02 2.084618319999999910e-04
2.356306279999999947e-02 2.085327290000000026e-04
2.366807500000000022e-02 2.080142880000000055e-04
2.377407070000000025e-02 2.084188020000000030e-04
2.387945350000000161e-02 2.097753309999999952e-04
2.398378030000000022e-02 2.096295210000000001e-04
2.408773079999999844e-02 2.098562550000000022e-04
2.419200729999999855e-02 2.098484689999999969e-04
2.429664509999999999e-02 2.092228099999999993e-04
2.440110779999999854e-02 2.091783240000000016e-04
2.450657640000000054e-02 2.081684219999999975e-04
2.461265400000000117e-02 2.081704439999999953e-04
2.471764939999999966e-02 2.091877980000000112e-04
2.482189799999999849e-02 2.091040660000000029e-04
2.492565479999999875e-02 2.096932290000000062e-04
2.502975799999999917e-02 2.098284599999999890e-04
2.513461189999999928e-02 2.089506310000000097e-04
2.523963339999999930e-02 2.090187339999999912e-04
2.534487839999999964e-02 2.088338519999999949e-04
2.545034889999999925e-02 2.089019690000000018e-04
2.555634270000000166e-02 2.090093179999999939e-04
2.566124310000000158e-02 2.083925059999999904e-04
2.576433120000000063e-02 2.089118500000000113e-04
2.586835999999999997e-02 2.093792140000000010e-04
2.597337400000000046e-02 2.090317870000000112e-04
2.607874389999999959e-02 2.094036750000000005e-04
2.618433350000000034e-02 2.100701820000000042e-04
2.628928800000000093e-02 2.099297710000000113e-04
2.639436159999999920e-02 2.101300199999999970e-04
2.649855799999999845e-02 2.096725800000000077e-04
2.660210240000000087e-02 2.086900929999999901e-04
2.670666580000000123e-02 2.089475310000000097e-04
2.681183820000000023e-02 2.086451859999999942e-04
2.691793630000000048e-02 2.088076440000000101e-04
2.702372150000000028e-02 2.097824040000000035e-04
2.712863869999999900e-02 2.098971160000000105e-04
2.723326350000000035e-02 2.115017559999999945e-04
2.733727359999999981e-02 2.117108380000000032e-04
2.744180339999999912e-02 2.106255999999999981e-04
2.754668710000000159e-02 2.104462909999999865e-04
2.765211279999999980e-02 2.090412889999999902e-04
2.775850519999999849e-02 2.088314649999999920e-04
2.786440960000000078e-02 2.090698690000000108e-04
2.796935659999999838e-02 2.088662000000000027e-04
2.807381379999999982e-02 2.099106929999999967e-04
2.817834729999999996e-02 2.103339790000000118e-04
2.828302790000000039e-02 2.104696029999999964e-04
2.838807930000000063e-02 2.107395850000000099e-04
2.849390170000000097e-02 2.101970170000000068e-04
2.860019540000000027e-02 2.099973060000000127e-04
2.870630290000000112e-02 2.097584660000000013e-04
2.881057929999999989e-02 2.088603650000000079e-04
2.891393750000000040e-02 2.078934189999999892e-04
2.901857160000000102e-02 2.083077119999999973e-04
2.912387069999999856e-02 2.091374920000000129e-04
2.922975460000000122e-02 2.097903200000000043e-04
2.933588999999999988e-02 2.103949809999999885e-04
2.944155780000000042e-02 2.103321890000000086e-04
2.954668179999999852e-02 2.110666540000000039e-04
2.965104949999999850e-02 2.105899040000000055e-04
2.975515460000000001e-02 2.096981039999999880e-04
2.985933240000000072e-02 2.097057590000000018e-04
2.996514739999999941e-02 2.077875979999999902e-04
3.007270949999999929e-02 2.081471610000000050e-04
3.017891940000000037e-02 2.106102769999999955e-04
3.028364849999999955e-02 2.106067839999999937e-04
3.038802369999999906e-02 2.111900980000000038e-04
3.049261870000000152e-02 2.112462240000000026e-04
3.059814129999999938e-02 2.098578989999999925e-04
3.070394879999999854e-02 2.098148109999999923e-04
3.081078079999999969e-02 2.087787729999999867e-04
3.091754210000000058e-02 2.083659780000000103e-04
3.102238289999999926e-02 2.096333479999999954e-04
3.112678229999999921e-02 2.098245169999999964e-04
3.123099539999999938e-02 2.106655740000000000e-04
3.133609519999999704e-02 2.112146029999999901e-04
3.144164380000000203e-02 2.119913700000000093e-04
3.154716639999999989e-02 2.125426109999999970e-04
3.165413069999999801e-02 2.116739049999999932e-04
3.176032010000000294e-02 2.108960619999999909e-04
3.186574209999999685e-02 2.108039039999999868e-04
3.197075430000000107e-02 2.105219459999999867e-04
3.207508099999999834e-02 2.100820130000000010e-04
3.218002620000000313e-02 2.102934090000000062e-04
3.228530660000000080e-02 2.103147850000000000e-04
3.239187970000000083e-02 2.108093899999999939e-04
3.249857949999999940e-02 2.119711570000000034e-04
3.260394560000000330e-02 2.118787089999999926e-04
3.270975870000000091e-02 2.116800460000000121e-04
3.281484169999999978e-02 2.111690700000000019e-04
3.291921319999999845e-02 2.101419809999999894e-04
3.302460160000000172e-02 2.103868459999999954e-04
3.313091399999999742e-02 2.095264209999999976e-04
3.323838860000000173e-02 2.096256940000000048e-04
3.334524860000000201e-02 2.109221099999999917e-04
3.345093130000000026e-02 2.109652119999999901e-04
3.355603669999999983e-02 2.128431079999999970e-04
3.366023669999999857e-02 2.129763019999999878e-04
3.376489130000000227e-02 2.117883409999999917e-04
3.387061510000000109e-02 2.120018180000000029e-04
3.397779170000000265e-02 2.101627319999999869e-04
3.408484529999999957e-02 2.091411010000000120e-04
3.419057279999999921e-02 2.085296869999999877e-04
3.429625559999999879e-02 2.085686139999999990e-04
3.440063069999999695e-02 2.108511980000000129e-04
3.450489040000000174e-02 2.116054090000000099e-04
3.461095690000000336e-02 2.114865059999999984e-04
3.471800679999999945e-02 2.120331339999999873e-04
3.482512010000000241e-02 2.126435429999999887e-04
3.493180130000000244e-02 2.123151639999999978e-04
3.503783419999999954e-02 2.124843009999999972e-04
3.514180330000000324e-02 2.115952670000000133e-04
3.524547439999999726e-02 2.096170500000000127e-04
3.535160049999999665e-02 2.103719449999999871e-04
3.545883300000000210e-02 2.114194500000000075e-04
3.556630389999999864e-02 2.119412970000000016e-04
3.567335750000000250e-02 2.132823280000000128e-04
3.577937190000000239e-02 2.131400109999999923e-04
3.588491679999999961e-02 2.135275719999999951e-04
3.598983959999999677e-02 2.130041679999999883e-04
3.609528769999999914e-02 2.106768810000000036e-04
3.620114180000000292e-02 2.103724109999999953e-04
3.630755100000000041e-02 2.093974909999999907e-04
3.641508890000000331e-02 2.097258399999999930e-04
3.652161360000000245e-02 2.115281390000000119e-04
3.662789989999999662e-02 2.120318530000000101e-04
3.673302380000000034e-02 2.153747339999999961e-04
3.683720900000000270e-02 2.157236740000000117e-04
3.694366660000000108e-02 2.128998599999999881e-04
3.705047069999999748e-02 2.123820159999999907e-04
3.715736050000000013e-02 2.108044430000000015e-04
3.726463389999999654e-02 2.104645250000000125e-04
3.737138959999999899e-02 2.111761419999999871e-04
3.747765720000000023e-02 2.111414649999999885e-04
3.758264709999999814e-02 2.123797889999999989e-04
3.768816219999999995e-02 2.128516940000000040e-04
3.779418390000000016e-02 2.133095700000000130e-04
3.790057079999999828e-02 2.139803549999999988e-04
3.800895070000000209e-02 2.125240859999999953e-04
3.811626139999999691e-02 2.113583609999999989e-04
3.822233159999999935e-02 2.109885830000000082e-04
3.832802180000000059e-02 2.106293100000000001e-04
3.843284029999999990e-02 2.102863359999999980e-04
3.853899610000000031e-02 2.109658530000000037e-04
3.864604609999999774e-02 2.113611410000000037e-04
3.875443709999999709e-02 2.120182330000000060e-04
3.886253759999999668e-02 2.143216260000000025e-04
3.896798939999999989e-02 2.138496349999999887e-04
3.907329589999999908e-02 2.135829999999999912e-04
3.917850550000000209e-02 2.134257959999999877e-04
3.928473960000000015e-02 2.104743620000000081e-04
3.939184550000000146e-02 2.099378759999999888e-04
3.949852660000000015e-02 2.091627099999999963e-04
3.960724919999999982e-02 2.098209369999999899e-04
3.971473870000000184e-02 2.136947879999999997e-04
3.981964290000000045e-02 2.138247799999999914e-04
3.992514309999999761e-02 2.140050640000000102e-04
4.003106430000000215e-02 2.143219030000000070e-04
4.013742879999999957e-02 2.136533289999999956e-04
4.024425520000000228e-02 2.136903059999999924e-04
4.035180809999999729e-02 2.125817989999999953e-04
4.045939820000000325e-02 2.119144919999999899e-04
4.056578870000000087e-02 2.120550629999999939e-04
4.067194090000000178e-02 2.122489970000000054e-04
4.077721010000000257e-02 2.142522720000000053e-04
4.088243099999999686e-02 2.149466889999999963e-04
4.098933560000000281e-02 2.148880739999999955e-04
4.109720139999999827e-02 2.154442049999999865e-04
4.120583089999999699e-02 2.149054490000000116e-04
4.131516439999999984e-02 2.151363729999999951e-04
4.142525419999999736e-02 2.145123439999999896e-04
4.153237490000000198e-02 2.122154979999999890e-04
4.163644839999999792e-02 2.109250929999999984e-04
4.174184429999999724e-02 2.115409439999999929e-04
4.184853659999999975e-02 2.118914559999999885e-04
4.195653270000000018e-02 2.128036289999999959e-04
4.206441720000000245e-02 2.147182970000000057e-04
4.217125480000000204e-02 2.147748020000000079e-04
4.227816310000000188e-02 2.148058269999999896e-04
4.238421839999999968e-02 2.140137080000000024e-04
4.248972239999999900e-02 2.127326440000000107e-04
4.259624330000000292e-02 2.131705699999999928e-04
4.270437359999999793e-02 2.125098399999999989e-04
4.281295839999999658e-02 2.125479800000000107e-04
4.292050380000000248e-02 2.135847460000000076e-04
4.302784059999999883e-02 2.138331330000000079e-04
4.313436899999999879e-02 2.158699209999999954e-04
4.323957860000000181e-02 2.155180549999999892e-04
4.334544760000000330e-02 2.134404059999999933e-04
4.345199470000000314e-02 2.133896630000000065e-04
4.355949910000000286e-02 2.116521789999999885e-04
4.366748029999999864e-02 2.113087829999999920e-04
4.377584899999999862e-02 2.104980809999999910e-04
4.388458280000000211e-02 2.104285379999999901e-04
4.399043319999999813e-02 2.142481680000000055e-04
4.409614950000000089e-02 2.152484809999999989e-04
4.420258850000000073e-02 2.168027709999999979e-04
4.430814460000000177e-02 2.171252999999999996e-04
4.441572349999999697e-02 2.146578189999999952e-04
4.452475909999999842e-02 2.146390619999999990e-04
4.463325810000000338e-02 2.162906170000000055e-04
4.473965619999999838e-02 2.156241529999999927e-04
4.484506320000000018e-02 2.146086920000000022e-04
4.495093599999999689e-02 2.145221950000000106e-04
4.505697639999999699e-02 2.140028520000000127e-04
4.516474530000000320e-02 2.145625479999999888e-04
4.527400060000000281e-02 2.136445109999999940e-04
4.538496580000000308e-02 2.146274200000000058e-04
4.549671710000000036e-02 2.168554639999999991e-04
4.560393840000000198e-02 2.149396019999999898e-04
4.570823160000000301e-02 2.136838739999999978e-04
4.581360520000000297e-02 2.138834099999999865e-04
4.591968660000000230e-02 2.132613010000000068e-04
4.602758590000000094e-02 2.138383280000000122e-04
4.613655810000000246e-02 2.136538099999999980e-04
4.624504220000000276e-02 2.135828979999999922e-04
4.635216300000000178e-02 2.156516710000000014e-04
4.645802079999999945e-02 2.156440170000000107e-04
4.656382650000000234e-02 2.165348710000000135e-04
4.667254910000000201e-02 2.186100320000000034e-04
4.678502310000000330e-02 2.173018869999999915e-04
4.689520970000000261e-02 2.151641670000000123e-04
4.700274389999999775e-02 2.136628749999999884e-04
4.711069539999999944e-02 2.136635739999999872e-04
4.721795399999999948e-02 2.148154599999999872e-04
4.732360320000000148e-02 2.142683950000000097e-04
4.742975530000000106e-02 2.127245240000000118e-04
4.753732310000000072e-02 2.130198699999999944e-04
4.764483120000000127e-02 2.131399959999999980e-04
4.775333779999999667e-02 2.137860280000000127e-04
4.786225410000000124e-02 2.149003269999999867e-04
4.797063020000000289e-02 2.146839829999999932e-04
4.807791859999999834e-02 2.158988059999999900e-04
4.818372800000000206e-02 2.157444979999999886e-04
4.828919470000000297e-02 2.167078929999999932e-04
4.839531700000000020e-02 2.174468970000000120e-04
4.850331320000000196e-02 2.155554979999999943e-04
4.861178249999999895e-02 2.151571389999999868e-04
4.871933159999999874e-02 2.155873809999999898e-04
4.882616919999999833e-02 2.150249639999999901e-04
4.893200100000000274e-02 2.151393709999999961e-04
4.903733360000000346e-02 2.151748339999999982e-04
4.914436120000000019e-02 2.132658850000000131e-04
4.925337429999999961e-02 2.137719130000000078e-04
4.936605689999999658e-02 2.082333230000000071e-04
4.948262870000000313e-02 2.085758609999999896e-04
4.959436130000000054e-02 2.176123670000000001e-04
4.970039429999999897e-02 2.171461090000000092e-04
4.980632659999999906e-02 2.160136360000000134e-04
4.991297420000000151e-02 2.163320020000000072e-04
5.002004649999999830e-02 2.165150219999999897e-04
5.012861269999999841e-02 2.174763650000000081e-04
5.023875089999999682e-02 2.183483300000000000e-04
5.034680290000000114e-02 2.174093100000000132e-04
5.045284330000000123e-02 2.173337419999999906e-04
5.055801199999999940e-02 2.167811910000000061e-04
5.066318809999999923e-02 2.152288649999999927e-04
5.077150839999999832e-02 2.162637540000000088e-04
5.088169129999999679e-02 2.160354050000000089e-04
5.098992210000000136e-02 2.150761429999999965e-04
5.109734090000000312e-02 2.145758769999999902e-04
5.120490119999999978e-02 2.144814210000000069e-04
5.131044240000000312e-02 2.167759229999999954e-04
5.141486599999999657e-02 2.169273209999999965e-04
5.152054500000000092e-02 2.152432719999999963e-04
5.162839959999999950e-02 2.156492700000000001e-04
5.173701420000000051e-02 2.155121039999999971e-04
5.184496570000000221e-02 2.153598760000000056e-04
5.195259680000000047e-02 2.162857419999999965e-04
