-4.704609889999999961e-02 2.424514240000000135e-04
-4.699162769999999656e-02 2.159012949999999920e-04
-4.691661519999999752e-02 2.184166510000000048e-04
-4.683648049999999952e-02 2.167489579999999996e-04
-4.675416649999999952e-02 2.177650889999999963e-04
-4.666582870000000188e-02 2.113991359999999986e-04
-4.657319559999999886e-02 2.116568360000000012e-04
-4.647907610000000245e-02 2.091126810000000025e-04
-4.638366399999999806e-02 2.089724579999999903e-04
-4.628787560000000023e-02 2.079551780000000040e-04
-4.619039219999999946e-02 2.083290889999999871e-04
-4.609661920000000107e-02 2.154984099999999905e-04
-4.600483179999999978e-02 2.171831870000000091e-04
-4.590627919999999695e-02 2.106212920000000003e-04
-4.580525679999999933e-02 2.097316319999999971e-04
-4.570345580000000074e-02 2.067524910000000050e-04
-4.560245949999999771e-02 2.051900229999999950e-04
-4.550306130000000143e-02 2.027349549999999930e-04
-4.540156950000000247e-02 2.031102490000000064e-04
-4.530096430000000313e-02 2.056369850000000022e-04
-4.520071669999999736e-02 2.060519910000000073e-04
-4.510113219999999784e-02 2.082834400000000015e-04
-4.500180859999999838e-02 2.092120119999999947e-04
-4.489912089999999883e-02 2.069766779999999929e-04
-4.479765890000000222e-02 2.054287319999999878e-04
-4.469691590000000186e-02 2.015417700000000001e-04
-4.459261889999999867e-02 2.022791010000000089e-04
-4.448910429999999860e-02 2.056351660000000064e-04
-4.438775410000000282e-02 2.052642079999999873e-04
-4.428808389999999706e-02 2.070192569999999941e-04
-4.418719189999999880e-02 2.086630119999999971e-04
-4.408377410000000052e-02 2.090231720000000116e-04
-4.398011789999999727e-02 2.092956420000000040e-04
-4.387574269999999776e-02 2.096451499999999997e-04
-4.377250369999999974e-02 2.090862250000000058e-04
-4.366990920000000248e-02 2.078151589999999898e-04
-4.357016830000000340e-02 2.056415539999999870e-04
-4.347331449999999875e-02 2.044246650000000056e-04
-4.337188229999999756e-02 2.064558940000000068e-04
-4.326697439999999811e-02 2.062985730000000100e-04
-4.316095639999999872e-02 2.071875210000000123e-04
-4.305519909999999673e-02 2.108830229999999963e-04
-4.295073819999999792e-02 2.114395030000000022e-04
-4.284590110000000007e-02 2.115655079999999874e-04
-4.274215549999999669e-02 2.109551420000000039e-04
-4.263874139999999924e-02 2.098118570000000052e-04
-4.253632200000000141e-02 2.085208539999999918e-04
-4.243438690000000263e-02 2.057444070000000007e-04
-4.233044760000000128e-02 2.062288400000000094e-04
-4.222722720000000179e-02 2.087672910000000048e-04
-4.212402180000000135e-02 2.096764070000000030e-04
-4.201838370000000183e-02 2.089494370000000102e-04
-4.191203420000000346e-02 2.091168429999999874e-04
-4.180734600000000217e-02 2.115641400000000056e-04
-4.170589520000000244e-02 2.105003510000000007e-04
-4.160380739999999800e-02 2.064854630000000058e-04
-4.149822890000000319e-02 2.068550090000000020e-04
-4.139141369999999737e-02 2.058291570000000069e-04
-4.128491129999999759e-02 2.055497459999999939e-04
-4.117906090000000158e-02 2.066298330000000086e-04
-4.107355330000000276e-02 2.068173340000000024e-04
-4.097114129999999965e-02 2.117255500000000078e-04
-4.086987670000000183e-02 2.128032790000000121e-04
-4.076487570000000143e-02 2.095576490000000084e-04
-4.065725580000000006e-02 2.096755339999999948e-04
-4.054875670000000071e-02 2.085487939999999948e-04
-4.044087600000000060e-02 2.080553089999999980e-04
-4.033373299999999662e-02 2.079127589999999869e-04
-4.022637009999999874e-02 2.079926779999999981e-04
-4.011968519999999788e-02 2.101339199999999988e-04
-4.001298169999999849e-02 2.109227640000000076e-04
-3.990728410000000254e-02 2.139998249999999920e-04
-3.980089719999999748e-02 2.155205289999999969e-04
-3.969192500000000290e-02 2.154236279999999985e-04
-3.958415240000000279e-02 2.143762689999999910e-04
-3.947664800000000307e-02 2.119185809999999954e-04
-3.936641660000000237e-02 2.129534990000000040e-04
-3.925491500000000133e-02 2.145082109999999972e-04
-3.914522379999999663e-02 2.139849089999999894e-04
-3.903794659999999805e-02 2.157404520000000010e-04
-3.892928729999999699e-02 2.172018579999999966e-04
-3.881860520000000175e-02 2.178800349999999899e-04
-3.870686140000000053e-02 2.184605979999999878e-04
-3.859498349999999911e-02 2.198476139999999972e-04
-3.848477830000000127e-02 2.196404969999999973e-04
-3.837470340000000146e-02 2.192784600000000019e-04
-3.826554120000000281e-02 2.185994090000000043e-04
-3.815741460000000168e-02 2.192602549999999955e-04
-3.804781289999999844e-02 2.203806360000000074e-04
-3.793614730000000046e-02 2.192102549999999943e-04
-3.782230620000000265e-02 2.200933670000000057e-04
-3.770854700000000198e-02 2.226762740000000102e-04
-3.759587179999999973e-02 2.226487849999999940e-04
-3.748377039999999799e-02 2.235298890000000059e-04
-3.737298399999999798e-02 2.233644630000000046e-04
-3.726159779999999727e-02 2.219180459999999910e-04
-3.715005140000000178e-02 2.214919799999999982e-04
-3.703768920000000131e-02 2.197727879999999913e-04
-3.692334889999999981e-02 2.203422340000000125e-04
-3.681128470000000208e-02 2.248899690000000120e-04
-3.669926519999999748e-02 2.265013459999999916e-04
-3.658393029999999768e-02 2.254356369999999880e-04
-3.646805510000000056e-02 2.250646939999999903e-04
-3.635372590000000154e-02 2.266107479999999931e-04
-3.623993689999999851e-02 2.271507840000000034e-04
-3.612359240000000138e-02 2.252520789999999868e-04
-3.600483389999999811e-02 2.260219039999999892e-04
-3.588623929999999740e-02 2.275701120000000045e-04
-3.576667230000000336e-02 2.287120299999999902e-04
-3.564799200000000334e-02 2.333624719999999905e-04
-3.552774339999999892e-02 2.356515620000000015e-04
-3.540783000000000125e-02 2.425456190000000096e-04
-3.528940679999999913e-02 2.444597489999999736e-04
-3.516542169999999773e-02 2.405403069999999905e-04
-3.503746170000000132e-02 2.415077910000000007e-04
-3.490803759999999700e-02 2.426623830000000030e-04
-3.478244319999999890e-02 2.407876749999999968e-04
-3.465960550000000279e-02 2.392433379999999907e-04
-3.452924269999999712e-02 2.432089969999999936e-04
-3.439695389999999908e-02 2.510101189999999825e-04
-3.426439690000000066e-02 2.536273389999999764e-04
-3.413103149999999891e-02 2.595439440000000143e-04
-3.399700299999999786e-02 2.624151529999999856e-04
-3.385897730000000244e-02 2.647317599999999822e-04
-3.372104840000000187e-02 2.655193089999999885e-04
-3.358286989999999944e-02 2.662827610000000045e-04
-3.344152119999999756e-02 2.684647619999999874e-04
-3.329877929999999764e-02 2.722006169999999768e-04
-3.315367920000000107e-02 2.745821840000000182e-04
-3.300826999999999928e-02 2.806955600000000071e-04
-3.285823019999999789e-02 2.860459500000000154e-04
-3.270382809999999862e-02 2.936383239999999892e-04
-3.254624080000000086e-02 2.982874280000000233e-04
-3.238549830000000268e-02 3.070879030000000197e-04
-3.222315760000000334e-02 3.112391280000000233e-04
-3.205738959999999971e-02 3.158799079999999792e-04
-3.188795970000000285e-02 3.197513869999999802e-04
-3.171755750000000013e-02 3.288856529999999992e-04
-3.153359890000000110e-02 3.398367840000000016e-04
-3.134131799999999995e-02 3.563747740000000109e-04
-3.113826180000000068e-02 3.692448079999999873e-04
-3.092720729999999876e-02 3.931133539999999969e-04
-3.070349249999999863e-02 4.093687750000000081e-04
-3.047020170000000125e-02 4.370427340000000022e-04
-3.023978319999999845e-02 4.452788850000000023e-04
-2.999462929999999888e-02 4.435505249999999828e-04
-2.974707260000000048e-02 4.437481109999999842e-04
-2.949961829999999882e-02 4.445552769999999926e-04
-2.925239129999999965e-02 4.453010329999999742e-04
-2.900202760000000074e-02 4.421597399999999903e-04
-2.874928709999999971e-02 4.424495860000000219e-04
-2.849769779999999919e-02 4.468105030000000090e-04
-2.823579869999999839e-02 4.546191780000000127e-04
-2.797326820000000172e-02 4.735077379999999970e-04
-2.770704590000000120e-02 4.825279760000000134e-04
-2.742783539999999950e-02 4.858956380000000212e-04
-2.713949049999999849e-02 4.918876219999999966e-04
-2.684869800000000070e-02 5.045533760000000482e-04
-2.656490170000000081e-02 5.055778310000000417e-04
-2.627009900000000162e-02 4.919277849999999751e-04
-2.596583779999999883e-02 4.927428670000000115e-04
-2.567319759999999937e-02 5.124239250000000136e-04
-2.533382740000000161e-02 5.476035879999999493e-04
-2.498072009999999926e-02 6.223884990000000438e-04
-2.458782680000000040e-02 6.722039539999999976e-04
-2.414112909999999862e-02 7.209277250000000348e-04
-2.385434510000000036e-02 6.435650280000000190e-04
-2.353531680000000084e-02 3.756607479999999840e-04
-2.322210560000000090e-02 2.754966260000000122e-04
-2.306864600000000168e-02 2.640656019999999935e-04
-2.291884090000000096e-02 2.577640120000000137e-04
-2.277666890000000152e-02 2.519451659999999882e-04
-2.263556419999999958e-02 2.492093189999999912e-04
-2.249827050000000050e-02 2.479750260000000012e-04
-2.236338889999999954e-02 2.457396189999999929e-04
-2.223036440000000086e-02 2.426832649999999920e-04
-2.210171149999999932e-02 2.392928730000000068e-04
-2.197377760000000096e-02 2.319419000000000027e-04
-2.184818499999999913e-02 2.278917670000000020e-04
-2.172815989999999850e-02 2.250220859999999966e-04
-2.160724619999999929e-02 2.245219219999999892e-04
-2.148491329999999838e-02 2.207608339999999952e-04
-2.136096360000000124e-02 2.200691519999999990e-04
-2.123950980000000044e-02 2.223503979999999925e-04
-2.112109399999999998e-02 2.216477149999999897e-04
-2.100364490000000001e-02 2.213049009999999987e-04
-2.088808270000000120e-02 2.200510499999999876e-04
-2.077226899999999946e-02 2.169655339999999877e-04
-2.065699920000000148e-02 2.155330000000000115e-04
-2.054046279999999919e-02 2.085960729999999995e-04
-2.042165770000000172e-02 2.074618389999999929e-04
-2.030756140000000015e-02 2.121743159999999893e-04
-2.019636520000000005e-02 2.118351399999999899e-04
-2.008398440000000104e-02 2.089479390000000057e-04
-1.997086959999999980e-02 2.086309980000000100e-04
-1.985900479999999982e-02 2.098270629999999875e-04
-1.974716220000000133e-02 2.102447910000000122e-04
-1.963317020000000107e-02 2.086031159999999921e-04
-1.952057889999999837e-02 2.071792109999999866e-04
-1.940949070000000040e-02 2.049198669999999993e-04
-1.929795930000000048e-02 2.043729620000000059e-04
-1.918688229999999939e-02 2.036152869999999996e-04
-1.907427050000000054e-02 2.039798559999999878e-04
-1.896309289999999897e-02 2.074097429999999915e-04
-1.885388610000000159e-02 2.077398819999999970e-04
-1.874304560000000092e-02 2.067127499999999937e-04
-1.863052509999999981e-02 2.073608479999999930e-04
-1.851743650000000144e-02 2.074111980000000052e-04
-1.840591990000000136e-02 2.064841390000000108e-04
-1.829536069999999903e-02 2.055094809999999893e-04
-1.818452590000000160e-02 2.050391920000000051e-04
-1.807483840000000119e-02 2.056694070000000124e-04
-1.796394769999999988e-02 2.068926700000000033e-04
-1.785204560000000149e-02 2.086048919999999971e-04
-1.773771080000000055e-02 2.106802860000000046e-04
-1.762103480000000097e-02 2.133390370000000130e-04
-1.750744510000000129e-02 2.124575840000000133e-04
-1.739508840000000139e-02 2.112445800000000123e-04
-1.728048919999999877e-02 2.121570000000000086e-04
-1.716510770000000130e-02 2.133855310000000102e-04
-1.704893260000000035e-02 2.140044379999999908e-04
-1.693136619999999898e-02 2.134372039999999943e-04
-1.681238789999999969e-02 2.143650639999999865e-04
-1.669438560000000016e-02 2.193792610000000021e-04
-1.657845640000000023e-02 2.199558800000000114e-04
-1.646209690000000059e-02 2.199965820000000045e-04
-1.634347439999999860e-02 2.213714910000000086e-04
-1.622206350000000158e-02 2.205324849999999953e-04
-1.609968950000000010e-02 2.204985790000000060e-04
-1.597755030000000062e-02 2.208377260000000128e-04
-1.585344600000000020e-02 2.224321509999999938e-04
-1.572788129999999965e-02 2.244255740000000038e-04
-1.560164890000000082e-02 2.255438589999999883e-04
-1.547505430000000078e-02 2.288886749999999943e-04
-1.534856199999999962e-02 2.300513440000000046e-04
-1.522183140000000004e-02 2.319948980000000049e-04
-1.509570699999999988e-02 2.323304219999999874e-04
-1.496765859999999934e-02 2.300497440000000011e-04
-1.483675739999999917e-02 2.306158129999999907e-04
-1.470401789999999966e-02 2.291835839999999884e-04
-1.457096450000000022e-02 2.291606359999999877e-04
-1.444012299999999915e-02 2.336350149999999893e-04
-1.430956180000000043e-02 2.351008879999999979e-04
-1.417743509999999998e-02 2.356472979999999905e-04
-1.404381730000000064e-02 2.367404090000000056e-04
-1.390962859999999961e-02 2.388234420000000095e-04
-1.377276139999999982e-02 2.408392320000000107e-04
-1.363334899999999947e-02 2.422483959999999919e-04
-1.349599100000000058e-02 2.418445659999999989e-04
-1.336213850000000057e-02 2.465459110000000243e-04
-1.322869770000000000e-02 2.479957770000000257e-04
-1.308942769999999964e-02 2.432261389999999920e-04
-1.294744760000000015e-02 2.431540779999999966e-04
-1.280650120000000058e-02 2.437140360000000100e-04
-1.267090809999999942e-02 2.406977440000000116e-04
-1.253552079999999992e-02 2.326641260000000052e-04
-1.240576520000000009e-02 2.260733749999999944e-04
-1.228083760000000038e-02 2.159095019999999956e-04
-1.216117010000000026e-02 2.093956140000000099e-04
-1.204701610000000027e-02 2.012309559999999979e-04
-1.193616540000000045e-02 1.963112149999999927e-04
-1.182972170000000031e-02 1.892018189999999868e-04
-1.172307790000000002e-02 1.867624230000000023e-04
-1.162009970000000073e-02 1.861074850000000124e-04
-1.151777709999999948e-02 1.852185959999999912e-04
-1.141608510000000076e-02 1.838384780000000118e-04
-1.131782219999999915e-02 1.815337310000000046e-04
-1.122223590000000042e-02 1.795903950000000005e-04
-1.112538390000000071e-02 1.796473950000000036e-04
-1.102686859999999977e-02 1.776983990000000101e-04
-1.092868020000000058e-02 1.768094079999999900e-04
-1.083094159999999952e-02 1.743950560000000064e-04
-1.073340230000000006e-02 1.734065880000000082e-04
-1.063814759999999991e-02 1.744781040000000102e-04
-1.054414270000000008e-02 1.738714779999999901e-04
-1.045061740000000072e-02 1.730146759999999896e-04
-1.035818919999999949e-02 1.722814049999999938e-04
-1.026415819999999986e-02 1.682048750000000046e-04
-1.017029680000000082e-02 1.666421889999999983e-04
-1.007816939999999981e-02 1.645339800000000059e-04
-9.987149390000000029e-03 1.631095510000000071e-04
-9.897389450000000297e-03 1.612571209999999955e-04
-9.809278879999999354e-03 1.595983189999999983e-04
-9.722916410000000814e-03 1.579086819999999921e-04
-9.636995380000000846e-03 1.568164009999999944e-04
-9.551767259999999898e-03 1.549698060000000046e-04
-9.467089550000000117e-03 1.541844099999999877e-04
-9.382315909999999412e-03 1.524113899999999882e-04
-9.298972790000000280e-03 1.509219440000000097e-04
-9.216528389999999182e-03 1.476879410000000049e-04
-9.134575719999999538e-03 1.462279320000000108e-04
-9.056071750000000212e-03 1.479311609999999974e-04
-8.978896769999999625e-03 1.475416500000000073e-04
-8.899418640000000130e-03 1.426502709999999993e-04
-8.819846439999999219e-03 1.411399430000000047e-04
-8.742364120000000252e-03 1.404215439999999975e-04
-8.665397760000000463e-03 1.398523020000000015e-04
-8.589048869999999294e-03 1.398156889999999867e-04
-8.515520949999999187e-03 1.381140029999999874e-04
-8.444808419999999885e-03 1.375443240000000027e-04
-8.374419060000000761e-03 1.371446120000000077e-04
-8.302054370000000807e-03 1.327344510000000072e-04
-8.228595369999999395e-03 1.316205889999999947e-04
-8.156347090000000064e-03 1.305758920000000026e-04
-8.085350510000000393e-03 1.296257830000000085e-04
-8.015436120000000303e-03 1.292695229999999958e-04
-7.946684960000000367e-03 1.284476749999999984e-04
-7.879084910000000441e-03 1.275854009999999891e-04
-7.812019439999999884e-03 1.269540950000000044e-04
-7.745256179999999990e-03 1.257062250000000011e-04
-7.678415160000000295e-03 1.251305660000000047e-04
-7.610939910000000426e-03 1.224988079999999886e-04
-7.544355469999999841e-03 1.211838029999999983e-04
-7.479926569999999914e-03 1.211183190000000008e-04
-7.415765900000000251e-03 1.209341279999999946e-04
-7.351498589999999958e-03 1.206957820000000015e-04
-7.288852240000000086e-03 1.196399680000000056e-04
-7.226992399999999928e-03 1.175550210000000061e-04
-7.163602389999999993e-03 1.177245290000000002e-04
-7.099996320000000367e-03 1.178349699999999971e-04
-7.037807259999999919e-03 1.168620510000000065e-04
-6.975776979999999926e-03 1.144466949999999961e-04
-6.914405620000000328e-03 1.133381079999999934e-04
-6.854846609999999674e-03 1.136995200000000061e-04
-6.796182599999999775e-03 1.132956019999999987e-04
-6.737416139999999852e-03 1.115671839999999942e-04
-6.677926520000000352e-03 1.113795370000000010e-04
-6.618196140000000109e-03 1.104552649999999969e-04
-6.558693009999999948e-03 1.098332939999999944e-04
-6.500323300000000228e-03 1.100098160000000021e-04
-6.443436720000000027e-03 1.093328459999999970e-04
-6.386607889999999788e-03 1.075532129999999943e-04
-6.330011410000000067e-03 1.067719860000000020e-04
-6.273491309999999592e-03 1.051236689999999997e-04
-6.217082500000000247e-03 1.044658859999999937e-04
-6.161483469999999574e-03 1.035823010000000021e-04
-6.105660930000000354e-03 1.033988370000000047e-04
-6.050967150000000246e-03 1.047745969999999964e-04
-5.997196770000000170e-03 1.045711979999999937e-04
-5.942467130000000236e-03 1.024203809999999940e-04
-5.888036919999999931e-03 1.016064929999999978e-04
-5.835189020000000094e-03 1.023621729999999933e-04
-5.783032629999999667e-03 1.022215070000000029e-04
-5.729266910000000053e-03 9.875305109999999906e-05
-5.674847400000000361e-03 9.789783510000000383e-05
-5.622151310000000207e-03 9.840163690000000628e-05
-5.569431470000000411e-03 9.846060860000000207e-05
-5.517410579999999787e-03 9.979709280000000472e-05
-5.466972940000000211e-03 9.946347559999999519e-05
-5.416448229999999871e-03 9.839454290000000062e-05
-5.366012449999999802e-03 9.795527150000000593e-05
-5.314978310000000213e-03 9.610075359999999416e-05
-5.263651719999999992e-03 9.560996839999999996e-05
-5.212713960000000396e-03 9.452293310000000454e-05
-5.162506830000000019e-03 9.369212780000000379e-05
-5.113986790000000365e-03 9.420174319999999714e-05
-5.065260460000000145e-03 9.437929839999999366e-05
-5.016298500000000368e-03 9.448461790000000434e-05
-4.967792430000000405e-03 9.437689000000000028e-05
-4.919082390000000145e-03 9.409135959999999582e-05
-4.870902750000000343e-03 9.367136229999999651e-05
-4.822380379999999592e-03 9.157284509999999986e-05
-4.774770230000000178e-03 9.026909540000000560e-05
-4.728389900000000250e-03 8.870151209999999542e-05
-4.680943209999999938e-03 8.865499690000000434e-05
-4.633946810000000131e-03 8.928425809999999832e-05
-4.587993490000000056e-03 8.900554529999999808e-05
-4.542094659999999957e-03 8.832373710000000224e-05
-4.495556470000000235e-03 8.846066340000000353e-05
-4.448723980000000335e-03 8.868178699999999966e-05
-4.403007219999999569e-03 8.809369320000000401e-05
-4.357574969999999936e-03 8.659392920000000033e-05
-4.312741099999999744e-03 8.569406779999999926e-05
-4.268743099999999790e-03 8.458959200000000555e-05
-4.224597479999999891e-03 8.416479979999999430e-05
-4.180724270000000034e-03 8.344896199999999611e-05
-4.136409609999999910e-03 8.356920440000000351e-05
-4.091912409999999729e-03 8.391300070000000237e-05
-4.047906960000000054e-03 8.374460590000000265e-05
-4.004391379999999723e-03 8.377173069999999957e-05
-3.961964509999999808e-03 8.312718270000000467e-05
-3.919910639999999585e-03 8.196069389999999471e-05
-3.877656530000000209e-03 8.166144109999999416e-05
-3.835267619999999968e-03 8.060540130000000338e-05
-3.792806760000000128e-03 8.015793720000000491e-05
-3.750961970000000166e-03 7.995063059999999821e-05
-3.709800770000000036e-03 7.957461640000000570e-05
-3.669053550000000215e-03 7.951840230000000115e-05
-3.627860919999999906e-03 7.976708730000000333e-05
-3.586421020000000147e-03 7.974189069999999683e-05
-3.545827230000000042e-03 7.922430089999999748e-05
-3.505769420000000216e-03 7.868174729999999925e-05
-3.465679010000000115e-03 7.839879979999999564e-05
-3.425186030000000083e-03 7.695036770000000543e-05
-3.384721930000000011e-03 7.651666240000000127e-05
-3.345065520000000021e-03 7.665533490000000193e-05
-3.305743219999999864e-03 7.650520270000000069e-05
-3.266693790000000080e-03 7.683061990000000579e-05
-3.228052520000000009e-03 7.670337069999999394e-05
-3.189760729999999937e-03 7.664136500000000545e-05
-3.151663580000000145e-03 7.650184850000000267e-05
-3.112778770000000032e-03 7.479862689999999456e-05
-3.073610830000000210e-03 7.425358489999999735e-05
-3.035099710000000069e-03 7.384250059999999949e-05
-2.997067759999999959e-03 7.350749370000000265e-05
-2.959402280000000048e-03 7.346321950000000165e-05
-2.922025740000000048e-03 7.327459750000000127e-05
-2.884854799999999903e-03 7.281342550000000297e-05
-2.847660570000000013e-03 7.266135799999999360e-05
-2.810482400000000134e-03 7.226606979999999718e-05
-2.773305629999999865e-03 7.202431880000000303e-05
-2.736628750000000103e-03 7.218931570000000587e-05
-2.700595880000000032e-03 7.196064689999999366e-05
-2.664298519999999931e-03 7.088785789999999616e-05
-2.627899170000000135e-03 7.056188770000000523e-05
-2.591748950000000162e-03 7.033613660000000048e-05
-2.555954039999999879e-03 7.004223880000000184e-05
-2.520417789999999936e-03 6.938923619999999798e-05
-2.484682020000000130e-03 6.927413779999999535e-05
-2.449003050000000178e-03 6.904936889999999344e-05
-2.413359009999999864e-03 6.885298349999999777e-05
-2.378110540000000130e-03 6.897038839999999980e-05
-2.343437629999999949e-03 6.876119010000000592e-05
-2.308594059999999944e-03 6.815354569999999487e-05
-2.273951189999999858e-03 6.781412960000000076e-05
-2.239745809999999816e-03 6.734133790000000424e-05
-2.205309459999999812e-03 6.730994209999999721e-05
-2.170854710000000038e-03 6.719174420000000611e-05
-2.136467259999999795e-03 6.701694660000000084e-05
-2.102517060000000122e-03 6.726220450000000356e-05
-2.069015989999999951e-03 6.717254289999999360e-05
-2.035360549999999918e-03 6.666793339999999577e-05
-2.001882759999999966e-03 6.637949259999999805e-05
-1.968446650000000003e-03 6.589671099999999887e-05
-1.934951290000000001e-03 6.575832230000000533e-05
-1.901710170000000004e-03 6.554711580000000188e-05
-1.869074650000000087e-03 6.510694949999999703e-05
-1.836809329999999994e-03 6.450239740000000594e-05
-1.803845400000000021e-03 6.461596789999999343e-05
-1.770659929999999918e-03 6.456437399999999686e-05
-1.738011719999999968e-03 6.431138170000000494e-05
-1.705463159999999955e-03 6.401613060000000365e-05
-1.672948359999999919e-03 6.388977639999999342e-05
-1.640735190000000045e-03 6.379870319999999422e-05
-1.608690359999999939e-03 6.366477460000000599e-05
-1.576675569999999929e-03 6.334311909999999692e-05
-1.544716540000000025e-03 6.310783649999999556e-05
-1.512973340000000081e-03 6.281621609999999876e-05
-1.481481829999999923e-03 6.264592959999999830e-05
-1.450244449999999992e-03 6.259584919999999851e-05
-1.419051200000000018e-03 6.255137119999999598e-05
-1.387400790000000101e-03 6.190097339999999491e-05
-1.355804969999999977e-03 6.163392390000000027e-05
-1.324706830000000083e-03 6.148666579999999911e-05
-1.293913810000000067e-03 6.125018990000000629e-05
-1.263265960000000028e-03 6.083552579999999843e-05
-1.232426609999999955e-03 6.071837919999999698e-05
-1.201692739999999943e-03 6.057093920000000301e-05
-1.171191110000000023e-03 6.046111959999999778e-05
-1.140568640000000052e-03 6.018226849999999857e-05
-1.110033249999999938e-03 6.002975719999999800e-05
-1.079930690000000058e-03 6.009951179999999907e-05
-1.050126269999999973e-03 5.994534880000000100e-05
-1.020284840000000104e-03 5.945511290000000335e-05
-9.902089369999999592e-04 5.933851209999999889e-05
-9.601910130000000524e-04 5.911335389999999808e-05
-9.304225679999999837e-04 5.896322910000000250e-05
-9.008722849999999897e-04 5.890929970000000044e-05
-8.715981380000000032e-04 5.872442130000000201e-05
-8.421848180000000373e-04 5.819936629999999895e-05
-8.127632900000000176e-04 5.801479349999999778e-05
-7.837304730000000134e-04 5.792953740000000260e-05
-7.548612779999999819e-04 5.780048740000000084e-05
-7.260466230000000524e-04 5.753308870000000156e-05
-6.972714329999999631e-04 5.733516080000000301e-05
-6.685681290000000535e-04 5.690703980000000204e-05
-6.399217530000000280e-04 5.679652530000000064e-05
-6.113693229999999637e-04 5.664629859999999753e-05
-5.830663139999999692e-04 5.644265179999999966e-05
-5.548433979999999955e-04 5.622267780000000291e-05
-5.267225790000000475e-04 5.608184069999999963e-05
-4.987549619999999666e-04 5.573306040000000042e-05
-4.709578640000000008e-04 5.550495549999999960e-05
-4.433127760000000030e-04 5.512516869999999904e-05
-4.156456270000000110e-04 5.492695709999999840e-05
-3.881189039999999790e-04 5.461203549999999867e-05
-3.609634590000000156e-04 5.435070120000000052e-05
-3.338138050000000060e-04 5.383823010000000269e-05
-3.067801879999999945e-04 5.358346970000000268e-05
-2.800656660000000182e-04 5.320368290000000212e-05
-2.535843230000000138e-04 5.292674899999999662e-05
-2.272643030000000069e-04 5.242682889999999860e-05
-2.011264300000000014e-04 5.206678539999999968e-05
-1.751846430000000008e-04 5.139620770000000139e-05
-1.495746980000000042e-04 5.102644720000000170e-05
-1.242165450000000089e-04 5.041975600000000096e-05
-9.900343140000000613e-05 5.011393660000000290e-05
-7.393882699999999809e-05 4.969961080000000122e-05
-4.912832449999999889e-05 4.940287180000000114e-05
-2.457773189999999943e-05 4.880242699999999935e-05
2.234842499999999982e-07 4.874445219999999916e-05
2.475203290000000154e-05 4.901797730000000255e-05
4.956717380000000105e-05 4.922876909999999881e-05
7.438347529999999664e-05 4.979528969999999857e-05
9.929143559999999472e-05 5.012129989999999908e-05
1.245706949999999960e-04 5.059930850000000181e-05
1.500773650000000118e-04 5.090870040000000245e-05
1.756130509999999866e-04 5.152883019999999895e-05
2.013761699999999893e-04 5.188883370000000185e-05
2.273841240000000095e-04 5.247993979999999829e-05
2.536833340000000108e-04 5.279557809999999788e-05
2.802923260000000178e-04 5.315404270000000249e-05
3.069837110000000167e-04 5.340431739999999919e-05
3.338457319999999884e-04 5.401876479999999961e-05
3.607726830000000163e-04 5.427962609999999720e-05
3.878331039999999893e-04 5.457806399999999997e-05
4.150130259999999967e-04 5.475736179999999805e-05
4.423519129999999911e-04 5.498990870000000332e-05
4.699912970000000127e-04 5.517883620000000271e-05
4.977374340000000497e-04 5.552430589999999774e-05
5.254824059999999714e-04 5.572311059999999881e-05
5.533921649999999810e-04 5.600048830000000228e-05
5.814086759999999559e-04 5.616453930000000225e-05
6.096223950000000330e-04 5.650482850000000283e-05
6.380334379999999658e-04 5.674627760000000256e-05
6.664525140000000011e-04 5.719005639999999923e-05
6.948589000000000024e-04 5.726419480000000285e-05
7.233081850000000002e-04 5.739701009999999845e-05
7.518781349999999891e-04 5.759511990000000336e-05
7.806789939999999673e-04 5.776077519999999913e-05
8.095761300000000249e-04 5.787825279999999934e-05
8.386403789999999836e-04 5.814564790000000081e-05
8.677533479999999895e-04 5.827148929999999738e-05
8.968082839999999729e-04 5.849822630000000104e-05
9.259200889999999679e-04 5.861403410000000288e-05
9.551270630000000244e-04 5.877681909999999966e-05
9.847737380000000720e-04 5.901897019999999971e-05
1.014678040000000035e-03 5.926160519999999879e-05
1.044414119999999974e-03 5.932834029999999666e-05
1.074181520000000098e-03 5.968645559999999838e-05
1.103963940000000053e-03 5.982476429999999989e-05
1.133708169999999953e-03 6.004762330000000195e-05
1.163658799999999979e-03 6.025203399999999810e-05
1.193794069999999912e-03 6.051171290000000269e-05
1.224156699999999921e-03 6.065905469999999873e-05
1.254656239999999952e-03 6.083930570000000034e-05
1.285059380000000070e-03 6.092897459999999739e-05
1.315489289999999907e-03 6.113314880000000342e-05
1.346030619999999921e-03 6.127356759999999492e-05
1.376926899999999978e-03 6.130385740000000318e-05
1.408064620000000012e-03 6.146013039999999978e-05
1.438906420000000052e-03 6.215583560000000421e-05
1.469824810000000016e-03 6.236727490000000171e-05
1.501021670000000094e-03 6.248883439999999650e-05
1.532238329999999985e-03 6.262924579999999588e-05
1.563596420000000053e-03 6.278334329999999818e-05
1.594973150000000015e-03 6.285007110000000218e-05
1.626443819999999962e-03 6.311704060000000477e-05
1.658076999999999988e-03 6.331098849999999595e-05
1.689773870000000093e-03 6.350477629999999802e-05
1.721651879999999994e-03 6.368337199999999753e-05
1.753826860000000029e-03 6.368337929999999818e-05
1.786355739999999966e-03 6.380854029999999486e-05
1.818762860000000059e-03 6.435905380000000282e-05
1.850950529999999912e-03 6.451267840000000280e-05
1.883224229999999914e-03 6.504157499999999568e-05
1.915632399999999931e-03 6.531323020000000203e-05
1.948242539999999997e-03 6.548570670000000661e-05
1.980966419999999860e-03 6.561617190000000220e-05
2.013840949999999921e-03 6.572662819999999491e-05
2.047028859999999815e-03 6.586461679999999611e-05
2.080307339999999932e-03 6.609680710000000463e-05
2.113512719999999841e-03 6.622609359999999650e-05
2.146816580000000026e-03 6.642064550000000012e-05
2.180522069999999996e-03 6.673136519999999688e-05
2.214503709999999809e-03 6.738791849999999962e-05
2.248317000000000111e-03 6.752431359999999845e-05
2.282117489999999950e-03 6.766965820000000196e-05
2.316382249999999945e-03 6.790793850000000282e-05
2.350802300000000029e-03 6.830993520000000030e-05
2.384986960000000031e-03 6.840586140000000153e-05
2.419198400000000145e-03 6.862737789999999438e-05
2.453679920000000070e-03 6.886928170000000411e-05
2.488506259999999966e-03 6.922827740000000616e-05
2.523555189999999917e-03 6.949214000000000107e-05
2.558863020000000116e-03 6.953089909999999750e-05
2.594839079999999940e-03 6.994670549999999732e-05
2.630745759999999871e-03 7.121797530000000128e-05
2.666029150000000150e-03 7.120423830000000389e-05
2.701167479999999795e-03 7.140557859999999558e-05
2.736259479999999817e-03 7.154737980000000085e-05
2.771952419999999893e-03 7.121038650000000492e-05
2.808135240000000140e-03 7.138300860000000234e-05
2.844275910000000109e-03 7.166206340000000482e-05
2.880798649999999957e-03 7.199204989999999631e-05
2.917539329999999792e-03 7.254435330000000249e-05
2.954515630000000091e-03 7.278483099999999960e-05
2.991323819999999918e-03 7.373129480000000652e-05
3.028096860000000119e-03 7.415044819999999518e-05
3.065870379999999836e-03 7.392876429999999902e-05
3.103900240000000057e-03 7.400375760000000322e-05
3.141295399999999814e-03 7.499015189999999609e-05
3.178567629999999849e-03 7.527130220000000083e-05
3.216443120000000207e-03 7.504456880000000176e-05
3.254859240000000046e-03 7.518474739999999354e-05
3.293103769999999875e-03 7.586029819999999372e-05
3.331185779999999881e-03 7.610845199999999343e-05
3.369487119999999957e-03 7.643205750000000339e-05
3.408151680000000208e-03 7.676640959999999833e-05
3.447418570000000161e-03 7.698232369999999391e-05
3.487156239999999845e-03 7.734447719999999814e-05
3.527635480000000136e-03 7.681930579999999805e-05
3.568197129999999863e-03 7.667978209999999964e-05
3.607614659999999838e-03 7.820297469999999999e-05
3.646912750000000022e-03 7.857190209999999602e-05
3.686384760000000014e-03 7.930345600000000361e-05
3.726431169999999855e-03 8.001803510000000605e-05
3.767440789999999817e-03 8.070308830000000528e-05
3.808519800000000066e-03 8.099325350000000545e-05
3.849727800000000109e-03 8.127812909999999446e-05
3.891064320000000090e-03 8.145812170000000401e-05
3.932568239999999909e-03 8.167904160000000365e-05
3.974198360000000263e-03 8.172258090000000569e-05
4.015884360000000243e-03 8.175297259999999438e-05
4.058678169999999780e-03 8.253845590000000404e-05
4.102135080000000357e-03 8.393049209999999514e-05
4.144973120000000101e-03 8.406352569999999531e-05
4.187433980000000375e-03 8.474373320000000670e-05
4.230394030000000048e-03 8.528859330000000433e-05
4.273726139999999701e-03 8.618003629999999816e-05
4.316940439999999990e-03 8.631195670000000393e-05
4.360496529999999780e-03 8.610856459999999529e-05
4.404568109999999759e-03 8.646099010000000203e-05
4.448967049999999653e-03 8.689439710000000281e-05
4.493965299999999607e-03 8.741017519999999346e-05
4.539678800000000389e-03 8.798245110000000430e-05
4.585899410000000148e-03 8.849622099999999894e-05
4.631565879999999767e-03 9.051164670000000302e-05
4.676668900000000018e-03 9.077433059999999421e-05
4.722144450000000104e-03 9.088142540000000182e-05
4.767826759999999747e-03 9.116712319999999603e-05
4.814396149999999701e-03 9.048523499999999459e-05
4.861687309999999582e-03 9.067152859999999363e-05
4.908986859999999765e-03 9.151762060000000383e-05
4.956432620000000323e-03 9.191314169999999933e-05
5.003739150000000371e-03 9.289566510000000154e-05
5.051351620000000056e-03 9.343355489999999796e-05
5.098974800000000314e-03 9.491024680000000350e-05
5.147122310000000131e-03 9.562565539999999824e-05
5.196935029999999629e-03 9.484178740000000142e-05
5.246974990000000116e-03 9.482441239999999890e-05
5.296411919999999794e-03 9.613926520000000376e-05
5.345491229999999906e-03 9.640119239999999908e-05
5.394712089999999932e-03 9.652715380000000405e-05
5.444436799999999819e-03 9.687527929999999459e-05
5.493985950000000382e-03 9.813492220000000470e-05
5.544148849999999684e-03 9.882126319999999726e-05
5.595307330000000301e-03 9.906987540000000301e-05
5.646803879999999672e-03 9.949529339999999651e-05
5.698700440000000096e-03 1.000096020000000043e-04
5.751010959999999610e-03 1.004433509999999938e-04
5.804169920000000309e-03 1.006125679999999987e-04
5.857079289999999987e-03 1.005272350000000045e-04
5.909083879999999823e-03 1.014148000000000035e-04
5.961506160000000325e-03 1.018449180000000005e-04
6.014238110000000304e-03 1.025255990000000037e-04
6.068061569999999919e-03 1.035627210000000011e-04
6.122653839999999716e-03 1.051614960000000018e-04
6.176826540000000289e-03 1.054875029999999974e-04
6.231197160000000179e-03 1.064637329999999988e-04
6.285793609999999754e-03 1.069538920000000042e-04
6.340751890000000286e-03 1.073065940000000038e-04
6.395450789999999885e-03 1.072772940000000006e-04
6.450903600000000224e-03 1.059362549999999943e-04
6.508874240000000339e-03 1.068169800000000027e-04
6.566976199999999611e-03 1.090519580000000040e-04
6.624074189999999869e-03 1.093995229999999980e-04
6.680892780000000260e-03 1.112457759999999990e-04
6.737891119999999713e-03 1.120225279999999968e-04
6.795522759999999586e-03 1.127008000000000035e-04
6.853358819999999692e-03 1.130677629999999939e-04
6.911705710000000391e-03 1.132344259999999990e-04
6.971334109999999598e-03 1.139070590000000003e-04
7.031894749999999944e-03 1.142304320000000041e-04
7.092472629999999924e-03 1.145105629999999998e-04
7.153538059999999844e-03 1.149061569999999967e-04
7.215705230000000157e-03 1.157163420000000036e-04
7.276902909999999856e-03 1.191445040000000018e-04
7.337473800000000011e-03 1.200019179999999963e-04
7.398708260000000196e-03 1.212751230000000033e-04
7.460650519999999751e-03 1.219910920000000031e-04
7.524600250000000080e-03 1.206425879999999964e-04
7.589000280000000008e-03 1.205904479999999945e-04
7.652667820000000343e-03 1.216614330000000040e-04
7.716276680000000096e-03 1.220124690000000064e-04
7.780408489999999719e-03 1.225748710000000119e-04
7.845886050000000500e-03 1.235908419999999974e-04
7.910980839999999861e-03 1.265829779999999973e-04
7.977263999999999536e-03 1.283745369999999967e-04
8.046495730000000415e-03 1.284268659999999887e-04
8.116476239999999981e-03 1.287160850000000048e-04
8.185231129999999758e-03 1.315717530000000044e-04
8.252079600000000043e-03 1.316329289999999905e-04
8.319987920000000703e-03 1.305330080000000005e-04
8.389577270000000281e-03 1.311502559999999965e-04
8.459101429999999269e-03 1.324738400000000083e-04
8.529880079999999781e-03 1.337051940000000055e-04
8.602016610000000688e-03 1.348582450000000124e-04
8.675212970000000315e-03 1.357199219999999948e-04
8.748165330000000003e-03 1.385269859999999987e-04
8.821417579999999217e-03 1.399005409999999920e-04
8.896645159999999261e-03 1.409518590000000094e-04
8.972089739999999577e-03 1.414681459999999941e-04
9.047128260000000463e-03 1.430378619999999907e-04
9.122459220000000285e-03 1.437787580000000117e-04
9.198954330000000054e-03 1.438930920000000113e-04
9.278507899999999947e-03 1.455672170000000111e-04
9.358772079999999258e-03 1.490420400000000032e-04
9.439649059999999370e-03 1.508563150000000088e-04
9.520628490000000374e-03 1.557142820000000051e-04
9.601415130000000644e-03 1.573519839999999899e-04
9.684169660000000249e-03 1.592203480000000022e-04
9.767012670000000188e-03 1.599523970000000020e-04
9.851776059999999349e-03 1.581714600000000057e-04
9.940089660000000008e-03 1.594392670000000065e-04
1.002923860000000042e-02 1.615901270000000105e-04
1.011692169999999988e-02 1.616999510000000063e-04
1.020343790000000084e-02 1.639420950000000101e-04
1.029184370000000084e-02 1.658828700000000017e-04
1.038123019999999917e-02 1.702705920000000006e-04
1.047122760000000069e-02 1.722284939999999963e-04
1.056303830000000082e-02 1.739900470000000081e-04
1.065596289999999960e-02 1.752939280000000090e-04
1.075116360000000042e-02 1.751136730000000098e-04
1.084667440000000073e-02 1.749903460000000032e-04
1.094193100000000023e-02 1.750986119999999903e-04
1.103940049999999930e-02 1.766973729999999927e-04
1.113749760000000075e-02 1.807594820000000071e-04
1.123488790000000057e-02 1.818116289999999918e-04
1.133217480000000069e-02 1.842088530000000023e-04
1.143093310000000036e-02 1.859564649999999916e-04
1.153234860000000063e-02 1.863731300000000084e-04
1.163317539999999921e-02 1.859096809999999877e-04
1.173425089999999976e-02 1.842403000000000053e-04
1.183413160000000054e-02 1.831711999999999989e-04
1.193237580000000055e-02 1.829246319999999943e-04
1.203226949999999969e-02 1.838234169999999922e-04
1.213283180000000044e-02 1.858943720000000104e-04
1.223568059999999985e-02 1.880266649999999908e-04
1.234101779999999954e-02 1.890750860000000103e-04
1.244870390000000007e-02 1.905928509999999952e-04
1.255428980000000000e-02 1.983220859999999981e-04
1.265963070000000051e-02 2.012165790000000100e-04
1.276857309999999968e-02 2.032584019999999906e-04
1.288306250000000042e-02 2.073185900000000103e-04
1.300007199999999967e-02 2.151922240000000085e-04
1.312736790000000077e-02 2.242349149999999978e-04
1.325899829999999981e-02 2.412884789999999947e-04
1.339701000000000086e-02 2.512641370000000068e-04
1.354173569999999986e-02 2.677596640000000122e-04
1.368539870000000033e-02 2.726749810000000224e-04
1.383723499999999981e-02 2.727317909999999986e-04
1.398699819999999969e-02 2.718733159999999881e-04
1.413950419999999986e-02 2.659116869999999882e-04
1.428873370000000032e-02 2.618122960000000029e-04
1.443538540000000037e-02 2.536750109999999828e-04
1.458238530000000033e-02 2.509555779999999930e-04
1.472483580000000063e-02 2.510001359999999740e-04
1.486430879999999996e-02 2.488776519999999926e-04
1.500135659999999975e-02 2.470848849999999954e-04
1.513639370000000040e-02 2.455667419999999759e-04
1.527157980000000068e-02 2.420031229999999899e-04
1.540738250000000045e-02 2.411041790000000040e-04
1.554215609999999928e-02 2.393755709999999997e-04
1.568005979999999994e-02 2.406355200000000118e-04
1.581745780000000032e-02 2.449802999999999963e-04
1.595041900000000040e-02 2.435383940000000096e-04
1.608217320000000089e-02 2.415906490000000047e-04
1.621384550000000077e-02 2.411645549999999884e-04
1.634564250000000024e-02 2.397757779999999954e-04
1.647709870000000146e-02 2.390709270000000090e-04
1.661077700000000018e-02 2.342876250000000115e-04
1.674435289999999868e-02 2.325183160000000100e-04
1.687497829999999935e-02 2.315977910000000092e-04
1.700335929999999968e-02 2.299157640000000068e-04
1.712972299999999948e-02 2.286134840000000055e-04
1.725530440000000096e-02 2.273567519999999866e-04
1.738069210000000100e-02 2.242424090000000043e-04
1.750618779999999972e-02 2.234882269999999998e-04
1.762959919999999847e-02 2.256975710000000131e-04
1.775189679999999992e-02 2.258394960000000007e-04
1.787546090000000087e-02 2.232426919999999876e-04
1.799641739999999906e-02 2.207395149999999905e-04
1.811441969999999860e-02 2.187202190000000124e-04
1.823198609999999997e-02 2.174293039999999997e-04
1.834833619999999901e-02 2.159046269999999866e-04
1.846541280000000076e-02 2.160812000000000073e-04
1.858378020000000033e-02 2.152222589999999887e-04
1.870124410000000015e-02 2.143825110000000130e-04
1.881919799999999879e-02 2.103942679999999915e-04
1.893657069999999873e-02 2.086096939999999996e-04
1.904920489999999828e-02 2.115669630000000011e-04
1.916020740000000042e-02 2.113572699999999944e-04
1.927248759999999894e-02 2.086684690000000116e-04
1.938663050000000165e-02 2.090973579999999999e-04
1.950043070000000156e-02 2.108521440000000005e-04
1.961474309999999832e-02 2.117919499999999908e-04
1.973012089999999844e-02 2.134216480000000011e-04
1.984307730000000117e-02 2.125660980000000123e-04
1.995436659999999876e-02 2.121513970000000083e-04
2.006456809999999924e-02 2.113491060000000088e-04
2.017567119999999839e-02 2.076167000000000073e-04
2.029000970000000015e-02 2.079260160000000050e-04
2.040473740000000105e-02 2.081686110000000012e-04
2.051857110000000067e-02 2.079969129999999894e-04
2.063230240000000007e-02 2.084635930000000017e-04
2.074702269999999932e-02 2.092392100000000082e-04
2.086078560000000082e-02 2.121847939999999986e-04
2.097264490000000023e-02 2.121010619999999904e-04
2.108449490000000037e-02 2.118840199999999941e-04
2.119792250000000072e-02 2.124579330000000012e-04
2.131346240000000017e-02 2.105628809999999975e-04
2.143089290000000161e-02 2.112962389999999981e-04
2.154817620000000142e-02 2.143676539999999915e-04
2.166751769999999966e-02 2.167279309999999937e-04
2.178690399999999930e-02 2.223807970000000090e-04
2.190136349999999982e-02 2.214536359999999884e-04
2.201527359999999947e-02 2.197967259999999935e-04
2.213189379999999998e-02 2.205233469999999985e-04
2.225095029999999904e-02 2.185103799999999928e-04
2.237175029999999981e-02 2.191248640000000014e-04
2.249319110000000052e-02 2.197663419999999984e-04
2.261510309999999885e-02 2.202800390000000052e-04
2.273672629999999931e-02 2.230080570000000061e-04
2.285819130000000046e-02 2.239103490000000040e-04
2.297883480000000034e-02 2.269257380000000055e-04
2.310211399999999998e-02 2.292745339999999947e-04
2.323034590000000107e-02 2.275819859999999922e-04
2.336126009999999961e-02 2.288832469999999995e-04
2.349045129999999953e-02 2.353495949999999935e-04
2.362060919999999994e-02 2.382621609999999971e-04
2.375374359999999838e-02 2.422903200000000082e-04
2.388894559999999931e-02 2.450043390000000015e-04
2.402474539999999853e-02 2.506068560000000007e-04
2.416546639999999843e-02 2.555824760000000159e-04
2.430990900000000107e-02 2.631848619999999908e-04
2.447208949999999869e-02 2.761729700000000115e-04
2.464024910000000082e-02 3.022705790000000084e-04
2.505655030000000089e-02 4.607016160000000247e-04
2.555285950000000042e-02 7.699031849999999700e-04
2.593501659999999931e-02 8.131579380000000540e-04
2.645758730000000170e-02 6.960500610000000055e-04
2.692243830000000046e-02 6.191881260000000470e-04
2.729648910000000150e-02 5.573416129999999788e-04
2.767604590000000142e-02 5.375941980000000387e-04
2.801678520000000158e-02 5.477888630000000286e-04
2.834983359999999897e-02 5.475531800000000334e-04
2.868525499999999978e-02 5.429591980000000526e-04
2.900126199999999987e-02 5.296705640000000121e-04
2.931393499999999930e-02 5.001599780000000155e-04
2.961434240000000023e-02 4.821991899999999954e-04
2.989610659999999975e-02 4.613744090000000101e-04
3.017755969999999857e-02 4.530402080000000219e-04
3.044770659999999907e-02 4.489420389999999785e-04
3.074060569999999964e-02 4.616891669999999737e-04
3.105165439999999985e-02 4.668784680000000252e-04
3.132719920000000269e-02 4.474797459999999764e-04
3.158953409999999684e-02 4.171261680000000103e-04
3.185531870000000293e-02 4.082985109999999907e-04
3.211173789999999945e-02 3.976807060000000257e-04
3.234152120000000075e-02 3.778417009999999803e-04
3.255651519999999688e-02 3.474281399999999773e-04
3.276667739999999940e-02 3.331037590000000153e-04
3.295837339999999754e-02 3.242840760000000088e-04
3.314786780000000127e-02 3.202273509999999752e-04
3.333182259999999814e-02 3.193516169999999731e-04
3.350439300000000037e-02 3.122197520000000040e-04
3.367308150000000028e-02 2.976253160000000221e-04
3.384259719999999777e-02 2.928673639999999955e-04
3.400808949999999803e-02 2.863676639999999940e-04
3.417097029999999896e-02 2.820605000000000009e-04
3.433000299999999783e-02 2.766064719999999986e-04
3.448406610000000205e-02 2.720381600000000111e-04
3.463418409999999975e-02 2.669072999999999780e-04
3.478255870000000055e-02 2.640253219999999946e-04
3.492775189999999808e-02 2.602832100000000161e-04
3.507290040000000247e-02 2.589116630000000223e-04
3.521931539999999944e-02 2.529932539999999830e-04
3.536493699999999907e-02 2.500328410000000217e-04
3.550552950000000069e-02 2.502580169999999880e-04
3.564268720000000196e-02 2.486119629999999827e-04
3.577746080000000078e-02 2.480051769999999786e-04
3.591336679999999892e-02 2.484646389999999928e-04
3.605054690000000089e-02 2.485400760000000238e-04
3.618371859999999773e-02 2.461717519999999750e-04
3.631509840000000239e-02 2.416137580000000127e-04
3.644571829999999901e-02 2.395145270000000059e-04
3.657558190000000098e-02 2.349410500000000026e-04
3.670346359999999974e-02 2.317803740000000032e-04
3.682883079999999670e-02 2.272468259999999918e-04
3.695298360000000282e-02 2.251948459999999932e-04
3.707368669999999700e-02 2.260832119999999900e-04
3.719377520000000104e-02 2.260460900000000033e-04
3.731445969999999668e-02 2.240791069999999998e-04
3.743554649999999984e-02 2.236144650000000027e-04
3.755602990000000280e-02 2.233392589999999925e-04
3.767643119999999901e-02 2.228824599999999897e-04
3.779554739999999718e-02 2.237816950000000055e-04
3.791379930000000203e-02 2.238873569999999893e-04
3.803334390000000231e-02 2.228660740000000062e-04
3.815371540000000311e-02 2.230072280000000118e-04
3.827367720000000167e-02 2.232281549999999884e-04
3.839404140000000215e-02 2.235497520000000009e-04
3.851401060000000237e-02 2.250981050000000060e-04
3.863133490000000142e-02 2.237560109999999869e-04
3.874716160000000326e-02 2.225438220000000090e-04
3.886171060000000177e-02 2.216429420000000068e-04
3.897643829999999920e-02 2.188537180000000042e-04
3.909253699999999665e-02 2.186694909999999928e-04
3.921033439999999787e-02 2.161324230000000006e-04
3.932940959999999680e-02 2.159943689999999951e-04
3.944692389999999993e-02 2.173780379999999885e-04
3.957455979999999901e-02 2.236373259999999987e-04
3.970788420000000152e-02 2.315652819999999943e-04
3.983027489999999698e-02 2.281647609999999876e-04
3.993957859999999749e-02 2.404579860000000092e-04
4.003367570000000014e-02 2.357819180000000024e-04
4.013415050000000012e-02 2.130259669999999995e-04
4.024802150000000162e-02 2.128473129999999998e-04
4.036182540000000235e-02 2.116399700000000112e-04
4.047471279999999977e-02 2.106541939999999899e-04
4.058318959999999975e-02 2.152761010000000066e-04
4.069121550000000254e-02 2.163696479999999871e-04
4.080213609999999713e-02 2.145860639999999967e-04
4.091162229999999872e-02 2.133786180000000132e-04
4.102203990000000133e-02 2.092709620000000122e-04
4.113467779999999824e-02 2.091295030000000056e-04
4.124716669999999724e-02 2.081760320000000013e-04
4.135696590000000061e-02 2.062163400000000023e-04
4.146227239999999981e-02 2.082802380000000025e-04
4.156849530000000098e-02 2.092886719999999907e-04
4.167601089999999758e-02 2.099435950000000134e-04
4.178529980000000171e-02 2.115277600000000085e-04
4.189736770000000027e-02 2.113119839999999950e-04
4.200741649999999855e-02 2.100267010000000023e-04
4.211761430000000167e-02 2.069887849999999983e-04
4.222727569999999708e-02 2.055761290000000113e-04
4.233448950000000266e-02 2.049386090000000012e-04
4.244220630000000022e-02 2.047288870000000020e-04
4.254881290000000343e-02 2.060061669999999892e-04
4.265663399999999883e-02 2.074707739999999878e-04
4.276492450000000251e-02 2.107569160000000120e-04
4.287240280000000070e-02 2.114589879999999897e-04
4.298224669999999720e-02 2.102675059999999953e-04
4.309216889999999828e-02 2.098907280000000028e-04
4.320106659999999738e-02 2.097511899999999910e-04
4.330674930000000256e-02 2.077684619999999906e-04
4.341043900000000205e-02 2.055863590000000087e-04
4.351743680000000336e-02 2.065041770000000112e-04
4.362600669999999736e-02 2.064479920000000042e-04
4.373523220000000156e-02 2.070972259999999908e-04
4.384552309999999870e-02 2.078995309999999886e-04
4.395328829999999715e-02 2.066792080000000136e-04
4.405901949999999762e-02 2.058846580000000094e-04
4.416477309999999878e-02 2.056097869999999887e-04
4.427005350000000339e-02 2.056349770000000026e-04
4.437715930000000336e-02 2.064579750000000128e-04
4.448561370000000265e-02 2.065175210000000068e-04
4.459464180000000111e-02 2.071632920000000073e-04
4.470333829999999925e-02 2.102935539999999960e-04
4.481263829999999893e-02 2.117897820000000072e-04
4.492251950000000077e-02 2.141715090000000056e-04
4.502970729999999921e-02 2.134103710000000132e-04
4.513630639999999944e-02 2.122824949999999988e-04
4.524370660000000266e-02 2.120694550000000033e-04
4.535258930000000271e-02 2.090260239999999997e-04
4.546108470000000124e-02 2.079833210000000090e-04
4.556857420000000325e-02 2.067601449999999957e-04
4.567724089999999904e-02 2.070236080000000098e-04
4.578556489999999896e-02 2.091081259999999888e-04
4.589229820000000071e-02 2.089081099999999937e-04
4.599792510000000334e-02 2.093964719999999967e-04
4.610351850000000279e-02 2.095499659999999981e-04
4.621116439999999742e-02 2.065462179999999937e-04
4.632125050000000105e-02 2.066455640000000073e-04
4.643049459999999684e-02 2.083419819999999959e-04
4.653877020000000281e-02 2.086520109999999905e-04
4.664771260000000197e-02 2.091861240000000052e-04
4.675582799999999928e-02 2.088849000000000098e-04
4.686040059999999757e-02 2.131579820000000121e-04
4.696371779999999885e-02 2.139400310000000131e-04
4.707106199999999685e-02 2.093800870000000092e-04
4.718081650000000016e-02 2.088978650000000020e-04
4.729119689999999876e-02 2.065432780000000048e-04
4.739928620000000148e-02 2.046018340000000030e-04
4.750563199999999903e-02 2.028693710000000069e-04
4.761310669999999773e-02 2.029287279999999972e-04
4.771930349999999738e-02 2.044519350000000024e-04
