-4.877525199999999811e-02 2.439338710000000133e-04
-4.871740189999999859e-02 2.188779330000000108e-04
-4.864017290000000049e-02 2.212285619999999941e-04
-4.855702070000000176e-02 2.177751740000000039e-04
-4.846915980000000151e-02 2.196642599999999940e-04
-4.837672409999999729e-02 2.181494349999999979e-04
-4.828145729999999691e-02 2.192844399999999865e-04
-4.818273709999999765e-02 2.158857389999999988e-04
-4.808326809999999979e-02 2.151135269999999934e-04
-4.798447709999999894e-02 2.141059810000000077e-04
-4.788492250000000311e-02 2.139204439999999995e-04
-4.778639970000000264e-02 2.150997320000000109e-04
-4.768719899999999956e-02 2.162263700000000119e-04
-4.758596789999999799e-02 2.159817809999999873e-04
-4.748287799999999920e-02 2.170090450000000052e-04
-4.737770930000000102e-02 2.172311070000000003e-04
-4.727336389999999694e-02 2.168134229999999895e-04
-4.716989030000000305e-02 2.162980240000000073e-04
-4.706752300000000000e-02 2.154476969999999923e-04
-4.696549099999999810e-02 2.136514810000000072e-04
-4.686185350000000166e-02 2.136830440000000075e-04
-4.675687099999999846e-02 2.115219099999999922e-04
-4.665041710000000091e-02 2.119138809999999919e-04
-4.654394089999999706e-02 2.137688719999999889e-04
-4.643844440000000073e-02 2.138489650000000096e-04
-4.633481429999999901e-02 2.163834000000000059e-04
-4.623254759999999991e-02 2.164768670000000107e-04
-4.612897710000000290e-02 2.145624750000000094e-04
-4.602307449999999689e-02 2.149838549999999969e-04
-4.591468719999999837e-02 2.120138380000000035e-04
-4.580650480000000163e-02 2.111089119999999867e-04
-4.570089649999999754e-02 2.128693160000000089e-04
-4.559598489999999726e-02 2.130875650000000070e-04
-4.549097640000000081e-02 2.143475580000000060e-04
-4.538609460000000290e-02 2.147258779999999898e-04
-4.527962950000000153e-02 2.123308800000000022e-04
-4.517134280000000002e-02 2.125638709999999934e-04
-4.506260530000000264e-02 2.124573220000000031e-04
-4.495484749999999891e-02 2.115395179999999989e-04
-4.484888909999999729e-02 2.119875279999999926e-04
-4.474399980000000332e-02 2.117970730000000117e-04
-4.463865610000000012e-02 2.113161320000000087e-04
-4.453188549999999996e-02 2.120002609999999902e-04
-4.442395639999999896e-02 2.111709470000000099e-04
-4.431487989999999960e-02 2.115636739999999974e-04
-4.420673850000000210e-02 2.142144220000000003e-04
-4.409964009999999685e-02 2.142482259999999906e-04
-4.399251190000000311e-02 2.142925079999999903e-04
-4.388749969999999889e-02 2.133333470000000080e-04
-4.378240929999999836e-02 2.105445310000000013e-04
-4.367549720000000330e-02 2.106293399999999887e-04
-4.356753079999999695e-02 2.099054550000000016e-04
-4.345901309999999906e-02 2.099807750000000123e-04
-4.335082319999999934e-02 2.099361880000000116e-04
-4.324198890000000017e-02 2.103072909999999934e-04
-4.313646630000000232e-02 2.168701760000000037e-04
-4.303202410000000339e-02 2.182892060000000002e-04
-4.292414340000000328e-02 2.164950709999999940e-04
-4.281657190000000279e-02 2.159613069999999943e-04
-4.270726069999999930e-02 2.123861780000000027e-04
-4.259731249999999803e-02 2.114786039999999958e-04
-4.248928280000000002e-02 2.113390800000000094e-04
-4.238184910000000055e-02 2.109296039999999982e-04
-4.227666929999999990e-02 2.135570980000000034e-04
-4.217061400000000210e-02 2.147365300000000086e-04
-4.206217450000000052e-02 2.140402500000000078e-04
-4.195246100000000339e-02 2.148457859999999971e-04
-4.184128720000000051e-02 2.146589249999999939e-04
-4.173115639999999682e-02 2.139673449999999967e-04
-4.162210599999999899e-02 2.146470069999999923e-04
-4.151518640000000093e-02 2.136124090000000061e-04
-4.140916470000000071e-02 2.114267550000000103e-04
-4.130090399999999939e-02 2.119882850000000035e-04
-4.119186479999999845e-02 2.122517759999999871e-04
-4.108031840000000295e-02 2.135574900000000091e-04
-4.096823930000000058e-02 2.163003809999999947e-04
-4.085860399999999976e-02 2.161141159999999952e-04
-4.074994850000000085e-02 2.180526499999999967e-04
-4.064163190000000259e-02 2.185494519999999939e-04
-4.053213819999999801e-02 2.171407539999999938e-04
-4.042281959999999980e-02 2.165275950000000033e-04
-4.031180220000000342e-02 2.119895800000000060e-04
-4.019723830000000026e-02 2.121942229999999982e-04
-4.008401560000000169e-02 2.150217040000000060e-04
-3.997139260000000249e-02 2.159669530000000125e-04
-3.986057269999999930e-02 2.215773709999999911e-04
-3.975081440000000077e-02 2.229667439999999878e-04
-3.963882099999999770e-02 2.239536410000000021e-04
-3.952747210000000233e-02 2.239228199999999914e-04
-3.941492359999999862e-02 2.209833759999999968e-04
-3.929970790000000130e-02 2.215267599999999918e-04
-3.918335960000000201e-02 2.211450480000000092e-04
-3.906730559999999769e-02 2.205268250000000060e-04
-3.895349430000000224e-02 2.225529750000000001e-04
-3.884029020000000221e-02 2.232153490000000115e-04
-3.872747719999999894e-02 2.256979499999999894e-04
-3.861346470000000253e-02 2.273125279999999992e-04
-3.849619249999999826e-02 2.272255510000000011e-04
-3.837938230000000062e-02 2.269186950000000129e-04
-3.826310859999999814e-02 2.260874169999999928e-04
-3.814775869999999930e-02 2.252322009999999975e-04
-3.803404789999999952e-02 2.255945579999999882e-04
-3.792004289999999916e-02 2.255917209999999944e-04
-3.780490529999999683e-02 2.236996809999999901e-04
-3.768751029999999752e-02 2.246748189999999909e-04
-3.756909070000000184e-02 2.265281069999999894e-04
-3.745021300000000303e-02 2.274810829999999930e-04
-3.733239320000000111e-02 2.310308630000000097e-04
-3.721664849999999775e-02 2.310615530000000018e-04
-3.710008409999999979e-02 2.297788309999999944e-04
-3.698325899999999750e-02 2.291600690000000036e-04
-3.686532010000000137e-02 2.256059519999999965e-04
-3.674484420000000140e-02 2.261557239999999994e-04
-3.662515429999999711e-02 2.289907719999999930e-04
-3.650505099999999670e-02 2.302647770000000019e-04
-3.638403860000000156e-02 2.331695290000000036e-04
-3.626245630000000247e-02 2.345685209999999997e-04
-3.614141049999999855e-02 2.384612889999999897e-04
-3.601903099999999996e-02 2.406641870000000101e-04
-3.589315340000000243e-02 2.409393640000000007e-04
-3.576478360000000245e-02 2.421978420000000089e-04
-3.563490879999999666e-02 2.432027689999999970e-04
-3.550550709999999999e-02 2.436058859999999931e-04
-3.537669410000000153e-02 2.466235310000000061e-04
-3.524745259999999963e-02 2.479768010000000101e-04
-3.511786459999999971e-02 2.502070859999999935e-04
-3.498607869999999925e-02 2.523283469999999828e-04
-3.485251219999999789e-02 2.552406510000000033e-04
-3.471560399999999713e-02 2.579345310000000203e-04
-3.457671400000000145e-02 2.621218450000000182e-04
-3.443971280000000107e-02 2.628467629999999976e-04
-3.430265190000000158e-02 2.647573999999999869e-04
-3.416309509999999883e-02 2.669398090000000201e-04
-3.402040900000000145e-02 2.687882520000000252e-04
-3.387383000000000061e-02 2.718068139999999791e-04
-3.372605139999999835e-02 2.771605210000000147e-04
-3.357546029999999848e-02 2.807801649999999965e-04
-3.342312570000000038e-02 2.879243400000000000e-04
-3.326784449999999754e-02 2.918575769999999926e-04
-3.311055899999999774e-02 2.994463720000000101e-04
-3.295003619999999772e-02 3.045124470000000038e-04
-3.278367590000000331e-02 3.100165050000000229e-04
-3.261288999999999855e-02 3.146823730000000209e-04
-3.243866940000000171e-02 3.207240659999999947e-04
-3.225728869999999748e-02 3.272057799999999821e-04
-3.207400440000000158e-02 3.420386349999999772e-04
-3.187926110000000035e-02 3.537583109999999737e-04
-3.167942170000000168e-02 3.777926610000000192e-04
-3.147091719999999676e-02 3.921193709999999991e-04
-3.124668450000000000e-02 4.057072800000000165e-04
-3.100691740000000030e-02 4.199144610000000197e-04
-3.075809399999999971e-02 4.459154730000000231e-04
-3.050998229999999853e-02 4.549172879999999826e-04
-3.024931999999999968e-02 4.572541219999999833e-04
-2.999594620000000170e-02 4.537140190000000053e-04
-2.973958479999999974e-02 4.388909150000000242e-04
-2.947800789999999865e-02 4.360640599999999817e-04
-2.922325209999999951e-02 4.397137960000000140e-04
-2.895606499999999958e-02 4.490501889999999954e-04
-2.868571500000000052e-02 4.714175010000000205e-04
-2.842338380000000025e-02 4.747240449999999730e-04
-2.815054540000000091e-02 4.645318840000000065e-04
-2.787017450000000077e-02 4.653919900000000050e-04
-2.759425160000000127e-02 4.752101379999999894e-04
-2.731039559999999880e-02 4.828117960000000001e-04
-2.701707000000000067e-02 4.882735079999999815e-04
-2.672562560000000045e-02 4.897476760000000215e-04
-2.643096450000000097e-02 4.884958029999999672e-04
-2.610727209999999868e-02 5.054351060000000524e-04
-2.578354999999999883e-02 5.543929289999999883e-04
-2.536077239999999858e-02 6.316976509999999668e-04
-2.489974350000000169e-02 7.804155469999999976e-04
-2.462110480000000157e-02 7.243003349999999497e-04
-2.425218189999999926e-02 4.176489309999999763e-04
-2.389570699999999867e-02 2.993550439999999964e-04
-2.372584859999999837e-02 2.825477860000000208e-04
-2.356438149999999856e-02 2.718575119999999830e-04
-2.341382209999999867e-02 2.612855169999999836e-04
-2.326436709999999894e-02 2.568250059999999980e-04
-2.311933600000000075e-02 2.507756579999999833e-04
-2.297718819999999829e-02 2.468658200000000053e-04
-2.284020000000000147e-02 2.446258729999999776e-04
-2.270554379999999844e-02 2.420807000000000080e-04
-2.257324009999999923e-02 2.389914880000000043e-04
-2.244312130000000044e-02 2.368931749999999886e-04
-2.231451500000000004e-02 2.335920139999999939e-04
-2.218509839999999872e-02 2.328865670000000037e-04
-2.205548059999999991e-02 2.314487789999999880e-04
-2.192795460000000057e-02 2.296881719999999908e-04
-2.180386520000000133e-02 2.296261369999999947e-04
-2.168180420000000164e-02 2.283837679999999926e-04
-2.156010460000000115e-02 2.255334979999999994e-04
-2.143767289999999950e-02 2.246338549999999875e-04
-2.131487430000000155e-02 2.215707940000000067e-04
-2.119192849999999850e-02 2.208549119999999981e-04
-2.106982469999999982e-02 2.202694010000000118e-04
-2.094963749999999986e-02 2.189106160000000082e-04
-2.083153650000000093e-02 2.194259719999999995e-04
-2.071399989999999844e-02 2.192835959999999979e-04
-2.059693079999999968e-02 2.188185460000000048e-04
-2.047891729999999980e-02 2.192175450000000028e-04
-2.035981790000000041e-02 2.185083430000000007e-04
-2.024100159999999912e-02 2.177776910000000024e-04
-2.012235860000000098e-02 2.160752920000000060e-04
-2.000563409999999917e-02 2.146039039999999979e-04
-1.989054869999999989e-02 2.140450380000000121e-04
-1.977608910000000150e-02 2.134770619999999989e-04
-1.966170969999999837e-02 2.112041979999999873e-04
-1.954417859999999993e-02 2.122812289999999888e-04
-1.942598629999999979e-02 2.141704609999999919e-04
-1.930756679999999850e-02 2.146851769999999927e-04
-1.918928140000000088e-02 2.163691820000000060e-04
-1.907365399999999891e-02 2.156699770000000107e-04
-1.895892620000000015e-02 2.152250669999999900e-04
-1.884386130000000048e-02 2.152667730000000100e-04
-1.872691140000000073e-02 2.130414209999999936e-04
-1.860705949999999845e-02 2.139961730000000022e-04
-1.848700639999999867e-02 2.154842659999999931e-04
-1.836708189999999852e-02 2.159432480000000008e-04
-1.824877039999999936e-02 2.199116280000000003e-04
-1.813121510000000047e-02 2.205788330000000067e-04
-1.801255900000000090e-02 2.206239010000000098e-04
-1.789450650000000073e-02 2.205745549999999975e-04
-1.777391689999999885e-02 2.170281219999999967e-04
-1.765155789999999988e-02 2.168267090000000001e-04
-1.753059770000000087e-02 2.177509739999999915e-04
-1.740987039999999930e-02 2.179434960000000072e-04
-1.729060710000000084e-02 2.209216469999999977e-04
-1.717036779999999915e-02 2.222677580000000119e-04
-1.704894009999999988e-02 2.240495669999999933e-04
-1.692501639999999946e-02 2.264835780000000009e-04
-1.679908479999999912e-02 2.298945330000000029e-04
-1.667289619999999875e-02 2.312804430000000135e-04
-1.654420789999999988e-02 2.318309269999999902e-04
-1.641604860000000013e-02 2.317284819999999997e-04
-1.628899389999999975e-02 2.323853700000000041e-04
-1.616064269999999831e-02 2.334010209999999943e-04
-1.603072139999999965e-02 2.335986650000000078e-04
-1.589664999999999828e-02 2.358277120000000049e-04
-1.576148159999999840e-02 2.402314709999999994e-04
-1.562621999999999969e-02 2.421879909999999879e-04
-1.548966019999999978e-02 2.463680869999999878e-04
-1.535370009999999924e-02 2.475342479999999767e-04
-1.521743459999999951e-02 2.493052740000000021e-04
-1.508120169999999961e-02 2.499232940000000033e-04
-1.494137849999999969e-02 2.456448859999999781e-04
-1.479913570000000039e-02 2.452097829999999915e-04
-1.465711559999999941e-02 2.444423149999999764e-04
-1.451405700000000035e-02 2.451109180000000075e-04
-1.437251460000000050e-02 2.494791119999999738e-04
-1.423119940000000007e-02 2.509191980000000230e-04
-1.408938319999999966e-02 2.550227219999999734e-04
-1.394618209999999928e-02 2.573558889999999900e-04
-1.380061919999999928e-02 2.589002249999999730e-04
-1.365345719999999999e-02 2.604174079999999796e-04
-1.350299079999999971e-02 2.591133529999999963e-04
-1.335486399999999928e-02 2.568747729999999816e-04
-1.320845539999999929e-02 2.536037650000000105e-04
-1.306888829999999953e-02 2.486676389999999907e-04
-1.293086539999999986e-02 2.384195540000000042e-04
-1.279752789999999939e-02 2.319227789999999973e-04
-1.266943199999999957e-02 2.216705760000000128e-04
-1.254581100000000046e-02 2.152892699999999968e-04
-1.242756010000000029e-02 2.065310109999999883e-04
-1.231266089999999945e-02 2.010845490000000031e-04
-1.220396810000000040e-02 1.963666149999999922e-04
-1.209711750000000072e-02 1.938311180000000110e-04
-1.199156330000000076e-02 1.889564299999999875e-04
-1.188551170000000032e-02 1.874954760000000018e-04
-1.178091210000000062e-02 1.865452359999999891e-04
-1.167556179999999950e-02 1.866673409999999996e-04
-1.157212539999999922e-02 1.894692249999999935e-04
-1.147201190000000058e-02 1.884800880000000122e-04
-1.137220669999999996e-02 1.862478820000000070e-04
-1.127225069999999996e-02 1.852779239999999890e-04
-1.117159430000000050e-02 1.814559359999999902e-04
-1.107071339999999952e-02 1.804599599999999872e-04
-1.097013150000000076e-02 1.788526130000000049e-04
-1.087002830000000086e-02 1.779976300000000002e-04
-1.077187249999999978e-02 1.781720199999999889e-04
-1.067520580000000038e-02 1.773398110000000026e-04
-1.057968939999999990e-02 1.769484080000000101e-04
-1.048563140000000060e-02 1.759306759999999868e-04
-1.039136109999999960e-02 1.727490449999999919e-04
-1.029699759999999978e-02 1.714206879999999973e-04
-1.020265740000000053e-02 1.678136760000000101e-04
-1.011086909999999936e-02 1.652135689999999950e-04
-1.002135780000000011e-02 1.623875000000000101e-04
-9.931963869999999375e-03 1.613060740000000061e-04
-9.844350630000000060e-03 1.606395240000000116e-04
-9.758028199999999389e-03 1.596238729999999943e-04
-9.671744890000000261e-03 1.568685109999999941e-04
-9.584826419999999472e-03 1.560401869999999882e-04
-9.499093519999999777e-03 1.557474749999999974e-04
-9.416143409999999311e-03 1.541829550000000011e-04
-9.334457109999999558e-03 1.519449429999999936e-04
-9.254707020000000825e-03 1.499780050000000000e-04
-9.175811889999999776e-03 1.464903330000000129e-04
-9.096411990000000808e-03 1.455409950000000009e-04
-9.017475880000000443e-03 1.431072740000000000e-04
-8.939084599999999256e-03 1.419032919999999986e-04
-8.862569929999999582e-03 1.416920859999999931e-04
-8.786836640000000170e-03 1.409513059999999965e-04
-8.711942469999999286e-03 1.403140200000000000e-04
-8.638543079999999943e-03 1.393785059999999901e-04
-8.565178140000000856e-03 1.373534320000000062e-04
-8.491871879999999748e-03 1.365924549999999939e-04
-8.418864570000000186e-03 1.344455229999999882e-04
-8.346511980000000455e-03 1.332791869999999938e-04
-8.275537750000000817e-03 1.323413600000000105e-04
-8.204752580000000337e-03 1.317074639999999937e-04
-8.135464040000000077e-03 1.324549230000000009e-04
-8.067038840000000446e-03 1.323847249999999880e-04
-7.997591050000000742e-03 1.304933980000000078e-04
-7.928430099999999800e-03 1.296392150000000049e-04
-7.859746929999999673e-03 1.285431210000000102e-04
-7.792173880000000281e-03 1.274855749999999962e-04
-7.725467909999999584e-03 1.254994709999999872e-04
-7.659499069999999889e-03 1.243415170000000019e-04
-7.594644089999999861e-03 1.229851479999999938e-04
-7.529121819999999923e-03 1.227277239999999996e-04
-7.463589310000000136e-03 1.220123229999999935e-04
-7.398567160000000219e-03 1.216133749999999950e-04
-7.333734070000000327e-03 1.212727509999999946e-04
-7.270029750000000374e-03 1.204760990000000007e-04
-7.207725199999999964e-03 1.201311900000000054e-04
-7.146311459999999706e-03 1.194713040000000001e-04
-7.084742189999999884e-03 1.173786219999999947e-04
-7.022577799999999738e-03 1.168216549999999968e-04
-6.960270929999999925e-03 1.150564350000000008e-04
-6.898195949999999868e-03 1.144378620000000002e-04
-6.837256719999999614e-03 1.146092759999999949e-04
-6.777435079999999737e-03 1.140018139999999949e-04
-6.718382240000000082e-03 1.140222230000000037e-04
-6.659575739999999688e-03 1.138841540000000039e-04
-6.600329650000000270e-03 1.123301479999999950e-04
-6.541383920000000234e-03 1.115900380000000046e-04
-6.482506639999999903e-03 1.096484920000000038e-04
-6.423370450000000231e-03 1.089538200000000017e-04
-6.365600039999999744e-03 1.093146200000000068e-04
-6.309187039999999795e-03 1.087780550000000049e-04
-6.253012460000000397e-03 1.080897849999999953e-04
-6.196319589999999856e-03 1.081547089999999943e-04
-6.139589939999999697e-03 1.078582430000000011e-04
-6.083372049999999885e-03 1.074438909999999984e-04
-6.027184429999999683e-03 1.063432939999999990e-04
-5.971573289999999694e-03 1.054555690000000024e-04
-5.917005240000000263e-03 1.047405020000000033e-04
-5.863059309999999955e-03 1.042525910000000007e-04
-5.809359249999999919e-03 1.033088479999999938e-04
-5.755365360000000430e-03 1.031441280000000040e-04
-5.701191720000000143e-03 1.027722609999999985e-04
-5.647184329999999954e-03 1.025415190000000061e-04
-5.593705919999999825e-03 1.023884399999999998e-04
-5.540993059999999894e-03 1.018729379999999956e-04
-5.488920960000000064e-03 1.015105950000000032e-04
-5.437111019999999600e-03 1.010843189999999957e-04
-5.385200029999999589e-03 9.974130079999999948e-05
-5.333545149999999700e-03 9.924018380000000541e-05
-5.281767809999999945e-03 9.801191480000000038e-05
-5.229835860000000419e-03 9.766417499999999739e-05
-5.179163070000000237e-03 9.842179859999999761e-05
-5.129194349999999583e-03 9.827112810000000330e-05
-5.079128310000000091e-03 9.768982999999999638e-05
-5.029190799999999628e-03 9.727010179999999787e-05
-4.979624880000000156e-03 9.672924350000000452e-05
-4.930280149999999827e-03 9.653324379999999639e-05
-4.880463699999999620e-03 9.520624010000000440e-05
-4.831071479999999967e-03 9.447297630000000418e-05
-4.782241300000000112e-03 9.372305790000000413e-05
-4.734016490000000389e-03 9.309026789999999964e-05
-4.686562340000000396e-03 9.225901159999999851e-05
-4.638845570000000272e-03 9.211740689999999411e-05
-4.591330890000000151e-03 9.206121470000000505e-05
-4.543904680000000404e-03 9.186186799999999453e-05
-4.496439829999999797e-03 9.125160429999999798e-05
-4.449579399999999650e-03 9.079357550000000056e-05
-4.402922000000000086e-03 9.019860590000000557e-05
-4.356738179999999905e-03 8.970082849999999467e-05
-4.311033520000000230e-03 8.877268559999999993e-05
-4.265351219999999680e-03 8.842529499999999480e-05
-4.219708029999999846e-03 8.752621940000000073e-05
-4.173988479999999821e-03 8.724859069999999731e-05
-4.129065670000000264e-03 8.780857750000000675e-05
-4.084490240000000424e-03 8.768170660000000388e-05
-4.039918069999999702e-03 8.733864520000000399e-05
-3.996017390000000322e-03 8.693135900000000037e-05
-3.951938359999999754e-03 8.582697769999999497e-05
-3.907932430000000262e-03 8.538525440000000453e-05
-3.864261789999999790e-03 8.438929220000000329e-05
-3.820736190000000032e-03 8.394355249999999372e-05
-3.777637380000000138e-03 8.341843930000000231e-05
-3.734530649999999799e-03 8.312018330000000589e-05
-3.692032070000000193e-03 8.330924170000000536e-05
-3.649782619999999977e-03 8.334052109999999503e-05
-3.607414900000000067e-03 8.323074140000000112e-05
-3.565253919999999792e-03 8.306741070000000561e-05
-3.522778399999999983e-03 8.240101310000000660e-05
-3.480842339999999993e-03 8.183730099999999934e-05
-3.439673219999999851e-03 8.123662699999999453e-05
-3.398724599999999874e-03 8.088784670000000209e-05
-3.358100770000000106e-03 8.046155559999999536e-05
-3.317269260000000122e-03 8.032315960000000117e-05
-3.276275469999999791e-03 7.967258720000000116e-05
-3.235409270000000077e-03 7.947033009999999737e-05
-3.194659019999999787e-03 7.940009529999999334e-05
-3.154151139999999878e-03 7.923013619999999383e-05
-3.113874469999999839e-03 7.884066140000000537e-05
-3.074249719999999977e-03 7.830842509999999719e-05
-3.034982360000000167e-03 7.742678280000000579e-05
-2.995444460000000215e-03 7.716636170000000159e-05
-2.955956620000000160e-03 7.653163629999999750e-05
-2.916504859999999918e-03 7.638568060000000450e-05
-2.877444030000000149e-03 7.663028370000000533e-05
-2.838801829999999891e-03 7.646764419999999636e-05
-2.800246929999999912e-03 7.644891590000000474e-05
-2.762005200000000171e-03 7.625410939999999660e-05
-2.723879649999999802e-03 7.561661910000000062e-05
-2.685873540000000090e-03 7.531527079999999780e-05
-2.647780350000000088e-03 7.433287829999999567e-05
-2.609570979999999846e-03 7.394773269999999890e-05
-2.571788849999999838e-03 7.359486340000000095e-05
-2.534326859999999973e-03 7.337592979999999539e-05
-2.497136359999999923e-03 7.349627409999999678e-05
-2.460046669999999946e-03 7.347952490000000361e-05
-2.422995629999999921e-03 7.321793960000000552e-05
-2.386183249999999922e-03 7.298007399999999830e-05
-2.349539189999999989e-03 7.260029090000000057e-05
-2.312732860000000102e-03 7.246221500000000668e-05
-2.275963550000000175e-03 7.214349900000000199e-05
-2.239746510000000055e-03 7.179598470000000596e-05
-2.203862650000000013e-03 7.138574439999999667e-05
-2.167956439999999940e-03 7.125091359999999763e-05
-2.131850920000000031e-03 7.081144579999999354e-05
-2.095702340000000011e-03 7.067921249999999664e-05
-2.059953990000000165e-03 7.071021539999999340e-05
-2.024415879999999848e-03 7.059511700000000432e-05
-1.989049369999999935e-03 7.056217869999999441e-05
-1.953912429999999940e-03 7.031673160000000502e-05
-1.918823230000000005e-03 6.971616679999999484e-05
-1.883889550000000107e-03 6.950210080000000616e-05
-1.848821179999999989e-03 6.894393300000000607e-05
-1.813680980000000010e-03 6.878611020000000595e-05
-1.778898060000000088e-03 6.868147469999999976e-05
-1.744328650000000073e-03 6.851545910000000439e-05
-1.710069019999999962e-03 6.857164409999999782e-05
-1.675833719999999995e-03 6.848402700000000417e-05
-1.641513779999999962e-03 6.810067860000000627e-05
-1.607537270000000034e-03 6.784976720000000176e-05
-1.573637359999999989e-03 6.728160219999999836e-05
-1.539771099999999926e-03 6.705641139999999364e-05
-1.505968629999999975e-03 6.678914360000000122e-05
-1.472285719999999985e-03 6.662111260000000066e-05
-1.438983250000000101e-03 6.653585300000000591e-05
-1.405765540000000020e-03 6.645423849999999334e-05
-1.372518949999999979e-03 6.617909090000000181e-05
-1.339157340000000050e-03 6.605897939999999448e-05
-1.305836369999999929e-03 6.579492040000000372e-05
-1.272875120000000089e-03 6.557389859999999656e-05
-1.239934700000000067e-03 6.524116180000000091e-05
-1.207206749999999986e-03 6.499355369999999994e-05
-1.174737350000000036e-03 6.448975910000000666e-05
-1.142204269999999968e-03 6.434675740000000076e-05
-1.109890409999999975e-03 6.431575459999999548e-05
-1.077562690000000069e-03 6.422539449999999832e-05
-1.045279089999999944e-03 6.404904710000000308e-05
-1.013345780000000050e-03 6.386278260000000160e-05
-9.815621889999999548e-04 6.359506370000000378e-05
-9.498586880000000005e-04 6.345049769999999809e-05
-9.180565830000000493e-04 6.312337060000000036e-05
-8.863820689999999530e-04 6.292861510000000527e-05
-8.549384659999999464e-04 6.253332689999999529e-05
-8.235888090000000094e-04 6.233452589999999706e-05
-7.924897950000000298e-04 6.220083010000000288e-05
-7.613432240000000181e-04 6.209674029999999543e-05
-7.302233129999999468e-04 6.185311209999999680e-05
-6.993737770000000263e-04 6.168769319999999967e-05
-6.686390840000000502e-04 6.141998160000000249e-05
-6.379833209999999713e-04 6.127610690000000193e-05
-6.072300600000000298e-04 6.094456689999999731e-05
-5.766148680000000339e-04 6.074199700000000064e-05
-5.463652200000000334e-04 6.055791889999999870e-05
-5.162930469999999460e-04 6.038492570000000148e-05
-4.862835339999999865e-04 6.000901700000000076e-05
-4.562693649999999832e-04 5.979519480000000285e-05
-4.263770529999999785e-04 5.940593470000000081e-05
-3.967504309999999798e-04 5.918769599999999819e-05
-3.671528249999999943e-04 5.885226710000000030e-05
-3.378012039999999847e-04 5.858328219999999929e-05
-3.087233930000000070e-04 5.806979970000000280e-05
-2.797871420000000117e-04 5.779984349999999741e-05
-2.510527849999999884e-04 5.738712210000000333e-05
-2.224309859999999868e-04 5.709341349999999814e-05
-1.939043139999999978e-04 5.643867919999999796e-05
-1.657640240000000063e-04 5.604876789999999862e-05
-1.379752939999999970e-04 5.555186000000000314e-05
-1.104534309999999933e-04 5.521268389999999871e-05
-8.297333259999999772e-05 5.454679189999999740e-05
-5.571021030000000289e-05 5.418197909999999810e-05
-2.882534139999999852e-05 5.356937249999999716e-05
-1.641118270000000045e-06 5.353704909999999816e-05
2.524955380000000059e-05 5.391466400000000222e-05
5.243957999999999709e-05 5.416465139999999902e-05
7.966440899999999365e-05 5.478188179999999896e-05
1.069658250000000001e-04 5.512387720000000289e-05
1.346953799999999965e-04 5.557054829999999874e-05
1.627080640000000032e-04 5.590205550000000296e-05
1.907311820000000052e-04 5.659584709999999794e-05
2.189678340000000075e-04 5.697400049999999834e-05
2.475049989999999729e-04 5.752251670000000196e-05
2.763310910000000100e-04 5.781458819999999739e-05
3.053869300000000174e-04 5.824073740000000057e-05
3.344845609999999993e-04 5.849793520000000005e-05
3.639303029999999754e-04 5.885471910000000107e-05
3.935013369999999940e-04 5.905894070000000201e-05
4.230700429999999907e-04 5.940776460000000183e-05
4.527629350000000039e-04 5.960798439999999849e-05
4.825671789999999789e-04 5.997812329999999863e-05
5.126208999999999627e-04 6.017912160000000164e-05
5.428207809999999797e-04 6.049218430000000103e-05
5.730717680000000508e-04 6.071740059999999873e-05
6.034817199999999464e-04 6.107760419999999353e-05
6.339844550000000049e-04 6.126319930000000537e-05
6.647564009999999864e-04 6.156275780000000143e-05
6.955793940000000409e-04 6.170161209999999665e-05
7.263837620000000326e-04 6.188570840000000447e-05
7.575142659999999518e-04 6.206313259999999589e-05
7.888071699999999560e-04 6.228447459999999483e-05
8.200512970000000323e-04 6.241932720000000433e-05
8.512885540000000211e-04 6.280456730000000298e-05
8.825443219999999861e-04 6.295471389999999546e-05
9.141028860000000077e-04 6.310584290000000084e-05
9.458402060000000279e-04 6.326781290000000159e-05
9.775519139999999316e-04 6.352167839999999822e-05
1.009422700000000075e-03 6.370864870000000110e-05
1.041408279999999926e-03 6.403615409999999426e-05
1.073584189999999931e-03 6.418074919999999751e-05
1.105876059999999972e-03 6.438823770000000378e-05
1.138200519999999893e-03 6.456966369999999949e-05
1.170799830000000081e-03 6.486020719999999510e-05
1.203366790000000080e-03 6.494579429999999582e-05
1.235806029999999981e-03 6.515121639999999739e-05
1.268551570000000031e-03 6.540933830000000284e-05
1.301437620000000031e-03 6.589187979999999376e-05
1.334514929999999940e-03 6.609034610000000395e-05
1.367739750000000016e-03 6.639471390000000319e-05
1.400796350000000062e-03 6.649342689999999825e-05
1.433951429999999949e-03 6.660322110000000198e-05
1.467278339999999971e-03 6.674572070000000298e-05
1.500919689999999926e-03 6.687029239999999354e-05
1.534744279999999961e-03 6.702569949999999963e-05
1.568529520000000021e-03 6.726987339999999699e-05
1.602612900000000094e-03 6.744464190000000470e-05
1.636604660000000018e-03 6.808138280000000544e-05
1.670356140000000102e-03 6.825863239999999793e-05
1.704363040000000029e-03 6.832605140000000204e-05
1.738729419999999895e-03 6.856586699999999660e-05
1.773498600000000076e-03 6.882096930000000060e-05
1.808145900000000025e-03 6.884027240000000207e-05
1.842586669999999932e-03 6.897786080000000591e-05
1.877298930000000088e-03 6.919063889999999624e-05
1.912019330000000027e-03 6.976813169999999975e-05
1.947098179999999902e-03 7.009561520000000452e-05
1.982563410000000217e-03 7.036013990000000197e-05
2.017947610000000135e-03 7.050194109999999368e-05
2.053570700000000027e-03 7.076453040000000509e-05
2.089193789999999919e-03 7.085962720000000550e-05
2.124704189999999937e-03 7.104373069999999539e-05
2.160163829999999820e-03 7.107931010000000127e-05
2.195704499999999882e-03 7.104249379999999655e-05
2.231875199999999986e-03 7.131011080000000039e-05
2.268204929999999980e-03 7.178822850000000629e-05
2.304676219999999848e-03 7.214204380000000536e-05
2.341387559999999826e-03 7.272376390000000657e-05
2.378022530000000086e-03 7.288780759999999911e-05
2.414784860000000147e-03 7.340735459999999496e-05
2.451526470000000169e-03 7.358253060000000069e-05
2.488374939999999941e-03 7.361353349999999744e-05
2.525658349999999972e-03 7.378522419999999503e-05
2.563149439999999786e-03 7.391655529999999468e-05
2.600807699999999924e-03 7.416401789999999428e-05
2.638678299999999873e-03 7.449724940000000272e-05
2.676611529999999798e-03 7.465504310000000527e-05
2.714331260000000211e-03 7.573303449999999916e-05
2.752169269999999845e-03 7.619349339999999542e-05
2.790404250000000103e-03 7.652486970000000634e-05
2.828720260000000108e-03 7.669300249999999586e-05
2.867453030000000156e-03 7.646433369999999720e-05
2.906681040000000209e-03 7.657465180000000275e-05
2.945973069999999888e-03 7.677696699999999664e-05
2.985042050000000051e-03 7.682006979999999458e-05
3.023941770000000001e-03 7.751305380000000596e-05
3.063020300000000168e-03 7.787100909999999650e-05
3.102090679999999941e-03 7.858609019999999881e-05
3.141818800000000054e-03 7.923908559999999349e-05
3.182260550000000094e-03 7.986115090000000139e-05
3.222743980000000123e-03 8.000061640000000467e-05
3.263292599999999873e-03 8.028002049999999649e-05
3.303464969999999907e-03 8.026403519999999482e-05
3.343838269999999807e-03 8.018810329999999517e-05
3.384613199999999926e-03 8.040228570000000120e-05
3.425518980000000213e-03 8.047399019999999814e-05
3.467123260000000168e-03 8.091978089999999366e-05
3.508873980000000014e-03 8.191391679999999846e-05
3.550691759999999916e-03 8.219930170000000155e-05
3.592392429999999824e-03 8.318568869999999377e-05
3.633731040000000127e-03 8.343593069999999509e-05
3.675485029999999917e-03 8.343977969999999736e-05
3.717456249999999927e-03 8.357116170000000505e-05
3.760110589999999912e-03 8.311190320000000440e-05
3.803604979999999913e-03 8.345230160000000638e-05
3.846816490000000074e-03 8.455301579999999553e-05
3.890095049999999898e-03 8.498974059999999612e-05
3.933584779999999871e-03 8.585016619999999692e-05
3.977367189999999990e-03 8.621720920000000641e-05
4.021194300000000173e-03 8.715969309999999743e-05
4.064934790000000395e-03 8.756425089999999884e-05
4.109631289999999583e-03 8.742599310000000537e-05
4.154441879999999990e-03 8.744552180000000527e-05
4.199276210000000079e-03 8.712576529999999759e-05
4.244436980000000290e-03 8.720668850000000503e-05
4.289271780000000235e-03 8.797604099999999810e-05
4.334760360000000298e-03 8.852412430000000220e-05
4.380323919999999996e-03 8.992134100000000131e-05
4.426172469999999776e-03 9.071586100000000332e-05
4.473122300000000051e-03 9.143287750000000523e-05
4.520276099999999755e-03 9.181624770000000005e-05
4.567568190000000257e-03 9.230266009999999518e-05
4.614860289999999851e-03 9.247777050000000011e-05
4.662003829999999786e-03 9.321222750000000032e-05
4.709124569999999753e-03 9.333497289999999444e-05
4.756724000000000369e-03 9.288026189999999682e-05
4.805346949999999943e-03 9.345581200000000009e-05
4.854092840000000068e-03 9.484654579999999657e-05
4.903002180000000203e-03 9.544643399999999439e-05
4.952332000000000262e-03 9.677580239999999446e-05
5.001634829999999747e-03 9.724125989999999914e-05
5.050921350000000219e-03 9.819470870000000004e-05
5.100299600000000183e-03 9.845841850000000648e-05
5.150451789999999780e-03 9.790342300000000482e-05
5.201086399999999867e-03 9.812585629999999622e-05
5.251967350000000083e-03 9.833389050000000122e-05
5.302971230000000022e-03 9.848264740000000641e-05
5.353773009999999999e-03 9.960476749999999993e-05
5.404925439999999637e-03 1.002221320000000048e-04
5.456046669999999911e-03 1.016116000000000014e-04
5.507589779999999720e-03 1.023657460000000006e-04
5.560331980000000375e-03 1.024587690000000042e-04
5.613362880000000166e-03 1.025247550000000016e-04
5.666404029999999765e-03 1.026958269999999940e-04
5.719390700000000216e-03 1.028633489999999955e-04
5.772653969999999579e-03 1.032562070000000017e-04
5.826314449999999909e-03 1.036394170000000023e-04
5.879919980000000365e-03 1.044029410000000017e-04
5.934274760000000232e-03 1.051284850000000005e-04
5.989113360000000198e-03 1.063358000000000060e-04
6.044575009999999908e-03 1.069968059999999949e-04
6.100593599999999846e-03 1.079076830000000038e-04
6.155586339999999726e-03 1.077658819999999950e-04
6.210509690000000187e-03 1.074885000000000060e-04
6.266023499999999642e-03 1.077422200000000013e-04
6.322483999999999743e-03 1.072734379999999992e-04
6.380297709999999817e-03 1.079209250000000004e-04
6.437998730000000017e-03 1.094944890000000033e-04
6.496101150000000053e-03 1.101489539999999994e-04
6.554204499999999843e-03 1.119681759999999974e-04
6.611780260000000090e-03 1.124561459999999947e-04
6.669274999999999683e-03 1.139431839999999999e-04
6.727063099999999740e-03 1.146556750000000057e-04
6.786815360000000158e-03 1.137931029999999946e-04
6.847072390000000230e-03 1.137883159999999999e-04
6.906885189999999869e-03 1.140790049999999969e-04
6.967408119999999976e-03 1.146106079999999986e-04
7.027412299999999910e-03 1.169535239999999965e-04
7.087597160000000396e-03 1.177432500000000047e-04
7.148610889999999600e-03 1.185572039999999947e-04
7.210370619999999925e-03 1.194566869999999953e-04
7.273261439999999592e-03 1.205224760000000046e-04
7.336786950000000196e-03 1.212924620000000006e-04
7.400587670000000062e-03 1.225113959999999964e-04
7.463951130000000267e-03 1.226871970000000119e-04
7.526793050000000172e-03 1.240456619999999932e-04
7.590285040000000275e-03 1.247535549999999945e-04
7.655084599999999705e-03 1.245448070000000065e-04
7.720754479999999628e-03 1.251592909999999881e-04
7.786992940000000106e-03 1.263912420000000121e-04
7.854409519999999353e-03 1.275482939999999967e-04
7.921853099999999134e-03 1.302322780000000099e-04
7.988321589999999861e-03 1.306117919999999933e-04
8.055419660000000259e-03 1.306137270000000134e-04
8.123543110000000858e-03 1.310498920000000120e-04
8.192307319999999823e-03 1.312021340000000017e-04
8.261515759999999223e-03 1.316998240000000014e-04
8.331529799999999250e-03 1.317422139999999988e-04
8.402611129999999415e-03 1.323970060000000028e-04
8.473248220000000053e-03 1.354580600000000073e-04
8.543843400000000754e-03 1.365427599999999937e-04
8.614955469999999518e-03 1.381783370000000128e-04
8.686319919999999431e-03 1.389192330000000068e-04
8.759096259999999898e-03 1.386188669999999983e-04
8.833808820000000478e-03 1.394791909999999930e-04
8.909281340000000174e-03 1.406131050000000043e-04
8.984537799999999311e-03 1.410788250000000036e-04
9.059705770000000755e-03 1.430513659999999975e-04
9.135085160000000482e-03 1.438956679999999909e-04
9.210531600000000305e-03 1.455816380000000130e-04
9.288013910000000178e-03 1.474129529999999909e-04
9.367983789999999311e-03 1.483450759999999980e-04
9.449218400000000684e-03 1.492305160000000042e-04
9.530278850000000607e-03 1.519903449999999902e-04
9.610877369999999698e-03 1.529079020000000057e-04
9.692344809999999672e-03 1.545858540000000008e-04
9.775054639999999212e-03 1.559445659999999980e-04
9.858663190000000257e-03 1.576247159999999924e-04
9.944687600000000002e-03 1.596820660000000008e-04
1.003255970000000059e-02 1.623117860000000017e-04
1.012170970000000024e-02 1.637955870000000122e-04
1.021043580000000062e-02 1.686273609999999908e-04
1.029861439999999947e-02 1.702601729999999995e-04
1.038787979999999944e-02 1.729799839999999968e-04
1.047752329999999954e-02 1.741880989999999906e-04
1.056975689999999947e-02 1.738842550000000017e-04
1.066410540000000025e-02 1.750527590000000068e-04
1.075917199999999914e-02 1.764286720000000106e-04
1.085571010000000065e-02 1.775588899999999909e-04
1.095226690000000030e-02 1.806820949999999888e-04
1.104872860000000005e-02 1.819888999999999882e-04
1.114584780000000067e-02 1.845180670000000009e-04
1.124370379999999926e-02 1.858721520000000010e-04
1.134376970000000075e-02 1.866516399999999895e-04
1.144524480000000052e-02 1.877893370000000093e-04
1.154726279999999938e-02 1.893222359999999931e-04
1.164883840000000004e-02 1.896082829999999988e-04
1.174991669999999981e-02 1.912341690000000081e-04
1.185071839999999981e-02 1.913876479999999881e-04
1.195189359999999923e-02 1.912074370000000029e-04
1.205440139999999945e-02 1.921979710000000128e-04
1.215873750000000079e-02 1.926223190000000128e-04
1.226411850000000067e-02 1.934135509999999935e-04
1.236923780000000021e-02 1.953011229999999888e-04
1.247489639999999934e-02 1.963043320000000113e-04
1.258040220000000015e-02 1.993448680000000088e-04
1.268754059999999996e-02 2.011392789999999963e-04
1.279693940000000037e-02 2.023745180000000011e-04
1.291251830000000010e-02 2.067919700000000062e-04
1.303040329999999997e-02 2.152056989999999957e-04
1.315496019999999947e-02 2.222388579999999959e-04
1.328256170000000069e-02 2.375693879999999964e-04
1.341644120000000037e-02 2.468958560000000086e-04
1.355576330000000072e-02 2.628136430000000117e-04
1.369934989999999943e-02 2.707218229999999899e-04
1.385244260000000061e-02 2.768498670000000238e-04
1.400475860000000017e-02 2.789532880000000119e-04
1.416198630000000021e-02 2.766264079999999730e-04
1.431527730000000005e-02 2.734281879999999926e-04
1.446683240000000079e-02 2.684313800000000185e-04
1.461506819999999936e-02 2.646513459999999974e-04
1.475864739999999987e-02 2.608666250000000022e-04
1.490350160000000063e-02 2.602701419999999747e-04
1.504692340000000038e-02 2.610046070000000243e-04
1.518982179999999946e-02 2.605897029999999911e-04
1.533361899999999972e-02 2.579924480000000183e-04
1.547627619999999982e-02 2.567204059999999991e-04
1.561779439999999922e-02 2.560329159999999763e-04
1.575700569999999995e-02 2.544151500000000200e-04
1.589468490000000081e-02 2.514831140000000232e-04
1.603215369999999931e-02 2.503012949999999879e-04
1.616924070000000033e-02 2.476541270000000186e-04
1.630826670000000075e-02 2.475175419999999979e-04
1.644576340000000053e-02 2.497333919999999811e-04
1.657953109999999938e-02 2.486281739999999878e-04
1.671332680000000084e-02 2.464297580000000018e-04
1.684446259999999862e-02 2.440494280000000049e-04
1.697403750000000058e-02 2.390864680000000079e-04
1.710410420000000112e-02 2.375949120000000038e-04
1.723380390000000054e-02 2.340621289999999957e-04
1.736514269999999902e-02 2.334470770000000070e-04
1.749554840000000153e-02 2.333467129999999953e-04
1.762141659999999846e-02 2.309019909999999879e-04
1.774401219999999918e-02 2.295555899999999940e-04
1.786513810000000049e-02 2.281883059999999881e-04
1.798619140000000047e-02 2.253562270000000029e-04
1.810792649999999962e-02 2.247539809999999911e-04
1.823084800000000089e-02 2.202251049999999868e-04
1.835379380000000046e-02 2.186086639999999944e-04
1.847330670000000077e-02 2.198508740000000084e-04
1.859329640000000061e-02 2.202761390000000034e-04
1.871209219999999882e-02 2.234689309999999889e-04
1.882932149999999930e-02 2.239763560000000123e-04
1.894961300000000057e-02 2.211130199999999967e-04
1.907152869999999972e-02 2.210663220000000015e-04
1.919279429999999967e-02 2.211612740000000086e-04
1.931192170000000166e-02 2.199103910000000100e-04
1.942998170000000135e-02 2.182186729999999978e-04
1.954621080000000163e-02 2.162102899999999983e-04
1.966021210000000116e-02 2.143794120000000090e-04
1.977593080000000086e-02 2.150383809999999922e-04
1.989332209999999934e-02 2.148809290000000039e-04
2.001161129999999913e-02 2.153757379999999958e-04
2.012888709999999942e-02 2.176043050000000135e-04
2.024379000000000109e-02 2.169785289999999955e-04
2.035813590000000103e-02 2.161684820000000064e-04
2.047295119999999885e-02 2.158594580000000075e-04
2.058707179999999873e-02 2.161816960000000065e-04
2.070230060000000094e-02 2.172528909999999901e-04
2.081960999999999881e-02 2.167675119999999938e-04
2.093795689999999876e-02 2.172137759999999982e-04
2.105555120000000141e-02 2.205221100000000082e-04
2.117217520000000061e-02 2.211429240000000124e-04
2.128756979999999951e-02 2.240730099999999948e-04
2.140217089999999975e-02 2.246499639999999937e-04
2.151961620000000103e-02 2.215009009999999948e-04
2.163995989999999842e-02 2.217997390000000103e-04
2.176061829999999947e-02 2.221351459999999995e-04
2.188088740000000004e-02 2.223193439999999912e-04
2.200127769999999858e-02 2.234605779999999996e-04
2.212045710000000096e-02 2.231561669999999995e-04
2.223753930000000115e-02 2.249506509999999934e-04
2.235640770000000069e-02 2.266703230000000069e-04
2.247709219999999980e-02 2.284144139999999979e-04
2.259970830000000014e-02 2.298831820000000125e-04
2.272520769999999968e-02 2.291867569999999949e-04
2.284868060000000076e-02 2.280280020000000117e-04
2.297140840000000059e-02 2.268931129999999933e-04
2.309498940000000167e-02 2.270072579999999891e-04
2.321682870000000079e-02 2.293501600000000023e-04
2.334243620000000033e-02 2.324588419999999993e-04
2.347046699999999833e-02 2.370477739999999928e-04
2.359980899999999937e-02 2.391508900000000070e-04
2.373134340000000037e-02 2.413612820000000068e-04
2.386429909999999988e-02 2.433298649999999868e-04
2.399758620000000051e-02 2.482378620000000270e-04
2.412971109999999947e-02 2.493124920000000001e-04
2.426432450000000005e-02 2.490814080000000054e-04
2.440503050000000090e-02 2.526737520000000019e-04
2.454759550000000165e-02 2.585843319999999910e-04
2.470050570000000001e-02 2.665434150000000214e-04
2.485664380000000145e-02 2.832773899999999783e-04
2.511251349999999924e-02 3.494112169999999927e-04
2.537558969999999942e-02 5.207080389999999958e-04
2.575298209999999852e-02 6.510085660000000272e-04
2.629607919999999918e-02 7.396179129999999602e-04
2.671069090000000035e-02 6.946091310000000220e-04
2.711754289999999956e-02 5.794788589999999530e-04
2.751226539999999943e-02 5.307387909999999832e-04
2.783197910000000108e-02 5.206268399999999493e-04
2.815212500000000007e-02 5.164974139999999568e-04
2.846208030000000125e-02 5.222047909999999460e-04
2.876422550000000064e-02 5.202619939999999837e-04
2.906969750000000172e-02 5.112117509999999487e-04
2.937852779999999830e-02 5.100236739999999824e-04
2.968173660000000130e-02 5.140525749999999561e-04
2.996389010000000130e-02 5.028428860000000184e-04
3.024820240000000021e-02 4.681002759999999753e-04
3.053314429999999871e-02 4.553230829999999844e-04
3.079565609999999898e-02 4.574082269999999828e-04
3.105324320000000041e-02 4.558115620000000078e-04
3.131259229999999727e-02 4.484630189999999975e-04
3.159723429999999889e-02 4.609646279999999978e-04
3.191305700000000162e-02 4.453840370000000182e-04
3.220244869999999704e-02 4.239773840000000070e-04
3.246117009999999886e-02 4.138209039999999846e-04
3.269471599999999867e-02 3.944869389999999787e-04
3.290962060000000161e-02 3.720665989999999900e-04
3.311443699999999657e-02 3.584659719999999964e-04
3.330925109999999939e-02 3.373835060000000027e-04
3.350218390000000296e-02 3.286500870000000243e-04
3.368446600000000318e-02 3.233179740000000058e-04
3.386260569999999942e-02 3.189248670000000029e-04
3.403621540000000001e-02 3.130084660000000173e-04
3.420389070000000309e-02 3.073108379999999959e-04
3.436676410000000237e-02 2.995069369999999983e-04
3.452886270000000285e-02 2.958225960000000049e-04
3.468831260000000000e-02 2.900749390000000169e-04
3.484543789999999808e-02 2.870053289999999939e-04
3.500153500000000029e-02 2.812341259999999823e-04
3.515386210000000233e-02 2.768990529999999979e-04
3.530075399999999669e-02 2.728256219999999855e-04
3.544556349999999911e-02 2.701062189999999842e-04
3.558761629999999954e-02 2.671508990000000011e-04
3.572867440000000033e-02 2.651216350000000087e-04
3.586962070000000030e-02 2.597226119999999851e-04
3.601055219999999696e-02 2.581252189999999917e-04
3.614863749999999709e-02 2.593946120000000248e-04
3.628441319999999720e-02 2.584767940000000223e-04
3.641892220000000208e-02 2.570485810000000190e-04
3.655039150000000125e-02 2.547065960000000008e-04
3.668092939999999941e-02 2.497533570000000022e-04
3.681394090000000147e-02 2.491101039999999963e-04
3.694695609999999741e-02 2.473455969999999973e-04
3.707814589999999799e-02 2.459484090000000028e-04
3.720819949999999710e-02 2.439624370000000085e-04
3.733479600000000342e-02 2.411750320000000016e-04
3.745820750000000005e-02 2.396311320000000112e-04
3.758154810000000068e-02 2.390313460000000089e-04
3.770467269999999704e-02 2.367989360000000057e-04
3.782682490000000008e-02 2.354085450000000109e-04
3.794948759999999810e-02 2.306955719999999907e-04
3.807231409999999733e-02 2.287847749999999901e-04
3.819243239999999678e-02 2.280340559999999989e-04
3.831123189999999928e-02 2.272854179999999865e-04
3.842830290000000260e-02 2.289469270000000091e-04
3.854618590000000178e-02 2.300387419999999985e-04
3.866621110000000028e-02 2.286240920000000103e-04
3.878690669999999840e-02 2.285173690000000105e-04
3.890715170000000334e-02 2.289708209999999973e-04
3.902694579999999719e-02 2.285487719999999996e-04
3.914569689999999880e-02 2.291370909999999872e-04
3.926126659999999713e-02 2.277524329999999883e-04
3.937697779999999731e-02 2.245169600000000026e-04
3.949549050000000089e-02 2.250358079999999997e-04
3.961391370000000300e-02 2.257663869999999916e-04
3.973245620000000200e-02 2.261026529999999907e-04
3.985118869999999813e-02 2.267227829999999905e-04
3.996860979999999897e-02 2.258475140000000005e-04
4.008421670000000131e-02 2.264474610000000100e-04
4.019924629999999804e-02 2.266198280000000049e-04
4.031484949999999956e-02 2.261344049999999947e-04
4.043104499999999879e-02 2.263123609999999916e-04
4.054934159999999677e-02 2.241552869999999893e-04
4.066791010000000289e-02 2.235493739999999934e-04
4.078334940000000186e-02 2.262333580000000066e-04
4.089758169999999776e-02 2.261650080000000092e-04
4.101190340000000073e-02 2.258249440000000073e-04
4.112588989999999695e-02 2.258068849999999867e-04
4.124134410000000056e-02 2.233201379999999871e-04
4.135702549999999839e-02 2.225576029999999932e-04
4.147303100000000048e-02 2.207237990000000133e-04
4.158952090000000296e-02 2.203581389999999935e-04
4.170310499999999726e-02 2.233443960000000116e-04
4.181369769999999930e-02 2.226216459999999888e-04
4.192445799999999778e-02 2.203349430000000079e-04
4.203775149999999794e-02 2.207310030000000131e-04
4.215116800000000274e-02 2.216340799999999913e-04
4.226446150000000290e-02 2.221846230000000034e-04
4.237966979999999856e-02 2.213590920000000045e-04
4.249185700000000093e-02 2.192502140000000019e-04
4.260099679999999889e-02 2.176320999999999996e-04
4.271108280000000118e-02 2.176202400000000101e-04
4.282164200000000004e-02 2.168043570000000031e-04
4.293299090000000234e-02 2.166882040000000077e-04
4.304494710000000141e-02 2.153633979999999999e-04
4.315687719999999894e-02 2.151611259999999934e-04
4.326717179999999691e-02 2.173165560000000053e-04
4.337652029999999881e-02 2.175292470000000130e-04
4.348673670000000047e-02 2.174989789999999881e-04
4.359566790000000275e-02 2.167172930000000003e-04
4.370496790000000242e-02 2.131011720000000088e-04
4.381690550000000295e-02 2.130883510000000105e-04
4.392941300000000049e-02 2.121195430000000052e-04
4.404164850000000242e-02 2.118936249999999952e-04
4.415134710000000184e-02 2.154802060000000072e-04
4.425983129999999655e-02 2.160474110000000112e-04
4.436957460000000297e-02 2.163403699999999908e-04
4.447917640000000061e-02 2.163628089999999925e-04
4.458935559999999826e-02 2.146400069999999905e-04
4.470142719999999764e-02 2.151569640000000085e-04
4.481425139999999779e-02 2.153333330000000042e-04
4.492471740000000130e-02 2.136852420000000068e-04
4.503313080000000135e-02 2.125386670000000084e-04
4.514230419999999688e-02 2.128681519999999980e-04
4.525092619999999954e-02 2.155049440000000112e-04
4.536030070000000164e-02 2.169107610000000036e-04
4.547265539999999912e-02 2.150193609999999898e-04
4.558490219999999926e-02 2.142714799999999884e-04
4.569508139999999691e-02 2.156474220000000118e-04
4.580438879999999824e-02 2.153238459999999924e-04
4.591220239999999758e-02 2.169066140000000130e-04
4.601838440000000086e-02 2.167905330000000010e-04
4.612744230000000167e-02 2.124850139999999942e-04
4.624004660000000100e-02 2.130642240000000045e-04
4.635136570000000095e-02 2.160078879999999962e-04
4.646242040000000267e-02 2.169099460000000076e-04
4.657290879999999994e-02 2.203554900000000074e-04
4.668202999999999936e-02 2.204722990000000107e-04
4.679143799999999770e-02 2.203148469999999953e-04
4.689845819999999971e-02 2.191269009999999935e-04
4.700698700000000008e-02 2.133289530000000015e-04
4.711931939999999819e-02 2.135159300000000020e-04
4.723166300000000012e-02 2.148203930000000083e-04
4.734257239999999783e-02 2.144362520000000008e-04
4.745189100000000298e-02 2.152094680000000060e-04
4.756110160000000253e-02 2.154236569999999911e-04
4.766831170000000034e-02 2.193556569999999934e-04
4.777597260000000096e-02 2.207413640000000020e-04
4.788796979999999925e-02 2.173667600000000046e-04
4.799935219999999780e-02 2.160794100000000041e-04
4.811010510000000157e-02 2.143515590000000107e-04
4.822106290000000017e-02 2.138534329999999914e-04
4.832974079999999978e-02 2.154599500000000105e-04
4.843758420000000148e-02 2.155373949999999869e-04
4.854576659999999821e-02 2.151827649999999933e-04
4.865544289999999827e-02 2.156562700000000019e-04
4.876555130000000127e-02 2.162555029999999913e-04
4.887552190000000324e-02 2.166829950000000052e-04
4.898705329999999969e-02 2.160953300000000065e-04
