-4.700856660000000270e-02 2.429690940000000013e-04
-4.695958270000000212e-02 2.127838819999999982e-04
-4.688778889999999783e-02 2.153639510000000129e-04
-4.680983720000000264e-02 2.121551810000000128e-04
-4.672740400000000016e-02 2.139893909999999967e-04
-4.663914809999999966e-02 2.102166760000000038e-04
-4.654553909999999822e-02 2.120484279999999974e-04
-4.644948239999999867e-02 2.122828450000000097e-04
-4.635339229999999727e-02 2.123867740000000065e-04
-4.625644909999999943e-02 2.112493819999999877e-04
-4.616031799999999879e-02 2.100747810000000047e-04
-4.606478659999999753e-02 2.077898390000000074e-04
-4.596764219999999873e-02 2.082214489999999923e-04
-4.587053509999999834e-02 2.094772349999999964e-04
-4.577168820000000055e-02 2.109722700000000041e-04
-4.567012189999999916e-02 2.114026569999999969e-04
-4.556957999999999842e-02 2.109386990000000042e-04
-4.547102380000000305e-02 2.121827269999999909e-04
-4.537322740000000049e-02 2.121729630000000017e-04
-4.527343059999999753e-02 2.087994360000000106e-04
-4.517253489999999844e-02 2.079650880000000061e-04
-4.507238789999999662e-02 2.068868779999999993e-04
-4.497072850000000122e-02 2.076896490000000053e-04
-4.486700150000000331e-02 2.072681240000000008e-04
-4.476292800000000044e-02 2.073261999999999870e-04
-4.466122759999999886e-02 2.106686590000000057e-04
-4.456150159999999749e-02 2.106826139999999994e-04
-4.446117950000000318e-02 2.097196119999999964e-04
-4.436078670000000168e-02 2.091360369999999992e-04
-4.425986860000000189e-02 2.066407909999999973e-04
-4.415700210000000209e-02 2.071968049999999950e-04
-4.405235500000000137e-02 2.057888490000000115e-04
-4.394777119999999926e-02 2.052432389999999936e-04
-4.384500909999999863e-02 2.075362280000000103e-04
-4.374278709999999959e-02 2.080375560000000015e-04
-4.364115739999999827e-02 2.096399990000000094e-04
-4.353923719999999720e-02 2.103919829999999875e-04
-4.343482480000000062e-02 2.083147990000000038e-04
-4.333036390000000182e-02 2.073117210000000000e-04
-4.322554919999999773e-02 2.039430840000000121e-04
-4.312078280000000013e-02 2.029790629999999880e-04
-4.301893340000000066e-02 2.059310790000000002e-04
-4.291845860000000068e-02 2.061702979999999880e-04
-4.281790180000000223e-02 2.059203829999999946e-04
-4.271457339999999714e-02 2.074940999999999960e-04
-4.260901360000000221e-02 2.081373819999999945e-04
-4.250372200000000072e-02 2.079251140000000042e-04
-4.239844529999999695e-02 2.073685459999999976e-04
-4.229398439999999815e-02 2.069612669999999896e-04
-4.219045490000000037e-02 2.073792420000000031e-04
-4.208757729999999808e-02 2.071401400000000086e-04
-4.198447240000000025e-02 2.068795580000000022e-04
-4.188006739999999839e-02 2.075645020000000068e-04
-4.177680980000000183e-02 2.105969759999999906e-04
-4.167353730000000062e-02 2.116984250000000008e-04
-4.156763110000000205e-02 2.103614680000000009e-04
-4.146150500000000266e-02 2.097246620000000109e-04
-4.135682809999999959e-02 2.103639849999999994e-04
-4.125304149999999698e-02 2.103452130000000090e-04
-4.114778339999999868e-02 2.086342869999999866e-04
-4.104091230000000284e-02 2.089864280000000053e-04
-4.093381019999999676e-02 2.087849429999999982e-04
-4.082541170000000136e-02 2.094908699999999948e-04
-4.071873050000000133e-02 2.143137539999999885e-04
-4.061317440000000029e-02 2.150787619999999941e-04
-4.050717880000000160e-02 2.164498580000000011e-04
-4.040527339999999690e-02 2.147852649999999958e-04
-4.030391199999999730e-02 2.110737989999999955e-04
-4.019699990000000223e-02 2.130574280000000007e-04
-4.008544239999999731e-02 2.116251269999999880e-04
-3.997378420000000099e-02 2.111744830000000025e-04
-3.986569489999999827e-02 2.150692160000000012e-04
-3.975903990000000110e-02 2.156112309999999913e-04
-3.965179249999999794e-02 2.161324810000000128e-04
-3.954356159999999898e-02 2.166166089999999934e-04
-3.943429140000000166e-02 2.162369200000000046e-04
-3.932459280000000224e-02 2.166539490000000034e-04
-3.921356799999999726e-02 2.164213800000000065e-04
-3.910432760000000230e-02 2.152663070000000018e-04
-3.899838779999999921e-02 2.167447240000000043e-04
-3.889093550000000121e-02 2.181886670000000102e-04
-3.878102819999999784e-02 2.181053280000000037e-04
-3.867021949999999847e-02 2.183189640000000029e-04
-3.855850920000000043e-02 2.174222460000000128e-04
-3.844636309999999862e-02 2.176578560000000015e-04
-3.833488749999999778e-02 2.194278500000000035e-04
-3.822422030000000026e-02 2.195828570000000037e-04
-3.811273720000000337e-02 2.194807749999999993e-04
-3.800265490000000190e-02 2.186016940000000083e-04
-3.789294509999999866e-02 2.159393479999999991e-04
-3.778095919999999858e-02 2.163460450000000016e-04
-3.766958420000000168e-02 2.184871850000000032e-04
-3.755883129999999792e-02 2.185835620000000084e-04
-3.744679690000000255e-02 2.167281050000000031e-04
-3.733132029999999824e-02 2.184170440000000066e-04
-3.721672670000000099e-02 2.245629290000000105e-04
-3.710621220000000220e-02 2.243363409999999942e-04
-3.699394689999999791e-02 2.216289870000000132e-04
-3.687926379999999921e-02 2.221043690000000027e-04
-3.676437209999999789e-02 2.222284090000000063e-04
-3.664873169999999930e-02 2.227236690000000121e-04
-3.653299060000000237e-02 2.239385499999999940e-04
-3.641692550000000250e-02 2.242641490000000072e-04
-3.630227219999999921e-02 2.275220030000000095e-04
-3.618736940000000235e-02 2.291490959999999935e-04
-3.607082739999999815e-02 2.318108450000000030e-04
-3.595147650000000278e-02 2.344620730000000124e-04
-3.582918639999999738e-02 2.360451909999999897e-04
-3.570557390000000247e-02 2.374124450000000071e-04
-3.558138389999999929e-02 2.402531099999999993e-04
-3.545769299999999846e-02 2.406453420000000132e-04
-3.533413259999999834e-02 2.419552770000000011e-04
-3.520933169999999890e-02 2.434940980000000117e-04
-3.508417309999999761e-02 2.471554619999999846e-04
-3.495701030000000070e-02 2.496735830000000080e-04
-3.482704980000000256e-02 2.529529159999999990e-04
-3.469740600000000008e-02 2.539531269999999934e-04
-3.456725930000000002e-02 2.549355269999999791e-04
-3.443526849999999778e-02 2.563976449999999757e-04
-3.430165350000000113e-02 2.577462869999999867e-04
-3.416623550000000287e-02 2.589565700000000183e-04
-3.403050450000000282e-02 2.618071739999999780e-04
-3.389207649999999988e-02 2.648007069999999794e-04
-3.374983740000000315e-02 2.677689769999999875e-04
-3.360570589999999774e-02 2.699883190000000035e-04
-3.346236050000000323e-02 2.764310920000000085e-04
-3.331764410000000176e-02 2.795722389999999793e-04
-3.317120300000000327e-02 2.854163180000000096e-04
-3.302201629999999832e-02 2.887695149999999745e-04
-3.286904100000000162e-02 2.917710229999999848e-04
-3.271157289999999940e-02 2.959315320000000253e-04
-3.254996240000000013e-02 3.005828480000000027e-04
-3.238322960000000056e-02 3.053292750000000024e-04
-3.221403059999999874e-02 3.155728919999999799e-04
-3.204028309999999713e-02 3.220243089999999769e-04
-3.186471390000000098e-02 3.356927480000000035e-04
-3.167909010000000136e-02 3.466577909999999816e-04
-3.148646649999999741e-02 3.654261819999999987e-04
-3.128216040000000170e-02 3.786595479999999730e-04
-3.106734159999999939e-02 3.978753230000000186e-04
-3.083919359999999846e-02 4.132906029999999981e-04
-3.060111030000000135e-02 4.411741390000000016e-04
-3.036108800000000135e-02 4.524388350000000183e-04
-3.010733609999999977e-02 4.591296309999999873e-04
-2.985845130000000167e-02 4.586113500000000014e-04
-2.960860170000000069e-02 4.555556810000000009e-04
-2.935378439999999922e-02 4.567952129999999821e-04
-2.909648420000000152e-02 4.561929090000000123e-04
-2.883393880000000020e-02 4.597250950000000207e-04
-2.857046389999999894e-02 4.679722770000000159e-04
-2.830117750000000001e-02 4.744298930000000170e-04
-2.802802249999999940e-02 4.877099999999999773e-04
-2.774240450000000149e-02 5.000388480000000392e-04
-2.744863369999999900e-02 5.187782229999999889e-04
-2.715276369999999884e-02 5.267862579999999526e-04
-2.684563029999999934e-02 5.302217909999999744e-04
-2.653591519999999940e-02 5.322491049999999524e-04
-2.622085619999999992e-02 5.291434350000000361e-04
-2.586408520000000114e-02 5.537103279999999999e-04
-2.550925310000000043e-02 6.273729380000000024e-04
-2.514614160000000140e-02 6.590248090000000447e-04
-2.473231780000000046e-02 6.598909390000000418e-04
-2.437754530000000100e-02 6.247007990000000115e-04
-2.401475980000000038e-02 5.135688700000000471e-04
-2.372401019999999944e-02 4.297198030000000000e-04
-2.350221759999999993e-02 3.124481880000000086e-04
-2.328888330000000034e-02 2.656776049999999925e-04
-2.314733899999999941e-02 2.552444060000000152e-04
-2.300718049999999834e-02 2.506508900000000155e-04
-2.286860719999999833e-02 2.414350019999999869e-04
-2.272963899999999940e-02 2.383646639999999998e-04
-2.259537019999999924e-02 2.367156989999999982e-04
-2.246514709999999915e-02 2.336889590000000062e-04
-2.233792839999999835e-02 2.302980280000000064e-04
-2.221215329999999891e-02 2.278920290000000122e-04
-2.208917219999999987e-02 2.259134779999999909e-04
-2.196633259999999921e-02 2.254213899999999956e-04
-2.184216309999999911e-02 2.226700309999999922e-04
-2.171885410000000058e-02 2.211741809999999886e-04
-2.159832979999999972e-02 2.207924989999999945e-04
-2.148149540000000163e-02 2.184361359999999923e-04
-2.136629450000000069e-02 2.146208130000000058e-04
-2.124835549999999976e-02 2.145933250000000127e-04
-2.113047800000000115e-02 2.146561600000000106e-04
-2.101372179999999937e-02 2.142940650000000030e-04
-2.089677009999999988e-02 2.129670170000000091e-04
-2.077898380000000114e-02 2.129885690000000043e-04
-2.066192219999999843e-02 2.150511139999999898e-04
-2.054705659999999864e-02 2.144878959999999923e-04
-2.043405549999999932e-02 2.152028610000000059e-04
-2.032285740000000160e-02 2.143755409999999998e-04
-2.021236159999999921e-02 2.132497469999999873e-04
-2.010030109999999884e-02 2.134892999999999958e-04
-1.998499219999999924e-02 2.087752509999999924e-04
-1.986849309999999882e-02 2.080739499999999969e-04
-1.975440610000000000e-02 2.101347639999999873e-04
-1.964283920000000142e-02 2.093695219999999952e-04
-1.953298969999999954e-02 2.108930930000000095e-04
-1.942266340000000160e-02 2.117371189999999945e-04
-1.931038870000000018e-02 2.100261189999999968e-04
-1.919792780000000032e-02 2.095231760000000078e-04
-1.908459139999999984e-02 2.066650920000000127e-04
-1.897138539999999873e-02 2.052717320000000095e-04
-1.886112620000000156e-02 2.063430730000000060e-04
-1.875202730000000151e-02 2.063090070000000054e-04
-1.864289859999999910e-02 2.069370240000000135e-04
-1.853194650000000027e-02 2.082667920000000079e-04
-1.841904780000000116e-02 2.079141699999999867e-04
-1.830484900000000151e-02 2.085684830000000074e-04
-1.819046029999999911e-02 2.100663109999999949e-04
-1.807616280000000006e-02 2.102563160000000121e-04
-1.796189509999999989e-02 2.108636550000000021e-04
-1.784979739999999898e-02 2.100636630000000048e-04
-1.773773689999999861e-02 2.079084810000000048e-04
-1.762328859999999844e-02 2.085618179999999952e-04
-1.750759220000000158e-02 2.090749329999999964e-04
-1.739133149999999919e-02 2.096147359999999890e-04
-1.727579159999999975e-02 2.115078529999999996e-04
-1.715673129999999852e-02 2.143071910000000023e-04
-1.703602820000000087e-02 2.193393590000000106e-04
-1.691783410000000099e-02 2.193357069999999937e-04
-1.679971259999999897e-02 2.194742410000000057e-04
-1.668180149999999931e-02 2.196931600000000099e-04
-1.656037009999999920e-02 2.152491220000000126e-04
-1.643494139999999992e-02 2.160641600000000079e-04
-1.631158590000000158e-02 2.209393859999999959e-04
-1.618787829999999983e-02 2.229065139999999892e-04
-1.606467179999999939e-02 2.292058780000000003e-04
-1.594068859999999907e-02 2.316142639999999974e-04
-1.581438630000000026e-02 2.344578970000000021e-04
-1.568831130000000046e-02 2.356575420000000132e-04
-1.555876810000000020e-02 2.332230799999999917e-04
-1.542749260000000032e-02 2.333815360000000068e-04
-1.529549709999999951e-02 2.334839230000000123e-04
-1.516390960000000079e-02 2.332945590000000088e-04
-1.503419320000000045e-02 2.349764549999999925e-04
-1.490376239999999936e-02 2.360116339999999882e-04
-1.477274760000000034e-02 2.379105430000000028e-04
-1.463996340000000076e-02 2.393187460000000021e-04
-1.450501379999999917e-02 2.396647609999999961e-04
-1.437006700000000026e-02 2.401054369999999945e-04
-1.423628629999999957e-02 2.441696420000000092e-04
-1.410321429999999987e-02 2.452275370000000110e-04
-1.396747400000000056e-02 2.427666620000000107e-04
-1.382960840000000032e-02 2.431586909999999954e-04
-1.369116180000000058e-02 2.432788020000000047e-04
-1.354914999999999939e-02 2.451143230000000085e-04
-1.340568529999999932e-02 2.478515090000000219e-04
-1.326256250000000005e-02 2.489573090000000207e-04
-1.311877089999999996e-02 2.509122130000000154e-04
-1.297957540000000028e-02 2.488646129999999980e-04
-1.284040040000000021e-02 2.441182590000000048e-04
-1.270855310000000050e-02 2.380192889999999963e-04
-1.257804870000000033e-02 2.223511979999999943e-04
-1.245190200000000080e-02 2.140906290000000125e-04
-1.233298700000000012e-02 2.032221530000000121e-04
-1.221452089999999942e-02 1.987593280000000029e-04
-1.210134759999999948e-02 1.952623279999999922e-04
-1.199331789999999974e-02 1.911838479999999885e-04
-1.188901439999999997e-02 1.867538379999999912e-04
-1.178513649999999961e-02 1.849104589999999988e-04
-1.168336629999999939e-02 1.825716169999999985e-04
-1.158193029999999950e-02 1.815287539999999966e-04
-1.148121520000000041e-02 1.798352460000000083e-04
-1.138077210000000040e-02 1.788105150000000062e-04
-1.128165419999999954e-02 1.782129260000000072e-04
-1.118497360000000017e-02 1.767755890000000053e-04
-1.109047510000000028e-02 1.764135229999999903e-04
-1.099374049999999985e-02 1.776221760000000027e-04
-1.089513769999999986e-02 1.785314530000000081e-04
-1.079707029999999943e-02 1.785501659999999904e-04
-1.069953390000000053e-02 1.787943329999999937e-04
-1.060366069999999980e-02 1.778818989999999991e-04
-1.050779129999999950e-02 1.753512769999999998e-04
-1.041330120000000074e-02 1.733702960000000118e-04
-1.032020519999999990e-02 1.702290760000000074e-04
-1.022850630000000059e-02 1.684921590000000005e-04
-1.013709330000000033e-02 1.647585009999999873e-04
-1.004478150000000063e-02 1.639603580000000016e-04
-9.956499560000000096e-03 1.678241100000000055e-04
-9.871359910000000390e-03 1.673260410000000024e-04
-9.783658199999999833e-03 1.616640950000000024e-04
-9.696173480000000455e-03 1.594953650000000087e-04
-9.611858989999999547e-03 1.587667939999999893e-04
-9.527932850000000314e-03 1.580531830000000135e-04
-9.442482139999999746e-03 1.535645279999999998e-04
-9.357408620000000343e-03 1.519318760000000024e-04
-9.273518810000000792e-03 1.499234790000000047e-04
-9.191432969999999841e-03 1.481241050000000074e-04
-9.111604650000000583e-03 1.463065709999999866e-04
-9.032621050000000026e-03 1.451444259999999967e-04
-8.955894969999999428e-03 1.456850299999999871e-04
-8.879894390000000332e-03 1.452429419999999929e-04
-8.801486339999999367e-03 1.400345650000000002e-04
-8.722803560000000692e-03 1.385159120000000127e-04
-8.645820429999999390e-03 1.371291730000000078e-04
-8.570656180000000429e-03 1.355396230000000088e-04
-8.496624419999999553e-03 1.335081620000000131e-04
-8.424065079999999359e-03 1.318985599999999883e-04
-8.353460579999999469e-03 1.301701409999999877e-04
-8.281953629999999969e-03 1.300913140000000041e-04
-8.210842499999999183e-03 1.305350449999999926e-04
-8.140042420000000167e-03 1.303260209999999961e-04
-8.069192989999999718e-03 1.296842090000000056e-04
-8.000604810000000802e-03 1.282725860000000109e-04
-7.933055979999999174e-03 1.265562309999999978e-04
-7.865459660000000824e-03 1.259697889999999911e-04
-7.798118980000000137e-03 1.242762520000000102e-04
-7.731175049999999653e-03 1.234280209999999954e-04
-7.664671629999999722e-03 1.218081089999999947e-04
-7.597827350000000042e-03 1.212605420000000038e-04
-7.532118820000000166e-03 1.216525049999999948e-04
-7.467439400000000331e-03 1.213397340000000062e-04
-7.403865919999999719e-03 1.223085129999999918e-04
-7.341458460000000255e-03 1.219596089999999949e-04
-7.278156469999999892e-03 1.199536199999999976e-04
-7.215744349999999967e-03 1.186976660000000006e-04
-7.153475190000000393e-03 1.149831219999999937e-04
-7.090152239999999648e-03 1.142792830000000022e-04
-7.028220689999999798e-03 1.146474389999999961e-04
-6.967184599999999735e-03 1.140835520000000019e-04
-6.908658429999999830e-03 1.167029189999999956e-04
-6.850883829999999605e-03 1.173513880000000032e-04
-6.790308749999999713e-03 1.149257879999999971e-04
-6.729630290000000042e-03 1.141150349999999966e-04
-6.669248449999999953e-03 1.119138249999999940e-04
-6.610072679999999708e-03 1.103966210000000036e-04
-6.552226379999999753e-03 1.084027459999999972e-04
-6.494320930000000228e-03 1.075717519999999942e-04
-6.437844600000000063e-03 1.076594050000000016e-04
-6.381826939999999879e-03 1.075613980000000045e-04
-6.325414869999999683e-03 1.066349869999999958e-04
-6.268665189999999762e-03 1.065029279999999963e-04
-6.211905739999999849e-03 1.065181709999999933e-04
-6.156638730000000420e-03 1.056309190000000040e-04
-6.101906770000000216e-03 1.036486720000000060e-04
-6.047050469999999851e-03 1.030096969999999958e-04
-5.992838179999999612e-03 1.023101939999999986e-04
-5.939056629999999934e-03 1.016595559999999978e-04
-5.885230380000000192e-03 9.979608880000000496e-05
-5.831193640000000185e-03 9.938740549999999481e-05
-5.778656810000000303e-03 1.011249260000000026e-04
-5.726514379999999606e-03 1.015180749999999979e-04
-5.673346109999999679e-03 1.005124210000000009e-04
-5.620676090000000305e-03 9.985112410000000077e-05
-5.568797230000000278e-03 9.933569529999999946e-05
-5.517416170000000002e-03 9.871558000000000600e-05
-5.465643949999999737e-03 9.635742030000000297e-05
-5.413783250000000005e-03 9.569296529999999918e-05
-5.362829189999999621e-03 9.535591379999999457e-05
-5.312104710000000417e-03 9.509666419999999846e-05
-5.261918529999999594e-03 9.562942430000000345e-05
-5.212431309999999637e-03 9.540491739999999818e-05
-5.163386929999999597e-03 9.515495190000000333e-05
-5.114650820000000292e-03 9.487941129999999650e-05
-5.065695850000000340e-03 9.374780349999999669e-05
-5.016245410000000002e-03 9.350902110000000448e-05
-4.966673440000000418e-03 9.265524570000000459e-05
-4.918213930000000025e-03 9.180659979999999964e-05
-4.870828710000000422e-03 9.158109610000000379e-05
-4.823313559999999577e-03 9.157961900000000522e-05
-4.775595389999999843e-03 9.088592199999999681e-05
-4.728088620000000207e-03 9.050923840000000111e-05
-4.681068939999999748e-03 9.027671329999999953e-05
-4.634106070000000403e-03 9.003490409999999669e-05
-4.587286149999999715e-03 8.960922419999999802e-05
-4.541968460000000291e-03 8.867717410000000588e-05
-4.497255660000000314e-03 8.709784740000000658e-05
-4.451779179999999607e-03 8.698524470000000358e-05
-4.406003280000000098e-03 8.649839580000000434e-05
-4.360806200000000125e-03 8.597745909999999407e-05
-4.316207019999999776e-03 8.519463149999999523e-05
-4.271547780000000023e-03 8.494908979999999895e-05
-4.226689690000000332e-03 8.393567990000000379e-05
-4.181903320000000292e-03 8.341217469999999748e-05
-4.138240589999999872e-03 8.383858219999999447e-05
-4.095301499999999713e-03 8.367107509999999573e-05
-4.052171480000000062e-03 8.320010239999999500e-05
-4.009244959999999983e-03 8.290894040000000424e-05
-3.966653250000000408e-03 8.233926199999999553e-05
-3.924140240000000349e-03 8.208674990000000657e-05
-3.881556210000000010e-03 8.126710600000000301e-05
-3.839364740000000137e-03 8.073625209999999504e-05
-3.797772809999999839e-03 8.026346039999999852e-05
-3.756321500000000136e-03 7.989926230000000008e-05
-3.715162399999999854e-03 7.938185440000000031e-05
-3.674064999999999796e-03 7.926647229999999559e-05
-3.632683069999999986e-03 7.876852759999999995e-05
-3.591375659999999914e-03 7.854635620000000019e-05
-3.550714349999999856e-03 7.870524860000000086e-05
-3.510843259999999865e-03 7.828740489999999391e-05
-3.471543079999999792e-03 7.808007650000000385e-05
-3.432474799999999868e-03 7.776023989999999910e-05
-3.393150399999999862e-03 7.644994909999999354e-05
-3.353332640000000146e-03 7.637836100000000041e-05
-3.313669239999999898e-03 7.643613940000000475e-05
-3.274546469999999997e-03 7.613310300000000622e-05
-3.235614160000000166e-03 7.589360030000000278e-05
-3.196912579999999955e-03 7.566936260000000334e-05
-3.158522070000000133e-03 7.527600970000000149e-05
-3.120466829999999844e-03 7.493281010000000088e-05
-3.082413919999999787e-03 7.398334859999999445e-05
-3.044298380000000186e-03 7.357842699999999389e-05
-3.006576090000000027e-03 7.311531950000000452e-05
-2.969287799999999981e-03 7.278795240000000355e-05
-2.932087749999999927e-03 7.229771289999999454e-05
-2.894718200000000186e-03 7.222361460000000552e-05
-2.857746789999999863e-03 7.240576089999999890e-05
-2.820987489999999837e-03 7.234368240000000044e-05
-2.784177430000000109e-03 7.208596800000000655e-05
-2.747414630000000191e-03 7.186629230000000641e-05
-2.710669299999999855e-03 7.128997090000000598e-05
-2.674465999999999909e-03 7.085487600000000598e-05
-2.638450589999999894e-03 6.996120650000000479e-05
-2.602582559999999916e-03 6.955043500000000658e-05
-2.567234219999999824e-03 6.953615959999999755e-05
-2.532028590000000214e-03 6.944582859999999796e-05
-2.497025070000000093e-03 6.926756029999999939e-05
-2.461815950000000117e-03 6.932685939999999613e-05
-2.426250599999999792e-03 6.889669020000000312e-05
-2.390897830000000054e-03 6.852043590000000235e-05
-2.356055430000000145e-03 6.833036600000000598e-05
-2.321599519999999802e-03 6.812324140000000389e-05
-2.287069100000000115e-03 6.767969169999999844e-05
-2.252585249999999959e-03 6.749226300000000307e-05
-2.218300940000000020e-03 6.704659610000000347e-05
-2.184085320000000129e-03 6.684499390000000661e-05
-2.150039890000000203e-03 6.656984619999999650e-05
-2.116258020000000122e-03 6.622212820000000397e-05
-2.082986760000000211e-03 6.610956189999999918e-05
-2.049910370000000096e-03 6.604214289999999507e-05
-2.016557610000000150e-03 6.539692549999999698e-05
-1.983223719999999829e-03 6.515296259999999676e-05
-1.949930330000000092e-03 6.478689469999999952e-05
-1.916681070000000094e-03 6.462913009999999452e-05
-1.883739259999999988e-03 6.445668259999999604e-05
-1.850880920000000070e-03 6.434437089999999577e-05
-1.818283690000000027e-03 6.446838960000000050e-05
-1.785812899999999993e-03 6.434923130000000347e-05
-1.753399029999999983e-03 6.411467619999999541e-05
-1.721286800000000096e-03 6.393674989999999908e-05
-1.689291789999999979e-03 6.387870960000000312e-05
-1.657371059999999908e-03 6.381305870000000032e-05
-1.625217030000000078e-03 6.299923550000000537e-05
-1.593027149999999949e-03 6.272787869999999389e-05
-1.561368579999999895e-03 6.286158169999999724e-05
-1.529857400000000055e-03 6.273569310000000224e-05
-1.498357739999999936e-03 6.240684890000000270e-05
-1.467070540000000017e-03 6.224629029999999470e-05
-1.435789050000000049e-03 6.181101340000000365e-05
-1.404588810000000033e-03 6.160527850000000242e-05
-1.373419999999999979e-03 6.131724509999999769e-05
-1.342407660000000070e-03 6.111952830000000130e-05
-1.311868890000000018e-03 6.112727709999999531e-05
-1.281501729999999896e-03 6.102682529999999976e-05
-1.251069600000000040e-03 6.063929319999999799e-05
-1.220376349999999915e-03 6.057395510000000162e-05
-1.189698350000000003e-03 6.041936649999999791e-05
-1.159429779999999934e-03 6.020042930000000131e-05
-1.129159009999999982e-03 5.981439969999999962e-05
-1.098985549999999993e-03 5.961665739999999670e-05
-1.069113850000000081e-03 5.934344519999999799e-05
-1.039386030000000096e-03 5.915859220000000107e-05
-1.009788250000000047e-03 5.886212599999999785e-05
-9.800859260000001003e-04 5.873803819999999954e-05
-9.504985059999999627e-04 5.858629450000000008e-05
-9.212637670000000441e-04 5.840002269999999796e-05
-8.921485859999999865e-04 5.808222699999999816e-05
-8.630427180000000125e-04 5.796198459999999753e-05
-8.338601909999999572e-04 5.771845829999999966e-05
-8.048587480000000309e-04 5.752194560000000172e-05
-7.760893200000000113e-04 5.714409420000000076e-05
-7.472688450000000270e-04 5.703876010000000235e-05
-7.186061699999999686e-04 5.700969630000000124e-05
-6.900166039999999735e-04 5.687783780000000021e-05
-6.614954909999999980e-04 5.662690820000000337e-05
-6.332412590000000398e-04 5.645384589999999901e-05
-6.051447710000000145e-04 5.623620749999999922e-05
-5.772665030000000488e-04 5.602699820000000186e-05
-5.493115750000000059e-04 5.552866420000000054e-05
-5.213706169999999781e-04 5.534034060000000179e-05
-4.936721530000000519e-04 5.501093620000000047e-05
-4.661291599999999795e-04 5.479887480000000322e-05
-4.387799420000000118e-04 5.453341149999999676e-05
-4.114597100000000145e-04 5.434648480000000127e-05
-3.842427689999999884e-04 5.400096050000000215e-05
-3.573333090000000009e-04 5.376603799999999712e-05
-3.304458810000000151e-04 5.335198880000000015e-05
-3.037382850000000111e-04 5.309441260000000021e-05
-2.773393349999999985e-04 5.269137180000000193e-05
-2.511678319999999850e-04 5.240955579999999683e-05
-2.251656989999999885e-04 5.190963569999999881e-05
-1.992958419999999917e-04 5.158023119999999924e-05
-1.735861149999999890e-04 5.093463190000000113e-05
-1.481339709999999956e-04 5.061769479999999796e-05
-1.229684129999999954e-04 5.021515970000000240e-05
-9.803027930000000640e-05 4.993366750000000044e-05
-7.312695380000000403e-05 4.939677819999999743e-05
-4.842435370000000279e-05 4.908778279999999810e-05
-2.404199589999999863e-05 4.855519360000000277e-05
5.712599889999999549e-07 4.850974440000000088e-05
2.494085489999999896e-05 4.876973250000000054e-05
4.962372619999999823e-05 4.899197669999999673e-05
7.432980779999999975e-05 4.955361870000000323e-05
9.907185450000000147e-05 4.984418050000000296e-05
1.241550340000000061e-04 5.027280710000000164e-05
1.494064490000000074e-04 5.052872799999999948e-05
1.747031059999999941e-04 5.097444589999999858e-05
2.002933620000000052e-04 5.131142460000000000e-05
2.260680919999999894e-04 5.193935069999999722e-05
2.521178390000000072e-04 5.225918719999999695e-05
2.784135870000000183e-04 5.273528589999999984e-05
3.047510690000000189e-04 5.300293559999999906e-05
3.314007480000000249e-04 5.342805159999999988e-05
3.581281629999999829e-04 5.362827140000000332e-05
3.848996709999999910e-04 5.390926530000000145e-05
4.119299119999999940e-04 5.416600109999999708e-05
4.391597180000000053e-04 5.454583149999999824e-05
4.665403980000000245e-04 5.469849929999999688e-05
4.939431090000000494e-04 5.508420139999999939e-05
5.213306870000000443e-04 5.528856489999999711e-05
5.488506290000000126e-04 5.563528980000000189e-05
5.764296510000000481e-04 5.579586289999999938e-05
6.043196769999999770e-04 5.593549579999999920e-05
6.324000420000000251e-04 5.610019070000000260e-05
6.605070080000000326e-04 5.630173469999999756e-05
6.888367930000000462e-04 5.643107580000000030e-05
7.171828180000000032e-04 5.676215370000000282e-05
7.455091109999999839e-04 5.694635910000000025e-05
7.740175930000000150e-04 5.715439329999999848e-05
8.025597200000000484e-04 5.724962470000000180e-05
8.311888669999999623e-04 5.758645060000000120e-05
8.600175500000000004e-04 5.782787779999999899e-05
8.890029280000000429e-04 5.801973020000000147e-05
9.179197949999999724e-04 5.804763710000000255e-05
9.467937630000000139e-04 5.819685610000000306e-05
9.759984100000000445e-04 5.836961649999999945e-05
1.005274939999999942e-03 5.872803739999999843e-05
1.034514399999999969e-03 5.891433099999999746e-05
1.064084590000000108e-03 5.910433900000000264e-05
1.093806699999999923e-03 5.926433369999999925e-05
1.123649530000000053e-03 5.928371320000000173e-05
1.153611809999999932e-03 5.936254820000000078e-05
1.183427990000000081e-03 5.982570659999999818e-05
1.213361280000000006e-03 5.998101190000000176e-05
1.243389680000000011e-03 6.025232140000000302e-05
1.273388039999999921e-03 6.041358939999999668e-05
1.303536000000000104e-03 6.061198659999999974e-05
1.333925290000000053e-03 6.082816980000000290e-05
1.364634840000000099e-03 6.112588019999999882e-05
1.395342059999999914e-03 6.123216740000000252e-05
1.425906549999999976e-03 6.153448339999999836e-05
1.456714700000000034e-03 6.170554119999999598e-05
1.487743340000000081e-03 6.181245410000000401e-05
1.518939040000000023e-03 6.203489469999999605e-05
1.550159069999999892e-03 6.261083760000000456e-05
1.581114599999999988e-03 6.266019049999999751e-05
1.612386900000000031e-03 6.250638399999999795e-05
1.643981780000000007e-03 6.264467079999999752e-05
1.675372480000000093e-03 6.313302580000000142e-05
1.706705080000000098e-03 6.327394660000000635e-05
1.738171090000000018e-03 6.344254510000000256e-05
1.769960859999999926e-03 6.361099079999999676e-05
1.801986250000000081e-03 6.368571480000000367e-05
1.834210009999999924e-03 6.391788340000000674e-05
1.866697100000000095e-03 6.436639520000000383e-05
1.899407010000000052e-03 6.466273040000000195e-05
1.932046140000000072e-03 6.536038559999999371e-05
1.964252440000000075e-03 6.535131250000000315e-05
1.996430799999999832e-03 6.537263110000000128e-05
2.029082739999999840e-03 6.557541930000000251e-05
2.062069949999999815e-03 6.557910090000000148e-05
2.095108149999999874e-03 6.570005639999999738e-05
2.128249730000000145e-03 6.586378000000000317e-05
2.161585030000000036e-03 6.603894869999999469e-05
2.195019040000000150e-03 6.661182119999999875e-05
2.228432099999999843e-03 6.680637310000000237e-05
2.261854240000000116e-03 6.707962170000000607e-05
2.295721090000000207e-03 6.735288480000000604e-05
2.330115759999999790e-03 6.723295519999999829e-05
2.364477839999999925e-03 6.726145509999999477e-05
2.398464129999999805e-03 6.796453090000000280e-05
2.432666019999999915e-03 6.834754459999999910e-05
2.467255810000000028e-03 6.902597669999999499e-05
2.501635349999999786e-03 6.914488770000000169e-05
2.535958080000000163e-03 6.930960809999999806e-05
2.570662410000000130e-03 6.959843450000000541e-05
2.605714839999999973e-03 6.981935440000000504e-05
2.641106260000000098e-03 7.000664479999999467e-05
2.676699539999999843e-03 7.019077020000000005e-05
2.712192950000000095e-03 7.029225529999999619e-05
2.748196940000000206e-03 6.998798199999999882e-05
2.784472420000000132e-03 7.004244979999999898e-05
2.819882240000000026e-03 7.137185459999999726e-05
2.855363069999999805e-03 7.189300230000000467e-05
2.891617590000000217e-03 7.204803840000000242e-05
2.928337550000000011e-03 7.228432509999999501e-05
2.965109660000000025e-03 7.285318129999999851e-05
3.001681060000000161e-03 7.303599699999999508e-05
3.038523720000000164e-03 7.336826820000000261e-05
3.075479299999999989e-03 7.355611890000000582e-05
3.112402279999999972e-03 7.385455680000000181e-05
3.149813510000000136e-03 7.425570219999999653e-05
3.187649649999999869e-03 7.466072570000000463e-05
3.226132129999999959e-03 7.509146960000000247e-05
3.264649310000000172e-03 7.622853449999999467e-05
3.302219559999999832e-03 7.617292429999999754e-05
3.339928109999999815e-03 7.578959780000000157e-05
3.378205000000000010e-03 7.599188389999999790e-05
3.416747789999999806e-03 7.639894469999999958e-05
3.455682659999999816e-03 7.678219120000000350e-05
3.494887849999999980e-03 7.710582579999999747e-05
3.534407590000000071e-03 7.741140139999999799e-05
3.573899389999999916e-03 7.830670799999999538e-05
3.613457320000000063e-03 7.856117009999999878e-05
3.653096499999999944e-03 7.913106670000000025e-05
3.693178990000000033e-03 7.970871230000000577e-05
3.734096650000000121e-03 8.022404650000000020e-05
3.774596839999999967e-03 8.016004720000000344e-05
3.814979689999999871e-03 7.987324350000000192e-05
3.855969519999999980e-03 8.013485789999999758e-05
3.896888580000000112e-03 8.097979300000000098e-05
3.937909849999999927e-03 8.123400039999999483e-05
3.979032859999999568e-03 8.176895059999999540e-05
4.020525139999999928e-03 8.229307420000000540e-05
4.062720110000000127e-03 8.288985549999999553e-05
4.105259200000000060e-03 8.331287239999999629e-05
4.148140080000000361e-03 8.360162609999999869e-05
4.191156940000000282e-03 8.378719940000000006e-05
4.234688819999999666e-03 8.344225349999999505e-05
4.278624899999999842e-03 8.344536040000000274e-05
4.321392159999999649e-03 8.540118140000000605e-05
4.364246500000000181e-03 8.627146599999999587e-05
4.408307369999999586e-03 8.667982910000000070e-05
4.452729600000000093e-03 8.704337960000000643e-05
4.497681740000000414e-03 8.749885460000000057e-05
4.542794079999999853e-03 8.776115280000000422e-05
4.587721549999999870e-03 8.846462149999999541e-05
4.632767759999999874e-03 8.866735880000000216e-05
4.678076130000000110e-03 8.879513920000000292e-05
4.723783579999999913e-03 8.920039550000000508e-05
4.770203490000000414e-03 8.914068170000000115e-05
4.817547279999999897e-03 8.967244500000000199e-05
4.864668939999999657e-03 9.186010719999999387e-05
4.911504690000000409e-03 9.247981509999999433e-05
4.958575590000000033e-03 9.346040309999999695e-05
5.005386189999999798e-03 9.365713779999999551e-05
5.052515310000000107e-03 9.367264280000000274e-05
5.100347100000000335e-03 9.397185929999999656e-05
5.148906729999999654e-03 9.359464460000000341e-05
5.198046569999999894e-03 9.393316580000000092e-05
5.247434599999999810e-03 9.481424059999999667e-05
5.296946500000000030e-03 9.520971070000000622e-05
5.345993680000000157e-03 9.672321899999999440e-05
5.395606629999999924e-03 9.760853570000000269e-05
5.445897110000000318e-03 9.893600510000000138e-05
5.495650690000000206e-03 9.895578840000000581e-05
5.545890420000000424e-03 9.820399280000000129e-05
5.596851929999999663e-03 9.849941850000000151e-05
5.647954529999999786e-03 9.908306670000000167e-05
5.699208469999999735e-03 9.938405859999999744e-05
5.750734819999999727e-03 1.001413260000000007e-04
5.802473520000000357e-03 1.005443919999999972e-04
5.854153069999999681e-03 1.013815710000000059e-04
5.906941829999999907e-03 1.022081710000000024e-04
5.960579029999999584e-03 1.030927889999999999e-04
6.014401560000000313e-03 1.036606990000000058e-04
6.068869489999999950e-03 1.041634530000000046e-04
6.122593299999999628e-03 1.038993069999999955e-04
6.176034450000000321e-03 1.040273860000000012e-04
6.229817399999999609e-03 1.042811490000000008e-04
6.283427589999999660e-03 1.048780250000000029e-04
6.338172589999999801e-03 1.057752020000000021e-04
6.393657999999999980e-03 1.070309659999999993e-04
6.450065879999999571e-03 1.078875360000000052e-04
6.507144309999999925e-03 1.091525260000000000e-04
6.563890729999999861e-03 1.095549960000000064e-04
6.620937030000000230e-03 1.105883710000000005e-04
6.677643859999999633e-03 1.107602070000000030e-04
6.735105530000000396e-03 1.095567640000000027e-04
6.793518089999999766e-03 1.096955969999999990e-04
6.851512940000000287e-03 1.107788850000000032e-04
6.910710129999999944e-03 1.117354260000000054e-04
6.970345969999999780e-03 1.136653230000000004e-04
7.029751780000000234e-03 1.143736519999999943e-04
7.089546419999999578e-03 1.161277179999999987e-04
7.149118460000000209e-03 1.166297520000000014e-04
7.209138480000000168e-03 1.168351660000000028e-04
7.269992490000000071e-03 1.174107239999999962e-04
7.331941740000000318e-03 1.171801199999999944e-04
7.395075630000000171e-03 1.176450019999999947e-04
7.459140379999999737e-03 1.174012500000000002e-04
7.523246580000000211e-03 1.174957869999999986e-04
7.585010490000000313e-03 1.216468299999999976e-04
7.646619809999999698e-03 1.230523629999999999e-04
7.710190020000000366e-03 1.241584400000000032e-04
7.774766070000000383e-03 1.251647769999999951e-04
7.840686479999999306e-03 1.252442309999999941e-04
7.906859739999999234e-03 1.254256199999999885e-04
7.973032999999999162e-03 1.259314159999999887e-04
8.039726880000000464e-03 1.262514120000000017e-04
8.106285709999999298e-03 1.273723900000000133e-04
8.173488079999999267e-03 1.283316519999999985e-04
8.241463450000000024e-03 1.301931190000000041e-04
8.311294950000000861e-03 1.319848959999999998e-04
8.382443340000000215e-03 1.342658219999999980e-04
8.452579380000000212e-03 1.344786000000000104e-04
8.522855120000000576e-03 1.348371150000000115e-04
8.593390700000000035e-03 1.349359809999999915e-04
8.664023130000000211e-03 1.350599780000000044e-04
8.735387589999999217e-03 1.357259030000000026e-04
8.808118289999999906e-03 1.358092700000000056e-04
8.882891389999999707e-03 1.370732349999999897e-04
8.957942950000000529e-03 1.395944560000000130e-04
9.033932349999999195e-03 1.410658010000000032e-04
9.110542010000000079e-03 1.441160710000000014e-04
9.187448770000000361e-03 1.451900169999999972e-04
9.264790449999999247e-03 1.474539169999999942e-04
9.341827590000000708e-03 1.482832010000000131e-04
9.420131329999999539e-03 1.484796669999999903e-04
9.500841609999999618e-03 1.499922509999999964e-04
9.583495560000000399e-03 1.515200999999999929e-04
9.667621930000000127e-03 1.529661970000000112e-04
9.750532920000000783e-03 1.584252899999999951e-04
9.833588259999999706e-03 1.602538980000000018e-04
9.918102059999999581e-03 1.629019969999999915e-04
1.000330129999999970e-02 1.644833970000000032e-04
1.009084189999999957e-02 1.649784540000000070e-04
1.017913219999999966e-02 1.656061359999999984e-04
1.026974339999999972e-02 1.640985719999999912e-04
1.036162950000000041e-02 1.643311700000000077e-04
1.045145089999999916e-02 1.677826080000000106e-04
1.054137110000000037e-02 1.690837090000000067e-04
1.063153610000000006e-02 1.722870369999999866e-04
1.072426050000000082e-02 1.747328929999999894e-04
1.081926840000000008e-02 1.777259309999999900e-04
1.091504939999999972e-02 1.795019629999999888e-04
1.101349199999999973e-02 1.806773799999999909e-04
1.111149139999999952e-02 1.808465019999999960e-04
1.120874940000000063e-02 1.818542510000000108e-04
1.130632959999999972e-02 1.824102800000000028e-04
1.140515599999999963e-02 1.818715100000000025e-04
1.150616630000000050e-02 1.827319499999999946e-04
1.160713290000000078e-02 1.852174320000000074e-04
1.170819900000000073e-02 1.864172080000000100e-04
1.181000190000000040e-02 1.885187229999999976e-04
1.191100569999999949e-02 1.887981630000000032e-04
1.201281790000000016e-02 1.889319539999999938e-04
1.211297140000000029e-02 1.879917979999999925e-04
1.221193930000000032e-02 1.866294190000000112e-04
1.231369000000000040e-02 1.875494049999999974e-04
1.241686009999999965e-02 1.877666950000000056e-04
1.252152859999999986e-02 1.889935809999999938e-04
1.262732689999999935e-02 1.905191890000000002e-04
1.273706930000000070e-02 1.934324540000000026e-04
1.284703709999999999e-02 2.018849190000000077e-04
1.295803490000000009e-02 2.055697989999999886e-04
1.307024900000000080e-02 2.129997449999999893e-04
1.319023689999999915e-02 2.203480690000000073e-04
1.331608840000000037e-02 2.309658590000000051e-04
1.345222440000000061e-02 2.406187409999999995e-04
1.359358150000000015e-02 2.587147170000000116e-04
1.373757609999999921e-02 2.671361139999999901e-04
1.389066870000000078e-02 2.763956440000000007e-04
1.404064430000000023e-02 2.778862249999999976e-04
1.419504830000000058e-02 2.735627350000000252e-04
1.434827969999999918e-02 2.713016580000000236e-04
1.450128569999999985e-02 2.653988190000000028e-04
1.465214980000000000e-02 2.616183479999999932e-04
1.479923170000000017e-02 2.575076069999999865e-04
1.494191769999999968e-02 2.537400580000000053e-04
1.508183779999999925e-02 2.488046590000000079e-04
1.521971540000000012e-02 2.458126109999999817e-04
1.535393019999999921e-02 2.426363639999999948e-04
1.548934360000000024e-02 2.422136020000000001e-04
1.562483419999999984e-02 2.409113080000000004e-04
1.576274260000000080e-02 2.415526109999999920e-04
1.589940670000000028e-02 2.454517229999999758e-04
1.603398470000000006e-02 2.459292880000000245e-04
1.616985160000000005e-02 2.451164469999999782e-04
1.630443330000000066e-02 2.440536190000000094e-04
1.643808000000000075e-02 2.435602510000000058e-04
1.657167080000000042e-02 2.433618939999999953e-04
1.670660259999999855e-02 2.396197959999999880e-04
1.684216969999999952e-02 2.386549599999999950e-04
1.697563380000000066e-02 2.394882610000000089e-04
1.710636730000000133e-02 2.378153590000000011e-04
1.723587140000000170e-02 2.352711890000000082e-04
1.736321299999999887e-02 2.333769949999999914e-04
1.748902910000000102e-02 2.315162859999999928e-04
1.761513580000000079e-02 2.310307610000000107e-04
1.774290389999999898e-02 2.260057519999999923e-04
1.786998100000000006e-02 2.237816369999999933e-04
1.799428650000000143e-02 2.222351609999999962e-04
1.811633630000000078e-02 2.200164020000000087e-04
1.823589210000000141e-02 2.180603909999999921e-04
1.835467110000000082e-02 2.171838419999999939e-04
1.847241260000000163e-02 2.172833189999999991e-04
1.859065890000000110e-02 2.176347770000000093e-04
1.870912690000000114e-02 2.173983669999999917e-04
1.882768610000000106e-02 2.173669780000000008e-04
1.894648560000000009e-02 2.168747740000000082e-04
1.906260480000000063e-02 2.147891059999999894e-04
1.917760630000000036e-02 2.109050689999999962e-04
1.929248310000000050e-02 2.097171089999999962e-04
1.940560150000000122e-02 2.093415100000000089e-04
1.951965129999999951e-02 2.097641259999999906e-04
1.963432689999999869e-02 2.106789319999999939e-04
1.975003440000000152e-02 2.116420950000000040e-04
1.986645529999999868e-02 2.123106819999999906e-04
1.997952719999999960e-02 2.105379389999999956e-04
2.009000819999999868e-02 2.099410629999999935e-04
2.020147070000000156e-02 2.100249109999999990e-04
2.031400610000000037e-02 2.084971490000000073e-04
2.042732020000000148e-02 2.086938620000000004e-04
2.054235340000000118e-02 2.071461929999999997e-04
2.066011909999999896e-02 2.082427819999999952e-04
2.077579309999999860e-02 2.139673449999999967e-04
2.088866940000000047e-02 2.143461750000000027e-04
2.100034430000000119e-02 2.174080869999999940e-04
2.111108410000000005e-02 2.176510170000000069e-04
2.122496629999999843e-02 2.131147190000000065e-04
2.134053600000000023e-02 2.127831390000000126e-04
2.145724179999999870e-02 2.107538019999999866e-04
2.157447109999999918e-02 2.103492150000000097e-04
2.169051389999999968e-02 2.103801960000000046e-04
2.180727760000000098e-02 2.108239129999999947e-04
2.192177249999999883e-02 2.158431160000000109e-04
2.203785629999999857e-02 2.182980819999999868e-04
2.215726490000000104e-02 2.195939449999999879e-04
2.227617990000000173e-02 2.200582820000000111e-04
2.239523640000000079e-02 2.211138339999999967e-04
2.251405639999999944e-02 2.213536500000000114e-04
2.263471859999999919e-02 2.197716090000000132e-04
2.275515720000000075e-02 2.190786760000000013e-04
2.287322840000000079e-02 2.202510950000000024e-04
2.299259039999999865e-02 2.211400719999999972e-04
2.311273289999999855e-02 2.223336779999999884e-04
2.323568609999999979e-02 2.247436499999999908e-04
2.336013879999999932e-02 2.289313120000000077e-04
2.348592130000000042e-02 2.312391150000000009e-04
2.361523360000000044e-02 2.326366380000000121e-04
2.374376170000000105e-02 2.326871039999999944e-04
2.387065999999999841e-02 2.346424739999999974e-04
2.399983630000000062e-02 2.367166019999999949e-04
2.413109880000000040e-02 2.389955630000000115e-04
2.427007629999999860e-02 2.441016110000000111e-04
2.441223149999999925e-02 2.530109199999999747e-04
2.456250039999999940e-02 2.614058900000000032e-04
2.471548689999999993e-02 2.812164020000000055e-04
2.501873110000000025e-02 3.787369930000000036e-04
2.533058079999999865e-02 6.341885309999999859e-04
2.569131740000000011e-02 7.555450429999999813e-04
2.621198450000000041e-02 8.255366120000000264e-04
2.664582249999999930e-02 7.974497859999999912e-04
2.713301220000000069e-02 6.312841430000000476e-04
2.760859209999999911e-02 5.654534910000000390e-04
2.796954479999999924e-02 5.733260769999999965e-04
2.832598429999999903e-02 5.734629810000000435e-04
2.868427520000000133e-02 5.728318360000000118e-04
2.902484309999999942e-02 5.620398439999999517e-04
2.936092209999999897e-02 5.372326119999999488e-04
2.967818830000000171e-02 5.162680749999999825e-04
2.998234699999999947e-02 4.802285980000000200e-04
3.027873860000000056e-02 4.632600469999999812e-04
3.055295350000000049e-02 4.530567969999999803e-04
3.082275950000000139e-02 4.467339600000000063e-04
3.108640760000000100e-02 4.410348769999999983e-04
3.137824310000000144e-02 4.559791409999999984e-04
3.169913220000000059e-02 4.471984580000000096e-04
3.199009600000000259e-02 4.260457939999999760e-04
3.225394339999999860e-02 4.125811969999999980e-04
3.248825670000000249e-02 3.894437399999999753e-04
3.270262849999999721e-02 3.586590169999999823e-04
3.290891270000000091e-02 3.432294470000000195e-04
3.309933469999999656e-02 3.279888190000000117e-04
3.328765179999999824e-02 3.212492160000000180e-04
3.346654770000000167e-02 3.169411789999999896e-04
3.364204619999999757e-02 3.133454879999999772e-04
3.381600230000000179e-02 3.059291629999999766e-04
3.398608790000000324e-02 3.005116300000000270e-04
3.415049609999999680e-02 2.950119090000000253e-04
3.430846709999999661e-02 2.895746439999999909e-04
3.446322680000000332e-02 2.808714630000000217e-04
3.461614999999999831e-02 2.766402900000000144e-04
3.476554529999999893e-02 2.696753949999999758e-04
3.491505980000000203e-02 2.672392000000000213e-04
3.506150839999999658e-02 2.655919820000000051e-04
3.520685059999999894e-02 2.639665620000000040e-04
3.534982729999999740e-02 2.634429839999999877e-04
3.548942129999999723e-02 2.615807459999999729e-04
3.562847899999999762e-02 2.573102539999999757e-04
3.576590489999999928e-02 2.547897460000000036e-04
3.590299560000000112e-02 2.492761119999999759e-04
3.603895380000000231e-02 2.466187869999999886e-04
3.617203239999999820e-02 2.430646710000000047e-04
3.630601239999999702e-02 2.423251569999999909e-04
3.643722089999999747e-02 2.449025340000000016e-04
3.656597810000000032e-02 2.440216189999999934e-04
3.669365869999999946e-02 2.433945769999999926e-04
3.681809829999999756e-02 2.415559870000000004e-04
3.694348409999999999e-02 2.357666239999999924e-04
3.706851969999999663e-02 2.334742310000000065e-04
3.719253470000000172e-02 2.278968899999999958e-04
3.731795029999999957e-02 2.267304370000000082e-04
3.744056450000000230e-02 2.281683850000000081e-04
3.755860030000000155e-02 2.256262520000000072e-04
3.767300020000000083e-02 2.246466900000000113e-04
3.778843579999999897e-02 2.252194679999999999e-04
3.790572660000000177e-02 2.245634100000000130e-04
3.802317010000000330e-02 2.244230710000000035e-04
3.814174979999999937e-02 2.212739779999999890e-04
3.826073929999999901e-02 2.203865879999999955e-04
3.837770220000000232e-02 2.213032279999999888e-04
3.849355129999999792e-02 2.206599020000000035e-04
3.860814500000000343e-02 2.209865490000000033e-04
3.872375940000000183e-02 2.220139289999999914e-04
3.884106130000000018e-02 2.220601600000000095e-04
3.895833719999999833e-02 2.220622409999999883e-04
3.907489780000000107e-02 2.240962350000000000e-04
3.919021789999999755e-02 2.240909960000000089e-04
3.930605200000000105e-02 2.223643099999999954e-04
3.942055629999999949e-02 2.206421779999999996e-04
3.953399140000000284e-02 2.176728159999999910e-04
3.964742269999999708e-02 2.169005310000000062e-04
3.975987059999999684e-02 2.163939060000000117e-04
3.987476599999999899e-02 2.176777929999999990e-04
3.999072310000000019e-02 2.202991890000000031e-04
4.010583830000000183e-02 2.207478969999999996e-04
4.022372510000000317e-02 2.165193580000000111e-04
4.034011810000000253e-02 2.140978179999999910e-04
4.044986140000000202e-02 2.184775079999999917e-04
4.055846109999999838e-02 2.190691450000000027e-04
4.067031289999999827e-02 2.153103560000000109e-04
4.078397899999999798e-02 2.153402460000000012e-04
4.089747369999999910e-02 2.165138279999999902e-04
4.101100939999999945e-02 2.169680810000000019e-04
4.112354289999999718e-02 2.190784869999999975e-04
4.123280569999999978e-02 2.178736470000000093e-04
4.134138670000000321e-02 2.156663690000000077e-04
4.145051539999999868e-02 2.149071660000000084e-04
4.156111180000000155e-02 2.103748119999999965e-04
4.167294869999999679e-02 2.097749239999999952e-04
4.178431999999999980e-02 2.088869220000000076e-04
4.189370569999999877e-02 2.073785140000000118e-04
4.200068860000000237e-02 2.079715200000000006e-04
4.210871089999999872e-02 2.088137550000000134e-04
4.221525040000000117e-02 2.128387710000000067e-04
4.232193160000000121e-02 2.140818979999999886e-04
4.243107509999999999e-02 2.134299869999999922e-04
4.253960030000000087e-02 2.131116340000000007e-04
4.264932500000000182e-02 2.102338040000000039e-04
4.275841269999999805e-02 2.088143520000000132e-04
4.286575690000000299e-02 2.085554879999999996e-04
4.297515379999999885e-02 2.096975949999999890e-04
4.308409240000000279e-02 2.128312039999999937e-04
4.318916049999999701e-02 2.116291429999999870e-04
4.329384859999999696e-02 2.089219050000000032e-04
4.340218750000000153e-02 2.098535330000000096e-04
4.351345079999999893e-02 2.075941590000000066e-04
4.362317169999999772e-02 2.061392730000000063e-04
4.373010249999999960e-02 2.075168739999999872e-04
4.383552069999999828e-02 2.071087660000000121e-04
4.393978419999999829e-02 2.071146150000000052e-04
4.404558990000000118e-02 2.080452829999999986e-04
4.415330659999999741e-02 2.074406370000000087e-04
4.426442459999999773e-02 2.089742339999999953e-04
4.437728970000000273e-02 2.103355070000000049e-04
4.448674250000000246e-02 2.090620550000000090e-04
4.459231720000000204e-02 2.127742190000000120e-04
4.469503090000000178e-02 2.123933810000000065e-04
4.479970779999999791e-02 2.072618229999999978e-04
4.490619900000000081e-02 2.065069569999999888e-04
4.501305519999999893e-02 2.037997040000000108e-04
4.512168839999999848e-02 2.036098159999999869e-04
4.522908479999999953e-02 2.051591579999999975e-04
4.533708100000000130e-02 2.063498980000000023e-04
4.544405640000000191e-02 2.113426739999999871e-04
4.554848749999999835e-02 2.116207179999999872e-04
4.565758260000000318e-02 2.054099459999999991e-04
4.576805230000000058e-02 2.040006220000000067e-04
4.587303849999999766e-02 2.084423029999999896e-04
4.597789050000000016e-02 2.099576089999999882e-04
4.608593879999999671e-02 2.088200419999999911e-04
4.619501899999999689e-02 2.087411989999999901e-04
4.630265010000000209e-02 2.109447809999999879e-04
4.640905929999999957e-02 2.112902439999999921e-04
4.651505129999999877e-02 2.137453989999999989e-04
4.661979530000000260e-02 2.138792190000000091e-04
4.672630879999999792e-02 2.104937160000000041e-04
4.683431980000000300e-02 2.101776770000000091e-04
4.694280029999999687e-02 2.085207230000000003e-04
4.705336319999999656e-02 2.088857729999999910e-04
4.716287930000000184e-02 2.116502870000000133e-04
4.726804419999999785e-02 2.103212029999999963e-04
4.737189039999999823e-02 2.096147800000000029e-04
