-1.636629369999999944e-02 9.656192560000000601e-05
-1.634881460000000078e-02 9.062571920000000395e-05
-1.632569539999999958e-02 9.189640700000000243e-05
-1.629518530000000076e-02 8.301454360000000345e-05
-1.625499500000000125e-02 8.542942669999999800e-05
-1.621211880000000133e-02 8.762240759999999861e-05
-1.617300140000000122e-02 8.639357109999999792e-05
-1.614014799999999999e-02 9.338689420000000551e-05
-1.611080209999999832e-02 9.380948899999999341e-05
-1.607567819999999870e-02 8.539094419999999951e-05
-1.603285780000000132e-02 8.696450100000000676e-05
-1.598702559999999953e-02 8.632700339999999659e-05
-1.594309140000000138e-02 8.495918150000000412e-05
-1.590326239999999974e-02 8.798105410000000280e-05
-1.586398849999999874e-02 8.873932529999999574e-05
-1.582323949999999910e-02 8.839459770000000207e-05
-1.578292250000000105e-02 8.801302470000000613e-05
-1.574233549999999940e-02 8.717650779999999992e-05
-1.570282320000000037e-02 8.621832240000000080e-05
-1.566302959999999952e-02 8.242855259999999715e-05
-1.561509909999999994e-02 8.597740819999999959e-05
-1.556408869999999917e-02 9.068351210000000456e-05
-1.551800310000000030e-02 8.915973010000000662e-05
-1.547658910000000027e-02 9.271231099999999333e-05
-1.543971709999999997e-02 9.151753329999999759e-05
-1.540201719999999969e-02 8.683347549999999760e-05
-1.535751670000000055e-02 8.921675910000000217e-05
-1.530802440000000007e-02 8.753540900000000011e-05
-1.525832709999999995e-02 8.705166690000000354e-05
-1.521215029999999947e-02 9.155466249999999343e-05
-1.517159029999999922e-02 8.981498830000000184e-05
-1.513439320000000039e-02 9.057569699999999929e-05
-1.509437710000000044e-02 9.253846659999999836e-05
-1.504792089999999923e-02 8.728629470000000301e-05
-1.499847699999999964e-02 8.717997120000000612e-05
-1.495091519999999959e-02 9.069083899999999575e-05
-1.490559990000000015e-02 9.061037419999999436e-05
-1.486194969999999997e-02 9.249356660000000155e-05
-1.481857339999999995e-02 9.300532840000000519e-05
-1.477364639999999979e-02 9.182786020000000265e-05
-1.472873889999999977e-02 9.114773999999999749e-05
-1.468538399999999924e-02 9.183859219999999989e-05
-1.464189119999999983e-02 9.242031960000000174e-05
-1.459535300000000015e-02 8.897855879999999335e-05
-1.454453259999999998e-02 9.030191720000000667e-05
-1.449407540000000050e-02 9.457185659999999753e-05
-1.444998010000000076e-02 9.230188149999999736e-05
-1.441158170000000037e-02 9.546825460000000596e-05
-1.437030169999999919e-02 9.833665540000000667e-05
-1.432067339999999918e-02 9.242569650000000559e-05
-1.426743620000000060e-02 9.245419640000000208e-05
-1.421510710000000073e-02 9.404126469999999976e-05
-1.416749689999999978e-02 9.178726760000000060e-05
-1.412684380000000031e-02 9.785709700000000042e-05
-1.408533189999999942e-02 1.005492740000000053e-04
-1.403659770000000029e-02 9.521936589999999373e-05
-1.398423780000000033e-02 9.549309470000000039e-05
-1.393157710000000014e-02 9.575041619999999755e-05
-1.387865840000000045e-02 9.572866109999999531e-05
-1.382765830000000015e-02 9.888579369999999649e-05
-1.377827579999999982e-02 9.931186650000000543e-05
-1.372921090000000025e-02 1.010202319999999997e-04
-1.368136420000000061e-02 1.009069239999999933e-04
-1.363442840000000066e-02 1.021048589999999932e-04
-1.358840799999999974e-02 1.019888000000000017e-04
-1.354032479999999969e-02 9.824277369999999464e-05
-1.348241879999999976e-02 1.027750909999999932e-04
-1.341949870000000086e-02 1.070122889999999951e-04
-1.336210309999999978e-02 1.052323129999999942e-04
-1.331160120000000023e-02 1.117440839999999958e-04
-1.326373219999999950e-02 1.125176499999999984e-04
-1.321330570000000051e-02 1.104183250000000013e-04
-1.315396739999999919e-02 1.149993040000000063e-04
-1.308658809999999929e-02 1.151872269999999944e-04
-1.302063279999999927e-02 1.144196429999999956e-04
-1.296234039999999942e-02 1.242372379999999942e-04
-1.290948599999999953e-02 1.244815790000000069e-04
-1.285326019999999923e-02 1.194987129999999971e-04
-1.279305570000000003e-02 1.197821480000000043e-04
-1.273085919999999982e-02 1.172575069999999992e-04
-1.266617979999999991e-02 1.181582850000000023e-04
-1.260246899999999982e-02 1.222606949999999995e-04
-1.254225519999999962e-02 1.216462769999999982e-04
-1.248136440000000014e-02 1.188208119999999986e-04
-1.242053880000000034e-02 1.177622829999999958e-04
-1.236237589999999997e-02 1.192491759999999976e-04
-1.230384409999999915e-02 1.200067560000000040e-04
-1.224400009999999928e-02 1.199277829999999940e-04
-1.218181290000000007e-02 1.213032589999999956e-04
-1.211622170000000061e-02 1.194658330000000009e-04
-1.204998049999999980e-02 1.191926790000000041e-04
-1.198745329999999915e-02 1.255603569999999938e-04
-1.193007270000000057e-02 1.247583859999999896e-04
-1.187554279999999962e-02 1.263784220000000098e-04
-1.181688720000000081e-02 1.294497779999999949e-04
-1.174898540000000012e-02 1.224666920000000024e-04
-1.167455499999999965e-02 1.235369559999999927e-04
-1.160186809999999916e-02 1.294736429999999907e-04
-1.153725199999999958e-02 1.271035730000000068e-04
-1.147908440000000065e-02 1.312405950000000048e-04
-1.142137130000000014e-02 1.324617769999999898e-04
-1.135799850000000083e-02 1.264527239999999953e-04
-1.128393230000000053e-02 1.306903429999999955e-04
-1.120659149999999986e-02 1.369979439999999987e-04
-1.113512089999999996e-02 1.357573059999999917e-04
-1.106597479999999953e-02 1.361771870000000057e-04
-1.099830310000000054e-02 1.354460109999999870e-04
-1.093132980000000032e-02 1.345812629999999972e-04
-1.086380980000000059e-02 1.345972560000000060e-04
-1.079716070000000076e-02 1.371310209999999962e-04
-1.072959320000000001e-02 1.385964130000000023e-04
-1.065647880000000075e-02 1.323307660000000040e-04
-1.057453359999999988e-02 1.354091359999999892e-04
-1.049464379999999995e-02 1.474335150000000117e-04
-1.042012399999999936e-02 1.481038929999999975e-04
-1.034957539999999988e-02 1.565463460000000016e-04
-1.027907899999999999e-02 1.599631359999999984e-04
-1.020167580000000060e-02 1.579658999999999913e-04
-1.010974029999999954e-02 1.659497790000000108e-04
-1.000897310000000047e-02 1.734130200000000028e-04
-9.910929020000000533e-03 1.744750190000000044e-04
-9.820316920000000602e-03 1.897539620000000024e-04
-9.740503500000000786e-03 1.887989779999999992e-04
-9.653639979999999871e-03 1.744502949999999987e-04
-9.552802889999999908e-03 1.776425920000000106e-04
-9.452001189999999914e-03 1.865464870000000048e-04
-9.340297430000000026e-03 1.962901729999999925e-04
-9.224238810000000288e-03 2.177191350000000098e-04
-9.096377529999999725e-03 2.326134419999999995e-04
-8.965897369999999839e-03 2.680551259999999921e-04
-8.831311019999999595e-03 2.832600440000000090e-04
-8.689034729999999679e-03 3.126778170000000167e-04
-8.494494479999999820e-03 3.536736190000000068e-04
-8.281319400000000663e-03 4.361200550000000160e-04
-7.622468749999999904e-03 7.337212450000000011e-04
-6.339416839999999741e-03 5.222639299999999943e-04
-5.606416149999999751e-03 1.164632489999999938e-04
-5.551503040000000007e-03 1.175398869999999936e-04
-5.506922959999999666e-03 1.117391289999999948e-04
-5.462634840000000179e-03 9.615009179999999434e-05
-5.404779690000000025e-03 9.865152239999999554e-05
-5.338575229999999866e-03 9.172370479999999440e-05
-5.274866240000000359e-03 8.772864380000000280e-05
-5.220700519999999650e-03 9.249934370000000277e-05
-5.181523510000000075e-03 8.524249279999999334e-05
-5.152960770000000225e-03 8.341305509999999781e-05
-5.120798949999999863e-03 8.488801540000000527e-05
-5.078288729999999931e-03 7.102717059999999743e-05
-5.032371729999999578e-03 6.810492050000000526e-05
-4.989056849999999599e-03 6.434045639999999772e-05
-4.949941769999999762e-03 6.028654749999999947e-05
-4.919359929999999638e-03 6.331445179999999713e-05
-4.891886839999999917e-03 6.270699670000000488e-05
-4.863290580000000432e-03 5.915930160000000028e-05
-4.834482910000000022e-03 5.800554570000000326e-05
-4.805000030000000123e-03 5.368745770000000084e-05
-4.772565329999999863e-03 5.389735819999999831e-05
-4.740134350000000350e-03 5.448478989999999819e-05
-4.709610720000000084e-03 5.355413670000000253e-05
-4.680907819999999969e-03 5.399711880000000053e-05
-4.657427310000000070e-03 5.102862630000000059e-05
-4.639602730000000168e-03 5.219193190000000009e-05
-4.617977419999999729e-03 5.488866370000000189e-05
-4.587599080000000044e-03 4.816749059999999812e-05
-4.554838410000000386e-03 4.718783020000000104e-05
-4.523359700000000039e-03 4.620139230000000079e-05
-4.496420269999999893e-03 4.310831719999999828e-05
-4.478657619999999728e-03 4.991397869999999787e-05
-4.462368319999999999e-03 5.134001910000000337e-05
-4.440288060000000328e-03 4.559919759999999679e-05
-4.413898569999999758e-03 4.625531069999999937e-05
-4.384988920000000047e-03 4.389018800000000256e-05
-4.356300920000000243e-03 4.290393189999999686e-05
-4.331473259999999575e-03 4.657874159999999685e-05
-4.309952260000000403e-03 4.592401820000000190e-05
-4.290371670000000213e-03 4.732999880000000328e-05
-4.272483290000000239e-03 4.682331930000000294e-05
-4.252931570000000050e-03 4.265737880000000193e-05
-4.229693209999999676e-03 4.336214619999999845e-05
-4.204079040000000163e-03 4.137066210000000117e-05
-4.177601080000000085e-03 4.116910349999999813e-05
-4.152083299999999658e-03 4.251474459999999802e-05
-4.131096879999999853e-03 4.027776230000000004e-05
-4.115669990000000132e-03 4.304993130000000226e-05
-4.100457299999999729e-03 4.391596300000000317e-05
-4.080174490000000424e-03 3.780822230000000335e-05
-4.054190130000000399e-03 3.893521349999999977e-05
-4.026751500000000025e-03 3.968094820000000274e-05
-4.002496129999999833e-03 3.814144660000000261e-05
-3.984151870000000005e-03 4.368832380000000227e-05
-3.968840930000000142e-03 4.387320589999999676e-05
-3.951161629999999994e-03 4.045455720000000287e-05
-3.931793850000000340e-03 4.023214570000000162e-05
-3.910537809999999753e-03 3.648030179999999927e-05
-3.886625400000000025e-03 3.671730519999999849e-05
-3.864165860000000167e-03 3.978542369999999774e-05
-3.844384100000000203e-03 3.928847579999999946e-05
-3.825093150000000164e-03 3.872608429999999948e-05
-3.807202909999999815e-03 3.768422900000000013e-05
-3.790472630000000110e-03 3.700578240000000120e-05
-3.771932559999999907e-03 3.784748330000000142e-05
-3.751559179999999945e-03 3.683570320000000183e-05
-3.730773690000000007e-03 3.672088500000000172e-05
-3.708887379999999904e-03 3.455110350000000153e-05
-3.686515850000000091e-03 3.396461400000000169e-05
-3.668922470000000099e-03 4.031301070000000038e-05
-3.655398260000000069e-03 4.025462840000000218e-05
-3.640078010000000110e-03 3.711140020000000170e-05
-3.621823149999999977e-03 3.773484790000000304e-05
-3.599912389999999993e-03 3.339364779999999967e-05
-3.575325940000000004e-03 3.342979110000000338e-05
-3.553483640000000120e-03 3.808492690000000081e-05
-3.537833690000000055e-03 3.605542949999999774e-05
-3.526067360000000213e-03 3.687782740000000151e-05
-3.512633499999999985e-03 3.817336979999999747e-05
-3.494049190000000048e-03 3.321392429999999769e-05
-3.471353090000000013e-03 3.388741240000000280e-05
-3.448048610000000163e-03 3.499467130000000106e-05
-3.428031460000000117e-03 3.342667329999999724e-05
-3.411742159999999954e-03 3.503500189999999968e-05
-3.396674760000000133e-03 3.487537830000000288e-05
-3.382078369999999990e-03 3.522239059999999903e-05
-3.365720860000000030e-03 3.631058280000000124e-05
-3.346443870000000154e-03 3.445750920000000120e-05
-3.326889589999999786e-03 3.405368990000000334e-05
-3.307263370000000213e-03 3.281527460000000261e-05
-3.287666240000000194e-03 3.235099209999999881e-05
-3.270999990000000076e-03 3.592949719999999711e-05
-3.257208739999999797e-03 3.549857499999999749e-05
-3.242788840000000034e-03 3.326056320000000000e-05
-3.226685100000000004e-03 3.346143060000000293e-05
-3.208429320000000078e-03 3.044531880000000013e-05
-3.187492020000000023e-03 3.096312139999999891e-05
-3.167167309999999875e-03 3.341491539999999830e-05
-3.149937140000000097e-03 3.244603789999999971e-05
-3.136038079999999961e-03 3.557428500000000155e-05
-3.123494330000000079e-03 3.587850009999999702e-05
-3.109110290000000141e-03 3.338900570000000330e-05
-3.091710619999999809e-03 3.431454749999999810e-05
-3.071619199999999893e-03 3.236896009999999673e-05
-3.051533359999999799e-03 3.157568430000000099e-05
-3.033987709999999907e-03 3.362980709999999852e-05
-3.018697490000000084e-03 3.310296960000000291e-05
-3.004025669999999936e-03 3.266961719999999944e-05
-2.989629980000000145e-03 3.234781620000000256e-05
-2.974850360000000100e-03 3.081857359999999911e-05
-2.958961300000000072e-03 3.093116900000000147e-05
-2.941439860000000153e-03 2.853330079999999956e-05
-2.921524919999999789e-03 2.910184050000000057e-05
-2.902899870000000011e-03 3.281901809999999953e-05
-2.888114419999999842e-03 3.186056709999999918e-05
-2.875205129999999949e-03 3.231895240000000189e-05
-2.862711200000000056e-03 3.223554810000000290e-05
-2.848526699999999901e-03 2.941691859999999838e-05
-2.829906530000000139e-03 3.107160230000000279e-05
-2.808978550000000140e-03 3.157262109999999894e-05
-2.790720200000000074e-03 3.014160030000000105e-05
-2.775774799999999789e-03 3.172263310000000207e-05
-2.762993100000000080e-03 3.098472369999999914e-05
-2.751339230000000163e-03 3.082486359999999867e-05
-2.737614089999999833e-03 3.193058730000000148e-05
-2.720389750000000179e-03 2.915992079999999933e-05
-2.702166330000000186e-03 2.884576499999999842e-05
-2.684814389999999953e-03 2.942163879999999980e-05
-2.668789590000000215e-03 2.883433629999999933e-05
-2.654358050000000125e-03 2.985126409999999976e-05
-2.640848749999999932e-03 2.966569079999999839e-05
-2.627383679999999947e-03 2.922463679999999934e-05
-2.613360529999999952e-03 2.939978370000000072e-05
-2.598318740000000147e-03 2.819410839999999995e-05
-2.582127929999999787e-03 2.844710250000000095e-05
-2.565707779999999889e-03 2.876681899999999906e-05
-2.548811719999999944e-03 2.916715859999999893e-05
-2.532061889999999860e-03 3.074993219999999920e-05
-2.518092049999999787e-03 2.964862139999999990e-05
-2.506590219999999935e-03 3.049274530000000157e-05
-2.494549840000000098e-03 3.112074050000000254e-05
-2.480179769999999850e-03 2.895486070000000139e-05
-2.463933550000000153e-03 2.922592100000000163e-05
-2.446576719999999944e-03 2.814250369999999978e-05
-2.430020599999999954e-03 2.734946969999999940e-05
-2.415866359999999883e-03 2.913872049999999877e-05
-2.402744719999999785e-03 2.916582709999999997e-05
-2.389877099999999921e-03 2.966273310000000168e-05
-2.377385509999999785e-03 2.961686000000000158e-05
-2.363424979999999807e-03 2.705143019999999848e-05
-2.347599949999999800e-03 2.724256590000000109e-05
-2.331326949999999992e-03 2.702878190000000029e-05
-2.315443940000000075e-03 2.671810219999999956e-05
-2.301229159999999916e-03 2.862676050000000037e-05
-2.288910559999999834e-03 2.817985299999999909e-05
-2.277235729999999968e-03 2.822976969999999841e-05
-2.265008629999999863e-03 2.857454640000000120e-05
-2.251023659999999964e-03 2.637747460000000133e-05
-2.234507120000000114e-03 2.711608789999999834e-05
-2.216899769999999999e-03 2.734028020000000165e-05
-2.201820719999999891e-03 2.582527119999999875e-05
-2.190042750000000156e-03 2.713384310000000022e-05
-2.178906229999999934e-03 2.729231159999999929e-05
-2.167283790000000196e-03 2.692444829999999869e-05
-2.153796610000000087e-03 2.790861800000000168e-05
-2.137196479999999878e-03 2.546837639999999906e-05
-2.120544199999999883e-03 2.461904300000000023e-05
-2.106730829999999954e-03 2.697839229999999866e-05
-2.094557280000000112e-03 2.684772700000000100e-05
-2.082955559999999980e-03 2.743515319999999914e-05
-2.071283059999999912e-03 2.768953530000000033e-05
-2.058072020000000120e-03 2.584057979999999997e-05
-2.043432789999999853e-03 2.602893619999999911e-05
-2.028546300000000097e-03 2.633512490000000146e-05
-2.014304980000000168e-03 2.606087399999999866e-05
-2.000676470000000134e-03 2.611935820000000101e-05
-1.987701980000000125e-03 2.574550130000000030e-05
-1.975594550000000192e-03 2.616074020000000108e-05
-1.963565820000000208e-03 2.619235239999999858e-05
-1.951575510000000012e-03 2.633499569999999865e-05
-1.938914529999999966e-03 2.686044350000000018e-05
-1.923828499999999993e-03 2.429115740000000094e-05
-1.908170409999999928e-03 2.370663240000000165e-05
-1.894645039999999980e-03 2.562685219999999878e-05
-1.882870449999999966e-03 2.527099600000000154e-05
-1.872746970000000030e-03 2.702557869999999861e-05
-1.862548180000000043e-03 2.770393260000000136e-05
-1.849086489999999996e-03 2.416780079999999875e-05
-1.833377410000000063e-03 2.423799739999999889e-05
-1.818097660000000037e-03 2.514514560000000027e-05
-1.804600119999999908e-03 2.440493519999999969e-05
-1.793348809999999963e-03 2.628872429999999834e-05
-1.783363399999999968e-03 2.620163470000000093e-05
-1.772323269999999916e-03 2.400066479999999982e-05
-1.759249249999999924e-03 2.443753150000000057e-05
-1.745185470000000082e-03 2.399109870000000052e-05
-1.731115859999999900e-03 2.376642620000000102e-05
-1.717618319999999988e-03 2.411017159999999862e-05
-1.705254310000000077e-03 2.361808769999999908e-05
-1.694203700000000050e-03 2.443471200000000120e-05
-1.683337729999999930e-03 2.461889559999999832e-05
-1.672045789999999921e-03 2.442244479999999834e-05
-1.660293319999999991e-03 2.462747939999999992e-05
-1.646775990000000009e-03 2.226620199999999915e-05
-1.632005560000000105e-03 2.216472789999999972e-05
-1.618556790000000040e-03 2.407724610000000126e-05
-1.606877310000000107e-03 2.370748729999999884e-05
-1.596597259999999992e-03 2.500560730000000057e-05
-1.586755740000000102e-03 2.521133869999999885e-05
-1.575185339999999939e-03 2.308224610000000147e-05
-1.561554379999999936e-03 2.355487049999999971e-05
-1.547308409999999940e-03 2.365623910000000057e-05
-1.534061510000000106e-03 2.308985310000000033e-05
-1.522435460000000048e-03 2.423615300000000160e-05
-1.511719080000000024e-03 2.403591680000000135e-05
-1.500898270000000081e-03 2.329950079999999895e-05
-1.489563379999999954e-03 2.340862190000000004e-05
-1.477938490000000032e-03 2.322950600000000154e-05
-1.465551320000000072e-03 2.362150549999999911e-05
-1.452642029999999963e-03 2.384107030000000058e-05
-1.440558819999999962e-03 2.342543849999999969e-05
-1.428794699999999963e-03 2.280334049999999980e-05
-1.416951770000000020e-03 2.262610540000000020e-05
-1.406148309999999922e-03 2.386067169999999866e-05
-1.396154749999999967e-03 2.382105589999999935e-05
-1.385418700000000045e-03 2.247863449999999960e-05
-1.373359929999999965e-03 2.278653479999999862e-05
-1.360064139999999895e-03 2.174245489999999923e-05
-1.346618869999999940e-03 2.146090449999999875e-05
-1.334978849999999976e-03 2.353125820000000117e-05
-1.325329999999999998e-03 2.307338580000000019e-05
-1.315821430000000021e-03 2.203431179999999970e-05
-1.304839390000000088e-03 2.248807319999999839e-05
-1.292419620000000071e-03 2.135297839999999994e-05
-1.279051999999999923e-03 2.157191369999999939e-05
-1.266214650000000103e-03 2.305878300000000037e-05
-1.255522600000000006e-03 2.231023250000000087e-05
-1.246122060000000092e-03 2.237957050000000098e-05
-1.236212090000000062e-03 2.270971339999999908e-05
-1.225348330000000001e-03 2.204139310000000123e-05
-1.213500630000000037e-03 2.238960590000000140e-05
-1.200990519999999961e-03 2.225478419999999853e-05
-1.189083679999999952e-03 2.184471490000000052e-05
-1.177954250000000022e-03 2.199879420000000032e-05
-1.167216920000000010e-03 2.181947640000000084e-05
-1.156964689999999971e-03 2.229890739999999981e-05
-1.146838880000000021e-03 2.239361490000000131e-05
-1.136224599999999902e-03 2.167230010000000079e-05
-1.125232079999999996e-03 2.164149559999999867e-05
-1.113624660000000089e-03 2.052249510000000003e-05
-1.101023980000000006e-03 2.065945589999999900e-05
-1.089154279999999912e-03 2.226686590000000060e-05
-1.079051639999999970e-03 2.184219919999999949e-05
-1.069437599999999893e-03 2.147625860000000112e-05
-1.059381409999999961e-03 2.160900840000000095e-05
-1.048821610000000076e-03 2.114099329999999868e-05
-1.037522799999999979e-03 2.141483860000000062e-05
-1.025827140000000080e-03 2.151499030000000065e-05
-1.014629260000000010e-03 2.125296120000000119e-05
-1.004397869999999965e-03 2.213121300000000139e-05
-9.947107169999999492e-04 2.212217990000000007e-05
-9.846208850000000030e-04 2.142882289999999850e-05
-9.741446699999999547e-04 2.141005639999999960e-05
-9.632356809999999920e-04 2.079408659999999935e-05
-9.519751180000000489e-04 2.078439500000000008e-05
-9.407725880000000198e-04 2.069277069999999865e-05
-9.296825740000000176e-04 2.059195689999999946e-05
-9.190636919999999651e-04 2.110272359999999962e-05
-9.090956880000000250e-04 2.083791150000000064e-05
-8.995627870000000173e-04 2.082480199999999971e-05
-8.899556710000000289e-04 2.092210529999999929e-05
-8.796569889999999873e-04 2.004384990000000129e-05
-8.682490440000000149e-04 2.039136599999999961e-05
-8.565313760000000179e-04 2.084012700000000112e-05
-8.458544620000000474e-04 2.037862400000000067e-05
-8.361799989999999568e-04 2.076382589999999881e-05
-8.269627000000000097e-04 2.062898969999999967e-05
-8.178869610000000451e-04 2.049031719999999901e-05
-8.077716339999999485e-04 2.106302599999999921e-05
-7.961293450000000516e-04 2.011543439999999999e-05
-7.845694199999999913e-04 1.972412970000000034e-05
-7.740816220000000395e-04 2.057537310000000065e-05
-7.645394650000000457e-04 2.031322220000000066e-05
-7.554393379999999525e-04 2.017090810000000045e-05
-7.458612090000000389e-04 2.040824439999999897e-05
-7.355671840000000371e-04 1.986628919999999964e-05
-7.248542970000000423e-04 1.986886130000000027e-05
-7.140752279999999525e-04 1.977122340000000072e-05
-7.034540179999999865e-04 1.969476940000000154e-05
-6.933909029999999699e-04 2.040931390000000128e-05
-6.838115509999999559e-04 2.037734339999999959e-05
-6.741788820000000487e-04 2.020015199999999883e-05
-6.645218820000000021e-04 2.015080460000000085e-05
-6.548253590000000218e-04 1.994857479999999911e-05
-6.446624759999999973e-04 2.015499919999999979e-05
-6.340366089999999915e-04 1.995854649999999927e-05
-6.237935739999999653e-04 1.965829319999999852e-05
-6.140263290000000330e-04 1.961591989999999944e-05
-6.045596090000000160e-04 1.942061499999999939e-05
-5.954733929999999568e-04 1.966174200000000004e-05
-5.860460810000000078e-04 1.995275309999999948e-05
-5.758831979999999833e-04 1.938155399999999838e-05
-5.655125709999999977e-04 1.930174219999999997e-05
-5.553113300000000465e-04 1.936412450000000017e-05
-5.452726040000000461e-04 1.923563470000000020e-05
-5.357025660000000033e-04 1.966125640000000036e-05
-5.264597710000000182e-04 1.967098799999999903e-05
-5.170579530000000068e-04 1.943409009999999838e-05
-5.076329689999999712e-04 1.936250190000000023e-05
-4.980432570000000456e-04 1.889063060000000007e-05
-4.880125929999999776e-04 1.898446129999999905e-05
-4.779308800000000071e-04 1.915972639999999975e-05
-4.681798750000000183e-04 1.902489020000000061e-05
-4.587165889999999949e-04 1.912889459999999898e-05
-4.495631150000000201e-04 1.898085249999999989e-05
-4.405442450000000127e-04 1.879402950000000068e-05
-4.311180960000000244e-04 1.897056970000000073e-05
-4.212371130000000150e-04 1.870478079999999901e-05
-4.113109029999999873e-04 1.863597210000000082e-05
-4.014299189999999819e-04 1.865967169999999882e-05
-3.918970470000000209e-04 1.845946639999999843e-05
-3.830904899999999867e-04 1.897802939999999932e-05
-3.745160070000000028e-04 1.902423720000000101e-05
-3.653961759999999840e-04 1.823664389999999960e-05
-3.555024160000000173e-04 1.836909719999999834e-05
-3.454706169999999851e-04 1.851042179999999845e-05
-3.358379469999999735e-04 1.837141639999999849e-05
-3.266786809999999946e-04 1.877202339999999850e-05
-3.178906919999999799e-04 1.869417969999999845e-05
-3.089924580000000254e-04 1.829549730000000122e-05
-2.997867699999999785e-04 1.833580970000000073e-05
-2.905021830000000188e-04 1.831655030000000150e-05
-2.812222519999999946e-04 1.830681869999999944e-05
-2.719805930000000239e-04 1.834341309999999839e-05
-2.629547380000000090e-04 1.822734159999999924e-05
-2.539938719999999773e-04 1.801355570000000129e-05
-2.449796300000000172e-04 1.796837929999999965e-05
-2.360454529999999999e-04 1.811320540000000144e-05
-2.271240370000000039e-04 1.815744329999999910e-05
-2.181156009999999919e-04 1.799758679999999983e-05
-2.090143239999999944e-04 1.799618620000000051e-05
-1.997923970000000000e-04 1.778953990000000084e-05
-1.906540130000000102e-04 1.761673050000000035e-05
-1.819089520000000116e-04 1.779410920000000078e-05
-1.732404780000000024e-04 1.786013850000000064e-05
-1.643875149999999988e-04 1.773687469999999966e-05
-1.555194609999999871e-04 1.770142810000000118e-05
-1.465806420000000056e-04 1.748571589999999980e-05
-1.376627039999999899e-04 1.739536130000000100e-05
-1.288898060000000104e-04 1.738573159999999969e-05
-1.203327120000000002e-04 1.725297989999999932e-05
-1.119194930000000056e-04 1.712393709999999997e-05
-1.034784359999999935e-04 1.709405110000000044e-05
-9.500720629999999855e-05 1.696115760000000154e-05
-8.645359780000000654e-05 1.696254729999999901e-05
-7.778047440000000041e-05 1.689469169999999933e-05
-6.925471830000000362e-05 1.678164339999999944e-05
-6.101090179999999781e-05 1.681088719999999958e-05
-5.289472030000000319e-05 1.674437590000000124e-05
-4.470660130000000075e-05 1.643830729999999876e-05
-3.652312079999999687e-05 1.628146859999999864e-05
-2.841273999999999929e-05 1.596938450000000089e-05
-2.043927270000000062e-05 1.582104229999999951e-05
-1.255166630000000061e-05 1.554576560000000003e-05
-4.628091119999999760e-06 1.547036299999999891e-05
3.116800829999999792e-06 1.555143540000000039e-05
1.100788810000000055e-05 1.567066469999999832e-05
1.892218100000000124e-05 1.595767030000000081e-05
2.696526640000000092e-05 1.613839960000000145e-05
3.513482080000000204e-05 1.642925780000000063e-05
4.320111109999999710e-05 1.647235510000000022e-05
5.124187370000000220e-05 1.663415609999999864e-05
5.941839119999999875e-05 1.677387440000000077e-05
6.794647200000000081e-05 1.670274470000000013e-05
7.667992760000000101e-05 1.680123929999999917e-05
8.522541609999999420e-05 1.726331899999999984e-05
9.376277740000000648e-05 1.737683490000000019e-05
1.024672240000000062e-04 1.741157760000000120e-05
1.110498419999999967e-04 1.739837170000000125e-05
1.195442750000000050e-04 1.750816590000000159e-05
1.281315340000000044e-04 1.760339549999999923e-05
1.368951489999999972e-04 1.757450260000000100e-05
1.457156320000000055e-04 1.759813680000000147e-05
1.545709090000000057e-04 1.760584019999999935e-05
1.635225049999999988e-04 1.766631609999999927e-05
1.724067839999999868e-04 1.794561650000000159e-05
1.811321270000000073e-04 1.795117900000000108e-05
1.898818150000000031e-04 1.792613690000000064e-05
1.986779239999999895e-04 1.794490530000000008e-05
2.077234970000000095e-04 1.771547430000000042e-05
2.171171510000000082e-04 1.784281269999999872e-05
2.264493089999999984e-04 1.816451729999999997e-05
2.355308679999999907e-04 1.812881780000000101e-05
2.443629489999999782e-04 1.844859980000000167e-05
2.530337659999999764e-04 1.841676020000000005e-05
2.618357250000000061e-04 1.810684079999999978e-05
2.711481650000000182e-04 1.835152759999999887e-05
2.807681160000000033e-04 1.851910750000000080e-05
2.901571859999999958e-04 1.844125470000000121e-05
2.993362139999999937e-04 1.857416460000000031e-05
3.082750770000000163e-04 1.847823839999999907e-05
3.170213309999999913e-04 1.853217329999999949e-05
3.260158700000000218e-04 1.870039159999999974e-05
3.353434440000000057e-04 1.861371129999999925e-05
3.447858619999999842e-04 1.865124799999999988e-05
3.543280760000000213e-04 1.858960789999999929e-05
3.639073979999999926e-04 1.858960789999999929e-05
3.734832569999999778e-04 1.873632940000000127e-05
3.828200860000000060e-04 1.864556540000000053e-05
3.917206780000000253e-04 1.898286609999999940e-05
4.003752550000000258e-04 1.895555760000000061e-05
4.093871980000000107e-04 1.827900630000000022e-05
4.192925989999999746e-04 1.852289459999999834e-05
4.294683169999999957e-04 1.875202179999999966e-05
4.393261329999999850e-04 1.869363220000000081e-05
4.487163389999999918e-04 1.930809780000000033e-05
4.576540380000000035e-04 1.925874490000000061e-05
4.665395239999999932e-04 1.920866269999999852e-05
4.759274019999999781e-04 1.949157380000000054e-05
4.859186299999999816e-04 1.927391169999999990e-05
4.959063949999999990e-04 1.919327769999999969e-05
5.057630480000000275e-04 1.918749879999999956e-05
5.154444949999999670e-04 1.908045120000000054e-05
5.248439849999999565e-04 1.939945289999999933e-05
5.342620420000000238e-04 1.952517410000000119e-05
5.438831290000000233e-04 1.938869349999999841e-05
5.534763909999999669e-04 1.932287519999999908e-05
5.631485840000000206e-04 1.900702230000000115e-05
5.732964489999999892e-04 1.912715559999999862e-05
5.834976910000000449e-04 1.937413440000000084e-05
5.934297810000000502e-04 1.935327959999999869e-05
6.031204829999999798e-04 1.969614820000000055e-05
6.123830680000000347e-04 1.956338020000000162e-05
6.213173040000000060e-04 1.974059339999999929e-05
6.307887380000000519e-04 2.012638289999999950e-05
6.411350330000000104e-04 1.974306359999999916e-05
6.519906459999999905e-04 1.990989219999999855e-05
6.627465479999999519e-04 2.053784189999999837e-05
6.724976120000000302e-04 2.016247889999999977e-05
6.814202060000000083e-04 2.049764230000000146e-05
6.903219619999999843e-04 2.060607949999999970e-05
6.999917680000000350e-04 1.977979990000000167e-05
7.105724650000000116e-04 2.002963080000000039e-05
7.217866370000000338e-04 1.950905789999999944e-05
7.327989440000000224e-04 1.920027350000000065e-05
7.426950030000000185e-04 2.021607539999999915e-05
7.520979850000000409e-04 2.022915030000000078e-05
7.616042279999999916e-04 2.008827690000000092e-05
7.712671069999999657e-04 2.018698429999999939e-05
7.814521089999999694e-04 1.959370640000000132e-05
7.921801299999999902e-04 1.970492489999999843e-05
8.028095470000000140e-04 2.017684889999999876e-05
8.134783710000000013e-04 2.037078779999999879e-05
8.241832259999999979e-04 2.084849069999999925e-05
8.339191549999999458e-04 2.044045870000000159e-05
8.429519950000000225e-04 2.047705489999999945e-05
8.525394950000000048e-04 2.082252830000000070e-05
8.630099469999999873e-04 2.031400619999999859e-05
8.741103809999999866e-04 2.050794320000000147e-05
8.854939950000000363e-04 2.072929419999999833e-05
8.961581629999999798e-04 2.037773450000000079e-05
9.059197040000000443e-04 2.075402880000000097e-05
9.155396260000000369e-04 2.074829899999999981e-05
9.253023310000000039e-04 2.048966780000000061e-05
9.356613739999999815e-04 2.081081220000000008e-05
9.468070929999999842e-04 2.039474749999999967e-05
9.582498459999999737e-04 2.042255260000000163e-05
9.692760649999999922e-04 2.119111559999999842e-05
9.797163069999999079e-04 2.111743379999999855e-05
9.897946149999999315e-04 2.151423540000000029e-05
9.996372969999999490e-04 2.151632000000000070e-05
1.009662169999999901e-03 2.121968279999999975e-05
1.020170979999999918e-03 2.140249849999999971e-05
1.031097369999999956e-03 2.121565379999999844e-05
1.042554040000000064e-03 2.146589579999999976e-05
1.054510820000000015e-03 2.148795279999999981e-05
1.065473190000000049e-03 2.089880580000000042e-05
1.075024720000000104e-03 2.146032239999999842e-05
1.084483349999999921e-03 2.160596159999999909e-05
1.094368980000000064e-03 2.129400849999999967e-05
1.105288509999999974e-03 2.174516340000000168e-05
1.117486619999999908e-03 2.086870700000000145e-05
1.129892420000000019e-03 2.073524589999999849e-05
1.141428020000000024e-03 2.181007950000000037e-05
1.151849749999999967e-03 2.153064269999999962e-05
1.161293239999999999e-03 2.238010710000000016e-05
1.170722880000000079e-03 2.267831219999999872e-05
1.181471859999999943e-03 2.131454489999999878e-05
1.193504080000000077e-03 2.159120049999999890e-05
1.205764829999999947e-03 2.197837060000000042e-05
1.217642680000000002e-03 2.188870169999999999e-05
1.228801210000000097e-03 2.283447979999999838e-05
1.239063919999999893e-03 2.263915120000000087e-05
1.249361430000000064e-03 2.220899110000000063e-05
1.260189220000000089e-03 2.237100489999999849e-05
1.271257289999999955e-03 2.225207210000000165e-05
1.282896150000000001e-03 2.255385150000000169e-05
1.295187040000000001e-03 2.229843990000000099e-05
1.307329400000000006e-03 2.205569220000000094e-05
1.319323320000000089e-03 2.163897080000000149e-05
1.330646570000000107e-03 2.114613559999999940e-05
1.340014739999999911e-03 2.302613209999999878e-05
1.349409580000000049e-03 2.372055129999999862e-05
1.360933649999999939e-03 2.211023090000000037e-05
1.374035609999999961e-03 2.247447080000000052e-05
1.387200199999999960e-03 2.337979089999999978e-05
1.399206810000000077e-03 2.301276979999999900e-05
1.409879190000000058e-03 2.421088170000000153e-05
1.419844919999999977e-03 2.421991669999999999e-05
1.430347790000000095e-03 2.335311550000000082e-05
1.442313890000000102e-03 2.391685479999999833e-05
1.455144370000000052e-03 2.422521719999999945e-05
1.467648779999999918e-03 2.414170739999999850e-05
1.480052250000000015e-03 2.389214389999999992e-05
1.491978880000000094e-03 2.345153550000000114e-05
1.502933099999999951e-03 2.384925209999999912e-05
1.513498719999999999e-03 2.382422829999999943e-05
1.524364810000000073e-03 2.325599600000000135e-05
1.535971180000000056e-03 2.349442180000000020e-05
1.548494099999999903e-03 2.263339769999999886e-05
1.561976739999999938e-03 2.289754049999999968e-05
1.575590339999999919e-03 2.341184339999999908e-05
1.588178329999999968e-03 2.298295659999999928e-05
1.598631380000000097e-03 2.533872429999999896e-05
1.607949609999999958e-03 2.550902719999999962e-05
1.618721760000000048e-03 2.356739969999999921e-05
1.631501129999999959e-03 2.406927339999999932e-05
1.645750600000000065e-03 2.318581760000000032e-05
1.660242680000000026e-03 2.301901990000000079e-05
1.672670480000000050e-03 2.583245619999999994e-05
1.682565430000000032e-03 2.531431529999999836e-05
1.692348970000000013e-03 2.405869599999999961e-05
1.704089929999999965e-03 2.472069350000000089e-05
1.717741829999999996e-03 2.337215119999999877e-05
1.732204810000000008e-03 2.343818960000000157e-05
1.745939140000000046e-03 2.483085150000000039e-05
1.758141910000000007e-03 2.441586729999999900e-05
1.769305089999999954e-03 2.499180659999999954e-05
1.780641030000000005e-03 2.530321940000000033e-05
1.792417959999999992e-03 2.543420310000000102e-05
1.804627710000000036e-03 2.574074820000000024e-05
1.817770299999999905e-03 2.504152869999999852e-05
1.831510450000000106e-03 2.514718649999999844e-05
1.845134540000000021e-03 2.563259479999999894e-05
1.858505650000000101e-03 2.565622890000000117e-05
1.871261859999999964e-03 2.694978139999999847e-05
1.882234700000000012e-03 2.633970330000000095e-05
1.893196019999999905e-03 2.446212780000000086e-05
1.906140130000000092e-03 2.498447070000000026e-05
1.920400069999999995e-03 2.422798020000000097e-05
1.936133600000000026e-03 2.477101589999999932e-05
1.951117530000000093e-03 2.753885930000000089e-05
1.962644979999999921e-03 2.653024419999999909e-05
1.972810370000000011e-03 2.599668010000000156e-05
1.983850499999999847e-03 2.632825269999999993e-05
1.996238950000000113e-03 2.500878869999999856e-05
2.010595049999999804e-03 2.571154979999999961e-05
2.025916710000000200e-03 2.605634470000000151e-05
2.040595510000000213e-03 2.579567809999999911e-05
2.054376289999999827e-03 2.656424109999999930e-05
2.066911900000000142e-03 2.609573310000000009e-05
2.078344350000000101e-03 2.683810449999999870e-05
2.090081809999999943e-03 2.728560319999999987e-05
2.103026019999999947e-03 2.631074490000000018e-05
2.116936719999999977e-03 2.654390660000000116e-05
2.132052790000000045e-03 2.516741010000000128e-05
2.148217989999999956e-03 2.523121839999999892e-05
2.162979220000000192e-03 2.776286240000000059e-05
2.175129720000000197e-03 2.717757520000000030e-05
2.186096739999999865e-03 2.752044569999999931e-05
2.197251889999999805e-03 2.775678329999999993e-05
2.210211010000000080e-03 2.541642239999999939e-05
2.226111710000000000e-03 2.633397529999999869e-05
2.243582159999999836e-03 2.627040890000000145e-05
2.259720580000000069e-03 2.544947709999999954e-05
2.272585870000000136e-03 2.860848330000000060e-05
2.283386890000000009e-03 2.851186399999999872e-05
2.294450300000000064e-03 2.780879369999999921e-05
2.307939809999999970e-03 2.900856090000000044e-05
2.324435630000000214e-03 2.754042909999999904e-05
2.340842039999999936e-03 2.696189220000000150e-05
2.356052170000000161e-03 2.713541470000000065e-05
2.370632489999999898e-03 2.681752810000000018e-05
2.383566230000000105e-03 2.869899799999999868e-05
2.396274820000000080e-03 2.916097399999999969e-05
2.410025340000000044e-03 2.869353919999999885e-05
2.423548609999999926e-03 2.846901590000000017e-05
2.437750580000000097e-03 2.672000299999999985e-05
2.454151170000000090e-03 2.740608219999999902e-05
2.471027429999999789e-03 2.851751559999999997e-05
2.486447799999999975e-03 2.804622819999999904e-05
2.499894239999999809e-03 3.001675580000000008e-05
2.511478729999999833e-03 2.961219799999999867e-05
2.523414559999999796e-03 2.790748479999999911e-05
2.538570200000000044e-03 2.922125350000000037e-05
2.556592920000000119e-03 2.810212210000000166e-05
2.574475249999999982e-03 2.761415089999999831e-05
2.590385269999999959e-03 2.976160790000000007e-05
2.603763250000000126e-03 2.901345760000000133e-05
2.615375440000000055e-03 2.967246109999999916e-05
2.627856799999999868e-03 3.035318700000000047e-05
2.643137700000000069e-03 2.756598590000000011e-05
2.660556000000000119e-03 2.792466509999999967e-05
2.678544959999999784e-03 2.797089110000000047e-05
2.696101319999999815e-03 2.772829610000000081e-05
2.711242060000000186e-03 3.106644730000000131e-05
2.724359039999999822e-03 3.105880390000000086e-05
2.737810140000000118e-03 3.048285909999999858e-05
2.751703610000000039e-03 3.053986070000000062e-05
2.766308140000000183e-03 2.951703569999999911e-05
2.783461709999999860e-03 3.067509530000000161e-05
2.802272330000000165e-03 3.113353520000000164e-05
2.819942309999999824e-03 3.061567259999999866e-05
2.836318689999999844e-03 3.156630919999999744e-05
2.849902259999999906e-03 3.022628520000000113e-05
2.860894660000000075e-03 3.060842940000000234e-05
2.874537370000000182e-03 3.234490209999999968e-05
2.892245769999999844e-03 3.034839939999999935e-05
2.911483400000000003e-03 3.046425260000000071e-05
2.930661660000000168e-03 3.091031249999999866e-05
2.947370989999999885e-03 2.967092039999999858e-05
2.960498440000000186e-03 3.218271739999999895e-05
2.973224500000000176e-03 3.284863490000000002e-05
2.987743120000000124e-03 3.171794380000000051e-05
3.004488540000000048e-03 3.264383850000000277e-05
3.023388330000000099e-03 3.163257130000000152e-05
3.042681609999999936e-03 3.150327760000000047e-05
3.060145299999999895e-03 3.418265259999999885e-05
3.075270680000000059e-03 3.374890370000000085e-05
3.090417010000000211e-03 3.251227099999999770e-05
3.105425509999999896e-03 3.198328700000000033e-05
3.119772299999999925e-03 3.185958490000000311e-05
3.136208980000000125e-03 3.307149019999999925e-05
3.155219140000000214e-03 3.188606569999999834e-05
3.174901239999999847e-03 3.186576209999999668e-05
3.194202440000000129e-03 3.244872639999999737e-05
3.211740399999999957e-03 3.150736669999999745e-05
3.225885329999999933e-03 3.455077969999999839e-05
3.238935019999999998e-03 3.507837029999999885e-05
3.254400570000000065e-03 3.252997699999999898e-05
3.273574400000000151e-03 3.383192600000000158e-05
3.296040929999999834e-03 3.197312249999999874e-05
3.317376370000000175e-03 3.062459649999999857e-05
3.333055409999999795e-03 3.627806290000000136e-05
3.345355620000000068e-03 3.629405180000000084e-05
3.358528249999999816e-03 3.488983570000000296e-05
3.374370979999999787e-03 3.598255720000000232e-05
3.395358099999999830e-03 3.067749999999999893e-05
3.419158050000000067e-03 3.046884740000000040e-05
3.439290219999999784e-03 3.577791719999999813e-05
3.455342719999999861e-03 3.522266709999999872e-05
3.470098129999999934e-03 3.585633020000000289e-05
3.485097080000000049e-03 3.613643280000000224e-05
3.501272760000000150e-03 3.493437180000000237e-05
3.520063590000000169e-03 3.616819959999999727e-05
3.541807410000000211e-03 3.468500649999999854e-05
3.563597569999999836e-03 3.417757399999999838e-05
3.582895500000000174e-03 3.690896119999999834e-05
3.600324270000000021e-03 3.677480340000000030e-05
3.615760710000000180e-03 3.971036489999999776e-05
3.629911459999999885e-03 3.999953330000000058e-05
3.647532780000000124e-03 3.503950569999999707e-05
3.668325249999999926e-03 3.514933270000000120e-05
3.690501909999999944e-03 3.315569119999999692e-05
3.713828279999999930e-03 3.312511030000000122e-05
3.733455670000000032e-03 3.948937960000000060e-05
3.748627610000000200e-03 3.910356100000000282e-05
3.764065220000000021e-03 3.730007299999999832e-05
3.781115639999999868e-03 3.762566119999999776e-05
3.800538830000000159e-03 3.454511170000000033e-05
3.824427960000000102e-03 3.602198920000000150e-05
3.848415799999999835e-03 3.997948809999999774e-05
3.868152389999999878e-03 3.895071500000000066e-05
3.885594899999999900e-03 3.990804909999999702e-05
3.901798279999999907e-03 3.951113830000000065e-05
3.918004220000000093e-03 3.840741190000000217e-05
3.937349649999999715e-03 3.989009199999999755e-05
3.960029690000000172e-03 3.846276379999999872e-05
3.983670380000000136e-03 3.852323790000000312e-05
4.007268700000000267e-03 3.876208210000000183e-05
4.028449770000000311e-03 3.740035029999999995e-05
4.047000319999999839e-03 3.799363179999999923e-05
4.064534790000000168e-03 3.759880559999999989e-05
4.081474619999999991e-03 3.778125760000000232e-05
4.101775119999999733e-03 3.986968660000000014e-05
4.126103130000000237e-03 3.863941669999999975e-05
4.152644429999999623e-03 3.941277829999999775e-05
4.178031809999999818e-03 4.351366079999999991e-05
4.198124170000000314e-03 4.192115379999999865e-05
4.213823010000000181e-03 4.480278219999999799e-05
4.228656180000000056e-03 4.532411909999999885e-05
4.247516389999999968e-03 4.008286119999999856e-05
4.273394590000000048e-03 4.239550980000000174e-05
4.303428810000000000e-03 4.190433169999999727e-05
4.331187349999999700e-03 4.036395330000000140e-05
4.353675060000000187e-03 4.484627420000000336e-05
4.371586260000000050e-03 4.372226980000000121e-05
4.387524910000000118e-03 4.388214800000000255e-05
4.407802130000000075e-03 4.653888030000000273e-05
4.434152509999999929e-03 4.413659920000000071e-05
4.461098000000000147e-03 4.363691550000000133e-05
4.487193660000000396e-03 4.331130910000000278e-05
4.513244609999999754e-03 4.316707049999999804e-05
4.536647819999999748e-03 4.721467849999999827e-05
4.558625630000000262e-03 4.767995420000000162e-05
4.580950829999999585e-03 4.837506639999999709e-05
4.603017119999999567e-03 4.860167609999999848e-05
4.627380050000000182e-03 4.541762609999999971e-05
4.656744190000000096e-03 4.726524279999999708e-05
4.687877370000000272e-03 4.944957979999999704e-05
4.717030560000000025e-03 4.905197420000000276e-05
4.741519690000000307e-03 5.569359200000000302e-05
4.760577339999999720e-03 5.483651689999999740e-05
4.780360499999999728e-03 5.125759340000000263e-05
4.806540909999999604e-03 5.379893629999999745e-05
4.841187040000000108e-03 4.678747790000000042e-05
4.880573130000000377e-03 4.709680429999999851e-05
4.914697259999999818e-03 5.712132039999999922e-05
4.941812250000000156e-03 5.653368860000000066e-05
4.963471090000000190e-03 6.363260039999999763e-05
4.985666369999999965e-03 6.650548310000000058e-05
5.017824940000000303e-03 5.776295800000000086e-05
5.057226869999999729e-03 5.881495960000000269e-05
5.096503999999999965e-03 6.199910420000000156e-05
5.140584430000000142e-03 6.617465989999999406e-05
5.182426890000000307e-03 8.146117759999999864e-05
5.216008050000000076e-03 8.202838940000000529e-05
5.249541249999999798e-03 8.367915869999999635e-05
5.284135229999999649e-03 8.491020710000000309e-05
5.322933200000000246e-03 8.134284140000000180e-05
5.377644210000000029e-03 8.958900429999999801e-05
5.442355759999999848e-03 9.583766950000000560e-05
5.505356940000000025e-03 9.706801939999999804e-05
5.564128049999999583e-03 1.083229070000000052e-04
5.609853659999999680e-03 1.045353129999999973e-04
5.647329609999999708e-03 1.070367869999999959e-04
5.700432699999999873e-03 1.173652849999999982e-04
5.770146379999999652e-03 1.182134149999999965e-04
5.858792459999999716e-03 1.295202960000000031e-04
5.954551039999999608e-03 1.491178409999999893e-04
6.056439129999999747e-03 1.601736440000000011e-04
6.144247480000000067e-03 2.141849689999999985e-04
6.954433860000000349e-03 6.664444810000000070e-04
8.519800379999999465e-03 6.659995420000000207e-04
9.361872449999999318e-03 2.325213280000000093e-04
9.493810119999999617e-03 2.102291469999999912e-04
9.614594279999999493e-03 1.955031179999999909e-04
9.717362930000000842e-03 1.846064699999999930e-04
9.816026320000000721e-03 1.782155889999999915e-04
9.908313860000000223e-03 1.710924120000000014e-04
1.000591370000000063e-02 1.717048000000000098e-04
1.009815839999999958e-02 1.836943850000000134e-04
1.018587500000000048e-02 1.853005960000000084e-04
1.028078240000000060e-02 1.763241020000000001e-04
1.037618700000000026e-02 1.734008259999999927e-04
1.047438569999999992e-02 1.605658619999999895e-04
1.056707089999999946e-02 1.522090170000000057e-04
1.064444150000000075e-02 1.546573179999999965e-04
1.071466689999999930e-02 1.516710909999999940e-04
1.078550240000000077e-02 1.423828220000000018e-04
1.086246499999999997e-02 1.427011879999999955e-04
1.094851640000000029e-02 1.284933819999999961e-04
1.103407330000000068e-02 1.230700730000000055e-04
1.110280400000000084e-02 1.359758169999999999e-04
1.116402910000000026e-02 1.361363829999999865e-04
1.122650969999999977e-02 1.344971390000000103e-04
1.129361610000000071e-02 1.366770299999999947e-04
1.136710219999999966e-02 1.321272869999999956e-04
1.144517869999999923e-02 1.332359829999999964e-04
1.152302979999999914e-02 1.377054000000000114e-04
1.159672160000000014e-02 1.368355729999999875e-04
1.166803760000000023e-02 1.373307900000000025e-04
1.173640790000000066e-02 1.353652329999999930e-04
1.180387570000000080e-02 1.314330289999999927e-04
1.187254020000000007e-02 1.311014639999999931e-04
1.194117779999999927e-02 1.302289020000000014e-04
1.201022510000000071e-02 1.301600859999999958e-04
1.208257209999999936e-02 1.244912130000000005e-04
1.215507180000000020e-02 1.225365559999999946e-04
1.222052149999999955e-02 1.288237399999999939e-04
1.227850840000000061e-02 1.266216130000000098e-04
1.233522870000000084e-02 1.226208259999999944e-04
1.239696149999999948e-02 1.241799760000000081e-04
1.246641300000000084e-02 1.156872680000000053e-04
1.253965779999999947e-02 1.148948429999999940e-04
1.260741519999999949e-02 1.227289179999999991e-04
1.266862730000000055e-02 1.216300810000000009e-04
1.272622399999999952e-02 1.237045799999999932e-04
1.278474460000000000e-02 1.250076310000000038e-04
1.284872649999999929e-02 1.194606880000000001e-04
1.291705760000000022e-02 1.197513920000000049e-04
1.298464090000000029e-02 1.218522160000000025e-04
1.305067170000000047e-02 1.219974950000000052e-04
1.311638019999999960e-02 1.229355980000000105e-04
1.317993639999999987e-02 1.219853800000000047e-04
1.324261260000000016e-02 1.208161919999999951e-04
1.330433039999999976e-02 1.198207900000000024e-04
1.336432530000000035e-02 1.199228499999999999e-04
1.342461260000000003e-02 1.201348500000000040e-04
1.348964679999999951e-02 1.128422079999999970e-04
1.355646739999999927e-02 1.112809840000000036e-04
1.361999849999999922e-02 1.124174229999999949e-04
1.367711089999999914e-02 1.089828579999999947e-04
1.372844259999999976e-02 1.099034849999999946e-04
1.377853660000000029e-02 1.094799809999999967e-04
1.383243309999999948e-02 1.010942140000000035e-04
1.389300079999999937e-02 1.021087880000000011e-04
1.395616029999999924e-02 1.005801970000000015e-04
1.401454400000000031e-02 9.687848070000000414e-05
1.406273899999999945e-02 1.036339449999999936e-04
1.410619169999999950e-02 1.034907550000000056e-04
1.415326629999999995e-02 9.708025749999999994e-05
1.420670930000000019e-02 9.858170959999999934e-05
1.426337100000000038e-02 9.739903910000000543e-05
1.431857419999999978e-02 9.609847620000000587e-05
1.437021510000000002e-02 9.840800340000000509e-05
1.441846039999999940e-02 9.720752860000000017e-05
1.446560210000000062e-02 9.571470580000000013e-05
1.451604719999999987e-02 9.715498889999999897e-05
1.456672609999999993e-02 1.015297019999999967e-04
1.461215220000000072e-02 9.994225549999999510e-05
1.465909370000000045e-02 9.221553050000000514e-05
1.471108110000000045e-02 9.248511200000000614e-05
1.476329380000000052e-02 9.285559640000000132e-05
1.481427249999999959e-02 9.198662159999999822e-05
1.486211919999999923e-02 9.481790769999999936e-05
1.490510630000000010e-02 9.317536019999999610e-05
1.494728960000000009e-02 8.995857210000000469e-05
1.499474420000000002e-02 9.195565509999999968e-05
1.504912970000000030e-02 8.598434940000000324e-05
1.510442510000000078e-02 8.437513319999999806e-05
1.515158550000000014e-02 9.342261179999999856e-05
1.519268380000000050e-02 9.305629650000000596e-05
1.523479449999999916e-02 9.036150000000000551e-05
1.527994310000000029e-02 9.120954200000000304e-05
1.532738099999999930e-02 8.976103710000000286e-05
1.537704280000000076e-02 9.057152780000000524e-05
1.542734630000000030e-02 9.244331890000000347e-05
1.547506170000000070e-02 9.156910530000000577e-05
1.552163720000000052e-02 9.033495730000000554e-05
1.556923330000000057e-02 9.050789959999999473e-05
1.561604999999999938e-02 9.229967690000000550e-05
1.566045729999999969e-02 9.124509959999999845e-05
1.570425179999999921e-02 8.933766370000000359e-05
1.574990709999999836e-02 9.001400029999999722e-05
1.579823899999999864e-02 8.744055959999999506e-05
1.584889930000000016e-02 8.790558789999999628e-05
1.589788119999999833e-02 9.197762849999999971e-05
1.594114120000000162e-02 9.001811120000000467e-05
1.598145999999999942e-02 8.946724119999999820e-05
1.602320369999999869e-02 9.012065130000000007e-05
1.606864300000000051e-02 8.579240969999999452e-05
1.611940749999999853e-02 8.741965579999999558e-05
1.617297159999999887e-02 8.727904789999999533e-05
1.622096820000000147e-02 8.389245340000000141e-05
1.626136150000000169e-02 8.780608189999999859e-05
1.630013989999999982e-02 8.823745160000000579e-05
1.634070649999999972e-02 8.579251149999999704e-05
1.638671759999999963e-02 8.795113539999999434e-05
