-3.634011370000000268e-02 3.538201559999999972e-04
-3.623634199999999778e-02 3.379979749999999900e-04
-3.611692410000000297e-02 3.419452409999999788e-04
-3.598332409999999842e-02 3.299252420000000187e-04
-3.583820540000000332e-02 3.322745320000000126e-04
-3.568666429999999695e-02 3.274607880000000078e-04
-3.552985940000000231e-02 3.291144680000000072e-04
-3.537057340000000077e-02 3.295684579999999856e-04
-3.521664070000000285e-02 3.263046089999999773e-04
-3.506778929999999905e-02 3.263142720000000176e-04
-3.491700069999999906e-02 3.276953649999999772e-04
-3.476304189999999961e-02 3.256418279999999930e-04
-3.460384529999999820e-02 3.280440289999999844e-04
-3.443782029999999800e-02 3.239474609999999947e-04
-3.427043929999999683e-02 3.230652660000000054e-04
-3.410799059999999883e-02 3.282185349999999975e-04
-3.395142780000000304e-02 3.267605209999999735e-04
-3.379689529999999748e-02 3.267168359999999736e-04
-3.364270929999999687e-02 3.262691319999999769e-04
-3.348526360000000229e-02 3.189719280000000113e-04
-3.332021090000000102e-02 3.211283469999999746e-04
-3.315114229999999856e-02 3.210236899999999866e-04
-3.298448770000000224e-02 3.193233569999999748e-04
-3.282418100000000089e-02 3.245839909999999762e-04
-3.266956659999999818e-02 3.232833110000000055e-04
-3.251575679999999663e-02 3.210192369999999989e-04
-3.235889969999999893e-02 3.218144119999999993e-04
-3.219638390000000017e-02 3.152018470000000103e-04
-3.202807530000000014e-02 3.165115779999999731e-04
-3.186023980000000227e-02 3.203230440000000030e-04
-3.169579430000000336e-02 3.196608740000000167e-04
-3.153804689999999827e-02 3.296032370000000103e-04
-3.138625989999999782e-02 3.293797199999999744e-04
-3.123044969999999934e-02 3.214212769999999888e-04
-3.106796369999999946e-02 3.227846169999999790e-04
-3.090162949999999964e-02 3.207601839999999816e-04
-3.073384050000000159e-02 3.206870750000000267e-04
-3.056847299999999878e-02 3.239131180000000168e-04
-3.040646019999999894e-02 3.232780730000000104e-04
-3.024621489999999857e-02 3.250725860000000240e-04
-3.008887730000000052e-02 3.237524070000000133e-04
-2.993109080000000075e-02 3.187279509999999807e-04
-2.976872029999999905e-02 3.198900669999999780e-04
-2.960253319999999952e-02 3.167605320000000117e-04
-2.943544279999999944e-02 3.161756609999999889e-04
-2.927068249999999899e-02 3.190340360000000139e-04
-2.910829709999999959e-02 3.184226809999999978e-04
-2.895072660000000062e-02 3.241453960000000110e-04
-2.879533919999999886e-02 3.251153100000000150e-04
-2.863541249999999871e-02 3.208535779999999800e-04
-2.847270480000000173e-02 3.207679260000000001e-04
-2.830787380000000103e-02 3.163887009999999844e-04
-2.813722009999999885e-02 3.185228270000000131e-04
-2.796695379999999953e-02 3.257039060000000070e-04
-2.780576800000000154e-02 3.226221019999999740e-04
-2.764939699999999917e-02 3.214759929999999838e-04
-2.749109829999999907e-02 3.224410470000000002e-04
-2.732982109999999853e-02 3.201595679999999890e-04
-2.716326339999999839e-02 3.222831869999999888e-04
-2.699299340000000172e-02 3.226135450000000137e-04
-2.682575580000000001e-02 3.211360889999999931e-04
-2.666290849999999879e-02 3.237285420000000176e-04
-2.650376039999999961e-02 3.224432000000000166e-04
-2.634768750000000131e-02 3.246143749999999984e-04
-2.618933099999999972e-02 3.265438139999999939e-04
-2.602374179999999981e-02 3.192360160000000217e-04
-2.585357989999999967e-02 3.195695170000000104e-04
-2.568418529999999880e-02 3.223781240000000016e-04
-2.551805970000000159e-02 3.212104199999999982e-04
-2.535620519999999892e-02 3.244754330000000175e-04
-2.519835529999999921e-02 3.234664909999999992e-04
-2.504107360000000157e-02 3.222244269999999982e-04
-2.487811070000000083e-02 3.249664150000000141e-04
-2.470791530000000097e-02 3.199243219999999823e-04
-2.453611420000000043e-02 3.192914009999999999e-04
-2.436821720000000024e-02 3.240359069999999776e-04
-2.420543320000000109e-02 3.224591199999999919e-04
-2.404598889999999892e-02 3.242538080000000110e-04
-2.388706059999999923e-02 3.248105350000000057e-04
-2.372488940000000088e-02 3.203499649999999848e-04
-2.355862599999999918e-02 3.211987200000000200e-04
-2.338986469999999873e-02 3.199962079999999994e-04
-2.322234769999999976e-02 3.186022509999999965e-04
-2.305819840000000037e-02 3.197487679999999827e-04
-2.289921229999999919e-02 3.172797150000000255e-04
-2.274362369999999994e-02 3.166834649999999887e-04
-2.258624880000000001e-02 3.173240400000000160e-04
-2.242579499999999837e-02 3.133766879999999914e-04
-2.226248379999999985e-02 3.138842879999999931e-04
-2.209876289999999910e-02 3.152003049999999918e-04
-2.193584479999999975e-02 3.149802799999999888e-04
-2.177507799999999979e-02 3.173617010000000173e-04
-2.161847429999999917e-02 3.159350019999999817e-04
-2.146345560000000041e-02 3.146175299999999964e-04
-2.130522950000000165e-02 3.160678899999999755e-04
-2.114313099999999904e-02 3.142308850000000197e-04
-2.097720280000000062e-02 3.156526950000000209e-04
-2.080994840000000012e-02 3.167961840000000175e-04
-2.064777719999999830e-02 3.143696230000000025e-04
-2.049056250000000010e-02 3.164871600000000187e-04
-2.033713649999999845e-02 3.147603710000000101e-04
-2.018358740000000123e-02 3.091655959999999753e-04
-2.002876069999999856e-02 3.081322939999999876e-04
-1.987230590000000144e-02 3.031222440000000168e-04
-1.970874519999999894e-02 3.053754339999999829e-04
-1.954533160000000019e-02 3.113011479999999980e-04
-1.938706449999999873e-02 3.105519279999999801e-04
-1.923107359999999891e-02 3.122634949999999890e-04
-1.907763629999999905e-02 3.111384579999999875e-04
-1.892359000000000055e-02 3.075839490000000019e-04
-1.876537500000000080e-02 3.090132669999999808e-04
-1.860406439999999842e-02 3.072418040000000211e-04
-1.844278540000000161e-02 3.065851919999999981e-04
-1.828398739999999995e-02 3.094765419999999921e-04
-1.812630889999999884e-02 3.096359720000000184e-04
-1.797127719999999998e-02 3.139019829999999773e-04
-1.781804669999999952e-02 3.145690429999999939e-04
-1.766261090000000034e-02 3.133412970000000269e-04
-1.750243459999999834e-02 3.155304580000000227e-04
-1.733825729999999982e-02 3.143511710000000074e-04
-1.717244830000000042e-02 3.151184650000000130e-04
-1.700724849999999885e-02 3.188593250000000068e-04
-1.684324439999999867e-02 3.192736189999999838e-04
-1.668186110000000055e-02 3.241853259999999989e-04
-1.651990230000000004e-02 3.265165140000000086e-04
-1.635562999999999947e-02 3.291321339999999989e-04
-1.618555559999999838e-02 3.333260829999999935e-04
-1.600970700000000149e-02 3.359881809999999908e-04
-1.583041619999999913e-02 3.392438809999999806e-04
-1.565087960000000056e-02 3.472260719999999959e-04
-1.547284609999999977e-02 3.492007670000000022e-04
-1.529503609999999930e-02 3.557246530000000178e-04
-1.511490249999999924e-02 3.592269790000000244e-04
-1.493035350000000011e-02 3.609170959999999828e-04
-1.474012710000000004e-02 3.651763249999999904e-04
-1.454549840000000059e-02 3.703570980000000200e-04
-1.434560680000000060e-02 3.751316110000000085e-04
-1.414686809999999954e-02 3.896031120000000166e-04
-1.394310590000000065e-02 3.980846379999999907e-04
-1.373518259999999963e-02 4.154779889999999851e-04
-1.351051680000000046e-02 4.315087280000000076e-04
-1.327628739999999960e-02 4.592694170000000109e-04
-1.303496680000000053e-02 4.738156279999999735e-04
-1.277668679999999918e-02 4.859358009999999997e-04
-1.251541639999999983e-02 4.920986830000000393e-04
-1.225181390000000016e-02 5.062688720000000243e-04
-1.198163720000000078e-02 5.149781350000000313e-04
-1.170928589999999971e-02 5.345682150000000306e-04
-1.142788680000000022e-02 5.474036440000000460e-04
-1.113111900000000008e-02 5.584750909999999704e-04
-1.076793579999999959e-02 6.019446299999999580e-04
-1.040061379999999980e-02 7.146092250000000241e-04
-9.941362780000000815e-03 8.107629839999999991e-04
-9.454575369999999174e-03 1.033749660000000004e-03
-8.553014140000000584e-03 1.362288140000000002e-03
-7.550223729999999689e-03 2.103188309999999821e-03
-7.155490569999999918e-03 2.006077670000000132e-03
-6.232747339999999796e-03 8.575411049999999815e-04
-5.346219059999999905e-03 4.215684309999999987e-04
-5.128247199999999908e-03 3.258512299999999969e-04
-4.930264319999999763e-03 2.796222400000000037e-04
-4.792566409999999937e-03 2.509947810000000127e-04
-4.663417119999999950e-03 2.355461470000000065e-04
-4.545260219999999740e-03 2.113682129999999888e-04
-4.427973649999999983e-03 2.019940290000000105e-04
-4.318785389999999641e-03 1.890889980000000131e-04
-4.214039069999999873e-03 1.819095339999999899e-04
-4.117343110000000299e-03 1.757169810000000065e-04
-4.026899110000000011e-03 1.696160620000000067e-04
-3.943302670000000017e-03 1.637657259999999873e-04
-3.861160719999999925e-03 1.609004830000000023e-04
-3.778691639999999866e-03 1.526872800000000029e-04
-3.696337579999999911e-03 1.495567560000000040e-04
-3.615665719999999837e-03 1.433915170000000041e-04
-3.536713539999999933e-03 1.402387129999999916e-04
-3.462317629999999997e-03 1.390777029999999931e-04
-3.391832110000000001e-03 1.362209730000000086e-04
-3.324365479999999949e-03 1.335763370000000051e-04
-3.257430160000000189e-03 1.323959590000000123e-04
-3.189948389999999918e-03 1.279566640000000092e-04
-3.120766950000000185e-03 1.273766539999999971e-04
-3.050983179999999882e-03 1.249950579999999903e-04
-2.983345880000000047e-03 1.227655299999999908e-04
-2.919897439999999834e-03 1.233234940000000029e-04
-2.859079049999999848e-03 1.220290869999999980e-04
-2.799216890000000117e-03 1.202562129999999979e-04
-2.739720279999999925e-03 1.193162169999999943e-04
-2.678962420000000066e-03 1.143818589999999978e-04
-2.616837620000000020e-03 1.135052299999999941e-04
-2.555421789999999874e-03 1.124619009999999975e-04
-2.496164060000000129e-03 1.107155990000000049e-04
-2.439531029999999871e-03 1.100318909999999946e-04
-2.385254480000000097e-03 1.084464309999999971e-04
-2.332342319999999858e-03 1.063195089999999953e-04
-2.278488129999999869e-03 1.061182850000000024e-04
-2.223002490000000175e-03 1.030345520000000066e-04
-2.166973889999999903e-03 1.021802019999999933e-04
-2.112143669999999845e-03 1.016147510000000009e-04
-2.059446180000000081e-03 1.001998830000000028e-04
-2.009163379999999791e-03 1.004843729999999958e-04
-1.960341119999999947e-03 9.964186029999999757e-05
-1.911689640000000098e-03 9.739852250000000425e-05
-1.862294270000000021e-03 9.710468290000000074e-05
-1.811800180000000060e-03 9.463563770000000153e-05
-1.761031099999999959e-03 9.384743319999999884e-05
-1.711183229999999967e-03 9.301888350000000300e-05
-1.663379840000000099e-03 9.155667070000000300e-05
-1.617942239999999943e-03 9.143883650000000603e-05
-1.573259939999999959e-03 9.088190560000000478e-05
-1.528322350000000046e-03 8.908146259999999645e-05
-1.483069270000000059e-03 8.868308209999999363e-05
-1.437103730000000024e-03 8.622195310000000529e-05
-1.390877059999999976e-03 8.549154150000000320e-05
-1.345857160000000011e-03 8.563444860000000221e-05
-1.302495369999999908e-03 8.463318229999999354e-05
-1.260488639999999974e-03 8.395130130000000128e-05
-1.219101599999999983e-03 8.339148189999999515e-05
-1.177912929999999896e-03 8.232365509999999432e-05
-1.136181179999999928e-03 8.220876770000000238e-05
-1.093865839999999968e-03 8.076331139999999619e-05
-1.052150389999999920e-03 7.993821050000000526e-05
-1.011321439999999898e-03 7.927354450000000433e-05
-9.714624029999999926e-04 7.839830500000000493e-05
-9.327776499999999816e-04 7.777638530000000343e-05
-8.945500010000000286e-04 7.733145319999999777e-05
-8.560334099999999556e-04 7.561600799999999758e-05
-8.170527289999999837e-04 7.522474329999999734e-05
-7.780871240000000527e-04 7.430713589999999897e-05
-7.397016739999999610e-04 7.367972279999999833e-05
-7.023662909999999794e-04 7.354449919999999404e-05
-6.660612420000000273e-04 7.287745389999999730e-05
-6.305056739999999717e-04 7.241171259999999905e-05
-5.947378229999999858e-04 7.232189089999999999e-05
-5.584617610000000001e-04 7.108956919999999619e-05
-5.224630000000000290e-04 7.052836010000000275e-05
-4.862379860000000040e-04 6.872242369999999529e-05
-4.498609630000000069e-04 6.811664930000000664e-05
-4.147892760000000244e-04 6.848145859999999960e-05
-3.807966420000000142e-04 6.801146080000000107e-05
-3.471335219999999860e-04 6.725612179999999830e-05
-3.137047749999999835e-04 6.679805669999999414e-05
-2.803966930000000263e-04 6.585340450000000444e-05
-2.474680080000000049e-04 6.533039410000000238e-05
-2.148410280000000085e-04 6.425630999999999737e-05
-1.827674860000000031e-04 6.353703790000000409e-05
-1.512903249999999989e-04 6.265228149999999582e-05
-1.205789380000000025e-04 6.183135699999999456e-05
-9.026670159999999996e-05 6.010044669999999847e-05
-6.105323700000000141e-05 5.886629880000000326e-05
-3.228068449999999835e-05 5.625601629999999663e-05
-2.407027750000000072e-06 5.594691170000000267e-05
2.630171179999999886e-05 5.690026589999999668e-05
5.576347030000000177e-05 5.774233070000000108e-05
8.517417880000000116e-05 6.026104890000000031e-05
1.150826429999999992e-04 6.142607889999999549e-05
1.461432690000000092e-04 6.262457460000000196e-05
1.774359700000000114e-04 6.323739940000000243e-05
2.091347709999999893e-04 6.438378479999999409e-05
2.411596509999999868e-04 6.494858099999999818e-05
2.735639279999999745e-04 6.576142909999999444e-05
3.063128389999999991e-04 6.630532879999999970e-05
3.396720859999999916e-04 6.679800569999999463e-05
3.735639040000000074e-04 6.724904230000000246e-05
4.076634359999999958e-04 6.828267939999999828e-05
4.417026359999999866e-04 6.866520560000000453e-05
4.758392750000000216e-04 6.943608610000000421e-05
5.102450960000000412e-04 6.982791819999999508e-05
5.449886080000000037e-04 7.048481350000000006e-05
5.804143149999999507e-04 7.117862700000000375e-05
6.166023670000000002e-04 7.170220490000000146e-05
6.531697580000000005e-04 7.211863700000000561e-05
6.896838310000000033e-04 7.350237140000000333e-05
7.258359110000000246e-04 7.373356489999999415e-05
7.618974780000000281e-04 7.438619650000000323e-05
7.983210380000000132e-04 7.488897970000000463e-05
8.355916359999999554e-04 7.501537770000000517e-05
8.741686470000000538e-04 7.579392699999999326e-05
9.135138239999999804e-04 7.653307690000000639e-05
9.528438679999999853e-04 7.684157030000000584e-05
9.916541169999999825e-04 7.871275010000000454e-05
1.030022389999999972e-03 7.906790419999999643e-05
1.068423040000000043e-03 7.984940019999999807e-05
1.107852909999999932e-03 8.080273259999999516e-05
1.149093969999999930e-03 8.058322419999999330e-05
1.191769139999999949e-03 8.131023789999999851e-05
1.234357250000000031e-03 8.332074499999999977e-05
1.276178399999999911e-03 8.363967939999999372e-05
1.317664280000000040e-03 8.508290920000000611e-05
1.359145620000000096e-03 8.554230589999999392e-05
1.400920329999999926e-03 8.648900259999999993e-05
1.443778859999999978e-03 8.753864679999999432e-05
1.487998290000000067e-03 8.802358210000000443e-05
1.533212259999999988e-03 8.873396290000000171e-05
1.579478499999999999e-03 8.912230259999999384e-05
1.626069539999999963e-03 8.951845669999999432e-05
1.671573499999999936e-03 9.225808030000000369e-05
1.716581989999999957e-03 9.288512960000000517e-05
1.762312139999999911e-03 9.359805699999999655e-05
1.809188750000000024e-03 9.460609000000000141e-05
1.857611930000000085e-03 9.465245970000000467e-05
1.907860279999999903e-03 9.576456799999999360e-05
1.958450769999999994e-03 9.846618199999999325e-05
2.008353359999999910e-03 9.895990660000000036e-05
2.057577249999999972e-03 1.012738499999999960e-04
2.106357829999999827e-03 1.019089469999999979e-04
2.155973810000000063e-03 1.024747030000000049e-04
2.208022870000000016e-03 1.040687060000000051e-04
2.262942490000000202e-03 1.035164680000000032e-04
2.319379710000000084e-03 1.042984949999999973e-04
2.374994340000000006e-03 1.080424259999999986e-04
2.429594980000000185e-03 1.087095519999999954e-04
2.483559540000000211e-03 1.114147450000000056e-04
2.536901270000000048e-03 1.120895320000000057e-04
2.591555240000000069e-03 1.119888619999999971e-04
2.649658589999999859e-03 1.139463710000000046e-04
2.710343569999999931e-03 1.148662199999999961e-04
2.771896539999999833e-03 1.157951850000000046e-04
2.833162900000000053e-03 1.188497259999999993e-04
2.893964059999999932e-03 1.195891599999999939e-04
2.953610619999999867e-03 1.237913379999999990e-04
3.013256010000000141e-03 1.253875379999999889e-04
3.075491169999999830e-03 1.252754739999999991e-04
3.141496330000000115e-03 1.274085519999999870e-04
3.210150169999999911e-03 1.291628429999999868e-04
3.279920200000000039e-03 1.305541080000000129e-04
3.348952389999999835e-03 1.353957779999999953e-04
3.415684679999999879e-03 1.357606820000000001e-04
3.481770869999999910e-03 1.381129260000000082e-04
3.550484080000000132e-03 1.404422949999999950e-04
3.622079270000000059e-03 1.418420580000000002e-04
3.697800220000000207e-03 1.449179400000000066e-04
3.777546579999999966e-03 1.470238200000000082e-04
3.859889459999999925e-03 1.492424639999999944e-04
3.940662370000000414e-03 1.577376529999999905e-04
4.021132359999999607e-03 1.607167359999999974e-04
4.102021459999999863e-03 1.686083269999999901e-04
4.185209050000000298e-03 1.727155320000000043e-04
4.272808319999999924e-03 1.764412589999999953e-04
4.369899160000000234e-03 1.835978909999999879e-04
4.473180509999999908e-03 1.935110190000000031e-04
4.582745949999999721e-03 2.007240549999999950e-04
4.693513740000000364e-03 2.183694450000000066e-04
4.809612409999999665e-03 2.280608750000000088e-04
4.927805619999999637e-03 2.519521509999999957e-04
5.065773610000000142e-03 2.722549249999999758e-04
5.216749379999999908e-03 3.064328050000000186e-04
5.451054779999999801e-03 3.689406730000000228e-04
5.705177320000000100e-03 5.093647049999999992e-04
6.728632840000000129e-03 1.020473200000000108e-03
7.790353150000000129e-03 2.378228589999999837e-03
8.145186119999999960e-03 2.444595329999999910e-03
9.258348490000000222e-03 1.362556480000000044e-03
1.030942330000000039e-02 9.347031009999999746e-04
1.075840280000000052e-02 7.518535710000000217e-04
1.118590780000000041e-02 6.736440699999999811e-04
1.153200960000000039e-02 5.905840659999999622e-04
1.187317170000000074e-02 5.576818369999999919e-04
1.216263509999999937e-02 5.535177770000000459e-04
1.244040670000000001e-02 5.446264399999999626e-04
1.271627839999999940e-02 5.220859889999999916e-04
1.299393079999999930e-02 5.154028769999999477e-04
1.326771919999999994e-02 5.042280540000000123e-04
1.353905629999999950e-02 4.983931430000000488e-04
1.380369440000000017e-02 4.924269740000000294e-04
1.404595099999999923e-02 4.771798849999999803e-04
1.428237840000000022e-02 4.454037120000000054e-04
1.450988089999999918e-02 4.282986920000000247e-04
1.472314350000000077e-02 4.037329049999999783e-04
1.493580639999999952e-02 3.948130470000000181e-04
1.514098139999999967e-02 3.832430520000000259e-04
1.534449769999999928e-02 3.778217939999999986e-04
1.554084659999999986e-02 3.740070679999999846e-04
1.573168109999999870e-02 3.695781049999999780e-04
1.591744460000000042e-02 3.657333440000000110e-04
1.609993170000000029e-02 3.621370709999999931e-04
1.628196239999999892e-02 3.536013539999999862e-04
1.646680569999999996e-02 3.524587960000000100e-04
1.665177569999999954e-02 3.484015180000000177e-04
1.683346000000000148e-02 3.447311169999999966e-04
1.701045970000000102e-02 3.430020010000000164e-04
1.718244329999999917e-02 3.396042159999999735e-04
1.735084879999999885e-02 3.354811919999999871e-04
1.751873459999999869e-02 3.334571080000000047e-04
1.768897659999999969e-02 3.245465920000000122e-04
1.786234969999999853e-02 3.234405009999999836e-04
1.803266629999999981e-02 3.248315480000000133e-04
1.819964680000000015e-02 3.233294699999999860e-04
1.836282570000000169e-02 3.261082169999999754e-04
1.852354219999999968e-02 3.254097539999999968e-04
1.868411899999999903e-02 3.230869769999999887e-04
1.884626970000000123e-02 3.234170439999999838e-04
1.901256479999999943e-02 3.180289929999999743e-04
1.917979120000000079e-02 3.164336380000000231e-04
1.934490349999999984e-02 3.149378459999999775e-04
1.950830779999999931e-02 3.135882730000000003e-04
1.966698650000000062e-02 3.183163940000000177e-04
1.982311159999999850e-02 3.182697400000000093e-04
1.998083289999999859e-02 3.148785329999999739e-04
2.014492450000000129e-02 3.176981700000000184e-04
2.031307109999999985e-02 3.193685260000000080e-04
2.048142999999999839e-02 3.198817430000000083e-04
2.064824659999999965e-02 3.232733289999999930e-04
2.080834839999999922e-02 3.206807599999999983e-04
2.096512539999999952e-02 3.190230639999999999e-04
2.112543769999999932e-02 3.203277880000000204e-04
2.128853279999999917e-02 3.199201309999999778e-04
2.145598829999999929e-02 3.226097909999999977e-04
2.162559699999999988e-02 3.258807409999999838e-04
2.179517040000000100e-02 3.268126169999999750e-04
2.196463939999999948e-02 3.301975079999999859e-04
2.212800830000000163e-02 3.279829109999999833e-04
2.228954619999999956e-02 3.242657109999999912e-04
2.245495470000000160e-02 3.252496829999999839e-04
2.262247540000000140e-02 3.250718290000000131e-04
2.279162779999999860e-02 3.257668290000000056e-04
2.296276759999999958e-02 3.237788620000000141e-04
2.313220690000000052e-02 3.222628440000000144e-04
2.329631709999999828e-02 3.275490889999999738e-04
2.345788290000000095e-02 3.277022919999999996e-04
2.362060919999999994e-02 3.255710470000000058e-04
2.378459089999999942e-02 3.257792560000000062e-04
2.394940519999999920e-02 3.255850170000000208e-04
2.412097339999999882e-02 3.293482299999999805e-04
2.429600809999999875e-02 3.334026549999999887e-04
2.446725959999999922e-02 3.328135349999999763e-04
2.463641949999999942e-02 3.352936760000000261e-04
2.480183539999999964e-02 3.337129019999999797e-04
2.496543899999999899e-02 3.317138180000000114e-04
2.513267289999999987e-02 3.334004429999999912e-04
2.530460619999999952e-02 3.302532129999999864e-04
2.547989410000000080e-02 3.309024609999999984e-04
2.565408500000000008e-02 3.351683839999999837e-04
2.582535890000000126e-02 3.351848570000000261e-04
2.599392459999999919e-02 3.391030189999999739e-04
2.615887490000000024e-02 3.381175630000000020e-04
2.632543440000000012e-02 3.333357739999999762e-04
2.649755960000000146e-02 3.351798800000000181e-04
2.667344550000000022e-02 3.334004719999999838e-04
2.684869800000000070e-02 3.321499679999999886e-04
2.702198180000000075e-02 3.325943540000000161e-04
2.719107080000000148e-02 3.304667480000000098e-04
2.735463720000000029e-02 3.331290500000000051e-04
2.751934340000000007e-02 3.347738530000000218e-04
2.768893730000000081e-02 3.318225209999999870e-04
2.786432579999999909e-02 3.340126419999999959e-04
2.804229589999999994e-02 3.351691120000000021e-04
2.821846680000000135e-02 3.347304010000000125e-04
2.839363370000000039e-02 3.358121900000000026e-04
2.856328519999999996e-02 3.326638830000000187e-04
2.872731159999999950e-02 3.326640580000000242e-04
2.889213900000000071e-02 3.333715719999999949e-04
2.906147200000000139e-02 3.284472329999999851e-04
2.923578019999999861e-02 3.294374620000000212e-04
2.941025610000000054e-02 3.312917830000000120e-04
2.958459589999999986e-02 3.320995890000000110e-04
2.975805850000000016e-02 3.364329750000000143e-04
2.992557919999999996e-02 3.341989940000000001e-04
3.008929639999999989e-02 3.336968079999999949e-04
3.025368969999999921e-02 3.341494590000000111e-04
3.042238950000000081e-02 3.282355030000000135e-04
3.059636799999999879e-02 3.290441530000000011e-04
3.077149759999999942e-02 3.300044050000000150e-04
3.094562699999999986e-02 3.299791720000000103e-04
3.111603110000000019e-02 3.354815999999999831e-04
3.128350900000000101e-02 3.354817749999999886e-04
3.144909440000000223e-02 3.392743820000000232e-04
3.161353620000000031e-02 3.401843709999999754e-04
3.178452329999999909e-02 3.311694890000000248e-04
3.196056559999999741e-02 3.309508319999999765e-04
3.213641049999999694e-02 3.312895710000000144e-04
3.230889890000000070e-02 3.291746829999999844e-04
3.247640649999999907e-02 3.309823810000000056e-04
3.264003990000000077e-02 3.295325439999999967e-04
3.280096870000000220e-02 3.306452420000000254e-04
3.296746689999999896e-02 3.341640400000000241e-04
3.314289449999999887e-02 3.284299459999999969e-04
3.332209590000000110e-02 3.288533480000000093e-04
3.350016849999999657e-02 3.325294240000000140e-04
3.367316349999999875e-02 3.305830469999999910e-04
3.383814539999999843e-02 3.379060069999999857e-04
3.399866819999999845e-02 3.380954149999999760e-04
3.416445109999999979e-02 3.304894779999999871e-04
3.433803839999999968e-02 3.322109410000000269e-04
3.451537710000000120e-02 3.301257969999999743e-04
3.469260040000000239e-02 3.295282950000000071e-04
3.486644480000000018e-02 3.341191329999999740e-04
3.503542020000000035e-02 3.326233419999999785e-04
3.519994390000000251e-02 3.352524949999999954e-04
3.536519040000000308e-02 3.368597239999999884e-04
3.553529460000000306e-02 3.332332999999999931e-04
3.571129590000000215e-02 3.352330240000000062e-04
3.589183089999999771e-02 3.338786770000000230e-04
3.606921429999999928e-02 3.317320080000000235e-04
3.623950480000000252e-02 3.369388869999999847e-04
3.640366350000000251e-02 3.349106989999999754e-04
3.656601529999999739e-02 3.329226170000000097e-04
3.673173490000000013e-02 3.344542640000000089e-04
3.690163049999999750e-02 3.311253970000000249e-04
3.707720340000000142e-02 3.333307980000000184e-04
