-1.148660559999999942e-01 4.219776310000000015e-04
-1.146931870000000020e-01 4.257380210000000199e-04
-1.144967080000000026e-01 4.413688149999999756e-04
-1.142805439999999978e-01 4.517588529999999733e-04
-1.140691340000000026e-01 4.526101980000000135e-04
-1.138510930000000004e-01 4.438055620000000011e-04
-1.136224420000000040e-01 4.470677520000000248e-04
-1.133862439999999971e-01 4.434368170000000027e-04
-1.131491359999999974e-01 4.406441589999999793e-04
-1.129243300000000033e-01 4.534490580000000138e-04
-1.127124060000000011e-01 4.523514650000000185e-04
-1.125017400000000029e-01 4.513921450000000211e-04
-1.123025339999999955e-01 4.441971539999999973e-04
-1.120691449999999950e-01 3.677721830000000160e-04
-1.117655560000000020e-01 3.821012210000000178e-04
-1.114828139999999995e-01 4.562260289999999982e-04
-1.112558619999999970e-01 4.496806070000000047e-04
-1.110419259999999991e-01 4.530855800000000030e-04
-1.108294350000000039e-01 4.534517359999999924e-04
-1.106091440000000065e-01 4.415756850000000138e-04
-1.103756729999999936e-01 4.451630809999999948e-04
-1.101382749999999938e-01 4.485949179999999857e-04
-1.099088790000000010e-01 4.450497800000000146e-04
-1.096881029999999951e-01 4.494909660000000239e-04
-1.094878989999999996e-01 4.388035740000000170e-04
-1.092681439999999976e-01 3.769111060000000205e-04
-1.089802760000000009e-01 3.952441909999999947e-04
-1.086918409999999974e-01 4.505461260000000038e-04
-1.084440500000000002e-01 4.463086370000000263e-04
-1.082080900000000068e-01 4.484891539999999758e-04
-1.079789770000000038e-01 4.451260900000000268e-04
-1.077604890000000010e-01 4.536802299999999821e-04
-1.075478269999999986e-01 4.532253660000000266e-04
-1.073317379999999960e-01 4.461630010000000135e-04
-1.071057170000000031e-01 4.496349429999999979e-04
-1.068725439999999999e-01 4.472562000000000022e-04
-1.066416200000000064e-01 4.450419510000000185e-04
-1.064605940000000056e-01 5.230392560000000522e-04
-1.063085049999999976e-01 5.335026649999999879e-04
-1.060990470000000019e-01 4.659072150000000048e-04
-1.058600769999999969e-01 4.574510390000000016e-04
-1.056292880000000017e-01 4.477975599999999804e-04
-1.053950270000000022e-01 4.484632519999999880e-04
-1.051584259999999993e-01 4.464375380000000135e-04
-1.049274580000000012e-01 4.423417559999999731e-04
-1.047083740000000068e-01 4.506673430000000119e-04
-1.044940949999999952e-01 4.508095740000000236e-04
-1.042747420000000036e-01 4.428290989999999821e-04
-1.040452270000000040e-01 4.460206259999999808e-04
-1.038550059999999997e-01 5.198106519999999954e-04
-1.036978890000000014e-01 5.266965020000000542e-04
-1.034919100000000064e-01 4.649594780000000194e-04
-1.032610759999999933e-01 4.574939379999999980e-04
-1.030419689999999971e-01 4.562163380000000155e-04
-1.028259549999999967e-01 4.539040090000000011e-04
-1.026063710000000018e-01 4.416055450000000156e-04
-1.023703069999999937e-01 4.470095739999999855e-04
-1.021281930000000060e-01 4.519496290000000267e-04
-1.018926349999999953e-01 4.498148050000000224e-04
-1.016615700000000067e-01 4.570819729999999847e-04
-1.014375760000000015e-01 4.554472690000000009e-04
-1.012341310000000050e-01 4.797613070000000097e-04
-1.010204700000000011e-01 4.946573170000000521e-04
-1.007651759999999980e-01 4.659726109999999880e-04
-1.005111780000000066e-01 4.549050649999999800e-04
-1.002768349999999947e-01 4.571876490000000210e-04
-1.000491309999999995e-01 4.539893999999999939e-04
-9.983021770000000128e-02 4.599066450000000223e-04
-9.961574519999999433e-02 4.593444459999999918e-04
-9.939593820000000579e-02 4.487780969999999835e-04
-9.915941949999999838e-02 4.529857540000000100e-04
-9.891546519999999676e-02 4.523481479999999911e-04
-9.867679329999999582e-02 4.509815190000000243e-04
-9.846532339999999883e-02 4.921676010000000439e-04
-9.826648239999999368e-02 4.995082270000000303e-04
-9.803688530000000123e-02 4.689764760000000128e-04
-9.780167039999999867e-02 4.613037159999999965e-04
-9.757226709999999859e-02 4.496941109999999845e-04
-9.733392300000000275e-02 4.508381829999999826e-04
-9.709458049999999951e-02 4.523402019999999747e-04
-9.686036409999999874e-02 4.498142810000000020e-04
-9.663657100000000444e-02 4.600427640000000077e-04
-9.641837329999999873e-02 4.603956770000000045e-04
-9.619608520000000329e-02 4.546253770000000167e-04
-9.596466269999999466e-02 4.580048259999999804e-04
-9.574293350000000202e-02 4.833917190000000075e-04
-9.552166609999999947e-02 4.922944939999999775e-04
-9.527314450000000379e-02 4.718741399999999849e-04
-9.503301979999999316e-02 4.594781790000000243e-04
-9.481026230000000332e-02 4.596948270000000229e-04
-9.458254280000000236e-02 4.627324820000000127e-04
-9.434976429999999969e-02 4.568776930000000057e-04
-9.411074219999999990e-02 4.585550629999999954e-04
-9.387082609999999883e-02 4.617300580000000248e-04
-9.363912050000000598e-02 4.578988299999999759e-04
-9.341796489999999731e-02 4.649965270000000267e-04
-9.319943190000000433e-02 4.659552069999999793e-04
-9.299360959999999898e-02 4.900887140000000346e-04
-9.277956930000000324e-02 5.037194930000000017e-04
-9.252125769999999805e-02 4.670582129999999751e-04
-9.225788710000000503e-02 4.548569849999999776e-04
-9.201853720000000014e-02 4.613612249999999985e-04
-9.179066119999999829e-02 4.588852460000000149e-04
-9.156942369999999942e-02 4.629942699999999977e-04
-9.134775400000000323e-02 4.647359889999999800e-04
-9.111894669999999474e-02 4.577629149999999886e-04
-9.088005870000000208e-02 4.612706539999999957e-04
-9.063636510000000479e-02 4.630374309999999772e-04
-9.039913859999999801e-02 4.598105439999999986e-04
-9.018454700000000379e-02 4.883012730000000062e-04
-8.997996149999999693e-02 4.926216209999999566e-04
-8.974847199999999581e-02 4.601062680000000157e-04
-8.949854969999999910e-02 4.593726769999999975e-04
-8.925292640000000166e-02 4.644581350000000068e-04
-8.901086449999999484e-02 4.641724809999999758e-04
-8.877389880000000066e-02 4.718169220000000127e-04
-8.854589609999999333e-02 4.692237420000000200e-04
-8.832254259999999801e-02 4.697359400000000263e-04
-8.809842910000000027e-02 4.703766029999999730e-04
-8.786521849999999467e-02 4.628831810000000151e-04
-8.762199430000000566e-02 4.662131249999999782e-04
-8.738638460000000552e-02 4.824149360000000203e-04
-8.715772630000000187e-02 4.840171899999999973e-04
-8.691550789999999416e-02 4.656171079999999862e-04
-8.667287980000000502e-02 4.592733459999999782e-04
-8.644612879999999389e-02 4.683696610000000161e-04
-8.621855829999999776e-02 4.721258009999999947e-04
-8.598124240000000473e-02 4.661594580000000200e-04
-8.573759350000000057e-02 4.678494590000000083e-04
-8.549415320000000595e-02 4.729134379999999746e-04
-8.525536949999999725e-02 4.697781699999999854e-04
-8.502411099999999944e-02 4.736123659999999925e-04
-8.479856700000000524e-02 4.737163839999999860e-04
-8.457349990000000151e-02 4.747849019999999870e-04
-8.434690540000000514e-02 4.760801089999999801e-04
-8.410323409999999333e-02 4.514355969999999762e-04
-8.384425939999999577e-02 4.516761979999999984e-04
-8.359947800000000484e-02 4.758066210000000168e-04
-8.337192240000000643e-02 4.742319869999999933e-04
-8.314672110000000116e-02 4.737561980000000038e-04
-8.291616290000000666e-02 4.767841310000000264e-04
-8.267606049999999540e-02 4.693928930000000176e-04
-8.242997529999999962e-02 4.702977310000000066e-04
-8.218514170000000563e-02 4.748614159999999971e-04
-8.194763959999999681e-02 4.721302539999999823e-04
-8.172049369999999369e-02 4.817103040000000262e-04
-8.150221409999999778e-02 4.798784209999999869e-04
-8.127582819999999708e-02 4.614050850000000039e-04
-8.102922889999999989e-02 4.668036129999999996e-04
-8.077413590000000199e-02 4.735643450000000254e-04
-8.052501830000000083e-02 4.724718160000000158e-04
-8.028656989999999327e-02 4.812999690000000050e-04
-8.005487919999999813e-02 4.803791819999999940e-04
-7.982534920000000644e-02 4.814635899999999817e-04
-7.959287610000000124e-02 4.836336010000000067e-04
-7.935068759999999721e-02 4.733061070000000041e-04
-7.909940930000000647e-02 4.751069649999999805e-04
-7.885119320000000265e-02 4.853053250000000053e-04
-7.862386109999999761e-02 4.763311589999999918e-04
-7.840165500000000065e-02 4.599452949999999749e-04
-7.815511519999999990e-02 4.665950839999999768e-04
-7.790385190000000126e-02 4.772042739999999964e-04
-7.765825839999999924e-02 4.797218719999999954e-04
-7.740820199999999540e-02 4.792979159999999740e-04
-7.715957610000000189e-02 4.782869950000000030e-04
-7.691875099999999355e-02 4.883907389999999791e-04
-7.668665049999999483e-02 4.868307150000000154e-04
-7.645548139999999715e-02 4.840434120000000075e-04
-7.621949170000000273e-02 4.859120239999999776e-04
-7.597640899999999475e-02 4.793533299999999989e-04
-7.572811840000000239e-02 4.800959430000000167e-04
-7.547640799999999484e-02 4.765086919999999985e-04
-7.522426549999999823e-02 4.754762629999999919e-04
-7.498201729999999510e-02 4.889811389999999727e-04
-7.474847880000000389e-02 4.886559910000000005e-04
-7.451322670000000425e-02 4.849210089999999923e-04
-7.426892220000000377e-02 4.889806729999999916e-04
-7.401590049999999532e-02 4.858039609999999925e-04
-7.376432419999999490e-02 4.837918390000000256e-04
-7.351567600000000202e-02 4.891805580000000223e-04
-7.327347250000000589e-02 4.872395660000000033e-04
-7.303897289999999876e-02 4.886019159999999920e-04
-7.280702890000000094e-02 4.875470769999999763e-04
-7.256734369999999490e-02 4.715507089999999824e-04
-7.230976969999999837e-02 4.766381749999999912e-04
-7.205135379999999534e-02 4.894184529999999608e-04
-7.180548459999999689e-02 4.864153450000000011e-04
-7.156778869999999571e-02 4.918316259999999662e-04
-7.133278999999999315e-02 4.921418149999999721e-04
-7.109490779999999566e-02 4.881388740000000255e-04
-7.084584979999999921e-02 4.912015279999999793e-04
-7.058946039999999811e-02 4.875173619999999914e-04
-7.033567129999999945e-02 4.868434039999999991e-04
-7.008681449999999702e-02 4.931259320000000359e-04
-6.984870880000000615e-02 4.889692059999999497e-04
-6.961591540000000577e-02 4.862528589999999887e-04
-6.937602160000000406e-02 4.895165329999999915e-04
-6.912849100000000024e-02 4.859273320000000130e-04
-6.887551399999999879e-02 4.878853800000000217e-04
-6.862023470000000458e-02 4.894871960000000142e-04
-6.836965679999999768e-02 4.872531860000000074e-04
-6.812781099999999646e-02 4.955095940000000003e-04
-6.789235030000000115e-02 4.946803090000000125e-04
-6.765508650000000290e-02 4.894050070000000204e-04
-6.740967929999999719e-02 4.923635860000000457e-04
-6.715636699999999459e-02 4.874833389999999817e-04
-6.690231709999999721e-02 4.861597259999999774e-04
-6.665129960000000520e-02 4.875006270000000201e-04
-6.640193610000000302e-02 4.869958790000000065e-04
-6.615585829999999501e-02 4.973014000000000427e-04
-6.591346859999999697e-02 4.987880820000000067e-04
-6.566782300000000017e-02 4.911892470000000458e-04
-6.541486080000000203e-02 4.928883280000000188e-04
-6.515891099999999991e-02 4.925809919999999970e-04
-6.490562860000000101e-02 4.908587430000000080e-04
-6.466045230000000421e-02 4.997397189999999668e-04
-6.442259250000000048e-02 4.984996629999999653e-04
-6.418499349999999548e-02 4.954675099999999999e-04
-6.394284960000000406e-02 4.971224119999999953e-04
-6.368994710000000503e-02 4.835787399999999948e-04
-6.342482570000000652e-02 4.861130440000000267e-04
-6.316345930000000219e-02 4.995118360000000294e-04
-6.291413310000000536e-02 4.947921260000000135e-04
-6.267271939999999320e-02 4.948549900000000310e-04
-6.243440509999999971e-02 4.952730380000000239e-04
-6.219194079999999791e-02 4.895660680000000348e-04
-6.194191050000000254e-02 4.920247589999999799e-04
-6.168700750000000177e-02 4.907740510000000410e-04
-6.143301729999999655e-02 4.897776530000000437e-04
-6.118337060000000188e-02 4.942032390000000459e-04
-6.094347309999999934e-02 4.899750929999999779e-04
-6.071193889999999815e-02 4.920948409999999955e-04
-6.046954169999999712e-02 4.993494950000000338e-04
-6.021168830000000333e-02 4.938612109999999771e-04
-5.995174870000000156e-02 4.931234870000000478e-04
-5.969527360000000116e-02 4.968104190000000421e-04
-5.944557859999999999e-02 4.940910730000000299e-04
-5.920409780000000094e-02 5.001490940000000293e-04
-5.896577609999999886e-02 5.004506669999999853e-04
-5.872444809999999987e-02 4.963129179999999649e-04
-5.847501380000000304e-02 4.996618370000000019e-04
-5.821330100000000202e-02 4.947502169999999644e-04
-5.795340990000000247e-02 4.919131750000000237e-04
-5.770323430000000309e-02 4.939803039999999612e-04
-5.745575199999999882e-02 4.930932189999999958e-04
-5.721136930000000204e-02 4.958492940000000472e-04
-5.696909129999999655e-02 4.955629119999999978e-04
-5.672175809999999846e-02 4.862298079999999930e-04
-5.646635960000000176e-02 4.877597680000000111e-04
-5.621033909999999939e-02 4.909719569999999563e-04
-5.596304309999999838e-02 4.868452669999999817e-04
-5.572517589999999993e-02 4.912377920000000333e-04
-5.548619850000000020e-02 4.912614820000000236e-04
-5.524315309999999757e-02 4.844785729999999792e-04
-5.499766770000000249e-02 4.857203749999999972e-04
-5.474680660000000310e-02 4.802723709999999935e-04
-5.449283120000000119e-02 4.801662870000000154e-04
-5.424437669999999934e-02 4.890039559999999818e-04
-5.400713909999999701e-02 4.854962460000000215e-04
-5.377566439999999920e-02 4.853216809999999731e-04
-5.354224519999999793e-02 4.864206710000000241e-04
-5.330107729999999933e-02 4.766545610000000018e-04
-5.305154620000000071e-02 4.781244790000000020e-04
-5.280288310000000318e-02 4.836261800000000066e-04
-5.256093290000000279e-02 4.816029100000000242e-04
-5.232541260000000277e-02 4.866404049999999972e-04
-5.209213120000000252e-02 4.871257699999999953e-04
-5.185465140000000001e-02 4.815319840000000201e-04
-5.160788820000000027e-02 4.850584370000000055e-04
-5.135516450000000149e-02 4.849644610000000016e-04
-5.110442639999999981e-02 4.837455339999999779e-04
-5.085390809999999762e-02 4.868156680000000213e-04
-5.060882120000000095e-02 4.846625089999999879e-04
-5.037321150000000081e-02 4.884169320000000510e-04
-5.013814569999999748e-02 4.894331799999999868e-04
-4.989798370000000233e-02 4.836684090000000239e-04
-4.965118319999999724e-02 4.856159789999999962e-04
-4.939934239999999727e-02 4.825408400000000026e-04
-4.914903269999999769e-02 4.805111680000000141e-04
-4.890631510000000015e-02 4.876617170000000271e-04
-4.867079480000000014e-02 4.858748869999999966e-04
-4.843667520000000115e-02 4.832597329999999873e-04
-4.819553719999999930e-02 4.843581700000000254e-04
-4.794750739999999872e-02 4.759335130000000086e-04
-4.770024870000000305e-02 4.746202900000000128e-04
-4.745648060000000334e-02 4.767611100000000192e-04
-4.721904920000000172e-02 4.737477570000000137e-04
-4.698865490000000283e-02 4.770434460000000268e-04
-4.675773159999999790e-02 4.785508209999999761e-04
-4.652159659999999947e-02 4.741079759999999822e-04
-4.628079379999999743e-02 4.752943349999999827e-04
-4.603886979999999990e-02 4.767311329999999970e-04
-4.579983280000000240e-02 4.755260600000000182e-04
-4.556351899999999677e-02 4.766885830000000155e-04
-4.533271120000000043e-02 4.738152780000000168e-04
-4.510598999999999859e-02 4.726182960000000171e-04
-4.487410559999999854e-02 4.752732060000000049e-04
-4.463429380000000224e-02 4.695201640000000128e-04
-4.438964279999999679e-02 4.703334709999999860e-04
-4.414632169999999772e-02 4.747839409999999780e-04
-4.391072320000000140e-02 4.717782140000000208e-04
-4.367747159999999657e-02 4.732879459999999846e-04
-4.344371710000000109e-02 4.741123409999999962e-04
-4.321219030000000155e-02 4.741906600000000038e-04
-4.297254610000000169e-02 4.791279789999999730e-04
-4.272174840000000223e-02 4.740776789999999919e-04
-4.247530549999999766e-02 4.696302639999999900e-04
-4.224003850000000032e-02 4.760723100000000267e-04
-4.200853410000000149e-02 4.761045860000000240e-04
-4.177686569999999877e-02 4.759146830000000059e-04
-4.154213150000000271e-02 4.777000869999999881e-04
-4.130266979999999699e-02 4.747051569999999852e-04
-4.105582089999999795e-02 4.759039149999999899e-04
-4.080858829999999687e-02 4.786411010000000033e-04
-4.056850819999999885e-02 4.774935950000000115e-04
-4.033647480000000091e-02 4.876222810000000168e-04
-4.010971640000000199e-02 4.881312199999999807e-04
-3.987719120000000200e-02 4.800033059999999751e-04
-3.963666040000000251e-02 4.818490420000000091e-04
-3.939178210000000152e-02 4.797696019999999869e-04
-3.914635629999999727e-02 4.793459369999999954e-04
-3.890388460000000076e-02 4.830578400000000113e-04
-3.866665440000000009e-02 4.812682750000000132e-04
-3.843270609999999837e-02 4.817440350000000101e-04
-3.819771859999999963e-02 4.825344659999999931e-04
-3.795735539999999658e-02 4.758261489999999951e-04
-3.771297629999999929e-02 4.758005089999999904e-04
-3.746982289999999799e-02 4.777571879999999941e-04
-3.722901270000000123e-02 4.770652159999999912e-04
-3.699031469999999877e-02 4.786459319999999983e-04
-3.675491360000000124e-02 4.772460379999999744e-04
-3.651802989999999860e-02 4.768945510000000259e-04
-3.627796099999999746e-02 4.786703789999999996e-04
-3.603590279999999840e-02 4.742132730000000150e-04
-3.579217569999999793e-02 4.736251719999999966e-04
-3.555191679999999965e-02 4.778376019999999789e-04
-3.531662370000000079e-02 4.763448670000000238e-04
-3.508432949999999717e-02 4.772433310000000033e-04
-3.485111519999999768e-02 4.781212770000000029e-04
-3.461444749999999931e-02 4.747387719999999990e-04
-3.437220309999999834e-02 4.768975780000000195e-04
-3.412492949999999803e-02 4.744331530000000011e-04
-3.387763349999999701e-02 4.713991070000000103e-04
-3.363778810000000313e-02 4.754666299999999943e-04
-3.340511770000000047e-02 4.747725620000000182e-04
-3.317286070000000087e-02 4.735390249999999889e-04
-3.293767940000000283e-02 4.748425560000000059e-04
-3.269797559999999825e-02 4.709675850000000262e-04
-3.245730699999999774e-02 4.701397269999999743e-04
-3.221984580000000070e-02 4.731419320000000185e-04
-3.198542070000000292e-02 4.724104069999999849e-04
-3.175336120000000345e-02 4.742960740000000028e-04
-3.152230749999999915e-02 4.743758180000000086e-04
-3.128892180000000106e-02 4.707367920000000072e-04
-3.104963150000000088e-02 4.729492939999999784e-04
-3.080777079999999848e-02 4.748196810000000117e-04
-3.056816570000000025e-02 4.741471200000000209e-04
-3.033130239999999936e-02 4.768193179999999929e-04
-3.009764109999999923e-02 4.758721620000000169e-04
-2.986566350000000036e-02 4.760352309999999767e-04
-2.963047850000000150e-02 4.780099259999999830e-04
-2.938720770000000093e-02 4.760385200000000075e-04
-2.914291249999999972e-02 4.759512379999999813e-04
-2.890302429999999992e-02 4.770473749999999940e-04
-2.866688740000000041e-02 4.751714299999999975e-04
-2.843473109999999915e-02 4.766552009999999923e-04
-2.820012350000000029e-02 4.786701470000000050e-04
-2.796209789999999987e-02 4.785233179999999887e-04
-2.772109960000000012e-02 4.802694600000000243e-04
-2.747722530000000149e-02 4.802889889999999986e-04
-2.723268610000000034e-02 4.806981310000000163e-04
-2.699167469999999916e-02 4.877939649999999761e-04
-2.675056270000000097e-02 4.881829369999999787e-04
-2.650789729999999955e-02 4.866159000000000109e-04
-2.626365979999999850e-02 4.892049470000000384e-04
-2.601587030000000050e-02 4.904997769999999658e-04
-2.576659430000000084e-02 4.918574120000000381e-04
-2.551563269999999883e-02 4.928280249999999595e-04
-2.526769790000000029e-02 4.913699229999999619e-04
-2.502416069999999909e-02 4.946060940000000317e-04
-2.478280100000000014e-02 4.944750690000000205e-04
-2.453903299999999829e-02 4.901320210000000271e-04
-2.429120059999999998e-02 4.909911079999999773e-04
-2.404187619999999942e-02 4.909009439999999745e-04
-2.379205640000000080e-02 4.911644500000000337e-04
-2.354461700000000032e-02 4.958317150000000331e-04
-2.330042419999999934e-02 4.955800250000000308e-04
-2.305744399999999986e-02 4.968902210000000329e-04
-2.281134019999999860e-02 4.992309840000000009e-04
-2.255964280000000155e-02 4.964609400000000389e-04
-2.230551650000000066e-02 4.969102450000000351e-04
-2.204835969999999895e-02 4.993689939999999654e-04
-2.179297430000000022e-02 4.992078169999999808e-04
-2.154474329999999868e-02 5.044342249999999705e-04
-2.129784599999999875e-02 5.054995999999999535e-04
-2.104900029999999880e-02 5.051824849999999754e-04
-2.079598049999999837e-02 5.075946680000000336e-04
-2.053849770000000172e-02 5.067960010000000003e-04
-2.027959000000000012e-02 5.073715000000000126e-04
-2.002277779999999882e-02 5.125117599999999985e-04
-1.976909300000000147e-02 5.124633319999999772e-04
-1.951664310000000152e-02 5.144110180000000280e-04
-1.925784540000000100e-02 5.165846669999999904e-04
-1.899546759999999959e-02 5.166162740000000047e-04
-1.873412539999999918e-02 5.183413739999999858e-04
-1.847097840000000088e-02 5.201292220000000143e-04
-1.820732279999999828e-02 5.210798700000000231e-04
-1.794659159999999892e-02 5.285478550000000325e-04
-1.768680480000000069e-02 5.306833770000000125e-04
-1.742470819999999976e-02 5.327743130000000150e-04
-1.715818049999999831e-02 5.361787629999999888e-04
-1.688724570000000105e-02 5.383118989999999618e-04
-1.661601849999999950e-02 5.392576569999999944e-04
-1.634458639999999963e-02 5.415366029999999897e-04
-1.607371679999999858e-02 5.420247329999999981e-04
-1.580468939999999864e-02 5.464214480000000040e-04
-1.553629530000000085e-02 5.476328079999999605e-04
-1.526402869999999960e-02 5.445846469999999920e-04
-1.498918420000000008e-02 5.450242320000000130e-04
-1.471360679999999914e-02 5.450299359999999892e-04
-1.444137000000000025e-02 5.430358000000000364e-04
-1.417269279999999916e-02 5.434041960000000199e-04
-1.390605609999999957e-02 5.423183320000000496e-04
-1.363452239999999975e-02 5.379358189999999991e-04
-1.336267219999999999e-02 5.365312680000000438e-04
-1.309482470000000037e-02 5.324930529999999905e-04
-1.282615309999999946e-02 5.315434540000000185e-04
-1.255839880000000040e-02 5.304414079999999814e-04
-1.229616910000000049e-02 5.267042430000000225e-04
-1.203755100000000050e-02 5.223723710000000410e-04
-1.177933530000000069e-02 5.205756750000000224e-04
-1.152053660000000070e-02 5.145819739999999689e-04
-1.126066409999999969e-02 5.130828360000000117e-04
-1.100198649999999979e-02 5.109179179999999649e-04
-1.074180190000000035e-02 5.087299509999999685e-04
-1.048514149999999964e-02 5.085638260000000226e-04
-1.023620830000000065e-02 5.061869739999999519e-04
-9.988599460000000679e-03 5.018017249999999919e-04
-9.739912119999999396e-03 5.008615549999999653e-04
-9.489053860000000798e-03 4.946711709999999885e-04
-9.240360930000000167e-03 4.911398859999999578e-04
-8.993786760000000574e-03 4.848746760000000023e-04
-8.752127179999999451e-03 4.796737630000000004e-04
-8.515802209999999428e-03 4.741029989999999742e-04
-8.283682170000000733e-03 4.695760139999999761e-04
-8.053557949999999924e-03 4.603508859999999787e-04
-7.824841889999999828e-03 4.561754470000000186e-04
-7.597427819999999672e-03 4.467776450000000062e-04
-7.373598399999999574e-03 4.412390699999999997e-04
-7.155318739999999567e-03 4.350908859999999935e-04
-6.941567640000000095e-03 4.301624430000000111e-04
-6.730170920000000390e-03 4.204193829999999885e-04
-6.523220330000000129e-03 4.142408140000000184e-04
-6.316287910000000123e-03 4.021581259999999921e-04
-6.111244669999999976e-03 3.966402440000000250e-04
-5.913097410000000068e-03 3.876750710000000186e-04
-5.719597919999999669e-03 3.816492679999999773e-04
-5.531623959999999902e-03 3.741639379999999945e-04
-5.347957829999999690e-03 3.688743450000000232e-04
-5.167821419999999583e-03 3.600755589999999999e-04
-4.989854989999999678e-03 3.556084700000000068e-04
-4.814533519999999837e-03 3.476122509999999915e-04
-4.641656299999999749e-03 3.432673110000000229e-04
-4.471232650000000336e-03 3.352887000000000142e-04
-4.301874429999999819e-03 3.302901460000000236e-04
-4.137014500000000226e-03 3.239912330000000265e-04
-3.978163469999999695e-03 3.196258040000000164e-04
-3.821655409999999854e-03 3.114212009999999952e-04
-3.667034909999999839e-03 3.073275730000000214e-04
-3.514410229999999878e-03 2.993013769999999839e-04
-3.364919450000000006e-03 2.945275630000000213e-04
-3.219122070000000196e-03 2.874259949999999884e-04
-3.076243680000000091e-03 2.831146699999999793e-04
-2.937065669999999913e-03 2.773041199999999812e-04
-2.800385700000000092e-03 2.737111060000000057e-04
-2.665384670000000168e-03 2.665462090000000244e-04
-2.532214620000000204e-03 2.628623620000000087e-04
-2.401729349999999919e-03 2.571093789999999977e-04
-2.273999850000000145e-03 2.533832159999999871e-04
-2.149065490000000127e-03 2.476954540000000080e-04
-2.026396110000000181e-03 2.442861729999999849e-04
-1.906246880000000065e-03 2.390204170000000128e-04
-1.787813610000000024e-03 2.360916410000000001e-04
-1.669162299999999962e-03 2.304858790000000111e-04
-1.552568050000000064e-03 2.272133569999999910e-04
-1.440475810000000105e-03 2.227014189999999871e-04
-1.330586969999999949e-03 2.197509750000000090e-04
-1.222438639999999998e-03 2.144580069999999980e-04
-1.116183819999999952e-03 2.114149250000000094e-04
-1.012097580000000064e-03 2.065858720000000003e-04
-9.101114699999999797e-04 2.035841900000000075e-04
-8.097300310000000263e-04 1.979193039999999917e-04
-7.115380719999999867e-04 1.945639090000000004e-04
-6.157699969999999795e-04 1.892944420000000031e-04
-5.209475060000000497e-04 1.859956830000000056e-04
-4.283156889999999791e-04 1.805435019999999957e-04
-3.394733650000000260e-04 1.771564130000000126e-04
-2.525513120000000018e-04 1.709602799999999955e-04
-1.675576790000000060e-04 1.675872480000000051e-04
-8.495771909999999831e-05 1.621414559999999989e-04
-9.867243019999999988e-08 1.615481310000000108e-04
8.195827100000000506e-05 1.644706640000000056e-04
1.666886959999999977e-04 1.671500800000000027e-04
2.517579410000000029e-04 1.739515279999999929e-04
3.390270870000000234e-04 1.777246650000000071e-04
4.289371429999999739e-04 1.837969609999999955e-04
5.208591459999999942e-04 1.871942079999999926e-04
6.154116709999999822e-04 1.922437800000000095e-04
7.119575170000000354e-04 1.952602620000000076e-04
8.106197930000000286e-04 2.001064710000000134e-04
9.110746909999999478e-04 2.029294850000000082e-04
1.013345550000000102e-03 2.077373360000000059e-04
1.117709439999999910e-03 2.107260810000000030e-04
1.225663350000000002e-03 2.157755519999999898e-04
1.335702249999999895e-03 2.188653599999999973e-04
1.446183310000000036e-03 2.240179889999999987e-04
1.558843419999999917e-03 2.271835689999999997e-04
1.673695279999999966e-03 2.323146619999999962e-04
1.790394309999999902e-03 2.352717709999999865e-04
1.908778099999999898e-03 2.406769490000000003e-04
2.029349100000000204e-03 2.439379900000000073e-04
2.152529549999999785e-03 2.486305599999999948e-04
2.280821089999999791e-03 2.522338470000000128e-04
2.410734769999999839e-03 2.594774120000000166e-04
2.540597459999999804e-03 2.631942919999999864e-04
2.673020820000000103e-03 2.692434350000000071e-04
2.807426029999999899e-03 2.726142700000000214e-04
2.944027540000000113e-03 2.783084639999999950e-04
3.084221390000000014e-03 2.825135020000000240e-04
3.227690929999999826e-03 2.887314770000000159e-04
3.374895310000000214e-03 2.932111380000000265e-04
3.524226369999999917e-03 3.020881560000000256e-04
3.675056620000000020e-03 3.061926689999999816e-04
3.829082470000000002e-03 3.122648340000000054e-04
3.986751660000000148e-03 3.166369859999999857e-04
4.146643910000000037e-03 3.250574230000000055e-04
4.309641200000000408e-03 3.299566159999999882e-04
4.476898820000000181e-03 3.364662120000000206e-04
4.646664019999999923e-03 3.403176089999999801e-04
4.818170800000000364e-03 3.480933959999999924e-04
4.992219620000000121e-03 3.524232890000000211e-04
5.171298520000000044e-03 3.606312679999999966e-04
5.355082449999999661e-03 3.664437100000000240e-04
5.541066170000000062e-03 3.744075660000000102e-04
5.731345619999999794e-03 3.798613319999999752e-04
5.925902630000000337e-03 3.878545829999999780e-04
6.123917639999999600e-03 3.928121000000000130e-04
6.321897729999999618e-03 4.066979749999999794e-04
6.522139070000000302e-03 4.130445599999999829e-04
6.728470789999999729e-03 4.204700529999999960e-04
6.941016300000000042e-03 4.268910559999999823e-04
7.158669179999999597e-03 4.361822499999999962e-04
7.382886019999999883e-03 4.414401770000000265e-04
7.609604390000000024e-03 4.517855700000000113e-04
7.833143699999999682e-03 4.556043710000000054e-04
8.059495130000000201e-03 4.615192009999999801e-04
8.290220049999999855e-03 4.662706920000000196e-04
8.526184600000000224e-03 4.707523910000000183e-04
8.767176419999999845e-03 4.753769610000000193e-04
9.008945900000000714e-03 4.868862450000000105e-04
9.249880909999999221e-03 4.905469250000000061e-04
9.492769839999999973e-03 4.974421460000000251e-04
9.736411270000000159e-03 5.003837289999999837e-04
9.983781730000000285e-03 5.023559790000000020e-04
1.023547999999999993e-02 5.056554219999999768e-04
1.049188619999999982e-02 5.069983310000000191e-04
1.074942289999999967e-02 5.081591659999999851e-04
1.100544349999999991e-02 5.138783600000000271e-04
1.125949159999999928e-02 5.147666669999999885e-04
1.151731050000000083e-02 5.174837419999999679e-04
1.177816469999999963e-02 5.202884789999999730e-04
1.203838179999999931e-02 5.226298819999999857e-04
1.230280660000000054e-02 5.260144830000000171e-04
1.256937070000000052e-02 5.318444460000000193e-04
1.283508260000000047e-02 5.334194870000000428e-04
1.310015840000000077e-02 5.388872810000000079e-04
1.336500699999999993e-02 5.407108110000000308e-04
1.363284510000000067e-02 5.407538849999999784e-04
1.390423439999999983e-02 5.429178709999999547e-04
1.417910959999999984e-02 5.430725869999999521e-04
1.445985030000000032e-02 5.441688120000000468e-04
1.473939699999999957e-02 5.492212950000000329e-04
1.501055339999999953e-02 5.484807190000000072e-04
1.527954360000000067e-02 5.500136180000000452e-04
1.554801320000000035e-02 5.502563439999999789e-04
1.582033559999999894e-02 5.445544380000000295e-04
1.609618780000000166e-02 5.446015859999999613e-04
1.637227830000000106e-02 5.443368570000000186e-04
1.664466969999999976e-02 5.420311350000000042e-04
1.691263360000000091e-02 5.429731679999999592e-04
1.717745140000000170e-02 5.414330520000000275e-04
1.744292119999999932e-02 5.360937789999999960e-04
1.770822149999999942e-02 5.340619830000000378e-04
1.797481069999999972e-02 5.263072669999999641e-04
1.824336500000000097e-02 5.246790240000000216e-04
1.850895769999999843e-02 5.250742540000000094e-04
1.876890469999999839e-02 5.218434959999999944e-04
1.902464959999999872e-02 5.198520379999999660e-04
1.928030509999999892e-02 5.190781669999999489e-04
1.954066750000000088e-02 5.155926919999999922e-04
1.980414990000000167e-02 5.162112649999999522e-04
2.006603779999999865e-02 5.140441349999999620e-04
2.032648030000000147e-02 5.123940059999999765e-04
2.058284360000000104e-02 5.146746990000000384e-04
2.083536979999999969e-02 5.131705550000000265e-04
2.108643389999999979e-02 5.114419040000000314e-04
2.133847590000000072e-02 5.114144879999999675e-04
2.159345340000000044e-02 5.063890710000000343e-04
2.185343760000000093e-02 5.053005300000000272e-04
2.211307549999999914e-02 5.029252499999999635e-04
2.236628350000000043e-02 5.005030540000000167e-04
2.261414009999999919e-02 5.026499860000000494e-04
2.285880599999999888e-02 5.015189530000000459e-04
2.310376800000000022e-02 4.978987270000000045e-04
2.335244040000000049e-02 4.988064170000000358e-04
2.360517900000000044e-02 4.945914259999999868e-04
2.385815050000000132e-02 4.932066080000000038e-04
2.410729790000000136e-02 4.956967899999999930e-04
2.435395679999999979e-02 4.951094740000000364e-04
2.459758520000000087e-02 4.984956469999999662e-04
2.483967509999999990e-02 4.987993739999999889e-04
2.508562619999999896e-02 4.932510200000000261e-04
2.533750419999999948e-02 4.947863049999999627e-04
2.559046629999999975e-02 4.972382449999999954e-04
2.584018189999999840e-02 4.961834639999999647e-04
2.608646079999999909e-02 4.989480369999999953e-04
2.632912249999999968e-02 4.977858039999999776e-04
2.657564730000000139e-02 4.943692470000000255e-04
2.682416329999999863e-02 4.943152889999999832e-04
2.707126920000000117e-02 4.902511140000000113e-04
2.732017260000000128e-02 4.898812040000000059e-04
2.756650559999999917e-02 4.931877480000000126e-04
2.780504149999999883e-02 4.896572209999999889e-04
2.804115230000000028e-02 4.839015889999999918e-04
2.827909589999999876e-02 4.829477109999999874e-04
2.851755539999999839e-02 4.794219569999999737e-04
2.875921130000000034e-02 4.800922759999999784e-04
2.900282289999999916e-02 4.786611530000000020e-04
2.924985999999999906e-02 4.780235759999999757e-04
2.949364670000000077e-02 4.817021840000000003e-04
2.972946129999999923e-02 4.804213820000000188e-04
2.996395710000000073e-02 4.790592359999999738e-04
3.020316920000000113e-02 4.813857669999999978e-04
3.044899549999999927e-02 4.768887009999999826e-04
3.069536570000000117e-02 4.755891570000000262e-04
3.093731029999999965e-02 4.793110999999999856e-04
3.117499129999999966e-02 4.781080060000000138e-04
3.140923379999999848e-02 4.804620109999999784e-04
3.164304049999999702e-02 4.810507529999999833e-04
3.187987579999999876e-02 4.776702839999999754e-04
3.212011979999999933e-02 4.784857740000000078e-04
3.236296400000000101e-02 4.764387559999999958e-04
3.260613610000000218e-02 4.758930300000000077e-04
3.284554929999999873e-02 4.805953360000000149e-04
3.308371449999999991e-02 4.815467399999999844e-04
3.333468740000000013e-02 4.687584300000000167e-04
3.359064459999999697e-02 4.671844359999999838e-04
3.383463989999999783e-02 4.768357899999999851e-04
3.407627340000000254e-02 4.788664229999999825e-04
3.432039170000000111e-02 4.803346819999999981e-04
3.456180169999999857e-02 4.792221589999999748e-04
3.479897979999999752e-02 4.832588889999999988e-04
3.503395990000000154e-02 4.833747229999999949e-04
3.527101500000000278e-02 4.801895700000000057e-04
3.551271560000000133e-02 4.818558810000000037e-04
3.575809669999999857e-02 4.802897460000000096e-04
3.600768000000000024e-02 4.800587779999999851e-04
3.625648100000000013e-02 4.807939400000000143e-04
3.649749609999999866e-02 4.785658970000000170e-04
3.673280780000000301e-02 4.818312300000000045e-04
3.696872670000000277e-02 4.833721030000000013e-04
3.720977899999999838e-02 4.791398240000000223e-04
3.745552149999999830e-02 4.804116030000000082e-04
3.770210219999999696e-02 4.825373179999999811e-04
3.794767339999999961e-02 4.826989020000000200e-04
3.818894180000000083e-02 4.902560029999999914e-04
3.842587019999999659e-02 4.903953520000000265e-04
3.866416959999999930e-02 4.885190869999999535e-04
3.890679400000000149e-02 4.904260279999999661e-04
3.915056959999999725e-02 4.938025960000000034e-04
3.939050060000000297e-02 4.927277329999999855e-04
3.963074829999999743e-02 4.892360299999999780e-04
3.987103329999999723e-02 4.879975459999999834e-04
4.010903460000000281e-02 4.883505750000000046e-04
4.034738990000000247e-02 4.886917299999999839e-04
4.059285299999999819e-02 4.839233010000000253e-04
4.084251080000000228e-02 4.847314269999999925e-04
4.109124089999999924e-02 4.823548370000000133e-04
4.133772849999999693e-02 4.801452450000000152e-04
4.157727580000000062e-02 4.856913289999999954e-04
4.181117940000000227e-02 4.842664640000000041e-04
4.204316810000000015e-02 4.835245200000000236e-04
4.227682199999999862e-02 4.842664350000000116e-04
4.251684619999999970e-02 4.755880510000000004e-04
4.276661570000000329e-02 4.761683810000000077e-04
4.301416870000000087e-02 4.815299469999999738e-04
4.325094449999999924e-02 4.791618269999999772e-04
4.348281770000000240e-02 4.807176879999999872e-04
4.371618850000000278e-02 4.821746259999999738e-04
4.395554210000000156e-02 4.763077599999999772e-04
4.420040919999999873e-02 4.774810799999999831e-04
4.444573820000000119e-02 4.799617749999999876e-04
4.468768840000000159e-02 4.788383959999999748e-04
4.492861410000000000e-02 4.774244150000000238e-04
4.516256970000000204e-02 4.727492050000000039e-04
4.538664220000000055e-02 4.761622689999999813e-04
4.561709240000000332e-02 4.812091940000000042e-04
4.585934430000000034e-02 4.756569400000000124e-04
4.610528419999999905e-02 4.758517899999999958e-04
4.634932800000000214e-02 4.795219569999999761e-04
4.658932610000000168e-02 4.784325719999999805e-04
4.682522640000000291e-02 4.822043989999999980e-04
4.705778139999999832e-02 4.815706049999999802e-04
4.729693380000000308e-02 4.748336510000000267e-04
4.754410679999999945e-02 4.772328540000000171e-04
4.779557140000000037e-02 4.706041360000000080e-04
4.804691299999999665e-02 4.681517019999999977e-04
4.828368499999999980e-02 4.858922330000000202e-04
4.851429909999999818e-02 4.885278759999999625e-04
4.874941330000000239e-02 4.882870710000000508e-04
4.898753019999999708e-02 4.900172349999999634e-04
4.923142870000000310e-02 4.850916740000000118e-04
4.948318379999999683e-02 4.880803750000000220e-04
4.973648120000000172e-02 4.938163909999999587e-04
4.998855669999999890e-02 4.928775020000000177e-04
5.023418369999999716e-02 5.009866439999999515e-04
5.047038570000000196e-02 5.005123090000000068e-04
5.072033410000000020e-02 4.764750189999999996e-04
5.098038540000000146e-02 4.738253769999999955e-04
5.122854190000000058e-02 4.861576889999999853e-04
5.147565529999999917e-02 4.899882479999999969e-04
5.172551050000000206e-02 4.960451039999999893e-04
5.196727069999999837e-02 4.933947349999999628e-04
5.220457540000000146e-02 4.934292519999999502e-04
5.244152619999999793e-02 4.932322770000000011e-04
5.268385259999999737e-02 4.838065650000000014e-04
5.293376739999999803e-02 4.849362010000000034e-04
5.318557100000000093e-02 4.849362010000000034e-04
5.343542989999999770e-02 4.837726010000000269e-04
5.368490890000000154e-02 4.811806720000000228e-04
5.393357950000000206e-02 4.797604920000000136e-04
5.417257169999999816e-02 4.918299379999999891e-04
5.440856520000000168e-02 4.943991659999999542e-04
5.465821919999999667e-02 4.849373650000000143e-04
5.491421369999999885e-02 4.853506979999999823e-04
5.516522380000000308e-02 4.886474340000000402e-04
5.541341749999999927e-02 4.881258940000000120e-04
5.565524100000000113e-02 4.974249170000000220e-04
5.589265379999999728e-02 4.980909870000000371e-04
5.613378439999999747e-02 4.936725019999999584e-04
5.638241399999999875e-02 4.966247359999999668e-04
5.664157119999999740e-02 4.870966370000000159e-04
5.691312999999999928e-02 4.888726980000000343e-04
5.717647449999999770e-02 5.076203960000000119e-04
5.741920319999999772e-02 5.042384150000000283e-04
5.765750630000000126e-02 5.021932879999999955e-04
5.789992959999999689e-02 5.039165260000000443e-04
5.814931909999999926e-02 4.971632730000000036e-04
5.840630460000000024e-02 4.992588660000000459e-04
5.866642300000000226e-02 4.998708610000000526e-04
5.892574789999999868e-02 4.996191129999999567e-04
5.917875840000000331e-02 5.093672079999999724e-04
5.942310020000000220e-02 5.077084640000000416e-04
5.966660750000000318e-02 5.044968570000000476e-04
5.991863830000000030e-02 5.084307630000000234e-04
6.017765399999999709e-02 5.077631210000000013e-04
6.043427810000000233e-02 5.060919789999999540e-04
6.068934129999999788e-02 5.040525579999999978e-04
6.094026939999999670e-02 5.008453740000000029e-04
6.118316580000000143e-02 5.052541380000000019e-04
6.142451990000000195e-02 5.059246909999999932e-04
6.167650219999999683e-02 4.963772370000000232e-04
6.193710119999999708e-02 4.981231180000000175e-04
6.219739469999999854e-02 4.971285819999999526e-04
6.245459619999999684e-02 4.949014400000000414e-04
6.270387769999999361e-02 5.020587119999999704e-04
6.294624510000000617e-02 5.004478729999999823e-04
6.318502130000000494e-02 5.020219249999999462e-04
6.342815609999999382e-02 5.052218910000000514e-04
6.368070100000000622e-02 4.982681130000000437e-04
6.394010780000000671e-02 4.999231899999999904e-04
6.420034920000000644e-02 5.031279869999999823e-04
6.445706639999999876e-02 4.998692309999999521e-04
6.470583380000000107e-02 5.040993560000000271e-04
6.494796279999999478e-02 5.039225220000000463e-04
6.519300490000000392e-02 4.986101410000000041e-04
6.544543060000000689e-02 5.010989260000000460e-04
6.570474799999999338e-02 4.965768890000000092e-04
6.597086039999999763e-02 4.990039740000000446e-04
6.623148919999999329e-02 5.147934430000000077e-04
6.647180020000000022e-02 5.083575959999999750e-04
6.670639659999999527e-02 4.999985689999999821e-04
6.695049259999999447e-02 5.026544680000000296e-04
6.720197949999999476e-02 4.977852220000000263e-04
6.745800379999999929e-02 4.987407590000000153e-04
6.771476569999999862e-02 5.001777319999999808e-04
6.796897949999999855e-02 4.991750469999999516e-04
6.821686770000000288e-02 5.068472240000000207e-04
6.845566629999999542e-02 5.041823020000000318e-04
6.869862229999999792e-02 4.961428350000000051e-04
6.895489250000000347e-02 5.012402539999999797e-04
6.921283899999999822e-02 5.063263229999999870e-04
6.946295500000000678e-02 5.034092460000000107e-04
6.971070170000000232e-02 4.992628239999999515e-04
6.995563209999999810e-02 4.960754890000000075e-04
7.019422949999999661e-02 4.978805080000000540e-04
7.043353469999999450e-02 4.989578740000000451e-04
7.068200410000000100e-02 4.865089719999999901e-04
7.094129920000000200e-02 4.885956880000000497e-04
7.120092960000000415e-02 4.938481720000000366e-04
7.145714760000000665e-02 4.914102030000000150e-04
7.170363520000000435e-02 5.008759329999999763e-04
7.194685939999999336e-02 5.045622820000000234e-04
7.219393550000000048e-02 5.083879220000000121e-04
7.243372500000000436e-02 5.054129869999999646e-04
7.267857340000000166e-02 4.888138500000000159e-04
7.293383779999999816e-02 4.890392299999999802e-04
7.318480310000000100e-02 4.967612909999999989e-04
7.342629130000000170e-02 4.938835050000000160e-04
7.366220649999999370e-02 4.951306039999999560e-04
7.390159370000000394e-02 4.976540219999999555e-04
7.414948940000000432e-02 4.905554819999999663e-04
7.440306250000000565e-02 4.913820300000000486e-04
7.465928049999999427e-02 4.893100120000000225e-04
7.491758469999999781e-02 4.898113550000000350e-04
7.516244049999999677e-02 5.134265519999999493e-04
7.538676260000000406e-02 5.096847309999999465e-04
7.561700790000000505e-02 4.895286979999999549e-04
7.586266099999999790e-02 4.914536839999999627e-04
7.611669599999999758e-02 4.890155979999999750e-04
7.637322689999999359e-02 4.896711910000000039e-04
7.662481810000000559e-02 4.935415350000000407e-04
7.686701420000000007e-02 4.892466240000000388e-04
7.710347319999999449e-02 4.869443949999999991e-04
7.734300939999999569e-02 4.879797049999999863e-04
7.758583870000000660e-02 4.853211290000000104e-04
7.785054299999999428e-02 4.976037310000000057e-04
7.813598219999999539e-02 4.968696159999999671e-04
7.840292159999999455e-02 4.832058329999999844e-04
7.864494619999999603e-02 4.870559500000000170e-04
7.888016100000000419e-02 4.865622030000000100e-04
7.911349089999999973e-02 4.883176880000000093e-04
7.935031500000000459e-02 4.910429119999999530e-04
7.959657909999999503e-02 4.829851100000000057e-04
7.984778289999999723e-02 4.830301910000000111e-04
8.009812980000000082e-02 4.845841899999999802e-04
8.034181590000000206e-02 4.811689429999999978e-04
8.057626340000000054e-02 4.869955299999999916e-04
8.081305769999999611e-02 4.905016390000000066e-04
8.105894180000000615e-02 4.851719419999999837e-04
8.130305259999999479e-02 4.821845799999999898e-04
8.154577020000000620e-02 4.762141029999999997e-04
8.179323380000000365e-02 4.768901850000000159e-04
8.203551920000000386e-02 4.873135479999999935e-04
8.226713539999999658e-02 4.847034289999999773e-04
8.249615879999999679e-02 4.817795999999999841e-04
8.272963760000000277e-02 4.833870039999999826e-04
8.297501499999999919e-02 4.740350409999999825e-04
8.322807399999999911e-02 4.753085379999999883e-04
8.347661050000000638e-02 4.803691699999999929e-04
8.372150359999999680e-02 4.799810119999999903e-04
8.396341649999999879e-02 4.839217870000000034e-04
8.419367669999999748e-02 4.782848119999999980e-04
8.441933240000000505e-02 4.703366140000000040e-04
8.465620129999999743e-02 4.742700549999999946e-04
8.490105720000000467e-02 4.717603439999999769e-04
8.514702320000000491e-02 4.715336539999999887e-04
8.538730440000000255e-02 4.805017960000000036e-04
8.562120049999999427e-02 4.777043069999999851e-04
8.585320409999999680e-02 4.730388749999999798e-04
8.608701080000000228e-02 4.746129849999999829e-04
8.632573490000000627e-02 4.708450290000000017e-04
8.657170090000000651e-02 4.738109130000000028e-04
8.682566140000000376e-02 4.688015909999999962e-04
8.707242460000000350e-02 4.626937149999999855e-04
8.730008449999999975e-02 4.773973199999999783e-04
8.752010759999999390e-02 4.781524770000000171e-04
8.774613589999999408e-02 4.703210429999999894e-04
8.798099310000000173e-02 4.727689079999999877e-04
8.822482819999999393e-02 4.646938469999999945e-04
8.847421410000000375e-02 4.650911720000000136e-04
8.871856329999999735e-02 4.745149929999999800e-04
8.895001560000000140e-02 4.702128639999999800e-04
8.917129040000000562e-02 4.751492820000000256e-04
8.939402550000000169e-02 4.778114090000000155e-04
8.963305500000000314e-02 4.639819089999999745e-04
8.988150949999999806e-02 4.646728339999999869e-04
9.012658149999999702e-02 4.662859430000000117e-04
9.036562589999999617e-02 4.632186320000000182e-04
9.059477600000000186e-02 4.713665399999999832e-04
9.081804009999999705e-02 4.707291960000000016e-04
9.104214609999999874e-02 4.675225349999999769e-04
9.127311409999999681e-02 4.705203460000000146e-04
9.151528030000000147e-02 4.599919189999999948e-04
9.176170829999999445e-02 4.588000880000000126e-04
9.200046959999999552e-02 4.684221059999999783e-04
9.223309899999999895e-02 4.660502600000000165e-04
9.246370199999999484e-02 4.628223539999999896e-04
9.268866480000000074e-02 4.603994310000000204e-04
9.291057290000000191e-02 4.587437139999999748e-04
9.314398470000000152e-02 4.650207990000000224e-04
9.338821469999999958e-02 4.644950969999999822e-04
9.362795200000000040e-02 4.616159130000000018e-04
9.385723619999999934e-02 4.709284689999999841e-04
9.407789260000000431e-02 4.691407670000000227e-04
9.430087360000000141e-02 4.603539130000000265e-04
9.453292189999999706e-02 4.625944420000000054e-04
9.476940329999999912e-02 4.614586939999999770e-04
9.500823919999999700e-02 4.624551800000000022e-04
9.525194019999999595e-02 4.571696040000000258e-04
9.548940509999999382e-02 4.515305049999999965e-04
9.571050849999999943e-02 4.629707250000000243e-04
9.592931720000000273e-02 4.657299429999999852e-04
9.615205970000000046e-02 4.668464830000000035e-04
9.637821470000000612e-02 4.692846560000000231e-04
9.661746770000000095e-02 4.600669780000000183e-04
9.686177969999999748e-02 4.598077210000000030e-04
9.710030999999999524e-02 4.628832390000000001e-04
9.733162820000000603e-02 4.596186920000000162e-04
9.755282099999999790e-02 4.675786770000000202e-04
9.776953609999999850e-02 4.677176479999999937e-04
9.799887240000000610e-02 4.468056139999999747e-04
9.823632240000000626e-02 4.442197969999999970e-04
9.846603869999999425e-02 4.500693760000000054e-04
9.870255740000000166e-02 4.541732490000000249e-04
9.893860670000000079e-02 4.663396390000000167e-04
9.915723649999999556e-02 4.623627460000000167e-04
9.937282649999999717e-02 4.563922990000000152e-04
9.959802030000000639e-02 4.599732639999999976e-04
9.983311590000000513e-02 4.535020559999999889e-04
1.000755349999999932e-01 4.555380440000000018e-04
1.003152280000000063e-01 4.656833190000000196e-04
1.005424709999999944e-01 4.619157409999999917e-04
1.007749889999999954e-01 4.427820390000000239e-04
1.010111939999999986e-01 4.380701869999999967e-04
1.012287290000000034e-01 4.559088269999999883e-04
1.014505329999999955e-01 4.649102629999999985e-04
1.016900389999999960e-01 4.605434079999999944e-04
1.019260879999999980e-01 4.568946309999999790e-04
1.021544189999999963e-01 4.595559149999999763e-04
1.023758429999999942e-01 4.563909320000000022e-04
1.025925649999999967e-01 4.553971809999999990e-04
1.028157620000000050e-01 4.589026790000000160e-04
1.030527499999999985e-01 4.513885360000000221e-04
1.032948489999999941e-01 4.517922349999999965e-04
1.035436089999999948e-01 4.358407460000000020e-04
1.037876009999999932e-01 4.272404190000000154e-04
1.039937880000000037e-01 4.670383639999999784e-04
1.041870710000000061e-01 4.735028490000000169e-04
1.044017599999999962e-01 4.554296609999999943e-04
1.046303880000000047e-01 4.573845070000000040e-04
1.048658040000000069e-01 4.513821910000000051e-04
1.051034549999999984e-01 4.505806429999999912e-04
1.053349749999999974e-01 4.586835569999999826e-04
1.055633950000000043e-01 4.576327920000000053e-04
1.057869570000000009e-01 4.627369929999999854e-04
1.060052290000000064e-01 4.634997169999999830e-04
1.062395420000000062e-01 4.390901590000000142e-04
1.064801739999999969e-01 4.340446899999999739e-04
1.066976119999999972e-01 4.584389680000000122e-04
1.069054900000000058e-01 4.615393989999999917e-04
1.071210209999999968e-01 4.574528140000000105e-04
1.073352020000000046e-01 4.551713060000000068e-04
1.075487730000000003e-01 4.498818020000000051e-04
1.077712700000000023e-01 4.533073520000000184e-04
1.080029160000000044e-01 4.476631880000000075e-04
1.082402989999999982e-01 4.490530119999999910e-04
1.084780919999999982e-01 4.522148809999999939e-04
1.087060720000000008e-01 4.474924350000000143e-04
1.089261100000000065e-01 4.475631290000000239e-04
1.091657359999999993e-01 4.592941549999999878e-04
1.094245840000000053e-01 4.656913520000000137e-04
1.096653860000000036e-01 4.571922179999999788e-04
1.098950509999999936e-01 4.461902140000000212e-04
1.101304669999999958e-01 4.457256289999999860e-04
1.103596240000000034e-01 4.549893490000000052e-04
1.105792750000000046e-01 4.525564730000000160e-04
1.107952450000000005e-01 4.519688960000000180e-04
1.110172499999999979e-01 4.554088519999999847e-04
1.112461690000000059e-01 4.533453609999999845e-04
1.114768680000000067e-01 4.536830820000000244e-04
1.117100570000000015e-01 4.504275569999999858e-04
1.119504870000000013e-01 4.515433979999999782e-04
1.121789589999999948e-01 4.745322800000000224e-04
1.123827319999999991e-01 4.700977589999999983e-04
1.125901120000000061e-01 4.518598139999999846e-04
1.128156260000000022e-01 4.561050449999999807e-04
1.130514440000000009e-01 4.508196730000000024e-04
1.132885809999999993e-01 4.496990879999999925e-04
1.135229390000000033e-01 4.511917650000000168e-04
1.137477979999999972e-01 4.460547059999999796e-04
1.139601019999999937e-01 4.526120320000000035e-04
1.141722349999999969e-01 4.548844299999999798e-04
1.143936220000000004e-01 4.458729239999999834e-04
1.146289179999999963e-01 4.509288700000000098e-04
1.148677320000000002e-01 4.591020410000000223e-04
