-3.643985839999999699e-02 3.533583660000000153e-04
-3.632697459999999906e-02 3.300853129999999774e-04
-3.619404510000000241e-02 3.339852850000000215e-04
-3.605369850000000181e-02 3.331072509999999940e-04
-3.591487930000000078e-02 3.316429209999999998e-04
-3.577890250000000105e-02 3.316671060000000179e-04
-3.563953940000000320e-02 3.339411920000000256e-04
-3.549140690000000126e-02 3.256537309999999732e-04
-3.533263880000000329e-02 3.288266600000000180e-04
-3.516580910000000060e-02 3.248258439999999829e-04
-3.500114380000000219e-02 3.223053650000000034e-04
-3.484834729999999881e-02 3.344448630000000059e-04
-3.470177199999999879e-02 3.350854680000000217e-04
-3.455020109999999700e-02 3.291683680000000102e-04
-3.439556430000000053e-02 3.286475260000000119e-04
-3.423692660000000193e-02 3.199079370000000220e-04
-3.406856579999999884e-02 3.228170389999999892e-04
-3.389760850000000242e-02 3.271755700000000236e-04
-3.373477610000000237e-02 3.236488559999999969e-04
-3.358026969999999833e-02 3.271161399999999997e-04
-3.342712300000000303e-02 3.277720240000000043e-04
-3.326983000000000024e-02 3.232971070000000111e-04
-3.310453149999999928e-02 3.262682290000000073e-04
-3.293266890000000335e-02 3.229733849999999787e-04
-3.276782859999999992e-02 3.177908369999999944e-04
-3.261236850000000242e-02 3.190252460000000088e-04
-3.245553369999999715e-02 3.200780770000000251e-04
-3.229801360000000149e-02 3.224600220000000197e-04
-3.213967010000000346e-02 3.240287770000000074e-04
-3.197449069999999671e-02 3.163980729999999950e-04
-3.180347380000000251e-02 3.171521819999999930e-04
-3.163410350000000343e-02 3.225895929999999861e-04
-3.147308530000000187e-02 3.193177109999999837e-04
-3.131869059999999733e-02 3.206667609999999907e-04
-3.116299960000000133e-02 3.221519579999999796e-04
-3.100270030000000163e-02 3.192062140000000050e-04
-3.083671819999999827e-02 3.213396700000000004e-04
-3.066838350000000019e-02 3.227438140000000099e-04
-3.050323760000000009e-02 3.215531469999999845e-04
-3.034149300000000063e-02 3.245261909999999986e-04
-3.018246780000000129e-02 3.237449269999999779e-04
-3.002477809999999983e-02 3.231885779999999907e-04
-2.986550329999999864e-02 3.241606170000000146e-04
-2.970006130000000036e-02 3.165878589999999927e-04
-2.953005770000000085e-02 3.165955129999999834e-04
-2.936215879999999959e-02 3.207253179999999793e-04
-2.920050730000000108e-02 3.182486109999999773e-04
-2.904481069999999970e-02 3.206889090000000168e-04
-2.888917179999999849e-02 3.217500630000000067e-04
-2.872910349999999863e-02 3.179165649999999752e-04
-2.856298159999999878e-02 3.199525239999999955e-04
-2.839237270000000146e-02 3.175327729999999826e-04
-2.822346610000000047e-02 3.158547040000000213e-04
-2.806263419999999870e-02 3.252636520000000029e-04
-2.790734170000000111e-02 3.251069869999999870e-04
-2.775055920000000023e-02 3.215688630000000160e-04
-2.759209279999999889e-02 3.215264010000000081e-04
-2.742867729999999907e-02 3.131654519999999974e-04
-2.725514019999999982e-02 3.160018240000000132e-04
-2.708160500000000165e-02 3.244940890000000107e-04
-2.691777050000000032e-02 3.219571369999999887e-04
-2.675939169999999936e-02 3.233828169999999761e-04
-2.660153059999999930e-02 3.235861369999999963e-04
-2.644043420000000144e-02 3.193628219999999776e-04
-2.627410930000000089e-02 3.207616680000000150e-04
-2.610451360000000040e-02 3.185983510000000218e-04
-2.593650479999999939e-02 3.170825079999999734e-04
-2.577378409999999884e-02 3.222899100000000132e-04
-2.561547609999999947e-02 3.212990699999999792e-04
-2.546027489999999963e-02 3.231119190000000178e-04
-2.530347739999999970e-02 3.249431900000000089e-04
-2.513736490000000046e-02 3.151025739999999760e-04
-2.496256490000000119e-02 3.165585220000000153e-04
-2.479023669999999915e-02 3.241292719999999835e-04
-2.462646920000000073e-02 3.219324569999999970e-04
-2.446693739999999950e-02 3.228925929999999864e-04
-2.430822510000000061e-02 3.225288529999999925e-04
-2.414693680000000106e-02 3.178325419999999913e-04
-2.397832459999999985e-02 3.207517149999999950e-04
-2.380579149999999949e-02 3.217157210000000248e-04
-2.363699860000000041e-02 3.198189950000000152e-04
-2.347386809999999976e-02 3.246002309999999739e-04
-2.331564389999999862e-02 3.231581940000000227e-04
-2.315752210000000116e-02 3.187130789999999920e-04
-2.299563959999999935e-02 3.195883180000000205e-04
-2.282911170000000156e-02 3.148682299999999972e-04
-2.265945639999999983e-02 3.148327230000000083e-04
-2.249200079999999838e-02 3.178084440000000050e-04
-2.232991349999999958e-02 3.158699550000000134e-04
-2.217306759999999877e-02 3.198253399999999779e-04
-2.201866170000000081e-02 3.195676840000000163e-04
-2.186208779999999907e-02 3.146367090000000140e-04
-2.169965020000000008e-02 3.165974629999999978e-04
-2.153289879999999851e-02 3.148549590000000080e-04
-2.136751450000000038e-02 3.134066940000000061e-04
-2.120853400000000111e-02 3.206595140000000001e-04
-2.105334589999999922e-02 3.207779080000000126e-04
-2.089613300000000076e-02 3.171259889999999753e-04
-2.073823099999999933e-02 3.164429220000000058e-04
-2.057711590000000160e-02 3.097748270000000217e-04
-2.041164969999999940e-02 3.097734300000000202e-04
-2.024714830000000007e-02 3.107987000000000098e-04
-2.008718249999999830e-02 3.086554930000000004e-04
-1.993156780000000100e-02 3.105386569999999910e-04
-1.977722720000000059e-02 3.102399640000000195e-04
-1.962314919999999865e-02 3.092589029999999960e-04
-1.946594570000000080e-02 3.109912800000000106e-04
-1.930439659999999905e-02 3.085591599999999821e-04
-1.914087500000000164e-02 3.086524380000000103e-04
-1.897984180000000104e-02 3.136500599999999844e-04
-1.882225829999999850e-02 3.135957809999999780e-04
-1.866562849999999982e-02 3.144399959999999937e-04
-1.850939730000000089e-02 3.145047229999999939e-04
-1.834901239999999975e-02 3.083441119999999870e-04
-1.818463769999999896e-02 3.083099730000000071e-04
-1.802285199999999893e-02 3.119476309999999995e-04
-1.786474139999999836e-02 3.112603740000000215e-04
-1.770780049999999897e-02 3.118914029999999746e-04
-1.755116129999999969e-02 3.117263840000000005e-04
-1.739535669999999964e-02 3.120690230000000131e-04
-1.723540020000000061e-02 3.148952959999999960e-04
-1.707027289999999906e-02 3.147154350000000217e-04
-1.690449750000000070e-02 3.148275429999999983e-04
-1.674078960000000005e-02 3.179920599999999913e-04
-1.657791809999999838e-02 3.188436390000000181e-04
-1.641664470000000001e-02 3.238682690000000059e-04
-1.625279519999999964e-02 3.269996670000000090e-04
-1.608528940000000101e-02 3.302200060000000229e-04
-1.591213979999999903e-02 3.349915789999999955e-04
-1.573397959999999970e-02 3.392627990000000112e-04
-1.555447090000000067e-02 3.416114200000000219e-04
-1.537638619999999977e-02 3.511630640000000005e-04
-1.520063540000000067e-02 3.529650859999999878e-04
-1.502324640000000065e-02 3.545716170000000052e-04
-1.483928969999999924e-02 3.593321890000000253e-04
-1.464967900000000052e-02 3.638118800000000245e-04
-1.445380970000000043e-02 3.689366279999999770e-04
-1.425458029999999987e-02 3.768785100000000008e-04
-1.405236309999999961e-02 3.817811379999999730e-04
-1.385105220000000005e-02 3.976493320000000021e-04
-1.364128849999999941e-02 4.081696389999999960e-04
-1.342523380000000023e-02 4.261295539999999807e-04
-1.319285759999999988e-02 4.426707749999999816e-04
-1.294790489999999954e-02 4.676260290000000043e-04
-1.269579870000000013e-02 4.809141390000000243e-04
-1.243406529999999989e-02 5.027037110000000470e-04
-1.217075060000000035e-02 5.111636709999999462e-04
-1.190178000000000069e-02 5.242685440000000377e-04
-1.162316000000000044e-02 5.351259019999999840e-04
-1.133254539999999956e-02 5.463019480000000198e-04
-1.101213130000000019e-02 5.678432639999999795e-04
-1.068351979999999923e-02 6.129332469999999563e-04
-1.026034630000000059e-02 6.863012679999999600e-04
-9.829031300000000762e-03 8.780374189999999752e-04
-8.884987789999999885e-03 1.254210599999999948e-03
-7.870315569999999580e-03 2.178537889999999835e-03
-7.487094500000000298e-03 2.133385980000000216e-03
-6.491628939999999869e-03 9.887566559999999040e-04
-5.556737540000000405e-03 5.395070179999999788e-04
-5.280694459999999736e-03 3.909772490000000154e-04
-5.034734960000000412e-03 3.197220500000000029e-04
-4.880086520000000150e-03 2.731323769999999978e-04
-4.733028820000000428e-03 2.517846589999999827e-04
-4.603191740000000046e-03 2.216228170000000017e-04
-4.475434309999999985e-03 2.093617370000000130e-04
-4.359988500000000142e-03 1.954491450000000086e-04
-4.252014680000000026e-03 1.860923219999999938e-04
-4.156825129999999757e-03 1.817559099999999930e-04
-4.067403259999999646e-03 1.766095959999999928e-04
-3.980241249999999682e-03 1.657561080000000055e-04
-3.892390520000000003e-03 1.623797730000000130e-04
-3.804370300000000163e-03 1.530078299999999977e-04
-3.716863920000000165e-03 1.492213780000000074e-04
-3.635382979999999924e-03 1.484705860000000096e-04
-3.559970300000000077e-03 1.446583629999999960e-04
-3.489093390000000145e-03 1.416331360000000028e-04
-3.418638600000000090e-03 1.401946939999999982e-04
-3.346977059999999872e-03 1.344572079999999993e-04
-3.273604199999999905e-03 1.335108249999999975e-04
-3.199931929999999796e-03 1.301243459999999893e-04
-3.128819399999999834e-03 1.273677190000000023e-04
-3.062383740000000198e-03 1.277464760000000018e-04
-2.998901300000000100e-03 1.260245340000000058e-04
-2.936655419999999878e-03 1.230667989999999960e-04
-2.874071010000000138e-03 1.222904250000000058e-04
-2.809713589999999952e-03 1.174005880000000027e-04
-2.744550819999999874e-03 1.160435059999999975e-04
-2.681393179999999946e-03 1.154006170000000008e-04
-2.621292600000000098e-03 1.134119959999999933e-04
-2.564280989999999892e-03 1.132507530000000014e-04
-2.508327360000000162e-03 1.124806509999999945e-04
-2.451826350000000168e-03 1.092187159999999954e-04
-2.394060370000000194e-03 1.088789210000000029e-04
-2.335502069999999871e-03 1.066167610000000055e-04
-2.277960070000000035e-03 1.051914440000000043e-04
-2.223009010000000143e-03 1.057492850000000064e-04
-2.170624679999999789e-03 1.043385930000000051e-04
-2.119822659999999904e-03 1.028612019999999958e-04
-2.068716799999999797e-03 1.025826859999999979e-04
-2.015664009999999871e-03 9.875085379999999429e-05
-1.961785140000000052e-03 9.779971150000000635e-05
-1.909125600000000002e-03 9.700870580000000502e-05
-1.858828469999999943e-03 9.537171719999999666e-05
-1.811240570000000093e-03 9.552134720000000153e-05
-1.764290850000000029e-03 9.512724499999999591e-05
-1.716722730000000072e-03 9.282363320000000366e-05
-1.668408510000000044e-03 9.250611769999999960e-05
-1.619445740000000035e-03 9.054532709999999396e-05
-1.571234780000000048e-03 8.932599300000000587e-05
-1.525064700000000042e-03 8.951144260000000279e-05
-1.480734910000000093e-03 8.853535840000000435e-05
-1.437415719999999989e-03 8.733956200000000253e-05
-1.393624349999999894e-03 8.719194740000000285e-05
-1.348734130000000002e-03 8.511129999999999943e-05
-1.303632739999999960e-03 8.443101979999999664e-05
-1.259518669999999977e-03 8.402927779999999516e-05
-1.216954899999999999e-03 8.301129129999999942e-05
-1.175649929999999935e-03 8.243838239999999715e-05
-1.134908870000000004e-03 8.183748289999999892e-05
-1.094222420000000003e-03 8.010573220000000529e-05
-1.053129789999999967e-03 7.978126089999999630e-05
-1.011741229999999978e-03 7.853480199999999774e-05
-9.706335839999999859e-04 7.786427160000000290e-05
-9.306652940000000257e-04 7.775458650000000233e-05
-8.919849060000000288e-04 7.699493289999999562e-05
-8.540552230000000248e-04 7.613720659999999947e-05
-8.161534209999999614e-04 7.576002830000000453e-05
-7.778443400000000256e-04 7.417787129999999548e-05
-7.394215209999999584e-04 7.372715480000000151e-05
-7.014175639999999925e-04 7.303169700000000598e-05
-6.643268279999999665e-04 7.223304419999999459e-05
-6.283348190000000123e-04 7.198250390000000343e-05
-5.926607410000000282e-04 7.165245920000000326e-05
-5.571386430000000237e-04 7.085402470000000321e-05
-5.215863930000000457e-04 7.063329389999999878e-05
-4.856964810000000089e-04 6.958900490000000279e-05
-4.502277589999999869e-04 6.891290099999999820e-05
-4.154888740000000215e-04 6.812196809999999329e-05
-3.813858200000000117e-04 6.750226020000000637e-05
-3.480172020000000047e-04 6.700578520000000364e-05
-3.148968969999999955e-04 6.663281239999999594e-05
-2.816060439999999872e-04 6.543895139999999372e-05
-2.486075679999999802e-04 6.487818610000000504e-05
-2.160558220000000128e-04 6.394125379999999472e-05
-1.841050829999999936e-04 6.324287100000000464e-05
-1.526950359999999925e-04 6.232263690000000155e-05
-1.220078559999999941e-04 6.151493290000000153e-05
-9.173257420000000201e-05 5.984267049999999810e-05
-6.255027979999999851e-05 5.863285700000000139e-05
-3.379148259999999697e-05 5.606081320000000248e-05
-3.808591830000000060e-06 5.583942770000000118e-05
2.500589469999999872e-05 5.704241629999999981e-05
5.429957669999999992e-05 5.780998979999999989e-05
8.363502999999999671e-05 5.996668190000000218e-05
1.135541099999999983e-04 6.105302600000000427e-05
1.442760989999999964e-04 6.261550149999999784e-05
1.749853549999999969e-04 6.321231189999999909e-05
2.063559659999999877e-04 6.388813199999999657e-05
2.383427349999999931e-04 6.445780310000000463e-05
2.708086980000000161e-04 6.511910030000000625e-05
3.037039710000000257e-04 6.565883089999999538e-05
3.369183690000000049e-04 6.662486699999999604e-05
3.701362580000000209e-04 6.692949680000000547e-05
4.035200689999999808e-04 6.762503469999999806e-05
4.370767860000000045e-04 6.802513960000000333e-05
4.708771299999999936e-04 6.860282159999999351e-05
5.054607169999999561e-04 6.923356700000000378e-05
5.406824060000000156e-04 7.005275980000000193e-05
5.760642230000000228e-04 7.049164560000000055e-05
6.113949929999999569e-04 7.166246360000000219e-05
6.463359459999999581e-04 7.185048890000000433e-05
6.814009979999999982e-04 7.230284249999999451e-05
7.174662309999999899e-04 7.301662839999999784e-05
7.543541140000000270e-04 7.348972580000000341e-05
7.920182539999999797e-04 7.417565210000000232e-05
8.301174969999999733e-04 7.549705330000000558e-05
8.678280279999999553e-04 7.568855649999999663e-05
9.055466510000000210e-04 7.606349390000000652e-05
9.429717900000000094e-04 7.607393490000000102e-05
9.797876699999999005e-04 7.726482730000000130e-05
1.018375389999999926e-03 7.870423719999999543e-05
1.059135190000000002e-03 7.893340079999999835e-05
1.100286029999999896e-03 7.930387069999999725e-05
1.140976090000000000e-03 8.125291059999999958e-05
1.180644030000000105e-03 8.128633639999999954e-05
1.219708710000000102e-03 8.222956969999999934e-05
1.259941720000000041e-03 8.332636210000000335e-05
1.302139020000000038e-03 8.309838450000000480e-05
1.345958439999999940e-03 8.393132879999999662e-05
1.389919550000000064e-03 8.616863489999999773e-05
1.432801480000000073e-03 8.638582949999999954e-05
1.474892019999999920e-03 8.814398460000000095e-05
1.517089429999999911e-03 8.878178050000000096e-05
1.560810250000000017e-03 8.818091740000000094e-05
1.606930510000000034e-03 8.946442539999999828e-05
1.654150779999999984e-03 9.102744660000000414e-05
1.701229480000000099e-03 9.144280919999999921e-05
1.747646829999999988e-03 9.387138560000000585e-05
1.792794789999999994e-03 9.404795129999999888e-05
1.837615620000000033e-03 9.490770749999999649e-05
1.884654859999999963e-03 9.654906899999999540e-05
1.934801340000000041e-03 9.610879349999999592e-05
1.986606980000000123e-03 9.688107820000000628e-05
2.037888390000000029e-03 9.971709369999999647e-05
2.087716940000000024e-03 9.993227290000000664e-05
2.136269120000000056e-03 1.028518160000000005e-04
2.184954939999999950e-03 1.039130950000000060e-04
2.235990250000000068e-03 1.027478430000000034e-04
2.290328730000000014e-03 1.043815430000000010e-04
2.346824390000000135e-03 1.055196629999999975e-04
2.403504449999999820e-03 1.059695210000000066e-04
2.457767720000000183e-03 1.110448569999999936e-04
2.509944609999999795e-03 1.116931819999999938e-04
2.563266780000000161e-03 1.117978540000000033e-04
2.619798530000000056e-03 1.136850329999999969e-04
2.679527740000000203e-03 1.133832919999999938e-04
2.741528909999999854e-03 1.147147699999999994e-04
2.803027630000000121e-03 1.192454149999999961e-04
2.862594559999999920e-03 1.196373710000000015e-04
2.920931669999999800e-03 1.229991180000000088e-04
2.979609649999999822e-03 1.244971350000000001e-04
3.041151450000000121e-03 1.236586390000000090e-04
3.107029009999999827e-03 1.258704579999999989e-04
3.175714750000000093e-03 1.275764370000000017e-04
3.245098750000000119e-03 1.286988849999999942e-04
3.312666900000000008e-03 1.345916099999999878e-04
3.377668559999999834e-03 1.351751709999999868e-04
3.442746820000000194e-03 1.369282249999999963e-04
3.511942919999999895e-03 1.399372700000000040e-04
3.585890400000000134e-03 1.401124030000000054e-04
3.663677489999999943e-03 1.425740920000000058e-04
3.741985189999999864e-03 1.488172860000000041e-04
3.818638620000000192e-03 1.499732750000000079e-04
3.893110439999999950e-03 1.565318090000000024e-04
3.968982959999999872e-03 1.598375089999999935e-04
4.049878100000000279e-03 1.609491880000000011e-04
4.139259919999999961e-03 1.663335719999999994e-04
4.233282530000000154e-03 1.732398810000000027e-04
4.329623650000000330e-03 1.772301179999999983e-04
4.424379669999999910e-03 1.913073789999999931e-04
4.518994600000000340e-03 1.961639059999999970e-04
4.616191609999999688e-03 2.049697799999999957e-04
4.726098849999999831e-03 2.159042919999999970e-04
4.846759610000000128e-03 2.287680109999999992e-04
4.988620059999999794e-03 2.459720130000000115e-04
5.136338530000000326e-03 2.835153140000000178e-04
5.318380890000000069e-03 3.178035550000000249e-04
5.505141800000000127e-03 4.050759019999999942e-04
6.501851599999999669e-03 9.214579479999999902e-04
7.529466880000000237e-03 2.305947009999999991e-03
7.898656650000000431e-03 2.410980640000000112e-03
9.042514490000000404e-03 1.409167659999999980e-03
1.010846999999999961e-02 1.000688879999999965e-03
1.060163700000000056e-02 8.229331000000000102e-04
1.104948109999999949e-02 7.322974850000000396e-04
1.140623070000000051e-02 6.307607980000000218e-04
1.175953260000000070e-02 5.920944970000000061e-04
1.206640339999999999e-02 5.631673270000000456e-04
1.236966159999999988e-02 5.502000570000000271e-04
1.266009639999999929e-02 5.345433600000000333e-04
1.294357519999999977e-02 5.250991090000000066e-04
1.321486099999999962e-02 5.201733440000000028e-04
1.347655799999999959e-02 5.122924340000000213e-04
1.373475879999999996e-02 4.952778690000000190e-04
1.398344429999999992e-02 4.837855809999999862e-04
1.423355379999999976e-02 4.503508389999999776e-04
1.447446460000000046e-02 4.324831830000000271e-04
1.469678249999999999e-02 4.130495359999999949e-04
1.490968280000000076e-02 4.006881500000000068e-04
1.510841400000000057e-02 3.907180799999999737e-04
1.530592979999999964e-02 3.861317239999999869e-04
1.550310199999999951e-02 3.732476620000000104e-04
1.570052649999999911e-02 3.690185549999999877e-04
1.589365679999999934e-02 3.644357490000000189e-04
1.608174290000000117e-02 3.595120509999999957e-04
1.626295410000000094e-02 3.579779590000000083e-04
1.644030960000000124e-02 3.553557040000000214e-04
1.661723110000000100e-02 3.481241289999999753e-04
1.679694279999999901e-02 3.469538350000000212e-04
1.697922500000000057e-02 3.400873099999999929e-04
1.715926079999999937e-02 3.365034059999999906e-04
1.733312570000000025e-02 3.361807899999999841e-04
1.750155720000000012e-02 3.325806459999999841e-04
1.766573080000000129e-02 3.303104899999999939e-04
1.782966589999999962e-02 3.295749780000000080e-04
1.799618080000000078e-02 3.226177360000000182e-04
1.816700400000000049e-02 3.226964329999999792e-04
1.833749750000000095e-02 3.240702790000000023e-04
1.850454699999999966e-02 3.222785020000000066e-04
1.866708320000000018e-02 3.242122770000000235e-04
1.882576379999999910e-02 3.228139540000000106e-04
1.898485609999999921e-02 3.188492850000000092e-04
1.914994230000000019e-02 3.207998229999999939e-04
1.931866629999999876e-02 3.195499010000000042e-04
1.948522219999999916e-02 3.180150819999999945e-04
1.964835079999999873e-02 3.200711509999999986e-04
1.980884189999999878e-02 3.190126739999999913e-04
1.996600260000000113e-02 3.210177530000000198e-04
2.012497190000000005e-02 3.230428260000000077e-04
2.029074540000000079e-02 3.179234919999999976e-04
2.046075459999999874e-02 3.184060919999999852e-04
2.062950659999999992e-02 3.212436570000000045e-04
2.079316039999999990e-02 3.194205349999999777e-04
2.095233460000000061e-02 3.218220659999999900e-04
2.111049929999999838e-02 3.218638300000000222e-04
2.127210980000000112e-02 3.168463300000000046e-04
2.144036259999999861e-02 3.192418950000000034e-04
2.160981110000000094e-02 3.232895689999999906e-04
2.177834320000000129e-02 3.239740910000000009e-04
2.194537040000000064e-02 3.289993039999999903e-04
2.210709079999999965e-02 3.278489170000000179e-04
2.226753349999999881e-02 3.261622040000000102e-04
2.243169960000000046e-02 3.277882350000000094e-04
2.260088920000000168e-02 3.245426919999999833e-04
2.277196940000000142e-02 3.242899259999999979e-04
2.294214259999999977e-02 3.244925170000000038e-04
2.310987930000000037e-02 3.233212049999999974e-04
2.327303589999999908e-02 3.283199329999999974e-04
2.343561129999999909e-02 3.295490459999999774e-04
2.360193429999999856e-02 3.260978850000000062e-04
2.377163250000000061e-02 3.271048480000000175e-04
2.394334970000000160e-02 3.271530149999999975e-04
2.411642300000000141e-02 3.277644279999999987e-04
2.428694069999999886e-02 3.331027690000000138e-04
2.445311099999999960e-02 3.326383009999999991e-04
2.461818229999999941e-02 3.338132519999999930e-04
2.478548699999999841e-02 3.353494690000000003e-04
2.495599169999999922e-02 3.336509689999999826e-04
2.512806279999999989e-02 3.342073470000000166e-04
2.530130560000000070e-02 3.338015810000000074e-04
2.547219770000000091e-02 3.320184769999999963e-04
2.563883919999999927e-02 3.347813330000000030e-04
2.580339280000000166e-02 3.347517919999999734e-04
2.596855539999999921e-02 3.330303589999999763e-04
2.613824049999999982e-02 3.348950119999999906e-04
2.631240519999999972e-02 3.332469499999999858e-04
2.648760940000000064e-02 3.335062359999999937e-04
2.666192690000000060e-02 3.350615149999999981e-04
2.683227510000000052e-02 3.330129840000000145e-04
2.699814180000000008e-02 3.354222859999999836e-04
2.716204519999999845e-02 3.353391950000000161e-04
2.732805350000000119e-02 3.309766179999999941e-04
2.750161660000000063e-02 3.339397079999999922e-04
2.768080310000000169e-02 3.334189820000000182e-04
2.786020000000000163e-02 3.331334740000000002e-04
2.803452310000000003e-02 3.401710130000000086e-04
2.819934669999999907e-02 3.372309150000000252e-04
2.836144339999999847e-02 3.342473940000000249e-04
2.852855439999999951e-02 3.359535189999999865e-04
2.870162019999999981e-02 3.301384570000000197e-04
2.887853979999999848e-02 3.305827270000000228e-04
2.905548739999999977e-02 3.323863490000000137e-04
2.922725680000000034e-02 3.297039069999999918e-04
2.939102240000000116e-02 3.349677429999999923e-04
2.955348790000000142e-02 3.363082649999999773e-04
2.972283959999999850e-02 3.291743630000000163e-04
2.989997159999999848e-02 3.310510950000000122e-04
3.008151610000000045e-02 3.282967659999999773e-04
3.026128189999999912e-02 3.264583360000000234e-04
3.043251859999999975e-02 3.355602090000000246e-04
3.059604949999999990e-02 3.339906109999999902e-04
3.075921540000000134e-02 3.308645680000000026e-04
3.092661130000000022e-02 3.325010180000000028e-04
3.109857439999999876e-02 3.288146690000000099e-04
3.127600999999999992e-02 3.305398280000000264e-04
3.145378079999999743e-02 3.354066579999999799e-04
3.162372480000000263e-02 3.326954319999999936e-04
3.178823740000000231e-02 3.335803050000000157e-04
3.195289889999999855e-02 3.339869729999999986e-04
3.212077170000000176e-02 3.303841510000000200e-04
3.229474649999999891e-02 3.325240979999999911e-04
3.247257320000000030e-02 3.314262720000000053e-04
3.264691310000000096e-02 3.291630709999999798e-04
3.281446169999999857e-02 3.348324390000000030e-04
3.297833730000000046e-02 3.344424769999999989e-04
3.314186630000000300e-02 3.332979100000000271e-04
3.330753739999999657e-02 3.343981810000000009e-04
3.347836430000000058e-02 3.294829219999999758e-04
3.365569560000000043e-02 3.313944909999999816e-04
3.383385760000000297e-02 3.347042659999999799e-04
3.400553760000000342e-02 3.322307309999999883e-04
3.417152169999999878e-02 3.354904179999999847e-04
3.433613850000000189e-02 3.356157690000000082e-04
3.450224179999999974e-02 3.328526220000000259e-04
3.467271100000000189e-02 3.347063900000000038e-04
3.484942760000000334e-02 3.300648529999999827e-04
3.502945970000000131e-02 3.301637190000000169e-04
3.520442170000000204e-02 3.382751599999999801e-04
3.537168730000000288e-02 3.368030299999999824e-04
3.553614020000000345e-02 3.374058289999999800e-04
3.570105879999999759e-02 3.376739329999999895e-04
3.587109220000000293e-02 3.305292340000000198e-04
3.604846820000000285e-02 3.325877480000000120e-04
3.622829909999999987e-02 3.335769579999999998e-04
3.640270610000000129e-02 3.304507410000000027e-04
3.656929729999999767e-02 3.354141660000000118e-04
3.673093389999999847e-02 3.344540310000000184e-04
3.689335660000000322e-02 3.298499510000000006e-04
3.706311429999999824e-02 3.325936559999999862e-04
