-3.720419479999999973e-02 1.692192019999999998e-04
-3.715080770000000338e-02 1.676864779999999943e-04
-3.709599749999999835e-02 1.677844989999999897e-04
-3.704445060000000067e-02 1.733677779999999902e-04
-3.699416290000000218e-02 1.748690409999999944e-04
-3.692818810000000201e-02 1.535635240000000001e-04
-3.684236479999999925e-02 1.577832740000000066e-04
-3.675196690000000210e-02 1.612807829999999892e-04
-3.666610640000000226e-02 1.598096419999999970e-04
-3.659362349999999847e-02 1.780527380000000010e-04
-3.653521839999999965e-02 1.759407899999999869e-04
-3.646965700000000254e-02 1.581081310000000031e-04
-3.638523440000000081e-02 1.632249620000000129e-04
-3.629170730000000344e-02 1.622909190000000070e-04
-3.619749099999999831e-02 1.623673740000000090e-04
-3.610765560000000346e-02 1.705002070000000104e-04
-3.603336959999999672e-02 1.640984850000000135e-04
-3.597037489999999754e-02 1.645228330000000135e-04
-3.590458629999999929e-02 1.663539150000000009e-04
-3.583033759999999790e-02 1.573166370000000122e-04
-3.574413430000000086e-02 1.610233449999999968e-04
-3.564897179999999832e-02 1.564283880000000087e-04
-3.555734079999999658e-02 1.528663419999999986e-04
-3.547679630000000195e-02 1.620070249999999907e-04
-3.540296109999999802e-02 1.612736379999999976e-04
-3.533446789999999949e-02 1.675555830000000058e-04
-3.526512529999999840e-02 1.703262820000000068e-04
-3.518167879999999775e-02 1.544625990000000047e-04
-3.508571159999999967e-02 1.560485110000000121e-04
-3.499039260000000318e-02 1.615742509999999949e-04
-3.490491960000000060e-02 1.578711089999999915e-04
-3.483271229999999885e-02 1.696254619999999866e-04
-3.476981819999999668e-02 1.682875150000000123e-04
-3.470325839999999912e-02 1.590991159999999998e-04
-3.462100030000000300e-02 1.651973429999999956e-04
-3.452483189999999702e-02 1.583205889999999931e-04
-3.442615639999999783e-02 1.573544579999999976e-04
-3.433500230000000042e-02 1.672365470000000058e-04
-3.426214310000000318e-02 1.595932840000000052e-04
-3.420200939999999690e-02 1.595438369999999898e-04
-3.413237260000000217e-02 1.654446529999999897e-04
-3.404808039999999980e-02 1.580495880000000128e-04
-3.395451979999999925e-02 1.609555620000000106e-04
-3.385683519999999752e-02 1.615194339999999969e-04
-3.376888859999999798e-02 1.558678199999999933e-04
-3.369731460000000012e-02 1.675074159999999986e-04
-3.363094850000000052e-02 1.683472949999999929e-04
-3.355971349999999770e-02 1.625161530000000126e-04
-3.348039839999999989e-02 1.654867229999999918e-04
-3.338838370000000305e-02 1.526403359999999878e-04
-3.329056870000000196e-02 1.514817269999999905e-04
-3.320354600000000045e-02 1.668264300000000080e-04
-3.312940520000000333e-02 1.646307939999999996e-04
-3.305878859999999975e-02 1.637917449999999955e-04
-3.299039599999999822e-02 1.621517730000000010e-04
-3.291804339999999940e-02 1.509811549999999871e-04
-3.282817829999999659e-02 1.572542390000000029e-04
-3.273117169999999881e-02 1.627922759999999908e-04
-3.264133260000000314e-02 1.607002199999999913e-04
-3.255978229999999946e-02 1.693090740000000038e-04
-3.248866649999999912e-02 1.661443969999999997e-04
-3.242110460000000027e-02 1.626721349999999929e-04
-3.234211730000000062e-02 1.682916769999999972e-04
-3.225000950000000283e-02 1.619883839999999918e-04
-3.215577449999999782e-02 1.607679010000000056e-04
-3.206332769999999804e-02 1.604034329999999933e-04
-3.198231380000000207e-02 1.536359049999999908e-04
-3.191849959999999709e-02 1.634353539999999912e-04
-3.185218950000000271e-02 1.684680760000000085e-04
-3.176945820000000309e-02 1.557294309999999982e-04
-3.167756649999999702e-02 1.566394790000000129e-04
-3.158267590000000263e-02 1.535411279999999892e-04
-3.148981929999999929e-02 1.512028980000000100e-04
-3.140985970000000072e-02 1.662488790000000093e-04
-3.133862839999999872e-02 1.662015129999999999e-04
-3.126864509999999903e-02 1.680961290000000110e-04
-3.119847359999999847e-02 1.691233920000000058e-04
-3.111834639999999999e-02 1.560193630000000114e-04
-3.102684769999999870e-02 1.581226969999999948e-04
-3.093478269999999988e-02 1.624069119999999912e-04
-3.084622139999999846e-02 1.618425739999999966e-04
-3.076168519999999962e-02 1.669948109999999924e-04
-3.068909610000000038e-02 1.614607610000000110e-04
-3.062345459999999894e-02 1.576535140000000093e-04
-3.054811060000000092e-02 1.623199640000000128e-04
-3.046130390000000021e-02 1.562223040000000011e-04
-3.036677839999999892e-02 1.586445000000000021e-04
-3.027082789999999829e-02 1.635889639999999899e-04
-3.018926270000000037e-02 1.567447759999999915e-04
-3.012501449999999831e-02 1.660088020000000076e-04
-3.006253949999999897e-02 1.682772709999999896e-04
-2.998721970000000139e-02 1.531265879999999923e-04
-2.989664670000000135e-02 1.566152790000000005e-04
-2.979855049999999977e-02 1.538248909999999868e-04
-2.970327810000000096e-02 1.513304159999999941e-04
-2.962370589999999831e-02 1.704767199999999950e-04
-2.955817989999999854e-02 1.689705820000000089e-04
-2.948974450000000150e-02 1.605765430000000008e-04
-2.941225280000000011e-02 1.629704780000000076e-04
-2.932409570000000035e-02 1.512127200000000114e-04
-2.922898159999999870e-02 1.511611190000000107e-04
-2.914140189999999894e-02 1.635970839999999888e-04
-2.906407230000000036e-02 1.616968219999999866e-04
-2.899055739999999853e-02 1.627602319999999880e-04
-2.891840229999999984e-02 1.625524019999999910e-04
-2.884281610000000162e-02 1.568676530000000073e-04
-2.875637450000000095e-02 1.613342030000000128e-04
-2.866182290000000160e-02 1.596019139999999990e-04
-2.857180679999999848e-02 1.562515240000000123e-04
-2.849106859999999894e-02 1.624384889999999897e-04
-2.841585500000000028e-02 1.611312040000000109e-04
-2.834523280000000173e-02 1.651154889999999914e-04
-2.827583250000000048e-02 1.660433479999999875e-04
-2.819371219999999845e-02 1.474978929999999969e-04
-2.809789589999999934e-02 1.490088909999999977e-04
-2.800274830000000145e-02 1.548699509999999920e-04
-2.791485750000000099e-02 1.526474229999999943e-04
-2.783988600000000119e-02 1.674298689999999961e-04
-2.777296859999999964e-02 1.679090640000000098e-04
-2.769893220000000170e-02 1.573487529999999983e-04
-2.761477229999999977e-02 1.594083299999999985e-04
-2.752498160000000152e-02 1.557733629999999870e-04
-2.743223679999999901e-02 1.564447589999999979e-04
-2.734716800000000156e-02 1.717076809999999905e-04
-2.727837860000000003e-02 1.674343949999999902e-04
-2.721232919999999958e-02 1.595112990000000094e-04
-2.713588629999999849e-02 1.629084139999999918e-04
-2.704877779999999982e-02 1.545357520000000006e-04
-2.695350540000000100e-02 1.562007959999999927e-04
-2.685889040000000172e-02 1.619581159999999940e-04
-2.677622060000000095e-02 1.570831519999999891e-04
-2.670508439999999886e-02 1.627186429999999883e-04
-2.663665260000000132e-02 1.631314950000000081e-04
-2.656464089999999861e-02 1.589352029999999973e-04
-2.648404429999999879e-02 1.625693690000000111e-04
-2.639159749999999902e-02 1.522861419999999868e-04
-2.629740350000000018e-02 1.496360930000000097e-04
-2.621398490000000081e-02 1.602739070000000097e-04
-2.613832619999999912e-02 1.592272460000000050e-04
-2.606776920000000025e-02 1.647869069999999985e-04
-2.599742260000000027e-02 1.668872859999999988e-04
-2.591396309999999953e-02 1.514939499999999931e-04
-2.581864600000000065e-02 1.530700539999999975e-04
-2.572595139999999878e-02 1.612160120000000023e-04
-2.564354610000000104e-02 1.579632809999999938e-04
-2.557049130000000128e-02 1.645455050000000057e-04
-2.550460579999999991e-02 1.623987629999999998e-04
-2.543511990000000070e-02 1.504294199999999947e-04
-2.534648399999999899e-02 1.578127560000000009e-04
-2.524766700000000141e-02 1.613758499999999976e-04
-2.515540269999999926e-02 1.587368020000000000e-04
-2.507124100000000105e-02 1.655018569999999907e-04
-2.499813960000000015e-02 1.612992199999999901e-04
-2.493246459999999901e-02 1.614058129999999943e-04
-2.485886400000000135e-02 1.662092110000000045e-04
-2.477225480000000077e-02 1.578287920000000005e-04
-2.467851149999999993e-02 1.588710729999999970e-04
-2.458613919999999911e-02 1.640777479999999872e-04
-2.450232579999999868e-02 1.610369799999999952e-04
-2.442669869999999910e-02 1.668420740000000019e-04
-2.435452860000000136e-02 1.668511099999999997e-04
-2.427877859999999846e-02 1.602901899999999982e-04
-2.419660430000000056e-02 1.617906240000000081e-04
-2.410759399999999955e-02 1.545437119999999883e-04
-2.401653490000000071e-02 1.529494479999999874e-04
-2.393100780000000094e-02 1.577743239999999903e-04
-2.384984119999999930e-02 1.571063909999999926e-04
-2.377342619999999948e-02 1.631443739999999915e-04
-2.370217999999999978e-02 1.622269339999999965e-04
-2.363000620000000121e-02 1.587485599999999904e-04
-2.355112319999999940e-02 1.615152429999999924e-04
-2.346509509999999965e-02 1.566788409999999936e-04
-2.337273399999999918e-02 1.587450239999999978e-04
-2.328087579999999976e-02 1.653233919999999948e-04
-2.320145259999999848e-02 1.600053950000000043e-04
-2.313027900000000012e-02 1.589818280000000132e-04
-2.305616250000000131e-02 1.605963770000000033e-04
-2.297639099999999879e-02 1.562622640000000047e-04
-2.288958619999999916e-02 1.589249300000000092e-04
-2.279817690000000147e-02 1.580297680000000086e-04
-2.271258270000000093e-02 1.542120439999999937e-04
-2.263826879999999986e-02 1.624470899999999910e-04
-2.256571320000000033e-02 1.641366399999999925e-04
-2.248965760000000078e-02 1.629682810000000043e-04
-2.241084349999999947e-02 1.644250879999999994e-04
-2.232258020000000079e-02 1.527728160000000127e-04
-2.222946290000000005e-02 1.514737959999999954e-04
-2.214396370000000155e-02 1.611244220000000054e-04
-2.206607910000000020e-02 1.600395340000000113e-04
-2.199320119999999962e-02 1.647770989999999955e-04
-2.192221579999999864e-02 1.653449289999999957e-04
-2.184454539999999834e-02 1.557612269999999891e-04
-2.175609020000000143e-02 1.585691210000000104e-04
-2.166346829999999876e-02 1.594559289999999984e-04
-2.157342989999999974e-02 1.584370179999999970e-04
-2.148997969999999827e-02 1.665473970000000024e-04
-2.141671259999999855e-02 1.633738580000000098e-04
-2.134635489999999955e-02 1.600230320000000034e-04
-2.126899549999999861e-02 1.630091570000000070e-04
-2.118353729999999935e-02 1.571903409999999971e-04
-2.109062490000000040e-02 1.595773939999999913e-04
-2.099597829999999901e-02 1.633132199999999881e-04
-2.091198790000000154e-02 1.580394309999999948e-04
-2.083920309999999845e-02 1.620634139999999957e-04
-2.076959979999999997e-02 1.618250389999999965e-04
-2.069629920000000053e-02 1.556115169999999922e-04
-2.061050010000000168e-02 1.608739689999999934e-04
-2.051429819999999946e-02 1.575314670000000110e-04
-2.042263559999999908e-02 1.535993209999999957e-04
-2.034414929999999941e-02 1.646847229999999951e-04
-2.027241139999999900e-02 1.644039150000000077e-04
-2.019925419999999902e-02 1.612316559999999962e-04
-2.012190599999999843e-02 1.628260359999999943e-04
-2.003630810000000054e-02 1.535542980000000025e-04
-1.994562709999999836e-02 1.532547469999999900e-04
-1.985985969999999948e-02 1.611878829999999956e-04
-1.977999880000000030e-02 1.605093860000000069e-04
-1.970363040000000163e-02 1.638441170000000055e-04
-1.963040049999999898e-02 1.631577320000000126e-04
-1.955330560000000106e-02 1.547966680000000005e-04
-1.946764070000000027e-02 1.567168949999999967e-04
-1.937907189999999932e-02 1.572325710000000104e-04
-1.929319460000000069e-02 1.560134989999999969e-04
-1.921172440000000134e-02 1.605589930000000064e-04
-1.913567450000000156e-02 1.589454189999999964e-04
-1.906185219999999986e-02 1.575793720000000079e-04
-1.898649330000000066e-02 1.580104579999999995e-04
-1.890772580000000050e-02 1.535131160000000028e-04
-1.882169950000000050e-02 1.560355890000000108e-04
-1.873157359999999896e-02 1.562383549999999950e-04
-1.864685680000000012e-02 1.532768360000000079e-04
-1.857219259999999886e-02 1.617531520000000105e-04
-1.850280350000000143e-02 1.616509690000000031e-04
-1.842800899999999867e-02 1.529641739999999903e-04
-1.834527589999999930e-02 1.545942799999999967e-04
-1.825879329999999939e-02 1.522729440000000040e-04
-1.817029709999999978e-02 1.526475239999999973e-04
-1.808709459999999908e-02 1.625257860000000102e-04
-1.801338790000000037e-02 1.601617700000000134e-04
-1.794230939999999844e-02 1.579577510000000000e-04
-1.786842010000000078e-02 1.590683969999999881e-04
-1.778730939999999955e-02 1.507101699999999970e-04
-1.769913730000000074e-02 1.519405339999999928e-04
-1.761187800000000095e-02 1.562847760000000128e-04
-1.753301549999999875e-02 1.528004499999999915e-04
-1.746031639999999843e-02 1.534166369999999987e-04
-1.738848720000000028e-02 1.529113359999999993e-04
-1.731656859999999853e-02 1.513458260000000014e-04
-1.723957250000000135e-02 1.540328230000000099e-04
-1.715496000000000035e-02 1.488365090000000085e-04
-1.706926149999999850e-02 1.476118489999999890e-04
-1.698880830000000161e-02 1.535017359999999928e-04
-1.691407519999999984e-02 1.521959199999999989e-04
-1.684395039999999830e-02 1.556837090000000063e-04
-1.677332070000000022e-02 1.572420729999999894e-04
-1.669444330000000032e-02 1.477959740000000014e-04
-1.660986990000000094e-02 1.476108449999999892e-04
-1.652564479999999933e-02 1.477158369999999939e-04
-1.644301039999999936e-02 1.469964630000000067e-04
-1.636817120000000000e-02 1.585542489999999945e-04
-1.630125569999999954e-02 1.579624659999999978e-04
-1.623135809999999915e-02 1.507659760000000005e-04
-1.615255139999999950e-02 1.535311170000000112e-04
-1.606585090000000118e-02 1.480281789999999891e-04
-1.597764720000000027e-02 1.467396209999999909e-04
-1.589727770000000026e-02 1.562265970000000046e-04
-1.582680640000000069e-02 1.539142249999999993e-04
-1.575898939999999943e-02 1.519150679999999975e-04
-1.568763700000000080e-02 1.533120809999999866e-04
-1.561067810000000070e-02 1.484284439999999971e-04
-1.552624629999999929e-02 1.511590380000000047e-04
-1.543987540000000061e-02 1.549297739999999906e-04
-1.536078010000000056e-02 1.519128270000000074e-04
-1.528805119999999962e-02 1.541643579999999890e-04
-1.521645949999999962e-02 1.540858210000000121e-04
-1.514399519999999957e-02 1.524002000000000050e-04
-1.506578549999999968e-02 1.554458430000000061e-04
-1.498057229999999983e-02 1.528221180000000111e-04
-1.489627079999999992e-02 1.513366149999999981e-04
-1.481668740000000040e-02 1.544872360000000056e-04
-1.474078090000000008e-02 1.534109030000000069e-04
-1.466891730000000060e-02 1.571738830000000032e-04
-1.459661779999999950e-02 1.587908049999999980e-04
-1.451934690000000056e-02 1.549793669999999918e-04
-1.443688289999999971e-02 1.565101700000000025e-04
-1.435142759999999927e-02 1.557929210000000080e-04
-1.426644810000000062e-02 1.554579209999999918e-04
-1.418544260000000057e-02 1.617382659999999964e-04
-1.410960129999999993e-02 1.609024179999999954e-04
-1.403452550000000056e-02 1.592534240000000013e-04
-1.395448300000000016e-02 1.616460360000000090e-04
-1.386943090000000017e-02 1.599273669999999993e-04
-1.378108100000000058e-02 1.610638279999999976e-04
-1.369194689999999985e-02 1.629333709999999881e-04
-1.360947550000000082e-02 1.598314410000000081e-04
-1.353432140000000033e-02 1.633829960000000067e-04
-1.345588550000000050e-02 1.666308819999999947e-04
-1.337117789999999959e-02 1.658427349999999926e-04
-1.328316239999999954e-02 1.675486710000000047e-04
-1.319148300000000038e-02 1.655353989999999980e-04
-1.310144180000000040e-02 1.638256800000000046e-04
-1.301843110000000005e-02 1.708168420000000091e-04
-1.293623259999999997e-02 1.726103509999999959e-04
-1.285123550000000052e-02 1.729101200000000046e-04
-1.276412510000000076e-02 1.745191110000000043e-04
-1.267203499999999990e-02 1.713457900000000080e-04
-1.257678869999999914e-02 1.721042210000000021e-04
-1.248342730000000060e-02 1.766925709999999901e-04
-1.239458750000000005e-02 1.756267160000000006e-04
-1.230751159999999948e-02 1.756131820000000053e-04
-1.222378109999999914e-02 1.733663669999999904e-04
-1.213951689999999937e-02 1.662523429999999915e-04
-1.204911250000000045e-02 1.676021199999999938e-04
-1.195595319999999927e-02 1.667701140000000094e-04
-1.186215780000000018e-02 1.668514159999999968e-04
-1.177270149999999974e-02 1.749427320000000090e-04
-1.169223710000000076e-02 1.724631869999999900e-04
-1.161511890000000054e-02 1.705081230000000112e-04
-1.153348759999999959e-02 1.725178010000000131e-04
-1.144367550000000011e-02 1.644396399999999928e-04
-1.134625260000000045e-02 1.658679679999999974e-04
-1.124894809999999953e-02 1.700671560000000101e-04
-1.115875130000000028e-02 1.675420789999999989e-04
-1.107696539999999952e-02 1.751801030000000084e-04
-1.099714729999999932e-02 1.767497889999999894e-04
-1.091280300000000043e-02 1.729112990000000098e-04
-1.082288850000000073e-02 1.748784270000000032e-04
-1.072702459999999927e-02 1.704082100000000135e-04
-1.062950210000000034e-02 1.695562969999999932e-04
-1.053846070000000017e-02 1.780021849999999868e-04
-1.045197060000000074e-02 1.785484930000000075e-04
-1.036585590000000008e-02 1.806844079999999893e-04
-1.027811409999999925e-02 1.824296339999999987e-04
-1.018355970000000069e-02 1.766086640000000035e-04
-1.008151749999999965e-02 1.790139939999999875e-04
-9.979895319999999501e-03 1.857067110000000054e-04
-9.880588390000000221e-03 1.867244569999999999e-04
-9.784122929999999885e-03 1.942968670000000029e-04
-9.692667049999999229e-03 1.937519409999999894e-04
-9.599862619999999930e-03 1.899860359999999985e-04
-9.500818330000000700e-03 1.926320260000000128e-04
-9.395416829999999470e-03 1.901140490000000104e-04
-9.285438809999999391e-03 1.919688510000000037e-04
-9.176212359999999860e-03 1.976307249999999932e-04
-9.073146619999999940e-03 1.959649530000000099e-04
-8.976255540000000269e-03 2.016481299999999866e-04
-8.876461539999999997e-03 2.051566699999999915e-04
-8.770006710000000094e-03 2.037966769999999901e-04
-8.656969290000000178e-03 2.075269150000000080e-04
-8.539517409999999170e-03 2.105372399999999968e-04
-8.425780569999999359e-03 2.093980869999999945e-04
-8.318295700000000528e-03 2.174457769999999879e-04
-8.214514699999999822e-03 2.181257440000000116e-04
-8.107480590000000487e-03 2.137737320000000036e-04
-7.990941410000000633e-03 2.179221340000000117e-04
-7.867655720000000033e-03 2.181798339999999872e-04
-7.737092670000000026e-03 2.223236659999999873e-04
-7.610279600000000380e-03 2.400819939999999930e-04
-7.488572039999999604e-03 2.437218939999999986e-04
-7.365745029999999811e-03 2.529145570000000220e-04
-7.228158880000000105e-03 2.651047830000000170e-04
-7.082102350000000178e-03 2.838846410000000218e-04
-6.909488699999999893e-03 3.066118519999999929e-04
-6.722867950000000099e-03 3.463514730000000121e-04
-6.488772109999999850e-03 3.885819749999999922e-04
-6.243212609999999885e-03 4.865419470000000132e-04
-5.291433069999999621e-03 9.454088289999999523e-04
-3.411444139999999896e-03 6.761971739999999729e-04
-2.371736340000000099e-03 7.570069279999999603e-05
-2.330662450000000208e-03 6.959383609999999435e-05
-2.288389950000000155e-03 6.811527419999999352e-05
-2.246248540000000179e-03 6.394153749999999681e-05
-2.208326940000000186e-03 5.990196950000000337e-05
-2.178969560000000149e-03 6.298286459999999408e-05
-2.153115110000000144e-03 6.190722339999999845e-05
-2.125933070000000143e-03 5.670929019999999848e-05
-2.094804080000000138e-03 5.728547329999999994e-05
-2.059481570000000050e-03 5.210138260000000271e-05
-2.024171869999999950e-03 5.023192349999999686e-05
-1.994404940000000116e-03 5.407044229999999959e-05
-1.970491600000000201e-03 5.193311880000000131e-05
-1.948615539999999906e-03 4.939865540000000190e-05
-1.924496840000000045e-03 4.983462709999999764e-05
-1.897271959999999921e-03 4.585853459999999739e-05
-1.867368120000000064e-03 4.596946750000000204e-05
-1.838550200000000062e-03 4.810346949999999767e-05
-1.814475519999999946e-03 4.609134699999999888e-05
-1.793323550000000067e-03 4.554041879999999728e-05
-1.772771590000000053e-03 4.497852210000000155e-05
-1.751727540000000026e-03 4.242661090000000320e-05
-1.727638999999999998e-03 4.333832110000000048e-05
-1.701299450000000020e-03 4.211178379999999856e-05
-1.676296469999999936e-03 4.080907819999999832e-05
-1.654215269999999901e-03 4.207034729999999941e-05
-1.634337239999999938e-03 4.125994020000000044e-05
-1.615872609999999916e-03 4.136009369999999938e-05
-1.596819609999999921e-03 4.174861529999999787e-05
-1.575270900000000016e-03 3.882349480000000169e-05
-1.552876319999999932e-03 3.827752879999999676e-05
-1.530938900000000007e-03 3.736876529999999947e-05
-1.509289139999999904e-03 3.686861240000000061e-05
-1.490258259999999993e-03 3.985261720000000165e-05
-1.473284559999999983e-03 3.963864220000000172e-05
-1.455187560000000078e-03 3.717195429999999815e-05
-1.435670540000000012e-03 3.718794319999999763e-05
-1.414884109999999928e-03 3.525224750000000099e-05
-1.393576730000000005e-03 3.486986680000000289e-05
-1.374287070000000015e-03 3.703423859999999883e-05
-1.357366679999999926e-03 3.638899579999999923e-05
-1.341210910000000065e-03 3.587357790000000315e-05
-1.324133950000000014e-03 3.619296690000000207e-05
-1.305289799999999898e-03 3.413962259999999733e-05
-1.285292319999999967e-03 3.413892770000000117e-05
-1.265605909999999992e-03 3.465317060000000314e-05
-1.247881450000000100e-03 3.366344390000000240e-05
-1.231904370000000068e-03 3.395081150000000175e-05
-1.215663849999999930e-03 3.421168000000000174e-05
-1.198715649999999942e-03 3.362843929999999960e-05
-1.181218659999999903e-03 3.374842339999999964e-05
-1.163128760000000034e-03 3.309155729999999724e-05
-1.145345039999999927e-03 3.262591419999999692e-05
-1.128244910000000085e-03 3.247697530000000069e-05
-1.111551890000000032e-03 3.222328809999999905e-05
-1.095601469999999940e-03 3.287795700000000171e-05
-1.079943500000000046e-03 3.293809279999999993e-05
-1.063334169999999952e-03 3.139377080000000167e-05
-1.046088869999999916e-03 3.122007549999999910e-05
-1.029120869999999898e-03 3.120069960000000121e-05
-1.012148339999999983e-03 3.115300929999999745e-05
-9.958127050000000011e-04 3.208322960000000037e-05
-9.809228360000000861e-04 3.159462360000000331e-05
-9.666688270000000109e-04 3.129609100000000217e-05
-9.517232539999999829e-04 3.160260169999999858e-05
-9.353702190000000305e-04 3.022684719999999843e-05
-9.181005879999999631e-04 3.028224639999999842e-05
-9.011466170000000499e-04 3.084416679999999838e-05
-8.855988269999999756e-04 3.020101760000000051e-05
-8.713703140000000468e-04 3.061761889999999671e-05
-8.570327190000000305e-04 3.079182720000000264e-05
-8.418249200000000329e-04 2.982545449999999984e-05
-8.258826559999999858e-04 2.995889919999999922e-05
-8.094368389999999748e-04 2.960184430000000025e-05
-7.936268810000000245e-04 2.909259820000000102e-05
-7.792057590000000481e-04 2.988123199999999865e-05
-7.651512280000000036e-04 2.994470919999999927e-05
-7.508844140000000287e-04 2.976644280000000125e-05
-7.362706820000000088e-04 2.987025440000000157e-05
-7.208273749999999673e-04 2.877913720000000141e-05
-7.052946600000000463e-04 2.847957880000000021e-05
-6.903827310000000246e-04 2.867988220000000028e-05
-6.757539229999999638e-04 2.858257720000000003e-05
-6.613676090000000047e-04 2.882427180000000135e-05
-6.473978280000000207e-04 2.866111750000000029e-05
-6.335905049999999983e-04 2.837046849999999933e-05
-6.194699090000000416e-04 2.845417480000000116e-05
-6.049268999999999697e-04 2.798138479999999853e-05
-5.898293459999999662e-04 2.810531259999999920e-05
-5.746714310000000268e-04 2.835164199999999963e-05
-5.603245810000000203e-04 2.799230969999999882e-05
-5.465241849999999662e-04 2.800950460000000067e-05
-5.329140690000000501e-04 2.790101099999999943e-05
-5.192692039999999894e-04 2.743597000000000085e-05
-5.049431929999999812e-04 2.767802289999999959e-05
-4.901438369999999755e-04 2.755982499999999833e-05
-4.758248109999999747e-04 2.719134500000000148e-05
-4.622982520000000072e-04 2.748967560000000000e-05
-4.490791760000000161e-04 2.745005989999999894e-05
-4.358055589999999813e-04 2.724975640000000063e-05
-4.221687850000000082e-04 2.739501720000000085e-05
-4.079808709999999962e-04 2.698308709999999857e-05
-3.937917940000000235e-04 2.683575799999999989e-05
-3.800296980000000195e-04 2.703533759999999933e-05
-3.666887930000000263e-04 2.685397339999999995e-05
-3.535857539999999791e-04 2.674740060000000040e-05
-3.402459840000000043e-04 2.681476329999999975e-05
-3.267020510000000167e-04 2.666181719999999913e-05
-3.132253769999999949e-04 2.660273819999999908e-05
-2.999610439999999970e-04 2.679148569999999943e-05
-2.867361760000000019e-04 2.683596720000000152e-05
-2.731817659999999739e-04 2.651145589999999989e-05
-2.597712450000000005e-04 2.630801460000000081e-05
-2.467192530000000264e-04 2.624019729999999988e-05
-2.336834879999999935e-04 2.620601659999999955e-05
-2.206871869999999945e-04 2.617695099999999955e-05
-2.075005900000000028e-04 2.624498300000000046e-05
-1.941283549999999998e-04 2.612517530000000164e-05
-1.810218240000000011e-04 2.595836849999999917e-05
-1.680765709999999899e-04 2.586115809999999903e-05
-1.552415490000000017e-04 2.575973300000000032e-05
-1.426617820000000009e-04 2.580623729999999971e-05
-1.299752770000000060e-04 2.588715510000000027e-05
-1.168965900000000008e-04 2.545699139999999883e-05
-1.039374180000000013e-04 2.519601180000000028e-05
-9.136809240000000147e-05 2.512219359999999860e-05
-7.888231629999999377e-05 2.507979659999999867e-05
-6.641625809999999975e-05 2.499505170000000117e-05
-5.408015199999999972e-05 2.488662720000000029e-05
-4.159901070000000128e-05 2.443676199999999892e-05
-2.925130499999999928e-05 2.419698469999999972e-05
-1.724704089999999992e-05 2.400048650000000144e-05
-5.176639210000000269e-06 2.397319619999999836e-05
6.841548839999999771e-06 2.397436579999999914e-05
1.907090879999999870e-05 2.407235300000000157e-05
3.119004030000000215e-05 2.451956059999999837e-05
4.338923099999999935e-05 2.476145889999999957e-05
5.582628000000000313e-05 2.513203979999999879e-05
6.812409990000000228e-05 2.518205110000000161e-05
8.050661560000000336e-05 2.508515540000000167e-05
9.319079979999999902e-05 2.523166040000000138e-05
1.060153880000000020e-04 2.540413149999999908e-05
1.189014660000000003e-04 2.546828360000000124e-05
1.317713029999999913e-04 2.567318550000000045e-05
1.444868100000000011e-04 2.568917260000000102e-05
1.572313339999999930e-04 2.578270510000000163e-05
1.700373539999999934e-04 2.585325640000000138e-05
1.829303950000000058e-04 2.580674660000000024e-05
1.959998039999999908e-04 2.589604449999999912e-05
2.090390340000000018e-04 2.619447880000000070e-05
2.219715389999999940e-04 2.620216399999999947e-05
2.348669219999999995e-04 2.628435499999999883e-05
2.477669330000000251e-04 2.635249069999999941e-05
2.608584179999999986e-04 2.622346979999999860e-05
2.742132930000000068e-04 2.633470099999999986e-05
2.878141529999999910e-04 2.633314940000000082e-05
3.013187090000000036e-04 2.627520010000000038e-05
3.143371140000000147e-04 2.682556079999999954e-05
3.270306329999999825e-04 2.679244969999999978e-05
3.397566619999999884e-04 2.664429480000000147e-05
3.528968660000000130e-04 2.687576850000000160e-05
3.665081749999999868e-04 2.673515339999999894e-05
3.802134890000000112e-04 2.674071400000000128e-05
3.938468289999999907e-04 2.697716079999999992e-05
4.072469600000000098e-04 2.692253290000000049e-05
4.203721179999999821e-04 2.712794959999999858e-05
4.336039999999999773e-04 2.726608359999999951e-05
4.470343120000000166e-04 2.731840690000000008e-05
4.607709420000000253e-04 2.748375119999999850e-05
4.748962530000000069e-04 2.729583320000000061e-05
4.888335819999999922e-04 2.715264049999999897e-05
5.024495189999999591e-04 2.739288169999999918e-05
5.159425200000000104e-04 2.740561100000000076e-05
5.292834829999999886e-04 2.759164999999999865e-05
5.426569259999999622e-04 2.767815749999999911e-05
5.563911980000000148e-04 2.731577109999999920e-05
5.707161039999999932e-04 2.750222480000000090e-05
5.851860040000000018e-04 2.777927330000000113e-05
5.995874529999999829e-04 2.787519949999999898e-05
6.136930309999999921e-04 2.863220290000000000e-05
6.269748560000000265e-04 2.841185229999999831e-05
6.401858410000000384e-04 2.802505509999999889e-05
6.542763440000000028e-04 2.841300560000000052e-05
6.688019490000000119e-04 2.865911849999999868e-05
6.835538659999999475e-04 2.884394229999999980e-05
6.984553769999999641e-04 2.910790320000000104e-05
7.126967539999999905e-04 2.884654169999999908e-05
7.263440060000000541e-04 2.910850710000000168e-05
7.400377070000000237e-04 2.923084680000000008e-05
7.542987590000000374e-04 2.873592530000000032e-05
7.693812949999999850e-04 2.905080509999999835e-05
7.848456149999999800e-04 2.917870729999999963e-05
7.999502120000000303e-04 2.900848270000000052e-05
8.143354209999999595e-04 2.973712979999999911e-05
8.284978679999999802e-04 2.982533809999999942e-05
8.427043790000000043e-04 2.999342000000000124e-05
8.573135129999999654e-04 3.033611210000000024e-05
8.727604290000000060e-04 3.000718430000000068e-05
8.884718410000000529e-04 3.004789139999999921e-05
9.040057189999999888e-04 3.034244950000000149e-05
9.193887819999999522e-04 3.035779809999999873e-05
9.341441330000000440e-04 3.144883159999999723e-05
9.480420269999999608e-04 3.128503520000000180e-05
9.625200760000000421e-04 2.986238720000000159e-05
9.783765999999999730e-04 3.021828710000000107e-05
9.946866189999999629e-04 3.045135779999999975e-05
1.011065320000000033e-03 3.057647699999999812e-05
1.026888029999999986e-03 3.196759639999999746e-05
1.041359149999999999e-03 3.165734960000000302e-05
1.055516999999999957e-03 3.120000840000000111e-05
1.070898839999999928e-03 3.172782089999999717e-05
1.087587209999999914e-03 3.101749100000000115e-05
1.105249160000000000e-03 3.138729149999999686e-05
1.122718329999999962e-03 3.273179390000000260e-05
1.138397260000000022e-03 3.214442039999999785e-05
1.152709480000000059e-03 3.291328540000000087e-05
1.167345209999999999e-03 3.338300669999999970e-05
1.183210990000000025e-03 3.251482849999999704e-05
1.200363509999999995e-03 3.297597139999999778e-05
1.218485999999999961e-03 3.263683899999999898e-05
1.236557490000000101e-03 3.243863100000000292e-05
1.253190099999999980e-03 3.428513809999999694e-05
1.268726310000000031e-03 3.433796520000000307e-05
1.284777769999999927e-03 3.375690359999999982e-05
1.301611189999999935e-03 3.401600040000000069e-05
1.319213889999999983e-03 3.332417330000000288e-05
1.337809720000000075e-03 3.367229509999999736e-05
1.355940360000000003e-03 3.541639669999999888e-05
1.373092879999999972e-03 3.540836409999999776e-05
1.390014429999999980e-03 3.576735249999999917e-05
1.406448779999999949e-03 3.565335280000000144e-05
1.423146460000000030e-03 3.503274999999999759e-05
1.441612369999999924e-03 3.587056199999999776e-05
1.461232779999999945e-03 3.613799339999999920e-05
1.481056209999999937e-03 3.635635579999999949e-05
1.500590819999999973e-03 3.744545029999999720e-05
1.518512610000000021e-03 3.681885940000000177e-05
1.534850570000000037e-03 3.771251799999999772e-05
1.552117869999999986e-03 3.864258180000000256e-05
1.571519070000000108e-03 3.767754609999999707e-05
1.592155899999999919e-03 3.806958919999999864e-05
1.613603790000000008e-03 3.794911030000000111e-05
1.634498239999999979e-03 3.757590460000000110e-05
1.652903739999999917e-03 4.054669989999999761e-05
1.670147990000000028e-03 4.091784650000000035e-05
1.688830899999999979e-03 3.954581189999999792e-05
1.709893579999999941e-03 4.042579890000000078e-05
1.732589909999999924e-03 4.015140440000000054e-05
1.756045039999999972e-03 4.056082620000000068e-05
1.778395610000000054e-03 4.369555610000000012e-05
1.798075159999999902e-03 4.322308449999999713e-05
1.817030830000000013e-03 4.295759569999999769e-05
1.837256949999999892e-03 4.362593610000000196e-05
1.859330109999999961e-03 4.239731059999999843e-05
1.884587230000000016e-03 4.380507019999999957e-05
1.910939699999999975e-03 4.589361560000000120e-05
1.935963520000000054e-03 4.590821120000000200e-05
1.960129939999999838e-03 4.755205010000000318e-05
1.982592980000000022e-03 4.712243750000000059e-05
2.002719320000000049e-03 4.965332479999999961e-05
2.025356519999999948e-03 5.207414140000000199e-05
2.052919240000000180e-03 5.057227099999999758e-05
2.082913650000000044e-03 5.141921790000000158e-05
2.113612600000000161e-03 5.260843320000000285e-05
2.142383019999999794e-03 5.194946429999999755e-05
2.166349670000000064e-03 5.809795770000000207e-05
2.189068120000000131e-03 5.956882159999999835e-05
2.215522570000000042e-03 5.766109099999999792e-05
2.247472290000000067e-03 6.027251580000000329e-05
2.284411110000000075e-03 5.897800290000000006e-05
2.323088000000000063e-03 5.946817689999999974e-05
2.357312940000000009e-03 6.824682349999999949e-05
2.385434929999999832e-03 6.783461870000000659e-05
2.412590200000000115e-03 6.829691119999999993e-05
2.443943410000000167e-03 7.097866179999999807e-05
2.482125999999999864e-03 6.731691250000000344e-05
2.529297490000000006e-03 7.140385420000000668e-05
2.576927189999999798e-03 8.172119850000000548e-05
2.618541939999999985e-03 8.181887099999999755e-05
2.656226979999999800e-03 8.865381820000000062e-05
2.696167440000000158e-03 9.234485330000000375e-05
2.740716560000000177e-03 9.488430080000000177e-05
2.799646230000000201e-03 1.045415190000000005e-04
2.868237669999999968e-03 1.156932850000000048e-04
4.286650569999999813e-03 9.313407939999999823e-04
7.018673700000000251e-03 1.002606820000000046e-03
8.416876199999999419e-03 2.262802149999999899e-04
8.525847459999999489e-03 2.230768880000000059e-04
8.637381720000000124e-03 2.231612889999999973e-04
8.753398429999999925e-03 2.159527650000000012e-04
8.869935759999999364e-03 2.139661230000000007e-04
8.986908939999999762e-03 2.077367390000000062e-04
9.103925900000000432e-03 2.055151420000000018e-04
9.210622870000000767e-03 2.173213720000000061e-04
9.310058319999999984e-03 2.172188690000000034e-04
9.411696339999999286e-03 2.124535820000000126e-04
9.517426600000000042e-03 2.129092030000000061e-04
9.629364129999999980e-03 2.038630770000000002e-04
9.745995509999999182e-03 2.036997180000000066e-04
9.858869019999999192e-03 2.094841619999999918e-04
9.963201359999999951e-03 2.064548459999999931e-04
1.006359140000000034e-02 2.053814820000000028e-04
1.016185340000000034e-02 2.037101220000000134e-04
1.025981829999999921e-02 1.987878790000000039e-04
1.036449520000000055e-02 2.010517349999999871e-04
1.047422639999999981e-02 1.989006710000000122e-04
1.058060119999999944e-02 1.958391370000000012e-04
1.068165809999999973e-02 1.962250680000000120e-04
1.077763829999999964e-02 1.935871109999999918e-04
1.086934189999999925e-02 1.941158409999999945e-04
1.096210159999999947e-02 1.949353460000000028e-04
1.106129209999999995e-02 1.857497259999999991e-04
1.116462980000000084e-02 1.849362600000000107e-04
1.126692259999999973e-02 1.844207580000000065e-04
1.136662719999999988e-02 1.824260110000000014e-04
1.145811099999999999e-02 1.905832609999999884e-04
1.154042589999999986e-02 1.882796639999999939e-04
1.162667950000000061e-02 1.760140879999999998e-04
1.172078489999999959e-02 1.762996110000000121e-04
1.181739100000000001e-02 1.722358279999999916e-04
1.191593430000000009e-02 1.719372379999999881e-04
1.200816969999999977e-02 1.816422450000000036e-04
1.209152020000000063e-02 1.795567509999999943e-04
1.217285360000000018e-02 1.771105600000000019e-04
1.225758899999999929e-02 1.785146889999999901e-04
1.234966420000000072e-02 1.702222800000000036e-04
1.244995739999999948e-02 1.721540030000000070e-04
1.254971700000000016e-02 1.790613609999999929e-04
1.264092229999999942e-02 1.764275660000000118e-04
1.272421330000000038e-02 1.816385919999999906e-04
1.280764579999999972e-02 1.835996809999999911e-04
1.289497220000000027e-02 1.825435320000000057e-04
1.298856460000000039e-02 1.856727899999999947e-04
1.309176069999999983e-02 1.783898189999999961e-04
1.319271879999999939e-02 1.746709459999999940e-04
1.328447370000000044e-02 1.803279879999999924e-04
1.337029690000000014e-02 1.788086370000000023e-04
1.345362330000000016e-02 1.780819289999999925e-04
1.354062280000000069e-02 1.800290480000000051e-04
1.363404369999999914e-02 1.747114579999999875e-04
1.373083980000000016e-02 1.745805350000000024e-04
1.382666729999999962e-02 1.758576690000000038e-04
1.391941590000000083e-02 1.747065540000000130e-04
1.400705239999999914e-02 1.806926299999999871e-04
1.408922490000000076e-02 1.795671410000000028e-04
1.417343499999999985e-02 1.723678869999999911e-04
1.426256730000000084e-02 1.727355410000000122e-04
1.435534280000000038e-02 1.676718240000000019e-04
1.445054819999999976e-02 1.670741909999999889e-04
1.454143039999999942e-02 1.726402989999999984e-04
1.462295190000000022e-02 1.692634540000000109e-04
1.469990049999999986e-02 1.674971139999999908e-04
1.477991319999999963e-02 1.686947939999999932e-04
1.486510220000000077e-02 1.640287229999999933e-04
1.495586339999999993e-02 1.656962850000000070e-04
1.504857190000000004e-02 1.664404700000000046e-04
1.513673089999999916e-02 1.637476380000000013e-04
1.521783510000000034e-02 1.680297140000000067e-04
1.529618259999999952e-02 1.681457799999999973e-04
1.537614129999999996e-02 1.657938409999999902e-04
1.546147749999999925e-02 1.681662830000000099e-04
1.555378640000000014e-02 1.637633979999999925e-04
1.564303969999999988e-02 1.603483690000000064e-04
1.572453600000000076e-02 1.631699269999999915e-04
1.580302979999999996e-02 1.623808930000000101e-04
1.587943550000000051e-02 1.636792590000000114e-04
1.595490800000000028e-02 1.633692590000000093e-04
1.603487129999999969e-02 1.550362789999999941e-04
1.612082499999999835e-02 1.558447110000000125e-04
1.620707290000000106e-02 1.581876860000000051e-04
1.629299299999999867e-02 1.588459559999999895e-04
1.637657550000000059e-02 1.639639520000000063e-04
1.645146310000000084e-02 1.605782889999999902e-04
1.652386780000000138e-02 1.553227190000000014e-04
1.660300229999999919e-02 1.572597540000000025e-04
1.668550820000000087e-02 1.570229359999999888e-04
1.677068320000000071e-02 1.587495940000000058e-04
1.685719940000000167e-02 1.613114579999999870e-04
1.693661700000000103e-02 1.579832610000000092e-04
1.701078379999999834e-02 1.580786480000000128e-04
1.708463210000000024e-02 1.579161620000000003e-04
1.715858649999999971e-02 1.567049480000000025e-04
1.723987979999999989e-02 1.604583810000000099e-04
1.733110100000000153e-02 1.543662800000000117e-04
1.742174479999999970e-02 1.520355440000000120e-04
1.750193909999999894e-02 1.629225299999999927e-04
1.757369940000000005e-02 1.617985400000000089e-04
1.764408690000000141e-02 1.615829390000000009e-04
1.771797430000000145e-02 1.635948140000000061e-04
1.780137050000000012e-02 1.527135030000000091e-04
1.789253580000000135e-02 1.534683539999999967e-04
1.798107659999999969e-02 1.599506359999999913e-04
1.806238289999999996e-02 1.577212390000000105e-04
1.813606549999999956e-02 1.642197309999999871e-04
1.820804919999999966e-02 1.657628889999999879e-04
1.828872969999999903e-02 1.561792740000000131e-04
1.837801749999999970e-02 1.578938389999999959e-04
1.846692340000000154e-02 1.626823940000000099e-04
1.855098269999999952e-02 1.614915089999999882e-04
1.863102239999999896e-02 1.648963519999999908e-04
1.870634969999999953e-02 1.630734910000000053e-04
1.877951809999999985e-02 1.615897929999999898e-04
1.885928209999999938e-02 1.652314820000000027e-04
1.894834080000000129e-02 1.604810100000000114e-04
1.904042439999999864e-02 1.605932480000000107e-04
1.913208699999999901e-02 1.609711329999999980e-04
1.921832190000000162e-02 1.578428930000000071e-04
1.929320949999999840e-02 1.681059510000000123e-04
1.936672999999999867e-02 1.707521300000000033e-04
1.944782769999999980e-02 1.654511140000000039e-04
1.953326719999999919e-02 1.663749280000000085e-04
1.962444370000000077e-02 1.594116469999999988e-04
1.971758339999999873e-02 1.580742680000000045e-04
1.980136329999999945e-02 1.705575999999999880e-04
1.987624730000000020e-02 1.697181870000000019e-04
1.995226929999999871e-02 1.648637410000000040e-04
2.003495400000000065e-02 1.671227070000000110e-04
2.012628879999999940e-02 1.589467279999999972e-04
2.022170829999999850e-02 1.582299299999999896e-04
2.030784260000000063e-02 1.717173729999999963e-04
2.038362620000000111e-02 1.705919709999999896e-04
2.046045850000000055e-02 1.663637519999999965e-04
2.053921300000000061e-02 1.659825500000000089e-04
2.062075959999999999e-02 1.596398510000000088e-04
2.071219310000000161e-02 1.633017819999999930e-04
2.080577429999999964e-02 1.698886629999999905e-04
2.089340979999999848e-02 1.684555610000000071e-04
2.097838000000000133e-02 1.689280910000000085e-04
2.106064369999999936e-02 1.677060790000000062e-04
2.114129630000000093e-02 1.676327669999999950e-04
2.122513950000000024e-02 1.695211690000000078e-04
2.131331339999999880e-02 1.669070040000000040e-04
2.140303699999999976e-02 1.668986369999999892e-04
2.149395460000000022e-02 1.648832259999999915e-04
2.158534900000000020e-02 1.642140709999999977e-04
2.166800199999999871e-02 1.769069490000000060e-04
2.174191920000000111e-02 1.764725020000000003e-04
2.182063089999999872e-02 1.673056249999999945e-04
2.190684340000000063e-02 1.684907909999999915e-04
2.199925299999999986e-02 1.620792459999999973e-04
2.209929559999999904e-02 1.643668660000000004e-04
2.219548450000000117e-02 1.765116179999999882e-04
2.227664370000000116e-02 1.718472050000000040e-04
2.235118859999999860e-02 1.699403070000000092e-04
2.242899500000000018e-02 1.709880599999999873e-04
2.251358889999999918e-02 1.625927250000000078e-04
2.261041659999999884e-02 1.671269569999999966e-04
2.271274850000000109e-02 1.711794610000000100e-04
2.280455080000000009e-02 1.663348810000000002e-04
2.288402989999999831e-02 1.727803460000000091e-04
2.295838299999999887e-02 1.720185250000000083e-04
2.303553930000000124e-02 1.652222849999999976e-04
2.312571370000000154e-02 1.703601739999999979e-04
2.322533350000000052e-02 1.689101480000000123e-04
2.331981060000000092e-02 1.655298109999999920e-04
2.340650190000000130e-02 1.697277910000000070e-04
2.348850109999999977e-02 1.684271990000000099e-04
2.356369609999999989e-02 1.755412380000000031e-04
2.363795600000000163e-02 1.775399870000000089e-04
2.372536440000000066e-02 1.611298939999999871e-04
2.382370829999999953e-02 1.615619989999999998e-04
2.391973320000000125e-02 1.666697499999999978e-04
2.401169389999999876e-02 1.662895229999999903e-04
2.409642190000000142e-02 1.772419930000000091e-04
2.416774630000000090e-02 1.731644439999999987e-04
2.424093340000000110e-02 1.593715420000000054e-04
2.433064769999999932e-02 1.643146099999999877e-04
2.442703950000000082e-02 1.662835129999999900e-04
2.452343519999999888e-02 1.667567850000000081e-04
2.461560260000000139e-02 1.751347739999999911e-04
2.469121659999999954e-02 1.684623710000000092e-04
2.475989799999999894e-02 1.614817589999999973e-04
2.484032140000000041e-02 1.659965199999999968e-04
2.493081990000000150e-02 1.623763820000000103e-04
2.502773520000000154e-02 1.649376650000000091e-04
2.512852100000000088e-02 1.649473559999999918e-04
2.521829869999999904e-02 1.583323319999999893e-04
2.529066610000000118e-02 1.690372739999999906e-04
2.536229040000000101e-02 1.722172460000000009e-04
2.544033529999999849e-02 1.703062149999999867e-04
2.552423440000000168e-02 1.733633250000000026e-04
2.562078649999999930e-02 1.614087089999999964e-04
2.571808730000000112e-02 1.575575440000000042e-04
2.580239250000000012e-02 1.678981349999999866e-04
2.588391300000000145e-02 1.699457210000000057e-04
2.596591599999999861e-02 1.748273060000000089e-04
2.604327539999999955e-02 1.735647240000000010e-04
2.612626369999999920e-02 1.606891460000000054e-04
2.622060479999999832e-02 1.630845220000000004e-04
2.631291750000000138e-02 1.730873919999999970e-04
2.639898660000000036e-02 1.729553329999999976e-04
2.648242560000000148e-02 1.776322020000000021e-04
2.655634659999999911e-02 1.735918490000000079e-04
2.663015389999999830e-02 1.619043760000000022e-04
2.671737600000000101e-02 1.655297530000000069e-04
2.681038159999999879e-02 1.659777039999999924e-04
2.690620349999999980e-02 1.680470600000000031e-04
2.700277229999999834e-02 1.725428880000000049e-04
2.708526890000000076e-02 1.657356329999999894e-04
2.715601210000000154e-02 1.670318739999999979e-04
2.723182920000000173e-02 1.705331379999999925e-04
2.731622569999999847e-02 1.653221550000000045e-04
2.740801680000000060e-02 1.678915580000000022e-04
2.750602179999999883e-02 1.646513990000000112e-04
2.760020640000000053e-02 1.609621980000000032e-04
2.768076400000000006e-02 1.734238180000000074e-04
2.775293029999999911e-02 1.731096270000000007e-04
2.782737089999999872e-02 1.691146900000000015e-04
2.791078019999999882e-02 1.730517980000000034e-04
2.800832320000000084e-02 1.597617080000000075e-04
2.811292370000000040e-02 1.592203480000000022e-04
2.820483780000000024e-02 1.789035300000000011e-04
2.828045750000000164e-02 1.759665610000000103e-04
2.835250460000000167e-02 1.737282580000000000e-04
2.842558179999999865e-02 1.737852580000000030e-04
2.850787529999999903e-02 1.592278280000000105e-04
2.860648929999999937e-02 1.637828389999999932e-04
2.870799409999999843e-02 1.709801870000000044e-04
2.879915569999999883e-02 1.673531369999999897e-04
2.888163369999999924e-02 1.717831910000000009e-04
2.895717509999999953e-02 1.689881320000000034e-04
2.902778610000000120e-02 1.694064119999999908e-04
2.910825980000000118e-02 1.757020650000000038e-04
2.920443379999999867e-02 1.670841450000000049e-04
2.930351349999999952e-02 1.657147799999999930e-04
2.939970420000000140e-02 1.673294460000000034e-04
2.948680329999999947e-02 1.624620640000000059e-04
2.955690960000000034e-02 1.766648780000000031e-04
2.962520899999999957e-02 1.806923829999999983e-04
2.970840040000000126e-02 1.670089110000000029e-04
2.980464879999999983e-02 1.696894469999999972e-04
2.990940029999999972e-02 1.630288020000000056e-04
3.001315330000000128e-02 1.602497359999999899e-04
3.009677310000000161e-02 1.867078970000000070e-04
3.016015509999999886e-02 1.840884070000000034e-04
3.023049239999999957e-02 1.645466689999999896e-04
3.031560219999999972e-02 1.663947480000000127e-04
3.040817750000000125e-02 1.590617899999999881e-04
3.051144819999999924e-02 1.626095039999999930e-04
3.060944939999999878e-02 1.812519770000000025e-04
3.068737690000000046e-02 1.761616590000000056e-04
3.076196650000000143e-02 1.682395809999999957e-04
3.083949349999999881e-02 1.671304200000000098e-04
3.091930229999999974e-02 1.596114020000000068e-04
3.101441820000000113e-02 1.661078569999999914e-04
3.111644460000000112e-02 1.726095220000000016e-04
3.120668600000000084e-02 1.676358220000000122e-04
3.128921610000000297e-02 1.666937309999999908e-04
3.136774900000000033e-02 1.641878479999999915e-04
3.143885359999999685e-02 1.695773970000000056e-04
3.151460739999999844e-02 1.743062459999999872e-04
3.160306809999999939e-02 1.669247579999999964e-04
3.169638290000000025e-02 1.671793290000000065e-04
3.179329630000000267e-02 1.612164199999999983e-04
3.189025820000000039e-02 1.588709569999999997e-04
3.197453919999999894e-02 1.734981920000000033e-04
3.204922379999999849e-02 1.732389360000000111e-04
3.212586419999999970e-02 1.692786319999999966e-04
3.220599889999999771e-02 1.699445270000000062e-04
3.229403499999999871e-02 1.592563060000000050e-04
3.239410370000000289e-02 1.626392479999999975e-04
3.249190750000000016e-02 1.751832310000000050e-04
3.257534279999999699e-02 1.710587819999999934e-04
3.264973310000000156e-02 1.747058850000000028e-04
3.272029760000000342e-02 1.734968970000000008e-04
3.279766440000000255e-02 1.588020820000000130e-04
3.289453690000000013e-02 1.654300139999999916e-04
3.299845760000000294e-02 1.727337370000000107e-04
3.308970850000000213e-02 1.677794350000000041e-04
3.317127000000000270e-02 1.695176760000000060e-04
3.324849529999999997e-02 1.675342789999999954e-04
3.331997989999999771e-02 1.716057739999999915e-04
3.339739889999999989e-02 1.764004410000000048e-04
3.348813579999999901e-02 1.675169619999999915e-04
3.358433400000000041e-02 1.678228150000000030e-04
3.368400409999999789e-02 1.629051989999999906e-04
3.377883140000000062e-02 1.582305560000000090e-04
3.385762500000000230e-02 1.725704210000000079e-04
3.392745929999999716e-02 1.723559250000000027e-04
3.400125729999999707e-02 1.645190789999999975e-04
3.408778090000000316e-02 1.691099899999999980e-04
3.418670220000000204e-02 1.612335619999999967e-04
3.428860379999999763e-02 1.604022249999999955e-04
3.438040609999999664e-02 1.748681389999999936e-04
3.445466610000000318e-02 1.695796960000000078e-04
3.452090549999999730e-02 1.689046769999999996e-04
3.459473700000000040e-02 1.732038800000000091e-04
3.468447179999999824e-02 1.579875239999999970e-04
3.478846330000000264e-02 1.610829490000000030e-04
3.489178419999999781e-02 1.708054039999999869e-04
3.497914600000000263e-02 1.644902950000000060e-04
3.505411740000000109e-02 1.676004029999999970e-04
3.512484579999999856e-02 1.664062000000000061e-04
3.519390149999999939e-02 1.665226739999999927e-04
3.527762370000000341e-02 1.753658870000000054e-04
3.537791590000000097e-02 1.716586559999999965e-04
3.547464310000000148e-02 1.681802100000000071e-04
3.556487340000000219e-02 1.693662049999999984e-04
3.564798090000000086e-02 1.652915670000000114e-04
3.572086990000000045e-02 1.709862700000000112e-04
3.579578919999999720e-02 1.744833859999999921e-04
3.588522599999999924e-02 1.606476139999999948e-04
3.598139809999999911e-02 1.597077790000000119e-04
3.607416530000000232e-02 1.621398549999999994e-04
3.616432099999999927e-02 1.614470969999999930e-04
3.624447060000000193e-02 1.762370519999999956e-04
3.631323580000000301e-02 1.744934999999999921e-04
3.638699649999999758e-02 1.613027710000000041e-04
3.647241739999999843e-02 1.637759850000000043e-04
3.656474869999999655e-02 1.591627080000000086e-04
3.666506709999999697e-02 1.622837739999999883e-04
3.676408159999999814e-02 1.737411800000000014e-04
3.684624660000000024e-02 1.677633549999999905e-04
3.691868110000000314e-02 1.667323959999999919e-04
3.699138019999999999e-02 1.665196320000000049e-04
3.706541659999999794e-02 1.637000240000000071e-04
3.715468200000000137e-02 1.715971160000000011e-04
3.726020459999999923e-02 1.664770100000000129e-04
3.735582900000000012e-02 1.589253079999999895e-04
3.743182119999999974e-02 1.712563100000000097e-04
3.750087319999999974e-02 1.715269460000000119e-04
3.757188470000000224e-02 1.683991430000000096e-04
3.765841570000000305e-02 1.766075869999999973e-04
3.776582700000000181e-02 1.645441950000000090e-04
3.786706179999999727e-02 1.562694820000000027e-04
3.794788200000000222e-02 1.673469089999999931e-04
3.802411259999999987e-02 1.688010819999999964e-04
3.809732200000000291e-02 1.785443750000000095e-04
