-7.517886159999999374e-02 3.246709820000000268e-04
-7.502636309999999309e-02 3.146649109999999729e-04
-7.486495379999999478e-02 3.159842160000000066e-04
-7.470192759999999543e-02 3.169508710000000225e-04
-7.453829800000000283e-02 3.180823700000000071e-04
-7.437475030000000042e-02 3.225567049999999948e-04
-7.422043379999999912e-02 3.186242540000000056e-04
-7.407144459999999431e-02 3.153767029999999800e-04
-7.391238209999999309e-02 3.202645170000000029e-04
-7.374476639999999472e-02 3.195669559999999979e-04
-7.358251509999999551e-02 3.156660239999999952e-04
-7.342656699999999814e-02 3.153544379999999878e-04
-7.327318939999999392e-02 3.141318740000000227e-04
-7.312302290000000093e-02 3.160694319999999939e-04
-7.297158989999999457e-02 3.175262250000000178e-04
-7.281578330000000598e-02 3.154991720000000269e-04
-7.265947009999999817e-02 3.150684060000000035e-04
-7.250414789999999610e-02 3.143224169999999772e-04
-7.234638929999999413e-02 3.155152370000000191e-04
-7.218845190000000578e-02 3.185263780000000271e-04
-7.203347979999999429e-02 3.174001179999999794e-04
-7.187838109999999947e-02 3.140649930000000102e-04
-7.172162830000000655e-02 3.142881029999999918e-04
-7.156476380000000026e-02 3.159064220000000153e-04
-7.140865180000000034e-02 3.160345659999999916e-04
-7.125183190000000666e-02 3.140213379999999988e-04
-7.109473650000000533e-02 3.134633009999999802e-04
-7.094001769999999651e-02 3.158776090000000041e-04
-7.078576089999999432e-02 3.160385240000000056e-04
-7.062862070000000547e-02 3.116829319999999911e-04
-7.046894730000000107e-02 3.120631149999999847e-04
-7.031075659999999616e-02 3.155876470000000024e-04
-7.015359399999999968e-02 3.162465580000000005e-04
-6.999573859999999592e-02 3.181375499999999912e-04
-6.984151149999999475e-02 3.166425160000000067e-04
-6.968861819999999652e-02 3.135247679999999962e-04
-6.953269239999999851e-02 3.142272469999999739e-04
-6.937655809999999923e-02 3.158335749999999892e-04
-6.921908259999999535e-02 3.167881219999999767e-04
-6.905901429999999896e-02 3.151334820000000186e-04
-6.890001889999999851e-02 3.143307110000000126e-04
-6.874250619999999756e-02 3.157760369999999947e-04
-6.858790670000000644e-02 3.145472149999999903e-04
-6.843501329999999994e-02 3.127858800000000018e-04
-6.827944519999999684e-02 3.137589670000000123e-04
-6.812267010000000456e-02 3.144390649999999733e-04
-6.796424090000000029e-02 3.152452700000000271e-04
-6.780382990000000110e-02 3.141878410000000063e-04
-6.764499100000000154e-02 3.132926360000000150e-04
-6.748805939999999448e-02 3.139821349999999791e-04
-6.733129919999999990e-02 3.141301569999999988e-04
-6.717436020000000507e-02 3.154437000000000170e-04
-6.701734659999999955e-02 3.159650369999999890e-04
-6.686000529999999720e-02 3.156822060000000077e-04
-6.670179219999999853e-02 3.161042110000000186e-04
-6.654310230000000381e-02 3.164685040000000255e-04
-6.638599189999999650e-02 3.152179120000000024e-04
-6.623017790000000626e-02 3.138961909999999733e-04
-6.607418510000000189e-02 3.139552429999999898e-04
-6.591796129999999421e-02 3.149340049999999839e-04
-6.576030700000000395e-02 3.161499330000000106e-04
-6.560079010000000044e-02 3.152314750000000175e-04
-6.544180959999999769e-02 3.145757660000000184e-04
-6.528332080000000259e-02 3.135623410000000239e-04
-6.512387840000000150e-02 3.133364950000000243e-04
-6.496631349999999749e-02 3.158207399999999926e-04
-6.481059640000000344e-02 3.160299379999999985e-04
-6.465487929999999550e-02 3.166019449999999780e-04
-6.449838730000000131e-02 3.172698779999999757e-04
-6.433878090000000327e-02 3.151262640000000205e-04
-6.417889150000000154e-02 3.145266379999999752e-04
-6.402058150000000669e-02 3.143154320000000239e-04
-6.386294959999999632e-02 3.138348109999999891e-04
-6.370689720000000111e-02 3.151427660000000013e-04
-6.355026360000000374e-02 3.155356099999999820e-04
-6.339222939999999973e-02 3.142905479999999799e-04
-6.323388959999999559e-02 3.144538499999999844e-04
-6.307436530000000430e-02 3.141352209999999845e-04
-6.291422250000000549e-02 3.144000660000000058e-04
-6.275574120000000644e-02 3.167252580000000134e-04
-6.259933859999999850e-02 3.163150979999999977e-04
-6.244358789999999992e-02 3.162646899999999733e-04
-6.228600069999999655e-02 3.169180999999999973e-04
-6.212622670000000208e-02 3.150909910000000182e-04
-6.196725370000000233e-02 3.143813519999999733e-04
-6.180905180000000054e-02 3.136899029999999948e-04
-6.164983289999999977e-02 3.140492479999999862e-04
-6.149022280000000090e-02 3.155893059999999870e-04
-6.133216250000000230e-02 3.152178540000000174e-04
-6.117532030000000232e-02 3.150221309999999986e-04
-6.101762880000000111e-02 3.154608709999999808e-04
-6.085908410000000213e-02 3.152535360000000117e-04
-6.069932129999999759e-02 3.154788569999999949e-04
-6.053922700000000101e-02 3.155533340000000130e-04
-6.037978459999999992e-02 3.156172460000000171e-04
-6.022176149999999839e-02 3.181576319999999784e-04
-6.006510179999999949e-02 3.182604850000000192e-04
-5.990682170000000140e-02 3.170524139999999851e-04
-5.974784119999999865e-02 3.170362910000000078e-04
-5.958854029999999941e-02 3.152555440000000112e-04
-5.942796919999999983e-02 3.153769069999999780e-04
-5.926812439999999682e-02 3.169193219999999933e-04
-5.910855529999999719e-02 3.168745320000000178e-04
-5.894957110000000056e-02 3.177277980000000257e-04
-5.879209190000000279e-02 3.175672609999999774e-04
-5.863328279999999865e-02 3.161075579999999803e-04
-5.847377329999999679e-02 3.159996700000000007e-04
-5.831424889999999722e-02 3.144669460000000224e-04
-5.815232919999999833e-02 3.153535360000000141e-04
-5.799119920000000289e-02 3.191339489999999845e-04
-5.783157049999999855e-02 3.191586870000000156e-04
-5.767133089999999795e-02 3.182166260000000098e-04
-5.751169469999999756e-02 3.179504129999999795e-04
-5.735249070000000143e-02 3.179369379999999923e-04
-5.719213559999999918e-02 3.186243119999999907e-04
-5.703004080000000087e-02 3.188435219999999977e-04
-5.686773729999999860e-02 3.190519349999999961e-04
-5.670664090000000074e-02 3.204354430000000095e-04
-5.654689670000000168e-02 3.201201329999999747e-04
-5.638714880000000179e-02 3.192326400000000132e-04
-5.622683469999999878e-02 3.188168919999999915e-04
-5.606661360000000233e-02 3.178185429999999837e-04
-5.590401219999999866e-02 3.193170410000000046e-04
-5.573968220000000140e-02 3.218132189999999958e-04
-5.557655539999999811e-02 3.219965440000000065e-04
-5.541351440000000239e-02 3.214268649999999948e-04
-5.525148659999999656e-02 3.206135009999999783e-04
-5.509121720000000055e-02 3.212917070000000184e-04
-5.492867900000000109e-02 3.224569079999999944e-04
-5.476455759999999950e-02 3.230512959999999904e-04
-5.460124090000000041e-02 3.232187880000000034e-04
-5.443770440000000183e-02 3.233170139999999929e-04
-5.427438019999999974e-02 3.232252779999999831e-04
-5.411056799999999778e-02 3.233736500000000138e-04
-5.394681540000000053e-02 3.233924800000000164e-04
-5.378482490000000005e-02 3.251596060000000129e-04
-5.362164970000000280e-02 3.265087140000000050e-04
-5.345642569999999733e-02 3.268323200000000130e-04
-5.329039320000000107e-02 3.269858130000000184e-04
-5.312369019999999692e-02 3.263028920000000076e-04
-5.295756089999999888e-02 3.261562379999999968e-04
-5.279218780000000111e-02 3.282459220000000146e-04
-5.262633039999999734e-02 3.292931069999999855e-04
-5.246046559999999886e-02 3.309400930000000072e-04
-5.229412759999999688e-02 3.318155069999999870e-04
-5.212648589999999832e-02 3.320673999999999913e-04
-5.195671689999999815e-02 3.329798349999999818e-04
-5.178532000000000274e-02 3.328201710000000231e-04
-5.161509660000000027e-02 3.325129800000000183e-04
-5.144720900000000069e-02 3.355406809999999921e-04
-5.127869169999999671e-02 3.370092890000000226e-04
-5.110685150000000149e-02 3.368268659999999856e-04
-5.093396459999999931e-02 3.373953509999999979e-04
-5.076108499999999746e-02 3.377034740000000191e-04
-5.058706179999999941e-02 3.385008019999999817e-04
-5.041335150000000181e-02 3.412348449999999772e-04
-5.023879929999999772e-02 3.422529550000000080e-04
-5.006398630000000183e-02 3.446434570000000172e-04
-4.988975820000000200e-02 3.456171830000000222e-04
-4.971383139999999839e-02 3.467997590000000143e-04
-4.953577370000000063e-02 3.485133060000000262e-04
-4.935666920000000152e-02 3.502146279999999892e-04
-4.917662960000000055e-02 3.513900450000000185e-04
-4.899590830000000174e-02 3.535214640000000218e-04
-4.881381240000000343e-02 3.546289230000000052e-04
-4.863172400000000117e-02 3.577240570000000085e-04
-4.844935239999999949e-02 3.594894659999999811e-04
-4.826513679999999695e-02 3.613172449999999935e-04
-4.807908090000000134e-02 3.630784630000000158e-04
-4.789059980000000272e-02 3.653016760000000140e-04
-4.770104960000000338e-02 3.667524140000000005e-04
-4.751133920000000233e-02 3.691144520000000134e-04
-4.732019080000000183e-02 3.708276780000000069e-04
-4.712968320000000128e-02 3.766522859999999937e-04
-4.693799089999999702e-02 3.789394979999999736e-04
-4.674299059999999922e-02 3.797832180000000157e-04
-4.654637350000000173e-02 3.815673700000000133e-04
-4.634702210000000294e-02 3.834073429999999816e-04
-4.614625130000000325e-02 3.849359929999999759e-04
-4.594640430000000025e-02 3.892628010000000259e-04
-4.574581240000000215e-02 3.912689860000000261e-04
-4.554353650000000225e-02 3.940302119999999865e-04
-4.533850770000000252e-02 3.961320620000000178e-04
-4.513134810000000302e-02 3.984345819999999790e-04
-4.492359609999999753e-02 4.001533959999999785e-04
-4.471361640000000304e-02 4.012204010000000078e-04
-4.450157660000000209e-02 4.028398539999999994e-04
-4.428956290000000268e-02 4.089067809999999740e-04
-4.407677430000000313e-02 4.115758059999999937e-04
-4.386154929999999674e-02 4.133701150000000093e-04
-4.364452139999999702e-02 4.151021420000000129e-04
-4.342573880000000219e-02 4.169855379999999980e-04
-4.320329430000000026e-02 4.192790070000000213e-04
-4.297977310000000023e-02 4.238754049999999976e-04
-4.275656860000000281e-02 4.259042030000000090e-04
-4.253248130000000099e-02 4.300527509999999757e-04
-4.230672120000000119e-02 4.325500050000000043e-04
-4.207738490000000053e-02 4.351598039999999981e-04
-4.184543710000000055e-02 4.376875880000000076e-04
-4.161246119999999910e-02 4.413226559999999950e-04
-4.137619210000000047e-02 4.446116800000000230e-04
-4.113801200000000158e-02 4.505564579999999731e-04
-4.089809209999999834e-02 4.531106679999999907e-04
-4.065616059999999782e-02 4.568836590000000192e-04
-4.041453820000000252e-02 4.586664440000000039e-04
-4.016979779999999695e-02 4.601445400000000151e-04
-3.992334010000000294e-02 4.617291270000000044e-04
-3.967587279999999772e-02 4.626708109999999987e-04
-3.942971680000000034e-02 4.622222910000000099e-04
-3.918286039999999831e-02 4.598118540000000224e-04
-3.893913699999999867e-02 4.564315019999999807e-04
-3.869733210000000229e-02 4.503129169999999892e-04
-3.846101090000000194e-02 4.454338049999999978e-04
-3.822749479999999755e-02 4.365626960000000231e-04
-3.799594569999999866e-02 4.321805029999999949e-04
-3.776581209999999716e-02 4.239491250000000048e-04
-3.753980619999999768e-02 4.185149160000000107e-04
-3.731933610000000290e-02 4.110064470000000044e-04
-3.710364180000000345e-02 4.054315210000000204e-04
-3.689263389999999920e-02 3.977738089999999943e-04
-3.668440879999999849e-02 3.928075889999999861e-04
-3.647964079999999748e-02 3.848498450000000263e-04
-3.627840799999999810e-02 3.803932920000000005e-04
-3.607920559999999721e-02 3.727915460000000162e-04
-3.588338940000000005e-02 3.680217200000000018e-04
-3.569263589999999847e-02 3.617746700000000156e-04
-3.550529110000000266e-02 3.574777220000000216e-04
-3.532198439999999912e-02 3.522867339999999890e-04
-3.513995560000000157e-02 3.491709649999999855e-04
-3.495987500000000137e-02 3.438083509999999786e-04
-3.478137399999999685e-02 3.414021339999999882e-04
-3.460428859999999801e-02 3.370859190000000030e-04
-3.442876789999999715e-02 3.345907320000000092e-04
-3.425557170000000096e-02 3.327772139999999874e-04
-3.408429770000000192e-02 3.309734169999999911e-04
-3.391476350000000028e-02 3.275902420000000080e-04
-3.374600409999999745e-02 3.259077200000000049e-04
-3.357879069999999966e-02 3.238208589999999826e-04
-3.341052309999999886e-02 3.232599990000000227e-04
-3.324244169999999998e-02 3.220422370000000059e-04
-3.307601439999999920e-02 3.210490390000000156e-04
-3.291036559999999805e-02 3.207922269999999884e-04
-3.274621440000000105e-02 3.198057820000000111e-04
-3.258334470000000260e-02 3.179785560000000116e-04
-3.242084380000000154e-02 3.170989219999999806e-04
-3.225875269999999712e-02 3.153414579999999742e-04
-3.209537640000000025e-02 3.150487610000000049e-04
-3.193201870000000192e-02 3.142871139999999864e-04
-3.177051990000000214e-02 3.133224089999999849e-04
-3.161055220000000276e-02 3.131876000000000234e-04
-3.145130349999999964e-02 3.127073289999999996e-04
-3.129182009999999931e-02 3.121524639999999915e-04
-3.113125820000000113e-02 3.126017689999999877e-04
-3.097051199999999865e-02 3.123479260000000231e-04
-3.080973589999999943e-02 3.122739730000000254e-04
-3.064892810000000023e-02 3.120162870000000211e-04
-3.048795279999999899e-02 3.115971919999999834e-04
-3.032827559999999936e-02 3.126116059999999833e-04
-3.016980550000000066e-02 3.126762170000000132e-04
-3.000998120000000075e-02 3.117780430000000134e-04
-2.984911020000000081e-02 3.120885809999999799e-04
-2.968852779999999955e-02 3.122474589999999894e-04
-2.952839620000000109e-02 3.120347100000000237e-04
-2.936807459999999856e-02 3.111259430000000133e-04
-2.920680490000000101e-02 3.109399109999999773e-04
-2.904688190000000170e-02 3.126765079999999889e-04
-2.888760159999999994e-02 3.133374850000000258e-04
-2.872721480000000119e-02 3.133336139999999895e-04
-2.856669569999999853e-02 3.134121649999999917e-04
-2.840501819999999983e-02 3.128768879999999932e-04
-2.824280220000000008e-02 3.130125989999999825e-04
-2.808173370000000002e-02 3.141093479999999892e-04
-2.792098000000000149e-02 3.143151120000000015e-04
-2.776060069999999880e-02 3.155106100000000221e-04
-2.759969049999999938e-02 3.158266189999999743e-04
-2.743805569999999833e-02 3.155103189999999922e-04
-2.727674689999999916e-02 3.156298480000000232e-04
-2.711415099999999953e-02 3.150044650000000069e-04
-2.695037239999999862e-02 3.154952719999999980e-04
-2.678779140000000017e-02 3.176538740000000205e-04
-2.662591820000000109e-02 3.180047500000000252e-04
-2.646358310000000019e-02 3.182062939999999863e-04
-2.630117350000000034e-02 3.183234660000000028e-04
-2.613831130000000141e-02 3.178933109999999775e-04
-2.597259169999999867e-02 3.190153800000000207e-04
-2.580624449999999875e-02 3.210986619999999783e-04
-2.564070560000000082e-02 3.217964549999999778e-04
-2.547434339999999839e-02 3.235807229999999998e-04
-2.530786949999999993e-02 3.242985989999999825e-04
-2.514178120000000113e-02 3.257053609999999936e-04
-2.497535390000000036e-02 3.264168630000000211e-04
-2.480788340000000120e-02 3.266551650000000138e-04
-2.463837899999999845e-02 3.275124760000000133e-04
-2.446792830000000044e-02 3.283337569999999995e-04
-2.429793220000000045e-02 3.288001459999999820e-04
-2.412796210000000066e-02 3.301348480000000207e-04
-2.395850979999999963e-02 3.303051339999999825e-04
-2.378862350000000153e-02 3.312958869999999847e-04
-2.361783569999999916e-02 3.321994739999999851e-04
-2.344604210000000161e-02 3.317654770000000243e-04
-2.327369339999999995e-02 3.319426610000000160e-04
-2.310182529999999998e-02 3.332350750000000021e-04
-2.292910960000000067e-02 3.337487289999999909e-04
-2.275606620000000108e-02 3.346460580000000062e-04
-2.258390190000000158e-02 3.348948669999999737e-04
-2.241115089999999935e-02 3.358712420000000191e-04
-2.223760450000000083e-02 3.367082679999999751e-04
-2.206349369999999893e-02 3.368109759999999989e-04
-2.188831009999999896e-02 3.374925000000000082e-04
-2.171269990000000011e-02 3.386725730000000271e-04
-2.153661290000000172e-02 3.389166089999999846e-04
-2.136130630000000058e-02 3.409081549999999866e-04
-2.118687890000000087e-02 3.415566169999999951e-04
-2.101106200000000049e-02 3.410461939999999978e-04
-2.083420570000000041e-02 3.414854580000000004e-04
-2.065641810000000064e-02 3.424400059999999839e-04
-2.047790769999999899e-02 3.432267110000000016e-04
-2.029963580000000017e-02 3.444978499999999970e-04
-2.012240889999999949e-02 3.443262540000000113e-04
-1.994551899999999836e-02 3.444114989999999912e-04
-1.976788039999999996e-02 3.444191239999999893e-04
-1.959041879999999861e-02 3.447525959999999854e-04
-1.941244120000000170e-02 3.456471309999999976e-04
-1.923214460000000070e-02 3.455674740000000238e-04
-1.905130409999999941e-02 3.458748980000000191e-04
-1.887173580000000087e-02 3.475277339999999758e-04
-1.869298330000000036e-02 3.476316919999999921e-04
-1.851399620000000051e-02 3.475270639999999966e-04
-1.833323580000000008e-02 3.480748560000000236e-04
-1.815247719999999940e-02 3.496185820000000046e-04
-1.797115620000000122e-02 3.509836100000000261e-04
-1.778805069999999863e-02 3.518059679999999915e-04
-1.760558779999999920e-02 3.517177250000000106e-04
-1.742257360000000130e-02 3.518725279999999856e-04
-1.723952029999999830e-02 3.519592859999999914e-04
-1.705816389999999932e-02 3.536838050000000173e-04
-1.687736440000000074e-02 3.539691099999999792e-04
-1.669522559999999864e-02 3.525236099999999877e-04
-1.651175129999999866e-02 3.523211050000000177e-04
-1.632763820000000116e-02 3.507278159999999969e-04
-1.614641030000000047e-02 3.488998920000000218e-04
-1.596635769999999940e-02 3.470789819999999925e-04
-1.578683029999999876e-02 3.461119780000000159e-04
-1.560908090000000074e-02 3.450636870000000191e-04
-1.543218179999999995e-02 3.441750009999999999e-04
-1.525495020000000070e-02 3.411522479999999874e-04
-1.507782560000000063e-02 3.395341919999999973e-04
-1.490111090000000027e-02 3.357634120000000245e-04
-1.472650650000000006e-02 3.335976799999999776e-04
-1.455469900000000080e-02 3.322379489999999864e-04
-1.438434520000000071e-02 3.308763550000000126e-04
-1.421458180000000071e-02 3.293160700000000076e-04
-1.404613910000000049e-02 3.279643420000000220e-04
-1.387825240000000078e-02 3.238797359999999936e-04
-1.371156419999999994e-02 3.216894109999999867e-04
-1.354594620000000062e-02 3.173935690000000186e-04
-1.338017359999999975e-02 3.155067099999999932e-04
-1.321677679999999980e-02 3.142573990000000015e-04
-1.305675599999999922e-02 3.122105260000000064e-04
-1.289739370000000072e-02 3.087842780000000175e-04
-1.273862649999999916e-02 3.071940149999999943e-04
-1.258086790000000066e-02 3.032779500000000157e-04
-1.242405360000000021e-02 3.013010720000000044e-04
-1.226893159999999962e-02 2.986367910000000021e-04
-1.211486380000000029e-02 2.966381139999999797e-04
-1.196263730000000046e-02 2.941834389999999793e-04
-1.181310879999999952e-02 2.920830449999999847e-04
-1.166496520000000030e-02 2.885604629999999815e-04
-1.151815800000000056e-02 2.864885900000000265e-04
-1.137134149999999982e-02 2.817815110000000092e-04
-1.122506149999999946e-02 2.797651979999999836e-04
-1.108118609999999941e-02 2.770950669999999922e-04
-1.093971170000000021e-02 2.746905960000000182e-04
-1.080045290000000019e-02 2.717124009999999867e-04
-1.066226229999999928e-02 2.696311570000000171e-04
-1.052515390000000051e-02 2.656801660000000049e-04
-1.038914640000000028e-02 2.639613520000000054e-04
-1.025295069999999920e-02 2.598516289999999967e-04
-1.011840909999999968e-02 2.573792010000000271e-04
-9.986803869999999819e-03 2.544126180000000001e-04
-9.856088089999999469e-03 2.528096370000000007e-04
-9.726930409999999180e-03 2.509572369999999776e-04
-9.600406509999999394e-03 2.487068999999999955e-04
-9.475369009999999939e-03 2.449400489999999900e-04
-9.349917989999999637e-03 2.435001809999999913e-04
-9.225049989999999436e-03 2.404950059999999968e-04
-9.102221580000000034e-03 2.385190159999999880e-04
-8.980429729999999527e-03 2.356453039999999893e-04
-8.859848599999999366e-03 2.338838530000000035e-04
-8.741542700000000388e-03 2.318861219999999957e-04
-8.624968119999999738e-03 2.301261700000000105e-04
-8.508675729999999951e-03 2.257102170000000060e-04
-8.391750979999999457e-03 2.241939950000000083e-04
-8.276461619999999839e-03 2.227304940000000085e-04
-8.163342250000000383e-03 2.212062830000000035e-04
-8.051286450000000317e-03 2.187487120000000012e-04
-7.940549400000000008e-03 2.170722870000000031e-04
-7.830804210000000265e-03 2.148780769999999887e-04
-7.722040169999999648e-03 2.134975369999999879e-04
-7.614168339999999660e-03 2.103313890000000068e-04
-7.506625260000000105e-03 2.089941699999999967e-04
-7.400138300000000217e-03 2.070429330000000132e-04
-7.294283250000000232e-03 2.056794470000000100e-04
-7.189589550000000107e-03 2.038444799999999881e-04
-7.086699360000000419e-03 2.023814300000000021e-04
-6.984482979999999744e-03 2.001957329999999884e-04
-6.882986049999999592e-03 1.989756999999999930e-04
-6.782592270000000270e-03 1.966640700000000044e-04
-6.682510949999999686e-03 1.956442280000000096e-04
-6.583094599999999609e-03 1.939216449999999999e-04
-6.484450769999999635e-03 1.925744290000000101e-04
-6.386958059999999632e-03 1.907648690000000023e-04
-6.290878629999999833e-03 1.895270249999999983e-04
-6.195727269999999620e-03 1.876376190000000129e-04
-6.101066710000000240e-03 1.866617970000000076e-04
-6.006408480000000223e-03 1.846523659999999944e-04
-5.912136289999999836e-03 1.836965529999999970e-04
-5.819030569999999666e-03 1.822820489999999946e-04
-5.727408919999999598e-03 1.808806559999999973e-04
-5.636936050000000177e-03 1.789061639999999930e-04
-5.546311850000000022e-03 1.780432940000000071e-04
-5.456192880000000286e-03 1.764984769999999945e-04
-5.366875319999999706e-03 1.757026620000000036e-04
-5.277387330000000119e-03 1.738643040000000060e-04
-5.188704469999999569e-03 1.727187919999999884e-04
-5.101769229999999870e-03 1.717887060000000004e-04
-5.015494300000000218e-03 1.710569629999999976e-04
-4.929641260000000060e-03 1.697296679999999878e-04
-4.844331650000000336e-03 1.686961190000000113e-04
-4.759891890000000382e-03 1.672834909999999938e-04
-4.675989499999999924e-03 1.666815949999999929e-04
-4.591919019999999782e-03 1.647344179999999953e-04
-4.508635960000000054e-03 1.635598019999999909e-04
-4.426065830000000013e-03 1.620948019999999905e-04
-4.343831910000000088e-03 1.613647469999999920e-04
-4.262683909999999583e-03 1.605315480000000042e-04
-4.182334059999999985e-03 1.597516680000000099e-04
-4.102270120000000263e-03 1.580620160000000094e-04
-4.022036680000000419e-03 1.573409100000000040e-04
-3.942370409999999825e-03 1.562922699999999923e-04
-3.863728610000000032e-03 1.555138299999999903e-04
-3.785262120000000129e-03 1.542256360000000012e-04
-3.707310880000000072e-03 1.534518379999999906e-04
-3.630431600000000140e-03 1.525043190000000015e-04
-3.554408900000000093e-03 1.516484040000000075e-04
-3.478752449999999823e-03 1.498831840000000115e-04
-3.402858510000000055e-03 1.491873120000000068e-04
-3.327534070000000201e-03 1.482114600000000130e-04
-3.253085540000000189e-03 1.475372699999999990e-04
-3.179066580000000208e-03 1.463816730000000010e-04
-3.105795709999999935e-03 1.455163579999999999e-04
-3.032685260000000070e-03 1.439236079999999939e-04
-2.959761300000000091e-03 1.432369030000000057e-04
-2.887806389999999883e-03 1.423978829999999942e-04
-2.816279650000000096e-03 1.418384490000000012e-04
-2.744780620000000174e-03 1.403309290000000079e-04
-2.673402430000000086e-03 1.395253490000000047e-04
-2.603236589999999902e-03 1.393140990000000124e-04
-2.534537339999999844e-03 1.385488579999999892e-04
-2.465745430000000106e-03 1.367875669999999875e-04
-2.396688799999999956e-03 1.363103510000000080e-04
-2.328099919999999934e-03 1.352446270000000100e-04
-2.260012090000000119e-03 1.345596249999999933e-04
-2.192398999999999824e-03 1.334493279999999929e-04
-2.125173340000000109e-03 1.326362690000000046e-04
-2.058841059999999817e-03 1.318722059999999905e-04
-1.993268729999999982e-03 1.313217360000000120e-04
-1.927697680000000019e-03 1.297982819999999910e-04
-1.862372620000000067e-03 1.291011580000000017e-04
-1.797356180000000102e-03 1.281624569999999870e-04
-1.732832869999999898e-03 1.275277320000000030e-04
-1.669148330000000055e-03 1.266770999999999869e-04
-1.605898959999999985e-03 1.261092840000000120e-04
-1.542967510000000037e-03 1.250629430000000026e-04
-1.480076689999999936e-03 1.244924499999999908e-04
-1.417637220000000009e-03 1.236648819999999998e-04
-1.356063409999999896e-03 1.230171039999999958e-04
-1.294935010000000056e-03 1.219616609999999948e-04
-1.233946999999999995e-03 1.214966829999999985e-04
-1.172803580000000108e-03 1.204014989999999997e-04
-1.112403930000000060e-03 1.195595690000000015e-04
-1.053193470000000085e-03 1.187476809999999961e-04
-9.941768369999999522e-04 1.183389100000000003e-04
-9.352727790000000445e-04 1.173913919999999936e-04
-8.764057999999999701e-04 1.168690650000000066e-04
-8.175481339999999793e-04 1.154402340000000061e-04
-7.592775510000000089e-04 1.147319929999999995e-04
-7.015917800000000260e-04 1.141688989999999944e-04
-6.446334880000000348e-04 1.135286070000000018e-04
-5.884641429999999934e-04 1.126334030000000064e-04
-5.325814710000000311e-04 1.121388270000000050e-04
-4.769354420000000228e-04 1.111603050000000006e-04
-4.216177909999999822e-04 1.104609759999999993e-04
-3.665449620000000111e-04 1.089321670000000035e-04
-3.123701610000000268e-04 1.079931749999999996e-04
-2.591549420000000231e-04 1.069839490000000048e-04
-2.068667960000000121e-04 1.060644210000000046e-04
-1.543280090000000084e-04 1.034869999999999936e-04
-1.025886670000000057e-04 1.020872510000000002e-04
-5.195275299999999979e-05 9.960132590000000420e-05
-3.398823479999999909e-07 9.930909440000000436e-05
4.991894090000000131e-05 1.007162570000000058e-04
1.011013589999999951e-04 1.016535829999999987e-04
1.524705729999999962e-04 1.039063570000000008e-04
2.043376589999999879e-04 1.051548459999999973e-04
2.574404349999999983e-04 1.069679570000000055e-04
3.107404629999999893e-04 1.077411799999999963e-04
3.646543479999999737e-04 1.084621470000000015e-04
4.197029919999999809e-04 1.094039909999999934e-04
4.753469260000000121e-04 1.110260130000000062e-04
5.306891399999999698e-04 1.112768220000000052e-04
5.859513179999999502e-04 1.121021779999999986e-04
6.420280549999999968e-04 1.130391899999999995e-04
6.992894339999999659e-04 1.140994140000000057e-04
7.567909200000000336e-04 1.146270949999999986e-04
8.144096940000000338e-04 1.154662020000000013e-04
8.723892390000000194e-04 1.159852469999999973e-04
9.305533019999999650e-04 1.171189210000000053e-04
9.892383819999999144e-04 1.176792940000000003e-04
1.048584699999999996e-03 1.181308400000000001e-04
1.108279219999999980e-03 1.186619049999999967e-04
1.167578039999999902e-03 1.207903769999999985e-04
1.226923310000000052e-03 1.215862870000000029e-04
1.287717720000000014e-03 1.218452889999999936e-04
1.349312720000000023e-03 1.224199219999999968e-04
1.410784779999999915e-03 1.237609390000000097e-04
1.472590960000000034e-03 1.242748690000000070e-04
1.535066639999999906e-03 1.245837189999999964e-04
1.597893890000000100e-03 1.250744829999999967e-04
1.660544770000000085e-03 1.267271869999999929e-04
1.723542690000000061e-03 1.275314280000000068e-04
1.787697310000000046e-03 1.283236200000000004e-04
1.852202349999999961e-03 1.288204079999999993e-04
1.916296550000000029e-03 1.304017350000000045e-04
1.980539410000000007e-03 1.310602969999999877e-04
2.045922679999999817e-03 1.309847279999999962e-04
2.112857530000000154e-03 1.317089629999999942e-04
2.180032199999999785e-03 1.333174000000000121e-04
2.246796389999999866e-03 1.338297010000000134e-04
2.313624370000000059e-03 1.356571450000000091e-04
2.380749210000000175e-03 1.364947090000000109e-04
2.448843090000000101e-03 1.366943180000000061e-04
2.517822199999999924e-03 1.372984699999999913e-04
2.587002000000000138e-03 1.386414369999999915e-04
2.656930359999999918e-03 1.393837740000000009e-04
2.727041720000000086e-03 1.411336559999999999e-04
2.797007099999999826e-03 1.418663010000000035e-04
2.867666310000000114e-03 1.427446549999999992e-04
2.939144619999999996e-03 1.435523879999999917e-04
3.011767050000000064e-03 1.444356169999999964e-04
3.084634430000000177e-03 1.449023260000000012e-04
3.157144179999999897e-03 1.462491640000000107e-04
3.230402480000000090e-03 1.469829150000000130e-04
3.304192100000000101e-03 1.481295180000000080e-04
3.378593129999999962e-03 1.491089349999999869e-04
3.453890089999999899e-03 1.503359379999999956e-04
3.529367969999999861e-03 1.508871650000000121e-04
3.605234440000000106e-03 1.523447860000000072e-04
3.681164929999999978e-03 1.529093279999999997e-04
3.757890079999999956e-03 1.525760019999999894e-04
3.836424089999999811e-03 1.535436309999999895e-04
3.914835400000000326e-03 1.564369160000000035e-04
3.992945890000000261e-03 1.570832389999999939e-04
4.071532279999999851e-03 1.580796229999999929e-04
4.150405989999999753e-03 1.588247829999999978e-04
4.230436869999999738e-03 1.595705689999999950e-04
4.311501510000000266e-03 1.604617720000000127e-04
4.392572209999999998e-03 1.623240970000000051e-04
4.474080170000000259e-03 1.632575290000000130e-04
4.556327130000000121e-03 1.646160089999999885e-04
4.639285150000000205e-03 1.653062789999999889e-04
4.722379149999999907e-03 1.669912450000000112e-04
4.805749280000000401e-03 1.679887350000000090e-04
4.890177859999999925e-03 1.689961500000000032e-04
4.975421820000000030e-03 1.698483679999999974e-04
5.061321429999999719e-03 1.717701229999999866e-04
5.147755609999999683e-03 1.727860359999999870e-04
5.234819370000000187e-03 1.739100119999999997e-04
5.322469399999999948e-03 1.744289180000000090e-04
5.410239570000000171e-03 1.756670970000000025e-04
5.498820449999999686e-03 1.768362850000000121e-04
5.588243720000000275e-03 1.786777580000000040e-04
5.678306800000000425e-03 1.797252919999999898e-04
5.769611800000000283e-03 1.812481500000000072e-04
5.862011569999999762e-03 1.824569919999999962e-04
5.954449070000000267e-03 1.850653929999999925e-04
6.046709600000000143e-03 1.858976900000000067e-04
6.139727309999999834e-03 1.869441480000000094e-04
6.234300320000000367e-03 1.879976770000000013e-04
6.329323169999999735e-03 1.901665670000000062e-04
6.424954160000000310e-03 1.915679170000000127e-04
6.522770970000000244e-03 1.925461690000000118e-04
6.621266720000000376e-03 1.933095190000000017e-04
6.718788760000000276e-03 1.963248940000000050e-04
6.816880780000000341e-03 1.977529609999999953e-04
6.916362789999999997e-03 1.993982439999999914e-04
7.017332129999999737e-03 2.006094000000000041e-04
7.118779230000000374e-03 2.031685139999999962e-04
7.221017029999999594e-03 2.048367900000000030e-04
7.325561250000000267e-03 2.064073339999999979e-04
7.430510599999999750e-03 2.072198260000000021e-04
7.534850390000000231e-03 2.097119720000000041e-04
7.639710329999999626e-03 2.109216730000000031e-04
7.745557460000000033e-03 2.126328330000000120e-04
7.853506130000000030e-03 2.142175940000000107e-04
7.962771690000000277e-03 2.164182950000000008e-04
8.073505950000000458e-03 2.183820029999999988e-04
8.185441610000000062e-03 2.218299489999999959e-04
8.297009390000000331e-03 2.228545490000000064e-04
8.409412579999999207e-03 2.251590190000000091e-04
8.523574100000000375e-03 2.270489349999999895e-04
8.637882770000000765e-03 2.312057190000000066e-04
8.752600290000000713e-03 2.329484409999999926e-04
8.870068009999999142e-03 2.331964930000000034e-04
8.990355769999999747e-03 2.346576660000000085e-04
9.111031889999999384e-03 2.380668009999999915e-04
9.231545960000000356e-03 2.395168120000000099e-04
9.353192519999999413e-03 2.425705610000000116e-04
9.476304050000000298e-03 2.445547429999999755e-04
9.600033049999999804e-03 2.481204570000000199e-04
9.725367650000000391e-03 2.503703580000000094e-04
9.853077119999999536e-03 2.526551539999999938e-04
9.982516990000000687e-03 2.541675929999999829e-04
1.011261440000000081e-02 2.572675289999999887e-04
1.024330310000000008e-02 2.590838700000000060e-04
1.037503780000000042e-02 2.633770050000000030e-04
1.050797759999999928e-02 2.656530710000000136e-04
1.064255929999999989e-02 2.682421179999999869e-04
1.077920289999999975e-02 2.704138749999999741e-04
1.091774369999999952e-02 2.732781289999999808e-04
1.105871800000000037e-02 2.753921730000000222e-04
1.120079029999999920e-02 2.794317549999999800e-04
1.134234010000000070e-02 2.809485009999999981e-04
1.148424200000000041e-02 2.845678829999999967e-04
1.162793770000000032e-02 2.869486629999999845e-04
1.177430250000000012e-02 2.902096889999999972e-04
1.192250199999999975e-02 2.924924189999999970e-04
1.207237690000000085e-02 2.949360929999999908e-04
1.222480090000000082e-02 2.969373600000000182e-04
1.237775850000000059e-02 3.015995609999999778e-04
1.253021879999999949e-02 3.033832469999999944e-04
1.268353309999999991e-02 3.069063240000000255e-04
1.283853130000000078e-02 3.091862890000000147e-04
1.299607290000000075e-02 3.124598589999999943e-04
1.315535139999999929e-02 3.146885139999999856e-04
1.331696379999999964e-02 3.157988829999999964e-04
1.347961460000000021e-02 3.168223479999999885e-04
1.364152320000000009e-02 3.209035490000000158e-04
1.380438259999999979e-02 3.225012920000000201e-04
1.396853760000000069e-02 3.247747950000000263e-04
1.413330529999999932e-02 3.263985849999999811e-04
1.430060900000000058e-02 3.279214139999999788e-04
1.447064799999999915e-02 3.301205869999999758e-04
1.464150380000000043e-02 3.336184889999999873e-04
1.481254859999999937e-02 3.349914619999999751e-04
1.498364280000000041e-02 3.387219040000000181e-04
1.515679900000000031e-02 3.408344059999999869e-04
1.533108759999999952e-02 3.448059429999999754e-04
1.550472250000000003e-02 3.463073810000000122e-04
1.568131149999999960e-02 3.455638650000000247e-04
1.585998569999999899e-02 3.465453629999999826e-04
1.603921319999999928e-02 3.496620340000000139e-04
1.621915960000000143e-02 3.512253750000000050e-04
1.639885270000000089e-02 3.546612569999999876e-04
1.657894440000000011e-02 3.556504089999999903e-04
1.675986130000000143e-02 3.570242260000000209e-04
1.694116559999999869e-02 3.582337229999999948e-04
1.712466220000000150e-02 3.579448089999999797e-04
1.730928940000000041e-02 3.585182999999999925e-04
1.749528759999999933e-02 3.591813440000000100e-04
1.768145340000000162e-02 3.595312010000000207e-04
1.786498909999999912e-02 3.635252069999999995e-04
1.804586500000000121e-02 3.633640300000000149e-04
1.822862219999999908e-02 3.597750620000000270e-04
1.841347850000000022e-02 3.592527060000000067e-04
1.859810760000000021e-02 3.582038629999999930e-04
1.878223570000000023e-02 3.580112829999999922e-04
1.896709580000000006e-02 3.575970190000000038e-04
1.914970200000000108e-02 3.560976180000000133e-04
1.932965589999999928e-02 3.549910619999999996e-04
1.950891869999999903e-02 3.541769399999999761e-04
1.968882610000000088e-02 3.508398949999999811e-04
1.986977640000000059e-02 3.497849389999999991e-04
2.004925910000000117e-02 3.493206749999999824e-04
2.022912909999999981e-02 3.498586879999999988e-04
2.040988389999999833e-02 3.511969699999999898e-04
2.058796209999999918e-02 3.500765599999999854e-04
2.076470110000000133e-02 3.478595749999999838e-04
2.094170450000000169e-02 3.472198439999999993e-04
2.111775800000000036e-02 3.470298829999999960e-04
2.129493840000000124e-02 3.471634700000000157e-04
2.147348970000000079e-02 3.452676169999999872e-04
2.165154550000000094e-02 3.447560009999999864e-04
2.182865889999999892e-02 3.449004729999999882e-04
2.200512400000000091e-02 3.445633630000000005e-04
2.218146619999999958e-02 3.451287629999999799e-04
2.235622149999999878e-02 3.443837049999999740e-04
2.253052779999999838e-02 3.417501280000000163e-04
2.270647320000000052e-02 3.417870899999999918e-04
2.288267579999999843e-02 3.414576639999999832e-04
2.305807730000000028e-02 3.403896989999999952e-04
2.323200370000000001e-02 3.398999689999999832e-04
2.340533209999999878e-02 3.398270059999999870e-04
2.357909830000000026e-02 3.401772120000000127e-04
2.375191819999999954e-02 3.397394029999999967e-04
2.392471950000000028e-02 3.372608040000000195e-04
2.409829570000000115e-02 3.368352190000000021e-04
2.427092189999999899e-02 3.372422070000000074e-04
2.444427089999999872e-02 3.373604270000000105e-04
2.461804819999999921e-02 3.369898770000000145e-04
2.478943210000000147e-02 3.358777030000000062e-04
2.495997590000000044e-02 3.354498190000000137e-04
2.513075990000000065e-02 3.354426590000000007e-04
2.530143409999999898e-02 3.343303109999999829e-04
2.547232430000000158e-02 3.340596450000000192e-04
2.564348279999999897e-02 3.328561719999999897e-04
2.581576069999999903e-02 3.326369920000000254e-04
2.598730659999999928e-02 3.332656920000000148e-04
2.615503970000000039e-02 3.316585789999999920e-04
2.632178550000000006e-02 3.288444419999999799e-04
2.649068460000000153e-02 3.291190080000000267e-04
2.666028590000000045e-02 3.299518139999999856e-04
2.682816979999999921e-02 3.292250330000000237e-04
2.699567380000000155e-02 3.265798440000000072e-04
2.716333229999999890e-02 3.252741009999999926e-04
2.732913569999999986e-02 3.247576819999999933e-04
2.749367990000000164e-02 3.242578819999999951e-04
2.765843269999999909e-02 3.225262040000000064e-04
2.782346679999999836e-02 3.220702059999999744e-04
2.798827179999999887e-02 3.223977979999999928e-04
2.815253850000000099e-02 3.221966329999999810e-04
2.831631709999999844e-02 3.212238370000000003e-04
2.847934330000000125e-02 3.204201640000000208e-04
2.864173799999999992e-02 3.192380540000000098e-04
2.880456110000000070e-02 3.186323159999999923e-04
2.896610269999999945e-02 3.190920109999999970e-04
2.912770029999999996e-02 3.197231850000000213e-04
2.929184400000000091e-02 3.184398810000000084e-04
2.945581450000000004e-02 3.178793410000000166e-04
2.961886860000000066e-02 3.166371899999999837e-04
2.978149429999999917e-02 3.159318880000000105e-04
2.994316069999999885e-02 3.155733280000000266e-04
3.010461849999999939e-02 3.148872639999999979e-04
3.026413169999999861e-02 3.162283679999999884e-04
3.042369149999999897e-02 3.171660649999999762e-04
3.058577700000000149e-02 3.155711460000000176e-04
3.074708019999999875e-02 3.145277729999999936e-04
3.090786749999999833e-02 3.136731099999999842e-04
3.106994370000000158e-02 3.141452910000000248e-04
3.123074400000000125e-02 3.163913500000000247e-04
3.139061480000000098e-02 3.162083449999999823e-04
3.155111520000000030e-02 3.146629019999999774e-04
3.171179820000000205e-02 3.146455270000000156e-04
3.187239170000000232e-02 3.147495440000000130e-04
3.203257920000000120e-02 3.145444499999999798e-04
3.219367940000000122e-02 3.136371670000000027e-04
3.235505520000000329e-02 3.134803259999999854e-04
3.251485900000000012e-02 3.144744549999999961e-04
3.267469630000000014e-02 3.148525720000000050e-04
3.283567729999999768e-02 3.139921459999999841e-04
3.299831229999999893e-02 3.142435450000000108e-04
3.316047040000000279e-02 3.157452740000000232e-04
3.332159669999999740e-02 3.160928320000000046e-04
3.348336369999999756e-02 3.171820719999999833e-04
3.364452350000000230e-02 3.172130670000000035e-04
3.380485250000000302e-02 3.174844020000000045e-04
3.396683190000000102e-02 3.185775999999999972e-04
3.412960100000000246e-02 3.203023230000000211e-04
3.429382670000000188e-02 3.213573069999999996e-04
3.446012360000000330e-02 3.208473789999999760e-04
3.462571650000000056e-02 3.206770630000000256e-04
3.479063140000000082e-02 3.225493129999999872e-04
3.495660049999999713e-02 3.238671049999999950e-04
3.512272240000000045e-02 3.260550439999999948e-04
3.528863940000000199e-02 3.267213180000000080e-04
3.545500709999999805e-02 3.278181249999999997e-04
3.562523420000000135e-02 3.300749810000000082e-04
3.579793500000000295e-02 3.322260450000000102e-04
3.596992789999999690e-02 3.330219479999999748e-04
3.614127260000000313e-02 3.363061410000000077e-04
3.631483390000000283e-02 3.388196640000000264e-04
3.649046269999999675e-02 3.436436239999999761e-04
3.666726869999999833e-02 3.461002199999999984e-04
3.684660790000000158e-02 3.473986289999999905e-04
3.702998529999999844e-02 3.502966139999999810e-04
3.721420090000000097e-02 3.569494289999999804e-04
3.740127010000000168e-02 3.605590610000000153e-04
3.759027639999999726e-02 3.673543690000000096e-04
3.778215499999999782e-02 3.720109530000000248e-04
3.797772149999999874e-02 3.802246650000000233e-04
3.817846629999999825e-02 3.863145540000000240e-04
3.838444130000000232e-02 3.930584349999999999e-04
3.859500209999999765e-02 3.982447090000000036e-04
3.880763050000000242e-02 4.091977029999999886e-04
3.902559349999999705e-02 4.157637299999999937e-04
3.924829889999999905e-02 4.260950369999999933e-04
3.947237509999999838e-02 4.312006349999999749e-04
3.970207270000000038e-02 4.376554569999999730e-04
3.993630039999999937e-02 4.427265380000000214e-04
4.017449170000000208e-02 4.485227689999999896e-04
4.041816289999999867e-02 4.539043880000000046e-04
4.066483679999999962e-02 4.638419489999999956e-04
4.091434179999999671e-02 4.684656160000000269e-04
4.116662959999999732e-02 4.766882340000000006e-04
4.142006489999999763e-02 4.809659439999999959e-04
4.167944569999999793e-02 4.829403480000000267e-04
4.194027560000000016e-02 4.845182699999999766e-04
4.220369460000000100e-02 4.863982610000000149e-04
4.246395079999999711e-02 4.852038690000000203e-04
4.272329810000000117e-02 4.815315189999999808e-04
4.297963159999999838e-02 4.783997720000000170e-04
4.323358459999999959e-02 4.736732230000000065e-04
4.348609970000000269e-02 4.704545429999999772e-04
4.373715450000000005e-02 4.640349939999999815e-04
4.398428280000000329e-02 4.600026300000000217e-04
4.422941059999999786e-02 4.538393990000000214e-04
4.447275769999999712e-02 4.505664980000000249e-04
4.471162330000000296e-02 4.471945579999999807e-04
4.494655880000000131e-02 4.436163580000000088e-04
4.517861459999999996e-02 4.384790369999999886e-04
4.541074479999999969e-02 4.360691240000000215e-04
4.564210400000000278e-02 4.307243220000000193e-04
4.587078089999999803e-02 4.277749390000000029e-04
4.609826949999999701e-02 4.231376219999999789e-04
4.632409290000000235e-02 4.204788999999999901e-04
4.654523730000000026e-02 4.192677439999999774e-04
4.676295069999999998e-02 4.167701699999999806e-04
4.697878290000000179e-02 4.129757580000000027e-04
4.719301310000000027e-02 4.100840010000000087e-04
4.740677029999999792e-02 4.028955879999999924e-04
4.762045670000000092e-02 4.008123360000000234e-04
4.783182960000000039e-02 3.988745450000000074e-04
4.803995789999999932e-02 3.962310440000000222e-04
4.824565349999999919e-02 3.944197379999999980e-04
4.844877119999999732e-02 3.922252219999999867e-04
4.865024980000000332e-02 3.873475359999999893e-04
4.885206369999999659e-02 3.852615190000000097e-04
4.905375470000000043e-02 3.797227979999999903e-04
4.925322530000000171e-02 3.769152389999999857e-04
4.944869130000000002e-02 3.757826630000000220e-04
4.964252930000000175e-02 3.743993879999999992e-04
4.983639720000000023e-02 3.719102530000000005e-04
5.002770200000000028e-02 3.694798219999999994e-04
5.021654069999999942e-02 3.654198950000000210e-04
5.040612819999999716e-02 3.644090029999999883e-04
5.059572679999999739e-02 3.615797030000000118e-04
5.078437549999999939e-02 3.594948499999999891e-04
5.097074430000000239e-02 3.575450680000000193e-04
5.115482209999999696e-02 3.559560279999999881e-04
5.133732779999999885e-02 3.554931319999999804e-04
5.151794479999999982e-02 3.541970510000000101e-04
5.169888210000000289e-02 3.487108619999999847e-04
5.188177149999999987e-02 3.479099540000000156e-04
5.206250030000000167e-02 3.492916579999999732e-04
5.224165320000000168e-02 3.483628390000000183e-04
5.242048950000000040e-02 3.463328760000000000e-04
5.259757489999999924e-02 3.450225920000000242e-04
5.277263749999999698e-02 3.447470950000000112e-04
5.294735729999999752e-02 3.444419419999999944e-04
5.312394349999999960e-02 3.417747209999999762e-04
5.330077190000000187e-02 3.409626369999999951e-04
5.347645279999999751e-02 3.393134680000000226e-04
5.365207419999999672e-02 3.382209400000000090e-04
5.382575089999999673e-02 3.384556909999999878e-04
5.399666350000000004e-02 3.373442160000000053e-04
5.416731539999999900e-02 3.346956509999999803e-04
5.433912199999999665e-02 3.344287109999999818e-04
5.451149489999999875e-02 3.339938409999999858e-04
5.468321589999999843e-02 3.334516660000000116e-04
5.485441159999999983e-02 3.315525539999999950e-04
5.502511189999999969e-02 3.305723660000000068e-04
5.519349870000000297e-02 3.317098889999999900e-04
5.536181479999999905e-02 3.316216460000000091e-04
5.553049969999999946e-02 3.307724839999999738e-04
5.569827559999999955e-02 3.303707050000000253e-04
5.586681510000000156e-02 3.292258189999999730e-04
5.603642019999999918e-02 3.294597849999999985e-04
5.620547380000000259e-02 3.297814399999999960e-04
5.637295540000000077e-02 3.289540469999999834e-04
5.653955410000000015e-02 3.281323879999999897e-04
5.670591819999999672e-02 3.272487080000000253e-04
5.687206980000000106e-02 3.251663579999999757e-04
5.703844500000000012e-02 3.249939759999999865e-04
5.720540510000000217e-02 3.247663840000000247e-04
5.737331880000000328e-02 3.252650200000000119e-04
5.754074449999999757e-02 3.262280950000000213e-04
5.770657209999999898e-02 3.256120540000000270e-04
5.787116290000000191e-02 3.259589720000000178e-04
5.803515759999999801e-02 3.252811439999999852e-04
5.819937210000000055e-02 3.230469009999999879e-04
5.836587769999999897e-02 3.240561930000000171e-04
5.853312840000000211e-02 3.256164199999999828e-04
5.869853120000000091e-02 3.250714510000000056e-04
5.886436999999999919e-02 3.240439980000000110e-04
5.902966860000000149e-02 3.233484749999999941e-04
5.919319390000000319e-02 3.231333690000000140e-04
5.935575070000000120e-02 3.224720129999999736e-04
5.951797959999999971e-02 3.211814039999999850e-04
5.968331920000000124e-02 3.221434600000000004e-04
5.984966459999999794e-02 3.231510639999999983e-04
6.001397969999999749e-02 3.227332779999999885e-04
6.017939370000000010e-02 3.209505229999999923e-04
6.034393980000000296e-02 3.197916079999999980e-04
6.050468610000000330e-02 3.216965420000000072e-04
6.066620350000000161e-02 3.228455610000000248e-04
6.083029140000000001e-02 3.217409830000000220e-04
6.099519510000000339e-02 3.213929010000000203e-04
6.115940210000000293e-02 3.215990149999999894e-04
6.132318080000000171e-02 3.218513449999999823e-04
6.148878110000000063e-02 3.207247059999999853e-04
6.165285040000000050e-02 3.194042369999999949e-04
6.181388720000000059e-02 3.195786559999999762e-04
6.197639550000000330e-02 3.205253449999999750e-04
6.214073669999999744e-02 3.200892819999999754e-04
6.230624769999999757e-02 3.201947260000000172e-04
6.247173250000000178e-02 3.205486570000000120e-04
6.263530999999999960e-02 3.199668430000000255e-04
6.279695779999999727e-02 3.215617909999999766e-04
6.295754019999999507e-02 3.214985190000000173e-04
6.311956050000000484e-02 3.201349459999999823e-04
6.328228119999999846e-02 3.200648349999999742e-04
6.344439829999999614e-02 3.196559260000000013e-04
6.360808010000000567e-02 3.200089560000000184e-04
6.377167999999999726e-02 3.211265139999999805e-04
6.393263489999999327e-02 3.203743839999999895e-04
6.409326939999999972e-02 3.188257109999999891e-04
6.425475329999999485e-02 3.187805120000000215e-04
6.441622969999999393e-02 3.198821510000000043e-04
6.457784769999999619e-02 3.203717929999999885e-04
6.474071739999999464e-02 3.184416860000000059e-04
6.490460039999999819e-02 3.183579539999999977e-04
6.506744770000000289e-02 3.198539779999999837e-04
6.522937859999999866e-02 3.194008309999999979e-04
6.539078060000000359e-02 3.190183489999999750e-04
6.555128840000000456e-02 3.187785040000000220e-04
6.571003050000000234e-02 3.222693629999999866e-04
6.586913020000000063e-02 3.237423369999999729e-04
6.603174659999999641e-02 3.207502300000000198e-04
6.619407239999999804e-02 3.194986489999999913e-04
6.635504959999999341e-02 3.182797230000000178e-04
6.651699540000000077e-02 3.179881310000000241e-04
6.667768209999999640e-02 3.192746369999999818e-04
6.683860719999999700e-02 3.203117520000000207e-04
6.700170040000000271e-02 3.195874739999999777e-04
6.716498730000000639e-02 3.194449529999999864e-04
6.732933219999999441e-02 3.185009700000000169e-04
6.749176980000000381e-02 3.170210110000000231e-04
6.765084709999999446e-02 3.173000589999999958e-04
6.781183179999999977e-02 3.181147910000000213e-04
6.797280159999999349e-02 3.204112289999999988e-04
6.813230369999999370e-02 3.207907430000000093e-04
6.829296799999999557e-02 3.199105270000000270e-04
6.845391539999999553e-02 3.197617769999999888e-04
6.861662120000000531e-02 3.176111199999999868e-04
6.878063830000000212e-02 3.176232280000000152e-04
6.894277779999999356e-02 3.195805180000000170e-04
6.910318880000000663e-02 3.192519359999999970e-04
6.926313789999999360e-02 3.191240250000000112e-04
6.942426409999999382e-02 3.193494630000000148e-04
6.958618760000000181e-02 3.186536199999999756e-04
6.974625589999999820e-02 3.177228790000000028e-04
6.990642099999999637e-02 3.161571220000000161e-04
7.006958870000000450e-02 3.173940639999999922e-04
7.023176550000000129e-02 3.212718289999999749e-04
7.039090990000000658e-02 3.208434790000000013e-04
7.054963710000000665e-02 3.203609379999999948e-04
7.070926580000000405e-02 3.202981900000000017e-04
7.087128609999999995e-02 3.161572389999999823e-04
7.103554900000000338e-02 3.164429509999999984e-04
7.119902969999999942e-02 3.197331679999999756e-04
7.135932150000000307e-02 3.190079009999999813e-04
7.151818279999999639e-02 3.181629580000000014e-04
7.167731230000000398e-02 3.180164490000000075e-04
7.183670999999999807e-02 3.171521819999999930e-04
7.199728489999999981e-02 3.171140560000000066e-04
7.215857509999999697e-02 3.158335749999999892e-04
7.232145219999999708e-02 3.167545949999999908e-04
7.248491790000000101e-02 3.183244550000000083e-04
7.264652100000000556e-02 3.177718319999999863e-04
7.280863819999999764e-02 3.165774689999999842e-04
7.297264779999999840e-02 3.172922589999999923e-04
7.313634460000000004e-02 3.185964010000000074e-04
7.329910990000000626e-02 3.185050150000000085e-04
7.346204670000000547e-02 3.179624329999999801e-04
7.362496109999999705e-02 3.173188600000000060e-04
7.378603520000000249e-02 3.186030659999999925e-04
7.394602150000000040e-02 3.188428820000000071e-04
7.410784069999999668e-02 3.176633620000000012e-04
7.426930959999999970e-02 3.170311100000000018e-04
7.443010059999999317e-02 3.151823480000000245e-04
7.459188249999999798e-02 3.151076670000000084e-04
7.475379109999999439e-02 3.146929669999999732e-04
7.491786779999999590e-02 3.154172740000000088e-04
7.508239149999999806e-02 3.167144600000000088e-04
7.524569329999999945e-02 3.168771220000000228e-04
