-1.190363390000000049e-01 4.841121260000000141e-04
-1.187816109999999953e-01 4.962145470000000128e-04
-1.185348850000000065e-01 4.950924779999999695e-04
-1.182952230000000049e-01 5.036998190000000104e-04
-1.180615950000000053e-01 5.038699599999999553e-04
-1.178137810000000063e-01 4.826140939999999744e-04
-1.175469610000000054e-01 4.863627249999999793e-04
-1.172819660000000014e-01 4.979594379999999513e-04
-1.170309560000000054e-01 4.937314659999999470e-04
-1.167918220000000035e-01 5.018084780000000049e-04
-1.165648999999999991e-01 4.973813189999999997e-04
-1.163366730000000016e-01 4.829049290000000114e-04
-1.160878459999999945e-01 4.900711360000000166e-04
-1.158272550000000040e-01 4.903594379999999834e-04
-1.155641599999999991e-01 4.919710919999999675e-04
-1.153051259999999939e-01 5.032161129999999970e-04
-1.150599489999999947e-01 4.982640970000000447e-04
-1.148242950000000068e-01 5.003280239999999832e-04
-1.145865769999999950e-01 5.029875320000000297e-04
-1.143349629999999978e-01 4.891287540000000466e-04
-1.140725759999999950e-01 4.906019889999999658e-04
-1.138123870000000010e-01 4.964789840000000381e-04
-1.135544629999999944e-01 4.972369060000000332e-04
-1.133015750000000016e-01 5.077571839999999804e-04
-1.130625529999999962e-01 5.032146579999999562e-04
-1.128291339999999976e-01 4.999382070000000502e-04
-1.125854329999999986e-01 5.049295139999999960e-04
-1.123294160000000014e-01 4.982297540000000125e-04
-1.120644580000000057e-01 5.004923439999999857e-04
-1.117997240000000031e-01 5.071657940000000395e-04
-1.115502790000000022e-01 5.010896129999999624e-04
-1.113144679999999997e-01 5.068615430000000506e-04
-1.110771599999999942e-01 5.098411930000000146e-04
-1.108287949999999938e-01 5.016539939999999477e-04
-1.105741340000000045e-01 5.024754789999999862e-04
-1.103146819999999972e-01 4.948557470000000420e-04
-1.100501120000000055e-01 4.951882869999999675e-04
-1.097919420000000035e-01 5.068008319999999954e-04
-1.095477269999999975e-01 5.026013819999999724e-04
-1.093093750000000003e-01 5.007309960000000436e-04
-1.090694960000000019e-01 5.009758169999999544e-04
-1.088220399999999949e-01 4.890106500000000137e-04
-1.085574110000000064e-01 4.943290840000000470e-04
-1.082882059999999980e-01 5.015247150000000072e-04
-1.080329190000000050e-01 4.964501710000000269e-04
-1.077897099999999969e-01 5.024169799999999826e-04
-1.075478869999999948e-01 5.037381780000000416e-04
-1.073046480000000025e-01 5.069730100000000407e-04
-1.070552169999999942e-01 5.118434780000000401e-04
-1.067931949999999935e-01 5.024480050000000456e-04
-1.065289080000000055e-01 5.004201669999999930e-04
-1.062754540000000053e-01 5.128559420000000256e-04
-1.060319319999999954e-01 5.113656519999999501e-04
-1.057912260000000021e-01 5.119271809999999473e-04
-1.055482179999999992e-01 5.135151440000000535e-04
-1.052949209999999997e-01 5.007618460000000469e-04
-1.050271690000000036e-01 5.041484839999999619e-04
-1.047585459999999941e-01 5.121128630000000266e-04
-1.045013000000000053e-01 5.088476460000000094e-04
-1.042518320000000026e-01 5.126953469999999922e-04
-1.040053590000000056e-01 5.122876610000000113e-04
-1.037577539999999937e-01 5.112053479999999466e-04
-1.035014910000000010e-01 5.160019499999999801e-04
-1.032349540000000038e-01 5.102567960000000194e-04
-1.029658910000000038e-01 5.097088870000000263e-04
-1.027030270000000023e-01 5.185427139999999489e-04
-1.024478899999999998e-01 5.170794900000000348e-04
-1.021996510000000025e-01 5.245269279999999635e-04
-1.019537900000000025e-01 5.257859010000000537e-04
-1.016976980000000030e-01 5.122290460000000377e-04
-1.014283299999999971e-01 5.146143379999999941e-04
-1.011508259999999992e-01 5.077673700000000451e-04
-1.008745729999999952e-01 5.052419150000000535e-04
-1.006125060000000043e-01 5.237636510000000072e-04
-1.003635150000000004e-01 5.226015930000000491e-04
-1.001145170000000001e-01 5.174002140000000119e-04
-9.985908870000000104e-02 5.193862599999999816e-04
-9.959645570000000281e-02 5.128644410000000008e-04
-9.933041039999999933e-02 5.125611789999999631e-04
-9.906540070000000031e-02 5.134305099999999632e-04
-9.880494330000000325e-02 5.110031929999999875e-04
-9.855610880000000018e-02 5.236516589999999464e-04
-9.831234070000000047e-02 5.251609249999999833e-04
-9.805534030000000179e-02 5.072724890000000156e-04
-9.778442980000000284e-02 5.084839069999999572e-04
-9.751341489999999779e-02 5.117129190000000100e-04
-9.724970909999999802e-02 5.091805360000000542e-04
-9.699323029999999679e-02 5.161020670000000029e-04
-9.674172849999999879e-02 5.156134140000000242e-04
-9.649398920000000490e-02 5.185954509999999911e-04
-9.624143690000000473e-02 5.225557249999999900e-04
-9.597658370000000660e-02 5.130111819999999892e-04
-9.570522609999999875e-02 5.134789389999999806e-04
-9.543751929999999550e-02 5.208604849999999564e-04
-9.518177060000000689e-02 5.163279129999999483e-04
-9.493327140000000497e-02 5.158283749999999874e-04
-9.467971320000000135e-02 5.179885190000000283e-04
-9.441844369999999320e-02 5.111747889999999732e-04
-9.415009620000000523e-02 5.136648539999999962e-04
-9.387907389999999852e-02 5.161342559999999684e-04
-9.361322219999999861e-02 5.139303980000000435e-04
-9.335511180000000131e-02 5.226529320000000397e-04
-9.310408679999999937e-02 5.215457059999999926e-04
-9.285415710000000100e-02 5.183332250000000216e-04
-9.259819980000000283e-02 5.207919169999999627e-04
-9.233478459999999721e-02 5.151646909999999793e-04
-9.206508850000000299e-02 5.169151120000000472e-04
-9.179443119999999845e-02 5.201876050000000477e-04
-9.153199200000000646e-02 5.164323370000000000e-04
-9.128098190000000223e-02 5.250783289999999895e-04
-9.102935339999999875e-02 5.278480820000000301e-04
-9.076708560000000536e-02 5.178136629999999501e-04
-9.049604830000000655e-02 5.201675810000000455e-04
-9.022358060000000568e-02 5.243307680000000104e-04
-8.995724469999999418e-02 5.221636970000000013e-04
-8.969781549999999992e-02 5.296324380000000257e-04
-8.944343030000000139e-02 5.292990240000000146e-04
-8.918938790000000005e-02 5.269734540000000538e-04
-8.893007040000000529e-02 5.293053110000000465e-04
-8.865932379999999502e-02 5.167032360000000085e-04
-8.838219939999999997e-02 5.159942669999999969e-04
-8.811388909999999519e-02 5.287182870000000073e-04
-8.785396809999999890e-02 5.282575149999999692e-04
-8.759954570000000329e-02 5.361676449999999618e-04
-8.734894540000000263e-02 5.360051290000000150e-04
-8.709036559999999705e-02 5.222447219999999841e-04
-8.681898559999999543e-02 5.256751899999999702e-04
-8.654093000000000202e-02 5.240968889999999625e-04
-8.626896890000000651e-02 5.198739240000000090e-04
-8.600691709999999657e-02 5.265898649999999548e-04
-8.574972299999999992e-02 5.260963229999999959e-04
-8.549872040000000561e-02 5.330867129999999681e-04
-8.523999899999999685e-02 5.402424719999999797e-04
-8.496371660000000270e-02 5.308141699999999749e-04
-8.468482639999999617e-02 5.289884869999999899e-04
-8.441095049999999822e-02 5.322919459999999638e-04
-8.414349699999999765e-02 5.296248710000000127e-04
-8.388719710000000496e-02 5.408326980000000180e-04
-8.363019680000000067e-02 5.445525749999999927e-04
-8.336381610000000164e-02 5.392247110000000180e-04
-8.308840539999999553e-02 5.434526250000000372e-04
-8.280356969999999595e-02 5.415616320000000506e-04
-8.252080529999999969e-02 5.396563210000000299e-04
-8.225059510000000407e-02 5.532497890000000066e-04
-8.199185879999999760e-02 5.512546629999999981e-04
-8.173106609999999939e-02 5.422795070000000373e-04
-8.146251740000000352e-02 5.437057699999999719e-04
-8.118697260000000415e-02 5.359930800000000219e-04
-8.090391010000000382e-02 5.377323829999999544e-04
-8.062142129999999574e-02 5.435182829999999493e-04
-8.035210519999999579e-02 5.376905319999999988e-04
-8.009519430000000551e-02 5.422158870000000049e-04
-7.983642069999999369e-02 5.442304539999999599e-04
-7.956673949999999718e-02 5.316521859999999867e-04
-7.928892229999999486e-02 5.327273980000000195e-04
-7.901003959999999826e-02 5.359586210000000196e-04
-7.873592529999999534e-02 5.342777000000000160e-04
-7.846853880000000114e-02 5.387837300000000457e-04
-7.821036879999999913e-02 5.348674019999999796e-04
-7.795596870000000289e-02 5.302859349999999731e-04
-7.769586150000000468e-02 5.320712230000000393e-04
-7.742752880000000615e-02 5.233187110000000249e-04
-7.715163379999999405e-02 5.247108059999999871e-04
-7.687766099999999991e-02 5.317728499999999818e-04
-7.661547509999999672e-02 5.265218210000000357e-04
-7.636127619999999450e-02 5.252393310000000228e-04
-7.610595970000000321e-02 5.261672779999999926e-04
-7.584537569999999507e-02 5.199927249999999673e-04
-7.557705789999999424e-02 5.223883199999999546e-04
-7.530396429999999808e-02 5.230524689999999479e-04
-7.503382120000000322e-02 5.215349369999999806e-04
-7.477149369999999684e-02 5.283568169999999960e-04
-7.451489570000000007e-02 5.273662390000000534e-04
-7.426077870000000192e-02 5.287391250000000095e-04
-7.400269810000000004e-02 5.316112070000000162e-04
-7.373433560000000608e-02 5.224287739999999630e-04
-7.346035539999999642e-02 5.224985069999999636e-04
-7.319070399999999532e-02 5.299246400000000214e-04
-7.292564209999999325e-02 5.291256819999999583e-04
-7.266417890000000102e-02 5.328900300000000449e-04
-7.240912319999999458e-02 5.311326820000000087e-04
-7.215373220000000087e-02 5.257145970000000421e-04
-7.188793270000000402e-02 5.299946059999999584e-04
-7.161074879999999865e-02 5.249271050000000249e-04
-7.133290920000000257e-02 5.235038120000000406e-04
-7.106602939999999424e-02 5.358115300000000202e-04
-7.080872359999999810e-02 5.344919049999999642e-04
-7.055308670000000337e-02 5.336088939999999829e-04
-7.029166820000000426e-02 5.367646810000000022e-04
-7.002122700000000532e-02 5.304811059999999748e-04
-6.974821539999999376e-02 5.297659080000000249e-04
-6.947653739999999634e-02 5.300021149999999863e-04
-6.920631970000000466e-02 5.284833020000000419e-04
-6.894478950000000606e-02 5.387016570000000221e-04
-6.868989020000000612e-02 5.391343729999999515e-04
-6.842985749999999645e-02 5.318088809999999911e-04
-6.816168870000000046e-02 5.340336360000000077e-04
-6.788627799999999435e-02 5.301667260000000187e-04
-6.760911640000000222e-02 5.298325559999999927e-04
-6.733840700000000290e-02 5.376362240000000540e-04
-6.707497689999999957e-02 5.360754439999999670e-04
-6.681527939999999666e-02 5.379846550000000165e-04
-6.655513500000000138e-02 5.389467109999999776e-04
-6.628810609999999381e-02 5.301458300000000314e-04
-6.601317230000000591e-02 5.317282630000000083e-04
-6.573720280000000526e-02 5.343888189999999871e-04
-6.546504050000000186e-02 5.323300719999999502e-04
-6.519894299999999532e-02 5.367124690000000305e-04
-6.493894760000000488e-02 5.353670570000000151e-04
-6.467781220000000386e-02 5.317631290000000106e-04
-6.440852580000000493e-02 5.353498850000000010e-04
-6.413341309999999462e-02 5.335761820000000473e-04
-6.385847179999999679e-02 5.328331030000000483e-04
-6.358736010000000383e-02 5.371647999999999701e-04
-6.332453339999999375e-02 5.337462060000000260e-04
-6.306798010000000398e-02 5.347066329999999911e-04
-6.280774620000000030e-02 5.372615410000000386e-04
-6.254008410000000406e-02 5.319635969999999886e-04
-6.226549299999999815e-02 5.342193759999999637e-04
-6.198881939999999896e-02 5.370115979999999945e-04
-6.171438840000000037e-02 5.359368520000000512e-04
-6.144468859999999838e-02 5.408339200000000140e-04
-6.118103119999999950e-02 5.397115019999999559e-04
-6.091848019999999975e-02 5.404861289999999879e-04
-6.065199899999999811e-02 5.431154859999999486e-04
-6.037671490000000307e-02 5.336988830000000345e-04
-6.009466570000000091e-02 5.343757219999999532e-04
-5.981569359999999724e-02 5.414009790000000322e-04
-5.954466759999999664e-02 5.391570160000000054e-04
-5.928101759999999942e-02 5.452276089999999681e-04
-5.901890619999999865e-02 5.464865829999999459e-04
-5.874950810000000023e-02 5.378251080000000239e-04
-5.846997720000000204e-02 5.400491060000000296e-04
-5.818787589999999815e-02 5.419682130000000016e-04
-5.791092290000000170e-02 5.403067920000000340e-04
-5.764190109999999673e-02 5.488564489999999589e-04
-5.737966669999999825e-02 5.478771050000000135e-04
-5.711507419999999752e-02 5.433007610000000279e-04
-5.684340000000000226e-02 5.458897209999999693e-04
-5.656624589999999925e-02 5.418891090000000407e-04
-5.628501250000000206e-02 5.429005829999999705e-04
-5.600612979999999852e-02 5.496295629999999651e-04
-5.573520440000000187e-02 5.472698830000000169e-04
-5.546968060000000145e-02 5.497349189999999790e-04
-5.520338939999999694e-02 5.510852209999999706e-04
-5.493143570000000309e-02 5.453805790000000034e-04
-5.465362590000000242e-02 5.460943210000000249e-04
-5.437301099999999887e-02 5.434310880000000092e-04
-5.409629269999999962e-02 5.408778089999999577e-04
-5.382691319999999974e-02 5.459763920000000516e-04
-5.355982110000000185e-02 5.464465940000000311e-04
-5.328943209999999903e-02 5.443308620000000125e-04
-5.301446469999999966e-02 5.463114940000000398e-04
-5.273514239999999714e-02 5.424774139999999486e-04
-5.245289580000000312e-02 5.428510490000000317e-04
-5.217396099999999787e-02 5.494076760000000297e-04
-5.190225689999999892e-02 5.474223289999999775e-04
-5.163601789999999747e-02 5.510278859999999780e-04
-5.136559529999999707e-02 5.548389160000000153e-04
-5.108689889999999678e-02 5.516148520000000322e-04
-5.080202589999999879e-02 5.534013030000000050e-04
-5.051714179999999832e-02 5.583488959999999583e-04
-5.023628849999999674e-02 5.584662429999999803e-04
-4.995879160000000346e-02 5.643540059999999602e-04
-4.968775809999999987e-02 5.626106290000000435e-04
-4.941537979999999913e-02 5.576619299999999559e-04
-4.913228750000000339e-02 5.623024190000000446e-04
-4.884295169999999797e-02 5.626664500000000142e-04
-4.855398090000000166e-02 5.625758200000000302e-04
-4.826917499999999750e-02 5.692738340000000515e-04
-4.798889159999999987e-02 5.689705720000000138e-04
-4.770988599999999996e-02 5.702698840000000298e-04
-4.742964730000000240e-02 5.714800789999999794e-04
-4.714463650000000339e-02 5.668753289999999825e-04
-4.685255890000000062e-02 5.686781949999999584e-04
-4.655860359999999809e-02 5.705728540000000416e-04
-4.627398399999999717e-02 5.664352209999999914e-04
-4.599680379999999957e-02 5.694706920000000344e-04
-4.571859539999999916e-02 5.711772830000000313e-04
-4.543692989999999904e-02 5.680228929999999593e-04
-4.515106599999999665e-02 5.694115529999999861e-04
-4.486042629999999892e-02 5.652948170000000275e-04
-4.456911980000000106e-02 5.642108149999999897e-04
-4.428362849999999823e-02 5.709029499999999750e-04
-4.400649289999999936e-02 5.682936750000000016e-04
-4.373328390000000288e-02 5.676024009999999743e-04
-4.345855120000000071e-02 5.682674240000000531e-04
-4.317715760000000180e-02 5.589920909999999792e-04
-4.288932310000000137e-02 5.587542550000000217e-04
-4.260237139999999839e-02 5.595894180000000493e-04
-4.232118650000000343e-02 5.571973159999999824e-04
-4.204487800000000081e-02 5.607848289999999838e-04
-4.177300629999999848e-02 5.594099640000000208e-04
-4.150013250000000181e-02 5.518153779999999953e-04
-4.121961820000000221e-02 5.536738899999999906e-04
-4.093518110000000237e-02 5.522893630000000375e-04
-4.065170879999999848e-02 5.512095519999999499e-04
-4.037149620000000244e-02 5.536474639999999824e-04
-4.009567950000000186e-02 5.518838300000000188e-04
-3.982488070000000241e-02 5.553538790000000320e-04
-3.955293070000000244e-02 5.565370670000000181e-04
-3.927691650000000173e-02 5.530411729999999519e-04
-3.899673000000000028e-02 5.550381030000000162e-04
-3.871259469999999842e-02 5.540295970000000446e-04
-3.843208029999999747e-02 5.515006490000000242e-04
-3.815665470000000059e-02 5.550329809999999912e-04
-3.788471969999999966e-02 5.542081779999999836e-04
-3.761468829999999736e-02 5.530057240000000023e-04
-3.733894229999999703e-02 5.560074349999999605e-04
-3.705736989999999786e-02 5.546209869999999854e-04
-3.677346559999999931e-02 5.555223319999999998e-04
-3.648964319999999789e-02 5.581654840000000242e-04
-3.621053319999999881e-02 5.562867739999999631e-04
-3.593928739999999872e-02 5.641911409999999984e-04
-3.566746409999999728e-02 5.666151410000000010e-04
-3.538671139999999965e-02 5.584598399999999782e-04
-3.510198369999999873e-02 5.586702609999999762e-04
-3.481677550000000093e-02 5.584546599999999682e-04
-3.453186529999999893e-02 5.581976729999999897e-04
-3.425059839999999856e-02 5.656682189999999574e-04
-3.397493439999999670e-02 5.649986560000000218e-04
-3.369989250000000186e-02 5.620534069999999667e-04
-3.342000400000000315e-02 5.639055740000000535e-04
-3.313549980000000256e-02 5.613437390000000377e-04
-3.284937889999999666e-02 5.613918180000000441e-04
-3.256595129999999977e-02 5.660178720000000243e-04
-3.228731449999999725e-02 5.648041840000000459e-04
-3.201092409999999749e-02 5.651799149999999937e-04
-3.173234309999999753e-02 5.658608859999999900e-04
-3.145163880000000078e-02 5.642022010000000403e-04
-3.116840499999999972e-02 5.658906879999999525e-04
-3.087995760000000062e-02 5.619257570000000222e-04
-3.059197779999999964e-02 5.602150339999999477e-04
-3.030793559999999873e-02 5.641326419999999949e-04
-3.002769690000000116e-02 5.632661629999999829e-04
-2.975114250000000099e-02 5.648792140000000227e-04
-2.947410569999999938e-02 5.657505830000000109e-04
-2.919273450000000117e-02 5.609366929999999932e-04
-2.890684079999999989e-02 5.619210419999999973e-04
-2.862010339999999931e-02 5.632474790000000474e-04
-2.833775239999999918e-02 5.610884980000000214e-04
-2.806077150000000145e-02 5.640492889999999902e-04
-2.778371799999999892e-02 5.643924229999999764e-04
-2.750509599999999971e-02 5.627183129999999709e-04
-2.722421850000000115e-02 5.642345639999999610e-04
-2.693685700000000155e-02 5.597780689999999745e-04
-2.664807630000000024e-02 5.590291110000000481e-04
-2.636562660000000072e-02 5.653766570000000064e-04
-2.608795649999999869e-02 5.647917280000000527e-04
-2.581183429999999931e-02 5.657522120000000069e-04
-2.553498740000000045e-02 5.665329520000000072e-04
-2.525391990000000128e-02 5.616571290000000466e-04
-2.496836330000000090e-02 5.625989289999999568e-04
-2.468122169999999865e-02 5.625718040000000312e-04
-2.439581789999999833e-02 5.615191769999999588e-04
-2.411556059999999876e-02 5.671870310000000142e-04
-2.383789229999999995e-02 5.669048990000000047e-04
-2.355935049999999947e-02 5.646493519999999698e-04
-2.327845250000000130e-02 5.660183380000000054e-04
-2.299198880000000167e-02 5.626873460000000014e-04
-2.270382639999999827e-02 5.625095219999999650e-04
-2.241970780000000080e-02 5.666204959999999622e-04
-2.213981749999999887e-02 5.655608840000000449e-04
-2.186189590000000085e-02 5.659055309999999487e-04
-2.158350499999999936e-02 5.663119950000000419e-04
-2.130184320000000006e-02 5.619822190000000337e-04
-2.101704110000000153e-02 5.623105100000000238e-04
-2.073155720000000035e-02 5.620859449999999471e-04
-2.044663390000000039e-02 5.609029320000000207e-04
-2.016559429999999903e-02 5.640861929999999805e-04
-1.988893369999999994e-02 5.633749530000000446e-04
-1.961218569999999967e-02 5.612596870000000071e-04
-1.933363449999999858e-02 5.615756959999999593e-04
-1.905168029999999846e-02 5.589062350000000012e-04
-1.876820809999999937e-02 5.588560600000000217e-04
-1.848529280000000066e-02 5.575238610000000103e-04
-1.820485109999999893e-02 5.555580139999999941e-04
-1.792981849999999988e-02 5.591229420000000351e-04
-1.765771959999999988e-02 5.586440090000000316e-04
-1.738364619999999833e-02 5.540199339999999500e-04
-1.710553470000000104e-02 5.547804180000000078e-04
-1.682483400000000032e-02 5.525691090000000400e-04
-1.654478720000000097e-02 5.506292220000000509e-04
-1.626885869999999956e-02 5.521080459999999721e-04
-1.599735769999999918e-02 5.507390009999999555e-04
-1.572675819999999960e-02 5.484427669999999760e-04
-1.545539679999999999e-02 5.480711699999999895e-04
-1.518022079999999975e-02 5.427482539999999760e-04
-1.490091810000000044e-02 5.433071640000000299e-04
-1.462391019999999958e-02 5.466203439999999750e-04
-1.435139960000000013e-02 5.451111360000000317e-04
-1.408180690000000040e-02 5.457888470000000439e-04
-1.381453030000000075e-02 5.446414000000000333e-04
-1.354693899999999916e-02 5.409274019999999860e-04
-1.327614579999999989e-02 5.415136690000000143e-04
-1.300289479999999949e-02 5.390408909999999795e-04
-1.272776349999999931e-02 5.385429830000000107e-04
-1.245422199999999917e-02 5.398218050000000434e-04
-1.218674609999999964e-02 5.373824389999999661e-04
-1.192303469999999969e-02 5.368666019999999723e-04
-1.165851019999999960e-02 5.371666630000000069e-04
-1.139037120000000076e-02 5.340103530000000175e-04
-1.111968980000000058e-02 5.343980159999999922e-04
-1.084936880000000013e-02 5.340494679999999552e-04
-1.058112270000000077e-02 5.326775719999999464e-04
-1.031567249999999943e-02 5.335333990000000210e-04
-1.005310750000000010e-02 5.321078350000000038e-04
-9.791277350000000476e-03 5.293736469999999915e-04
-9.528572670000000702e-03 5.289149700000000389e-04
-9.264815600000000234e-03 5.258845050000000507e-04
-8.999146519999999191e-03 5.252252450000000376e-04
-8.733485830000000186e-03 5.234244160000000538e-04
-8.471568120000000021e-03 5.212475659999999799e-04
-8.212043900000000340e-03 5.211527460000000417e-04
-7.954061959999999751e-03 5.201902819999999761e-04
-7.696509829999999969e-03 5.162652229999999945e-04
-7.437427059999999687e-03 5.157716810000000356e-04
-7.177775259999999782e-03 5.134498930000000331e-04
-6.919641510000000377e-03 5.117015680000000467e-04
-6.663770880000000237e-03 5.106210590000000377e-04
-6.411023440000000045e-03 5.083555009999999978e-04
-6.160134920000000062e-03 5.051643240000000101e-04
-5.909670139999999988e-03 5.037610540000000319e-04
-5.658738320000000419e-03 4.990846500000000125e-04
-5.407281219999999881e-03 4.970401640000000204e-04
-5.157125180000000399e-03 4.935484610000000130e-04
-4.910987799999999744e-03 4.905582749999999733e-04
-4.666564520000000306e-03 4.869454129999999971e-04
-4.423839510000000287e-03 4.846193480000000084e-04
-4.183720800000000420e-03 4.806574730000000100e-04
-3.944627939999999743e-03 4.786149660000000249e-04
-3.705801439999999863e-03 4.733867239999999909e-04
-3.469126529999999944e-03 4.702121080000000192e-04
-3.235247680000000008e-03 4.660605050000000082e-04
-3.004393770000000127e-03 4.627485759999999974e-04
-2.775764329999999992e-03 4.572608160000000152e-04
-2.548972379999999826e-03 4.541810189999999857e-04
-2.323366470000000177e-03 4.476050380000000189e-04
-2.099049740000000046e-03 4.438615870000000240e-04
-1.877414300000000095e-03 4.379576710000000241e-04
-1.659600879999999961e-03 4.341444579999999818e-04
-1.443578860000000082e-03 4.281550350000000189e-04
-1.230165249999999946e-03 4.244249429999999868e-04
-1.020180290000000014e-03 4.181529510000000257e-04
-8.124682350000000377e-04 4.145294370000000036e-04
-6.067740030000000166e-04 4.078314519999999750e-04
-4.024674130000000243e-04 4.046485410000000261e-04
-2.011462780000000021e-04 4.005548540000000170e-04
1.662709449999999954e-06 4.000587799999999841e-04
2.023646229999999933e-04 4.019653719999999818e-04
4.065578979999999801e-04 4.042781369999999888e-04
6.110576210000000404e-04 4.100033549999999752e-04
8.170100630000000320e-04 4.134859190000000169e-04
1.024742610000000092e-03 4.201831469999999804e-04
1.235243630000000103e-03 4.242574509999999738e-04
1.449711619999999920e-03 4.305943439999999987e-04
1.666913269999999907e-03 4.345252530000000236e-04
1.885806679999999956e-03 4.410015830000000030e-04
2.106952249999999912e-03 4.446863309999999963e-04
2.330299929999999839e-03 4.512459270000000028e-04
2.555415970000000144e-03 4.546699349999999977e-04
2.783003259999999868e-03 4.600558899999999799e-04
3.014798039999999797e-03 4.638859250000000253e-04
3.249752099999999883e-03 4.692385259999999809e-04
3.485543890000000148e-03 4.722992890000000097e-04
3.723100530000000071e-03 4.778530269999999806e-04
3.961196630000000246e-03 4.801801989999999912e-04
4.201674830000000013e-03 4.845079969999999884e-04
4.444299730000000198e-03 4.873586879999999800e-04
4.688906480000000314e-03 4.901455830000000461e-04
4.937106279999999882e-03 4.933081219999999739e-04
5.187293980000000360e-03 4.987754509999999539e-04
5.436078649999999575e-03 4.999007210000000001e-04
5.684169470000000057e-03 5.041847470000000199e-04
5.934439599999999891e-03 5.063459389999999932e-04
6.187268069999999828e-03 5.080680710000000161e-04
6.442308889999999802e-03 5.107023169999999569e-04
6.700403990000000122e-03 5.129353959999999974e-04
6.960110739999999900e-03 5.147061309999999930e-04
7.220309230000000224e-03 5.207636280000000261e-04
7.479146590000000129e-03 5.221338359999999493e-04
7.737624460000000134e-03 5.245779180000000475e-04
7.997359149999999292e-03 5.262128540000000259e-04
8.261473849999999286e-03 5.234433920000000151e-04
8.529216049999999855e-03 5.246265790000000052e-04
8.795799689999999824e-03 5.298479229999999551e-04
9.061897169999999502e-03 5.307106769999999979e-04
9.327249600000000335e-03 5.343335219999999827e-04
9.590055789999999553e-03 5.348364360000000062e-04
9.853743950000000418e-03 5.347652479999999648e-04
1.012060329999999939e-02 5.366374390000000537e-04
1.039221599999999926e-02 5.359501810000000255e-04
1.066567099999999983e-02 5.368118870000000275e-04
1.093715710000000077e-02 5.404548139999999995e-04
1.120572440000000038e-02 5.400127849999999865e-04
1.147330369999999961e-02 5.404349649999999486e-04
1.174220720000000023e-02 5.413824690000000519e-04
1.201304050000000061e-02 5.407918360000000136e-04
1.228845959999999918e-02 5.425895799999999646e-04
1.256533339999999985e-02 5.451635810000000481e-04
1.283918229999999987e-02 5.450163149999999890e-04
1.311041880000000069e-02 5.489434119999999587e-04
1.337997990000000005e-02 5.493574429999999566e-04
1.365204339999999926e-02 5.484204740000000414e-04
1.392665409999999972e-02 5.496084340000000415e-04
1.420302969999999963e-02 5.478906100000000435e-04
1.448244140000000055e-02 5.490967889999999940e-04
1.476037780000000015e-02 5.549088239999999672e-04
1.503363440000000072e-02 5.541885619999999775e-04
1.530550699999999945e-02 5.544984009999999724e-04
1.557835559999999966e-02 5.551970099999999639e-04
1.585466229999999907e-02 5.513681679999999762e-04
1.613689589999999993e-02 5.527921599999999864e-04
1.641906799999999847e-02 5.568519119999999593e-04
1.669781840000000156e-02 5.570158249999999618e-04
1.697584610000000063e-02 5.607880879999999719e-04
1.725327600000000142e-02 5.617889109999999603e-04
1.752995330000000143e-02 5.637159920000000537e-04
1.780808160000000098e-02 5.652818950000000533e-04
1.809081059999999991e-02 5.619527069999999966e-04
1.837763560000000088e-02 5.632153479999999586e-04
1.866376960000000126e-02 5.678770249999999520e-04
1.894625089999999942e-02 5.673603739999999581e-04
1.922580600000000153e-02 5.708076639999999473e-04
1.950526420000000052e-02 5.712169800000000287e-04
1.978792060000000158e-02 5.670231769999999928e-04
2.007505299999999895e-02 5.689696990000000327e-04
2.036645260000000124e-02 5.694198770000000100e-04
2.065516820000000073e-02 5.679773750000000196e-04
2.093816180000000055e-02 5.713549909999999891e-04
2.121875989999999837e-02 5.711325789999999831e-04
2.149963189999999982e-02 5.700577169999999612e-04
2.178374679999999994e-02 5.716187299999999846e-04
2.207153289999999948e-02 5.698273310000000506e-04
2.236058380000000012e-02 5.699431059999999572e-04
2.264915970000000098e-02 5.710585970000000471e-04
2.293700539999999830e-02 5.702436899999999620e-04
2.322138849999999879e-02 5.737415630000000351e-04
2.350188979999999830e-02 5.734552979999999519e-04
2.378443439999999853e-02 5.714313009999999471e-04
2.406970779999999949e-02 5.723350909999999495e-04
2.435733559999999839e-02 5.687560770000000317e-04
2.464777979999999841e-02 5.691590489999999837e-04
2.493841949999999960e-02 5.699511970000000448e-04
2.522344699999999953e-02 5.668632799999999894e-04
2.550112079999999892e-02 5.705565560000000046e-04
2.577966079999999965e-02 5.724055809999999611e-04
2.606271770000000154e-02 5.700021280000000393e-04
2.635047399999999873e-02 5.711804840000000343e-04
2.664237659999999994e-02 5.675693390000000277e-04
2.693178129999999892e-02 5.655449930000000080e-04
2.721525730000000018e-02 5.719333999999999746e-04
2.749428900000000162e-02 5.715668670000000279e-04
2.777385530000000061e-02 5.675056020000000291e-04
2.805726789999999846e-02 5.683547929999999485e-04
2.834600959999999947e-02 5.618165009999999794e-04
2.863899619999999910e-02 5.620124279999999962e-04
2.892660539999999947e-02 5.715313019999999997e-04
2.920687760000000022e-02 5.705489310000000066e-04
2.948541749999999961e-02 5.707097009999999911e-04
2.976687069999999977e-02 5.717414899999999529e-04
3.005325240000000092e-02 5.664039050000000070e-04
3.034423110000000062e-02 5.680100289999999701e-04
3.063645590000000155e-02 5.725477819999999843e-04
3.092386759999999832e-02 5.713014980000000404e-04
3.120574170000000105e-02 5.749057159999999703e-04
3.148437660000000249e-02 5.742558860000000071e-04
3.176419059999999878e-02 5.704831560000000199e-04
3.204877300000000262e-02 5.719919569999999632e-04
3.233788159999999995e-02 5.686356449999999769e-04
3.263065960000000043e-02 5.696347799999999881e-04
3.292274099999999842e-02 5.735759039999999620e-04
3.320828449999999737e-02 5.702944470000000012e-04
3.348715599999999709e-02 5.722898059999999461e-04
3.376593440000000279e-02 5.737346950000000480e-04
3.405163060000000047e-02 5.662656040000000127e-04
3.434119000000000060e-02 5.658828300000000181e-04
3.463031350000000258e-02 5.676749859999999630e-04
3.491847590000000251e-02 5.677496670000000334e-04
3.520179910000000023e-02 5.738734620000000234e-04
3.547964619999999930e-02 5.727851529999999566e-04
3.575697540000000174e-02 5.706198860000000032e-04
3.603782130000000167e-02 5.719529579999999957e-04
3.632534669999999688e-02 5.645083149999999576e-04
3.661639989999999900e-02 5.631760579999999612e-04
3.690316529999999873e-02 5.666332439999999812e-04
3.718378769999999833e-02 5.649632079999999598e-04
3.745952620000000260e-02 5.684321509999999472e-04
3.773376719999999712e-02 5.687850060000000131e-04
3.801422940000000195e-02 5.615509580000000367e-04
3.830001129999999893e-02 5.621344900000000431e-04
3.858789060000000076e-02 5.581294540000000109e-04
3.887693960000000032e-02 5.573917879999999584e-04
3.915978600000000198e-02 5.656982539999999646e-04
3.943414989999999981e-02 5.635934070000000367e-04
3.970578689999999800e-02 5.622997410000000118e-04
3.998294470000000184e-02 5.643836339999999674e-04
4.026796299999999690e-02 5.570886419999999993e-04
4.055729140000000066e-02 5.578034910000000427e-04
4.084344580000000280e-02 5.650455130000000322e-04
4.112210499999999908e-02 5.631698300000000188e-04
4.139778019999999781e-02 5.650588430000000025e-04
4.167220370000000035e-02 5.649800299999999630e-04
4.194695130000000022e-02 5.621040470000000398e-04
4.223133619999999699e-02 5.668604280000000013e-04
4.252269119999999708e-02 5.684387869999999940e-04
4.281025010000000242e-02 5.667257360000000060e-04
4.309243709999999866e-02 5.709283870000000320e-04
4.337187480000000150e-02 5.700173210000000464e-04
4.364953559999999733e-02 5.704286160000000263e-04
4.392840340000000315e-02 5.720812479999999849e-04
4.421387239999999968e-02 5.657113509999999986e-04
4.450507089999999888e-02 5.668408699999999802e-04
4.479775949999999923e-02 5.696311130000000040e-04
4.509003460000000213e-02 5.704002689999999962e-04
4.537719119999999995e-02 5.789101119999999576e-04
4.565831649999999714e-02 5.783474770000000429e-04
4.593903569999999853e-02 5.774546300000000078e-04
4.622409119999999760e-02 5.797366030000000508e-04
4.651738329999999949e-02 5.723249049999999932e-04
4.681653899999999729e-02 5.723900980000000286e-04
4.711214829999999659e-02 5.785018440000000255e-04
4.739997160000000015e-02 5.768199919999999472e-04
4.768129439999999747e-02 5.829493750000000517e-04
4.796001689999999928e-02 5.836057829999999683e-04
4.824641720000000245e-02 5.748526890000000026e-04
4.854087900000000205e-02 5.765323880000000102e-04
4.883804919999999716e-02 5.744911030000000212e-04
4.913322259999999830e-02 5.725556980000000122e-04
4.941937329999999962e-02 5.822391830000000481e-04
4.969568919999999695e-02 5.798149500000000008e-04
4.997337980000000207e-02 5.707802479999999918e-04
5.025797709999999668e-02 5.716747260000000150e-04
5.054590850000000024e-02 5.685896029999999626e-04
5.083667490000000344e-02 5.684028729999999509e-04
5.112711340000000021e-02 5.684510110000000468e-04
5.140847340000000154e-02 5.638042350000000346e-04
5.168314649999999899e-02 5.641608729999999464e-04
5.195728690000000344e-02 5.639584269999999575e-04
5.223304780000000147e-02 5.585744509999999823e-04
5.251524219999999937e-02 5.605036280000000488e-04
5.280380700000000121e-02 5.552299550000000528e-04
5.309027809999999903e-02 5.520723059999999927e-04
5.336720870000000172e-02 5.592206730000000509e-04
5.363775040000000327e-02 5.579530840000000193e-04
5.390834440000000227e-02 5.543411829999999978e-04
5.418243629999999755e-02 5.543887380000000380e-04
5.446023869999999656e-02 5.483441639999999751e-04
5.474267530000000159e-02 5.496897500000000542e-04
5.502616240000000186e-02 5.537511320000000192e-04
5.530571189999999859e-02 5.528599719999999652e-04
5.557947979999999788e-02 5.579302670000000101e-04
5.584754050000000081e-02 5.563267040000000052e-04
5.611541870000000265e-02 5.521783020000000514e-04
5.638960750000000105e-02 5.544762829999999891e-04
5.667164549999999940e-02 5.477597589999999876e-04
5.695646260000000044e-02 5.470130709999999896e-04
5.723556130000000131e-02 5.544848970000000469e-04
5.750825629999999772e-02 5.525801099999999924e-04
5.777822810000000225e-02 5.518158429999999804e-04
5.804860220000000043e-02 5.525369199999999661e-04
5.832759660000000346e-02 5.422600659999999824e-04
5.861252919999999922e-02 5.421239770000000398e-04
5.889336760000000309e-02 5.464989809999999540e-04
5.916978789999999960e-02 5.454203929999999669e-04
5.944133179999999683e-02 5.505700250000000176e-04
5.970743669999999809e-02 5.491574990000000532e-04
5.997413769999999922e-02 5.442383120000000027e-04
6.025069210000000286e-02 5.483867129999999606e-04
6.053552400000000028e-02 5.460878020000000527e-04
6.081811709999999926e-02 5.431675819999999500e-04
6.109277899999999983e-02 5.482753039999999555e-04
6.136004629999999849e-02 5.464239509999999772e-04
6.162530930000000018e-02 5.466828589999999776e-04
6.189432000000000267e-02 5.490169860000000072e-04
6.216854229999999731e-02 5.447543229999999518e-04
6.244618820000000237e-02 5.452758050000000491e-04
6.272889669999999473e-02 5.382649829999999703e-04
6.300780920000000063e-02 5.334570309999999696e-04
6.327401100000000500e-02 5.413102919999999508e-04
6.353408839999999391e-02 5.404548139999999995e-04
6.379479170000000587e-02 5.370268479999999907e-04
6.406526270000000023e-02 5.409148870000000118e-04
6.434499470000000498e-02 5.362851079999999540e-04
6.462731959999999665e-02 5.368929709999999914e-04
6.490380319999999870e-02 5.482583659999999822e-04
6.516719610000000495e-02 5.445216080000000233e-04
6.542771310000000673e-02 5.409913140000000443e-04
6.569194050000000396e-02 5.419339870000000441e-04
6.596050409999999753e-02 5.352910959999999637e-04
6.623946129999999655e-02 5.391445590000000163e-04
6.652169669999999368e-02 5.443814439999999921e-04
6.679586319999999966e-02 5.414218180000000304e-04
6.706231090000000505e-02 5.460892569999999850e-04
6.732469050000000621e-02 5.445944840000000418e-04
6.758666039999999819e-02 5.410980670000000055e-04
6.785308569999999595e-02 5.432473840000000493e-04
6.813059000000000476e-02 5.308213879999999730e-04
6.841628249999999467e-02 5.312416470000000217e-04
6.869436800000000565e-02 5.470982290000000461e-04
6.895805150000000605e-02 5.441806279999999952e-04
6.922098990000000174e-02 5.352679870000000371e-04
6.948708000000000662e-02 5.339551130000000020e-04
6.975306570000000539e-02 5.304864610000000445e-04
7.003096490000000618e-02 5.363987879999999918e-04
7.031591239999999965e-02 5.410662850000000400e-04
7.059139759999999431e-02 5.363360980000000380e-04
7.085508849999999637e-02 5.428486620000000287e-04
7.111023369999999733e-02 5.408097059999999491e-04
7.136633990000000594e-02 5.335581370000000521e-04
7.163585719999999990e-02 5.389710999999999938e-04
7.192014900000000266e-02 5.314366429999999638e-04
7.220310720000000515e-02 5.279373139999999623e-04
7.247448709999999850e-02 5.354865569999999993e-04
7.273854320000000540e-02 5.338034830000000334e-04
7.299827779999999711e-02 5.363347589999999674e-04
7.325811679999999493e-02 5.373073510000000042e-04
7.352307439999999916e-02 5.314604500000000287e-04
7.379663740000000360e-02 5.337869519999999517e-04
7.407484200000000185e-02 5.325332169999999650e-04
7.434990260000000351e-02 5.309145780000000276e-04
7.461425659999999793e-02 5.441857500000000201e-04
7.486727090000000473e-02 5.421857350000000315e-04
7.512370499999999895e-02 5.329804259999999880e-04
7.539114360000000181e-02 5.362526860000000522e-04
7.566650960000000092e-02 5.301152709999999496e-04
7.594429699999999395e-02 5.293678260000000491e-04
7.621429120000000612e-02 5.403179089999999565e-04
7.647360120000000483e-02 5.378435600000000191e-04
7.672779259999999713e-02 5.395168550000000287e-04
7.698345180000000509e-02 5.402764650000000009e-04
7.724682239999999811e-02 5.295416919999999632e-04
7.751934979999999809e-02 5.318938639999999879e-04
7.779823989999999634e-02 5.278494209999999923e-04
7.807645200000000452e-02 5.259799650000000337e-04
7.834519450000000662e-02 5.385358819999999788e-04
7.860425109999999438e-02 5.372488520000000007e-04
7.886123659999999536e-02 5.351204890000000377e-04
7.912493499999999347e-02 5.383938550000000193e-04
7.939600199999999330e-02 5.351905710000000533e-04
7.967343179999999969e-02 5.378581119999999854e-04
7.995396850000000000e-02 5.400852530000000091e-04
8.022972200000000331e-02 5.380194050000000486e-04
8.049499990000000271e-02 5.497868410000000252e-04
8.075117319999999821e-02 5.478274540000000001e-04
8.100860569999999983e-02 5.402571990000000057e-04
8.127722140000000206e-02 5.449754539999999807e-04
8.156183359999999438e-02 5.334770539999999757e-04
8.185307679999999364e-02 5.333215229999999822e-04
8.213610949999999855e-02 5.445001299999999763e-04
8.240670710000000398e-02 5.410474840000000299e-04
8.266766370000000475e-02 5.475451470000000393e-04
8.293094489999999763e-02 5.512794010000000291e-04
8.320460470000000386e-02 5.443266709999999538e-04
8.348671350000000380e-02 5.469007880000000075e-04
8.377539370000000596e-02 5.430816090000000059e-04
8.406074349999999307e-02 5.389669680000000246e-04
8.433324100000000323e-02 5.489684990000000047e-04
8.459547159999999955e-02 5.471588230000000268e-04
8.485488589999999609e-02 5.488995230000000150e-04
8.512174340000000505e-02 5.539781409999999795e-04
8.540705590000000069e-02 5.352424919999999951e-04
8.569712940000000223e-02 5.313610890000000208e-04
8.597002180000000437e-02 5.492484199999999586e-04
8.622761819999999466e-02 5.464923450000000156e-04
8.648231630000000059e-02 5.436783540000000164e-04
8.674062039999999585e-02 5.448385490000000461e-04
8.700716499999999742e-02 5.343183289999999756e-04
8.728778360000000180e-02 5.382377419999999661e-04
8.757180720000000418e-02 5.434548949999999656e-04
8.784470710000000238e-02 5.393937460000000454e-04
8.811241390000000562e-02 5.387684800000000496e-04
8.837198470000000305e-02 5.336456230000000221e-04
8.862418680000000437e-02 5.296715539999999594e-04
8.888564259999999495e-02 5.338024929999999777e-04
8.915639670000000128e-02 5.297586900000000269e-04
8.943364019999999748e-02 5.322003270000000286e-04
8.971260490000000642e-02 5.361124060000000508e-04
8.997779340000000570e-02 5.292462879999999684e-04
9.022939950000000153e-02 5.328543480000000505e-04
9.048385170000000643e-02 5.351460419999999564e-04
9.075316040000000473e-02 5.168050410000000084e-04
9.103075409999999978e-02 5.158818089999999551e-04
9.130424260000000181e-02 5.220913439999999529e-04
9.157452729999999985e-02 5.224296470000000525e-04
9.183591600000000355e-02 5.362344090000000082e-04
9.208928049999999532e-02 5.363808599999999628e-04
9.234441820000000023e-02 5.338147170000000306e-04
9.260692450000000686e-02 5.373161400000000133e-04
9.288122499999999782e-02 5.273634450000000504e-04
9.315865489999999860e-02 5.256664589999999462e-04
9.342969210000000302e-02 5.316333849999999766e-04
9.369105099999999742e-02 5.272567509999999619e-04
9.394486250000000371e-02 5.276583829999999557e-04
9.419848769999999982e-02 5.284107170000000532e-04
9.445807339999999497e-02 5.225611380000000448e-04
9.472667429999999389e-02 5.258549350000000285e-04
9.500123559999999745e-02 5.230525860000000225e-04
9.527017919999999918e-02 5.186608179999999818e-04
9.552416210000000407e-02 5.314198209999999607e-04
9.576619420000000160e-02 5.288310929999999596e-04
9.601058810000000221e-02 5.177047570000000267e-04
9.626904880000000664e-02 5.221557799999999774e-04
9.654270110000000293e-02 5.091682540000000163e-04
9.682327509999999471e-02 5.079405960000000228e-04
9.709142149999999694e-02 5.252581320000000329e-04
9.734483809999999737e-02 5.233678379999999637e-04
9.759462620000000643e-02 5.241436300000000027e-04
9.784512970000000531e-02 5.248521920000000143e-04
9.810384360000000414e-02 5.151390209999999860e-04
9.837723519999999611e-02 5.204550110000000273e-04
9.865369649999999879e-02 5.281494810000000309e-04
9.892046449999999935e-02 5.250992249999999768e-04
9.917636959999999446e-02 5.347653059999999499e-04
9.942311789999999649e-02 5.327433460000000455e-04
9.967408329999999372e-02 5.200812589999999781e-04
9.993767739999999400e-02 5.223924530000000283e-04
1.002103159999999937e-01 5.137837140000000441e-04
1.004858609999999958e-01 5.131210199999999833e-04
1.007516160000000022e-01 5.275243310000000052e-04
1.010030580000000067e-01 5.241536420000000038e-04
1.012515499999999957e-01 5.216844149999999829e-04
1.015072989999999953e-01 5.251342080000000537e-04
1.017721220000000065e-01 5.176180279999999592e-04
1.020407970000000025e-01 5.172289089999999477e-04
1.023075279999999948e-01 5.194000550000000454e-04
1.025705779999999956e-01 5.179708240000000441e-04
1.028263199999999988e-01 5.262072660000000198e-04
1.030774339999999956e-01 5.256872969999999484e-04
1.033267679999999994e-01 5.271536069999999997e-04
1.035740670000000058e-01 5.271820120000000149e-04
1.038329379999999996e-01 5.080589329999999921e-04
1.041080729999999954e-01 5.108960900000000154e-04
1.043820079999999983e-01 5.227079380000000143e-04
1.046454379999999934e-01 5.206823120000000134e-04
1.048971340000000030e-01 5.326705290000000080e-04
1.051399410000000006e-01 5.316511379999999459e-04
1.053940359999999965e-01 5.099889239999999503e-04
1.056643949999999943e-01 5.119642010000000163e-04
1.059376969999999973e-01 5.125379539999999580e-04
1.062072589999999983e-01 5.097952669999999704e-04
1.064711879999999944e-01 5.116050600000000229e-04
1.067262959999999983e-01 5.076681849999999845e-04
1.069707869999999977e-01 5.143904129999999622e-04
1.072180570000000055e-01 5.184841579999999563e-04
1.074799669999999957e-01 5.074300570000000012e-04
1.077494249999999959e-01 5.079821570000000531e-04
1.080192249999999965e-01 5.070065379999999684e-04
1.082798170000000004e-01 5.011275639999999976e-04
1.085241289999999970e-01 5.119786949999999975e-04
1.087632629999999989e-01 5.127743929999999681e-04
1.090078800000000014e-01 5.058374369999999636e-04
1.092646349999999988e-01 5.099324039999999537e-04
1.095329369999999969e-01 5.021012039999999668e-04
1.098070220000000041e-01 5.034217609999999850e-04
1.100766660000000036e-01 5.144407040000000203e-04
1.103310509999999994e-01 5.092819920000000392e-04
1.105762049999999969e-01 5.122509899999999573e-04
1.108230199999999943e-01 5.143060120000000250e-04
1.110761239999999983e-01 5.076031080000000277e-04
1.113381529999999953e-01 5.105536549999999466e-04
1.116029989999999944e-01 5.140513529999999600e-04
1.118579279999999954e-01 5.093507349999999842e-04
1.121061369999999946e-01 5.075088119999999472e-04
1.123498009999999991e-01 5.041175169999999924e-04
1.125885550000000068e-01 5.029069730000000280e-04
1.128336040000000040e-01 5.055730580000000318e-04
1.130902319999999989e-01 4.937137709999999628e-04
1.133549809999999936e-01 4.949815339999999496e-04
1.136176140000000057e-01 5.038931269999999754e-04
1.138677149999999944e-01 4.995988570000000142e-04
1.141100599999999993e-01 4.987021089999999542e-04
1.143508699999999934e-01 4.974588519999999497e-04
1.145933050000000064e-01 4.913022279999999494e-04
1.148502160000000050e-01 4.977884240000000253e-04
1.151167599999999985e-01 4.997325599999999498e-04
1.153787369999999951e-01 4.976896449999999687e-04
1.156317439999999946e-01 5.069955950000000012e-04
1.158733889999999933e-01 5.028462619999999727e-04
1.161063840000000069e-01 5.056673540000000038e-04
1.163449589999999978e-01 5.107136090000000475e-04
1.166006480000000012e-01 4.981513479999999730e-04
1.168667600000000001e-01 4.998767399999999800e-04
1.171236040000000062e-01 5.182132009999999627e-04
1.173657099999999981e-01 5.159584690000000324e-04
1.176081080000000029e-01 5.092092909999999719e-04
1.178504009999999935e-01 5.067167799999999648e-04
1.180919190000000035e-01 5.010829770000000240e-04
1.183414089999999946e-01 5.038439409999999471e-04
1.186002720000000066e-01 4.958629140000000513e-04
1.188626809999999978e-01 4.944316459999999495e-04
1.191157999999999939e-01 5.059243989999999674e-04
1.193521840000000001e-01 5.007182480000000246e-04
1.195843439999999952e-01 4.951923039999999625e-04
