-7.502619180000000276e-02 3.343431449999999835e-04
-7.489290830000000510e-02 3.162568900000000240e-04
-7.474645230000000196e-02 3.172414440000000222e-04
-7.459741829999999574e-02 3.156318269999999759e-04
-7.444686440000000682e-02 3.163956859999999920e-04
-7.429339740000000247e-02 3.148720719999999868e-04
-7.414106280000000437e-02 3.136364099999999918e-04
-7.399082179999999509e-02 3.125183869999999904e-04
-7.383745160000000640e-02 3.139993059999999971e-04
-7.368062440000000546e-02 3.123406199999999972e-04
-7.352490720000000313e-02 3.106503860000000184e-04
-7.337103039999999521e-02 3.090128589999999848e-04
-7.321323450000000177e-02 3.111883120000000029e-04
-7.305415719999999724e-02 3.150826959999999868e-04
-7.289881260000000140e-02 3.142549250000000209e-04
-7.274354249999999411e-02 3.132808200000000124e-04
-7.258784769999999942e-02 3.131832050000000209e-04
-7.243282349999999314e-02 3.128421670000000078e-04
-7.227782909999999617e-02 3.127026430000000214e-04
-7.212242480000000122e-02 3.116408189999999982e-04
-7.196546349999999315e-02 3.117702140000000173e-04
-7.180958989999999820e-02 3.139333859999999935e-04
-7.165639849999999589e-02 3.135309670000000003e-04
-7.150249179999999816e-02 3.124199280000000104e-04
-7.134647669999999442e-02 3.132865819999999736e-04
-7.118958229999999832e-02 3.130424589999999843e-04
-7.103173429999999622e-02 3.135251749999999962e-04
-7.087437060000000011e-02 3.156740569999999893e-04
-7.071809469999999764e-02 3.153651490000000147e-04
-7.056126000000000065e-02 3.135756709999999942e-04
-7.040452960000000149e-02 3.132962740000000065e-04
-7.024872299999999903e-02 3.140589690000000116e-04
-7.009391489999999836e-02 3.137413300000000131e-04
-6.993787740000000086e-02 3.120068870000000140e-04
-6.977929169999999570e-02 3.129135290000000045e-04
-6.962076570000000353e-02 3.143552169999999949e-04
-6.946341690000000513e-02 3.141717460000000256e-04
-6.930644810000000100e-02 3.143073409999999905e-04
-6.914983689999999739e-02 3.137134480000000223e-04
-6.899387390000000231e-02 3.131387640000000061e-04
-6.883803759999999883e-02 3.132812270000000124e-04
-6.868062169999999966e-02 3.122185879999999931e-04
-6.852176040000000634e-02 3.126999949999999771e-04
-6.836299599999999532e-02 3.130022960000000058e-04
-6.820425389999999755e-02 3.130992700000000107e-04
-6.804696470000000386e-02 3.158139299999999905e-04
-6.789164990000000344e-02 3.151813580000000230e-04
-6.773549319999999652e-02 3.120213220000000141e-04
-6.757870320000000652e-02 3.116884040000000270e-04
-6.742256130000000292e-02 3.118347960000000005e-04
-6.726524229999999993e-02 3.125903020000000000e-04
-6.710665670000000305e-02 3.137495660000000092e-04
-6.694899499999999726e-02 3.136093729999999856e-04
-6.679271909999999479e-02 3.143379580000000032e-04
-6.663699450000000468e-02 3.142696220000000041e-04
-6.648092719999999789e-02 3.135139409999999991e-04
-6.632395089999999771e-02 3.133624270000000007e-04
-6.616695229999999817e-02 3.129082029999999816e-04
-6.600888820000000434e-02 3.138089669999999864e-04
-6.584905089999999739e-02 3.145344379999999787e-04
-6.569118050000000153e-02 3.136128650000000184e-04
-6.553517279999999945e-02 3.129715039999999876e-04
-6.537886710000000157e-02 3.129261600000000031e-04
-6.522307539999999682e-02 3.136740709999999931e-04
-6.506644189999999384e-02 3.140217160000000063e-04
-6.490870569999999951e-02 3.131435080000000235e-04
-6.475125249999999499e-02 3.130795670000000269e-04
-6.459370999999999863e-02 3.127463570000000139e-04
-6.443601849999999742e-02 3.127164670000000236e-04
-6.427790969999999660e-02 3.131160339999999745e-04
-6.412068009999999374e-02 3.127289819999999978e-04
-6.396546960000000503e-02 3.138315510000000050e-04
-6.380992380000000130e-02 3.144321669999999977e-04
-6.365241859999999641e-02 3.128393440000000122e-04
-6.349350510000000003e-02 3.126890510000000139e-04
-6.333494189999999691e-02 3.128702520000000006e-04
-6.317710880000000639e-02 3.129244429999999792e-04
-6.301917140000000417e-02 3.140996850000000030e-04
-6.286244089999999674e-02 3.138065509999999909e-04
-6.270632149999999516e-02 3.128415850000000023e-04
-6.254937500000000428e-02 3.129985129999999973e-04
-6.239218640000000066e-02 3.130430699999999823e-04
-6.223415210000000225e-02 3.131389680000000041e-04
-6.207559259999999995e-02 3.125317160000000189e-04
-6.191771850000000327e-02 3.123273490000000080e-04
-6.176149470000000252e-02 3.145037339999999884e-04
-6.160625069999999676e-02 3.147032110000000230e-04
-6.144954639999999912e-02 3.140176410000000261e-04
-6.129193680000000199e-02 3.143130740000000135e-04
-6.113409620000000155e-02 3.135593430000000229e-04
-6.097549570000000002e-02 3.137463060000000251e-04
-6.081683930000000154e-02 3.141764609999999963e-04
-6.065854059999999798e-02 3.136906020000000206e-04
-6.050132589999999977e-02 3.141527410000000175e-04
-6.034486740000000182e-02 3.142917409999999834e-04
-6.018799920000000164e-02 3.139970360000000145e-04
-6.003138799999999803e-02 3.137370799999999733e-04
-5.987376719999999708e-02 3.125097429999999983e-04
-5.971421300000000210e-02 3.132281420000000054e-04
-5.955506120000000209e-02 3.147124079999999739e-04
-5.939709399999999750e-02 3.145366209999999837e-04
-5.923952159999999745e-02 3.147071399999999903e-04
-5.908151340000000057e-02 3.145996020000000216e-04
-5.892366169999999764e-02 3.145632219999999974e-04
-5.876619000000000287e-02 3.147515820000000011e-04
-5.860719830000000324e-02 3.139314940000000184e-04
-5.844717099999999915e-02 3.142594359999999936e-04
-5.828813089999999864e-02 3.156235619999999873e-04
-5.812933669999999914e-02 3.159674819999999770e-04
-5.797054620000000047e-02 3.169305269999999979e-04
-5.781302230000000264e-02 3.160863129999999781e-04
-5.765635890000000291e-02 3.151743440000000229e-04
-5.749825020000000342e-02 3.161404460000000259e-04
-5.733820800000000162e-02 3.156050220000000185e-04
-5.717807259999999753e-02 3.154660229999999943e-04
-5.701777339999999916e-02 3.159871850000000150e-04
-5.685772749999999653e-02 3.160231279999999965e-04
-5.669924989999999831e-02 3.175403110000000030e-04
-5.654139440000000016e-02 3.177119359999999813e-04
-5.638292059999999717e-02 3.171538700000000243e-04
-5.622251329999999880e-02 3.176795730000000063e-04
-5.606172980000000139e-02 3.185085369999999757e-04
-5.590175840000000118e-02 3.187504189999999750e-04
-5.573987960000000019e-02 3.174467419999999992e-04
-5.557794120000000143e-02 3.170174899999999977e-04
-5.541864039999999658e-02 3.190229469999999795e-04
-5.525981259999999951e-02 3.194582239999999755e-04
-5.510019139999999815e-02 3.193322919999999968e-04
-5.493937430000000316e-02 3.195674510000000258e-04
-5.477741359999999810e-02 3.183232620000000048e-04
-5.461499090000000028e-02 3.185845850000000048e-04
-5.445313450000000000e-02 3.202467049999999983e-04
-5.429204549999999685e-02 3.203877710000000031e-04
-5.413034929999999828e-02 3.209832940000000175e-04
-5.396898840000000086e-02 3.209999999999999963e-04
-5.380839850000000008e-02 3.211240110000000074e-04
-5.364730580000000304e-02 3.214720930000000091e-04
-5.348510299999999912e-02 3.205865799999999964e-04
-5.332077670000000269e-02 3.211037550000000107e-04
-5.315612630000000199e-02 3.220094079999999957e-04
-5.299274620000000297e-02 3.220094079999999957e-04
-5.282941089999999840e-02 3.232972229999999812e-04
-5.266629159999999810e-02 3.236324699999999863e-04
-5.250363799999999831e-02 3.241072119999999853e-04
-5.234006050000000049e-02 3.248312569999999835e-04
-5.217562619999999846e-02 3.254145270000000068e-04
-5.200986560000000342e-02 3.259767549999999757e-04
-5.184346809999999806e-02 3.264872070000000197e-04
-5.167724939999999989e-02 3.270056910000000076e-04
-5.151163410000000192e-02 3.294420600000000257e-04
-5.134753140000000021e-02 3.294163329999999891e-04
-5.118206890000000231e-02 3.283277619999999935e-04
-5.101407689999999662e-02 3.294561470000000069e-04
-5.084588009999999741e-02 3.309965540000000227e-04
-5.067728459999999713e-02 3.317903610000000141e-04
-5.050769079999999772e-02 3.323329439999999843e-04
-5.033746730000000086e-02 3.324520660000000153e-04
-5.016813800000000101e-02 3.342792620000000262e-04
-4.999897999999999842e-02 3.352849739999999947e-04
-4.982816429999999824e-02 3.365832089999999774e-04
-4.965711390000000086e-02 3.371967180000000060e-04
-4.948605219999999832e-02 3.376055390000000053e-04
-4.931274800000000347e-02 3.390997010000000047e-04
-4.913813990000000242e-02 3.410703500000000234e-04
-4.896288740000000195e-02 3.416969559999999775e-04
-4.878800729999999836e-02 3.440572760000000247e-04
-4.861357060000000285e-02 3.451025990000000090e-04
-4.843810949999999976e-02 3.462947790000000061e-04
-4.826156420000000252e-02 3.473727849999999878e-04
-4.808295149999999851e-02 3.482304749999999907e-04
-4.790261390000000175e-02 3.495835989999999819e-04
-4.772266000000000008e-02 3.526586519999999939e-04
-4.754228519999999930e-02 3.540168109999999781e-04
-4.736099760000000297e-02 3.562567580000000058e-04
-4.717928920000000192e-02 3.568232640000000111e-04
-4.699742419999999865e-02 3.581350029999999735e-04
-4.681333149999999943e-02 3.604258529999999992e-04
-4.662587120000000196e-02 3.625437680000000227e-04
-4.643738640000000251e-02 3.639332139999999988e-04
-4.624859619999999866e-02 3.659057549999999927e-04
-4.605882990000000066e-02 3.672046300000000201e-04
-4.586932440000000138e-02 3.712504990000000098e-04
-4.567839950000000121e-02 3.730465539999999877e-04
-4.548574240000000102e-02 3.751546030000000231e-04
-4.529286920000000216e-02 3.765488510000000017e-04
-4.509853939999999839e-02 3.779953399999999987e-04
-4.490231349999999899e-02 3.796523089999999747e-04
-4.470305890000000199e-02 3.806396850000000266e-04
-4.450254139999999803e-02 3.817677210000000251e-04
-4.430416229999999816e-02 3.870149670000000170e-04
-4.410569739999999767e-02 3.889576760000000057e-04
-4.390482600000000096e-02 3.903411560000000224e-04
-4.370138419999999857e-02 3.918423610000000144e-04
-4.349640379999999973e-02 3.934671109999999822e-04
-4.329068590000000050e-02 3.950232930000000106e-04
-4.308363419999999833e-02 3.971168480000000106e-04
-4.287516329999999792e-02 3.987202939999999951e-04
-4.266478869999999757e-02 4.015048329999999885e-04
-4.245388139999999727e-02 4.028437249999999815e-04
-4.224367069999999946e-02 4.061881629999999801e-04
-4.203270380000000139e-02 4.078462659999999786e-04
-4.181921479999999719e-02 4.082416129999999867e-04
-4.160192979999999957e-02 4.100966330000000034e-04
-4.138364640000000150e-02 4.136144999999999817e-04
-4.116516929999999852e-02 4.155494969999999947e-04
-4.094446449999999960e-02 4.187785669999999783e-04
-4.072272030000000098e-02 4.205837319999999836e-04
-4.050108420000000237e-02 4.241722930000000258e-04
-4.027744379999999985e-02 4.266688770000000210e-04
-4.005176199999999770e-02 4.301915759999999905e-04
-3.982285779999999997e-02 4.327943319999999917e-04
-3.959092869999999986e-02 4.350192029999999785e-04
-3.935844079999999828e-02 4.367366199999999764e-04
-3.912524509999999733e-02 4.403209309999999788e-04
-3.889256340000000339e-02 4.413065029999999750e-04
-3.865806010000000237e-02 4.426647499999999871e-04
-3.842328490000000013e-02 4.433364080000000082e-04
-3.818786519999999712e-02 4.424295910000000122e-04
-3.795333950000000234e-02 4.415688159999999764e-04
-3.771811719999999812e-02 4.380208849999999983e-04
-3.748392309999999672e-02 4.355229899999999831e-04
-3.725132350000000259e-02 4.313160900000000218e-04
-3.702334310000000156e-02 4.276178080000000059e-04
-3.679727389999999654e-02 4.221072889999999997e-04
-3.657512370000000346e-02 4.177779479999999880e-04
-3.635595369999999882e-02 4.090932779999999951e-04
-3.613737599999999883e-02 4.056110339999999758e-04
-3.592188279999999900e-02 4.010846900000000184e-04
-3.571050239999999654e-02 3.964363709999999918e-04
-3.550241140000000295e-02 3.890779040000000083e-04
-3.529812400000000017e-02 3.846804319999999914e-04
-3.509780020000000111e-02 3.790776829999999977e-04
-3.490085899999999935e-02 3.750311730000000215e-04
-3.470551969999999958e-02 3.678443899999999972e-04
-3.451177849999999964e-02 3.642998049999999848e-04
-3.432147199999999870e-02 3.587600079999999822e-04
-3.413347149999999830e-02 3.553796270000000022e-04
-3.394811600000000040e-02 3.504056079999999865e-04
-3.376464920000000342e-02 3.470030499999999878e-04
-3.358548129999999743e-02 3.447618219999999830e-04
-3.340816499999999661e-02 3.433133529999999830e-04
-3.323010359999999802e-02 3.393249939999999913e-04
-3.305350619999999906e-02 3.370155460000000117e-04
-3.287922959999999700e-02 3.331711629999999980e-04
-3.270557150000000246e-02 3.314139900000000216e-04
-3.253400699999999673e-02 3.300285609999999864e-04
-3.236331049999999904e-02 3.285592249999999916e-04
-3.219419720000000346e-02 3.271497260000000209e-04
-3.202680869999999930e-02 3.260543450000000232e-04
-3.185980020000000329e-02 3.236507179999999835e-04
-3.169306739999999678e-02 3.226172119999999978e-04
-3.152614830000000090e-02 3.206425169999999915e-04
-3.135891629999999763e-02 3.201258080000000126e-04
-3.119408900000000123e-02 3.214725000000000091e-04
-3.103182089999999976e-02 3.204177770000000178e-04
-3.086934980000000106e-02 3.171488640000000238e-04
-3.070517630000000123e-02 3.165594239999999890e-04
-3.054157830000000032e-02 3.158993790000000227e-04
-3.037852239999999995e-02 3.157631730000000055e-04
-3.021500259999999882e-02 3.157954490000000028e-04
-3.005194289999999976e-02 3.155368900000000173e-04
-2.989023920000000167e-02 3.158759790000000120e-04
-2.972970159999999834e-02 3.152983850000000226e-04
-2.956952529999999982e-02 3.143023929999999751e-04
-2.940823509999999918e-02 3.141828929999999909e-04
-2.924649039999999839e-02 3.131107080000000058e-04
-2.908467689999999842e-02 3.131899279999999911e-04
-2.892286330000000058e-02 3.134094880000000091e-04
-2.876168679999999839e-02 3.131078560000000177e-04
-2.860053070000000142e-02 3.134838190000000142e-04
-2.843983099999999875e-02 3.133506979999999757e-04
-2.827994899999999867e-02 3.131491540000000146e-04
-2.811993839999999897e-02 3.131526459999999933e-04
-2.795980870000000160e-02 3.129607940000000109e-04
-2.779797280000000093e-02 3.134859139999999914e-04
-2.763530800000000079e-02 3.135803559999999763e-04
-2.747344040000000015e-02 3.135594889999999816e-04
-2.731134929999999919e-02 3.143060310000000209e-04
-2.715046889999999866e-02 3.138534080000000013e-04
-2.699117549999999893e-02 3.140471530000000090e-04
-2.683064900000000155e-02 3.148577230000000225e-04
-2.666867709999999961e-02 3.146911039999999906e-04
-2.650626000000000024e-02 3.148968969999999955e-04
-2.634355429999999873e-02 3.149840629999999973e-04
-2.618041260000000120e-02 3.148443070000000164e-04
-2.601835690000000104e-02 3.162792419999999939e-04
-2.585715430000000079e-02 3.167115499999999815e-04
-2.569427529999999960e-02 3.163113429999999857e-04
-2.553069219999999986e-02 3.165949890000000172e-04
-2.536804789999999935e-02 3.177420590000000163e-04
-2.520459519999999898e-02 3.186405229999999958e-04
-2.503976410000000041e-02 3.188304540000000105e-04
-2.487377639999999862e-02 3.191524009999999797e-04
-2.470822069999999843e-02 3.207810509999999764e-04
-2.454345670000000063e-02 3.213252639999999928e-04
-2.437855120000000098e-02 3.225964900000000200e-04
-2.421278509999999842e-02 3.235695479999999838e-04
-2.404500359999999989e-02 3.241322989999999770e-04
-2.387606730000000135e-02 3.250358859999999774e-04
-2.370757420000000129e-02 3.270433520000000089e-04
-2.353948349999999967e-02 3.275232740000000179e-04
-2.337084340000000066e-02 3.279378870000000212e-04
-2.320100179999999915e-02 3.283566039999999972e-04
-2.303122360000000104e-02 3.296397040000000121e-04
-2.286180109999999890e-02 3.303333649999999882e-04
-2.269075250000000127e-02 3.307941950000000114e-04
-2.251953820000000134e-02 3.310657919999999955e-04
-2.234837040000000122e-02 3.306317080000000029e-04
-2.217603099999999883e-02 3.311799959999999995e-04
-2.200380529999999835e-02 3.328909810000000029e-04
-2.183137279999999847e-02 3.331713669999999961e-04
-2.165916929999999949e-02 3.343477149999999915e-04
-2.148707769999999920e-02 3.351560440000000149e-04
-2.131378280000000014e-02 3.354005750000000003e-04
-2.113981360000000143e-02 3.358926620000000267e-04
-2.096480319999999981e-02 3.367853349999999982e-04
-2.078877950000000002e-02 3.377241660000000084e-04
-2.061321959999999967e-02 3.398168189999999805e-04
-2.043918150000000045e-02 3.396543029999999795e-04
-2.026522899999999919e-02 3.393443180000000258e-04
-2.008935059999999995e-02 3.399219709999999964e-04
-1.991276070000000051e-02 3.403590819999999825e-04
-1.973659170000000018e-02 3.407239559999999988e-04
-1.955877989999999997e-02 3.402809960000000196e-04
-1.938090290000000007e-02 3.401699650000000220e-04
-1.920459979999999955e-02 3.411853099999999882e-04
-1.902874189999999993e-02 3.412829830000000189e-04
-1.885281130000000110e-02 3.414302189999999810e-04
-1.867562529999999832e-02 3.417654080000000010e-04
-1.849810409999999919e-02 3.421551080000000220e-04
-1.832065360000000032e-02 3.427145999999999730e-04
-1.814241889999999857e-02 3.429630599999999798e-04
-1.796460520000000075e-02 3.428004270000000126e-04
-1.778691259999999955e-02 3.438402780000000152e-04
-1.760940069999999968e-02 3.441155129999999909e-04
-1.743222029999999881e-02 3.441232840000000019e-04
-1.725445869999999923e-02 3.444755570000000082e-04
-1.707579379999999911e-02 3.439465360000000028e-04
-1.689600759999999868e-02 3.439557040000000153e-04
-1.671635919999999928e-02 3.442364099999999766e-04
-1.653722300000000020e-02 3.444949690000000163e-04
-1.635782980000000109e-02 3.460802249999999887e-04
-1.618036260000000129e-02 3.455021069999999789e-04
-1.600343920000000045e-02 3.434830579999999895e-04
-1.582565340000000043e-02 3.432751980000000040e-04
-1.564766650000000078e-02 3.423625310000000190e-04
-1.546980249999999925e-02 3.414908719999999970e-04
-1.529221050000000026e-02 3.395554090000000029e-04
-1.511653230000000077e-02 3.381715800000000254e-04
-1.494240850000000051e-02 3.369158079999999924e-04
-1.476972359999999956e-02 3.356007799999999991e-04
-1.459658150000000057e-02 3.324384160000000226e-04
-1.442401020000000020e-02 3.309599410000000079e-04
-1.425341240000000016e-02 3.288692389999999920e-04
-1.408389399999999958e-02 3.274678599999999930e-04
-1.391323470000000069e-02 3.216703190000000010e-04
-1.374276540000000067e-02 3.190288260000000153e-04
-1.357693410000000017e-02 3.194555759999999855e-04
-1.341411560000000010e-02 3.182350770000000090e-04
-1.325070669999999992e-02 3.150490809999999730e-04
-1.308848620000000081e-02 3.131903649999999797e-04
-1.292763369999999981e-02 3.091018589999999767e-04
-1.276718450000000060e-02 3.073872359999999817e-04
-1.260837629999999980e-02 3.053642870000000177e-04
-1.245096140000000011e-02 3.033829270000000262e-04
-1.229511200000000040e-02 3.005176550000000215e-04
-1.214133199999999947e-02 2.986549810000000142e-04
-1.198874790000000086e-02 2.954771040000000082e-04
-1.183764080000000024e-02 2.934455409999999864e-04
-1.168657000000000029e-02 2.889535390000000110e-04
-1.153621259999999989e-02 2.869097809999999831e-04
-1.138858119999999925e-02 2.846717249999999888e-04
-1.124294009999999948e-02 2.826697020000000006e-04
-1.109812869999999944e-02 2.784959510000000176e-04
-1.095441540000000047e-02 2.759569909999999961e-04
-1.081386020000000073e-02 2.741953359999999853e-04
-1.067461540000000028e-02 2.731493150000000253e-04
-1.053386740000000071e-02 2.687549569999999797e-04
-1.039442890000000057e-02 2.663869820000000000e-04
-1.025754310000000051e-02 2.630347739999999864e-04
-1.012192569999999930e-02 2.610655500000000199e-04
-9.988633920000000027e-03 2.594805559999999764e-04
-9.857831520000000583e-03 2.574136890000000219e-04
-9.728356259999999464e-03 2.538890399999999838e-04
-9.598460050000000299e-03 2.525282030000000210e-04
-9.468903770000000261e-03 2.493388600000000233e-04
-9.341422469999999256e-03 2.472877970000000197e-04
-9.214541870000000565e-03 2.435092610000000031e-04
-9.088941850000000627e-03 2.413797050000000095e-04
-8.966276420000000510e-03 2.394265470000000041e-04
-8.845306000000000696e-03 2.377042549999999971e-04
-8.725306949999999187e-03 2.345419630000000039e-04
-8.605722340000000053e-03 2.328369880000000008e-04
-8.487719109999999900e-03 2.307547110000000119e-04
-8.370509369999999325e-03 2.298442120000000104e-04
-8.252657950000000589e-03 2.262560740000000127e-04
-8.136986750000000171e-03 2.236552540000000006e-04
-8.023690429999999138e-03 2.212184339999999957e-04
-7.911100049999999703e-03 2.199167070000000073e-04
-7.799661719999999993e-03 2.173783580000000109e-04
-7.688940499999999748e-03 2.160334549999999945e-04
-7.579226050000000339e-03 2.139795250000000085e-04
-7.469986100000000108e-03 2.126644390000000031e-04
-7.361634169999999901e-03 2.105084420000000070e-04
-7.255076899999999933e-03 2.089439220000000107e-04
-7.149315899999999710e-03 2.067033349999999924e-04
-7.044367030000000043e-03 2.054080250000000043e-04
-6.940461230000000148e-03 2.027611630000000049e-04
-6.837427620000000213e-03 2.012837210000000096e-04
-6.735433820000000064e-03 1.989158769999999944e-04
-6.633642129999999838e-03 1.976720229999999901e-04
-6.532990839999999917e-03 1.961331870000000124e-04
-6.433908359999999764e-03 1.949064459999999869e-04
-6.335810760000000312e-03 1.931422299999999907e-04
-6.238467529999999761e-03 1.920538050000000080e-04
-6.141161550000000420e-03 1.898093029999999937e-04
-6.044310980000000208e-03 1.887267429999999943e-04
-5.948713979999999991e-03 1.870855189999999881e-04
-5.853617099999999795e-03 1.861940399999999891e-04
-5.759436639999999767e-03 1.852484569999999890e-04
-5.666337910000000290e-03 1.840079639999999989e-04
-5.573518569999999853e-03 1.810428079999999891e-04
-5.481698079999999806e-03 1.796249270000000093e-04
-5.391241050000000409e-03 1.786294740000000036e-04
-5.301406140000000135e-03 1.778969890000000112e-04
-5.211763549999999870e-03 1.755039700000000035e-04
-5.122555889999999904e-03 1.743808829999999894e-04
-5.034103059999999602e-03 1.725207110000000134e-04
-4.945856050000000011e-03 1.714925750000000104e-04
-4.858796480000000112e-03 1.706261680000000088e-04
-4.772992339999999716e-03 1.697942210000000056e-04
-4.687755370000000303e-03 1.684306040000000109e-04
-4.603209910000000300e-03 1.675242819999999886e-04
-4.518195990000000405e-03 1.648500469999999974e-04
-4.433071709999999999e-03 1.639528639999999950e-04
-4.349678289999999760e-03 1.637184029999999959e-04
-4.267208740000000278e-03 1.630787449999999907e-04
-4.184961780000000416e-03 1.616739319999999981e-04
-4.103414710000000305e-03 1.605293220000000084e-04
-4.023116079999999872e-03 1.594384670000000047e-04
-3.943393009999999858e-03 1.589185849999999922e-04
-3.863544439999999983e-03 1.578624939999999919e-04
-3.784188999999999869e-03 1.571852630000000132e-04
-3.705553009999999845e-03 1.559044610000000046e-04
-3.627631579999999935e-03 1.550136800000000083e-04
-3.549586280000000156e-03 1.523319370000000123e-04
-3.472218290000000148e-03 1.507542180000000101e-04
-3.397250080000000210e-03 1.503781239999999950e-04
-3.322337290000000002e-03 1.504142710000000015e-04
-3.246951379999999873e-03 1.497286139999999999e-04
-3.171741499999999794e-03 1.493755259999999976e-04
-3.096639879999999942e-03 1.491371080000000076e-04
-3.023081229999999894e-03 1.481236100000000067e-04
-2.950392659999999997e-03 1.461956269999999938e-04
-2.877981630000000027e-03 1.453348379999999868e-04
-2.806193660000000194e-03 1.439842740000000121e-04
-2.734597069999999790e-03 1.431889250000000023e-04
-2.663428660000000201e-03 1.416982999999999914e-04
-2.591516590000000116e-03 1.418011520000000091e-04
-2.519809640000000069e-03 1.429662660000000074e-04
-2.450507130000000120e-03 1.419420440000000044e-04
-2.381645139999999817e-03 1.392932459999999888e-04
-2.312792699999999951e-03 1.383340860000000026e-04
-2.245160979999999938e-03 1.377082230000000070e-04
-2.177118320000000044e-03 1.375432329999999983e-04
-2.107998820000000009e-03 1.352961839999999969e-04
-2.040073510000000017e-03 1.339575389999999927e-04
-1.973645989999999947e-03 1.327345380000000119e-04
-1.907529430000000055e-03 1.321069140000000056e-04
-1.841552090000000063e-03 1.310912629999999883e-04
-1.775891520000000019e-03 1.305340990000000050e-04
-1.712145520000000077e-03 1.316850830000000042e-04
-1.648161559999999914e-03 1.322424359999999912e-04
-1.581944060000000036e-03 1.300606089999999907e-04
-1.516932159999999927e-03 1.283770399999999970e-04
-1.453821899999999979e-03 1.268777709999999940e-04
-1.391005239999999971e-03 1.263363370000000134e-04
-1.328194279999999955e-03 1.248456100000000036e-04
-1.265900909999999975e-03 1.239976699999999915e-04
-1.204382510000000066e-03 1.233990919999999869e-04
-1.142723839999999899e-03 1.232667269999999904e-04
-1.081290190000000050e-03 1.228074979999999939e-04
-1.020443630000000086e-03 1.222892170000000080e-04
-9.597595779999999917e-04 1.211207929999999949e-04
-9.004481250000000245e-04 1.197141389999999996e-04
-8.414905169999999622e-04 1.164069620000000014e-04
-7.813993720000000356e-04 1.160566610000000030e-04
-7.219440299999999597e-04 1.165794020000000028e-04
-6.635549940000000499e-04 1.161285690000000000e-04
-6.056799319999999886e-04 1.152914920000000038e-04
-5.481309489999999741e-04 1.147941289999999986e-04
-4.909741110000000229e-04 1.140675009999999944e-04
-4.341108430000000223e-04 1.134755000000000014e-04
-3.777337550000000157e-04 1.126443890000000051e-04
-3.221688380000000220e-04 1.120126030000000004e-04
-2.669462120000000221e-04 1.108300420000000026e-04
-2.129372590000000063e-04 1.096762789999999947e-04
-1.581868710000000091e-04 1.056405310000000042e-04
-1.048067790000000034e-04 1.033721199999999938e-04
-5.420557499999999982e-05 1.012580760000000065e-04
-1.296559730000000037e-06 1.019001789999999998e-04
5.126668840000000191e-05 1.042177610000000036e-04
1.039726700000000062e-04 1.050096109999999950e-04
1.566322459999999934e-04 1.072453819999999989e-04
2.102363800000000107e-04 1.087601049999999960e-04
2.656679719999999949e-04 1.103402610000000047e-04
3.212410959999999920e-04 1.109966180000000031e-04
3.769036559999999736e-04 1.122543760000000015e-04
4.330187220000000087e-04 1.129792510000000036e-04
4.898880140000000079e-04 1.137330980000000050e-04
5.479976530000000385e-04 1.145923090000000019e-04
6.062535099999999790e-04 1.167293890000000041e-04
6.645035459999999771e-04 1.176518130000000063e-04
7.238268739999999821e-04 1.188750470000000047e-04
7.832464759999999701e-04 1.193747159999999978e-04
8.426660789999999542e-04 1.203145949999999946e-04
9.025904000000000175e-04 1.209564290000000056e-04
9.633362060000000109e-04 1.213672659999999996e-04
1.024669150000000022e-03 1.217014939999999971e-04
1.086176139999999986e-03 1.223385629999999933e-04
1.148128650000000001e-03 1.230003110000000123e-04
1.210226210000000038e-03 1.245933090000000032e-04
1.272414230000000089e-03 1.252223879999999961e-04
1.335057200000000022e-03 1.266898470000000099e-04
1.398703669999999981e-03 1.278225679999999906e-04
1.463521040000000020e-03 1.285376490000000014e-04
1.528011049999999926e-03 1.284232860000000093e-04
1.592212240000000093e-03 1.285868779999999934e-04
1.657893880000000080e-03 1.297074049999999911e-04
1.724158059999999918e-03 1.318455179999999992e-04
1.789656470000000003e-03 1.321583260000000026e-04
1.855676990000000061e-03 1.326588100000000053e-04
1.922785769999999948e-03 1.334934929999999993e-04
1.990206769999999965e-03 1.347899380000000058e-04
2.058155600000000085e-03 1.355740970000000054e-04
2.126365670000000211e-03 1.373162670000000016e-04
2.195324050000000034e-03 1.382040350000000026e-04
2.265454269999999867e-03 1.387138330000000036e-04
2.335115799999999860e-03 1.388042000000000084e-04
2.404934960000000132e-03 1.393176060000000124e-04
2.475817219999999937e-03 1.401421909999999967e-04
2.546859439999999818e-03 1.416382580000000006e-04
2.618040890000000211e-03 1.422605560000000111e-04
2.689868680000000092e-03 1.429097470000000069e-04
2.762911140000000147e-03 1.436761089999999961e-04
2.836378520000000167e-03 1.450952840000000095e-04
2.909945560000000084e-03 1.458612970000000108e-04
2.984318880000000080e-03 1.466452670000000067e-04
3.058887320000000173e-03 1.470449640000000074e-04
3.134025260000000181e-03 1.477622429999999904e-04
3.210155530000000177e-03 1.486193509999999879e-04
3.285902549999999804e-03 1.510785369999999880e-04
3.362671010000000196e-03 1.523679530000000002e-04
3.440609900000000162e-03 1.539935620000000051e-04
3.518183480000000064e-03 1.545670379999999964e-04
3.596049269999999822e-03 1.556707720000000106e-04
3.674838689999999995e-03 1.566223800000000053e-04
3.754956879999999785e-03 1.576467619999999924e-04
3.835361450000000175e-03 1.581907269999999969e-04
3.915735990000000430e-03 1.591538599999999914e-04
3.996442069999999944e-03 1.597001099999999999e-04
4.078204279999999952e-03 1.594540080000000036e-04
4.161469170000000294e-03 1.600473620000000114e-04
4.243722190000000227e-03 1.633796349999999925e-04
4.326474850000000365e-03 1.650972699999999867e-04
4.411734169999999809e-03 1.663209990000000130e-04
4.497226790000000314e-03 1.669059269999999978e-04
4.582236519999999605e-03 1.687042969999999953e-04
4.668125880000000352e-03 1.698805279999999974e-04
4.754958670000000026e-03 1.715723049999999907e-04
4.842533730000000113e-03 1.723907329999999928e-04
4.930613559999999854e-03 1.738215070000000086e-04
5.019138099999999846e-03 1.748370709999999941e-04
5.108373710000000019e-03 1.764705229999999933e-04
5.198644009999999621e-03 1.776800199999999943e-04
5.289711990000000273e-03 1.803888149999999908e-04
5.380786490000000026e-03 1.813728300000000014e-04
5.472627929999999627e-03 1.821441110000000135e-04
5.565636789999999987e-03 1.828721720000000108e-04
5.659204909999999977e-03 1.839630280000000104e-04
5.753714130000000399e-03 1.851676640000000007e-04
5.849190990000000152e-03 1.868993419999999894e-04
5.945260639999999999e-03 1.878794569999999982e-04
6.042201540000000093e-03 1.898629129999999899e-04
6.139923819999999581e-03 1.910515569999999945e-04
6.237879860000000026e-03 1.932413870000000006e-04
6.336458030000000421e-03 1.944036630000000091e-04
6.436337250000000176e-03 1.954598119999999945e-04
6.537732670000000017e-03 1.964802210000000005e-04
6.639668720000000204e-03 1.984163390000000065e-04
6.742784750000000403e-03 2.000867099999999903e-04
6.847262849999999866e-03 2.032181949999999982e-04
6.951907180000000373e-03 2.044530699999999937e-04
7.056769449999999999e-03 2.067475429999999896e-04
7.162916469999999931e-03 2.083458530000000051e-04
7.270438130000000075e-03 2.104891609999999904e-04
7.379464809999999875e-03 2.118725680000000007e-04
7.489200680000000429e-03 2.145334729999999945e-04
7.599262059999999618e-03 2.159744469999999919e-04
7.711263840000000432e-03 2.175633560000000044e-04
7.823688909999999483e-03 2.183960459999999932e-04
7.935945879999999758e-03 2.201614699999999872e-04
8.050412870000000706e-03 2.221260369999999951e-04
8.165987209999999580e-03 2.257344019999999970e-04
8.283342230000000778e-03 2.277883759999999968e-04
8.403106590000000709e-03 2.294840519999999959e-04
8.522882129999999334e-03 2.304092630000000020e-04
8.641784079999999257e-03 2.344235250000000046e-04
8.762224580000000165e-03 2.367938719999999929e-04
8.885532620000000797e-03 2.395002379999999916e-04
9.010143579999999389e-03 2.412652980000000035e-04
9.135768750000000313e-03 2.435617059999999924e-04
9.262897069999999691e-03 2.452918560000000151e-04
9.390477090000000013e-03 2.493440119999999825e-04
9.519813579999999650e-03 2.515105299999999787e-04
9.650895370000000736e-03 2.546197209999999747e-04
9.781623260000000403e-03 2.558688280000000225e-04
9.914166290000000006e-03 2.572846420000000217e-04
1.005063020000000057e-02 2.601589660000000145e-04
1.018793789999999921e-02 2.657537120000000026e-04
1.032426669999999928e-02 2.671797120000000123e-04
1.046203820000000083e-02 2.687319650000000192e-04
1.060263910000000011e-02 2.706160890000000228e-04
1.074419639999999940e-02 2.742579089999999729e-04
1.088630689999999998e-02 2.762668009999999985e-04
1.103087789999999957e-02 2.787932749999999841e-04
1.117767580000000004e-02 2.810513539999999846e-04
1.132511349999999924e-02 2.851907629999999856e-04
1.147361380000000083e-02 2.873199699999999914e-04
1.162344589999999948e-02 2.910116749999999957e-04
1.177400999999999968e-02 2.923771390000000098e-04
1.192602140000000033e-02 2.937656830000000122e-04
1.207979950000000018e-02 2.957189570000000149e-04
1.223526900000000001e-02 2.983232259999999878e-04
1.239233739999999993e-02 3.002209120000000103e-04
1.255126579999999922e-02 3.035281839999999813e-04
1.271154080000000061e-02 3.055414710000000094e-04
1.287172179999999944e-02 3.101284669999999867e-04
1.303225199999999938e-02 3.115588040000000138e-04
1.319463270000000021e-02 3.124577339999999744e-04
1.335903159999999971e-02 3.144110089999999731e-04
1.352444849999999942e-02 3.181343779999999807e-04
1.369184629999999937e-02 3.206646069999999783e-04
1.386248319999999930e-02 3.235071200000000130e-04
1.403284819999999974e-02 3.243820680000000117e-04
1.420224919999999932e-02 3.271822929999999938e-04
1.437301369999999939e-02 3.290101009999999988e-04
1.454525530000000053e-02 3.316204530000000056e-04
1.471869460000000025e-02 3.328193850000000197e-04
1.489356529999999977e-02 3.337833040000000176e-04
1.506937109999999941e-02 3.351394839999999949e-04
1.524659989999999944e-02 3.377994289999999757e-04
1.542358379999999966e-02 3.386237370000000097e-04
1.560066449999999993e-02 3.394570090000000040e-04
1.577807399999999957e-02 3.399537530000000161e-04
1.595587099999999994e-02 3.406843169999999865e-04
1.613502580000000103e-02 3.412915679999999757e-04
1.631587560000000159e-02 3.401882420000000118e-04
1.649591699999999883e-02 3.397648979999999845e-04
1.667440870000000061e-02 3.411633079999999750e-04
1.685262469999999901e-02 3.415025129999999941e-04
1.703172920000000160e-02 3.422461450000000059e-04
1.721003650000000121e-02 3.420453290000000091e-04
1.738777010000000164e-02 3.411345240000000106e-04
1.756731419999999974e-02 3.414222450000000222e-04
1.774714510000000023e-02 3.417705009999999792e-04
1.792571689999999940e-02 3.416022810000000020e-04
1.810429620000000156e-02 3.411284420000000269e-04
1.828258860000000000e-02 3.407864420000000089e-04
1.846141930000000028e-02 3.402124570000000185e-04
1.864079760000000169e-02 3.403435989999999958e-04
1.881866719999999993e-02 3.419171549999999900e-04
1.899614189999999925e-02 3.422450389999999801e-04
1.917485329999999918e-02 3.410861830000000211e-04
1.935477550000000088e-02 3.409246860000000141e-04
1.953406259999999894e-02 3.415674149999999997e-04
1.971063580000000093e-02 3.406338800000000239e-04
1.988775840000000031e-02 3.383982109999999783e-04
2.006661519999999865e-02 3.386421300000000238e-04
2.024490199999999865e-02 3.389696070000000139e-04
2.042198549999999987e-02 3.383640430000000058e-04
2.059874119999999947e-02 3.372303620000000122e-04
2.077620479999999978e-02 3.367835889999999817e-04
2.095315229999999973e-02 3.364391740000000183e-04
2.112811059999999963e-02 3.355779339999999974e-04
2.130314889999999906e-02 3.343080459999999907e-04
2.147804949999999879e-02 3.337764059999999877e-04
2.165217700000000162e-02 3.323075069999999816e-04
2.182671799999999843e-02 3.320277609999999790e-04
2.200100569999999950e-02 3.316750810000000270e-04
2.217486869999999929e-02 3.308369489999999908e-04
2.234833320000000068e-02 3.292110340000000161e-04
2.252095009999999925e-02 3.285638809999999813e-04
2.269154409999999886e-02 3.301280079999999758e-04
2.286079710000000001e-02 3.298881930000000114e-04
2.303295210000000023e-02 3.256168269999999828e-04
2.320584469999999871e-02 3.245282859999999757e-04
2.337605510000000109e-02 3.247240089999999945e-04
2.354550180000000020e-02 3.243340469999999903e-04
2.371407860000000062e-02 3.247002610000000191e-04
2.388195320000000010e-02 3.239641369999999849e-04
2.404952609999999949e-02 3.224476819999999968e-04
2.421636510000000145e-02 3.218999480000000091e-04
2.438475190000000126e-02 3.190037970000000086e-04
2.455327100000000151e-02 3.180482309999999729e-04
2.471890859999999884e-02 3.189765270000000119e-04
2.488344350000000135e-02 3.186479439999999959e-04
2.504848880000000097e-02 3.168805560000000163e-04
2.521407599999999846e-02 3.161335769999999885e-04
2.537825889999999890e-02 3.164266820000000082e-04
2.554170039999999892e-02 3.165163509999999831e-04
2.570655570000000140e-02 3.155973099999999885e-04
2.587169970000000041e-02 3.154474249999999862e-04
2.603559009999999868e-02 3.159125339999999875e-04
2.619851379999999993e-02 3.154981529999999787e-04
2.636108360000000150e-02 3.149380790000000222e-04
2.652331440000000110e-02 3.141023629999999817e-04
2.668547820000000126e-02 3.119207100000000177e-04
2.684968149999999998e-02 3.127805830000000256e-04
2.701404690000000150e-02 3.148917459999999780e-04
2.717701529999999935e-02 3.148159889999999788e-04
2.734072320000000000e-02 3.145570229999999933e-04
2.750448700000000107e-02 3.145060620000000103e-04
2.766753920000000061e-02 3.143490759999999760e-04
2.783122290000000082e-02 3.142387430000000083e-04
2.799439239999999829e-02 3.148087999999999733e-04
2.815771099999999846e-02 3.155282760000000138e-04
2.832211180000000078e-02 3.157247559999999892e-04
2.848706770000000027e-02 3.161272029999999790e-04
2.865240540000000072e-02 3.177966569999999950e-04
2.881667389999999912e-02 3.177652539999999788e-04
2.898064629999999933e-02 3.169590780000000260e-04
2.914489060000000076e-02 3.168328260000000248e-04
2.930860219999999877e-02 3.173734879999999732e-04
2.947539839999999828e-02 3.189804850000000258e-04
2.964474820000000121e-02 3.192118889999999887e-04
2.981259669999999917e-02 3.188246919999999950e-04
2.997985480000000050e-02 3.199285419999999794e-04
3.014708309999999947e-02 3.203174859999999855e-04
3.031326830000000139e-02 3.219104259999999913e-04
3.048018740000000074e-02 3.229248100000000027e-04
3.064912560000000036e-02 3.223725359999999956e-04
3.082053740000000042e-02 3.232130549999999805e-04
3.099163989999999952e-02 3.260883099999999936e-04
3.116227309999999862e-02 3.272790350000000042e-04
3.133458640000000295e-02 3.277875369999999795e-04
3.150814770000000264e-02 3.287162110000000259e-04
3.168211499999999681e-02 3.318515080000000077e-04
3.185725579999999779e-02 3.336990779999999776e-04
3.203355150000000012e-02 3.356292150000000029e-04
3.221311050000000287e-02 3.378140389999999813e-04
3.239448000000000327e-02 3.408907800000000247e-04
3.257675100000000101e-02 3.429942300000000054e-04
3.276019919999999946e-02 3.468755460000000020e-04
3.294531629999999933e-02 3.492778630000000178e-04
3.313304110000000330e-02 3.529220409999999785e-04
3.332322089999999876e-02 3.557292219999999756e-04
3.351464870000000346e-02 3.600875790000000005e-04
3.371071070000000031e-02 3.644415700000000155e-04
3.391076619999999764e-02 3.698618679999999756e-04
3.411416340000000130e-02 3.732949840000000059e-04
3.431953120000000301e-02 3.795755329999999815e-04
3.452589739999999824e-02 3.829343190000000026e-04
3.473580629999999808e-02 3.878025160000000233e-04
3.494879599999999725e-02 3.914362169999999978e-04
3.516425559999999950e-02 3.959127639999999830e-04
3.538336599999999943e-02 3.997198070000000138e-04
3.560646249999999818e-02 4.036362809999999844e-04
3.583172340000000122e-02 4.057721820000000220e-04
3.605722260000000096e-02 4.113609899999999932e-04
3.628252450000000323e-02 4.137994549999999844e-04
3.651108220000000293e-02 4.166966830000000182e-04
3.674143550000000258e-02 4.188482999999999790e-04
3.697389739999999703e-02 4.196874510000000091e-04
3.720707820000000027e-02 4.204227879999999896e-04
3.744022179999999950e-02 4.225292650000000180e-04
3.767330569999999962e-02 4.226584279999999884e-04
3.790609539999999916e-02 4.235785450000000203e-04
3.813584519999999728e-02 4.226533640000000027e-04
3.836499530000000296e-02 4.210854240000000111e-04
3.859476369999999962e-02 4.208893810000000242e-04
3.882601480000000271e-02 4.194287470000000067e-04
3.905459869999999833e-02 4.173204939999999733e-04
3.928116339999999929e-02 4.131927850000000047e-04
3.950831669999999712e-02 4.120611989999999883e-04
3.973448279999999833e-02 4.105690169999999918e-04
3.995900599999999830e-02 4.084738609999999923e-04
4.018020630000000010e-02 4.082635860000000073e-04
4.039975999999999984e-02 4.077478079999999946e-04
4.062108700000000017e-02 4.048651900000000206e-04
4.084228720000000062e-02 4.037688490000000100e-04
4.106100280000000297e-02 4.032959989999999862e-04
4.127724470000000007e-02 4.016384190000000121e-04
4.149192200000000053e-02 3.996423909999999757e-04
4.170706500000000150e-02 3.986482620000000193e-04
4.192199929999999852e-02 3.963025810000000244e-04
4.213542120000000196e-02 3.950875249999999828e-04
4.234803840000000291e-02 3.945263160000000080e-04
4.256079349999999928e-02 3.944248890000000155e-04
4.277257990000000315e-02 3.942272159999999823e-04
4.298102859999999859e-02 3.921482419999999954e-04
4.318756609999999801e-02 3.895611739999999749e-04
4.339493070000000063e-02 3.885857300000000042e-04
4.360190779999999905e-02 3.865728800000000189e-04
4.380793119999999707e-02 3.857999109999999754e-04
4.401397709999999713e-02 3.836271349999999941e-04
4.421782870000000309e-02 3.815306700000000210e-04
4.441999640000000166e-02 3.799374389999999853e-04
4.462116210000000027e-02 3.787753229999999880e-04
4.482065889999999747e-02 3.768665189999999927e-04
4.501874740000000319e-02 3.753330669999999959e-04
4.521660129999999916e-02 3.714650229999999845e-04
4.541669789999999707e-02 3.709046290000000056e-04
4.561644420000000172e-02 3.699919620000000206e-04
4.581222310000000048e-02 3.677842610000000016e-04
4.600663859999999661e-02 3.652823509999999834e-04
4.619946700000000100e-02 3.634362369999999962e-04
4.638896139999999779e-02 3.624614620000000086e-04
4.657774419999999999e-02 3.616815080000000118e-04
4.676741360000000181e-02 3.580324410000000168e-04
4.695717619999999898e-02 3.562827770000000140e-04
4.714451730000000090e-02 3.554994180000000162e-04
4.733063280000000123e-02 3.549607059999999739e-04
4.751757530000000340e-02 3.534069689999999879e-04
4.770335180000000175e-02 3.521562030000000097e-04
4.788620770000000249e-02 3.521949399999999941e-04
4.806650800000000084e-02 3.506712670000000079e-04
4.824649169999999793e-02 3.469660009999999805e-04
4.842813309999999954e-02 3.461508600000000172e-04
4.860941319999999982e-02 3.445252949999999992e-04
4.878890889999999703e-02 3.433373639999999917e-04
4.896657539999999670e-02 3.430850629999999913e-04
4.914290830000000304e-02 3.421959990000000189e-04
4.932036620000000010e-02 3.391263889999999960e-04
4.949718339999999855e-02 3.376394449999999946e-04
4.967088620000000010e-02 3.373991350000000024e-04
4.984623569999999809e-02 3.378350809999999815e-04
5.002460999999999713e-02 3.340371479999999782e-04
5.020067839999999698e-02 3.317390800000000087e-04
5.037195979999999768e-02 3.333147620000000188e-04
5.054278670000000168e-02 3.336108639999999892e-04
5.071521179999999990e-02 3.330290200000000141e-04
5.088692899999999741e-02 3.324030259999999999e-04
5.105788259999999995e-02 3.306666619999999788e-04
5.122901130000000192e-02 3.301461979999999879e-04
5.139822890000000227e-02 3.318960949999999813e-04
5.156576630000000300e-02 3.310663450000000084e-04
5.173406750000000137e-02 3.275125349999999944e-04
5.190280449999999657e-02 3.269418379999999846e-04
5.207138139999999832e-02 3.268543510000000187e-04
5.224156750000000238e-02 3.277985379999999861e-04
5.241313200000000116e-02 3.268760919999999905e-04
5.258208510000000196e-02 3.249757279999999893e-04
5.274823680000000070e-02 3.243769169999999942e-04
5.291450400000000109e-02 3.237857599999999897e-04
5.308011919999999773e-02 3.232429439999999748e-04
5.324528369999999983e-02 3.232144519999999820e-04
5.341132359999999774e-02 3.216811459999999981e-04
5.357926710000000120e-02 3.222685189999999981e-04
5.374741179999999868e-02 3.247787239999999935e-04
5.391193180000000001e-02 3.235119800000000006e-04
5.407514800000000343e-02 3.209287820000000205e-04
5.424084140000000331e-02 3.210465069999999957e-04
5.440642309999999676e-02 3.215779430000000006e-04
5.456966159999999955e-02 3.208001140000000238e-04
5.473076550000000040e-02 3.221831579999999938e-04
5.489190669999999966e-02 3.227030970000000225e-04
5.505556989999999679e-02 3.211645230000000008e-04
5.521959440000000219e-02 3.208309940000000156e-04
5.538182710000000286e-02 3.216740149999999777e-04
5.554172019999999849e-02 3.205696700000000197e-04
5.570144579999999901e-02 3.177751790000000022e-04
5.586471779999999804e-02 3.184602830000000180e-04
5.602936819999999873e-02 3.180746859999999737e-04
5.619255830000000063e-02 3.174921730000000155e-04
5.635556580000000010e-02 3.173738949999999732e-04
5.651855470000000103e-02 3.173243599999999841e-04
5.667855959999999749e-02 3.209598650000000143e-04
5.683567369999999869e-02 3.205314859999999939e-04
5.699434500000000181e-02 3.167448450000000270e-04
5.715523659999999923e-02 3.162843640000000188e-04
5.731499200000000210e-02 3.169005499999999757e-04
5.747492979999999779e-02 3.176610039999999907e-04
5.763761700000000210e-02 3.163917279999999780e-04
5.779945479999999691e-02 3.154276059999999780e-04
5.795771260000000258e-02 3.175166780000000018e-04
5.811602989999999774e-02 3.183036170000000061e-04
5.827657130000000324e-02 3.167726969999999751e-04
5.843834579999999945e-02 3.165279339999999952e-04
5.859994889999999707e-02 3.161448990000000135e-04
5.875864620000000038e-02 3.146948869999999991e-04
5.891465399999999686e-02 3.151456479999999779e-04
5.907215180000000010e-02 3.162036300000000116e-04
5.923245469999999929e-02 3.156688179999999982e-04
5.939260130000000026e-02 3.153854050000000115e-04
5.955192069999999671e-02 3.147808020000000123e-04
5.971217160000000246e-02 3.151233539999999931e-04
5.987320840000000255e-02 3.147648529999999903e-04
6.003403289999999920e-02 3.140787009999999879e-04
6.019247319999999901e-02 3.161468189999999852e-04
6.035043300000000194e-02 3.170295969999999759e-04
6.051151829999999732e-02 3.154711450000000192e-04
6.067367640000000117e-02 3.155563610000000066e-04
6.083566700000000299e-02 3.148664839999999808e-04
6.099762019999999813e-02 3.145971860000000260e-04
6.115859750000000178e-02 3.154847359999999766e-04
6.131993609999999983e-02 3.155902669999999959e-04
6.147980320000000221e-02 3.183417719999999851e-04
6.163741650000000016e-02 3.184120000000000136e-04
6.179629269999999813e-02 3.177069299999999807e-04
6.195544079999999731e-02 3.176169990000000227e-04
6.211626160000000008e-02 3.133749119999999864e-04
6.227845700000000234e-02 3.126758670000000023e-04
6.243820860000000306e-02 3.148211110000000037e-04
6.259819120000000015e-02 3.153028370000000142e-04
6.275900450000000685e-02 3.152751009999999821e-04
6.291697920000000055e-02 3.139954060000000225e-04
6.307280810000000237e-02 3.140185439999999958e-04
6.323055180000000663e-02 3.151766140000000055e-04
6.339082120000000264e-02 3.153827570000000214e-04
6.355067339999999343e-02 3.152103159999999969e-04
6.371000409999999503e-02 3.144041689999999825e-04
6.387174869999999449e-02 3.151299020000000121e-04
6.403375420000000096e-02 3.167122779999999999e-04
6.419172880000000025e-02 3.152956200000000121e-04
6.434746830000000195e-02 3.150876150000000097e-04
6.450518219999999692e-02 3.161942300000000045e-04
6.466589870000000184e-02 3.154594159999999942e-04
6.482557949999999403e-02 3.145790539999999990e-04
6.498257820000000184e-02 3.154278380000000268e-04
6.513988969999999490e-02 3.159245529999999921e-04
6.529849769999999942e-02 3.151416019999999903e-04
6.545884909999999390e-02 3.154786829999999855e-04
6.561958040000000214e-02 3.158009489999999810e-04
6.578019259999999535e-02 3.162750219999999968e-04
6.594406810000000285e-02 3.133307909999999939e-04
6.610859930000000106e-02 3.126640799999999922e-04
6.626913700000000573e-02 3.162705110000000241e-04
6.642594929999999509e-02 3.153300790000000144e-04
6.658165159999999971e-02 3.145684899999999810e-04
6.673974539999999456e-02 3.152990829999999982e-04
6.689738480000000098e-02 3.180778289999999916e-04
6.705328820000000523e-02 3.184705570000000022e-04
6.721208989999999384e-02 3.147529790000000026e-04
6.737186010000000003e-02 3.139945910000000264e-04
6.753062460000000544e-02 3.147532409999999857e-04
6.768990310000000399e-02 3.153377909999999901e-04
6.784829500000000291e-02 3.172485449999999998e-04
6.800648569999999393e-02 3.173848669999999872e-04
6.816642729999999872e-02 3.148579560000000130e-04
6.832832839999999908e-02 3.155523740000000001e-04
6.849156319999999409e-02 3.152576679999999809e-04
6.865248079999999864e-02 3.137624589999999910e-04
6.881159539999999464e-02 3.137954050000000216e-04
6.896979359999999559e-02 3.132550629999999873e-04
6.912613659999999882e-02 3.136465380000000172e-04
6.928391750000000016e-02 3.146504459999999843e-04
6.944444029999999324e-02 3.128540120000000029e-04
6.960566340000000352e-02 3.121992920000000093e-04
6.976416709999999632e-02 3.149235270000000017e-04
6.992127750000000364e-02 3.154962909999999921e-04
7.008234409999999914e-02 3.116887819999999802e-04
7.024460289999999441e-02 3.110395920000000075e-04
7.040307669999999740e-02 3.143708160000000060e-04
7.056137170000000014e-02 3.154647130000000246e-04
7.072257249999999718e-02 3.136508459999999879e-04
7.088313250000000121e-02 3.121829359999999873e-04
7.103920730000000405e-02 3.155729500000000192e-04
7.119347160000000230e-02 3.161367200000000065e-04
7.134956870000000451e-02 3.158589829999999994e-04
7.150550190000000417e-02 3.156602029999999986e-04
7.166135310000000536e-02 3.140614139999999997e-04
7.182020690000000263e-02 3.152913409999999798e-04
7.198185470000000030e-02 3.140355690000000010e-04
7.214237749999999338e-02 3.124789219999999875e-04
7.230032979999999332e-02 3.124521750000000151e-04
7.245893779999999784e-02 3.132578279999999977e-04
7.261797790000000530e-02 3.147679960000000082e-04
7.277642189999999900e-02 3.149542899999999731e-04
7.293642309999999462e-02 3.140580369999999952e-04
7.309670000000000056e-02 3.139020990000000017e-04
7.325700670000000192e-02 3.122161430000000050e-04
7.341821490000000061e-02 3.121463810000000118e-04
7.357784359999999801e-02 3.145803930000000154e-04
7.373588529999999808e-02 3.140727349999999744e-04
7.389321919999999877e-02 3.138433969999999962e-04
7.405155150000000686e-02 3.147880490000000029e-04
7.421015949999999750e-02 3.181606590000000262e-04
7.436658440000000481e-02 3.180682539999999791e-04
7.452625779999999533e-02 3.112022239999999787e-04
7.469092310000000068e-02 3.117394229999999951e-04
7.485351710000000269e-02 3.167062530000000053e-04
7.501370459999999463e-02 3.166194660000000070e-04
7.517135140000000271e-02 3.206165269999999758e-04
7.532570510000000108e-02 3.205171089999999789e-04
7.548505810000000205e-02 3.130997359999999918e-04
