-7.617497439999999786e-02 3.283552359999999883e-04
-7.602443550000000105e-02 3.242648380000000101e-04
-7.587225740000000385e-02 3.233496679999999976e-04
-7.571063940000000159e-02 3.051085219999999810e-04
-7.551792259999999535e-02 3.175955209999999757e-04
-7.531055059999999801e-02 3.290509050000000181e-04
-7.512962069999999659e-02 3.173430740000000166e-04
-7.497113939999999754e-02 3.209704299999999741e-04
-7.481402160000000245e-02 3.214517489999999846e-04
-7.465614380000000494e-02 3.215137109999999742e-04
-7.449761030000000284e-02 3.214924649999999760e-04
-7.433564959999999777e-02 3.157273749999999868e-04
-7.417327170000000136e-02 3.143324569999999749e-04
-7.401192930000000114e-02 3.121811609999999783e-04
-7.384728640000000344e-02 3.133835850000000253e-04
-7.368312030000000179e-02 3.187073740000000198e-04
-7.351744920000000127e-02 3.215383619999999734e-04
-7.334589210000000414e-02 3.183586519999999733e-04
-7.317602630000000219e-02 3.161997009999999901e-04
-7.301174100000000500e-02 3.195324969999999956e-04
-7.284974310000000286e-02 3.189230340000000089e-04
-7.268603889999999956e-02 3.144071959999999760e-04
-7.249928270000000063e-02 3.270144229999999734e-04
-7.229159770000000151e-02 3.283699039999999790e-04
-7.210111619999999555e-02 3.185645909999999911e-04
-7.192730159999999318e-02 3.178127519999999757e-04
-7.175852359999999874e-02 3.145132800000000083e-04
-7.159532609999999520e-02 3.146605450000000172e-04
-7.143447549999999702e-02 3.128707469999999742e-04
-7.127771530000000244e-02 3.147045209999999927e-04
-7.111764700000000605e-02 3.177668549999999783e-04
-7.095745950000000024e-02 3.260544329999999968e-04
-7.080534099999999387e-02 3.242132659999999748e-04
-7.065127790000000352e-02 3.170720589999999838e-04
-7.049238680000000090e-02 3.173846929999999777e-04
-7.033318280000000478e-02 3.165340750000000141e-04
-7.017394899999999935e-02 3.162452780000000194e-04
-7.001840319999999562e-02 3.215893809999999958e-04
-6.986225399999999863e-02 3.234358739999999865e-04
-6.970200690000000199e-02 3.217289339999999747e-04
-6.954403219999999441e-02 3.201922229999999898e-04
-6.938539450000000275e-02 3.160028430000000072e-04
-6.922018530000000058e-02 3.184330999999999989e-04
-6.905622779999999461e-02 3.260655790000000203e-04
-6.889981779999999889e-02 3.242791279999999933e-04
-6.874412300000000420e-02 3.205239189999999809e-04
-6.858638670000000159e-02 3.199683849999999897e-04
-6.842808429999999720e-02 3.174857990000000060e-04
-6.826883549999999967e-02 3.175935420000000229e-04
-6.810963899999999960e-02 3.179729969999999981e-04
-6.794919069999999506e-02 3.188584810000000182e-04
-6.778769939999999827e-02 3.207872209999999879e-04
-6.762757149999999717e-02 3.206627150000000031e-04
-6.746684009999999454e-02 3.180855710000000101e-04
-6.730752439999999892e-02 3.163040090000000175e-04
-6.714572759999999640e-02 3.072105169999999751e-04
-6.698112189999999577e-02 3.052063109999999819e-04
-6.682629880000000300e-02 3.159516489999999794e-04
-6.667182589999999520e-02 3.200315109999999903e-04
-6.650983539999999472e-02 3.200635260000000005e-04
-6.635027379999999808e-02 3.186156679999999986e-04
-6.619305910000000681e-02 3.172864379999999957e-04
-6.603451069999999312e-02 3.176059109999999843e-04
-6.587450949999999750e-02 3.160577030000000232e-04
-6.571187820000000401e-02 3.166446399999999764e-04
-6.555012609999999462e-02 3.197500480000000180e-04
-6.538996850000000638e-02 3.203470840000000042e-04
-6.522456560000000625e-02 3.133036950000000066e-04
-6.503679599999999394e-02 3.241650120000000171e-04
-6.482279300000000355e-02 3.118187889999999934e-04
-6.461681430000000559e-02 3.026105109999999957e-04
-6.443651020000000507e-02 3.185963139999999755e-04
-6.427006420000000442e-02 3.160257769999999826e-04
-6.410843880000000050e-02 3.169422850000000154e-04
-6.394876539999999610e-02 3.156662279999999932e-04
-6.378980730000000099e-02 3.133270369999999780e-04
-6.362959740000000142e-02 3.136641169999999771e-04
-6.346998360000000172e-02 3.167822719999999876e-04
-6.331091369999999885e-02 3.175851890000000064e-04
-6.315045800000000653e-02 3.163083169999999882e-04
-6.298897420000000580e-02 3.164652729999999797e-04
-6.282803419999999361e-02 3.178080659999999976e-04
-6.266780199999999468e-02 3.174299199999999961e-04
-6.250865760000000326e-02 3.181748910000000243e-04
-6.235104429999999837e-02 3.179525080000000108e-04
-6.219365450000000073e-02 3.177040490000000001e-04
-6.203472609999999970e-02 3.185380770000000093e-04
-6.187349560000000165e-02 3.182294890000000030e-04
-6.171185900000000085e-02 3.183642980000000186e-04
-6.155003609999999681e-02 3.172172000000000229e-04
-6.138873100000000194e-02 3.164931550000000247e-04
-6.122981759999999996e-02 3.184753879999999973e-04
-6.107073650000000020e-02 3.188554550000000207e-04
-6.091035530000000336e-02 3.177472390000000264e-04
-6.074907260000000225e-02 3.183213409999999829e-04
-6.058843059999999975e-02 3.209791899999999906e-04
-6.042904780000000337e-02 3.211849250000000104e-04
-6.026748199999999722e-02 3.193349109999999943e-04
-6.010569629999999719e-02 3.188014379999999973e-04
-5.994627620000000240e-02 3.200512440000000168e-04
-5.978663270000000168e-02 3.206330000000000183e-04
-5.962643029999999816e-02 3.213111780000000076e-04
-5.946481969999999756e-02 3.219620850000000042e-04
-5.930046740000000094e-02 3.192146829999999917e-04
-5.913763119999999873e-02 3.177523320000000045e-04
-5.897436660000000136e-02 3.141616469999999927e-04
-5.880145359999999766e-02 3.186722750000000270e-04
-5.862990020000000135e-02 3.322688860000000215e-04
-5.846996980000000038e-02 3.301776010000000042e-04
-5.831081049999999738e-02 3.256589410000000260e-04
-5.815064910000000004e-02 3.241980740000000179e-04
-5.799207840000000086e-02 3.227900890000000148e-04
-5.783258379999999671e-02 3.232779849999999826e-04
-5.767201999999999745e-02 3.228561549999999771e-04
-5.751081560000000092e-02 3.230883160000000052e-04
-5.735131730000000289e-02 3.278091609999999852e-04
-5.719382320000000047e-02 3.283037219999999923e-04
-5.703214560000000044e-02 3.214695609999999892e-04
-5.686930190000000218e-02 3.197137850000000142e-04
-5.671026190000000300e-02 3.211941800000000006e-04
-5.654885619999999724e-02 3.227069680000000046e-04
-5.638730150000000052e-02 3.266411370000000137e-04
-5.622807149999999726e-02 3.271047030000000006e-04
-5.606586859999999894e-02 3.246761329999999900e-04
-5.590170989999999895e-02 3.249745059999999933e-04
-5.573730920000000144e-02 3.241684460000000107e-04
-5.557061359999999894e-02 3.252587339999999760e-04
-5.540333320000000172e-02 3.273164910000000115e-04
-5.523674940000000005e-02 3.271914030000000213e-04
-5.507193509999999681e-02 3.297896180000000070e-04
-5.490930749999999722e-02 3.298612429999999828e-04
-5.474531280000000111e-02 3.277946090000000189e-04
-5.457708609999999821e-02 3.295857169999999773e-04
-5.440727990000000097e-02 3.331833000000000190e-04
-5.424056199999999911e-02 3.326287549999999791e-04
-5.407477170000000305e-02 3.313692870000000236e-04
-5.390740930000000042e-02 3.318617529999999993e-04
-5.373984949999999899e-02 3.329003230000000249e-04
-5.357197670000000272e-02 3.330047770000000109e-04
-5.340395500000000295e-02 3.330429319999999899e-04
-5.323436859999999826e-02 3.344455329999999850e-04
-5.306272580000000183e-02 3.361823040000000060e-04
-5.288942530000000086e-02 3.378093819999999957e-04
-5.271300300000000133e-02 3.358368410000000018e-04
-5.253788830000000187e-02 3.343419519999999800e-04
-5.236787720000000285e-02 3.387133470000000036e-04
-5.219418929999999901e-02 3.420243160000000014e-04
-5.201473090000000021e-02 3.416155229999999986e-04
-5.183714259999999685e-02 3.408099869999999822e-04
-5.166459460000000226e-02 3.469481019999999982e-04
-5.149471390000000259e-02 3.475673729999999881e-04
-5.132217330000000272e-02 3.461745220000000110e-04
-5.114620179999999905e-02 3.477304709999999945e-04
-5.096798760000000039e-02 3.469903310000000156e-04
-5.078770970000000273e-02 3.479634470000000186e-04
-5.060702560000000100e-02 3.499863379999999975e-04
-5.042464659999999765e-02 3.512480180000000047e-04
-5.024342980000000292e-02 3.566892699999999914e-04
-5.005994810000000128e-02 3.604813829999999942e-04
-4.987274109999999955e-02 3.661778460000000087e-04
-4.968957980000000135e-02 3.658068019999999808e-04
-4.950730500000000145e-02 3.648651179999999866e-04
-4.932051519999999800e-02 3.672389430000000095e-04
-4.913089419999999707e-02 3.691029850000000258e-04
-4.893786459999999866e-02 3.713093469999999741e-04
-4.874336719999999845e-02 3.750062019999999999e-04
-4.854990909999999660e-02 3.762190459999999897e-04
-4.835594070000000244e-02 3.787343740000000060e-04
-4.816075789999999662e-02 3.803691069999999824e-04
-4.796450590000000264e-02 3.845757460000000108e-04
-4.776440929999999779e-02 3.884157340000000220e-04
-4.755986479999999711e-02 3.902061430000000088e-04
-4.735434799999999750e-02 3.914373230000000236e-04
-4.714995250000000165e-02 3.967330270000000254e-04
-4.694304989999999872e-02 3.995949520000000141e-04
-4.673411699999999863e-02 4.041743519999999859e-04
-4.652502759999999765e-02 4.064589159999999757e-04
-4.631275309999999951e-02 4.090353609999999971e-04
-4.609671609999999725e-02 4.122393439999999889e-04
-4.587861149999999943e-02 4.161262769999999841e-04
-4.565992950000000161e-02 4.178715749999999769e-04
-4.544031619999999716e-02 4.211617630000000158e-04
-4.521724209999999911e-02 4.238348920000000082e-04
-4.499281570000000091e-02 4.290174979999999776e-04
-4.476524889999999868e-02 4.333371180000000181e-04
-4.453495889999999763e-02 4.407888920000000224e-04
-4.430399460000000039e-02 4.438811159999999983e-04
-4.406381770000000059e-02 4.387726950000000212e-04
-4.382093620000000050e-02 4.385763310000000159e-04
-4.358741640000000223e-02 4.519442740000000113e-04
-4.335351290000000191e-02 4.569862500000000227e-04
-4.311453550000000218e-02 4.625202560000000172e-04
-4.287276789999999727e-02 4.655445229999999974e-04
-4.262692850000000117e-02 4.671820499999999768e-04
-4.237831379999999759e-02 4.700615830000000263e-04
-4.212711379999999756e-02 4.737556449999999909e-04
-4.187536609999999854e-02 4.754202380000000232e-04
-4.161990430000000324e-02 4.756401180000000093e-04
-4.136363419999999902e-02 4.762269090000000038e-04
-4.110769549999999939e-02 4.765679770000000055e-04
-4.085785150000000032e-02 4.730250509999999776e-04
-4.060833159999999858e-02 4.637223029999999985e-04
-4.035935920000000010e-02 4.594083290000000033e-04
-4.011531170000000313e-02 4.557120849999999755e-04
-3.987648340000000263e-02 4.518692149999999877e-04
-3.963925320000000196e-02 4.455225430000000065e-04
-3.940526020000000018e-02 4.412989949999999973e-04
-3.917522360000000314e-02 4.344454209999999901e-04
-3.894917669999999749e-02 4.295792019999999803e-04
-3.872435169999999954e-02 4.181043479999999989e-04
-3.849846870000000337e-02 4.140377860000000240e-04
-3.827783089999999694e-02 4.115640479999999762e-04
-3.806782510000000092e-02 4.048611149999999863e-04
-3.786166760000000270e-02 3.926791830000000267e-04
-3.765816240000000037e-02 3.866956099999999986e-04
-3.745816650000000081e-02 3.773396599999999921e-04
-3.726016359999999999e-02 3.727745210000000110e-04
-3.706648569999999865e-02 3.658492929999999812e-04
-3.687551990000000057e-02 3.617232140000000047e-04
-3.668861460000000241e-02 3.570340340000000240e-04
-3.650498390000000287e-02 3.528942180000000229e-04
-3.632456810000000286e-02 3.467985080000000257e-04
-3.614509479999999941e-02 3.445132170000000135e-04
-3.596609459999999814e-02 3.402327420000000077e-04
-3.578964989999999791e-02 3.371612110000000171e-04
-3.561665120000000184e-02 3.330688339999999777e-04
-3.544433410000000229e-02 3.311833420000000194e-04
-3.527203200000000177e-02 3.259671209999999821e-04
-3.509568419999999772e-02 3.260665690000000218e-04
-3.492129969999999833e-02 3.296443030000000126e-04
-3.475383299999999787e-02 3.272276660000000251e-04
-3.458806870000000200e-02 3.233602909999999967e-04
-3.442242370000000301e-02 3.218937779999999976e-04
-3.425791489999999856e-02 3.209142010000000074e-04
-3.409541769999999833e-02 3.193525190000000009e-04
-3.393400459999999785e-02 3.155953890000000209e-04
-3.376990559999999697e-02 3.158583710000000054e-04
-3.360489760000000270e-02 3.150736160000000021e-04
-3.344035890000000150e-02 3.140773329999999790e-04
-3.327913949999999899e-02 3.168600089999999898e-04
-3.311945869999999986e-02 3.173680739999999766e-04
-3.295762840000000110e-02 3.163932419999999999e-04
-3.279642759999999713e-02 3.156642199999999936e-04
-3.263644129999999921e-02 3.144512009999999983e-04
-3.247664120000000321e-02 3.139001199999999947e-04
-3.231805940000000155e-02 3.144000949999999983e-04
-3.215820710000000249e-02 3.149107799999999787e-04
-3.199671209999999794e-02 3.136017769999999800e-04
-3.183504189999999956e-02 3.136601590000000174e-04
-3.167381510000000233e-02 3.145576629999999839e-04
-3.151514009999999838e-02 3.133538699999999862e-04
-3.135757890000000214e-02 3.130426049999999972e-04
-3.119767459999999923e-02 3.143379000000000182e-04
-3.103717790000000074e-02 3.157562749999999756e-04
-3.087692889999999954e-02 3.161169009999999983e-04
-3.071513960000000001e-02 3.145435180000000176e-04
-3.055303170000000026e-02 3.137376039999999937e-04
-3.039173220000000036e-02 3.128672539999999996e-04
-3.023097289999999993e-02 3.126538649999999891e-04
-3.007135539999999940e-02 3.151402930000000166e-04
-2.991081400000000085e-02 3.165948729999999928e-04
-2.974789590000000150e-02 3.154690779999999844e-04
-2.958500569999999996e-02 3.150456760000000262e-04
-2.942333930000000028e-02 3.159098560000000088e-04
-2.926126680000000133e-02 3.160310440000000244e-04
-2.909974010000000028e-02 3.172865540000000201e-04
-2.893858590000000092e-02 3.179440390000000242e-04
-2.877673320000000146e-02 3.186065590000000214e-04
-2.861425280000000002e-02 3.192216679999999992e-04
-2.844954280000000155e-02 3.184177910000000216e-04
-2.828500609999999929e-02 3.180305649999999812e-04
-2.812115659999999892e-02 3.168854449999999965e-04
-2.795416120000000088e-02 3.183649679999999977e-04
-2.778598670000000104e-02 3.205079990000000057e-04
-2.761629599999999851e-02 3.217447670000000265e-04
-2.744606319999999891e-02 3.242991220000000069e-04
-2.727956700000000109e-02 3.234150639999999808e-04
-2.711362209999999828e-02 3.230909350000000027e-04
-2.694671969999999986e-02 3.235543850000000194e-04
-2.678076360000000017e-02 3.251878950000000037e-04
-2.661393210000000120e-02 3.263019030000000021e-04
-2.644536639999999980e-02 3.265014670000000144e-04
-2.627649719999999856e-02 3.267560679999999859e-04
-2.610886470000000140e-02 3.295269269999999981e-04
-2.593917960000000078e-02 3.313013880000000131e-04
-2.576719599999999916e-02 3.324105349999999736e-04
-2.559717560000000086e-02 3.320817780000000024e-04
-2.542665789999999995e-02 3.315868959999999769e-04
-2.525537460000000164e-02 3.318739470000000094e-04
-2.508595209999999950e-02 3.345130239999999995e-04
-2.491634709999999975e-02 3.355732770000000118e-04
-2.474424240000000150e-02 3.343448040000000223e-04
-2.456972560000000166e-02 3.348893659999999995e-04
-2.439520879999999836e-02 3.364178119999999958e-04
-2.422224920000000045e-02 3.364880099999999815e-04
-2.404947580000000099e-02 3.369925829999999897e-04
-2.387632619999999900e-02 3.374005609999999964e-04
-2.370226380000000146e-02 3.382876170000000235e-04
-2.352849770000000132e-02 3.384368030000000000e-04
-2.335447070000000111e-02 3.371250059999999983e-04
-2.317786399999999941e-02 3.382034189999999800e-04
-2.300155539999999832e-02 3.416970140000000168e-04
-2.282585390000000172e-02 3.421194270000000237e-04
-2.264987489999999853e-02 3.428428610000000239e-04
-2.247400949999999939e-02 3.434976100000000101e-04
-2.229700609999999902e-02 3.447138300000000084e-04
-2.211911979999999986e-02 3.456903210000000239e-04
-2.194030019999999859e-02 3.455333349999999896e-04
-2.176012659999999876e-02 3.462908789999999772e-04
-2.158032539999999930e-02 3.490191590000000154e-04
-2.140123019999999945e-02 3.490984669999999744e-04
-2.122180720000000145e-02 3.487873470000000023e-04
-2.104317019999999913e-02 3.486754430000000237e-04
-2.086398189999999833e-02 3.474486290000000188e-04
-2.068355870000000013e-02 3.477460999999999942e-04
-2.050100079999999866e-02 3.463213509999999730e-04
-2.031732160000000037e-02 3.464931510000000109e-04
-2.013710139999999940e-02 3.514148409999999804e-04
-1.995785909999999927e-02 3.525992800000000093e-04
-1.977719370000000088e-02 3.535138680000000162e-04
-1.959486120000000081e-02 3.543573840000000062e-04
-1.941131239999999841e-02 3.546895750000000251e-04
-1.922660509999999864e-02 3.559809410000000247e-04
-1.904106330000000097e-02 3.595182789999999923e-04
-1.885578779999999913e-02 3.606416869999999977e-04
-1.867017710000000094e-02 3.618294719999999923e-04
-1.848549949999999872e-02 3.616948379999999821e-04
-1.830125969999999921e-02 3.620474889999999958e-04
-1.811553540000000045e-02 3.625676620000000110e-04
-1.792890579999999873e-02 3.625187089999999733e-04
-1.774192600000000161e-02 3.632005250000000084e-04
-1.755360510000000124e-02 3.628615809999999765e-04
-1.736656950000000157e-02 3.619691419999999916e-04
-1.717958970000000099e-02 3.609367699999999741e-04
-1.699391379999999965e-02 3.597866449999999848e-04
-1.680951569999999951e-02 3.573432039999999816e-04
-1.662525720000000012e-02 3.563791690000000134e-04
-1.644149049999999931e-02 3.545209469999999977e-04
-1.625744250000000016e-02 3.535352299999999846e-04
-1.607313189999999906e-02 3.503967889999999889e-04
-1.589207720000000018e-02 3.477911230000000145e-04
-1.571385380000000012e-02 3.465678890000000161e-04
-1.553678049999999977e-02 3.454402900000000062e-04
-1.536070280000000066e-02 3.426461480000000037e-04
-1.518514850000000048e-02 3.413256490000000248e-04
-1.500891149999999952e-02 3.365183070000000260e-04
-1.483245099999999997e-02 3.344618890000000070e-04
-1.465817820000000007e-02 3.324335849999999733e-04
-1.448630360000000006e-02 3.307161679999999753e-04
-1.431671810000000045e-02 3.297551010000000196e-04
-1.414792429999999976e-02 3.289335579999999961e-04
-1.397782009999999978e-02 3.256952039999999756e-04
-1.380816749999999940e-02 3.242615780000000260e-04
-1.364037769999999934e-02 3.221359800000000192e-04
-1.347546929999999914e-02 3.196387259999999906e-04
-1.331359709999999953e-02 3.177727050000000216e-04
-1.315444340000000017e-02 3.150396219999999849e-04
-1.299608780000000019e-02 3.088068039999999968e-04
-1.283786540000000052e-02 3.069072849999999802e-04
-1.268008169999999997e-02 3.035040280000000099e-04
-1.252388580000000050e-02 3.013270329999999733e-04
-1.237005459999999946e-02 2.980620769999999973e-04
-1.221690609999999920e-02 2.964758019999999767e-04
-1.206503440000000066e-02 2.942010179999999934e-04
-1.191558600000000058e-02 2.915282680000000045e-04
-1.176763509999999985e-02 2.866291320000000109e-04
-1.162093779999999986e-02 2.845064740000000200e-04
-1.147593369999999960e-02 2.814345349999999792e-04
-1.133208909999999965e-02 2.796316110000000182e-04
-1.118870920000000074e-02 2.764397649999999931e-04
-1.104766499999999992e-02 2.738881739999999730e-04
-1.090909070000000043e-02 2.698636380000000133e-04
-1.077149900000000035e-02 2.678246529999999954e-04
-1.063560879999999979e-02 2.650033570000000205e-04
-1.050031740000000047e-02 2.632684189999999935e-04
-1.036592849999999968e-02 2.599781439999999770e-04
-1.023351959999999929e-02 2.579625579999999738e-04
-1.010185849999999975e-02 2.545698370000000249e-04
-9.971767660000000269e-03 2.524050359999999984e-04
-9.844827469999999428e-03 2.506766179999999939e-04
-9.719723839999999671e-03 2.489508479999999794e-04
-9.594590400000000199e-03 2.441086110000000129e-04
-9.470005519999999746e-03 2.420361559999999982e-04
-9.346804579999999640e-03 2.385929110000000006e-04
-9.223942639999999776e-03 2.368264399999999890e-04
-9.103195740000000202e-03 2.354645259999999928e-04
-8.984441870000000122e-03 2.341001670000000085e-04
-8.866264480000000253e-03 2.321467329999999947e-04
-8.749764409999999382e-03 2.304343940000000077e-04
-8.633850139999999646e-03 2.257684829999999918e-04
-8.517870679999999320e-03 2.241278129999999945e-04
-8.403532210000000044e-03 2.223122139999999939e-04
-8.290405389999999999e-03 2.206303909999999895e-04
-8.178165180000000409e-03 2.174592660000000005e-04
-8.067191580000000750e-03 2.158558199999999888e-04
-7.958492259999999999e-03 2.151855729999999946e-04
-7.851327769999999484e-03 2.140234719999999915e-04
-7.743992380000000106e-03 2.113097140000000124e-04
-7.637139880000000207e-03 2.100405549999999929e-04
-7.531464570000000192e-03 2.076746459999999979e-04
-7.426838390000000019e-03 2.061923299999999896e-04
-7.323096040000000133e-03 2.035512879999999908e-04
-7.220563010000000115e-03 2.016001530000000063e-04
-7.119747340000000431e-03 1.990572200000000037e-04
-7.019053209999999952e-03 1.983413389999999911e-04
-6.918259430000000404e-03 1.969294830000000059e-04
-6.818257739999999956e-03 1.959454530000000010e-04
-6.719727529999999609e-03 1.949165449999999927e-04
-6.622402930000000076e-03 1.938213829999999873e-04
-6.525687869999999627e-03 1.917965130000000014e-04
-6.429285740000000374e-03 1.906201650000000059e-04
-6.333671039999999759e-03 1.886760729999999869e-04
-6.238448899999999610e-03 1.879991029999999953e-04
-6.143158299999999794e-03 1.860095509999999946e-04
-6.049406250000000096e-03 1.843699570000000075e-04
-5.956921260000000266e-03 1.826146179999999940e-04
-5.864473529999999872e-03 1.819591129999999929e-04
-5.772921260000000131e-03 1.809379460000000070e-04
-5.682548970000000400e-03 1.798609160000000015e-04
-5.592892880000000302e-03 1.780646999999999894e-04
-5.503488239999999865e-03 1.770261439999999892e-04
-5.414166019999999691e-03 1.742916209999999873e-04
-5.325648930000000288e-03 1.730634829999999874e-04
-5.237930449999999953e-03 1.716281399999999868e-04
-5.150937010000000357e-03 1.706755720000000063e-04
-5.064875350000000269e-03 1.689297349999999988e-04
-4.978528250000000162e-03 1.684728339999999971e-04
-4.892705469999999654e-03 1.680794809999999902e-04
-4.807808900000000094e-03 1.671536299999999936e-04
-4.723501389999999918e-03 1.655742089999999889e-04
-4.640061870000000005e-03 1.647116589999999983e-04
-4.557138770000000033e-03 1.631785710000000107e-04
-4.474601709999999691e-03 1.623938729999999965e-04
-4.392307720000000401e-03 1.612260819999999885e-04
-4.310784859999999830e-03 1.603420530000000091e-04
-4.230256659999999912e-03 1.589314199999999888e-04
-4.149852320000000337e-03 1.583489649999999887e-04
-4.070132970000000204e-03 1.578742229999999898e-04
-3.991421309999999834e-03 1.568844750000000104e-04
-3.913183699999999571e-03 1.549319569999999956e-04
-3.835384270000000064e-03 1.541785310000000060e-04
-3.757553639999999893e-03 1.526103150000000059e-04
-3.679942109999999843e-03 1.519134090000000129e-04
-3.603525929999999971e-03 1.513902389999999926e-04
-3.527780299999999994e-03 1.507987040000000078e-04
-3.452504519999999993e-03 1.499403150000000061e-04
-3.377813610000000074e-03 1.490776190000000026e-04
-3.303404660000000201e-03 1.471584840000000069e-04
-3.229613880000000055e-03 1.462987129999999980e-04
-3.156508089999999784e-03 1.450525890000000111e-04
-3.083519170000000031e-03 1.445327069999999985e-04
-3.010053420000000004e-03 1.428344260000000002e-04
-2.937389539999999896e-03 1.417410240000000095e-04
-2.866231600000000105e-03 1.406714290000000023e-04
-2.795309289999999870e-03 1.401447660000000074e-04
-2.725000730000000111e-03 1.397068549999999924e-04
-2.655027669999999833e-03 1.391584080000000077e-04
-2.585198260000000185e-03 1.378804740000000046e-04
-2.516228709999999893e-03 1.370936950000000115e-04
-2.447297330000000170e-03 1.354844859999999884e-04
-2.378509850000000078e-03 1.348177170000000016e-04
-2.310679759999999944e-03 1.340465239999999903e-04
-2.243434309999999942e-03 1.334173280000000041e-04
-2.176994230000000186e-03 1.330142839999999874e-04
-2.110542259999999802e-03 1.326956990000000014e-04
-2.043757590000000023e-03 1.312611999999999893e-04
-1.977923089999999995e-03 1.303548779999999941e-04
-1.912767419999999953e-03 1.289700740000000094e-04
-1.847923729999999915e-03 1.282833839999999884e-04
-1.783291339999999942e-03 1.272079529999999904e-04
-1.719214599999999930e-03 1.264862660000000026e-04
-1.656162550000000056e-03 1.257073309999999998e-04
-1.593180000000000030e-03 1.253850500000000100e-04
-1.530275210000000023e-03 1.246196769999999992e-04
-1.467943539999999993e-03 1.238315159999999989e-04
-1.406113270000000073e-03 1.224837030000000093e-04
-1.344926890000000107e-03 1.217803360000000020e-04
-1.284377420000000014e-03 1.208885950000000063e-04
-1.223960309999999911e-03 1.204875590000000028e-04
-1.163395819999999987e-03 1.195803269999999981e-04
-1.103542510000000022e-03 1.188256429999999937e-04
-1.044550210000000021e-03 1.177114830000000064e-04
-9.856449910000000900e-04 1.172580739999999969e-04
-9.271132879999999590e-04 1.166225119999999963e-04
-8.689018430000000409e-04 1.160436799999999935e-04
-8.111220670000000074e-04 1.151587129999999946e-04
-7.540233199999999553e-04 1.145894779999999977e-04
-6.969223029999999748e-04 1.134340779999999985e-04
-6.401960269999999948e-04 1.127915019999999979e-04
-5.841021190000000385e-04 1.116308340000000016e-04
-5.284781220000000319e-04 1.109304789999999936e-04
-4.732520609999999882e-04 1.096496779999999946e-04
-4.183161070000000173e-04 1.088665010000000014e-04
-3.640670620000000055e-04 1.078409769999999967e-04
-3.108158419999999811e-04 1.070215290000000046e-04
-2.577421260000000249e-04 1.050454520000000045e-04
-2.052230560000000033e-04 1.040001230000000036e-04
-1.532434979999999986e-04 1.023823130000000063e-04
-1.021318389999999968e-04 1.012881259999999945e-04
-5.197161230000000329e-05 9.940296150000000155e-05
-1.101293490000000044e-06 9.916652199999999339e-05
4.881527269999999795e-05 1.000602209999999987e-04
1.000638509999999951e-04 1.010586059999999981e-04
1.514354229999999931e-04 1.035877580000000030e-04
2.028418970000000121e-04 1.046575999999999990e-04
2.556209800000000098e-04 1.057428019999999988e-04
3.089860259999999766e-04 1.064870300000000009e-04
3.623824450000000252e-04 1.081033120000000051e-04
4.163520640000000026e-04 1.090298100000000050e-04
4.708020720000000202e-04 1.108010470000000004e-04
5.257254820000000243e-04 1.115709600000000035e-04
5.815272449999999739e-04 1.122395840000000049e-04
6.373904759999999897e-04 1.126691639999999968e-04
6.938733280000000062e-04 1.132582399999999953e-04
7.507564149999999608e-04 1.137114600000000011e-04
8.077463139999999662e-04 1.143645349999999948e-04
8.652827240000000213e-04 1.149282250000000036e-04
9.231102890000000274e-04 1.160076349999999995e-04
9.817106179999999203e-04 1.167007069999999980e-04
1.040739119999999898e-03 1.179079920000000015e-04
1.099919669999999908e-03 1.185926809999999950e-04
1.159416979999999906e-03 1.199641479999999968e-04
1.219179950000000030e-03 1.206182570000000060e-04
1.279707529999999987e-03 1.216207309999999973e-04
1.340562360000000083e-03 1.221792339999999970e-04
1.401693330000000062e-03 1.228109760000000014e-04
1.463704859999999950e-03 1.233987280000000048e-04
1.526092410000000040e-03 1.244015000000000116e-04
1.588351210000000027e-03 1.248533230000000024e-04
1.650618040000000021e-03 1.260918940000000017e-04
1.713712229999999996e-03 1.270344659999999984e-04
1.777922620000000047e-03 1.282774759999999871e-04
1.841992489999999972e-03 1.286421899999999922e-04
1.906115909999999943e-03 1.290820950000000085e-04
1.971015469999999863e-03 1.297071869999999948e-04
2.036479999999999801e-03 1.304997859999999885e-04
2.102572469999999891e-03 1.309829389999999890e-04
2.168801609999999880e-03 1.320940499999999893e-04
2.235396529999999788e-03 1.328913489999999865e-04
2.302874109999999887e-03 1.341405879999999949e-04
2.370853210000000051e-03 1.348937799999999979e-04
2.438767110000000099e-03 1.365874920000000113e-04
2.506799530000000144e-03 1.372684059999999915e-04
2.575531370000000084e-03 1.379912429999999920e-04
2.645264850000000108e-03 1.386633519999999999e-04
2.715028359999999835e-03 1.404738000000000102e-04
2.784882209999999837e-03 1.413691060000000046e-04
2.855691129999999960e-03 1.422648059999999967e-04
2.927416700000000198e-03 1.431371779999999886e-04
2.999734129999999908e-03 1.451207350000000105e-04
3.071522340000000083e-03 1.455189629999999992e-04
3.143918470000000177e-03 1.450635609999999980e-04
3.218224500000000168e-03 1.458470359999999931e-04
3.292654639999999938e-03 1.478130429999999934e-04
3.366386290000000000e-03 1.483010129999999907e-04
3.440499770000000034e-03 1.490194850000000043e-04
3.516099420000000017e-03 1.501692169999999918e-04
3.592510240000000056e-03 1.525852710000000050e-04
3.668511519999999825e-03 1.532121100000000038e-04
3.744828280000000141e-03 1.538516229999999920e-04
3.821879629999999899e-03 1.545234549999999955e-04
3.899472770000000140e-03 1.554846389999999987e-04
3.978549970000000088e-03 1.565076670000000022e-04
4.058493770000000216e-03 1.579016679999999920e-04
4.137867600000000139e-03 1.582749390000000116e-04
4.217588809999999779e-03 1.593343189999999886e-04
4.297733310000000258e-03 1.599716489999999990e-04
4.378081300000000349e-03 1.608010790000000037e-04
4.459389490000000011e-03 1.616773080000000066e-04
4.541084170000000107e-03 1.634659999999999965e-04
4.624152559999999794e-03 1.647092579999999971e-04
4.707745739999999804e-03 1.672804500000000020e-04
4.790782930000000127e-03 1.680979039999999929e-04
4.875211509999999651e-03 1.680535930000000007e-04
4.960160699999999721e-03 1.683497099999999925e-04
5.045027470000000396e-03 1.699486020000000135e-04
5.130954089999999711e-03 1.711630180000000103e-04
5.217696069999999686e-03 1.725331089999999944e-04
5.305259490000000314e-03 1.732824019999999916e-04
5.393233620000000006e-03 1.746763160000000038e-04
5.481321360000000233e-03 1.754819529999999961e-04
5.569369069999999949e-03 1.777818690000000082e-04
5.658428180000000217e-03 1.792179679999999966e-04
5.749431900000000033e-03 1.806498910000000019e-04
5.840696390000000432e-03 1.813249689999999912e-04
5.931868679999999748e-03 1.826718070000000007e-04
6.023515020000000039e-03 1.834420110000000066e-04
6.116293840000000190e-03 1.836900629999999902e-04
6.210562769999999726e-03 1.844211949999999950e-04
6.304375830000000236e-03 1.872077259999999977e-04
6.399989130000000373e-03 1.895412280000000039e-04
6.497800350000000093e-03 1.930877480000000093e-04
6.595379210000000200e-03 1.942312959999999871e-04
6.693138280000000134e-03 1.963784890000000070e-04
6.790753450000000004e-03 1.970649610000000046e-04
6.889643610000000147e-03 1.968421130000000061e-04
6.990907709999999962e-03 1.979162769999999981e-04
7.091657720000000067e-03 2.017490919999999940e-04
7.192229389999999813e-03 2.032922489999999989e-04
7.295078600000000184e-03 2.045580330000000059e-04
7.399141320000000160e-03 2.057456590000000124e-04
7.504187990000000218e-03 2.066274170000000131e-04
7.609883320000000034e-03 2.073348300000000079e-04
7.715181909999999608e-03 2.099626139999999927e-04
7.821785289999999211e-03 2.114027449999999976e-04
7.929408920000000430e-03 2.136966500000000134e-04
8.037257940000000489e-03 2.149450739999999986e-04
8.145228029999999897e-03 2.182042519999999959e-04
8.254679850000000083e-03 2.202687459999999999e-04
8.367339149999999948e-03 2.214983109999999898e-04
8.480990310000000379e-03 2.225412749999999948e-04
8.594017480000000486e-03 2.256399750000000063e-04
8.707990869999999647e-03 2.273240970000000129e-04
8.822917010000000393e-03 2.304092340000000094e-04
8.939273660000000149e-03 2.320606729999999916e-04
9.057144629999999697e-03 2.341146760000000111e-04
9.176019579999999953e-03 2.357711349999999921e-04
9.296570900000000401e-03 2.384766119999999923e-04
9.418706409999999876e-03 2.404080010000000022e-04
9.541450999999999405e-03 2.438535879999999929e-04
9.664393959999999922e-03 2.452133050000000129e-04
9.787655439999999249e-03 2.484592839999999773e-04
9.913251740000000173e-03 2.506873860000000099e-04
1.004056350000000035e-02 2.540053680000000117e-04
1.016942229999999968e-02 2.564688330000000171e-04
1.030169990000000084e-02 2.585924810000000094e-04
1.043487249999999929e-02 2.599013099999999987e-04
1.056645250000000022e-02 2.652131079999999852e-04
1.069755950000000032e-02 2.668407109999999913e-04
1.082722279999999947e-02 2.737725740000000177e-04
1.095753720000000077e-02 2.762858639999999917e-04
1.109346930000000044e-02 2.738842450000000058e-04
1.123304290000000025e-02 2.755761670000000160e-04
1.137480050000000062e-02 2.766375259999999999e-04
1.151973199999999954e-02 2.789216520000000052e-04
1.166554260000000030e-02 2.848663129999999891e-04
1.181193810000000059e-02 2.873710180000000063e-04
1.195894460000000020e-02 2.922312999999999951e-04
1.210708169999999938e-02 2.942566930000000054e-04
1.225757509999999932e-02 2.959529519999999788e-04
1.241097510000000077e-02 2.987049230000000033e-04
1.256512109999999988e-02 3.050942030000000052e-04
1.271893919999999949e-02 3.072038819999999785e-04
1.287597600000000078e-02 3.088678930000000053e-04
1.303479540000000020e-02 3.105437209999999766e-04
1.319270020000000085e-02 3.155531889999999961e-04
1.335113769999999971e-02 3.176768079999999959e-04
1.351324100000000049e-02 3.174520389999999754e-04
1.367862899999999944e-02 3.189041740000000177e-04
1.384280989999999920e-02 3.249450819999999841e-04
1.400704959999999992e-02 3.275899800000000250e-04
1.417526789999999995e-02 3.295525969999999914e-04
1.434289849999999950e-02 3.299120869999999997e-04
1.450962010000000045e-02 3.311756009999999970e-04
1.467980630000000064e-02 3.337136299999999981e-04
1.485173400000000012e-02 3.378568510000000001e-04
1.502496380000000083e-02 3.396638789999999880e-04
1.519951970000000055e-02 3.424727470000000205e-04
1.537344600000000068e-02 3.435675460000000127e-04
1.554709020000000046e-02 3.470694059999999840e-04
1.572123539999999847e-02 3.486341159999999800e-04
1.589848290000000011e-02 3.491350509999999966e-04
1.607798599999999897e-02 3.506752550000000104e-04
1.625826210000000036e-02 3.523341150000000198e-04
1.644108999999999848e-02 3.539768799999999942e-04
1.662482880000000149e-02 3.570332770000000130e-04
1.680674219999999872e-02 3.575205629999999787e-04
1.698783790000000030e-02 3.602288200000000108e-04
1.716993379999999861e-02 3.618060149999999925e-04
1.735254190000000071e-02 3.667133569999999937e-04
1.753519660000000049e-02 3.685132830000000079e-04
1.772241290000000150e-02 3.645154069999999888e-04
1.791346820000000103e-02 3.653847089999999963e-04
1.810422169999999914e-02 3.683051329999999885e-04
1.829391160000000058e-02 3.682113309999999941e-04
1.848341339999999902e-02 3.682820240000000077e-04
1.867107859999999828e-02 3.677057679999999845e-04
1.885836009999999896e-02 3.681311210000000073e-04
1.904609989999999850e-02 3.685639820000000079e-04
1.923537809999999876e-02 3.657947239999999951e-04
1.942347739999999989e-02 3.640882790000000112e-04
1.960909549999999973e-02 3.634914460000000271e-04
1.979489439999999878e-02 3.628875130000000070e-04
1.998105089999999834e-02 3.606332759999999961e-04
2.016566880000000145e-02 3.593883300000000184e-04
2.034983779999999937e-02 3.580225749999999744e-04
2.053465319999999913e-02 3.579236220000000168e-04
2.071806970000000109e-02 3.586173700000000247e-04
2.089887299999999837e-02 3.572967540000000254e-04
2.107955519999999902e-02 3.538337480000000048e-04
2.126025590000000035e-02 3.521183390000000063e-04
2.143934000000000117e-02 3.500759489999999874e-04
2.161849659999999854e-02 3.498611619999999795e-04
2.179822140000000144e-02 3.483201730000000124e-04
2.197862979999999980e-02 3.481728199999999758e-04
2.215861720000000118e-02 3.497776049999999767e-04
2.233659849999999891e-02 3.491580430000000112e-04
2.251367829999999931e-02 3.476077400000000188e-04
2.269125359999999911e-02 3.473468530000000114e-04
2.286851029999999868e-02 3.471549719999999823e-04
2.304674870000000125e-02 3.471999080000000249e-04
2.322516590000000061e-02 3.470444939999999976e-04
2.340331669999999933e-02 3.472988899999999751e-04
2.358347179999999849e-02 3.459679140000000101e-04
2.376202120000000043e-02 3.445300100000000241e-04
2.393682299999999943e-02 3.454698890000000209e-04
2.411031539999999862e-02 3.450219810000000262e-04
2.428453230000000157e-02 3.425686449999999880e-04
2.445986119999999861e-02 3.418845880000000170e-04
2.463498340000000106e-02 3.403468869999999764e-04
2.480856140000000168e-02 3.393306399999999824e-04
2.498223070000000004e-02 3.376301030000000269e-04
2.515668050000000044e-02 3.374907249999999992e-04
2.532892119999999997e-02 3.395003439999999930e-04
2.550045589999999987e-02 3.397989199999999982e-04
2.567376379999999902e-02 3.376672390000000118e-04
2.584700469999999875e-02 3.363993020000000155e-04
2.601491850000000119e-02 3.417546399999999850e-04
2.618309669999999839e-02 3.443029419999999743e-04
2.636018769999999914e-02 3.365710140000000255e-04
2.653979320000000169e-02 3.352878269999999788e-04
2.671723070000000047e-02 3.365869629999999934e-04
2.689132279999999903e-02 3.350556650000000090e-04
2.706296000000000049e-02 3.336080409999999936e-04
2.723484300000000163e-02 3.327766609999999745e-04
2.740661990000000173e-02 3.306657310000000126e-04
2.757848430000000087e-02 3.304050480000000033e-04
2.774822710000000164e-02 3.332019260000000237e-04
2.791492450000000042e-02 3.323865820000000042e-04
2.808360940000000083e-02 3.280535170000000193e-04
2.825283630000000046e-02 3.268187569999999979e-04
2.841946299999999898e-02 3.264738190000000101e-04
2.858824280000000009e-02 3.276437640000000036e-04
2.875810679999999883e-02 3.290816380000000010e-04
2.892471849999999831e-02 3.271987079999999970e-04
2.908989229999999968e-02 3.243885589999999874e-04
2.925488349999999863e-02 3.237108179999999866e-04
2.942074280000000000e-02 3.215948820000000242e-04
2.958681430000000001e-02 3.209631249999999984e-04
2.975089289999999914e-02 3.213041930000000001e-04
2.991533279999999961e-02 3.216439219999999853e-04
3.007975779999999891e-02 3.226109260000000162e-04
3.024316770000000029e-02 3.219089120000000236e-04
3.040726859999999879e-02 3.188277479999999811e-04
3.057098759999999846e-02 3.179234050000000200e-04
3.073230570000000036e-02 3.193988809999999835e-04
3.089435030000000151e-02 3.203657979999999825e-04
3.105868590000000068e-02 3.204444370000000125e-04
3.122159840000000158e-02 3.196223119999999835e-04
3.138266130000000320e-02 3.192076399999999991e-04
3.154482320000000228e-02 3.192838920000000262e-04
3.170761469999999749e-02 3.184661040000000146e-04
3.186769410000000330e-02 3.169806439999999924e-04
3.202713649999999745e-02 3.139198820000000138e-04
3.219034149999999705e-02 3.150682020000000055e-04
3.235506640000000017e-02 3.169100090000000181e-04
3.251720589999999855e-02 3.160288620000000154e-04
3.267808629999999909e-02 3.144804799999999906e-04
3.283981980000000300e-02 3.144392980000000181e-04
3.299915419999999849e-02 3.183344670000000094e-04
3.315829490000000296e-02 3.191838039999999959e-04
3.332003210000000076e-02 3.172200230000000185e-04
3.348223869999999991e-02 3.172249129999999947e-04
3.364553299999999830e-02 3.166132080000000218e-04
3.380865980000000159e-02 3.162961800000000214e-04
3.396915639999999875e-02 3.185964599999999885e-04
3.412771970000000321e-02 3.182622599999999739e-04
3.428591040000000117e-02 3.179599589999999995e-04
3.444575519999999724e-02 3.184109520000000270e-04
3.460731360000000173e-02 3.168089319999999823e-04
3.476991499999999846e-02 3.172864669999999883e-04
3.493367509999999870e-02 3.178808549999999843e-04
3.509858619999999679e-02 3.187948020000000047e-04
3.526342660000000157e-02 3.202384979999999947e-04
3.542620319999999906e-02 3.195171299999999791e-04
3.558722510000000144e-02 3.204434180000000185e-04
3.575226659999999890e-02 3.227463169999999831e-04
3.592034429999999695e-02 3.240870430000000204e-04
3.608879450000000016e-02 3.252291350000000155e-04
3.625861560000000205e-02 3.261113599999999934e-04
3.642896560000000172e-02 3.267439320000000151e-04
3.659827630000000304e-02 3.314682980000000206e-04
3.676816819999999958e-02 3.335300130000000158e-04
3.693917020000000301e-02 3.361481650000000261e-04
3.711151699999999665e-02 3.378985569999999931e-04
3.728585689999999730e-02 3.394275260000000137e-04
3.746270019999999729e-02 3.410094940000000054e-04
3.764019159999999753e-02 3.443329189999999964e-04
3.781834240000000319e-02 3.463890749999999782e-04
3.799786790000000275e-02 3.511311950000000032e-04
3.818238150000000108e-02 3.558487510000000065e-04
3.836926069999999772e-02 3.636681940000000262e-04
3.855865819999999833e-02 3.679970690000000026e-04
3.875274210000000108e-02 3.721945400000000186e-04
3.895226870000000063e-02 3.764512370000000063e-04
3.915210809999999930e-02 3.877496060000000218e-04
3.935508430000000252e-02 3.942093170000000001e-04
3.956376760000000076e-02 4.041580540000000031e-04
3.977743160000000305e-02 4.107557759999999961e-04
3.999575970000000119e-02 4.197612000000000088e-04
4.021820050000000230e-02 4.254749220000000149e-04
4.044606159999999950e-02 4.322885649999999840e-04
4.067824040000000280e-02 4.367245709999999833e-04
4.091242330000000038e-02 4.457192840000000233e-04
4.114647209999999777e-02 4.494694289999999958e-04
4.138457029999999953e-02 4.531408190000000224e-04
4.162744060000000274e-02 4.573254259999999950e-04
4.187204320000000035e-02 4.678055700000000104e-04
4.211957379999999723e-02 4.733670210000000072e-04
4.237134010000000173e-02 4.799616870000000140e-04
4.262716319999999837e-02 4.847768290000000163e-04
4.288750139999999988e-02 4.906176469999999580e-04
4.315358030000000095e-02 4.954779869999999860e-04
4.342438650000000205e-02 5.011456089999999928e-04
4.368907959999999979e-02 5.001891400000000416e-04
4.395685340000000246e-02 4.942502130000000224e-04
4.422405730000000118e-02 4.917855839999999519e-04
4.448826980000000070e-02 4.880086340000000219e-04
4.475075750000000185e-02 4.856115270000000046e-04
4.501349849999999875e-02 4.785266060000000236e-04
4.527257380000000025e-02 4.731144870000000163e-04
4.552600529999999840e-02 4.675846139999999870e-04
4.577596490000000046e-02 4.641472770000000178e-04
4.602397230000000034e-02 4.595709910000000172e-04
4.626957699999999923e-02 4.564955889999999902e-04
4.651153090000000045e-02 4.522690720000000267e-04
4.674812030000000118e-02 4.475250900000000151e-04
4.698061199999999799e-02 4.411959090000000202e-04
4.721345750000000008e-02 4.385238859999999995e-04
4.744467509999999999e-02 4.338735890000000161e-04
4.767151179999999655e-02 4.301616570000000076e-04
4.789691790000000227e-02 4.222487040000000194e-04
4.812256990000000206e-02 4.195405340000000192e-04
4.834553970000000228e-02 4.180482060000000099e-04
4.856313770000000168e-02 4.142981200000000184e-04
4.877657819999999672e-02 4.092130690000000091e-04
4.898951199999999895e-02 4.065201210000000086e-04
4.920113090000000078e-02 4.012820720000000218e-04
4.940975460000000125e-02 3.981450279999999733e-04
4.961661249999999718e-02 3.923740590000000025e-04
4.982366409999999801e-02 3.904040790000000210e-04
5.002877490000000316e-02 3.896113490000000087e-04
5.022988099999999706e-02 3.869277720000000227e-04
5.042732130000000118e-02 3.841003640000000214e-04
5.062339829999999707e-02 3.822641450000000148e-04
5.082060769999999922e-02 3.752702910000000063e-04
5.101882669999999870e-02 3.728430600000000122e-04
5.121454599999999968e-02 3.703106190000000171e-04
5.140695349999999803e-02 3.679159269999999994e-04
5.159717049999999749e-02 3.662935339999999918e-04
5.178630719999999937e-02 3.650689910000000198e-04
5.197063829999999662e-02 3.682916869999999939e-04
5.213242769999999748e-02 3.558966560000000035e-04
5.228057879999999796e-02 3.442383020000000060e-04
5.245238540000000255e-02 3.537733860000000187e-04
5.264032999999999907e-02 3.533508569999999874e-04
5.282451579999999924e-02 3.514240089999999929e-04
5.300627279999999691e-02 3.501180329999999878e-04
5.318616329999999864e-02 3.485289640000000183e-04
5.336507039999999896e-02 3.470579979999999774e-04
5.354426799999999903e-02 3.467064529999999895e-04
5.372432619999999853e-02 3.429604689999999787e-04
5.390648540000000238e-02 3.424007149999999905e-04
5.408696090000000151e-02 3.436901320000000258e-04
5.426401270000000276e-02 3.425654139999999965e-04
5.443933609999999923e-02 3.423130840000000036e-04
5.461335929999999728e-02 3.414413949999999930e-04
5.478748680000000010e-02 3.401253200000000092e-04
5.496178189999999936e-02 3.397548279999999983e-04
5.513549219999999695e-02 3.384021689999999923e-04
5.531072990000000106e-02 3.388319160000000216e-04
5.548708509999999983e-02 3.381555730000000183e-04
5.566169690000000170e-02 3.364023290000000090e-04
5.583276599999999895e-02 3.374551890000000178e-04
5.600187930000000147e-02 3.371208439999999864e-04
5.617263539999999694e-02 3.347289169999999791e-04
5.634394659999999999e-02 3.342038249999999952e-04
5.651503060000000189e-02 3.318492960000000102e-04
5.668691549999999718e-02 3.314844219999999939e-04
5.685770140000000195e-02 3.323060809999999875e-04
5.702658740000000198e-02 3.310063910000000183e-04
5.719250439999999658e-02 3.323538990000000069e-04
5.735846979999999901e-02 3.333201460000000268e-04
5.752864480000000058e-02 3.302420960000000097e-04
5.769983680000000115e-02 3.297460499999999733e-04
5.786967280000000075e-02 3.293623740000000051e-04
5.803899089999999678e-02 3.289109739999999775e-04
5.820670349999999826e-02 3.303411359999999992e-04
5.837370079999999739e-02 3.299775420000000182e-04
5.854029210000000205e-02 3.296533829999999973e-04
5.870638420000000302e-02 3.296839710000000175e-04
5.887307969999999724e-02 3.287632719999999801e-04
5.904036759999999745e-02 3.287848090000000082e-04
5.920929459999999672e-02 3.273437909999999968e-04
5.937725680000000006e-02 3.262480599999999882e-04
5.954146760000000177e-02 3.282188850000000084e-04
5.970520530000000131e-02 3.286451390000000089e-04
5.987177419999999833e-02 3.251026790000000164e-04
6.003918870000000269e-02 3.238904460000000245e-04
6.020483000000000084e-02 3.234898319999999746e-04
6.037215519999999946e-02 3.247903949999999791e-04
6.054011730000000147e-02 3.285707210000000261e-04
6.070265169999999877e-02 3.266769049999999897e-04
6.086161729999999687e-02 3.261284439999999796e-04
6.102319429999999989e-02 3.275027849999999764e-04
6.118950249999999952e-02 3.234254549999999854e-04
6.135871629999999771e-02 3.232595339999999834e-04
6.152650710000000245e-02 3.251894960000000032e-04
6.169200689999999876e-02 3.249489820000000129e-04
6.185885519999999999e-02 3.232496380000000067e-04
6.202724579999999849e-02 3.235688780000000046e-04
6.219514090000000106e-02 3.240475780000000175e-04
6.236029419999999934e-02 3.225720720000000113e-04
6.252332030000000429e-02 3.220275099999999799e-04
6.268913299999999411e-02 3.230600849999999994e-04
6.285656990000000610e-02 3.232303720000000114e-04
6.302136179999999477e-02 3.221445950000000188e-04
6.318426130000000251e-02 3.222832750000000166e-04
6.334795799999999588e-02 3.228129350000000166e-04
6.351184840000000109e-02 3.251840830000000027e-04
6.367303430000000042e-02 3.244132089999999906e-04
6.383539739999999352e-02 3.190684369999999769e-04
6.400262560000000156e-02 3.196272879999999955e-04
6.416904930000000284e-02 3.225354300000000040e-04
6.433327499999999532e-02 3.226980920000000180e-04
6.449756030000000639e-02 3.230428559999999963e-04
6.466038529999999784e-02 3.222914239999999809e-04
6.482268870000000571e-02 3.223000389999999805e-04
6.498543919999999474e-02 3.225762049999999766e-04
6.514900179999999486e-02 3.207526460000000154e-04
6.531380119999999345e-02 3.208349810000000221e-04
6.547755750000000541e-02 3.228077550000000065e-04
6.564209610000000528e-02 3.235461479999999731e-04
6.580637400000000081e-02 3.260311200000000180e-04
6.596688929999999784e-02 3.251101010000000124e-04
6.612873079999999348e-02 3.215553879999999746e-04
6.629268829999999946e-02 3.215398460000000068e-04
6.645416469999999853e-02 3.244079420000000030e-04
6.661403180000000090e-02 3.244721449999999827e-04
6.677427889999999755e-02 3.240128569999999779e-04
6.693691020000000491e-02 3.248379510000000154e-04
6.710191070000000313e-02 3.231985320000000067e-04
6.726472079999999687e-02 3.217408959999999902e-04
6.742843240000000182e-02 3.162242059999999765e-04
6.759469210000000616e-02 3.157647440000000165e-04
6.775856019999999813e-02 3.196593899999999834e-04
6.792238350000000258e-02 3.210395519999999767e-04
6.808718290000000117e-02 3.220181970000000047e-04
6.825038049999999912e-02 3.209696149999999781e-04
6.841277329999999324e-02 3.194209710000000244e-04
6.857626140000000481e-02 3.199534260000000234e-04
6.873894479999999307e-02 3.227522250000000115e-04
6.890068200000000476e-02 3.231943120000000096e-04
6.906455760000000665e-02 3.220837100000000083e-04
6.922934199999999927e-02 3.222330999999999828e-04
6.939262899999999734e-02 3.239306679999999841e-04
6.955321130000000074e-02 3.229190769999999797e-04
6.971324240000000005e-02 3.210295980000000150e-04
6.987486029999999404e-02 3.208630079999999756e-04
7.003568109999999680e-02 3.217205229999999731e-04
7.019772380000000034e-02 3.231976590000000256e-04
7.036401330000000010e-02 3.214545139999999950e-04
7.052896919999999958e-02 3.200351489999999819e-04
7.069040090000000554e-02 3.207619010000000055e-04
7.085185500000000525e-02 3.210423459999999798e-04
7.101269809999999350e-02 3.228562130000000164e-04
7.117348910000000084e-02 3.230414300000000022e-04
7.133590430000000260e-02 3.208628620000000169e-04
7.149998100000000412e-02 3.215134779999999836e-04
7.166364040000000601e-02 3.252326569999999827e-04
7.182501260000000165e-02 3.252019230000000038e-04
7.198701799999999984e-02 3.228357530000000217e-04
7.214801760000000286e-02 3.213839659999999984e-04
7.230645419999999490e-02 3.216436020000000172e-04
7.246574760000000504e-02 3.218137720000000088e-04
7.262617350000000194e-02 3.203879460000000085e-04
7.278847689999999593e-02 3.214361790000000202e-04
7.295250150000000267e-02 3.214862950000000187e-04
7.311342660000000326e-02 3.196463219999999962e-04
7.327089459999999721e-02 3.215046019999999970e-04
7.342944290000000263e-02 3.228209970000000032e-04
7.358929509999999341e-02 3.230904109999999823e-04
7.374806700000000048e-02 3.225413670000000250e-04
7.390569900000000525e-02 3.229385770000000157e-04
7.406406100000000048e-02 3.230873839999999888e-04
7.422542570000000006e-02 3.185110689999999956e-04
7.438846679999999711e-02 3.183074000000000146e-04
7.454942909999999479e-02 3.224070529999999830e-04
7.470767949999999880e-02 3.222539960000000243e-04
7.486564669999999644e-02 3.210892900000000220e-04
7.502595339999999779e-02 3.220778600000000192e-04
7.518881560000000019e-02 3.205488320000000175e-04
7.535120100000000654e-02 3.192705040000000166e-04
7.551095630000000114e-02 3.201009240000000228e-04
7.567061479999999396e-02 3.207786650000000236e-04
7.583139839999999965e-02 3.220063520000000096e-04
