-7.657959309999999575e-02 3.522945339999999925e-04
-7.640219480000000341e-02 3.178561160000000115e-04
-7.621789719999999546e-02 3.091703979999999778e-04
-7.605491579999999752e-02 3.206183900000000126e-04
-7.589695600000000153e-02 3.221502410000000099e-04
-7.573425770000000168e-02 3.197182959999999869e-04
-7.556512949999999451e-02 3.227076669999999763e-04
-7.539343090000000247e-02 3.255018089999999788e-04
-7.522721590000000513e-02 3.232109879999999998e-04
-7.506615669999999740e-02 3.254471230000000265e-04
-7.490843530000000638e-02 3.238046770000000242e-04
-7.476130870000000095e-02 3.368282339999999946e-04
-7.463578129999999533e-02 3.290361489999999996e-04
-7.450537379999999654e-02 2.993525119999999764e-04
-7.433270660000000640e-02 3.139594339999999943e-04
-7.414175570000000604e-02 3.252967140000000037e-04
-7.396517689999999867e-02 3.207918779999999735e-04
-7.380040740000000377e-02 3.267269929999999916e-04
-7.363905760000000189e-02 3.268106960000000073e-04
-7.347122579999999792e-02 3.162192880000000038e-04
-7.329540700000000686e-02 3.167600079999999914e-04
-7.312010970000000498e-02 3.191852009999999974e-04
-7.295022160000000366e-02 3.172432770000000162e-04
-7.278770950000000572e-02 3.253261680000000015e-04
-7.264787699999999959e-02 3.146050730000000072e-04
-7.252649960000000229e-02 3.144112710000000104e-04
-7.237518580000000534e-02 3.323373089999999983e-04
-7.218857110000000132e-02 3.231759469999999921e-04
-7.200840860000000399e-02 3.155581360000000155e-04
-7.184467460000000527e-02 3.218168859999999800e-04
-7.168368999999999436e-02 3.228469289999999796e-04
-7.152193040000000279e-02 3.244050309999999796e-04
-7.136016339999999569e-02 3.249714789999999997e-04
-7.119553539999999570e-02 3.230025470000000049e-04
-7.103201000000000653e-02 3.216345499999999748e-04
-7.087008660000000682e-02 3.192841540000000092e-04
-7.070768619999999449e-02 3.187240220000000135e-04
-7.055140290000000425e-02 3.273854959999999937e-04
-7.040833679999999872e-02 3.221387740000000222e-04
-7.026597110000000479e-02 3.087116349999999895e-04
-7.010098550000000428e-02 3.178666810000000255e-04
-6.992413100000000048e-02 3.247482819999999862e-04
-6.975564360000000019e-02 3.222260569999999902e-04
-6.959430869999999603e-02 3.259115330000000020e-04
-6.943496320000000499e-02 3.260391820000000046e-04
-6.927429139999999319e-02 3.241809319999999924e-04
-6.911434980000000228e-02 3.226416010000000140e-04
-6.895506379999999380e-02 3.194854069999999947e-04
-6.879243250000000032e-02 3.207962729999999760e-04
-6.862936170000000224e-02 3.237006890000000193e-04
-6.846591829999999768e-02 3.249719159999999883e-04
-6.831085679999999993e-02 3.437440319999999746e-04
-6.816386430000000163e-02 3.456582780000000171e-04
-6.799797709999999551e-02 3.181897340000000205e-04
-6.782235949999999847e-02 3.141508199999999956e-04
-6.766104700000000194e-02 3.268251600000000000e-04
-6.750623880000000687e-02 3.270398589999999801e-04
-6.734773519999999458e-02 3.214633329999999926e-04
-6.718453759999999664e-02 3.227123230000000201e-04
-6.701982770000000644e-02 3.248921130000000015e-04
-6.686019149999999911e-02 3.226338889999999840e-04
-6.670064480000000018e-02 3.152900609999999986e-04
-6.653785710000000020e-02 3.145980879999999997e-04
-6.638293709999999737e-02 3.258133949999999861e-04
-6.623339649999999967e-02 3.261828969999999955e-04
-6.607986239999999456e-02 3.205322719999999974e-04
-6.592094900000000646e-02 3.221663359999999907e-04
-6.575992699999999580e-02 3.231967859999999903e-04
-6.560004499999999572e-02 3.228854039999999809e-04
-6.543972339999999666e-02 3.225063260000000172e-04
-6.527692079999999897e-02 3.238583449999999785e-04
-6.511035560000000277e-02 3.201109069999999771e-04
-6.494328380000000123e-02 3.190666610000000261e-04
-6.478288020000000369e-02 3.273037149999999959e-04
-6.462605300000000275e-02 3.276819479999999751e-04
-6.446535890000000546e-02 3.222925010000000142e-04
-6.430520119999999507e-02 3.204715030000000113e-04
-6.414803859999999858e-02 3.216000039999999949e-04
-6.398921459999999672e-02 3.229980940000000173e-04
-6.382720919999999853e-02 3.203531379999999913e-04
-6.366503240000000174e-02 3.195028399999999959e-04
-6.350644680000000486e-02 3.231398879999999862e-04
-6.334748860000000148e-02 3.242316889999999775e-04
-6.318549069999999934e-02 3.221920049999999879e-04
-6.302165989999999884e-02 3.229961729999999954e-04
-6.285678599999999783e-02 3.234891629999999915e-04
-6.269216539999999949e-02 3.235134940000000225e-04
-6.252807380000000026e-02 3.256898780000000069e-04
-6.236639249999999940e-02 3.250300939999999734e-04
-6.220531089999999791e-02 3.229722790000000071e-04
-6.204440819999999801e-02 3.221261139999999769e-04
-6.188455600000000029e-02 3.215274190000000061e-04
-6.172061709999999979e-02 3.233225430000000178e-04
-6.155484910000000309e-02 3.252606549999999979e-04
-6.139128280000000215e-02 3.250785519999999833e-04
-6.122845410000000294e-02 3.257969509999999905e-04
-6.106742839999999839e-02 3.249747389999999838e-04
-6.090622770000000269e-02 3.236203050000000230e-04
-6.074168530000000066e-02 3.251391750000000107e-04
-6.057566030000000046e-02 3.256584459999999981e-04
-6.040981039999999969e-02 3.257386849999999775e-04
-6.024546919999999861e-02 3.284785490000000237e-04
-6.008201090000000327e-02 3.284870759999999955e-04
-5.991967769999999999e-02 3.303708219999999915e-04
-5.975946780000000041e-02 3.302241679999999807e-04
-5.959563329999999909e-02 3.250231090000000201e-04
-5.942758170000000256e-02 3.256830100000000197e-04
-5.925980210000000165e-02 3.267351999999999952e-04
-5.909300599999999654e-02 3.265238189999999843e-04
-5.892850089999999985e-02 3.297655490000000133e-04
-5.876563860000000306e-02 3.294977069999999869e-04
-5.860227719999999696e-02 3.279222289999999748e-04
-5.843667310000000281e-02 3.291475879999999931e-04
-5.827015270000000108e-02 3.310196919999999960e-04
-5.810378120000000285e-02 3.316028160000000064e-04
-5.793432149999999670e-02 3.293162440000000171e-04
-5.776719749999999903e-02 3.270905579999999801e-04
-5.760551989999999900e-02 3.287453150000000128e-04
-5.744140970000000124e-02 3.308031299999999791e-04
-5.727458750000000154e-02 3.319889950000000020e-04
-5.710624529999999699e-02 3.328741300000000072e-04
-5.693573130000000038e-02 3.317268859999999986e-04
-5.676639079999999671e-02 3.310631150000000128e-04
-5.659800400000000037e-02 3.320592800000000196e-04
-5.643008649999999710e-02 3.321392870000000044e-04
-5.626406519999999772e-02 3.342668059999999788e-04
-5.609574540000000081e-02 3.364132139999999912e-04
-5.592445659999999846e-02 3.374110970000000179e-04
-5.575284359999999745e-02 3.375026860000000187e-04
-5.558146159999999975e-02 3.381518180000000063e-04
-5.541151390000000065e-02 3.379849949999999765e-04
-5.524204669999999845e-02 3.383182049999999895e-04
-5.507160350000000343e-02 3.390215570000000025e-04
-5.489981170000000216e-02 3.400059939999999802e-04
-5.472606790000000138e-02 3.415340620000000232e-04
-5.455063279999999848e-02 3.416580439999999876e-04
-5.437505249999999984e-02 3.417905830000000206e-04
-5.420096590000000186e-02 3.446583579999999984e-04
-5.402564259999999979e-02 3.459613939999999876e-04
-5.384980889999999715e-02 3.487339419999999730e-04
-5.367467179999999699e-02 3.497869180000000061e-04
-5.349498989999999787e-02 3.464563629999999907e-04
-5.331378059999999919e-02 3.461783640000000006e-04
-5.313562229999999748e-02 3.491643289999999929e-04
-5.295657740000000308e-02 3.507694050000000237e-04
-5.277721960000000129e-02 3.547009839999999735e-04
-5.259694160000000229e-02 3.561804479999999937e-04
-5.241492019999999946e-02 3.573892459999999959e-04
-5.223141609999999713e-02 3.591956629999999858e-04
-5.204550549999999859e-02 3.602029460000000195e-04
-5.185766890000000073e-02 3.617174220000000007e-04
-5.166871469999999994e-02 3.654209720000000002e-04
-5.147926509999999761e-02 3.670633299999999746e-04
-5.129088090000000211e-02 3.720140959999999886e-04
-5.110184100000000201e-02 3.741898109999999898e-04
-5.091080070000000152e-02 3.768851459999999934e-04
-5.071453749999999677e-02 3.804657610000000191e-04
-5.051470920000000059e-02 3.844760649999999806e-04
-5.031437049999999689e-02 3.867405179999999906e-04
-5.011301860000000330e-02 3.928119260000000035e-04
-4.991080610000000334e-02 3.955315909999999879e-04
-4.970744249999999725e-02 3.996821180000000159e-04
-4.950043190000000259e-02 4.033701259999999933e-04
-4.928926379999999663e-02 4.066719269999999786e-04
-4.907336830000000316e-02 4.101317030000000037e-04
-4.885579269999999752e-02 4.169581229999999843e-04
-4.863883930000000022e-02 4.195992660000000133e-04
-4.841978849999999807e-02 4.234397489999999981e-04
-4.819908369999999914e-02 4.258188709999999972e-04
-4.797627780000000147e-02 4.305429470000000231e-04
-4.774812979999999707e-02 4.354715350000000224e-04
-4.751570900000000319e-02 4.403932829999999770e-04
-4.728257279999999868e-02 4.425989750000000004e-04
-4.704866929999999836e-02 4.474548329999999941e-04
-4.681267220000000229e-02 4.498391060000000107e-04
-4.657603059999999850e-02 4.554045440000000140e-04
-4.633400220000000180e-02 4.612442569999999800e-04
-4.608579730000000180e-02 4.689344499999999975e-04
-4.583527519999999744e-02 4.731257500000000059e-04
-4.558154939999999739e-02 4.776231069999999968e-04
-4.532628510000000222e-02 4.801671310000000040e-04
-4.507024209999999781e-02 4.859337060000000225e-04
-4.481286179999999925e-02 4.881331410000000026e-04
-4.455375300000000149e-02 4.913901210000000278e-04
-4.429094120000000301e-02 4.954393950000000185e-04
-4.402319340000000053e-02 4.984652039999999630e-04
-4.375591499999999939e-02 4.992735339999999824e-04
-4.348593580000000014e-02 4.988793520000000354e-04
-4.322298990000000146e-02 4.945344989999999902e-04
-4.296354580000000256e-02 4.863807119999999894e-04
-4.270920160000000326e-02 4.803816559999999746e-04
-4.245702550000000214e-02 4.673468070000000221e-04
-4.220667110000000249e-02 4.609243479999999989e-04
-4.195965449999999874e-02 4.487557160000000211e-04
-4.171650109999999745e-02 4.426699599999999856e-04
-4.148318990000000178e-02 4.421422200000000116e-04
-4.125096279999999893e-02 4.413019340000000172e-04
-4.101886600000000105e-02 4.408356620000000010e-04
-4.078809170000000095e-02 4.398882739999999763e-04
-4.055671389999999932e-02 4.345577040000000264e-04
-4.032945260000000282e-02 4.301658480000000121e-04
-4.010394960000000092e-02 4.209075409999999936e-04
-3.988259289999999957e-02 4.145138659999999891e-04
-3.966698800000000025e-02 4.064125529999999971e-04
-3.945715350000000149e-02 4.005909140000000188e-04
-3.924921149999999886e-02 3.890286609999999909e-04
-3.904346379999999728e-02 3.835453240000000078e-04
-3.884328900000000306e-02 3.761026890000000234e-04
-3.864939509999999745e-02 3.696474299999999826e-04
-3.846129780000000220e-02 3.613968149999999897e-04
-3.827572609999999736e-02 3.564237269999999944e-04
-3.809468450000000339e-02 3.502090399999999832e-04
-3.791637350000000295e-02 3.468158539999999950e-04
-3.773899750000000303e-02 3.389635239999999800e-04
-3.756187860000000101e-02 3.359734550000000150e-04
-3.738696130000000034e-02 3.325703150000000109e-04
-3.721398859999999753e-02 3.301775720000000116e-04
-3.704571720000000151e-02 3.300923269999999775e-04
-3.687820580000000098e-02 3.296040230000000138e-04
-3.670947249999999967e-02 3.262014650000000151e-04
-3.654166679999999723e-02 3.239732470000000124e-04
-3.637594360000000193e-02 3.212842860000000183e-04
-3.621027990000000307e-02 3.207185069999999812e-04
-3.604501859999999919e-02 3.210241560000000219e-04
-3.588124740000000340e-02 3.202451920000000266e-04
-3.571938720000000095e-02 3.200436480000000113e-04
-3.555878999999999984e-02 3.192100559999999946e-04
-3.539728749999999924e-02 3.153851139999999816e-04
-3.523315860000000160e-02 3.151537090000000227e-04
-3.506931290000000340e-02 3.150052220000000179e-04
-3.490729260000000056e-02 3.142844650000000003e-04
-3.474688900000000302e-02 3.149740220000000037e-04
-3.458657490000000001e-02 3.151693089999999756e-04
-3.442632780000000337e-02 3.170135309999999877e-04
-3.426736219999999833e-02 3.169102710000000012e-04
-3.410714489999999710e-02 3.133294519999999775e-04
-3.394516930000000127e-02 3.130971449999999908e-04
-3.378417339999999908e-02 3.140834160000000128e-04
-3.362419829999999804e-02 3.133944700000000074e-04
-3.346553819999999874e-02 3.136844899999999942e-04
-3.330669549999999701e-02 3.143259959999999877e-04
-3.314554690000000303e-02 3.134547149999999732e-04
-3.298355640000000255e-02 3.136514279999999934e-04
-3.282154720000000220e-02 3.129674010000000109e-04
-3.265978399999999726e-02 3.125725780000000232e-04
-3.250010309999999680e-02 3.149578990000000264e-04
-3.234133499999999883e-02 3.148397949999999935e-04
-3.218189999999999940e-02 3.134088770000000111e-04
-3.202123190000000230e-02 3.140580369999999952e-04
-3.185937550000000201e-02 3.138789329999999776e-04
-3.169689700000000165e-02 3.141847559999999735e-04
-3.153407569999999716e-02 3.156474850000000223e-04
-3.137265150000000113e-02 3.153435540000000016e-04
-3.121320719999999896e-02 3.166049720000000257e-04
-3.105371449999999936e-02 3.170890849999999849e-04
-3.089289740000000090e-02 3.162248760000000098e-04
-3.073002400000000162e-02 3.167146929999999994e-04
-3.056579460000000137e-02 3.158331090000000081e-04
-3.040197489999999989e-02 3.156968739999999984e-04
-3.023915740000000102e-02 3.181751240000000149e-04
-3.007684650000000057e-02 3.187695110000000149e-04
-2.991556750000000028e-02 3.209339049999999872e-04
-2.975383959999999828e-02 3.219830400000000268e-04
-2.958988209999999924e-02 3.211750590000000223e-04
-2.942384779999999977e-02 3.216896439999999773e-04
-2.925739059999999878e-02 3.224292889999999826e-04
-2.909125759999999991e-02 3.229373540000000237e-04
-2.892581190000000080e-02 3.254873739999999786e-04
-2.876077410000000070e-02 3.261636589999999968e-04
-2.859464100000000050e-02 3.274526969999999744e-04
-2.842637710000000054e-02 3.292018370000000110e-04
-2.825639580000000040e-02 3.299459060000000114e-04
-2.808832749999999948e-02 3.290627790000000058e-04
-2.792139540000000003e-02 3.285066630000000091e-04
-2.775222249999999974e-02 3.292003239999999852e-04
-2.758334020000000053e-02 3.316157960000000200e-04
-2.741469439999999827e-02 3.327897280000000199e-04
-2.724352849999999923e-02 3.331044279999999984e-04
-2.707160819999999968e-02 3.336762600000000266e-04
-2.689924280000000056e-02 3.332519259999999978e-04
-2.672562189999999963e-02 3.338553070000000009e-04
-2.655310560000000153e-02 3.373799849999999773e-04
-2.638207929999999979e-02 3.377531830000000176e-04
-2.620960959999999937e-02 3.363774450000000193e-04
-2.603593469999999910e-02 3.361447019999999858e-04
-2.586226349999999966e-02 3.355267980000000089e-04
-2.568793479999999935e-02 3.361523269999999839e-04
-2.551314229999999961e-02 3.383862490000000170e-04
-2.533967609999999981e-02 3.384029260000000032e-04
-2.516686359999999872e-02 3.382478899999999834e-04
-2.499427090000000060e-02 3.380588609999999965e-04
-2.482184210000000155e-02 3.378050169999999817e-04
-2.464672550000000101e-02 3.388607870000000179e-04
-2.447043919999999928e-02 3.398573320000000241e-04
-2.429357359999999993e-02 3.410215140000000061e-04
-2.411620319999999845e-02 3.434116949999999968e-04
-2.393822929999999891e-02 3.446363549999999893e-04
-2.376038210000000137e-02 3.495603739999999767e-04
-2.358439749999999974e-02 3.502244359999999923e-04
-2.340700290000000128e-02 3.483893819999999927e-04
-2.322676409999999830e-02 3.494378180000000064e-04
-2.304525300000000165e-02 3.502245240000000201e-04
-2.286251079999999936e-02 3.507632650000000007e-04
-2.267995290000000136e-02 3.525827779999999743e-04
-2.250063230000000011e-02 3.517723820000000245e-04
-2.232106400000000157e-02 3.504295600000000141e-04
-2.213980070000000008e-02 3.509683880000000265e-04
-2.195823750000000171e-02 3.506254289999999915e-04
-2.177529409999999846e-02 3.513313710000000095e-04
-2.159132440000000042e-02 3.515755229999999914e-04
-2.140625750000000119e-02 3.518355080000000251e-04
-2.122331779999999876e-02 3.561199409999999906e-04
-2.104135600000000064e-02 3.575551959999999905e-04
-2.085763399999999990e-02 3.586125680000000222e-04
-2.067201399999999897e-02 3.601312350000000079e-04
-2.048413270000000105e-02 3.619394559999999992e-04
-2.029478740000000003e-02 3.634801829999999832e-04
-2.010563199999999828e-02 3.666908600000000069e-04
-1.991716959999999953e-02 3.674296019999999884e-04
-1.972855260000000097e-02 3.692239120000000000e-04
-1.953898930000000020e-02 3.699303779999999842e-04
-1.934853380000000136e-02 3.704205739999999773e-04
-1.915632750000000051e-02 3.721470420000000216e-04
-1.896094530000000042e-02 3.730539469999999912e-04
-1.876797339999999870e-02 3.719428790000000088e-04
-1.857749560000000050e-02 3.715902279999999951e-04
-1.838777960000000100e-02 3.710056769999999947e-04
-1.819831510000000097e-02 3.698023499999999780e-04
-1.800801600000000169e-02 3.693627949999999998e-04
-1.781670000000000129e-02 3.664737740000000238e-04
-1.762584970000000140e-02 3.656515330000000247e-04
-1.743631439999999977e-02 3.655552569999999954e-04
-1.724952089999999896e-02 3.638774210000000247e-04
-1.706354319999999966e-02 3.619352060000000136e-04
-1.687915060000000009e-02 3.602862419999999810e-04
-1.669582910000000017e-02 3.561144400000000165e-04
-1.651210709999999943e-02 3.548546519999999844e-04
-1.632844279999999884e-02 3.514539860000000151e-04
-1.614446939999999997e-02 3.499346789999999846e-04
-1.596289689999999886e-02 3.497480360000000048e-04
-1.578489129999999935e-02 3.480167069999999768e-04
-1.560714000000000025e-02 3.449325159999999950e-04
-1.543049420000000040e-02 3.431599760000000020e-04
-1.525512799999999974e-02 3.390520869999999833e-04
-1.507924029999999950e-02 3.378864490000000188e-04
-1.490420200000000008e-02 3.360650150000000233e-04
-1.472946819999999997e-02 3.347655289999999979e-04
-1.455678420000000063e-02 3.345977750000000018e-04
-1.438728809999999941e-02 3.330805050000000176e-04
-1.421867400000000059e-02 3.303416890000000121e-04
-1.405226719999999943e-02 3.280320670000000231e-04
-1.388522699999999999e-02 3.217811749999999931e-04
-1.371718660000000034e-02 3.201306969999999927e-04
-1.355156949999999916e-02 3.183519000000000106e-04
-1.338879949999999958e-02 3.159996999999999893e-04
-1.322828229999999973e-02 3.132288399999999810e-04
-1.306983920000000070e-02 3.105626380000000111e-04
-1.291260120000000018e-02 3.051962989999999808e-04
-1.275548150000000054e-02 3.036116250000000139e-04
-1.259859839999999918e-02 3.007350309999999843e-04
-1.244321840000000082e-02 2.987999469999999937e-04
-1.228996369999999991e-02 2.958178519999999875e-04
-1.214027959999999969e-02 2.925978919999999771e-04
-1.199353950000000071e-02 2.885713770000000104e-04
-1.184736469999999979e-02 2.863930710000000082e-04
-1.170199830000000045e-02 2.817195200000000271e-04
-1.155758280000000054e-02 2.798533529999999909e-04
-1.141420750000000060e-02 2.764077509999999789e-04
-1.127264740000000036e-02 2.740765630000000235e-04
-1.113252709999999930e-02 2.710192059999999917e-04
-1.099547279999999946e-02 2.680767210000000052e-04
-1.086113319999999945e-02 2.633972330000000032e-04
-1.072684770000000010e-02 2.616798449999999977e-04
-1.059298399999999973e-02 2.576126429999999780e-04
-1.045825610000000044e-02 2.563153100000000232e-04
-1.032557989999999953e-02 2.561550060000000197e-04
-1.019781730000000018e-02 2.535006789999999792e-04
-1.007111739999999936e-02 2.488400209999999798e-04
-9.945145810000000086e-03 2.467200680000000224e-04
-9.821257550000000308e-03 2.433581689999999990e-04
-9.697616100000000516e-03 2.420000089999999916e-04
-9.574475699999999631e-03 2.390644370000000022e-04
-9.452154860000000838e-03 2.375151530000000038e-04
-9.331177919999999321e-03 2.354573229999999890e-04
-9.212108329999999651e-03 2.332535660000000129e-04
-9.094781240000000475e-03 2.300582709999999999e-04
-8.978359400000000129e-03 2.286813980000000103e-04
-8.861916140000000372e-03 2.256741719999999984e-04
-8.746539240000000132e-03 2.239505120000000096e-04
-8.633013809999999510e-03 2.213888949999999901e-04
-8.520043459999999610e-03 2.201332829999999954e-04
-8.408423510000000503e-03 2.189009100000000041e-04
-8.298118599999999498e-03 2.173714750000000024e-04
-8.189127779999999523e-03 2.153265230000000021e-04
-8.081487380000000262e-03 2.140754509999999997e-04
-7.974038830000000286e-03 2.109264309999999917e-04
-7.866545580000000246e-03 2.098171389999999871e-04
-7.759245110000000112e-03 2.078416869999999970e-04
-7.653649430000000232e-03 2.061070120000000033e-04
-7.549760400000000114e-03 2.033419439999999991e-04
-7.446137260000000070e-03 2.021867839999999896e-04
-7.344408890000000099e-03 2.021422109999999872e-04
-7.243742239999999971e-03 2.012149050000000040e-04
-7.142766840000000159e-03 1.981360980000000031e-04
-7.042202170000000198e-03 1.970532320000000068e-04
-6.942200009999999893e-03 1.957199269999999967e-04
-6.843461660000000300e-03 1.944808460000000024e-04
-6.746379190000000373e-03 1.930566499999999941e-04
-6.650093479999999967e-03 1.920647190000000098e-04
-6.553885990000000127e-03 1.894391609999999937e-04
-6.457278040000000163e-03 1.884771769999999888e-04
-6.361339239999999617e-03 1.869342809999999981e-04
-6.266454230000000243e-03 1.860022459999999917e-04
-6.172433500000000343e-03 1.848543320000000040e-04
-6.080319170000000016e-03 1.832981509999999988e-04
-5.989188789999999769e-03 1.812997359999999865e-04
-5.897621159999999821e-03 1.808407979999999927e-04
-5.806402769999999963e-03 1.794592389999999978e-04
-5.715792069999999642e-03 1.785963399999999923e-04
-5.625666579999999938e-03 1.770093799999999983e-04
-5.536254499999999738e-03 1.757699940000000030e-04
-5.447928789999999764e-03 1.741480520000000093e-04
-5.360409150000000275e-03 1.733188839999999877e-04
-5.273190330000000065e-03 1.721660520000000002e-04
-5.186068830000000428e-03 1.716919940000000058e-04
-5.099129400000000124e-03 1.700236610000000100e-04
-5.012862849999999947e-03 1.690184580000000133e-04
-4.927890380000000091e-03 1.683867739999999941e-04
-4.843878559999999743e-03 1.673548539999999865e-04
-4.760536830000000261e-03 1.656132519999999975e-04
-4.677617920000000026e-03 1.649599140000000111e-04
-4.594832660000000048e-03 1.633709620000000078e-04
-4.512353329999999746e-03 1.626140580000000108e-04
-4.429876339999999635e-03 1.611236659999999905e-04
-4.348241719999999810e-03 1.600807879999999943e-04
-4.268182910000000406e-03 1.591991309999999965e-04
-4.188498950000000241e-03 1.586564320000000020e-04
-4.109183790000000072e-03 1.577650979999999927e-04
-4.029742440000000196e-03 1.573058829999999944e-04
-3.950322979999999588e-03 1.560739469999999917e-04
-3.872159870000000011e-03 1.550904709999999958e-04
-3.794301999999999831e-03 1.534468900000000022e-04
-3.716927019999999998e-03 1.525638950000000112e-04
-3.640767889999999962e-03 1.515562910000000133e-04
-3.564940530000000000e-03 1.509940629999999902e-04
-3.489475460000000025e-03 1.500368529999999913e-04
-3.413968250000000166e-03 1.495137259999999889e-04
-3.338483399999999865e-03 1.481048680000000047e-04
-3.263898659999999851e-03 1.472604050000000042e-04
-3.190238959999999822e-03 1.464553349999999960e-04
-3.117364599999999843e-03 1.456942549999999887e-04
-3.044472769999999849e-03 1.440967749999999905e-04
-2.971712269999999840e-03 1.434414439999999989e-04
-2.899754559999999978e-03 1.424125219999999923e-04
-2.828179630000000194e-03 1.418119209999999940e-04
-2.756881059999999849e-03 1.406047379999999895e-04
-2.685962939999999785e-03 1.397512389999999911e-04
-2.616045070000000156e-03 1.390529210000000023e-04
-2.546909270000000201e-03 1.385226059999999904e-04
-2.477623520000000069e-03 1.373200650000000044e-04
-2.408614150000000162e-03 1.367200019999999976e-04
-2.340063219999999854e-03 1.352958059999999894e-04
-2.272023819999999944e-03 1.344754709999999907e-04
-2.204805849999999859e-03 1.335686390000000005e-04
-2.137583209999999786e-03 1.330637749999999896e-04
-2.070821359999999896e-03 1.324333129999999935e-04
-2.005213870000000041e-03 1.316951820000000100e-04
-1.939978919999999982e-03 1.302680179999999893e-04
-1.874792620000000033e-03 1.297237900000000057e-04
-1.809619130000000072e-03 1.287198830000000076e-04
-1.744910959999999974e-03 1.280781729999999890e-04
-1.681118159999999903e-03 1.273341039999999885e-04
-1.617799980000000047e-03 1.267809420000000061e-04
-1.554742920000000026e-03 1.256803370000000115e-04
-1.491610310000000047e-03 1.251591599999999965e-04
-1.428803890000000104e-03 1.242597350000000081e-04
-1.366888410000000010e-03 1.235716480000000127e-04
-1.305222509999999893e-03 1.220789849999999867e-04
-1.243832750000000093e-03 1.213749130000000046e-04
-1.182937299999999893e-03 1.206977099999999954e-04
-1.122478049999999904e-03 1.201911869999999999e-04
-1.062573399999999953e-03 1.192514100000000021e-04
-1.002980859999999920e-03 1.187254460000000060e-04
-9.437214469999999616e-04 1.178205489999999952e-04
-8.845999839999999902e-04 1.172523699999999936e-04
-8.259856259999999928e-04 1.165231370000000037e-04
-7.680465350000000154e-04 1.160150569999999955e-04
-7.101097729999999476e-04 1.150430109999999996e-04
-6.525861100000000239e-04 1.144437120000000029e-04
-5.956808450000000005e-04 1.133741099999999966e-04
-5.392443270000000241e-04 1.127072389999999973e-04
-4.832243720000000114e-04 1.115504419999999966e-04
-4.273007220000000204e-04 1.109254149999999944e-04
-3.718794609999999824e-04 1.100310910000000064e-04
-3.173516309999999769e-04 1.093242390000000061e-04
-2.632473190000000083e-04 1.080684809999999985e-04
-2.099250269999999939e-04 1.071468579999999940e-04
-1.567837459999999936e-04 1.052878719999999954e-04
-1.044906379999999959e-04 1.041183130000000045e-04
-5.306426459999999726e-05 1.018704789999999957e-04
-9.347580769999999997e-07 1.014996670000000030e-04
5.019690070000000173e-05 1.020927669999999957e-04
1.026037279999999981e-04 1.029465199999999957e-04
1.550186860000000088e-04 1.052662990000000027e-04
2.076135720000000108e-04 1.063500530000000016e-04
2.611889209999999862e-04 1.081349470000000023e-04
3.152933499999999753e-04 1.090973530000000015e-04
3.698399230000000057e-04 1.106264320000000027e-04
4.247229659999999791e-04 1.113792170000000057e-04
4.803022309999999953e-04 1.123074760000000028e-04
5.364546669999999476e-04 1.128320439999999934e-04
5.931663909999999613e-04 1.133536349999999940e-04
6.499721200000000256e-04 1.137512370000000041e-04
7.070562570000000178e-04 1.148245499999999948e-04
7.646138549999999777e-04 1.154964990000000052e-04
8.223292529999999718e-04 1.166669969999999980e-04
8.803729429999999521e-04 1.172858100000000018e-04
9.390398049999999471e-04 1.179640749999999959e-04
9.985442740000000702e-04 1.185494399999999964e-04
1.058279770000000036e-03 1.197861060000000047e-04
1.117835400000000102e-03 1.202852070000000041e-04
1.177879400000000085e-03 1.208572940000000027e-04
1.238437599999999989e-03 1.213716819999999995e-04
1.299630379999999969e-03 1.222042919999999963e-04
1.361391619999999898e-03 1.228469919999999893e-04
1.423032259999999901e-03 1.243721199999999892e-04
1.485188140000000007e-03 1.250598869999999894e-04
1.547891650000000029e-03 1.260518619999999876e-04
1.610372330000000088e-03 1.264460009999999980e-04
1.673082700000000020e-03 1.271567740000000110e-04
1.736482369999999952e-03 1.278261769999999896e-04
1.801004049999999947e-03 1.283016320000000127e-04
1.865920259999999907e-03 1.287109480000000127e-04
1.930495259999999999e-03 1.299318249999999967e-04
1.995516939999999843e-03 1.306399349999999983e-04
2.060932110000000123e-03 1.319499720000000124e-04
2.127058340000000190e-03 1.326676569999999994e-04
2.193896099999999901e-03 1.334713889999999872e-04
2.260927340000000191e-03 1.340573650000000127e-04
2.328594680000000122e-03 1.351353569999999961e-04
2.396802649999999965e-03 1.358499719999999987e-04
2.465018539999999821e-03 1.373111590000000021e-04
2.533214870000000205e-03 1.378253219999999899e-04
2.601885700000000200e-03 1.384609499999999978e-04
2.672008239999999930e-03 1.393710550000000015e-04
2.742678159999999924e-03 1.409810210000000084e-04
2.813377420000000208e-03 1.417679010000000045e-04
2.884532320000000004e-03 1.431913839999999886e-04
2.955840669999999868e-03 1.437968310000000034e-04
3.027916890000000201e-03 1.447457759999999866e-04
3.100255499999999848e-03 1.452458090000000024e-04
3.172901460000000003e-03 1.455752500000000052e-04
3.246880829999999885e-03 1.462944640000000084e-04
3.321111670000000213e-03 1.478688210000000003e-04
3.395102689999999947e-03 1.484909589999999996e-04
3.469156100000000183e-03 1.501109220000000134e-04
3.543870990000000127e-03 1.510917349999999978e-04
3.619942120000000079e-03 1.521317320000000134e-04
3.696376459999999812e-03 1.527257410000000060e-04
3.772975640000000071e-03 1.535260959999999893e-04
3.850232810000000106e-03 1.542097890000000053e-04
3.927947020000000129e-03 1.553454059999999880e-04
4.006504549999999679e-03 1.560474050000000134e-04
4.085357300000000066e-03 1.575017809999999915e-04
4.163977689999999975e-03 1.580988900000000112e-04
4.243362690000000367e-03 1.590843460000000101e-04
4.323804750000000141e-03 1.600756080000000114e-04
4.404483360000000132e-03 1.618332899999999869e-04
4.485259759999999686e-03 1.625246660000000132e-04
4.566894380000000378e-03 1.630110780000000017e-04
4.649812819999999888e-03 1.637328529999999903e-04
4.732737780000000234e-03 1.657214599999999995e-04
4.815623629999999863e-03 1.666369350000000129e-04
4.899380259999999883e-03 1.677271940000000128e-04
4.983912689999999909e-03 1.685849709999999934e-04
5.069477480000000001e-03 1.698877170000000030e-04
5.155558230000000138e-03 1.706695480000000077e-04
5.241392180000000248e-03 1.726113260000000031e-04
5.327663849999999916e-03 1.733365209999999869e-04
5.414595359999999774e-03 1.742449530000000078e-04
5.501519889999999767e-03 1.748038339999999878e-04
5.589103790000000092e-03 1.752584209999999930e-04
5.679037890000000408e-03 1.768307850000000068e-04
5.770274439999999692e-03 1.797040309999999974e-04
5.860734270000000044e-03 1.802772170000000091e-04
5.950903050000000243e-03 1.816763980000000089e-04
6.041908640000000393e-03 1.826830990000000100e-04
6.133588029999999594e-03 1.843535719999999929e-04
6.226725879999999748e-03 1.855770969999999940e-04
6.320754999999999950e-03 1.874836019999999871e-04
6.414957340000000154e-03 1.885262749999999893e-04
6.510258189999999778e-03 1.903095540000000058e-04
6.605548319999999737e-03 1.909476699999999925e-04
6.700311789999999906e-03 1.928816929999999943e-04
6.796101110000000133e-03 1.941946680000000052e-04
6.893829439999999732e-03 1.946035630000000070e-04
6.993263030000000310e-03 1.955073390000000111e-04
7.092903369999999617e-03 1.976702919999999951e-04
7.192620079999999944e-03 1.987609280000000064e-04
7.293236439999999793e-03 2.010493630000000055e-04
7.394286340000000290e-03 2.021371470000000016e-04
7.495464290000000002e-03 2.041874539999999902e-04
7.598087659999999861e-03 2.057948299999999922e-04
7.702236529999999942e-03 2.077114329999999950e-04
7.807709739999999995e-03 2.089103219999999912e-04
7.913641630000000857e-03 2.114694360000000104e-04
8.018588650000000109e-03 2.120860149999999962e-04
8.124208080000000498e-03 2.126792969999999935e-04
8.232083169999999603e-03 2.142447049999999923e-04
8.341263979999999356e-03 2.172335229999999959e-04
8.451515810000000822e-03 2.189573419999999999e-04
8.562936449999999228e-03 2.209727679999999919e-04
8.675290270000000220e-03 2.222592299999999899e-04
8.788225239999999244e-03 2.248618400000000053e-04
8.901554160000000118e-03 2.257268640000000036e-04
9.015139190000000247e-03 2.276972369999999868e-04
9.130680929999999279e-03 2.298868639999999909e-04
9.248333980000000495e-03 2.333309969999999909e-04
9.367011490000000384e-03 2.351926809999999968e-04
9.485505519999999635e-03 2.397893989999999955e-04
9.604602119999999799e-03 2.418069929999999983e-04
9.726209569999999874e-03 2.432197219999999917e-04
9.849424469999999709e-03 2.443599219999999846e-04
9.972783739999999467e-03 2.472785129999999828e-04
1.009718239999999982e-02 2.492853379999999735e-04
1.022436470000000035e-02 2.511708299999999860e-04
1.035346560000000027e-02 2.530078050000000075e-04
1.048297060000000051e-02 2.564844039999999775e-04
1.061275790000000031e-02 2.579055140000000110e-04
1.074272580000000012e-02 2.615507400000000125e-04
1.087499410000000027e-02 2.638827720000000107e-04
1.100928519999999980e-02 2.669760720000000239e-04
1.114462779999999924e-02 2.690787949999999822e-04
1.128205749999999959e-02 2.714403670000000140e-04
1.142204930000000063e-02 2.738274049999999868e-04
1.156328619999999995e-02 2.794302130000000158e-04
1.170433029999999944e-02 2.813408500000000052e-04
1.184560450000000063e-02 2.852108450000000271e-04
1.198960379999999999e-02 2.878469820000000012e-04
1.213661020000000000e-02 2.901492409999999753e-04
1.228595709999999973e-02 2.927719619999999976e-04
1.243706510000000022e-02 2.971175710000000035e-04
1.258821790000000038e-02 2.987128680000000237e-04
1.274002810000000006e-02 3.031866799999999871e-04
1.289302200000000051e-02 3.055149569999999733e-04
1.304694730000000025e-02 3.092861150000000077e-04
1.320369080000000084e-02 3.123390199999999937e-04
1.336359980000000058e-02 3.155346489999999731e-04
1.352583620000000035e-02 3.176468309999999737e-04
1.368936989999999972e-02 3.213502929999999995e-04
1.385242119999999938e-02 3.228267310000000221e-04
1.401603409999999973e-02 3.272217869999999892e-04
1.418066299999999960e-02 3.294201449999999902e-04
1.434695629999999979e-02 3.315130599999999996e-04
1.451563460000000055e-02 3.337008819999999791e-04
1.468684150000000056e-02 3.355574740000000027e-04
1.485836509999999971e-02 3.359557890000000233e-04
1.502992860000000076e-02 3.370035559999999997e-04
1.520109080000000071e-02 3.375958189999999758e-04
1.537217389999999927e-02 3.393679510000000270e-04
1.554682939999999999e-02 3.421477160000000145e-04
1.572466830000000121e-02 3.458643330000000051e-04
1.590326800000000165e-02 3.476695859999999840e-04
1.608232780000000070e-02 3.505958299999999768e-04
1.626232080000000052e-02 3.517246810000000255e-04
1.644206419999999849e-02 3.552715930000000097e-04
1.662118729999999961e-02 3.566541999999999911e-04
1.680083760000000009e-02 3.596109750000000150e-04
1.698220329999999834e-02 3.617060429999999866e-04
1.716729250000000040e-02 3.626904510000000261e-04
1.735402460000000022e-02 3.640376379999999963e-04
1.753936340000000066e-02 3.687273419999999974e-04
1.772376339999999842e-02 3.698505749999999974e-04
1.791012469999999843e-02 3.696916969999999880e-04
1.809853690000000001e-02 3.703597470000000061e-04
1.828730849999999838e-02 3.716248899999999994e-04
1.847731879999999979e-02 3.733258350000000052e-04
1.867049000000000139e-02 3.741962429999999844e-04
1.886362020000000028e-02 3.744943240000000160e-04
1.905524169999999948e-02 3.764148279999999895e-04
1.924677569999999963e-02 3.770531910000000193e-04
1.943742110000000120e-02 3.803088910000000092e-04
1.962916740000000132e-02 3.816197859999999830e-04
1.982465389999999925e-02 3.790384799999999780e-04
2.001741339999999966e-02 3.769913459999999958e-04
2.021022329999999992e-02 3.726310100000000181e-04
2.040453810000000118e-02 3.719684609999999742e-04
2.059538660000000132e-02 3.744839050000000149e-04
2.078386399999999912e-02 3.739627719999999867e-04
2.097273800000000119e-02 3.718523659999999910e-04
2.116210940000000026e-02 3.708846339999999960e-04
2.135246060000000126e-02 3.665936820000000040e-04
2.154065299999999988e-02 3.642553059999999849e-04
2.172629540000000151e-02 3.620093630000000093e-04
2.191103989999999835e-02 3.606601389999999929e-04
2.209436520000000043e-02 3.606275129999999846e-04
2.227644059999999912e-02 3.598663020000000129e-04
2.245710789999999860e-02 3.587307579999999825e-04
2.263885179999999830e-02 3.589693520000000011e-04
2.282313630000000135e-02 3.553880380000000038e-04
2.300793120000000150e-02 3.539191380000000016e-04
2.318930069999999843e-02 3.555711880000000089e-04
2.336837909999999949e-02 3.552750569999999918e-04
2.354829199999999845e-02 3.544020870000000041e-04
2.372834089999999868e-02 3.541704499999999965e-04
2.390881629999999994e-02 3.514612909999999908e-04
2.409071100000000076e-02 3.513384729999999832e-04
2.427194829999999859e-02 3.520981409999999947e-04
2.445282600000000042e-02 3.516740400000000107e-04
2.463154869999999858e-02 3.540959149999999933e-04
2.480510619999999958e-02 3.523518679999999891e-04
2.498146329999999943e-02 3.441569280000000082e-04
2.516199090000000027e-02 3.437082050000000175e-04
2.534082350000000164e-02 3.439717690000000075e-04
2.551787349999999968e-02 3.429964709999999955e-04
2.569340170000000007e-02 3.428336930000000114e-04
2.586825939999999949e-02 3.419047569999999819e-04
2.604159530000000125e-02 3.418721029999999771e-04
2.621361609999999995e-02 3.415363609999999984e-04
2.638665960000000088e-02 3.389108750000000198e-04
2.656157309999999938e-02 3.390839559999999807e-04
2.673700819999999881e-02 3.399727279999999814e-04
2.691172619999999960e-02 3.398706609999999984e-04
2.708254010000000003e-02 3.448142959999999919e-04
2.725345460000000095e-02 3.461835730000000031e-04
2.742916349999999920e-02 3.420058060000000211e-04
2.760449800000000162e-02 3.407455520000000080e-04
2.777809839999999947e-02 3.401349240000000143e-04
2.795223520000000156e-02 3.402371080000000177e-04
2.812752690000000153e-02 3.398803529999999771e-04
2.830187790000000120e-02 3.391933569999999861e-04
2.847392860000000012e-02 3.398309050000000199e-04
2.864351680000000108e-02 3.385814200000000188e-04
2.881284240000000010e-02 3.355524969999999947e-04
2.898398790000000086e-02 3.350977789999999980e-04
2.915393559999999995e-02 3.358407119999999840e-04
2.932315320000000031e-02 3.361256969999999776e-04
2.949543300000000146e-02 3.330766049999999887e-04
2.966659890000000049e-02 3.313117780000000216e-04
2.983447349999999998e-02 3.306257999999999745e-04
3.000153599999999879e-02 3.298890659999999925e-04
3.016854080000000091e-02 3.279356750000000237e-04
3.033695739999999960e-02 3.276310159999999846e-04
3.050610419999999837e-02 3.255933699999999831e-04
3.067476120000000098e-02 3.250087609999999976e-04
3.084085699999999930e-02 3.276380299999999846e-04
3.100421839999999846e-02 3.269470759999999797e-04
3.116800260000000128e-02 3.255532060000000086e-04
3.133035449999999750e-02 3.241893140000000014e-04
3.149275480000000155e-02 3.190829300000000163e-04
3.166012470000000023e-02 3.197892509999999836e-04
3.182727839999999891e-02 3.221230869999999833e-04
3.199128810000000100e-02 3.215113830000000065e-04
3.215423969999999659e-02 3.215768670000000175e-04
3.231566030000000006e-02 3.206864059999999894e-04
3.247725960000000245e-02 3.191280410000000103e-04
3.263970840000000179e-02 3.190776619999999785e-04
3.280241410000000329e-02 3.172909199999999759e-04
3.296715020000000329e-02 3.178686019999999932e-04
3.313072770000000111e-02 3.214091700000000105e-04
3.329223020000000172e-02 3.210001160000000207e-04
3.345198180000000243e-02 3.227847629999999919e-04
3.360885009999999701e-02 3.221396759999999959e-04
3.377100079999999921e-02 3.127486849999999816e-04
3.393870219999999688e-02 3.127012750000000125e-04
3.410260009999999814e-02 3.177223839999999749e-04
3.426348790000000033e-02 3.177216859999999993e-04
3.442474830000000208e-02 3.170976709999999920e-04
3.458536420000000305e-02 3.160544729999999734e-04
3.474503760000000052e-02 3.147399400000000080e-04
3.490517290000000328e-02 3.149707340000000230e-04
3.506669030000000159e-02 3.144888320000000111e-04
3.522987660000000132e-02 3.153214930000000074e-04
3.539219130000000046e-02 3.178892369999999933e-04
3.555092590000000219e-02 3.166599780000000004e-04
3.570744399999999791e-02 3.169410049999999801e-04
3.586688269999999817e-02 3.183594379999999768e-04
3.602962199999999726e-02 3.167977269999999778e-04
3.619299460000000024e-02 3.170437699999999930e-04
3.635577859999999939e-02 3.186983810000000128e-04
3.651795540000000312e-02 3.189298730000000035e-04
3.668128329999999909e-02 3.188543779999999874e-04
3.684358670000000002e-02 3.182155489999999765e-04
3.700441869999999966e-02 3.176845490000000183e-04
3.716684879999999913e-02 3.184568490000000245e-04
3.732963279999999828e-02 3.200207429999999743e-04
3.749455139999999936e-02 3.214255560000000211e-04
3.765854610000000241e-02 3.268594449999999928e-04
3.782254079999999852e-02 3.292541370000000105e-04
3.799210859999999773e-02 3.278627410000000200e-04
3.816084559999999987e-02 3.268656729999999894e-04
3.832572699999999694e-02 3.292764010000000068e-04
3.849262739999999988e-02 3.313575000000000136e-04
3.866217289999999973e-02 3.327217710000000242e-04
3.883432970000000317e-02 3.343230060000000072e-04
3.900765629999999873e-02 3.368320179999999991e-04
3.918055439999999778e-02 3.379331029999999730e-04
3.935441370000000022e-02 3.406738979999999854e-04
3.953082859999999810e-02 3.432053489999999790e-04
3.970793630000000324e-02 3.477846329999999806e-04
3.988760709999999987e-02 3.509728989999999992e-04
4.006853330000000046e-02 3.577303719999999827e-04
4.026051609999999753e-02 3.662925739999999789e-04
4.045944659999999721e-02 3.784753209999999887e-04
4.065756870000000051e-02 3.828733460000000185e-04
4.085649920000000018e-02 3.937180740000000164e-04
4.105983669999999780e-02 4.002723729999999925e-04
4.127054659999999930e-02 4.077300840000000178e-04
4.148795460000000157e-02 4.144617709999999836e-04
4.170945659999999999e-02 4.247734029999999960e-04
4.193248599999999798e-02 4.294023090000000185e-04
4.215882349999999779e-02 4.367353689999999879e-04
4.238658399999999798e-02 4.396233419999999773e-04
4.261532049999999794e-02 4.460264169999999888e-04
4.284455250000000076e-02 4.492267329999999966e-04
4.308233410000000124e-02 4.455600280000000064e-04
4.332183299999999709e-02 4.452872960000000039e-04
4.355914520000000317e-02 4.464597149999999779e-04
4.379933329999999986e-02 4.486119719999999834e-04
4.403797160000000321e-02 4.571775209999999956e-04
4.428447039999999779e-02 4.643310970000000021e-04
4.453391579999999711e-02 4.792731200000000121e-04
4.479329659999999741e-02 4.912333100000000532e-04
4.506332429999999889e-02 5.086098100000000519e-04
4.533682390000000340e-02 5.169993380000000331e-04
4.561869429999999837e-02 5.243924680000000170e-04
4.589645939999999896e-02 5.245857170000000009e-04
4.617605360000000270e-02 5.220645110000000531e-04
4.645812509999999729e-02 5.219183510000000199e-04
4.674223809999999979e-02 5.182023159999999806e-04
4.702378060000000221e-02 5.160237780000000380e-04
4.730324069999999881e-02 5.134542009999999495e-04
4.757574569999999808e-02 5.083624269999999700e-04
4.784639179999999881e-02 4.991816820000000024e-04
4.811114820000000208e-02 4.923472300000000237e-04
4.836861790000000078e-02 4.835859290000000003e-04
4.862483959999999716e-02 4.790225069999999889e-04
4.887817800000000129e-02 4.712416559999999910e-04
4.913030189999999936e-02 4.683534210000000184e-04
4.937773940000000222e-02 4.681299910000000144e-04
4.961877320000000063e-02 4.642136919999999950e-04
4.986087609999999976e-02 4.532671589999999972e-04
5.009864270000000119e-02 4.467244139999999863e-04
5.033002050000000283e-02 4.374631390000000095e-04
5.056049299999999802e-02 4.335863049999999930e-04
5.078856269999999784e-02 4.268307820000000240e-04
5.101458360000000331e-02 4.225854350000000036e-04
5.123712490000000008e-02 4.166659779999999777e-04
5.145454780000000006e-02 4.120336960000000009e-04
5.166701600000000311e-02 4.089496209999999893e-04
5.187677219999999728e-02 4.062135410000000018e-04
5.208575730000000042e-02 3.983340280000000218e-04
5.229183660000000233e-02 3.937511650000000097e-04
5.249578130000000231e-02 3.845809550000000134e-04
5.270247909999999786e-02 3.824032030000000201e-04
5.290397630000000240e-02 3.850698990000000219e-04
5.309873450000000134e-02 3.825111489999999848e-04
5.329246070000000224e-02 3.771331390000000230e-04
5.348563939999999989e-02 3.748635649999999841e-04
5.367936189999999996e-02 3.690461739999999994e-04
5.387289080000000341e-02 3.668391150000000172e-04
5.406505240000000073e-02 3.615660240000000266e-04
5.425734449999999875e-02 3.592485449999999907e-04
5.444420870000000329e-02 3.618905320000000083e-04
5.462827910000000314e-02 3.616555769999999772e-04
5.481070650000000044e-02 3.637359770000000124e-04
5.499245600000000206e-02 3.640814390000000206e-04
5.517940219999999812e-02 3.577428290000000261e-04
5.536711589999999961e-02 3.559236650000000132e-04
5.555095150000000093e-02 3.559701730000000086e-04
5.573217200000000343e-02 3.544158239999999744e-04
5.591200290000000045e-02 3.524236669999999743e-04
5.609179289999999957e-02 3.512024700000000222e-04
5.627071110000000237e-02 3.492815010000000094e-04
5.644984170000000301e-02 3.491904349999999787e-04
5.663117770000000023e-02 3.465689370000000027e-04
5.681129919999999833e-02 3.449015490000000256e-04
5.698906260000000112e-02 3.428725760000000088e-04
5.716357009999999822e-02 3.401817810000000246e-04
5.733546610000000293e-02 3.370598130000000171e-04
5.751135570000000252e-02 3.378666300000000107e-04
5.768768120000000027e-02 3.393942019999999756e-04
5.786321309999999801e-02 3.399266860000000213e-04
5.803978070000000156e-02 3.409668279999999996e-04
5.821511520000000051e-02 3.406112079999999774e-04
5.838833379999999740e-02 3.418592389999999879e-04
5.855954070000000261e-02 3.411002110000000212e-04
5.873024460000000196e-02 3.398346890000000244e-04
5.890213700000000024e-02 3.396279350000000106e-04
5.907659230000000122e-02 3.347990569999999798e-04
5.925076080000000328e-02 3.333441559999999852e-04
5.942105870000000123e-02 3.357403329999999781e-04
5.959125240000000268e-02 3.365432200000000084e-04
5.976366620000000268e-02 3.363384459999999975e-04
5.993397909999999967e-02 3.350031040000000225e-04
6.010216849999999722e-02 3.335515789999999822e-04
6.027226150000000032e-02 3.341732079999999824e-04
6.044406070000000325e-02 3.330492180000000258e-04
6.061639640000000134e-02 3.325096330000000024e-04
6.078712270000000140e-02 3.337142699999999886e-04
6.095618380000000086e-02 3.336037630000000115e-04
6.112451480000000159e-02 3.357807869999999864e-04
6.129164990000000174e-02 3.358504330000000094e-04
6.146065519999999865e-02 3.316568620000000223e-04
6.163112820000000297e-02 3.310310710000000101e-04
6.180113930000000200e-02 3.300640379999999867e-04
6.197143349999999912e-02 3.294314960000000077e-04
6.213991719999999858e-02 3.307026350000000030e-04
6.230596449999999814e-02 3.301479160000000078e-04
6.247230250000000013e-02 3.293650809999999762e-04
6.264010070000000652e-02 3.299628439999999848e-04
6.280963870000000338e-02 3.274687920000000094e-04
6.297972050000000266e-02 3.268981239999999922e-04
6.314861770000000651e-02 3.272953619999999795e-04
6.331842390000000376e-02 3.275338389999999777e-04
6.348594280000000034e-02 3.320103570000000246e-04
6.365019830000000212e-02 3.321132390000000037e-04
6.381536279999999728e-02 3.308881420000000227e-04
6.398253889999999666e-02 3.316465010000000063e-04
6.415316460000000665e-02 3.292380720000000183e-04
6.432355200000000606e-02 3.282318359999999752e-04
6.449166689999999424e-02 3.279701920000000111e-04
6.465880570000000216e-02 3.268424189999999917e-04
6.482335929999999413e-02 3.280350650000000241e-04
6.498741360000000189e-02 3.286126880000000061e-04
6.515402350000000509e-02 3.259718070000000145e-04
6.532200430000000002e-02 3.258411310000000182e-04
6.549008189999999674e-02 3.265471900000000024e-04
6.565847249999999524e-02 3.269963779999999782e-04
6.582578270000000176e-02 3.287966829999999958e-04
6.599019470000000442e-02 3.276964999999999956e-04
6.615328789999999626e-02 3.268264119999999846e-04
6.631898880000000607e-02 3.276317440000000030e-04
6.648518890000000570e-02 3.290524179999999898e-04
6.665150820000000087e-02 3.300846729999999869e-04
6.682077050000000129e-02 3.292879560000000223e-04
6.698876619999999393e-02 3.282394319999999807e-04
6.715396790000000005e-02 3.287238940000000091e-04
6.731764969999999570e-02 3.279809319999999763e-04
6.748167430000000244e-02 3.253356839999999787e-04
6.764728579999999825e-02 3.248889119999999985e-04
6.781414149999999419e-02 3.215822800000000181e-04
6.798357519999999321e-02 3.223691309999999945e-04
6.815358250000000395e-02 3.235942279999999755e-04
6.832297149999999597e-02 3.236679189999999901e-04
6.848957390000000311e-02 3.297435180000000076e-04
6.865324080000000107e-02 3.301703840000000021e-04
6.881772730000000615e-02 3.287208380000000230e-04
6.898441169999999789e-02 3.290634779999999774e-04
6.915344299999999500e-02 3.261094099999999789e-04
6.932139399999999452e-02 3.248387370000000189e-04
6.948628279999999324e-02 3.263970140000000244e-04
6.964954730000000316e-02 3.259882800000000027e-04
6.981350479999999525e-02 3.249268049999999943e-04
6.997795399999999499e-02 3.248382709999999836e-04
7.015414540000000643e-02 3.037441060000000076e-04
7.033475490000000441e-02 2.988040510000000206e-04
7.049415259999999850e-02 3.205047690000000101e-04
7.064920660000000019e-02 3.252656899999999910e-04
7.081191239999999609e-02 3.257206409999999783e-04
7.097429040000000078e-02 3.261307720000000015e-04
7.113821800000000306e-02 3.259141809999999920e-04
7.130479809999999696e-02 3.274300830000000215e-04
7.147248089999999610e-02 3.285598939999999748e-04
7.163897160000000375e-02 3.282459510000000072e-04
7.180420310000000528e-02 3.294648779999999767e-04
7.196671520000000322e-02 3.278215300000000007e-04
7.212884719999999861e-02 3.238864300000000255e-04
7.230991130000000155e-02 3.342520500000000145e-04
7.249648120000000417e-02 3.551768020000000098e-04
7.265499979999999469e-02 3.458866559999999825e-04
7.280989740000000376e-02 3.247983399999999996e-04
7.297649979999999703e-02 3.242436799999999855e-04
7.313992079999999396e-02 3.280148960000000050e-04
7.330309599999999814e-02 3.287772419999999952e-04
7.346809660000000464e-02 3.278509540000000100e-04
7.363315669999999369e-02 3.280017699999999785e-04
7.379961009999999599e-02 3.261256209999999840e-04
7.396418600000000121e-02 3.243301470000000157e-04
7.412476839999999900e-02 3.272255999999999863e-04
7.428574559999999438e-02 3.285041309999999892e-04
7.445123050000000686e-02 3.233047610000000017e-04
7.461697609999999592e-02 3.215899630000000013e-04
7.477947320000000175e-02 3.222410739999999958e-04
7.494433970000000111e-02 3.234516769999999956e-04
7.511048759999999769e-02 3.246788110000000229e-04
7.527579369999999603e-02 3.250534649999999915e-04
7.544192669999999490e-02 3.259522200000000008e-04
7.560583949999999387e-02 3.249480799999999851e-04
7.576715950000000033e-02 3.252446189999999983e-04
7.592827080000000284e-02 3.252243620000000056e-04
7.609028369999999708e-02 3.236526969999999905e-04
7.625704260000000512e-02 3.254868790000000050e-04
7.642513509999999954e-02 3.283519760000000042e-04
7.658968119999999546e-02 3.276957719999999772e-04
7.675483819999999457e-02 3.260729429999999771e-04
