-7.373675700000000000e-02 3.259078079999999785e-04
-7.360828669999999740e-02 3.075036509999999872e-04
-7.346836480000000502e-02 3.073535040000000018e-04
-7.332912090000000271e-02 3.080126769999999830e-04
-7.318916170000000498e-02 3.091052930000000244e-04
-7.304602859999999309e-02 3.080372989999999897e-04
-7.290050389999999658e-02 3.090738320000000231e-04
-7.275243850000000234e-02 3.065683999999999835e-04
-7.260498399999999741e-02 3.052974349999999976e-04
-7.245519009999999704e-02 2.978567499999999735e-04
-7.229955489999999318e-02 2.982788140000000197e-04
-7.214565579999999978e-02 3.023592869999999744e-04
-7.199782879999999663e-02 3.006001639999999835e-04
-7.185407729999999937e-02 3.024972979999999891e-04
-7.171325389999999578e-02 3.014311370000000026e-04
-7.157073170000000095e-02 2.967885809999999875e-04
-7.141657919999999660e-02 3.020951119999999864e-04
-7.125287499999999330e-02 2.997582779999999857e-04
-7.109566779999999808e-02 2.950092309999999924e-04
-7.095000149999999839e-02 3.010915830000000229e-04
-7.080502810000000036e-02 3.024544860000000245e-04
-7.066603750000000073e-02 3.161305499999999950e-04
-7.052755360000000084e-02 3.211765140000000089e-04
-7.036922869999999441e-02 3.033402319999999736e-04
-7.020787150000000476e-02 2.987199110000000163e-04
-7.005625960000000374e-02 3.009618379999999928e-04
-6.990192089999999747e-02 3.034089169999999876e-04
-6.974890829999999542e-02 3.124288339999999856e-04
-6.960111859999999762e-02 3.121173070000000135e-04
-6.944844869999999837e-02 3.031161029999999978e-04
-6.929468360000000382e-02 3.009531360000000156e-04
-6.914540380000000486e-02 3.024227040000000049e-04
-6.899360570000000192e-02 3.044675400000000079e-04
-6.883733720000000111e-02 3.038570580000000271e-04
-6.868112830000000502e-02 3.036058919999999909e-04
-6.852971759999999801e-02 3.097541049999999897e-04
-6.838383530000000099e-02 3.086414939999999928e-04
-6.823348999999999387e-02 2.981043939999999883e-04
-6.807690859999999955e-02 2.976534310000000035e-04
-6.792178000000000104e-02 2.988450579999999876e-04
-6.776943800000000129e-02 2.980033459999999993e-04
-6.761667879999999631e-02 2.960773419999999934e-04
-6.745856259999999383e-02 2.986067849999999874e-04
-6.730188430000000332e-02 3.069039670000000110e-04
-6.715132299999999888e-02 3.062182799999999937e-04
-6.700105970000000410e-02 3.048231009999999947e-04
-6.684897839999999480e-02 3.049956579999999894e-04
-6.669815630000000550e-02 3.075465209999999911e-04
-6.654783340000000602e-02 3.085814239999999783e-04
-6.639154999999999363e-02 3.015533730000000048e-04
-6.623739750000000315e-02 2.977403930000000073e-04
-6.609032300000000637e-02 3.000667780000000184e-04
-6.594385210000000552e-02 3.005411999999999949e-04
-6.580292429999999582e-02 3.099835010000000072e-04
-6.566221269999999999e-02 3.132529960000000066e-04
-6.550905109999999310e-02 3.015513939999999978e-04
-6.534833460000000205e-02 3.014640819999999831e-04
-6.519042699999999524e-02 3.059250590000000040e-04
-6.503631170000000183e-02 3.056713610000000021e-04
-6.488215919999999748e-02 3.060700550000000262e-04
-6.473167239999999545e-02 3.040156730000000032e-04
-6.458521629999999791e-02 3.038858120000000030e-04
-6.443414840000000199e-02 3.066139760000000168e-04
-6.427814069999999991e-02 3.059474109999999738e-04
-6.412264700000000484e-02 3.049796509999999823e-04
-6.396771969999999474e-02 3.032433450000000005e-04
-6.381291899999999573e-02 3.029556249999999849e-04
-6.366158280000000502e-02 3.079132000000000050e-04
-6.351307779999999792e-02 3.080028399999999874e-04
-6.336410339999999641e-02 3.086336949999999853e-04
-6.321566550000000395e-02 3.085320929999999873e-04
-6.306375559999999325e-02 3.012948440000000078e-04
-6.290552019999999522e-02 3.024897890000000154e-04
-6.274530289999999400e-02 3.024839390000000263e-04
-6.258757410000000132e-02 3.005697800000000156e-04
-6.243516129999999997e-02 3.041292370000000167e-04
-6.228563189999999916e-02 3.040952140000000069e-04
-6.213543559999999688e-02 3.040448940000000104e-04
-6.198341400000000057e-02 3.051232200000000144e-04
-6.183159349999999693e-02 3.073146799999999855e-04
-6.168004869999999668e-02 3.079397139999999868e-04
-6.152437250000000052e-02 3.027758209999999997e-04
-6.136816739999999964e-02 3.008215569999999955e-04
-6.121645120000000079e-02 3.028851640000000201e-04
-6.106600909999999882e-02 3.032771640000000123e-04
-6.092030560000000206e-02 3.122350319999999887e-04
-6.077840550000000036e-02 3.131893169999999931e-04
-6.062820549999999725e-02 3.031948290000000055e-04
-6.047084560000000331e-02 3.038850849999999806e-04
-6.031243499999999758e-02 3.028871720000000196e-04
-6.015608459999999963e-02 3.012911770000000237e-04
-6.000556049999999919e-02 3.065965430000000156e-04
-5.985874310000000031e-02 3.058675500000000019e-04
-5.970801409999999809e-02 2.973271180000000243e-04
-5.954829980000000272e-02 3.000433210000000186e-04
-5.938532579999999950e-02 3.021523300000000128e-04
-5.922610309999999656e-02 3.006642799999999856e-04
-5.907109750000000270e-02 3.046813650000000108e-04
-5.892148989999999864e-02 3.028889480000000246e-04
-5.877123769999999942e-02 2.956768440000000220e-04
-5.861406029999999961e-02 2.972442599999999932e-04
-5.845629799999999682e-02 3.006274640000000230e-04
-5.829910559999999797e-02 3.010881189999999865e-04
-5.814217780000000002e-02 3.028240170000000265e-04
-5.798607320000000176e-02 3.033640389999999842e-04
-5.783137680000000058e-02 3.083654740000000096e-04
-5.768324429999999864e-02 3.062256729999999973e-04
-5.753600219999999849e-02 3.006045010000000010e-04
-5.738700179999999679e-02 2.996383700000000054e-04
-5.723714080000000259e-02 2.955207890000000081e-04
-5.708037319999999942e-02 2.977780530000000126e-04
-5.692317709999999975e-02 3.033474199999999831e-04
-5.676921459999999947e-02 3.038214050000000253e-04
-5.661473420000000256e-02 3.042740279999999907e-04
-5.646304039999999747e-02 3.027672060000000001e-04
-5.631336569999999958e-02 3.030891820000000160e-04
-5.616411570000000297e-02 3.029480289999999794e-04
-5.601501090000000210e-02 3.016575360000000152e-04
-5.586658049999999875e-02 3.007883790000000245e-04
-5.571625379999999711e-02 2.952098149999999948e-04
-5.555783210000000277e-02 2.976504909999999875e-04
-5.540104209999999890e-02 3.071386020000000197e-04
-5.525061120000000076e-02 3.071517859999999770e-04
-5.509765820000000341e-02 3.041510349999999776e-04
-5.494623259999999870e-02 3.021505839999999964e-04
-5.479671059999999955e-02 2.986162730000000223e-04
-5.464344470000000176e-02 2.995949759999999812e-04
-5.448822679999999752e-02 2.990504140000000040e-04
-5.433155600000000307e-02 2.993111559999999944e-04
-5.417664350000000323e-02 3.029663060000000233e-04
-5.402462179999999864e-02 3.029538199999999874e-04
-5.387471239999999661e-02 3.064186889999999906e-04
-5.372746660000000257e-02 3.060725280000000108e-04
-5.357938999999999757e-02 3.048876239999999968e-04
-5.342680219999999813e-02 3.071668319999999752e-04
-5.326957999999999693e-02 3.046187920000000232e-04
-5.311423910000000193e-02 3.025714539999999888e-04
-5.296179649999999822e-02 3.017188570000000182e-04
-5.281058329999999829e-02 3.002623560000000202e-04
-5.266190319999999869e-02 3.004392489999999820e-04
-5.251310389999999662e-02 3.009827630000000268e-04
-5.236116799999999960e-02 2.983973249999999984e-04
-5.220538009999999701e-02 2.997818520000000058e-04
-5.204918239999999779e-02 3.018028510000000096e-04
-5.189619589999999727e-02 3.005974580000000083e-04
-5.174612249999999830e-02 3.021088490000000109e-04
-5.159397420000000345e-02 3.034831019999999799e-04
-5.144248900000000096e-02 3.083835759999999939e-04
-5.129389840000000284e-02 3.088311930000000130e-04
-5.114137750000000149e-02 3.035558329999999815e-04
-5.098639800000000222e-02 3.031269589999999875e-04
-5.082997310000000185e-02 3.006651239999999742e-04
-5.067278819999999906e-02 3.002389280000000130e-04
-5.051925029999999872e-02 3.039844739999999850e-04
-5.036691199999999979e-02 3.046088100000000107e-04
-5.021481220000000023e-02 3.067344370000000099e-04
-5.006502570000000152e-02 3.056946149999999998e-04
-4.991278049999999661e-02 2.987183110000000128e-04
-4.975363979999999908e-02 3.007478079999999958e-04
-4.959210010000000141e-02 3.035232370000000160e-04
-4.943359640000000166e-02 3.027128400000000160e-04
-4.927894099999999972e-02 3.057181599999999732e-04
-4.912631209999999971e-02 3.055821290000000157e-04
-4.897464440000000307e-02 3.068164220000000057e-04
-4.881961640000000158e-02 3.088589289999999908e-04
-4.865955190000000041e-02 3.061485189999999966e-04
-4.849912230000000268e-02 3.058058789999999879e-04
-4.833887139999999694e-02 3.051568059999999814e-04
-4.818058010000000196e-02 3.037500429999999744e-04
-4.802662130000000251e-02 3.082043550000000101e-04
-4.787322509999999975e-02 3.094737769999999816e-04
-4.771717639999999844e-02 3.074101410000000187e-04
-4.755940289999999876e-02 3.077045260000000194e-04
-4.739949849999999798e-02 3.049665829999999951e-04
-4.723670330000000195e-02 3.052946699999999872e-04
-4.707657550000000218e-02 3.106630470000000055e-04
-4.692245269999999885e-02 3.094119890000000014e-04
-4.677157099999999790e-02 3.125054349999999734e-04
-4.661634559999999761e-02 3.162256330000000207e-04
-4.645406450000000298e-02 3.136059090000000034e-04
-4.629233480000000123e-02 3.123293860000000001e-04
-4.613135010000000286e-02 3.100235770000000081e-04
-4.596695680000000006e-02 3.108097300000000089e-04
-4.580409450000000326e-02 3.155520239999999891e-04
-4.564400390000000057e-02 3.160191119999999974e-04
-4.548290740000000137e-02 3.156416349999999790e-04
-4.532272739999999855e-02 3.149556289999999896e-04
-4.516100139999999763e-02 3.116487059999999793e-04
-4.499270019999999926e-02 3.144116490000000179e-04
-4.482520739999999726e-02 3.222360390000000028e-04
-4.466082899999999911e-02 3.231805459999999926e-04
-4.449533299999999802e-02 3.239343059999999757e-04
-4.432662579999999825e-02 3.256849890000000267e-04
-4.415803399999999879e-02 3.307428850000000134e-04
-4.399176689999999973e-02 3.316137589999999737e-04
-4.382544759999999762e-02 3.339404070000000181e-04
-4.365507510000000285e-02 3.372092029999999917e-04
-4.347685350000000254e-02 3.344847649999999973e-04
-4.329794649999999662e-02 3.339280080000000140e-04
-4.312464590000000125e-02 3.404580060000000018e-04
-4.295317459999999782e-02 3.417108380000000189e-04
-4.277967290000000283e-02 3.418019039999999954e-04
-4.260264710000000177e-02 3.434793620000000129e-04
-4.242479059999999802e-02 3.467628850000000124e-04
-4.224450140000000214e-02 3.498697189999999940e-04
-4.205888509999999858e-02 3.509518280000000065e-04
-4.187233370000000010e-02 3.519210439999999806e-04
-4.168849439999999795e-02 3.578038300000000067e-04
-4.150906210000000068e-02 3.572750429999999879e-04
-4.133024069999999967e-02 3.568332470000000196e-04
-4.114305969999999812e-02 3.611989670000000053e-04
-4.094991089999999723e-02 3.633949669999999958e-04
-4.075737670000000035e-02 3.643012900000000141e-04
-4.056356850000000097e-02 3.646903209999999979e-04
-4.036488010000000015e-02 3.677519560000000118e-04
-4.016659780000000207e-02 3.783277060000000231e-04
-3.997395930000000042e-02 3.787679890000000197e-04
-3.977975250000000129e-02 3.759331299999999756e-04
-3.957686199999999738e-02 3.801317650000000025e-04
-3.936793279999999812e-02 3.817090760000000087e-04
-3.916076940000000339e-02 3.806836610000000022e-04
-3.895516689999999754e-02 3.804908770000000034e-04
-3.875039520000000265e-02 3.804331939999999919e-04
-3.854656220000000216e-02 3.832592629999999768e-04
-3.833808749999999960e-02 3.870866199999999893e-04
-3.813088309999999870e-02 3.983716599999999764e-04
-3.793989119999999909e-02 3.926886130000000223e-04
-3.774925690000000000e-02 3.774972279999999777e-04
-3.754678000000000182e-02 3.786189769999999985e-04
-3.734200079999999700e-02 3.779427210000000270e-04
-3.713348140000000130e-02 3.804455630000000074e-04
-3.692686929999999812e-02 3.905455229999999791e-04
-3.671713919999999853e-02 3.960557809999999982e-04
-3.649706020000000051e-02 3.956015860000000259e-04
-3.628499429999999804e-02 3.906493369999999746e-04
-3.608130290000000073e-02 3.893355900000000126e-04
-3.587444499999999786e-02 3.907663049999999931e-04
-3.566288950000000291e-02 3.868986679999999816e-04
-3.545308860000000173e-02 3.839202110000000212e-04
-3.524971009999999794e-02 3.864029420000000218e-04
-3.504760190000000275e-02 3.870528310000000203e-04
-3.484088550000000173e-02 3.826188039999999738e-04
-3.463180739999999896e-02 3.824549789999999992e-04
-3.442354870000000067e-02 3.818834080000000123e-04
-3.421408310000000064e-02 3.824051820000000271e-04
-3.400428970000000245e-02 3.833101069999999937e-04
-3.379615019999999970e-02 3.821097489999999855e-04
-3.359035030000000199e-02 3.827378099999999804e-04
-3.338806700000000044e-02 3.813734509999999961e-04
-3.318592530000000207e-02 3.778354149999999987e-04
-3.298251330000000203e-02 3.773217610000000099e-04
-3.277773040000000332e-02 3.750174359999999970e-04
-3.257203100000000129e-02 3.747593439999999886e-04
-3.236907719999999877e-02 3.771698100000000229e-04
-3.217092530000000006e-02 3.751517509999999808e-04
-3.197251260000000261e-02 3.691158200000000224e-04
-3.177608180000000143e-02 3.652492599999999901e-04
-3.158203140000000186e-02 3.585501689999999898e-04
-3.138610349999999827e-02 3.577494940000000112e-04
-3.119088899999999942e-02 3.580367769999999840e-04
-3.099839949999999913e-02 3.565215159999999953e-04
-3.080528789999999878e-02 3.498830189999999757e-04
-3.061698750000000149e-02 3.445996549999999969e-04
-3.043520640000000124e-02 3.408076300000000220e-04
-3.025571629999999901e-02 3.376011739999999913e-04
-3.007921759999999944e-02 3.337346130000000172e-04
-2.990102019999999958e-02 3.338145620000000169e-04
-2.972253780000000054e-02 3.335641519999999957e-04
-2.954490480000000058e-02 3.329643220000000066e-04
-2.936622690000000035e-02 3.307915760000000138e-04
-2.918862740000000011e-02 3.293733750000000116e-04
-2.901449429999999885e-02 3.299353409999999974e-04
-2.883958260000000010e-02 3.306042929999999892e-04
-2.866425179999999850e-02 3.317591619999999959e-04
-2.848619219999999966e-02 3.333500640000000136e-04
-2.830469050000000014e-02 3.320803520000000083e-04
-2.812404370000000028e-02 3.315576760000000199e-04
-2.794465050000000117e-02 3.334319629999999736e-04
-2.776714229999999867e-02 3.329914759999999790e-04
-2.759159920000000057e-02 3.337626990000000060e-04
-2.741484159999999989e-02 3.347706810000000113e-04
-2.723665910000000120e-02 3.351892229999999819e-04
-2.705603089999999988e-02 3.368096659999999750e-04
-2.687640859999999854e-02 3.429928330000000039e-04
-2.670052830000000169e-02 3.425000759999999984e-04
-2.651874909999999905e-02 3.313577040000000116e-04
-2.634176430000000069e-02 3.249271830000000018e-04
-2.617227659999999886e-02 3.207424310000000123e-04
-2.600464779999999906e-02 3.181236969999999965e-04
-2.584097529999999920e-02 3.162189969999999739e-04
-2.567553519999999853e-02 3.165963860000000187e-04
-2.550687639999999964e-02 3.122676280000000085e-04
-2.533929799999999968e-02 3.096305009999999786e-04
-2.517597189999999999e-02 3.094345159999999768e-04
-2.501438740000000091e-02 3.087359950000000131e-04
-2.485403790000000057e-02 3.088476949999999937e-04
-2.469474639999999846e-02 3.082548210000000195e-04
-2.453406340000000019e-02 3.054422560000000144e-04
-2.437407340000000144e-02 3.040183219999999893e-04
-2.421506489999999956e-02 3.005208269999999778e-04
-2.405524070000000098e-02 2.997507110000000269e-04
-2.389670719999999887e-02 2.997642729999999917e-04
-2.374002149999999978e-02 2.982474979999999811e-04
-2.358571439999999908e-02 2.980244459999999845e-04
-2.343237769999999970e-02 2.977665860000000249e-04
-2.327843939999999986e-02 2.971699869999999731e-04
-2.312485690000000080e-02 2.967487089999999847e-04
-2.296974879999999844e-02 2.918967219999999731e-04
-2.281308359999999896e-02 2.910861510000000178e-04
-2.265913040000000142e-02 2.933629439999999966e-04
-2.250779979999999875e-02 2.922059790000000167e-04
-2.235745269999999882e-02 2.906590229999999860e-04
-2.220852670000000167e-02 2.896463559999999985e-04
-2.205974980000000030e-02 2.870885950000000211e-04
-2.191002109999999961e-02 2.867355360000000113e-04
-2.175926229999999850e-02 2.851085739999999918e-04
-2.160765419999999964e-02 2.850412569999999867e-04
-2.145741690000000160e-02 2.860430099999999995e-04
-2.130948569999999848e-02 2.850168680000000248e-04
-2.116554420000000061e-02 2.888302259999999755e-04
-2.102189510000000011e-02 2.896331719999999869e-04
-2.087365840000000167e-02 2.842358659999999872e-04
-2.072383280000000133e-02 2.836339700000000135e-04
-2.057432940000000071e-02 2.835592600000000048e-04
-2.042400089999999932e-02 2.840376689999999879e-04
-2.027496700000000138e-02 2.864384439999999852e-04
-2.012888339999999859e-02 2.855302299999999877e-04
-1.998318730000000001e-02 2.836584460000000072e-04
-1.983439180000000010e-02 2.844545519999999738e-04
-1.968461830000000148e-02 2.850557209999999794e-04
-1.953371240000000009e-02 2.863332049999999917e-04
-1.938197579999999948e-02 2.884902929999999923e-04
-1.923100839999999923e-02 2.888072340000000151e-04
-1.908021790000000162e-02 2.910733160000000212e-04
-1.892960999999999949e-02 2.917904639999999855e-04
-1.877860909999999953e-02 2.920191619999999732e-04
-1.862660049999999984e-02 2.927083700000000159e-04
-1.847635580000000013e-02 2.975699900000000251e-04
-1.832428950000000029e-02 3.000009749999999809e-04
-1.816683449999999950e-02 2.977850670000000127e-04
-1.801054549999999907e-02 2.966910830000000165e-04
-1.785534620000000031e-02 2.965759489999999880e-04
-1.770045240000000034e-02 2.963592410000000124e-04
-1.754760740000000166e-02 2.980430729999999852e-04
-1.739289980000000013e-02 2.997702100000000126e-04
-1.723525299999999899e-02 2.996617109999999808e-04
-1.707632840000000013e-02 2.999750430000000046e-04
-1.691737030000000155e-02 3.008164640000000173e-04
-1.675917580000000143e-02 3.010652729999999848e-04
-1.660201879999999991e-02 3.034747210000000210e-04
-1.644578949999999859e-02 3.037881690000000150e-04
-1.628889700000000010e-02 3.046994679999999911e-04
-1.612960730000000120e-02 3.064759949999999906e-04
-1.596820170000000025e-02 3.067182260000000048e-04
-1.580620179999999916e-02 3.071632820000000114e-04
-1.564360219999999871e-02 3.073977130000000221e-04
-1.547998930000000009e-02 3.076643329999999982e-04
-1.531763560000000066e-02 3.105271030000000257e-04
-1.515939089999999989e-02 3.095123390000000148e-04
-1.500076059999999947e-02 3.072096439999999940e-04
-1.483978889999999946e-02 3.077910219999999879e-04
-1.467785240000000005e-02 3.066167700000000198e-04
-1.451578740000000062e-02 3.062707549999999987e-04
-1.435360959999999915e-02 3.051198150000000134e-04
-1.419172439999999945e-02 3.041080490000000035e-04
-1.403248399999999958e-02 3.057314320000000126e-04
-1.387427280000000027e-02 3.061102180000000047e-04
-1.371566670000000029e-02 3.065050989999999775e-04
-1.355870070000000059e-02 3.056654529999999737e-04
-1.339957399999999917e-02 3.008705390000000258e-04
-1.323943770000000041e-02 2.997551350000000219e-04
-1.308112309999999966e-02 2.985344039999999967e-04
-1.292458359999999924e-02 2.970276689999999838e-04
-1.276997659999999993e-02 2.960685229999999958e-04
-1.261785439999999966e-02 2.938274699999999964e-04
-1.246769539999999926e-02 2.909025640000000240e-04
-1.231850030000000012e-02 2.896681840000000022e-04
-1.216695180000000077e-02 2.833890319999999739e-04
-1.201293709999999917e-02 2.826142009999999980e-04
-1.186133269999999941e-02 2.833834730000000146e-04
-1.171225499999999954e-02 2.821411469999999763e-04
-1.156498960000000055e-02 2.817167840000000091e-04
-1.141997709999999916e-02 2.802100209999999997e-04
-1.127600020000000050e-02 2.777549669999999958e-04
-1.113088800000000024e-02 2.771712609999999800e-04
-1.098498139999999970e-02 2.742586949999999764e-04
-1.083948279999999952e-02 2.733377620000000067e-04
-1.069444789999999916e-02 2.725706729999999951e-04
-1.055186519999999975e-02 2.708295650000000108e-04
-1.041253940000000031e-02 2.703781069999999982e-04
-1.027521399999999953e-02 2.690122349999999880e-04
-1.013738200000000034e-02 2.643714829999999744e-04
-9.999180209999999902e-03 2.625624469999999870e-04
-9.861703960000000810e-03 2.587859339999999913e-04
-9.723990219999999185e-03 2.579205899999999978e-04
-9.586910719999999428e-03 2.565743339999999937e-04
-9.453339499999999576e-03 2.539867130000000145e-04
-9.322031399999999857e-03 2.515118689999999951e-04
-9.191320279999999968e-03 2.502655840000000010e-04
-9.061561900000000835e-03 2.474268840000000175e-04
-8.932675229999999245e-03 2.458803649999999753e-04
-8.804417219999999267e-03 2.426328140000000039e-04
-8.675430899999999473e-03 2.415667399999999951e-04
-8.547514679999999865e-03 2.404207769999999907e-04
-8.422736079999999792e-03 2.384531250000000041e-04
-8.299381470000000496e-03 2.362449599999999960e-04
-8.177988230000000566e-03 2.342736549999999964e-04
-8.058146570000000730e-03 2.304796800000000071e-04
-7.937124929999999148e-03 2.298232720000000092e-04
-7.816611790000000531e-03 2.288486139999999878e-04
-7.697478399999999922e-03 2.273554419999999898e-04
-7.578719410000000350e-03 2.238624580000000053e-04
-7.461793720000000144e-03 2.218113950000000017e-04
-7.347851990000000243e-03 2.210814420000000021e-04
-7.235121909999999573e-03 2.200923919999999985e-04
-7.123051679999999920e-03 2.192696270000000060e-04
-7.011833139999999742e-03 2.184630140000000105e-04
-6.900061390000000044e-03 2.144617030000000018e-04
-6.788123400000000210e-03 2.131209909999999899e-04
-6.677852009999999706e-03 2.121792789999999991e-04
-6.569075859999999774e-03 2.106533210000000088e-04
-6.461966320000000000e-03 2.092081410000000126e-04
-6.356269589999999706e-03 2.081259739999999879e-04
-6.250737699999999938e-03 2.061724520000000004e-04
-6.145604889999999737e-03 2.052292839999999999e-04
-6.040818059999999642e-03 2.023983250000000117e-04
-5.936760919999999921e-03 2.009404119999999908e-04
-5.833806000000000408e-03 1.987314610000000064e-04
-5.731682289999999805e-03 1.971673630000000043e-04
-5.631239149999999957e-03 1.956420460000000007e-04
-5.532115699999999581e-03 1.945689000000000066e-04
-5.433898420000000430e-03 1.930993599999999868e-04
-5.335916769999999969e-03 1.924279500000000047e-04
-5.237019160000000104e-03 1.897550829999999954e-04
-5.138855430000000349e-03 1.883530790000000001e-04
-5.042484960000000356e-03 1.867234819999999927e-04
-4.947143139999999641e-03 1.855187869999999942e-04
-4.853203430000000394e-03 1.845150689999999999e-04
-4.759854640000000039e-03 1.835485889999999894e-04
-4.667000380000000358e-03 1.816996370000000124e-04
-4.575029950000000095e-03 1.807522930000000016e-04
-4.482899329999999807e-03 1.785282370000000108e-04
-4.390894440000000197e-03 1.776524879999999873e-04
-4.299999680000000414e-03 1.763891200000000030e-04
-4.210079549999999789e-03 1.753483520000000053e-04
-4.121401809999999596e-03 1.745326010000000129e-04
-4.033458880000000135e-03 1.735612309999999992e-04
-3.945989530000000058e-03 1.716626579999999973e-04
-3.859335560000000127e-03 1.707250630000000085e-04
-3.773186359999999850e-03 1.689646890000000019e-04
-3.686743560000000069e-03 1.685052700000000056e-04
-3.600313559999999882e-03 1.678819240000000085e-04
-3.515346669999999847e-03 1.667799370000000068e-04
-3.431742079999999893e-03 1.653518559999999911e-04
-3.348809199999999969e-03 1.644338630000000102e-04
-3.266419280000000189e-03 1.627907040000000109e-04
-3.183368130000000136e-03 1.623745920000000070e-04
-3.100486239999999862e-03 1.615102960000000000e-04
-3.018814600000000077e-03 1.606936280000000126e-04
-2.937343670000000170e-03 1.593605850000000127e-04
-2.857048300000000155e-03 1.581742249999999891e-04
-2.778353869999999892e-03 1.569437879999999869e-04
-2.699413569999999790e-03 1.566487190000000087e-04
-2.620341019999999910e-03 1.556081840000000016e-04
-2.541448219999999959e-03 1.549141600000000123e-04
-2.462836219999999920e-03 1.534643090000000051e-04
-2.384803259999999838e-03 1.528047140000000025e-04
-2.307500220000000078e-03 1.521883969999999998e-04
-2.230999989999999950e-03 1.514850159999999943e-04
-2.154823389999999898e-03 1.506388509999999912e-04
-2.079106399999999973e-03 1.500576620000000009e-04
-2.003933539999999854e-03 1.487787809999999871e-04
-1.928816430000000097e-03 1.482849040000000116e-04
-1.854084549999999955e-03 1.475563329999999922e-04
-1.779736600000000066e-03 1.468632250000000020e-04
-1.705765840000000042e-03 1.455739979999999935e-04
-1.632447119999999932e-03 1.449178819999999944e-04
-1.559869850000000042e-03 1.443304349999999920e-04
-1.487749750000000055e-03 1.438446050000000088e-04
-1.415528710000000081e-03 1.428670800000000050e-04
-1.343693929999999941e-03 1.422822819999999887e-04
-1.272605380000000003e-03 1.413599379999999921e-04
-1.201700069999999928e-03 1.409176910000000098e-04
-1.130906170000000070e-03 1.398752210000000096e-04
-1.060460339999999991e-03 1.391014379999999933e-04
-9.908893839999999894e-04 1.384151689999999976e-04
-9.220064380000000471e-04 1.379446180000000032e-04
-8.529610930000000157e-04 1.368850349999999971e-04
-7.842347839999999843e-04 1.363108169999999891e-04
-7.161292599999999646e-04 1.352315160000000049e-04
-6.485771739999999629e-04 1.345102359999999901e-04
-5.815878980000000441e-04 1.334464470000000123e-04
-5.148932690000000006e-04 1.327061910000000089e-04
-4.486720429999999939e-04 1.314443649999999888e-04
-3.834800150000000022e-04 1.305533220000000094e-04
-3.187532420000000247e-04 1.288565109999999919e-04
-2.549663189999999973e-04 1.276812110000000102e-04
-1.915089230000000084e-04 1.254410449999999902e-04
-1.294241369999999942e-04 1.238209219999999923e-04
-6.845324240000000521e-05 1.206485250000000037e-04
-6.114356439999999811e-06 1.203475109999999960e-04
5.482057899999999743e-05 1.218046240000000016e-04
1.169912790000000017e-04 1.229213670000000084e-04
1.791619719999999933e-04 1.259752749999999981e-04
2.416077329999999910e-04 1.274079840000000069e-04
3.056987770000000118e-04 1.291351950000000097e-04
3.702922549999999955e-04 1.300606819999999971e-04
4.353731350000000235e-04 1.313319660000000094e-04
5.010121389999999935e-04 1.321251909999999953e-04
5.672475670000000098e-04 1.333325200000000127e-04
6.341605329999999707e-04 1.339911690000000007e-04
7.015156440000000233e-04 1.350788810000000135e-04
7.689496269999999880e-04 1.357003199999999869e-04
8.371145809999999774e-04 1.367249349999999917e-04
9.054942060000000046e-04 1.372238329999999891e-04
9.738993829999999545e-04 1.380513280000000007e-04
1.042931109999999974e-03 1.387259400000000089e-04
1.112525469999999916e-03 1.396600130000000034e-04
1.182602600000000033e-03 1.400949989999999968e-04
1.252954830000000070e-03 1.408415410000000089e-04
1.323135220000000011e-03 1.411981360000000112e-04
1.393264510000000091e-03 1.422710479999999915e-04
1.463661900000000089e-03 1.428187970000000006e-04
1.535006100000000035e-03 1.433054570000000011e-04
1.607301640000000044e-03 1.440527849999999896e-04
1.679830489999999989e-03 1.451980930000000092e-04
1.752730689999999932e-03 1.456345490000000105e-04
1.825698070000000102e-03 1.467301480000000045e-04
1.898478720000000043e-03 1.472111619999999868e-04
1.971608489999999905e-03 1.479643249999999972e-04
2.045222330000000168e-03 1.485259850000000131e-04
2.119586799999999965e-03 1.493999879999999931e-04
2.194577599999999844e-03 1.500919319999999995e-04
2.269972350000000211e-03 1.507760169999999942e-04
2.345746619999999807e-03 1.512504100000000053e-04
2.421418670000000193e-03 1.527387359999999867e-04
2.497543349999999975e-03 1.533372849999999987e-04
2.573976530000000006e-03 1.544785190000000071e-04
2.650757789999999992e-03 1.553071049999999961e-04
2.728977940000000199e-03 1.558014769999999994e-04
2.807744550000000009e-03 1.563089029999999917e-04
2.886253410000000179e-03 1.575588540000000010e-04
2.965443529999999949e-03 1.584183480000000055e-04
3.044952640000000120e-03 1.602729320000000025e-04
3.124899229999999941e-03 1.609837049999999885e-04
3.205272830000000048e-03 1.622389250000000045e-04
3.285602429999999897e-03 1.628839960000000103e-04
3.366253339999999983e-03 1.641379790000000089e-04
3.447686320000000176e-03 1.650589979999999874e-04
3.530914200000000083e-03 1.652531940000000091e-04
3.614961170000000057e-03 1.658164260000000048e-04
3.698358550000000085e-03 1.678396069999999905e-04
3.782016919999999817e-03 1.684949089999999896e-04
3.865727460000000122e-03 1.702186269999999906e-04
3.949774429999999663e-03 1.712710360000000126e-04
4.034847490000000036e-03 1.724845640000000069e-04
4.120974799999999744e-03 1.735543479999999907e-04
4.208854399999999857e-03 1.742661990000000060e-04
4.296894189999999995e-03 1.746204359999999978e-04
4.383927680000000021e-03 1.766242349999999910e-04
4.471241029999999811e-03 1.775137350000000102e-04
4.559019580000000377e-03 1.792074619999999908e-04
4.648060540000000310e-03 1.803299089999999872e-04
4.738388120000000016e-03 1.812947300000000131e-04
4.829938060000000394e-03 1.826196239999999945e-04
4.922733640000000362e-03 1.849201799999999972e-04
5.015336440000000423e-03 1.856359590000000108e-04
5.108274050000000122e-03 1.863684879999999899e-04
5.201355090000000028e-03 1.867187090000000098e-04
5.293505730000000117e-03 1.892457510000000026e-04
5.387092470000000299e-03 1.907586410000000057e-04
5.483264570000000171e-03 1.906459070000000096e-04
5.580688829999999601e-03 1.916142210000000101e-04
5.678269550000000082e-03 1.940374199999999878e-04
5.776598580000000260e-03 1.953602329999999903e-04
5.875693629999999626e-03 1.985049599999999948e-04
5.974115799999999733e-03 1.992363540000000098e-04
6.073253689999999656e-03 1.993254989999999915e-04
6.174848880000000095e-03 2.005592100000000032e-04
6.276668049999999804e-03 2.036048540000000003e-04
6.378913299999999613e-03 2.052300410000000108e-04
6.483294540000000133e-03 2.061873820000000013e-04
6.588591260000000241e-03 2.070812919999999902e-04
6.694701499999999687e-03 2.089947520000000022e-04
6.801824550000000122e-03 2.102970899999999886e-04
6.908239800000000319e-03 2.143046880000000021e-04
7.014022669999999890e-03 2.153671960000000027e-04
7.121882399999999655e-03 2.148497730000000037e-04
7.233540989999999622e-03 2.166472990000000126e-04
7.346342320000000085e-03 2.197345169999999879e-04
7.458921989999999815e-03 2.210072850000000064e-04
7.572062309999999692e-03 2.244508070000000085e-04
7.684374229999999840e-03 2.251980479999999923e-04
7.796192080000000080e-03 2.272522399999999884e-04
7.910443470000000366e-03 2.294553999999999919e-04
8.027027359999999376e-03 2.316801259999999888e-04
8.145661090000000729e-03 2.333911830000000027e-04
8.266370740000000827e-03 2.346835240000000094e-04
8.387525570000000166e-03 2.357310729999999895e-04
8.508438239999999153e-03 2.399404620000000071e-04
8.628899230000000586e-03 2.411905300000000097e-04
8.749645199999999540e-03 2.432815239999999973e-04
8.872627279999999866e-03 2.453786440000000095e-04
8.997874330000000739e-03 2.474212089999999796e-04
9.125676940000000681e-03 2.493485809999999945e-04
9.255192239999999668e-03 2.518483959999999813e-04
9.385094979999999629e-03 2.533185760000000188e-04
9.514641949999999571e-03 2.579839199999999963e-04
9.642419410000000260e-03 2.586074410000000260e-04
9.771657180000000581e-03 2.588877109999999948e-04
9.904825129999999395e-03 2.613519610000000076e-04
1.003958559999999951e-02 2.645572529999999731e-04
1.017526160000000075e-02 2.662609330000000009e-04
1.031233370000000059e-02 2.686600780000000062e-04
1.045064910000000069e-02 2.698987959999999873e-04
1.058877450000000019e-02 2.736529570000000131e-04
1.072710850000000056e-02 2.754971209999999859e-04
1.086700709999999931e-02 2.790624279999999761e-04
1.100783890000000056e-02 2.809118889999999793e-04
1.115047000000000087e-02 2.819912920000000166e-04
1.129447480000000080e-02 2.832052119999999896e-04
1.144013649999999979e-02 2.838078940000000210e-04
1.158756860000000055e-02 2.846955609999999920e-04
1.173350769999999960e-02 2.896456570000000268e-04
1.187778259999999926e-02 2.908183089999999914e-04
1.202321609999999937e-02 2.932517090000000010e-04
1.217099559999999976e-02 2.955398230000000088e-04
1.232217350000000024e-02 2.951153730000000098e-04
1.247467849999999920e-02 2.957599940000000247e-04
1.262681000000000046e-02 2.981727009999999949e-04
1.277952270000000043e-02 2.989790230000000147e-04
1.293136180000000086e-02 3.026687480000000161e-04
1.308178620000000070e-02 3.035563859999999945e-04
1.323313360000000043e-02 3.044829059999999742e-04
1.338571310000000007e-02 3.055554990000000095e-04
1.354202070000000077e-02 3.034759430000000171e-04
1.370074970000000059e-02 3.041864549999999888e-04
1.385801289999999929e-02 3.074480050000000220e-04
1.401521919999999984e-02 3.081652690000000108e-04
1.417247670000000050e-02 3.100768370000000205e-04
1.432876100000000062e-02 3.106009679999999955e-04
1.448583510000000033e-02 3.107434899999999829e-04
1.464468430000000036e-02 3.118584280000000057e-04
1.480561220000000018e-02 3.126685920000000151e-04
1.496832170000000038e-02 3.140376940000000209e-04
1.513109359999999931e-02 3.165433300000000043e-04
1.529316510000000053e-02 3.170247069999999998e-04
1.545535120000000005e-02 3.181720089999999935e-04
1.561929939999999982e-02 3.192049039999999812e-04
1.578303049999999971e-02 3.224390090000000121e-04
1.594398539999999920e-02 3.223743409999999931e-04
1.610771940000000138e-02 3.187739640000000025e-04
1.627401820000000041e-02 3.190210550000000043e-04
1.643893869999999910e-02 3.207922849999999735e-04
1.660174320000000134e-02 3.201581130000000024e-04
1.676392369999999896e-02 3.194391319999999898e-04
1.692583970000000049e-02 3.185868259999999948e-04
1.708746330000000119e-02 3.167219689999999825e-04
1.725029200000000040e-02 3.172029970000000173e-04
1.741350259999999844e-02 3.179041089999999820e-04
1.757594939999999883e-02 3.177004400000000011e-04
1.774103750000000090e-02 3.139206089999999820e-04
1.790591520000000061e-02 3.124389040000000260e-04
1.806590890000000019e-02 3.152721039999999771e-04
1.822394880000000050e-02 3.146886300000000100e-04
1.838294420000000096e-02 3.114880820000000077e-04
1.854276280000000110e-02 3.112545239999999782e-04
1.870388350000000074e-02 3.084460330000000114e-04
1.886525010000000141e-02 3.075799030000000143e-04
1.902565729999999844e-02 3.079225129999999802e-04
1.918309179999999961e-02 3.062660399999999738e-04
1.933775839999999843e-02 3.051091039999999865e-04
1.949302669999999904e-02 3.050546800000000173e-04
1.964780500000000082e-02 3.057232530000000056e-04
1.980471420000000024e-02 3.068238440000000018e-04
1.996500229999999959e-02 3.042729510000000115e-04
2.012241999999999850e-02 3.020471779999999969e-04
2.027787270000000128e-02 3.002610170000000037e-04
2.043312229999999854e-02 2.994990500000000171e-04
2.058541220000000005e-02 3.011753720000000202e-04
2.073539419999999994e-02 3.003912280000000149e-04
2.088621449999999991e-02 2.968138719999999773e-04
2.103878370000000081e-02 2.961717249999999972e-04
2.119218000000000143e-02 2.930380870000000000e-04
2.134557070000000015e-02 2.923054559999999948e-04
2.149725889999999986e-02 2.942046269999999924e-04
2.164591659999999876e-02 2.930734770000000228e-04
2.179158109999999871e-02 2.938079410000000221e-04
2.193686369999999983e-02 2.938435349999999886e-04
2.208457139999999916e-02 2.898960080000000127e-04
2.223414370000000029e-02 2.892002520000000053e-04
2.238392269999999948e-02 2.869525340000000208e-04
2.253456230000000157e-02 2.870491590000000108e-04
2.268250100000000075e-02 2.918012030000000090e-04
2.282719130000000068e-02 2.915704099999999899e-04
2.297277559999999844e-02 2.905427829999999859e-04
2.311827060000000086e-02 2.901183319999999909e-04
2.326340970000000119e-02 2.884303979999999832e-04
2.341089210000000045e-02 2.892312770000000140e-04
2.356011419999999926e-02 2.885530119999999928e-04
2.371111880000000005e-02 2.889822350000000018e-04
2.386108409999999902e-02 2.919195099999999897e-04
2.400612640000000103e-02 2.904208380000000136e-04
2.415042369999999966e-02 2.885939319999999823e-04
2.429701949999999930e-02 2.893152700000000094e-04
2.444351280000000085e-02 2.903947019999999850e-04
2.459404620000000055e-02 2.932132050000000071e-04
2.474778890000000134e-02 2.956840329999999733e-04
2.489904130000000076e-02 2.946730530000000211e-04
2.504724640000000058e-02 2.969465860000000158e-04
2.519317340000000113e-02 2.968013000000000140e-04
2.534042670000000164e-02 2.953087390000000141e-04
2.549181879999999970e-02 2.972568619999999993e-04
2.564533609999999908e-02 2.979990390000000246e-04
2.579913849999999897e-02 2.984385360000000177e-04
2.595200199999999832e-02 3.012330269999999809e-04
2.610547649999999872e-02 3.021931039999999893e-04
2.625926580000000066e-02 3.043366600000000136e-04
2.641103419999999910e-02 3.043088650000000004e-04
2.656203320000000145e-02 3.055107950000000155e-04
2.671439570000000083e-02 3.067620269999999749e-04
2.686999920000000125e-02 3.059978189999999982e-04
2.702796829999999997e-02 3.071469839999999745e-04
2.718632849999999893e-02 3.085209460000000220e-04
2.734408530000000115e-02 3.082295590000000223e-04
2.750110249999999923e-02 3.086599749999999805e-04
2.765748650000000169e-02 3.088525259999999888e-04
2.781256290000000062e-02 3.115569710000000198e-04
2.796957270000000051e-02 3.136916780000000037e-04
2.813069340000000015e-02 3.139578329999999948e-04
2.829278260000000003e-02 3.146407250000000130e-04
2.845500410000000036e-02 3.151213170000000010e-04
2.861901929999999955e-02 3.163728979999999753e-04
2.878197840000000160e-02 3.216130139999999970e-04
2.894227770000000130e-02 3.214629539999999891e-04
2.910246329999999909e-02 3.212335870000000183e-04
2.926643380000000169e-02 3.238555509999999755e-04
2.943646540000000034e-02 3.222574889999999990e-04
2.960840240000000081e-02 3.228356949999999824e-04
2.977876369999999870e-02 3.258316719999999759e-04
2.994878399999999913e-02 3.267051359999999954e-04
3.011714849999999957e-02 3.318987440000000216e-04
3.029661070000000053e-02 3.399605049999999788e-04
3.047776970000000071e-02 3.594829470000000088e-04
3.065460730000000092e-02 3.643904930000000080e-04
3.084479089999999854e-02 3.558360620000000228e-04
3.103634159999999961e-02 3.535692809999999909e-04
3.122306240000000122e-02 3.566433440000000015e-04
3.140606729999999985e-02 3.555314029999999837e-04
3.158901260000000072e-02 3.511846590000000136e-04
3.177274020000000337e-02 3.496120329999999896e-04
3.195373340000000340e-02 3.498387520000000245e-04
3.213842590000000332e-02 3.526109210000000064e-04
3.232704849999999686e-02 3.537724549999999983e-04
3.251794350000000028e-02 3.555554429999999849e-04
3.270959479999999836e-02 3.605913370000000126e-04
3.290031849999999758e-02 3.618665509999999881e-04
3.308716040000000275e-02 3.705057610000000263e-04
3.327940399999999854e-02 3.768627359999999842e-04
3.347645330000000030e-02 3.864922039999999968e-04
3.367866580000000026e-02 3.925156199999999809e-04
3.388936070000000272e-02 3.951150280000000244e-04
3.409785779999999905e-02 3.952596159999999964e-04
3.430761770000000099e-02 3.950302490000000256e-04
3.452282029999999974e-02 3.982330090000000254e-04
3.473451360000000265e-02 4.114669859999999977e-04
3.493905440000000251e-02 4.119316290000000179e-04
3.514887390000000222e-02 4.044048259999999785e-04
3.536276520000000007e-02 4.035839229999999998e-04
3.557706620000000014e-02 4.006718810000000166e-04
3.579507400000000311e-02 4.023832730000000200e-04
3.601351380000000074e-02 4.079250500000000256e-04
3.623200210000000060e-02 4.099744549999999863e-04
3.644774850000000177e-02 4.186756849999999992e-04
3.665909170000000022e-02 4.191598270000000052e-04
3.687525170000000019e-02 4.124605040000000103e-04
3.709666429999999848e-02 4.126337299999999881e-04
3.732015190000000093e-02 4.097245689999999855e-04
3.754167259999999923e-02 4.080506909999999745e-04
3.775878249999999742e-02 4.107358690000000143e-04
3.797237950000000029e-02 4.096000630000000008e-04
3.818615530000000341e-02 4.076749029999999835e-04
3.839806090000000283e-02 4.058659249999999811e-04
3.860806669999999885e-02 4.024435479999999743e-04
3.882798180000000127e-02 4.071701259999999773e-04
3.904966640000000211e-02 4.173480270000000034e-04
3.926798330000000337e-02 4.184085989999999878e-04
3.948829699999999859e-02 4.180567049999999851e-04
3.970098500000000113e-02 4.139242230000000065e-04
3.991388900000000101e-02 4.036060129999999866e-04
4.012766479999999719e-02 4.004116639999999883e-04
4.033689950000000218e-02 3.975512810000000181e-04
4.054766149999999847e-02 3.974375719999999877e-04
4.075840490000000316e-02 3.971468830000000178e-04
4.096679389999999948e-02 3.950816749999999937e-04
4.117265719999999712e-02 3.935937419999999869e-04
4.139285909999999846e-02 4.021791679999999923e-04
4.162615540000000336e-02 4.057251500000000062e-04
4.184430470000000124e-02 3.979400790000000112e-04
4.204972459999999773e-02 3.959808669999999916e-04
4.226870459999999829e-02 4.034289450000000193e-04
4.249759759999999914e-02 4.075625330000000237e-04
4.271553830000000135e-02 4.019117620000000127e-04
4.292579369999999922e-02 3.990942199999999995e-04
4.312774910000000128e-02 3.936479620000000123e-04
4.332459350000000126e-02 3.870410440000000103e-04
4.351936280000000268e-02 3.834146190000000190e-04
4.371426629999999869e-02 3.745393770000000249e-04
4.391273860000000084e-02 3.734876519999999803e-04
4.410814119999999922e-02 3.742492700000000063e-04
4.429879409999999684e-02 3.716693610000000028e-04
4.448716340000000158e-02 3.683245449999999967e-04
4.467420650000000076e-02 3.658266209999999890e-04
4.485883940000000292e-02 3.629307320000000258e-04
4.504255580000000175e-02 3.618352350000000038e-04
4.522783310000000334e-02 3.575491719999999919e-04
4.541525619999999680e-02 3.572978889999999896e-04
4.560140520000000031e-02 3.573463759999999921e-04
4.578347499999999709e-02 3.549094840000000038e-04
4.596181960000000205e-02 3.543649220000000266e-04
4.613719880000000106e-02 3.519112940000000168e-04
4.631135609999999930e-02 3.471469969999999732e-04
4.648610579999999659e-02 3.462613969999999829e-04
4.666403680000000276e-02 3.397858530000000070e-04
4.684465379999999679e-02 3.390717319999999820e-04
4.702125489999999658e-02 3.424901810000000177e-04
4.719480870000000022e-02 3.418916020000000171e-04
4.736647380000000296e-02 3.433934759999999922e-04
4.753666370000000224e-02 3.425853790000000175e-04
4.770857839999999989e-02 3.374835359999999937e-04
4.788015040000000166e-02 3.359028489999999791e-04
4.804977400000000343e-02 3.347528690000000067e-04
4.822003469999999736e-02 3.347181189999999746e-04
4.839160669999999914e-02 3.336911610000000078e-04
4.855908829999999732e-02 3.308656449999999817e-04
4.872416329999999796e-02 3.257611820000000185e-04
4.888949540000000343e-02 3.236367480000000227e-04
4.905106869999999869e-02 3.240068329999999793e-04
4.921316359999999834e-02 3.248924330000000239e-04
4.937873780000000268e-02 3.215754399999999733e-04
4.954564940000000250e-02 3.211820149999999830e-04
4.971306030000000042e-02 3.204623639999999913e-04
4.987614230000000232e-02 3.176080939999999892e-04
5.003296580000000243e-02 3.189026030000000067e-04
5.019126089999999957e-02 3.202553489999999904e-04
5.035261060000000011e-02 3.189201519999999780e-04
5.051688099999999959e-02 3.197578770000000141e-04
5.068326740000000247e-02 3.185823150000000221e-04
5.084597689999999920e-02 3.163884979999999824e-04
5.100697650000000222e-02 3.143277430000000002e-04
5.116772280000000256e-02 3.134353030000000193e-04
5.132486669999999918e-02 3.157723990000000031e-04
5.148055779999999998e-02 3.157409959999999869e-04
5.163652450000000282e-02 3.151925920000000201e-04
5.179528889999999997e-02 3.162443460000000030e-04
5.195789409999999886e-02 3.127852690000000038e-04
5.212167649999999847e-02 3.126726370000000067e-04
5.228367450000000194e-02 3.153231229999999994e-04
5.244241649999999838e-02 3.143298089999999848e-04
5.259835720000000103e-02 3.174328590000000160e-04
5.275209990000000182e-02 3.172303259999999952e-04
5.291034280000000284e-02 3.079671299999999965e-04
5.307493729999999965e-02 3.080243770000000154e-04
5.323750530000000147e-02 3.115841539999999847e-04
5.339658259999999906e-02 3.111906990000000059e-04
5.355544760000000015e-02 3.104509960000000155e-04
5.371397730000000009e-02 3.099845779999999863e-04
5.387081209999999842e-02 3.126894880000000024e-04
5.402496460000000278e-02 3.120535690000000189e-04
5.418113249999999964e-02 3.057378640000000072e-04
5.433853720000000193e-02 3.042079329999999816e-04
5.449603499999999823e-02 2.997972480000000149e-04
5.465720219999999768e-02 2.999945429999999864e-04
5.481565370000000131e-02 3.050842789999999778e-04
5.497215319999999850e-02 3.061547759999999857e-04
5.512817579999999829e-02 3.110898540000000189e-04
5.527951939999999759e-02 3.100613539999999796e-04
5.543207380000000212e-02 3.040131409999999833e-04
5.559007080000000212e-02 3.051070669999999944e-04
5.574932319999999913e-02 3.060469459999999912e-04
5.590982740000000062e-02 3.067155780000000147e-04
5.606790629999999775e-02 3.126193769999999943e-04
5.621961129999999973e-02 3.113424459999999949e-04
5.637115609999999999e-02 3.092311380000000256e-04
5.652307720000000063e-02 3.086897200000000081e-04
5.667483429999999739e-02 3.062944739999999815e-04
5.682940410000000137e-02 3.071225660000000200e-04
5.698730049999999742e-02 3.038629949999999938e-04
5.714787920000000132e-02 3.038793800000000084e-04
5.730712789999999751e-02 3.061595779999999882e-04
5.746273319999999768e-02 3.052093670000000222e-04
5.761479209999999934e-02 3.084666100000000265e-04
5.776559929999999787e-02 3.088941160000000115e-04
5.792187530000000167e-02 3.021280570000000210e-04
5.808502439999999739e-02 3.038211139999999954e-04
5.824685100000000226e-02 3.095727879999999785e-04
5.840545149999999686e-02 3.097067240000000131e-04
5.856265499999999818e-02 3.124198119999999860e-04
5.871595439999999916e-02 3.106324289999999968e-04
5.886549499999999685e-02 3.119232419999999834e-04
5.901826169999999788e-02 3.147475070000000210e-04
5.917761099999999802e-02 3.128249370000000086e-04
5.933472509999999922e-02 3.107911329999999968e-04
5.948984620000000167e-02 3.072738179999999811e-04
5.964845419999999926e-02 3.081033060000000251e-04
5.980565770000000059e-02 3.127543019999999801e-04
5.995984380000000252e-02 3.121895719999999799e-04
6.011245030000000183e-02 3.132327110000000174e-04
6.026358159999999770e-02 3.131492989999999773e-04
6.041755149999999963e-02 3.093678680000000090e-04
6.057706849999999754e-02 3.113345880000000063e-04
6.073871249999999999e-02 3.120710320000000086e-04
6.089726089999999981e-02 3.104755010000000018e-04
6.105107440000000218e-02 3.139501500000000116e-04
6.120280919999999958e-02 3.135289300000000082e-04
6.135283410000000326e-02 3.151892450000000042e-04
6.150288129999999936e-02 3.162326169999999780e-04
6.165807689999999730e-02 3.105771899999999774e-04
6.181639430000000074e-02 3.104054780000000215e-04
6.197680159999999910e-02 3.076043210000000230e-04
6.213654209999999734e-02 3.061988100000000005e-04
6.229026239999999742e-02 3.111676490000000062e-04
6.244267149999999794e-02 3.117445740000000126e-04
6.259433929999999591e-02 3.145580989999999764e-04
6.274640559999999923e-02 3.162382049999999840e-04
6.290528920000000579e-02 3.095811409999999950e-04
6.306739150000000016e-02 3.091084649999999807e-04
6.322782489999999311e-02 3.117388409999999896e-04
6.338653710000000108e-02 3.116623560000000262e-04
6.354139000000000315e-02 3.167260730000000094e-04
6.369237599999999500e-02 3.162293289999999974e-04
6.384372709999999729e-02 3.142507630000000089e-04
6.399890040000000280e-02 3.154099689999999788e-04
6.415963169999999716e-02 3.093785779999999857e-04
6.432207669999999433e-02 3.086584330000000163e-04
6.448286030000000002e-02 3.105892390000000247e-04
6.464123730000000123e-02 3.098431920000000134e-04
6.479608269999999337e-02 3.124787469999999821e-04
6.494922190000000650e-02 3.124068900000000117e-04
6.510444730000000679e-02 3.087461519999999768e-04
6.526315209999999922e-02 3.090997340000000110e-04
6.542362270000000313e-02 3.071539100000000009e-04
6.558548660000000641e-02 3.077009460000000129e-04
6.574544309999999503e-02 3.123797649999999777e-04
6.590215859999999648e-02 3.121246409999999818e-04
6.605759260000000632e-02 3.147305689999999934e-04
6.620977070000000353e-02 3.137139429999999960e-04
6.636065989999999359e-02 3.118671299999999829e-04
6.651398540000000303e-02 3.122421910000000057e-04
6.667014960000000601e-02 3.085494680000000034e-04
6.682854150000000493e-02 3.089797389999999989e-04
6.699108330000000389e-02 3.032973329999999771e-04
6.715139000000000524e-02 2.999086279999999731e-04
6.730207800000000129e-02 3.076501019999999960e-04
6.745058299999999452e-02 3.091284020000000052e-04
6.760413199999999734e-02 3.036518459999999774e-04
6.776277719999999893e-02 3.047394860000000069e-04
6.792290510000000003e-02 3.052743560000000054e-04
6.808584180000000485e-02 3.067276270000000079e-04
6.824970249999999516e-02 3.092461559999999730e-04
6.840785589999999472e-02 3.071441019999999978e-04
6.856173279999999703e-02 3.095885330000000026e-04
6.871464100000000685e-02 3.098906019999999825e-04
6.886904689999999440e-02 3.070632229999999737e-04
6.902562830000000260e-02 3.073555419999999898e-04
6.918431070000000127e-02 3.046734779999999755e-04
6.934446839999999779e-02 3.041799059999999739e-04
6.950361280000000308e-02 3.045327609999999856e-04
6.965940449999999395e-02 3.030653460000000128e-04
6.981053950000000452e-02 3.079060699999999805e-04
6.996011729999999929e-02 3.087166110000000015e-04
7.011353970000000491e-02 3.034028919999999930e-04
7.027117909999999745e-02 3.040258600000000097e-04
7.043122500000000008e-02 3.017255509999999959e-04
7.059308890000000336e-02 3.015682449999999935e-04
7.075165210000000648e-02 3.066491919999999758e-04
7.090447099999999669e-02 3.054473489999999926e-04
7.105555389999999860e-02 3.050062509999999999e-04
7.120850680000000155e-02 3.059696760000000203e-04
7.136345650000000540e-02 3.064788760000000255e-04
7.151982930000000405e-02 3.075164859999999839e-04
7.167893649999999839e-02 3.046541819999999917e-04
7.183749229999999986e-02 3.032916869999999860e-04
7.199135419999999619e-02 3.073574330000000232e-04
7.214684039999999521e-02 3.093763659999999882e-04
7.230434569999999450e-02 3.116086009999999859e-04
7.245487720000000353e-02 3.086515639999999790e-04
7.260508840000000352e-02 3.021268640000000175e-04
7.276266069999999531e-02 3.041972519999999974e-04
7.292218509999999487e-02 3.055440900000000069e-04
7.308994979999999808e-02 3.109836250000000239e-04
7.325895129999999977e-02 3.240160589999999769e-04
7.341030240000000207e-02 3.176697360000000107e-04
7.355482130000000340e-02 3.114043499999999995e-04
7.370372860000000415e-02 3.122065389999999999e-04
