-3.649105879999999663e-02 3.632172009999999986e-04
-3.638544679999999865e-02 3.328922319999999915e-04
-3.625380620000000220e-02 3.378484979999999836e-04
-3.610997650000000170e-02 3.319368990000000005e-04
-3.596345339999999779e-02 3.311925390000000245e-04
-3.581815210000000027e-02 3.305243439999999895e-04
-3.567370770000000135e-02 3.299979429999999776e-04
-3.552965820000000136e-02 3.291884789999999900e-04
-3.537912669999999926e-02 3.325626019999999849e-04
-3.521796320000000063e-02 3.248391730000000114e-04
-3.505170719999999712e-02 3.253364699999999822e-04
-3.488631920000000164e-02 3.275503700000000052e-04
-3.472564000000000206e-02 3.255213669999999998e-04
-3.457128260000000286e-02 3.310455649999999913e-04
-3.442003949999999923e-02 3.309376190000000266e-04
-3.426503389999999843e-02 3.237404739999999903e-04
-3.410248090000000259e-02 3.259059739999999885e-04
-3.393450750000000238e-02 3.234961190000000065e-04
-3.376596419999999821e-02 3.227496929999999916e-04
-3.360038249999999782e-02 3.249972650000000174e-04
-3.344248980000000260e-02 3.214085300000000200e-04
-3.329129890000000203e-02 3.232242889999999776e-04
-3.313623370000000345e-02 3.259816150000000175e-04
-3.297437730000000317e-02 3.217027700000000038e-04
-3.280887379999999909e-02 3.225682890000000028e-04
-3.264103079999999824e-02 3.210672289999999735e-04
-3.247251360000000253e-02 3.207080879999999802e-04
-3.230602669999999704e-02 3.237024359999999775e-04
-3.214614469999999696e-02 3.210396390000000086e-04
-3.199161219999999833e-02 3.219476200000000155e-04
-3.183475510000000064e-02 3.236695769999999787e-04
-3.167351709999999959e-02 3.217550979999999998e-04
-3.150879589999999730e-02 3.229353169999999774e-04
-3.134176510000000193e-02 3.217569029999999973e-04
-3.117511790000000033e-02 3.213203159999999774e-04
-3.101105430000000024e-02 3.250235460000000087e-04
-3.085262509999999944e-02 3.227556879999999976e-04
-3.069730660000000166e-02 3.210287830000000189e-04
-3.053979579999999833e-02 3.219429930000000184e-04
-3.037917799999999974e-02 3.199108469999999952e-04
-3.021313809999999836e-02 3.222163070000000264e-04
-3.004266140000000015e-02 3.206262769999999938e-04
-2.987452969999999930e-02 3.188639240000000073e-04
-2.971177919999999986e-02 3.229323770000000157e-04
-2.955326999999999954e-02 3.218524220000000156e-04
-2.939768510000000112e-02 3.243402459999999944e-04
-2.924160660000000092e-02 3.253094910000000153e-04
-2.907847989999999896e-02 3.156448660000000248e-04
-2.890847059999999968e-02 3.165152450000000115e-04
-2.873961070000000118e-02 3.214480820000000004e-04
-2.857513910000000074e-02 3.203744129999999820e-04
-2.841543590000000091e-02 3.247298299999999910e-04
-2.826040419999999859e-02 3.237132329999999861e-04
-2.810404639999999898e-02 3.192860749999999769e-04
-2.794142809999999866e-02 3.212287560000000233e-04
-2.777316789999999952e-02 3.166188250000000204e-04
-2.760266330000000004e-02 3.165213569999999837e-04
-2.743480170000000065e-02 3.206516270000000189e-04
-2.727090940000000130e-02 3.195405879999999748e-04
-2.711226419999999970e-02 3.258035579999999905e-04
-2.695627509999999963e-02 3.266861900000000225e-04
-2.679517489999999960e-02 3.200194330000000046e-04
-2.662820180000000092e-02 3.211411529999999787e-04
-2.645875509999999833e-02 3.207379489999999779e-04
-2.628946490000000011e-02 3.202832890000000205e-04
-2.612219190000000107e-02 3.217779449999999975e-04
-2.596017160000000171e-02 3.193791779999999997e-04
-2.580361440000000089e-02 3.224323149999999802e-04
-2.564539390000000058e-02 3.243102399999999797e-04
-2.548256139999999920e-02 3.212281740000000178e-04
-2.531668730000000145e-02 3.221633089999999971e-04
-2.514743059999999947e-02 3.197210030000000123e-04
-2.497805469999999847e-02 3.186967510000000207e-04
-2.481233509999999920e-02 3.213457529999999801e-04
-2.464853969999999950e-02 3.213603919999999782e-04
-2.448620090000000124e-02 3.238234789999999762e-04
-2.432516399999999981e-02 3.237094209999999850e-04
-2.416176540000000011e-02 3.200698409999999747e-04
-2.399304879999999973e-02 3.221690420000000200e-04
-2.382183820000000063e-02 3.232296150000000005e-04
-2.365294659999999868e-02 3.222192749999999847e-04
-2.348630880000000115e-02 3.237746710000000095e-04
-2.332300689999999843e-02 3.221126099999999971e-04
-2.316422389999999928e-02 3.244131510000000055e-04
-2.300671300000000155e-02 3.246979609999999937e-04
-2.284432390000000132e-02 3.179581839999999905e-04
-2.267808840000000090e-02 3.176204630000000048e-04
-2.251123639999999884e-02 3.150584819999999761e-04
-2.234574220000000097e-02 3.135349540000000068e-04
-2.218492520000000037e-02 3.176936010000000065e-04
-2.202870700000000154e-02 3.162153589999999823e-04
-2.187469230000000167e-02 3.151843269999999773e-04
-2.171724850000000123e-02 3.170880369999999984e-04
-2.155358159999999981e-02 3.120092439999999742e-04
-2.138683759999999989e-02 3.120245819999999982e-04
-2.122111800000000062e-02 3.143597860000000069e-04
-2.105790750000000044e-02 3.134845459999999824e-04
-2.089928649999999929e-02 3.181116190000000108e-04
-2.074385809999999830e-02 3.180754139999999921e-04
-2.058621310000000038e-02 3.148783580000000227e-04
-2.042497139999999850e-02 3.156721360000000216e-04
-2.026032659999999971e-02 3.116190780000000263e-04
-2.009665219999999877e-02 3.097898730000000198e-04
-1.993599529999999856e-02 3.103202029999999989e-04
-1.977793690000000104e-02 3.087423970000000191e-04
-1.962445679999999873e-02 3.114072900000000154e-04
-1.947157459999999951e-02 3.122191699999999986e-04
-1.931660060000000081e-02 3.109886019999999777e-04
-1.915793489999999960e-02 3.125453080000000264e-04
-1.899432579999999968e-02 3.092283440000000226e-04
-1.882961760000000095e-02 3.089068920000000271e-04
-1.866686160000000094e-02 3.106687509999999817e-04
-1.850819589999999973e-02 3.088492959999999932e-04
-1.835370999999999878e-02 3.113515560000000224e-04
-1.819978839999999987e-02 3.117018199999999789e-04
-1.804473059999999948e-02 3.101886540000000215e-04
-1.788570550000000148e-02 3.122364579999999828e-04
-1.772172379999999853e-02 3.102482010000000116e-04
-1.755656120000000098e-02 3.100330359999999962e-04
-1.739525420000000155e-02 3.152802819999999881e-04
-1.723708770000000057e-02 3.154961449999999792e-04
-1.707912610000000136e-02 3.170326820000000088e-04
-1.691976560000000088e-02 3.182087379999999784e-04
-1.675842699999999935e-02 3.175782039999999989e-04
-1.659108880000000064e-02 3.211676380000000222e-04
-1.642029919999999851e-02 3.253790200000000179e-04
-1.624895449999999922e-02 3.270030430000000175e-04
-1.607892660000000140e-02 3.343304849999999924e-04
-1.590845730000000138e-02 3.374636000000000194e-04
-1.573733429999999919e-02 3.444394390000000213e-04
-1.556344049999999930e-02 3.486158090000000018e-04
-1.538213989999999941e-02 3.485216000000000073e-04
-1.519406210000000083e-02 3.523185440000000052e-04
-1.500415899999999955e-02 3.591587300000000029e-04
-1.481461710000000001e-02 3.616424220000000124e-04
-1.462541330000000084e-02 3.697940559999999969e-04
-1.443507800000000049e-02 3.731592730000000166e-04
-1.424475669999999972e-02 3.818202820000000117e-04
-1.404530000000000015e-02 3.906765199999999937e-04
-1.383692310000000057e-02 4.011540150000000231e-04
-1.361118719999999949e-02 4.150751629999999918e-04
-1.337894419999999945e-02 4.421061020000000247e-04
-1.313962599999999974e-02 4.563670080000000254e-04
-1.289433520000000076e-02 4.859876939999999992e-04
-1.264913290000000030e-02 4.966104170000000453e-04
-1.238877700000000012e-02 5.017940999999999938e-04
-1.211403500000000043e-02 5.119552369999999476e-04
-1.183131989999999974e-02 5.259275789999999983e-04
-1.153880640000000055e-02 5.371839509999999911e-04
-1.124028860000000039e-02 5.594714309999999826e-04
-1.090940089999999953e-02 5.865512649999999597e-04
-1.057591289999999969e-02 6.562999330000000115e-04
-1.013079939999999950e-02 7.488061669999999557e-04
-9.661910120000000504e-03 9.677954370000000153e-04
-8.713904769999999272e-03 1.333554739999999895e-03
-7.661019919999999608e-03 2.171781849999999871e-03
-7.260613140000000271e-03 2.083045429999999965e-03
-6.299173459999999822e-03 9.027599590000000111e-04
-5.387674089999999923e-03 4.470979039999999982e-04
-5.170489660000000300e-03 3.396669640000000209e-04
-4.968090910000000360e-03 2.923478019999999782e-04
-4.819612019999999948e-03 2.500735860000000057e-04
-4.675059579999999923e-03 2.324801899999999965e-04
-4.546787119999999571e-03 2.111492070000000069e-04
-4.424892829999999867e-03 1.994980119999999993e-04
-4.317509479999999573e-03 1.909571290000000078e-04
-4.218364599999999826e-03 1.830694530000000111e-04
-4.128687080000000356e-03 1.772792309999999931e-04
-4.041367209999999731e-03 1.736577830000000098e-04
-3.952879920000000082e-03 1.613351629999999987e-04
-3.863284829999999968e-03 1.576782089999999954e-04
-3.775971710000000127e-03 1.516083280000000066e-04
-3.691724270000000183e-03 1.474813619999999965e-04
-3.613316450000000034e-03 1.454781159999999891e-04
-3.539409490000000082e-03 1.421546909999999982e-04
-3.469130720000000116e-03 1.389748939999999934e-04
-3.398421449999999931e-03 1.379931780000000121e-04
-3.326025089999999889e-03 1.327212090000000106e-04
-3.253126519999999938e-03 1.312164530000000046e-04
-3.181383250000000169e-03 1.287050690000000040e-04
-3.111985280000000020e-03 1.263926530000000119e-04
-3.046831350000000181e-03 1.272833759999999960e-04
-2.984248799999999948e-03 1.259750280000000093e-04
-2.922006180000000144e-03 1.226714519999999879e-04
-2.859110480000000027e-03 1.219591430000000002e-04
-2.794642469999999816e-03 1.175817520000000017e-04
-2.729576779999999970e-03 1.162845439999999947e-04
-2.666179790000000171e-03 1.152470210000000004e-04
-2.605676419999999969e-03 1.132145190000000037e-04
-2.548247809999999811e-03 1.129072919999999936e-04
-2.492519099999999932e-03 1.116999050000000047e-04
-2.437458610000000150e-03 1.092504169999999999e-04
-2.381537339999999919e-03 1.089607539999999961e-04
-2.323679390000000112e-03 1.049328930000000004e-04
-2.265565099999999801e-03 1.036349859999999946e-04
-2.209549769999999847e-03 1.037218609999999937e-04
-2.155760999999999962e-03 1.023473669999999983e-04
-2.104450720000000056e-03 1.024672019999999992e-04
-2.054465469999999967e-03 1.017848260000000062e-04
-2.003707459999999867e-03 9.878946729999999788e-05
-1.951627779999999968e-03 9.843644510000000645e-05
-1.899078260000000053e-03 9.649018469999999731e-05
-1.847605449999999930e-03 9.520899039999999500e-05
-1.798080749999999900e-03 9.507612410000000668e-05
-1.750023920000000083e-03 9.408319600000000316e-05
-1.703185259999999901e-03 9.317867810000000093e-05
-1.657293530000000055e-03 9.234868779999999620e-05
-1.610942179999999904e-03 8.928094029999999852e-05
-1.563076739999999911e-03 8.902214179999999426e-05
-1.515112699999999904e-03 8.831122979999999451e-05
-1.468408739999999902e-03 8.736056039999999534e-05
-1.423199200000000060e-03 8.703987260000000639e-05
-1.379466620000000107e-03 8.603790049999999632e-05
-1.337003540000000030e-03 8.553292719999999933e-05
-1.294622779999999966e-03 8.524327129999999969e-05
-1.251639799999999976e-03 8.327550310000000574e-05
-1.208236789999999998e-03 8.287651869999999551e-05
-1.164667890000000003e-03 8.164517199999999893e-05
-1.122150219999999915e-03 8.051577610000000519e-05
-1.081477499999999913e-03 8.030211030000000032e-05
-1.042043789999999972e-03 7.953618480000000169e-05
-1.003153269999999906e-03 7.846322110000000024e-05
-9.639458729999999956e-04 7.821324830000000474e-05
-9.243138480000000386e-04 7.666471359999999652e-05
-8.848048159999999862e-04 7.608609299999999733e-05
-8.457227380000000103e-04 7.519165230000000400e-05
-8.072974159999999700e-04 7.442454080000000100e-05
-7.697144169999999702e-04 7.383919729999999595e-05
-7.324030160000000048e-04 7.351590470000000422e-05
-6.953642010000000290e-04 7.293249659999999877e-05
-6.588487299999999745e-04 7.240818380000000210e-05
-6.223622479999999868e-04 7.113501490000000529e-05
-5.859174999999999887e-04 7.060304050000000228e-05
-5.500610570000000069e-04 6.997335730000000045e-05
-5.148334890000000200e-04 6.941701579999999679e-05
-4.802417819999999773e-04 6.906235649999999560e-05
-4.460851489999999829e-04 6.862646839999999649e-05
-4.120607919999999882e-04 6.750714239999999744e-05
-3.780735709999999785e-04 6.712835599999999884e-05
-3.442140010000000177e-04 6.628994740000000545e-05
-3.107512310000000054e-04 6.570504770000000516e-05
-2.776365439999999908e-04 6.478549769999999801e-05
-2.451542240000000039e-04 6.411914360000000137e-05
-2.134005630000000101e-04 6.335993379999999941e-05
-1.821551119999999929e-04 6.278130600000000460e-05
-1.511811570000000111e-04 6.174411830000000137e-05
-1.208395769999999979e-04 6.094893980000000140e-05
-9.076369320000000386e-05 5.906907240000000320e-05
-6.191075949999999605e-05 5.770596539999999674e-05
-3.371222920000000145e-05 5.509164839999999722e-05
-4.411420379999999623e-06 5.478240560000000254e-05
2.360958750000000090e-05 5.592936210000000122e-05
5.241843249999999832e-05 5.686116129999999844e-05
8.137115220000000308e-05 5.930269980000000071e-05
1.106557169999999982e-04 6.034100080000000336e-05
1.408093379999999909e-04 6.166115780000000035e-05
1.711787919999999998e-04 6.230740110000000014e-05
2.023279519999999934e-04 6.292130269999999680e-05
2.342383230000000130e-04 6.355643559999999889e-05
2.665849460000000088e-04 6.447285700000000646e-05
2.990058570000000190e-04 6.489072260000000180e-05
3.315346840000000053e-04 6.587029930000000400e-05
3.642155500000000064e-04 6.626941470000000578e-05
3.971272960000000042e-04 6.711758760000000339e-05
4.302827289999999988e-04 6.761472469999999511e-05
4.640171249999999878e-04 6.790453339999999677e-05
4.986635179999999827e-04 6.850915820000000637e-05
5.337856709999999746e-04 6.952542029999999966e-05
5.687418739999999719e-04 6.983931959999999551e-05
6.034010439999999784e-04 7.107390409999999985e-05
6.378641120000000169e-04 7.140119849999999586e-05
6.728934239999999692e-04 7.150196320000000287e-05
7.089298450000000541e-04 7.209388420000000387e-05
7.455812299999999915e-04 7.257660759999999436e-05
7.830274410000000228e-04 7.327646740000000509e-05
8.209006050000000262e-04 7.464832739999999504e-05
8.584964670000000192e-04 7.492548319999999614e-05
8.957338289999999511e-04 7.615031060000000543e-05
9.327739240000000164e-04 7.652426579999999892e-05
9.702630340000000441e-04 7.696023390000000363e-05
1.009001750000000077e-03 7.781469320000000299e-05
1.048789480000000092e-03 7.829258540000000191e-05
1.089366150000000083e-03 7.899105549999999823e-05
1.130323390000000094e-03 8.044719289999999363e-05
1.171208690000000033e-03 8.087408059999999358e-05
1.211668130000000078e-03 8.261549369999999744e-05
1.251709880000000108e-03 8.304724910000000574e-05
1.292348139999999895e-03 8.325204539999999796e-05
1.334465570000000064e-03 8.415585030000000317e-05
1.377808400000000034e-03 8.478377279999999580e-05
1.422121309999999994e-03 8.565015739999999741e-05
1.466885439999999997e-03 8.714170690000000040e-05
1.511470879999999954e-03 8.751193670000000460e-05
1.555298689999999942e-03 8.996757969999999948e-05
1.598476780000000069e-03 9.052284439999999340e-05
1.642362560000000006e-03 9.071797830000000249e-05
1.688582940000000034e-03 9.212573060000000299e-05
1.737058859999999908e-03 9.245224650000000621e-05
1.786558190000000048e-03 9.324784330000000440e-05
1.835573700000000088e-03 9.608409890000000285e-05
1.882984540000000101e-03 9.614328880000000497e-05
1.929651600000000097e-03 9.773261260000000255e-05
1.976930070000000161e-03 9.860518180000000339e-05
2.025637079999999951e-03 9.846103059999999636e-05
2.076857020000000015e-03 9.998471800000000096e-05
2.130127280000000071e-03 1.009873520000000035e-04
2.184121639999999850e-03 1.017150719999999946e-04
2.237288750000000076e-03 1.049223789999999994e-04
2.289059799999999811e-03 1.053088710000000047e-04
2.340597800000000089e-03 1.069734639999999964e-04
2.393340229999999826e-03 1.082227750000000016e-04
2.447919220000000212e-03 1.084264730000000023e-04
2.505024429999999809e-03 1.100894369999999979e-04
2.564135469999999795e-03 1.115717170000000009e-04
2.623593669999999944e-03 1.122388490000000009e-04
2.681751269999999802e-03 1.160465330000000047e-04
2.738689070000000034e-03 1.167624140000000037e-04
2.795542360000000115e-03 1.188896059999999973e-04
2.853839190000000050e-03 1.204403889999999962e-04
2.915194260000000120e-03 1.198781610000000002e-04
2.980057150000000200e-03 1.218629109999999985e-04
3.046401539999999807e-03 1.246740430000000104e-04
3.112523350000000188e-03 1.254663080000000105e-04
3.177425590000000025e-03 1.299370780000000131e-04
3.240742950000000122e-03 1.306845219999999989e-04
3.304076380000000191e-03 1.324890620000000079e-04
3.370421010000000141e-03 1.349465889999999964e-04
3.440891389999999918e-03 1.351477550000000042e-04
3.515012100000000118e-03 1.373197740000000017e-04
3.590302540000000087e-03 1.411449919999999960e-04
3.665477969999999912e-03 1.425461230000000102e-04
3.739345820000000015e-03 1.488949200000000113e-04
3.812463019999999796e-03 1.506303089999999980e-04
3.886519929999999925e-03 1.535959309999999889e-04
3.965316810000000212e-03 1.576119680000000005e-04
4.049829209999999610e-03 1.595356730000000041e-04
4.140526989999999789e-03 1.638337419999999912e-04
4.232647360000000268e-03 1.730908259999999906e-04
4.325115120000000424e-03 1.767433420000000005e-04
4.416565879999999854e-03 1.889331030000000104e-04
4.510635510000000382e-03 1.947673740000000105e-04
4.608862570000000353e-03 2.036679359999999869e-04
4.718240349999999750e-03 2.136992989999999995e-04
4.836781880000000020e-03 2.267009990000000007e-04
4.975722170000000319e-03 2.434754279999999931e-04
5.121416880000000116e-03 2.783384410000000172e-04
5.297923460000000286e-03 3.095516290000000122e-04
5.478880830000000361e-03 3.887388160000000096e-04
6.469171489999999899e-03 9.018516870000000286e-04
7.486557119999999975e-03 2.283575710000000127e-03
7.861300369999999274e-03 2.397070869999999836e-03
9.005547500000000635e-03 1.427368960000000107e-03
1.006914400000000036e-02 1.028794210000000004e-03
1.057998930000000025e-02 8.452027099999999578e-04
1.103947129999999915e-02 7.488572740000000059e-04
1.140571389999999949e-02 6.349973849999999715e-04
1.176570539999999970e-02 5.902068809999999697e-04
1.206676010000000063e-02 5.651225220000000160e-04
1.236381200000000007e-02 5.533021180000000528e-04
1.265245769999999957e-02 5.334604650000000173e-04
1.293967009999999994e-02 5.258253660000000024e-04
1.322051789999999921e-02 5.161953160000000386e-04
1.349315889999999976e-02 5.074536310000000213e-04
1.375294940000000056e-02 5.036403890000000407e-04
1.399579920000000068e-02 4.924425740000000365e-04
1.423815540000000074e-02 4.630516629999999753e-04
1.447228340000000085e-02 4.472110890000000082e-04
1.470021999999999995e-02 4.127167049999999854e-04
1.492524330000000003e-02 3.988434039999999743e-04
1.513294599999999955e-02 3.899170259999999917e-04
1.533419079999999955e-02 3.825625460000000146e-04
1.552576009999999916e-02 3.775452789999999875e-04
1.571456720000000140e-02 3.743398120000000166e-04
1.590283400000000111e-02 3.663449900000000027e-04
1.609188500000000022e-02 3.636854820000000104e-04
1.628118939999999987e-02 3.565775109999999755e-04
1.646856780000000020e-02 3.531095569999999936e-04
1.665127090000000087e-02 3.505862840000000110e-04
1.682988740000000011e-02 3.469883520000000086e-04
1.700360890000000152e-02 3.458097640000000190e-04
1.717451769999999919e-02 3.439327120000000007e-04
1.734661120000000056e-02 3.360982229999999829e-04
1.752062329999999959e-02 3.341973060000000230e-04
1.769478990000000057e-02 3.293034390000000090e-04
1.786737520000000051e-02 3.268199799999999900e-04
1.803445260000000050e-02 3.284680130000000023e-04
1.819763710000000048e-02 3.267256830000000219e-04
1.835923080000000096e-02 3.251525920000000128e-04
1.852281210000000095e-02 3.255571940000000111e-04
1.868889290000000022e-02 3.219040809999999743e-04
1.885638010000000031e-02 3.216526530000000093e-04
1.902434230000000018e-02 3.207671689999999892e-04
1.919006560000000028e-02 3.188890399999999917e-04
1.935104840000000104e-02 3.209723799999999886e-04
1.950839719999999944e-02 3.197585759999999858e-04
1.966542749999999895e-02 3.175202290000000158e-04
1.982626690000000025e-02 3.187834519999999832e-04
1.999006229999999995e-02 3.167674589999999800e-04
2.015669089999999955e-02 3.179569030000000134e-04
2.032470139999999897e-02 3.195523749999999849e-04
2.049163169999999867e-02 3.192633449999999996e-04
2.065417920000000088e-02 3.251603630000000239e-04
2.081153729999999855e-02 3.243859679999999863e-04
2.097049360000000084e-02 3.195732129999999871e-04
2.113329060000000009e-02 3.199237690000000236e-04
2.129842709999999958e-02 3.176072500000000007e-04
2.146873620000000135e-02 3.200965580000000128e-04
2.163804139999999862e-02 3.280701350000000244e-04
2.180431600000000067e-02 3.289007289999999859e-04
2.197085130000000011e-02 3.313950150000000020e-04
2.213296669999999938e-02 3.298659580000000077e-04
2.229551230000000051e-02 3.242842790000000108e-04
2.246282620000000091e-02 3.251352749999999819e-04
2.263302910000000029e-02 3.232893939999999851e-04
2.280475009999999997e-02 3.233165480000000118e-04
2.297381500000000160e-02 3.272103789999999826e-04
2.313787120000000003e-02 3.258259969999999922e-04
2.329901050000000168e-02 3.274629710000000128e-04
2.346064900000000009e-02 3.281287210000000056e-04
2.362497900000000081e-02 3.248726720000000008e-04
2.379352599999999887e-02 3.264534459999999931e-04
2.396540159999999836e-02 3.259034420000000228e-04
2.413910999999999835e-02 3.265845009999999928e-04
2.431009710000000060e-02 3.323954879999999794e-04
2.447804060000000059e-02 3.328836459999999844e-04
2.464456859999999971e-02 3.372389179999999765e-04
2.480837140000000107e-02 3.369436599999999947e-04
2.497422319999999946e-02 3.320744730000000267e-04
2.514533329999999942e-02 3.337067900000000075e-04
2.531960230000000062e-02 3.329764589999999734e-04
2.549423840000000080e-02 3.327030279999999992e-04
2.566683109999999893e-02 3.359797699999999892e-04
2.583524959999999870e-02 3.348840980000000159e-04
2.600052950000000113e-02 3.364316939999999830e-04
2.616703319999999847e-02 3.374932860000000117e-04
2.633774280000000106e-02 3.340677649999999909e-04
2.651183119999999879e-02 3.350897460000000039e-04
2.668884579999999951e-02 3.324157730000000229e-04
2.686673590000000084e-02 3.317476370000000232e-04
2.704051140000000159e-02 3.373872900000000072e-04
2.720707279999999909e-02 3.353221400000000224e-04
2.736976370000000075e-02 3.354033110000000182e-04
2.753484809999999852e-02 3.368699109999999950e-04
2.770463379999999962e-02 3.337351659999999759e-04
2.788010980000000041e-02 3.357929529999999999e-04
2.805841339999999920e-02 3.361628910000000019e-04
2.823407580000000111e-02 3.349359029999999875e-04
2.840704280000000068e-02 3.366530580000000024e-04
2.857654910000000104e-02 3.349671020000000057e-04
2.874199300000000040e-02 3.364184809999999789e-04
2.890713509999999833e-02 3.369881309999999981e-04
2.907925290000000149e-02 3.275641940000000073e-04
2.925742979999999827e-02 3.275850899999999946e-04
2.943340319999999954e-02 3.307028090000000125e-04
2.960772069999999950e-02 3.310517060000000102e-04
2.978018299999999827e-02 3.357398959999999895e-04
2.994674820000000140e-02 3.336619120000000041e-04
3.011000720000000033e-02 3.327682790000000197e-04
3.027535420000000005e-02 3.339270190000000085e-04
3.044554959999999991e-02 3.290698509999999909e-04
3.062120080000000147e-02 3.303643610000000044e-04
3.079891020000000146e-02 3.311641919999999944e-04
3.097272660000000011e-02 3.293453480000000039e-04
3.113907579999999897e-02 3.360979030000000147e-04
3.130308169999999890e-02 3.368977050000000121e-04
3.146947919999999732e-02 3.357616370000000156e-04
3.163936729999999864e-02 3.376735259999999895e-04
3.181481729999999924e-02 3.330848990000000241e-04
3.199269250000000286e-02 3.328857420000000118e-04
3.216943889999999973e-02 3.348321770000000199e-04
3.234030680000000296e-02 3.317778459999999856e-04
3.250463680000000022e-02 3.335622019999999813e-04
3.266718980000000300e-02 3.333644129999999779e-04
3.283157200000000331e-02 3.303920969999999823e-04
3.300086409999999915e-02 3.320411199999999960e-04
3.317458930000000139e-02 3.286048600000000060e-04
3.335102279999999780e-02 3.292163019999999997e-04
3.352681169999999905e-02 3.326118459999999983e-04
3.369801859999999732e-02 3.308625310000000105e-04
3.386386859999999943e-02 3.343122369999999952e-04
3.402806819999999732e-02 3.347913730000000006e-04
3.419348600000000210e-02 3.347291199999999811e-04
3.436272220000000099e-02 3.367715979999999737e-04
3.453717010000000032e-02 3.331261980000000170e-04
3.471408780000000138e-02 3.335224460000000028e-04
3.489131480000000340e-02 3.347377349999999807e-04
3.506452589999999730e-02 3.325420260000000201e-04
3.523067380000000082e-02 3.375846720000000105e-04
3.539377450000000258e-02 3.377964019999999822e-04
3.555984050000000202e-02 3.334415379999999861e-04
3.573253380000000062e-02 3.356192030000000018e-04
3.591150049999999871e-02 3.318671370000000074e-04
3.609177840000000331e-02 3.315355859999999789e-04
3.626767169999999679e-02 3.372718640000000071e-04
3.643589089999999669e-02 3.345059810000000069e-04
3.659819439999999896e-02 3.373055370000000060e-04
3.676000980000000001e-02 3.382448339999999973e-04
3.692733869999999946e-02 3.310382019999999763e-04
