-3.674085070000000092e-02 3.543701900000000102e-04
-3.662526979999999877e-02 3.301863910000000092e-04
-3.648718449999999863e-02 3.352345369999999779e-04
-3.633103520000000031e-02 3.197696349999999774e-04
-3.616534920000000208e-02 3.197048789999999848e-04
-3.600859270000000140e-02 3.337962839999999770e-04
-3.586173430000000328e-02 3.331522170000000252e-04
-3.571485359999999887e-02 3.313266500000000103e-04
-3.556210180000000248e-02 3.339664840000000114e-04
-3.539844229999999925e-02 3.237451600000000227e-04
-3.522864359999999806e-02 3.239692010000000248e-04
-3.506067770000000083e-02 3.270215240000000053e-04
-3.489744289999999888e-02 3.252800670000000061e-04
-3.473968799999999774e-02 3.301990799999999929e-04
-3.458647799999999689e-02 3.290181629999999855e-04
-3.443357350000000178e-02 3.256233180000000127e-04
-3.427341209999999749e-02 3.289829760000000190e-04
-3.410391139999999904e-02 3.233617749999999759e-04
-3.393156449999999713e-02 3.228262939999999794e-04
-3.376328569999999946e-02 3.275086350000000197e-04
-3.360248359999999657e-02 3.249274739999999774e-04
-3.344747049999999972e-02 3.280306990000000141e-04
-3.329176830000000337e-02 3.293369659999999949e-04
-3.312980759999999830e-02 3.219219220000000257e-04
-3.296129410000000343e-02 3.234092149999999877e-04
-3.279018029999999917e-02 3.232044109999999883e-04
-3.262158860000000105e-02 3.213975869999999985e-04
-3.245818240000000049e-02 3.256379280000000183e-04
-3.230183570000000337e-02 3.231527810000000222e-04
-3.214980290000000324e-02 3.228340070000000053e-04
-3.199172769999999999e-02 3.263461400000000189e-04
-3.182292359999999709e-02 3.188194530000000040e-04
-3.165044260000000192e-02 3.181001810000000157e-04
-3.148205949999999947e-02 3.223389209999999818e-04
-3.131931649999999956e-02 3.206949620000000079e-04
-3.116226940000000126e-02 3.262318209999999865e-04
-3.100912089999999927e-02 3.256622589999999952e-04
-3.085280400000000103e-02 3.181858629999999842e-04
-3.068699319999999842e-02 3.214131870000000056e-04
-3.051504869999999842e-02 3.207532570000000134e-04
-3.034382500000000135e-02 3.198675989999999838e-04
-3.017925470000000152e-02 3.278896909999999944e-04
-3.002208290000000016e-02 3.265569690000000129e-04
-2.986554430000000135e-02 3.239161450000000103e-04
-2.970533449999999964e-02 3.251687740000000254e-04
-2.953913619999999976e-02 3.192740259999999838e-04
-2.936976590000000067e-02 3.188388360000000196e-04
-2.920199370000000141e-02 3.196954489999999892e-04
-2.903762459999999906e-02 3.181761130000000204e-04
-2.887840759999999937e-02 3.231519660000000261e-04
-2.872075890000000062e-02 3.237834900000000071e-04
-2.856020440000000063e-02 3.200865180000000152e-04
-2.839413660000000145e-02 3.222847300000000032e-04
-2.822362449999999898e-02 3.215851030000000136e-04
-2.805374750000000014e-02 3.207349219999999844e-04
-2.788736480000000156e-02 3.235923649999999929e-04
-2.772597599999999940e-02 3.218425549999999772e-04
-2.756946349999999865e-02 3.251092860000000164e-04
-2.741218919999999920e-02 3.265234409999999768e-04
-2.724830619999999912e-02 3.200595379999999980e-04
-2.707899360000000019e-02 3.212098669999999853e-04
-2.690789849999999928e-02 3.208196429999999981e-04
-2.673883360000000112e-02 3.194597669999999900e-04
-2.657592859999999974e-02 3.265608100000000065e-04
-2.641763349999999913e-02 3.261304810000000259e-04
-2.625816690000000106e-02 3.223676470000000154e-04
-2.609420380000000012e-02 3.239336070000000040e-04
-2.592543890000000018e-02 3.208855050000000166e-04
-2.575510929999999879e-02 3.205115790000000122e-04
-2.558708189999999924e-02 3.227135750000000047e-04
-2.542230670000000109e-02 3.217728810000000119e-04
-2.526128479999999871e-02 3.260310910000000255e-04
-2.510205839999999841e-02 3.262650569999999968e-04
-2.494069930000000074e-02 3.227428530000000010e-04
-2.477395350000000107e-02 3.249278519999999849e-04
-2.460283970000000028e-02 3.237166089999999946e-04
-2.443133290000000166e-02 3.232930900000000160e-04
-2.426237239999999920e-02 3.269790320000000089e-04
-2.409901470000000087e-02 3.251681049999999881e-04
-2.393931709999999949e-02 3.256163040000000126e-04
-2.377855220000000061e-02 3.264184339999999778e-04
-2.361339520000000150e-02 3.219333299999999781e-04
-2.344286069999999833e-02 3.233259190000000263e-04
-2.326981159999999896e-02 3.223980309999999834e-04
-2.310159989999999858e-02 3.193774900000000225e-04
-2.294039540000000071e-02 3.232758029999999736e-04
-2.278335390000000085e-02 3.219619099999999987e-04
-2.262618580000000032e-02 3.174917950000000081e-04
-2.246430140000000089e-02 3.189310370000000144e-04
-2.229740100000000141e-02 3.151602579999999835e-04
-2.212908859999999922e-02 3.144367949999999907e-04
-2.196431910000000085e-02 3.177420289999999736e-04
-2.180511499999999991e-02 3.158056060000000208e-04
-2.165000510000000128e-02 3.172505819999999919e-04
-2.149385590000000082e-02 3.183952939999999806e-04
-2.133265700000000140e-02 3.137516319999999938e-04
-2.116629299999999922e-02 3.149666879999999812e-04
-2.099870889999999948e-02 3.157215829999999827e-04
-2.083384430000000120e-02 3.145740769999999910e-04
-2.067321730000000121e-02 3.190509160000000021e-04
-2.051494460000000131e-02 3.190342100000000234e-04
-2.035627699999999901e-02 3.177255859999999739e-04
-2.019871029999999873e-02 3.168099499999999804e-04
-2.003755980000000020e-02 3.088758390000000218e-04
-1.987294480000000030e-02 3.078877929999999908e-04
-1.971071770000000153e-02 3.085485950000000223e-04
-1.955090459999999850e-02 3.075452410000000100e-04
-1.939504410000000151e-02 3.113393320000000237e-04
-1.923960070000000147e-02 3.122426859999999794e-04
-1.908372720000000092e-02 3.146207599999999919e-04
-1.892728730000000151e-02 3.160298219999999741e-04
-1.876466540000000169e-02 3.090520330000000120e-04
-1.860009879999999921e-02 3.077026049999999975e-04
-1.843876950000000042e-02 3.099303870000000077e-04
-1.827962509999999860e-02 3.092139090000000225e-04
-1.812386889999999945e-02 3.122889899999999768e-04
-1.796909049999999980e-02 3.130201080000000104e-04
-1.781159270000000003e-02 3.111037949999999872e-04
-1.764849010000000065e-02 3.135644949999999822e-04
-1.748305559999999842e-02 3.159193439999999895e-04
-1.731895469999999992e-02 3.161769710000000128e-04
-1.715599190000000052e-02 3.193852029999999943e-04
-1.699516179999999849e-02 3.190447169999999981e-04
-1.683643829999999925e-02 3.210080030000000018e-04
-1.667394120000000035e-02 3.241977539999999955e-04
-1.650628449999999928e-02 3.244546819999999930e-04
-1.633247919999999964e-02 3.280067759999999791e-04
-1.615679449999999837e-02 3.353689100000000010e-04
-1.598201689999999980e-02 3.377074900000000181e-04
-1.580864560000000071e-02 3.459022849999999821e-04
-1.563486830000000022e-02 3.491003879999999963e-04
-1.545666340000000083e-02 3.512638500000000064e-04
-1.527255310000000081e-02 3.553490099999999895e-04
-1.508336979999999952e-02 3.575746669999999797e-04
-1.489125290000000053e-02 3.603759110000000101e-04
-1.469912750000000080e-02 3.688288269999999750e-04
-1.450614440000000047e-02 3.721404059999999748e-04
-1.431411689999999987e-02 3.822252330000000249e-04
-1.411540810000000076e-02 3.901198509999999841e-04
-1.390831449999999948e-02 3.988130480000000029e-04
-1.367973540000000029e-02 4.145688440000000214e-04
-1.344484179999999932e-02 4.470158019999999821e-04
-1.320513799999999995e-02 4.618678359999999947e-04
-1.295716589999999953e-02 4.893075090000000493e-04
-1.270979640000000077e-02 4.988363359999999644e-04
-1.244884729999999953e-02 5.036119840000000255e-04
-1.217203770000000081e-02 5.145103790000000359e-04
-1.188545390000000056e-02 5.275268339999999783e-04
-1.159080210000000034e-02 5.374017059999999573e-04
-1.129182800000000028e-02 5.586550109999999800e-04
-1.095559909999999949e-02 5.882943509999999550e-04
-1.061912159999999980e-02 6.690625449999999894e-04
-1.017795879999999938e-02 7.613755880000000432e-04
-9.706223380000000150e-03 9.685094119999999732e-04
-8.743102659999999957e-03 1.337359889999999900e-03
-7.675018159999999826e-03 2.184025940000000176e-03
-7.271446289999999694e-03 2.091107190000000143e-03
-6.308116949999999570e-03 9.013417289999999622e-04
-5.395263429999999985e-03 4.419455950000000192e-04
-5.184094890000000115e-03 3.364120199999999917e-04
-4.982972050000000243e-03 2.926167219999999797e-04
-4.830050750000000268e-03 2.506111629999999754e-04
-4.683507610000000113e-03 2.316433090000000032e-04
-4.556159019999999650e-03 2.113531949999999872e-04
-4.436656370000000016e-03 1.991958269999999950e-04
-4.334142899999999902e-03 1.933754250000000070e-04
-4.238671159999999639e-03 1.871874259999999871e-04
-4.145225980000000199e-03 1.737124399999999966e-04
-4.050623159999999952e-03 1.694357779999999879e-04
-3.957735369999999808e-03 1.601075349999999938e-04
-3.866375659999999985e-03 1.559429659999999945e-04
-3.780092110000000082e-03 1.531219899999999878e-04
-3.699893130000000020e-03 1.483523520000000083e-04
-3.626658120000000006e-03 1.464326340000000112e-04
-3.554345569999999878e-03 1.452886209999999941e-04
-3.480277490000000147e-03 1.391917900000000038e-04
-3.404402869999999942e-03 1.379825550000000130e-04
-3.328225340000000136e-03 1.343893670000000009e-04
-3.254621289999999785e-03 1.316457200000000004e-04
-3.185486889999999873e-03 1.312091190000000092e-04
-3.119779750000000081e-03 1.289948999999999870e-04
-3.056159010000000092e-03 1.265628960000000100e-04
-2.992127319999999830e-03 1.258471020000000021e-04
-2.926589690000000119e-03 1.211158960000000061e-04
-2.860090229999999976e-03 1.200735420000000032e-04
-2.793879710000000179e-03 1.178794920000000000e-04
-2.729986099999999818e-03 1.156200010000000037e-04
-2.670193090000000033e-03 1.159614330000000010e-04
-2.612928159999999833e-03 1.146454309999999965e-04
-2.556246009999999826e-03 1.121744940000000051e-04
-2.498250220000000025e-03 1.119962400000000063e-04
-2.438456979999999857e-03 1.082988670000000040e-04
-2.378755709999999957e-03 1.069870490000000049e-04
-2.321055859999999853e-03 1.066798870000000061e-04
-2.265504790000000095e-03 1.052796290000000001e-04
-2.212168650000000038e-03 1.052809170000000035e-04
-2.160502129999999823e-03 1.042079239999999944e-04
-2.109080550000000127e-03 1.014402589999999996e-04
-2.056386319999999913e-03 1.012780270000000022e-04
-2.002119550000000091e-03 9.839154520000000111e-05
-1.948144290000000103e-03 9.711105670000000020e-05
-1.896470900000000017e-03 9.720991510000000517e-05
-1.847401139999999909e-03 9.574838620000000462e-05
-1.800345720000000012e-03 9.522711480000000631e-05
-1.753414520000000105e-03 9.489984949999999430e-05
-1.705166300000000032e-03 9.161929479999999517e-05
-1.655782109999999951e-03 9.118341399999999671e-05
-1.606729809999999899e-03 9.052659880000000234e-05
-1.558689280000000003e-03 8.962100399999999890e-05
-1.512559830000000062e-03 9.046134800000000544e-05
-1.468835510000000063e-03 8.938249079999999896e-05
-1.425599800000000106e-03 8.703146160000000482e-05
-1.381389329999999993e-03 8.676895229999999901e-05
-1.336222860000000007e-03 8.460582470000000256e-05
-1.291094700000000031e-03 8.374659230000000175e-05
-1.246978300000000034e-03 8.289028480000000402e-05
-1.204355150000000103e-03 8.174208779999999513e-05
-1.163546689999999956e-03 8.173225799999999514e-05
-1.123336960000000020e-03 8.131378129999999676e-05
-1.082753650000000106e-03 7.937633929999999573e-05
-1.041583129999999920e-03 7.908597759999999469e-05
-1.000120300000000061e-03 7.793863920000000277e-05
-9.589545079999999564e-04 7.729456409999999663e-05
-9.187853430000000182e-04 7.702201399999999368e-05
-8.801686930000000159e-04 7.604441629999999846e-05
-8.429965819999999960e-04 7.573725449999999621e-05
-8.059730170000000164e-04 7.548650319999999437e-05
-7.682172580000000200e-04 7.371309040000000317e-05
-7.300600409999999851e-04 7.336572159999999495e-05
-6.921488679999999614e-04 7.267026379999999943e-05
-6.551635450000000468e-04 7.186394939999999525e-05
-6.191575079999999840e-04 7.139176889999999324e-05
-5.837200439999999614e-04 7.083194939999999564e-05
-5.487211750000000124e-04 6.987457890000000108e-05
-5.138638079999999523e-04 6.949300590000000513e-05
-4.788614459999999745e-04 6.832087089999999403e-05
-4.438869359999999989e-04 6.783555000000000140e-05
-4.094148170000000224e-04 6.719757220000000181e-05
-3.757282100000000060e-04 6.654235040000000480e-05
-3.428538039999999912e-04 6.607678370000000549e-05
-3.103274789999999820e-04 6.565581129999999393e-05
-2.777199259999999881e-04 6.447546179999999569e-05
-2.452899060000000007e-04 6.398776899999999935e-05
-2.130211799999999912e-04 6.278038199999999688e-05
-1.813337589999999963e-04 6.199635389999999741e-05
-1.503123199999999886e-04 6.104454220000000628e-05
-1.202690180000000060e-04 6.007320549999999775e-05
-9.094509010000000201e-05 5.846148629999999908e-05
-6.243336250000000511e-05 5.744092780000000095e-05
-3.427088090000000056e-05 5.526963290000000222e-05
-5.288075949999999610e-06 5.495066579999999934e-05
2.259013489999999990e-05 5.577825139999999997e-05
5.120164860000000215e-05 5.656239950000000106e-05
7.987001299999999481e-05 5.873807090000000169e-05
1.094503679999999973e-04 6.002915319999999912e-05
1.400889009999999957e-04 6.173688600000000351e-05
1.705951729999999886e-04 6.231349110000000604e-05
2.015760110000000061e-04 6.324325660000000072e-05
2.328910490000000110e-04 6.373563520000000582e-05
2.647200889999999965e-04 6.412557559999999596e-05
2.972638759999999994e-04 6.473842949999999400e-05
3.303994599999999972e-04 6.545332139999999609e-05
3.639469510000000233e-04 6.591280540000000370e-05
3.974190330000000148e-04 6.743912669999999510e-05
4.305360779999999857e-04 6.782157289999999575e-05
4.637540549999999754e-04 6.858859710000000606e-05
4.975405749999999624e-04 6.915915579999999652e-05
5.323794900000000272e-04 6.912051319999999537e-05
5.680700409999999995e-04 6.966485670000000538e-05
6.038696739999999509e-04 7.086272669999999396e-05
6.397273390000000372e-04 7.132930479999999870e-05
6.757288360000000263e-04 7.252179059999999634e-05
7.115261980000000533e-04 7.277945409999999574e-05
7.472364810000000019e-04 7.350162199999999454e-05
7.836661529999999591e-04 7.424326759999999375e-05
8.212584069999999490e-04 7.450555130000000113e-05
8.598485149999999730e-04 7.514830939999999780e-05
8.988285550000000125e-04 7.614185599999999648e-05
9.376449159999999819e-04 7.645243750000000607e-05
9.759461389999999834e-04 7.832117990000000529e-05
1.014156850000000071e-03 7.888663819999999836e-05
1.052728389999999913e-03 7.970537990000000467e-05
1.092163259999999990e-03 8.057236850000000516e-05
1.133317590000000033e-03 8.026523569999999546e-05
1.175866700000000042e-03 8.093724320000000242e-05
1.218138379999999903e-03 8.311266720000000093e-05
1.259429729999999963e-03 8.336266909999999399e-05
1.300617700000000028e-03 8.422822429999999477e-05
1.341890429999999896e-03 8.453370539999999341e-05
1.383450930000000014e-03 8.506115410000000387e-05
1.427480490000000062e-03 8.679049640000000411e-05
1.473747079999999975e-03 8.770435669999999419e-05
1.519839750000000081e-03 8.786850959999999492e-05
1.564986649999999986e-03 9.006718760000000470e-05
1.609395609999999957e-03 9.047754430000000425e-05
1.653279060000000097e-03 9.232264709999999611e-05
1.698186969999999994e-03 9.353886709999999444e-05
1.745662540000000049e-03 9.281434180000000176e-05
1.795216349999999988e-03 9.386414599999999379e-05
1.845108810000000051e-03 9.603576470000000243e-05
1.894130020000000083e-03 9.629551640000000344e-05
1.942333070000000017e-03 9.856601540000000544e-05
1.990234479999999830e-03 9.913565740000000238e-05
2.038623439999999801e-03 9.971686090000000241e-05
2.089346760000000171e-03 1.013951329999999979e-04
2.142844259999999914e-03 1.016220269999999976e-04
2.197657479999999813e-03 1.024249580000000012e-04
2.251714470000000003e-03 1.057221090000000000e-04
2.304149090000000202e-03 1.060055369999999945e-04
2.355803039999999904e-03 1.082992379999999987e-04
2.408287490000000051e-03 1.095499319999999936e-04
2.463204090000000162e-03 1.087632410000000013e-04
2.521425250000000184e-03 1.105376140000000019e-04
2.581934440000000115e-03 1.118591679999999936e-04
2.642303239999999834e-03 1.121760219999999982e-04
2.700432669999999931e-03 1.165752619999999977e-04
2.756824020000000087e-03 1.171929469999999959e-04
2.813203729999999916e-03 1.189260000000000062e-04
2.872354350000000042e-03 1.211302659999999949e-04
2.936160890000000072e-03 1.197237290000000064e-04
3.003083169999999896e-03 1.211698839999999963e-04
3.069596830000000109e-03 1.256309919999999952e-04
3.134916540000000189e-03 1.264349270000000120e-04
3.198552879999999859e-03 1.317113490000000012e-04
3.261346599999999808e-03 1.331950189999999931e-04
3.326609500000000073e-03 1.329573720000000122e-04
3.396919699999999785e-03 1.359009769999999957e-04
3.471035510000000050e-03 1.379885940000000059e-04
3.545694519999999933e-03 1.389739769999999983e-04
3.619004040000000158e-03 1.436968160000000067e-04
3.691357560000000076e-03 1.449182749999999961e-04
3.762964860000000186e-03 1.498365020000000066e-04
3.837214319999999838e-03 1.530913720000000062e-04
3.917179070000000388e-03 1.523173849999999918e-04
4.003687300000000233e-03 1.560687820000000031e-04
4.091706589999999887e-03 1.642688149999999893e-04
4.180719609999999573e-03 1.677089169999999960e-04
4.268446010000000353e-03 1.790863460000000128e-04
4.355791490000000127e-03 1.830703259999999922e-04
4.446058529999999745e-03 1.896223980000000036e-04
4.547183869999999774e-03 1.983696129999999876e-04
4.657279230000000228e-03 2.073376959999999943e-04
4.779157229999999972e-03 2.177729329999999867e-04
4.905023609999999840e-03 2.405438430000000102e-04
5.041130349999999906e-03 2.547318579999999981e-04
5.177213810000000187e-03 2.936744710000000229e-04
5.354532969999999982e-03 3.326250300000000099e-04
5.550515839999999902e-03 4.096133339999999900e-04
6.592831109999999946e-03 9.440844299999999988e-04
7.672622330000000018e-03 2.367932819999999869e-03
8.049407039999999583e-03 2.460437590000000025e-03
9.205377659999999795e-03 1.416227200000000006e-03
1.027523070000000045e-02 9.875537360000000500e-04
1.073435879999999967e-02 8.168861970000000378e-04
1.116123330000000011e-02 7.366304049999999534e-04
1.152405890000000009e-02 6.189068080000000374e-04
1.189054739999999971e-02 5.786734979999999962e-04
1.220096279999999950e-02 5.614529949999999721e-04
1.249930640000000009e-02 5.476284419999999506e-04
1.278096999999999914e-02 5.360131620000000091e-04
1.305402540000000049e-02 5.270319529999999489e-04
1.332021409999999996e-02 5.145068280000000219e-04
1.358741989999999976e-02 5.102561549999999786e-04
1.385459019999999916e-02 4.975622870000000501e-04
1.410592809999999982e-02 4.838310709999999837e-04
1.435396539999999992e-02 4.520558580000000218e-04
1.458900609999999945e-02 4.325043120000000049e-04
1.480432410000000025e-02 4.102729440000000140e-04
1.501473509999999914e-02 3.996120939999999854e-04
1.521553840000000081e-02 3.867518970000000046e-04
1.541822120000000025e-02 3.829844649999999896e-04
1.561916619999999950e-02 3.747041630000000085e-04
1.581651900000000111e-02 3.698239449999999912e-04
1.600626299999999974e-02 3.689564469999999851e-04
1.618935540000000090e-02 3.644067909999999908e-04
1.636891630000000125e-02 3.583478970000000103e-04
1.654878070000000145e-02 3.565925289999999771e-04
1.673146340000000037e-02 3.463507749999999823e-04
1.691819539999999886e-02 3.448509379999999992e-04
1.710158399999999954e-02 3.469240330000000045e-04
1.727564629999999921e-02 3.423138700000000071e-04
1.744383199999999939e-02 3.386429450000000198e-04
1.761121120000000081e-02 3.366077729999999990e-04
1.777876169999999950e-02 3.313061900000000156e-04
1.794883419999999952e-02 3.311359319999999961e-04
1.812157030000000058e-02 3.255967459999999916e-04
1.829401959999999924e-02 3.234282489999999884e-04
1.846100759999999910e-02 3.271209719999999908e-04
1.862364819999999879e-02 3.256195630000000008e-04
1.878346129999999836e-02 3.255455520000000180e-04
1.894320180000000006e-02 3.256980560000000179e-04
1.910685930000000088e-02 3.202005760000000063e-04
1.927427760000000045e-02 3.202604710000000153e-04
1.944247630000000074e-02 3.185262899999999993e-04
1.960823680000000138e-02 3.166537210000000113e-04
1.976970960000000097e-02 3.192018190000000025e-04
1.992876459999999919e-02 3.184532400000000254e-04
2.008595499999999909e-02 3.188824629999999802e-04
2.024614070000000168e-02 3.210530560000000107e-04
2.041221970000000122e-02 3.178584159999999826e-04
2.058251950000000025e-02 3.190262650000000029e-04
2.075133659999999977e-02 3.241393720000000124e-04
2.091493830000000151e-02 3.230655569999999811e-04
2.107627689999999956e-02 3.238538919999999909e-04
2.123689470000000162e-02 3.234860780000000128e-04
2.139721249999999853e-02 3.235749319999999918e-04
2.156327109999999977e-02 3.272727770000000190e-04
2.173472380000000120e-02 3.279451340000000118e-04
2.190745059999999952e-02 3.287252039999999788e-04
2.208119440000000031e-02 3.298264930000000049e-04
2.224835569999999985e-02 3.265004490000000164e-04
2.240842579999999945e-02 3.284499110000000180e-04
2.256879399999999966e-02 3.293308550000000187e-04
2.273360450000000074e-02 3.249854780000000073e-04
2.290288359999999995e-02 3.258803039999999952e-04
2.307444250000000030e-02 3.239542709999999968e-04
2.324718980000000171e-02 3.241924280000000268e-04
2.341680599999999834e-02 3.306900329999999969e-04
2.358035179999999967e-02 3.291642639999999833e-04
2.374099199999999896e-02 3.291467150000000120e-04
2.390432730000000006e-02 3.309823810000000056e-04
2.407236399999999887e-02 3.288604489999999870e-04
2.424755690000000158e-02 3.321668770000000236e-04
2.442537989999999867e-02 3.363425790000000169e-04
2.459790930000000167e-02 3.348934109999999911e-04
2.476483020000000076e-02 3.408606859999999822e-04
2.492705920000000061e-02 3.399623670000000196e-04
2.508990089999999992e-02 3.358015380000000110e-04
2.525654249999999962e-02 3.368154870000000258e-04
2.542853360000000076e-02 3.307198640000000062e-04
2.560620749999999862e-02 3.317017980000000108e-04
2.578355189999999991e-02 3.356141970000000013e-04
2.595503069999999940e-02 3.337352829999999963e-04
2.611982449999999956e-02 3.390156199999999815e-04
2.628283760000000094e-02 3.396224640000000249e-04
2.645064700000000074e-02 3.339557149999999993e-04
2.662544320000000131e-02 3.363349820000000154e-04
2.680457199999999873e-02 3.350869230000000083e-04
2.698130350000000136e-02 3.329697360000000031e-04
2.715333740000000148e-02 3.355547960000000241e-04
2.732148389999999871e-02 3.343822610000000257e-04
2.748566309999999832e-02 3.370967749999999926e-04
2.765139750000000091e-02 3.390083439999999984e-04
2.782258760000000039e-02 3.358600660000000070e-04
2.799867279999999903e-02 3.374366789999999833e-04
2.817722779999999941e-02 3.370705239999999899e-04
2.835370599999999935e-02 3.359201069999999748e-04
2.852869029999999945e-02 3.358443499999999755e-04
2.869964020000000116e-02 3.331688640000000229e-04
2.886366660000000070e-02 3.366450549999999969e-04
2.902880500000000127e-02 3.387912880000000038e-04
2.920215580000000075e-02 3.316873340000000181e-04
2.938123789999999916e-02 3.323433050000000003e-04
2.955855240000000023e-02 3.364854490000000233e-04
2.973042429999999889e-02 3.349339239999999805e-04
2.989815549999999891e-02 3.381655840000000234e-04
3.006185590000000005e-02 3.366809110000000007e-04
3.022535700000000131e-02 3.322532870000000104e-04
3.039642050000000012e-02 3.354267099999999786e-04
3.057485449999999827e-02 3.319567479999999972e-04
3.075353239999999849e-02 3.306228030000000237e-04
3.092860060000000161e-02 3.335691579999999963e-04
3.109740279999999996e-02 3.310994649999999943e-04
3.125812859999999721e-02 3.370540510000000016e-04
3.142131120000000305e-02 3.404419989999999947e-04
3.159444780000000147e-02 3.339097600000000168e-04
3.177195409999999942e-02 3.344090070000000020e-04
3.194936739999999775e-02 3.353035430000000103e-04
3.212338309999999975e-02 3.335869700000000009e-04
3.229183699999999685e-02 3.387290049999999958e-04
3.245492650000000173e-02 3.371294010000000009e-04
3.261757640000000069e-02 3.327756419999999805e-04
3.278646620000000289e-02 3.351816269999999764e-04
3.296241540000000025e-02 3.307159639999999773e-04
3.314223510000000039e-02 3.312090120000000127e-04
3.331809859999999845e-02 3.385553720000000180e-04
3.348360580000000336e-02 3.352099740000000065e-04
3.364351759999999886e-02 3.358807010000000072e-04
3.380580620000000341e-02 3.373180229999999877e-04
3.397379069999999918e-02 3.311873009999999752e-04
3.414855149999999895e-02 3.332771300000000100e-04
3.432799500000000004e-02 3.318984819999999843e-04
3.450749439999999807e-02 3.312146580000000038e-04
3.467962150000000049e-02 3.409861529999999759e-04
3.484149649999999931e-02 3.385808380000000133e-04
3.500247370000000163e-02 3.340417169999999902e-04
3.517030179999999784e-02 3.362924039999999832e-04
3.534568099999999685e-02 3.293358309999999765e-04
3.552516549999999718e-02 3.295196800000000075e-04
3.570090229999999670e-02 3.362664140000000217e-04
3.587149829999999873e-02 3.353836660000000195e-04
3.603734819999999950e-02 3.414773379999999745e-04
3.619872779999999679e-02 3.412207879999999845e-04
3.636211529999999748e-02 3.365278239999999993e-04
3.653223810000000293e-02 3.386466120000000040e-04
3.670879080000000183e-02 3.344695719999999902e-04
3.688623380000000118e-02 3.337330999999999913e-04
3.706134860000000197e-02 3.349232429999999964e-04
