-1.191241519999999970e-01 4.890698470000000471e-04
-1.188704149999999932e-01 4.963338139999999522e-04
-1.186268330000000010e-01 4.935389729999999781e-04
-1.183874310000000013e-01 4.946190749999999870e-04
-1.181452570000000035e-01 4.966683919999999742e-04
-1.178984270000000001e-01 4.927451960000000294e-04
-1.176467759999999946e-01 4.942343219999999855e-04
-1.173910199999999987e-01 4.915327880000000321e-04
-1.171297060000000001e-01 4.938993369999999635e-04
-1.168722440000000001e-01 5.068925090000000241e-04
-1.166301520000000008e-01 5.023321139999999520e-04
-1.163964569999999948e-01 5.036685030000000261e-04
-1.161574419999999996e-01 5.073401260000000431e-04
-1.159049870000000010e-01 4.950904399999999815e-04
-1.156409459999999945e-01 4.969470900000000444e-04
-1.153763609999999967e-01 5.012395559999999499e-04
-1.151197030000000038e-01 4.987126450000000299e-04
-1.148708459999999987e-01 5.065843000000000212e-04
-1.146285759999999959e-01 5.054693320000000099e-04
-1.143939640000000008e-01 5.132639200000000323e-04
-1.141560749999999957e-01 5.180418960000000069e-04
-1.138969960000000003e-01 4.959474319999999546e-04
-1.136285890000000021e-01 4.935953180000000233e-04
-1.133689279999999938e-01 5.016581270000000214e-04
-1.131165850000000056e-01 5.001613749999999628e-04
-1.128718930000000009e-01 5.087553870000000294e-04
-1.126305539999999938e-01 5.091461940000000181e-04
-1.123872320000000036e-01 5.068879689999999504e-04
-1.121354029999999946e-01 5.118679260000000373e-04
-1.118744390000000061e-01 5.105205350000000149e-04
-1.116152930000000043e-01 5.089446789999999953e-04
-1.113557369999999963e-01 5.057904050000000019e-04
-1.111018359999999955e-01 5.012616170000000525e-04
-1.108591180000000065e-01 5.054150820000000502e-04
-1.106186880000000067e-01 5.055341750000000344e-04
-1.103749130000000050e-01 5.002692339999999498e-04
-1.101211309999999971e-01 5.043821879999999501e-04
-1.098590720000000021e-01 5.019864769999999926e-04
-1.095954249999999963e-01 5.020728570000000451e-04
-1.093341109999999977e-01 5.061937849999999500e-04
-1.090854410000000052e-01 4.994111950000000404e-04
-1.088473870000000038e-01 4.982603129999999859e-04
-1.086039770000000043e-01 5.017401419999999515e-04
-1.083543669999999931e-01 5.010969470000000391e-04
-1.080950499999999981e-01 5.066721929999999912e-04
-1.078252489999999980e-01 5.066150329999999499e-04
-1.075615810000000033e-01 5.029344469999999685e-04
-1.073102060000000052e-01 5.112897489999999922e-04
-1.070676450000000030e-01 5.090081829999999492e-04
-1.068302470000000032e-01 5.112991780000000460e-04
-1.065867389999999998e-01 5.157954290000000110e-04
-1.063267590000000068e-01 5.007999720000000333e-04
-1.060544330000000035e-01 5.028230369999999675e-04
-1.057873669999999933e-01 5.172222740000000053e-04
-1.055315809999999993e-01 5.149315109999999572e-04
-1.052793709999999966e-01 5.145295870000000460e-04
-1.050306480000000042e-01 5.130064089999999792e-04
-1.047844369999999942e-01 5.129603669999999649e-04
-1.045327780000000067e-01 5.162026500000000068e-04
-1.042716649999999995e-01 5.114044759999999664e-04
-1.040024680000000007e-01 5.145301110000000122e-04
-1.037326229999999960e-01 5.201863819999999472e-04
-1.034730970000000000e-01 5.160262810000000111e-04
-1.032227200000000039e-01 5.197349819999999739e-04
-1.029779690000000025e-01 5.176897389999999708e-04
-1.027306469999999944e-01 5.077226669999999930e-04
-1.024660770000000026e-01 5.144983300000000427e-04
-1.021940779999999938e-01 5.209273659999999690e-04
-1.019233910000000021e-01 5.217336580000000003e-04
-1.016548800000000030e-01 5.276011650000000377e-04
-1.013993549999999966e-01 5.226494400000000068e-04
-1.011523079999999963e-01 5.250000390000000286e-04
-1.009015369999999995e-01 5.280713090000000321e-04
-1.006420179999999998e-01 5.200722950000000178e-04
-1.003757269999999979e-01 5.212643299999999980e-04
-1.001012399999999941e-01 5.108946929999999597e-04
-9.982779619999999909e-02 5.065356960000000526e-04
-9.957107160000000512e-02 5.223387270000000348e-04
-9.932366759999999850e-02 5.224336059999999541e-04
-9.907650950000000678e-02 5.231208629999999863e-04
-9.882692989999999900e-02 5.248216910000000259e-04
-9.856557100000000460e-02 5.098765829999999831e-04
-9.829226139999999723e-02 5.109625640000000279e-04
-9.802033009999999713e-02 5.163084720000000018e-04
-9.775767479999999954e-02 5.133641530000000253e-04
-9.750188140000000392e-02 5.185347980000000294e-04
-9.725061059999999535e-02 5.176800189999999956e-04
-9.700402619999999587e-02 5.211829560000000002e-04
-9.675048290000000384e-02 5.266279910000000496e-04
-9.648115190000000618e-02 5.154220849999999578e-04
-9.620879590000000481e-02 5.132129880000000418e-04
-9.594284000000000145e-02 5.177732090000000502e-04
-9.568435699999999766e-02 5.149269130000000069e-04
-9.543485190000000618e-02 5.220063609999999561e-04
-9.518797699999999307e-02 5.222742330000000252e-04
-9.493303300000000000e-02 5.095733800000000350e-04
-9.466560179999999880e-02 5.131837680000000306e-04
-9.439396860000000278e-02 5.162305900000000369e-04
-9.412368390000000473e-02 5.165286129999999750e-04
-9.385872630000000050e-02 5.282041969999999717e-04
-9.360504899999999573e-02 5.256480650000000445e-04
-9.335578980000000526e-02 5.239304739999999828e-04
-9.310179200000000266e-02 5.261605259999999756e-04
-9.284024690000000635e-02 5.197685100000000100e-04
-9.257418659999999688e-02 5.201791059999999640e-04
-9.230419989999999464e-02 5.147668420000000482e-04
-9.203223139999999747e-02 5.140146820000000144e-04
-9.177184100000000677e-02 5.312582939999999651e-04
-9.152074159999999681e-02 5.311695859999999991e-04
-9.126774969999999765e-02 5.277267190000000090e-04
-9.100888669999999958e-02 5.307321550000000448e-04
-9.073802829999999542e-02 5.191741510000000065e-04
-9.046091139999999642e-02 5.187490609999999627e-04
-9.019066389999999545e-02 5.309673139999999654e-04
-8.992996809999999341e-02 5.296516470000000318e-04
-8.967378739999999626e-02 5.315319289999999915e-04
-8.942188319999999635e-02 5.296392480000000277e-04
-8.916604520000000200e-02 5.178194840000000009e-04
-8.889477699999999427e-02 5.228386729999999916e-04
-8.861748869999999667e-02 5.267482480000000447e-04
-8.834348620000000152e-02 5.261828770000000037e-04
-8.807490020000000031e-02 5.336438769999999514e-04
-8.781491219999999764e-02 5.304472870000000173e-04
-8.756089209999999567e-02 5.314721490000000109e-04
-8.730491999999999420e-02 5.337343899999999692e-04
-8.703901619999999950e-02 5.235275600000000159e-04
-8.676561709999999761e-02 5.243284389999999925e-04
-8.649172630000000195e-02 5.276992449999999600e-04
-8.621945979999999510e-02 5.279519250000000181e-04
-8.595553039999999367e-02 5.405481210000000203e-04
-8.570260550000000088e-02 5.384693499999999812e-04
-8.544898030000000477e-02 5.315332089999999727e-04
-8.518501370000000628e-02 5.352543670000000330e-04
-8.491154019999999636e-02 5.297375609999999948e-04
-8.463101829999999937e-02 5.319885089999999749e-04
-8.435115220000000136e-02 5.393235479999999513e-04
-8.407815550000000138e-02 5.370987349999999496e-04
-8.381520959999999576e-02 5.476217480000000271e-04
-8.355726300000000661e-02 5.491540070000000204e-04
-8.329166470000000377e-02 5.427419670000000525e-04
-8.301895859999999794e-02 5.446837169999999700e-04
-8.273767680000000679e-02 5.337198380000000028e-04
-8.244809509999999342e-02 5.347599509999999886e-04
-8.216719329999999655e-02 5.521313869999999475e-04
-8.190024640000000133e-02 5.500010449999999775e-04
-8.163800840000000336e-02 5.519354600000000392e-04
-8.137696980000000413e-02 5.519082770000000200e-04
-8.110842109999999439e-02 5.393004390000000247e-04
-8.082637189999999916e-02 5.428730510000000448e-04
-8.053851870000000579e-02 5.431150779999999526e-04
-8.025842160000000447e-02 5.378124189999999860e-04
-7.999134060000000213e-02 5.447818549999999859e-04
-7.973087580000000341e-02 5.440678210000000469e-04
-7.947116349999999718e-02 5.454055499999999708e-04
-7.920938730000000316e-02 5.471099870000000094e-04
-7.893631610000000076e-02 5.309584669999999713e-04
-7.865546639999999867e-02 5.298159670000000343e-04
-7.837850600000000056e-02 5.331349680000000302e-04
-7.811009139999999795e-02 5.291990820000000515e-04
-7.785278560000000181e-02 5.368187560000000106e-04
-7.760331030000000574e-02 5.348626869999999547e-04
-7.734946909999999842e-02 5.221618919999999496e-04
-7.707949729999999389e-02 5.265598299999999475e-04
-7.680115099999999806e-02 5.248680830000000512e-04
-7.652536029999999767e-02 5.234351849999999574e-04
-7.625284790000000368e-02 5.248941600000000445e-04
-7.598748060000000415e-02 5.211434329999999580e-04
-7.573235030000000090e-02 5.297511230000000139e-04
-7.547631109999999866e-02 5.333921869999999491e-04
-7.521329820000000055e-02 5.298853500000000240e-04
-7.494342330000000607e-02 5.327455579999999889e-04
-7.466687260000000326e-02 5.295601439999999584e-04
-7.439261669999999715e-02 5.270380640000000335e-04
-7.412948460000000350e-02 5.385964179999999744e-04
-7.387556139999999771e-02 5.372238810000000333e-04
-7.362062480000000630e-02 5.317283789999999784e-04
-7.336051020000000644e-02 5.321466600000000161e-04
-7.309202850000000307e-02 5.194180990000000445e-04
-7.281336189999999819e-02 5.216518180000000214e-04
-7.253730299999999742e-02 5.321743080000000204e-04
-7.227116819999999942e-02 5.300336630000000195e-04
-7.201091950000000630e-02 5.359053030000000221e-04
-7.175463440000000304e-02 5.356358009999999609e-04
-7.149536909999999745e-02 5.279096079999999729e-04
-7.122482360000000068e-02 5.319032930000000417e-04
-7.094605269999999797e-02 5.292601420000000133e-04
-7.066962120000000458e-02 5.269011020000000014e-04
-7.040259990000000134e-02 5.360603100000000494e-04
-7.014358040000000238e-02 5.345545940000000305e-04
-6.988646090000000255e-02 5.335515020000000013e-04
-6.962181630000000010e-02 5.369815629999999873e-04
-6.934956459999999656e-02 5.338448100000000229e-04
-6.907448920000000547e-02 5.351339349999999781e-04
-6.879752129999999744e-02 5.355708419999999663e-04
-6.852428620000000636e-02 5.334974849999999779e-04
-6.825994700000000137e-02 5.445954739999999891e-04
-6.800350550000000549e-02 5.438520459999999753e-04
-6.774339079999999735e-02 5.336239700000000238e-04
-6.747114660000000375e-02 5.372286540000000433e-04
-6.719307600000000436e-02 5.375152690000000290e-04
-6.691662969999999377e-02 5.366411060000000378e-04
-6.664425879999999469e-02 5.410076699999999579e-04
-6.637766209999999834e-02 5.391080630000000219e-04
-6.611678749999999605e-02 5.433739859999999530e-04
-6.585510819999999821e-02 5.446534490000000265e-04
-6.558668609999999954e-02 5.369546709999999980e-04
-6.531283259999999535e-02 5.381681260000000400e-04
-6.503310800000000613e-02 5.337760089999999845e-04
-6.475348029999999921e-02 5.321468339999999714e-04
-6.448439509999999431e-02 5.431668250000000475e-04
-6.422513720000000426e-02 5.412331080000000157e-04
-6.396555160000000351e-02 5.353212470000000495e-04
-6.370104849999999597e-02 5.361459329999999825e-04
-6.343295429999999679e-02 5.324358349999999641e-04
-6.315618010000000060e-02 5.363124070000000517e-04
-6.287569549999999508e-02 5.408784490000000025e-04
-6.260340659999999446e-02 5.375964679999999671e-04
-6.233977899999999794e-02 5.429428420000000305e-04
-6.207780539999999819e-02 5.431444150000000384e-04
-6.181444600000000206e-02 5.413650649999999891e-04
-6.154390800000000133e-02 5.457610239999999800e-04
-6.126205249999999713e-02 5.411851449999999794e-04
-6.098015610000000197e-02 5.395697660000000262e-04
-6.070627270000000103e-02 5.463781420000000076e-04
-6.043849510000000314e-02 5.451596230000000341e-04
-6.017588819999999949e-02 5.503975549999999464e-04
-5.991315099999999783e-02 5.523599100000000381e-04
-5.964260920000000188e-02 5.447847069999999740e-04
-5.936583880000000091e-02 5.458004310000000520e-04
-5.908616259999999870e-02 5.437749790000000064e-04
-5.880707129999999949e-02 5.419506919999999726e-04
-5.853455510000000334e-02 5.478283859999999623e-04
-5.827049909999999777e-02 5.456175419999999797e-04
-5.800734829999999731e-02 5.409904990000000483e-04
-5.773328989999999827e-02 5.458504309999999719e-04
-5.744979900000000278e-02 5.457151560000000293e-04
-5.716735869999999692e-02 5.450499589999999953e-04
-5.688938129999999982e-02 5.485683800000000368e-04
-5.661557989999999735e-02 5.473275670000000244e-04
-5.634724349999999798e-02 5.530012420000000222e-04
-5.608069899999999774e-02 5.539660340000000013e-04
-5.580978839999999747e-02 5.493612840000000044e-04
-5.553462730000000014e-02 5.502584389999999560e-04
-5.525408689999999901e-02 5.437675859999999486e-04
-5.497008190000000211e-02 5.427621070000000249e-04
-5.469217519999999833e-02 5.501420819999999897e-04
-5.442373830000000329e-02 5.478722160000000334e-04
-5.415890739999999759e-02 5.475719229999999500e-04
-5.389181519999999836e-02 5.488187309999999685e-04
-5.361829700000000226e-02 5.436579809999999994e-04
-5.333802099999999935e-02 5.458552619999999670e-04
-5.305527899999999686e-02 5.457758669999999762e-04
-5.277319250000000322e-02 5.453534539999999693e-04
-5.249599740000000098e-02 5.523419240000000240e-04
-5.222380909999999737e-02 5.518490220000000016e-04
-5.195521560000000011e-02 5.564808960000000365e-04
-5.168535929999999723e-02 5.589068169999999525e-04
-5.140874909999999798e-02 5.543717419999999712e-04
-5.112343650000000100e-02 5.572005759999999665e-04
-5.083633590000000146e-02 5.620861779999999919e-04
-5.055535960000000217e-02 5.609338400000000091e-04
-5.027805639999999993e-02 5.638286240000000508e-04
-5.000211670000000164e-02 5.640571470000000330e-04
-4.972468690000000219e-02 5.643515609999999721e-04
-4.944239930000000199e-02 5.673688139999999522e-04
-4.915486649999999819e-02 5.648766529999999560e-04
-4.886402559999999951e-02 5.659690360000000069e-04
-4.857479779999999969e-02 5.716930029999999505e-04
-4.829228299999999835e-02 5.697194719999999551e-04
-4.801530760000000120e-02 5.734799779999999979e-04
-4.773699490000000295e-02 5.756361060000000397e-04
-4.745183890000000126e-02 5.702084159999999636e-04
-4.716084520000000252e-02 5.709796100000000523e-04
-4.687028750000000327e-02 5.738515759999999804e-04
-4.658055679999999893e-02 5.751664280000000264e-04
-4.628952969999999834e-02 5.788414269999999978e-04
-4.600608350000000291e-02 5.756149180000000266e-04
-4.572733489999999956e-02 5.723037169999999800e-04
-4.544503989999999771e-02 5.732433640000000365e-04
-4.515805839999999932e-02 5.680324979999999604e-04
-4.486609999999999904e-02 5.691464760000000244e-04
-4.457359019999999894e-02 5.713210559999999530e-04
-4.428734630000000227e-02 5.683388440000000348e-04
-4.400758069999999994e-02 5.708658720000000294e-04
-4.373032599999999992e-02 5.702677879999999483e-04
-4.345415159999999749e-02 5.704110370000000122e-04
-4.317310080000000272e-02 5.726137310000000346e-04
-4.288239030000000340e-02 5.626631320000000450e-04
-4.259129610000000205e-02 5.600828440000000380e-04
-4.230457170000000156e-02 5.622974709999999749e-04
-4.202387109999999870e-02 5.594845280000000165e-04
-4.175056519999999910e-02 5.618759309999999492e-04
-4.147966580000000264e-02 5.612917590000000064e-04
-4.120590910000000023e-02 5.549016639999999542e-04
-4.092357679999999998e-02 5.577548869999999657e-04
-4.063586889999999674e-02 5.567131449999999839e-04
-4.035099970000000091e-02 5.546329779999999935e-04
-4.007291419999999688e-02 5.601768499999999762e-04
-3.979841989999999968e-02 5.592599049999999548e-04
-3.952395920000000007e-02 5.567593029999999684e-04
-3.924784060000000019e-02 5.576122779999999465e-04
-3.896805639999999932e-02 5.538995029999999997e-04
-3.868490089999999937e-02 5.545801829999999662e-04
-3.839956220000000087e-02 5.549243649999999932e-04
-3.811680530000000067e-02 5.535045640000000417e-04
-3.784238169999999679e-02 5.613450779999999999e-04
-3.757152329999999957e-02 5.620233709999999635e-04
-3.729687999999999753e-02 5.575890540000000457e-04
-3.701689469999999704e-02 5.592028030000000070e-04
-3.673400730000000308e-02 5.588426139999999728e-04
-3.645110129999999671e-02 5.587241030000000483e-04
-3.616900370000000059e-02 5.597406999999999990e-04
-3.588739039999999658e-02 5.590522199999999747e-04
-3.560958429999999675e-02 5.634703560000000385e-04
-3.533394630000000203e-02 5.645281640000000085e-04
-3.505485130000000199e-02 5.617257560000000214e-04
-3.477179999999999854e-02 5.630829839999999852e-04
-3.448322420000000249e-02 5.597768469999999785e-04
-3.419364619999999688e-02 5.591934900000000317e-04
-3.391099720000000095e-02 5.669913370000000423e-04
-3.363405910000000221e-02 5.663667109999999828e-04
-3.335758300000000315e-02 5.653965640000000424e-04
-3.308007119999999829e-02 5.656656579999999991e-04
-3.279798109999999822e-02 5.587643829999999930e-04
-3.250749780000000005e-02 5.613220269999999500e-04
-3.221722319999999889e-02 5.687752269999999484e-04
-3.193205970000000116e-02 5.676134610000000162e-04
-3.164990250000000033e-02 5.693816350000000534e-04
-3.137080739999999895e-02 5.689586399999999869e-04
-3.109222459999999924e-02 5.686429209999999601e-04
-3.081034870000000023e-02 5.705016080000000151e-04
-3.052107059999999844e-02 5.654900450000000184e-04
-3.023037129999999947e-02 5.645399799999999569e-04
-2.994448129999999902e-02 5.677660229999999470e-04
-2.966283449999999877e-02 5.663780609999999500e-04
-2.938446219999999928e-02 5.679891909999999679e-04
-2.910526280000000007e-02 5.690669059999999739e-04
-2.882269020000000070e-02 5.664333579999999545e-04
-2.853669600000000028e-02 5.675424470000000384e-04
-2.824823560000000108e-02 5.665122879999999602e-04
-2.795996519999999902e-02 5.652555850000000152e-04
-2.767643150000000107e-02 5.696557349999999565e-04
-2.739745749999999980e-02 5.692820410000000008e-04
-2.711693940000000150e-02 5.678291200000000092e-04
-2.683441900000000171e-02 5.685010109999999667e-04
-2.654930390000000140e-02 5.638923610000000494e-04
-2.626248639999999995e-02 5.632566169999999629e-04
-2.597648840000000084e-02 5.628615620000000349e-04
-2.569062819999999928e-02 5.626378119999999542e-04
-2.540904280000000001e-02 5.691537520000000076e-04
-2.513067420000000135e-02 5.695678409999999905e-04
-2.485048579999999882e-02 5.676817379999999800e-04
-2.456638029999999931e-02 5.693561979999999965e-04
-2.427803909999999912e-02 5.669395899999999473e-04
-2.398802709999999991e-02 5.662979670000000418e-04
-2.370170320000000025e-02 5.706625519999999549e-04
-2.342046609999999876e-02 5.699589959999999981e-04
-2.313950840000000148e-02 5.706290250000000232e-04
-2.285732329999999937e-02 5.716033630000000223e-04
-2.257315630000000101e-02 5.688575330000000168e-04
-2.228574449999999943e-02 5.698195309999999928e-04
-2.199705130000000064e-02 5.703559730000000525e-04
-2.171130849999999834e-02 5.687777300000000300e-04
-2.142939899999999828e-02 5.707954989999999840e-04
-2.115013079999999990e-02 5.699359460000000526e-04
-2.087039309999999884e-02 5.667640940000000412e-04
-2.058507869999999865e-02 5.681948389999999559e-04
-2.029581739999999912e-02 5.656068679999999658e-04
-2.000898499999999997e-02 5.639905580000000463e-04
-1.972556859999999995e-02 5.651800309999999638e-04
-1.944533920000000166e-02 5.637012650000000277e-04
-1.916673220000000150e-02 5.644278720000000344e-04
-1.888799110000000114e-02 5.647669900000000217e-04
-1.860727930000000141e-02 5.602958839999999793e-04
-1.832383129999999929e-02 5.603300519999999518e-04
-1.804010379999999858e-02 5.599601430000000508e-04
-1.775876620000000142e-02 5.583916209999999995e-04
-1.748154130000000028e-02 5.608974019999999998e-04
-1.720805469999999934e-02 5.595540859999999575e-04
-1.693417499999999923e-02 5.551700599999999895e-04
-1.665564630000000018e-02 5.556276880000000137e-04
-1.637485619999999933e-02 5.531438510000000414e-04
-1.609535139999999920e-02 5.522325520000000111e-04
-1.581646499999999830e-02 5.507312599999999872e-04
-1.553993109999999948e-02 5.487808960000000119e-04
-1.526659449999999939e-02 5.507579770000000253e-04
-1.499460820000000048e-02 5.506573360000000363e-04
-1.472219550000000016e-02 5.475900250000000427e-04
-1.444725409999999925e-02 5.480055119999999690e-04
-1.416999189999999971e-02 5.452868060000000015e-04
-1.389385949999999946e-02 5.436291100000000031e-04
-1.362173260000000032e-02 5.457088120000000084e-04
-1.335237080000000083e-02 5.447962899999999860e-04
-1.308375319999999925e-02 5.435047210000000387e-04
-1.281406640000000083e-02 5.429449959999999888e-04
-1.254223470000000000e-02 5.378279600000000120e-04
-1.226705129999999984e-02 5.387267449999999557e-04
-1.199164989999999993e-02 5.408555150000000271e-04
-1.172103269999999996e-02 5.387599809999999659e-04
-1.145304370000000023e-02 5.393470639999999863e-04
-1.118631200000000034e-02 5.388003190000000041e-04
-1.092031039999999918e-02 5.364631650000000352e-04
-1.065297800000000045e-02 5.364213139999999711e-04
-1.038350159999999918e-02 5.327286200000000155e-04
-1.011353169999999919e-02 5.316961910000000090e-04
-9.845517579999999228e-03 5.320912460000000455e-04
-9.581577960000000477e-03 5.297844759999999903e-04
-9.320884939999999480e-03 5.287930840000000477e-04
-9.057777930000000116e-03 5.291659040000000263e-04
-8.792525160000000048e-03 5.266285150000000158e-04
-8.528387170000000309e-03 5.257644809999999919e-04
-8.262781429999999441e-03 5.228954250000000369e-04
-7.998540070000000751e-03 5.210429660000000327e-04
-7.738628420000000056e-03 5.211320819999999947e-04
-7.481445090000000270e-03 5.195252600000000017e-04
-7.225197739999999688e-03 5.166245390000000475e-04
-6.968535019999999580e-03 5.158298300000000282e-04
-6.710761229999999931e-03 5.117672840000000523e-04
-6.453763230000000330e-03 5.098383990000000116e-04
-6.199100990000000304e-03 5.083783180000000070e-04
-5.946133749999999753e-03 5.068342429999999569e-04
-5.694193769999999696e-03 5.042588450000000345e-04
-5.444185340000000199e-03 5.014921190000000417e-04
-5.195677279999999856e-03 4.963199030000000267e-04
-4.948808350000000189e-03 4.941562659999999569e-04
-4.701298199999999657e-03 4.889300330000000269e-04
-4.454904239999999890e-03 4.863735229999999838e-04
-4.211833229999999845e-03 4.829538230000000138e-04
-3.972183909999999624e-03 4.796669819999999909e-04
-3.735239379999999790e-03 4.750506199999999894e-04
-3.499728860000000160e-03 4.725271140000000163e-04
-3.265968059999999930e-03 4.684374430000000063e-04
-3.033944169999999978e-03 4.659215920000000198e-04
-2.801910969999999931e-03 4.589176680000000251e-04
-2.572505729999999789e-03 4.548172869999999842e-04
-2.346612980000000077e-03 4.492888689999999957e-04
-2.122428039999999828e-03 4.456691089999999895e-04
-1.901019479999999920e-03 4.402615599999999902e-04
-1.682601169999999903e-03 4.371283279999999970e-04
-1.464636529999999897e-03 4.308129430000000076e-04
-1.248476099999999917e-03 4.274488890000000029e-04
-1.035757009999999957e-03 4.222031860000000254e-04
-8.253168780000000532e-04 4.189456229999999988e-04
-6.175395099999999790e-04 4.143408730000000019e-04
-4.103608659999999765e-04 4.123867550000000107e-04
-2.049435419999999953e-04 4.096589690000000043e-04
1.274745959999999906e-06 4.092437739999999955e-04
2.061169360000000036e-04 4.101497759999999954e-04
4.136440690000000079e-04 4.116109339999999791e-04
6.209230629999999695e-04 4.158951340000000083e-04
8.300713379999999928e-04 4.191179180000000103e-04
1.041178360000000105e-03 4.247987239999999744e-04
1.254232369999999912e-03 4.280144060000000026e-04
1.470237039999999946e-03 4.336693379999999754e-04
1.688298890000000099e-03 4.369473030000000117e-04
1.907270399999999892e-03 4.429026740000000266e-04
2.128644849999999922e-03 4.464905069999999961e-04
2.352929440000000108e-03 4.515995390000000255e-04
2.580519529999999919e-03 4.554251500000000216e-04
2.810564819999999964e-03 4.619537500000000119e-04
3.043307920000000097e-03 4.652866629999999836e-04
3.277865699999999837e-03 4.714956450000000227e-04
3.512609050000000104e-03 4.744772160000000085e-04
3.749540540000000002e-03 4.791088579999999947e-04
3.989124670000000067e-03 4.823683120000000005e-04
4.232901150000000119e-03 4.862795760000000267e-04
4.478755410000000159e-03 4.889416740000000240e-04
4.725091160000000068e-03 4.936963090000000233e-04
4.971988499999999839e-03 4.957453929999999656e-04
5.219171289999999588e-03 5.009609739999999582e-04
5.467594600000000304e-03 5.035838690000000442e-04
5.719092670000000198e-03 5.057374950000000004e-04
5.975105330000000069e-03 5.085276790000000432e-04
6.233572960000000225e-03 5.121781140000000471e-04
6.491042209999999847e-03 5.135855169999999905e-04
6.747894919999999734e-03 5.185078479999999466e-04
7.004271729999999967e-03 5.199993030000000290e-04
7.263517009999999677e-03 5.213405819999999708e-04
7.524877319999999717e-03 5.230935060000000119e-04
7.788479790000000375e-03 5.222529870000000270e-04
8.054166099999999356e-03 5.232025869999999950e-04
8.318848909999999180e-03 5.275136789999999593e-04
8.583313789999999846e-03 5.289338880000000152e-04
8.847207759999999727e-03 5.338298509999999482e-04
9.111288929999999259e-03 5.349770070000000374e-04
9.377159180000000510e-03 5.351696749999999576e-04
9.644486940000000438e-03 5.368404090000000089e-04
9.914837779999999615e-03 5.364535030000000451e-04
1.018676810000000016e-02 5.372585729999999719e-04
1.045874880000000062e-02 5.414463810000000018e-04
1.072855009999999949e-02 5.416510390000000424e-04
1.099762599999999993e-02 5.413838080000000141e-04
1.126760429999999931e-02 5.418293289999999516e-04
1.153720360000000042e-02 5.436982029999999589e-04
1.181018349999999988e-02 5.464019489999999641e-04
1.208680219999999986e-02 5.478390380000000082e-04
1.236341430000000019e-02 5.476048680000000389e-04
1.263800359999999942e-02 5.503212449999999884e-04
1.290907709999999931e-02 5.499398099999999560e-04
1.317950709999999963e-02 5.499495310000000357e-04
1.345280369999999996e-02 5.516688109999999621e-04
1.373110150000000050e-02 5.502017450000000042e-04
1.401141470000000049e-02 5.508848699999999588e-04
1.429127250000000043e-02 5.514503569999999700e-04
1.456960199999999921e-02 5.507357419999999674e-04
1.484351509999999943e-02 5.561236759999999566e-04
1.511610109999999944e-02 5.572664090000000467e-04
1.539125950000000062e-02 5.561469589999999468e-04
1.566913539999999910e-02 5.573768289999999920e-04
1.594983789999999957e-02 5.560753630000000178e-04
1.623401979999999911e-02 5.569325880000000357e-04
1.651695179999999874e-02 5.613930410000000362e-04
1.679647529999999875e-02 5.617153370000000203e-04
1.707571000000000089e-02 5.652263640000000080e-04
1.735417729999999895e-02 5.660296879999999727e-04
1.763500650000000142e-02 5.621931050000000167e-04
1.792076420000000142e-02 5.637736759999999528e-04
1.820769909999999867e-02 5.662003529999999922e-04
1.849357230000000032e-02 5.664359780000000023e-04
1.877673339999999871e-02 5.716147719999999707e-04
1.905726079999999975e-02 5.718957399999999693e-04
1.933833960000000060e-02 5.717562739999999680e-04
1.962321250000000072e-02 5.732044810000000391e-04
1.991175859999999923e-02 5.711057459999999749e-04
2.020238900000000115e-02 5.723735669999999469e-04
2.049431950000000016e-02 5.758919290000000073e-04
2.078155240000000015e-02 5.743437799999999730e-04
2.106386609999999840e-02 5.760693460000000437e-04
2.134697509999999854e-02 5.771681319999999882e-04
2.163240129999999956e-02 5.763527590000000304e-04
2.192028799999999958e-02 5.775373429999999678e-04
2.221219610000000136e-02 5.741151980000000097e-04
2.250472460000000133e-02 5.732562280000000256e-04
2.279306390000000043e-02 5.778616760000000524e-04
2.307792750000000129e-02 5.766502580000000024e-04
2.336185799999999924e-02 5.748326659999999965e-04
2.364735310000000076e-02 5.759003690000000014e-04
2.393801140000000049e-02 5.724424849999999515e-04
2.423233539999999908e-02 5.733997680000000111e-04
2.452495689999999867e-02 5.767173719999999513e-04
2.481358310000000150e-02 5.755097949999999490e-04
2.509710379999999935e-02 5.806750270000000068e-04
2.537734059999999930e-02 5.805620459999999948e-04
2.566121890000000114e-02 5.741748030000000391e-04
2.595014500000000085e-02 5.749089759999999544e-04
2.624166569999999976e-02 5.726139639999999710e-04
2.653545330000000105e-02 5.723631480000000542e-04
2.682750110000000146e-02 5.745806269999999792e-04
2.711381759999999946e-02 5.727250830000000506e-04
2.739588169999999934e-02 5.768251719999999572e-04
2.767761980000000080e-02 5.781024809999999641e-04
2.796339239999999851e-02 5.727533130000000061e-04
2.825449219999999831e-02 5.740285270000000358e-04
2.854656059999999967e-02 5.759536290000000138e-04
2.883561139999999898e-02 5.748324910000000452e-04
2.912045829999999891e-02 5.787329859999999510e-04
2.940259129999999929e-02 5.785063839999999907e-04
2.968489939999999910e-02 5.775864700000000150e-04
2.997048570000000051e-02 5.784400270000000528e-04
3.026103039999999966e-02 5.725600640000000222e-04
3.055495960000000066e-02 5.732505820000000345e-04
3.084933570000000097e-02 5.765837849999999858e-04
3.113774399999999845e-02 5.742079229999999708e-04
3.141937029999999909e-02 5.767353579999999653e-04
3.170311819999999808e-02 5.789183200000000114e-04
3.199027480000000284e-02 5.792882290000000208e-04
3.227734189999999920e-02 5.793676829999999927e-04
3.256805239999999851e-02 5.735072190000000021e-04
3.286056219999999861e-02 5.724781659999999498e-04
3.314919770000000071e-02 5.760881470000000538e-04
3.343453999999999871e-02 5.746303939999999628e-04
3.371673079999999711e-02 5.758191109999999738e-04
3.399864959999999992e-02 5.768708069999999716e-04
3.428559379999999990e-02 5.714537690000000498e-04
3.457699339999999871e-02 5.721686179999999847e-04
3.487027060000000289e-02 5.731898709999999793e-04
3.515947979999999723e-02 5.711226259999999631e-04
3.544177860000000124e-02 5.747365069999999876e-04
3.572037439999999758e-02 5.738147879999999602e-04
3.600004689999999896e-02 5.694649299999999647e-04
3.628417099999999701e-02 5.705755899999999511e-04
3.657270969999999732e-02 5.662877809999999771e-04
3.686401620000000212e-02 5.656283470000000087e-04
3.715221209999999830e-02 5.689879759999999682e-04
3.743420170000000269e-02 5.672484989999999720e-04
3.771185870000000329e-02 5.696163279999999930e-04
3.798855839999999706e-02 5.699004400000000055e-04
3.827197100000000185e-02 5.616649869999999810e-04
3.856327760000000104e-02 5.634346159999999507e-04
3.885326160000000112e-02 5.684100319999999679e-04
3.913656620000000030e-02 5.661866160000000219e-04
3.941399980000000192e-02 5.698140589999999570e-04
3.968808050000000032e-02 5.691077679999999783e-04
3.996458280000000224e-02 5.631117380000000153e-04
4.024850199999999850e-02 5.646392239999999986e-04
4.053676500000000238e-02 5.616630079999999740e-04
4.082467409999999963e-02 5.611419329999999851e-04
4.111016540000000247e-02 5.637061550000000039e-04
4.139275850000000145e-02 5.628968360000000332e-04
4.167154430000000187e-02 5.691326219999999795e-04
4.195009169999999732e-02 5.712347919999999791e-04
4.223259909999999701e-02 5.683277849999999890e-04
4.251756889999999678e-02 5.687593950000000009e-04
4.280603680000000244e-02 5.641190219999999908e-04
4.309765620000000075e-02 5.643435289999999740e-04
4.338402300000000072e-02 5.737384200000000172e-04
4.366545749999999754e-02 5.733802679999999751e-04
4.394574090000000210e-02 5.742772479999999754e-04
4.422912369999999760e-02 5.772407749999999621e-04
4.451834779999999658e-02 5.757642789999999544e-04
4.481269789999999670e-02 5.782984659999999659e-04
4.511156680000000252e-02 5.799955110000000512e-04
4.540407290000000179e-02 5.767963009999999609e-04
4.568810389999999888e-02 5.798427159999999672e-04
4.597111420000000309e-02 5.803272359999999807e-04
4.625624419999999765e-02 5.781407240000000251e-04
4.654698449999999932e-02 5.807246200000000351e-04
4.684312639999999722e-02 5.788808919999999464e-04
4.714121670000000208e-02 5.785907270000000512e-04
4.743563380000000163e-02 5.839028740000000526e-04
4.772339760000000181e-02 5.826176490000000178e-04
4.800806569999999801e-02 5.841961829999999618e-04
4.829099769999999764e-02 5.837279599999999893e-04
4.858058690000000013e-02 5.735333539999999805e-04
4.887887459999999684e-02 5.750769630000000495e-04
4.917734859999999680e-02 5.768606790000000003e-04
4.946991059999999996e-02 5.739484330000000191e-04
4.975505919999999999e-02 5.782285590000000100e-04
5.003420260000000092e-02 5.761620120000000237e-04
5.031210929999999776e-02 5.724919030000000285e-04
5.059523879999999751e-02 5.743102520000000454e-04
5.088571830000000046e-02 5.670940740000000044e-04
5.117903280000000305e-02 5.654229319999999571e-04
5.146890879999999752e-02 5.665335920000000519e-04
5.175363639999999710e-02 5.646141359999999566e-04
5.203251169999999898e-02 5.711612760000000242e-04
5.230489370000000054e-02 5.696126610000000088e-04
5.258275939999999815e-02 5.540145210000000037e-04
5.286815389999999920e-02 5.529219630000000016e-04
5.315173420000000176e-02 5.529161429999999468e-04
5.343658849999999988e-02 5.536823879999999698e-04
5.371773989999999860e-02 5.619966540000000338e-04
5.398978289999999819e-02 5.595152620000000496e-04
5.425857010000000036e-02 5.580549480000000003e-04
5.453338469999999966e-02 5.603897149999999662e-04
5.481596660000000176e-02 5.539396079999999931e-04
5.509960650000000210e-02 5.530066559999999645e-04
5.538377540000000154e-02 5.516073430000000043e-04
5.566522110000000217e-02 5.494734510000000164e-04
5.593691390000000291e-02 5.577140840000000509e-04
5.620529879999999756e-02 5.586944169999999476e-04
5.647732689999999944e-02 5.553458470000000339e-04
5.675372850000000302e-02 5.567723420000000173e-04
5.703667920000000252e-02 5.498098909999999707e-04
5.732236059999999689e-02 5.489446339999999548e-04
5.760176849999999737e-02 5.570148929999999996e-04
5.787637460000000234e-02 5.562831069999999789e-04
5.814920739999999977e-02 5.571920190000000063e-04
5.842034520000000120e-02 5.572649530000000099e-04
5.869897830000000288e-02 5.470812319999999833e-04
5.898639929999999892e-02 5.486882870000000210e-04
5.927376079999999853e-02 5.511594349999999554e-04
5.955208089999999843e-02 5.466184810000000466e-04
5.981898680000000135e-02 5.530657950000000128e-04
6.008242440000000073e-02 5.533042710000000150e-04
6.034983320000000123e-02 5.473372879999999956e-04
6.062550099999999831e-02 5.501533159999999869e-04
6.090793390000000251e-02 5.466904839999999757e-04
6.119405850000000230e-02 5.469068419999999946e-04
6.147387619999999941e-02 5.580042489999999461e-04
6.174429509999999899e-02 5.571164069999999698e-04
6.201423699999999983e-02 5.575598920000000196e-04
6.228152659999999785e-02 5.561159919999999774e-04
6.255254150000000291e-02 5.438062939999999948e-04
6.283422560000000157e-02 5.457891969999999465e-04
6.311707939999999795e-02 5.493488859999999963e-04
6.339496370000000103e-02 5.476434600000000064e-04
6.366857139999999859e-02 5.500449920000000147e-04
6.393528730000000437e-02 5.467715670000000520e-04
6.419731680000000107e-02 5.455126519999999469e-04
6.446402519999999692e-02 5.471313489999999778e-04
6.473986060000000431e-02 5.364367390000000270e-04
6.501987580000000155e-02 5.358212509999999915e-04
6.529792399999999331e-02 5.373709140000000476e-04
6.557261200000000234e-02 5.359161880000000043e-04
6.584054229999999897e-02 5.451503089999999545e-04
6.610282509999999834e-02 5.450823230000000205e-04
6.636713449999999404e-02 5.394658660000000491e-04
6.664026530000000115e-02 5.427455760000000516e-04
6.691960249999999444e-02 5.415041809999999794e-04
6.720134619999999781e-02 5.425039560000000354e-04
6.748065350000000129e-02 5.493463830000000232e-04
6.775254760000000431e-02 5.466172590000000506e-04
6.801770629999999429e-02 5.502405690000000205e-04
6.828051059999999672e-02 5.508873149999999469e-04
6.854910399999999959e-02 5.430793969999999542e-04
6.882680210000000076e-02 5.457095100000000382e-04
6.911357490000000214e-02 5.399356010000000514e-04
6.939662990000000642e-02 5.356354519999999460e-04
6.966406849999999540e-02 5.476778610000000236e-04
6.992398950000000557e-02 5.474993379999999613e-04
7.018436490000000416e-02 5.462579429999999975e-04
7.044913619999999821e-02 5.484569120000000507e-04
7.072516530000000357e-02 5.357792829999999612e-04
7.100958379999999792e-02 5.355142639999999846e-04
7.128915190000000013e-02 5.428818990000000349e-04
7.156047220000000264e-02 5.413201869999999857e-04
7.182729240000000626e-02 5.444599080000000167e-04
7.208853210000000511e-02 5.422549439999999575e-04
7.235144079999999978e-02 5.354041349999999607e-04
7.262524219999999531e-02 5.394685429999999775e-04
7.290530950000000121e-02 5.382639360000000340e-04
7.318362589999999335e-02 5.367725390000000450e-04
7.345700260000000148e-02 5.408705909999999596e-04
7.372373340000000497e-02 5.383536920000000408e-04
7.398404179999999719e-02 5.420896340000000077e-04
7.424375410000000342e-02 5.423495900000000489e-04
7.451160249999999596e-02 5.295386070000000387e-04
7.478789240000000005e-02 5.307139949999999671e-04
7.506469640000000554e-02 5.331087159999999773e-04
7.533991339999999981e-02 5.330211720000000222e-04
7.560989260000000600e-02 5.435303900000000360e-04
7.586962730000000599e-02 5.411680900000000400e-04
7.612611349999999499e-02 5.379841900000000314e-04
7.638922330000000316e-02 5.408169239999999472e-04
7.666062560000000414e-02 5.348402770000000540e-04
7.693626729999999969e-02 5.352342269999999522e-04
7.721290740000000263e-02 5.346648400000000205e-04
7.748598610000000109e-02 5.315968879999999862e-04
7.774803789999999715e-02 5.414227489999999966e-04
7.800276579999999849e-02 5.412997559999999835e-04
7.826354350000000459e-02 5.309142290000000127e-04
7.853280749999999588e-02 5.322507930000000380e-04
7.880917190000000239e-02 5.261444020000000023e-04
7.909402999999999573e-02 5.290570549999999836e-04
7.937257740000000505e-02 5.456448999999999501e-04
7.963534440000000214e-02 5.421330569999999703e-04
7.989121970000000184e-02 5.438858059999999517e-04
8.014948669999999442e-02 5.459537499999999937e-04
8.041588219999999676e-02 5.381216760000000297e-04
8.069401230000000647e-02 5.423502299999999852e-04
8.097857980000000566e-02 5.433438349999999755e-04
8.126240969999999619e-02 5.425065169999999937e-04
8.153749999999999887e-02 5.547248869999999625e-04
8.180014039999999875e-02 5.524150329999999789e-04
8.206138009999999761e-02 5.504340520000000452e-04
8.232963090000000594e-02 5.539081760000000385e-04
8.260866999999999516e-02 5.434906339999999491e-04
8.289654550000000177e-02 5.450544999999999566e-04
8.318059889999999956e-02 5.557974800000000520e-04
8.345489200000000274e-02 5.538047990000000316e-04
8.372181650000000419e-02 5.605773770000000485e-04
8.398508279999999937e-02 5.608227800000000190e-04
8.425907790000000674e-02 5.436074570000000048e-04
8.454691620000000241e-02 5.449703890000000533e-04
8.483415099999999653e-02 5.497940000000000422e-04
8.511678129999999953e-02 5.495105289999999620e-04
8.539769799999999411e-02 5.536384410000000410e-04
8.566585929999999405e-02 5.474658100000000336e-04
8.592373879999999631e-02 5.453876800000000353e-04
8.618598430000000421e-02 5.472638880000000108e-04
8.645806459999999527e-02 5.360542559999999538e-04
8.673829589999999812e-02 5.369167189999999668e-04
8.702050890000000150e-02 5.360026260000000419e-04
8.729519700000000493e-02 5.311479330000000009e-04
8.755782249999999323e-02 5.377908239999999729e-04
8.781091119999999417e-02 5.337411419999999861e-04
8.806325499999999307e-02 5.237181899999999481e-04
8.832876380000000138e-02 5.287178210000000262e-04
8.860542629999999809e-02 5.260283359999999575e-04
8.888810129999999421e-02 5.286863889999999632e-04
8.916799720000000151e-02 5.386855340000000448e-04
8.943403510000000334e-02 5.339577330000000498e-04
8.968973900000000443e-02 5.380752260000000193e-04
8.994457129999999800e-02 5.390345469999999585e-04
9.020490940000000513e-02 5.325039969999999538e-04
9.047506750000000597e-02 5.360500070000000184e-04
9.075403210000000664e-02 5.312005519999999726e-04
9.103491160000000415e-02 5.298749890000000080e-04
9.130482380000000397e-02 5.444524579999999699e-04
9.156031159999999947e-02 5.417848009999999591e-04
9.181617949999999750e-02 5.357830670000000199e-04
9.207758309999999891e-02 5.369239369999999649e-04
9.234843399999999314e-02 5.223115440000000156e-04
9.262986480000000300e-02 5.234075940000000506e-04
9.290520850000000275e-02 5.366138650000000336e-04
9.316683559999999753e-02 5.331264109999999615e-04
9.342197330000000244e-02 5.342729859999999871e-04
9.367647769999999652e-02 5.343057560000000162e-04
9.393816439999999601e-02 5.224027549999999548e-04
9.421247990000000683e-02 5.249738459999999567e-04
9.449071439999999489e-02 5.256106959999999606e-04
9.476169199999999460e-02 5.221983299999999589e-04
9.502489120000000289e-02 5.276369630000000022e-04
9.528385849999999879e-02 5.270530819999999809e-04
9.553498770000000417e-02 5.365158429999999879e-04
9.578704829999999670e-02 5.404829859999999700e-04
9.605722129999999526e-02 5.212650870000000089e-04
9.633673730000000268e-02 5.199564620000000177e-04
9.660844500000000112e-02 5.293552529999999813e-04
9.686891729999999590e-02 5.259925969999999741e-04
9.711954000000000420e-02 5.331099959999999584e-04
9.736312930000000365e-02 5.307495589999999992e-04
9.761316329999999986e-02 5.134523960000000062e-04
9.788052740000000029e-02 5.183186729999999468e-04
9.815558789999999367e-02 5.190309600000000360e-04
9.842878580000000155e-02 5.181708840000000260e-04
9.869503970000000070e-02 5.292981510000000335e-04
9.894761439999999464e-02 5.250984689999999618e-04
9.919215739999999448e-02 5.248583039999999865e-04
9.944358470000000394e-02 5.289125840000000319e-04
9.970831130000000486e-02 5.179682629999999774e-04
9.998388589999999965e-02 5.205431370000000420e-04
1.002615169999999944e-01 5.242618500000000058e-04
1.005338800000000060e-01 5.217178260000000529e-04
1.007924600000000004e-01 5.375706820000000037e-04
1.010365859999999977e-01 5.353393500000000298e-04
1.012845639999999936e-01 5.227725489999999900e-04
1.015435229999999966e-01 5.248148810000000239e-04
1.018123999999999973e-01 5.159395509999999477e-04
1.020887490000000064e-01 5.172333910000000362e-04
1.023583109999999935e-01 5.301584609999999758e-04
1.026160789999999989e-01 5.277216549999999692e-04
1.028685349999999971e-01 5.298156170000000234e-04
1.031214669999999944e-01 5.308524710000000211e-04
1.033808959999999999e-01 5.228810480000000219e-04
1.036545489999999986e-01 5.278241589999999950e-04
1.039369259999999989e-01 5.270529650000000147e-04
1.042071360000000058e-01 5.201964520000000418e-04
1.044606039999999986e-01 5.289668919999999767e-04
1.047089400000000003e-01 5.290576960000000243e-04
1.049635339999999972e-01 5.208995430000000135e-04
1.052254209999999995e-01 5.223316260000000029e-04
1.054900510000000013e-01 5.197828290000000399e-04
1.057565810000000023e-01 5.200114679999999923e-04
1.060221120000000017e-01 5.223144539999999888e-04
1.062802080000000010e-01 5.186776979999999700e-04
1.065298390000000012e-01 5.227132929999999756e-04
1.067759390000000003e-01 5.213472760000000027e-04
1.070292739999999937e-01 5.055029180000000311e-04
1.072989929999999953e-01 5.103086589999999761e-04
1.075711619999999979e-01 5.195564590000000199e-04
1.078342800000000046e-01 5.174732069999999967e-04
1.081001389999999979e-01 5.090415940000000191e-04
1.083590539999999963e-01 5.018328670000000210e-04
1.085997449999999975e-01 5.102553989999999637e-04
1.088442800000000016e-01 5.155932740000000519e-04
1.091054080000000009e-01 5.027182630000000133e-04
1.093770409999999943e-01 5.043964479999999990e-04
1.096477510000000016e-01 5.105994060000000395e-04
1.099137889999999979e-01 5.093200600000000406e-04
1.101733220000000041e-01 5.165959589999999726e-04
1.104159059999999942e-01 5.097602260000000168e-04
1.106542130000000013e-01 4.979196819999999728e-04
1.109081279999999947e-01 5.029915480000000287e-04
1.111703289999999983e-01 5.051835320000000202e-04
1.114359199999999939e-01 5.080237749999999639e-04
1.117025839999999937e-01 5.121958090000000314e-04
1.119569690000000034e-01 5.063198040000000148e-04
1.122003119999999965e-01 5.084250009999999537e-04
1.124410700000000041e-01 5.076265659999999692e-04
1.126840860000000027e-01 5.016343199999999565e-04
1.129385380000000050e-01 5.063510620000000141e-04
1.132007170000000063e-01 5.065676519999999733e-04
1.134651599999999955e-01 5.073092760000000399e-04
1.137244399999999961e-01 5.179677390000000112e-04
1.139703539999999959e-01 5.144957689999999761e-04
1.142103819999999992e-01 5.166142360000000166e-04
1.144503359999999997e-01 5.173129029999999932e-04
1.146983359999999980e-01 5.039225800000000314e-04
1.149614679999999972e-01 5.081993289999999636e-04
1.152315210000000034e-01 5.085381560000000294e-04
1.154935430000000041e-01 5.038388770000000157e-04
1.157431079999999973e-01 5.115953970000000368e-04
1.159838069999999943e-01 5.090638299999999646e-04
1.162258909999999978e-01 4.997132349999999735e-04
1.164831070000000024e-01 5.047404559999999624e-04
1.167490999999999945e-01 5.041133850000000232e-04
1.170142889999999936e-01 5.040862599999999891e-04
1.172724740000000015e-01 5.175792029999999469e-04
1.175175229999999987e-01 5.145570609999999866e-04
1.177557560000000031e-01 5.156023539999999824e-04
1.179933029999999938e-01 5.155659749999999542e-04
1.182416530000000021e-01 4.974289910000000061e-04
1.185051579999999993e-01 5.000067179999999464e-04
1.187687520000000052e-01 5.070196350000000024e-04
1.190228980000000020e-01 5.038668750000000309e-04
1.192716429999999966e-01 5.041206020000000253e-04
