-6.543206420000000079e-02 2.721457570000000150e-04
-6.531672920000000659e-02 2.636644930000000241e-04
-6.519640240000000586e-02 2.632616669999999766e-04
-6.507759539999999343e-02 2.646327189999999967e-04
-6.495563690000000223e-02 2.673781130000000097e-04
-6.482899189999999368e-02 2.682198829999999832e-04
-6.470368059999999366e-02 2.677091110000000252e-04
-6.457956139999999901e-02 2.672770059999999854e-04
-6.445547940000000142e-02 2.670998219999999937e-04
-6.433016810000000141e-02 2.645556229999999811e-04
-6.420021500000000492e-02 2.660644239999999786e-04
-6.406745310000000471e-02 2.655487919999999788e-04
-6.393619629999999776e-02 2.648175870000000218e-04
-6.380769610000000536e-02 2.673522390000000184e-04
-6.368149820000000572e-02 2.668837839999999972e-04
-6.355956940000000166e-02 2.737278119999999844e-04
-6.344103069999999789e-02 2.741462089999999923e-04
-6.331737340000000158e-02 2.657715520000000038e-04
-6.318787489999999618e-02 2.662696059999999855e-04
-6.305744500000000363e-02 2.660971370000000187e-04
-6.292638929999999631e-02 2.660473689999999850e-04
-6.279548999999999548e-02 2.661519100000000028e-04
-6.267552819999999691e-02 2.599980220000000205e-04
-6.256645169999999756e-02 2.620326700000000209e-04
-6.244898589999999666e-02 2.677863809999999961e-04
-6.232096250000000032e-02 2.652034749999999876e-04
-6.219091639999999727e-02 2.654895070000000260e-04
-6.206032260000000217e-02 2.653693370000000085e-04
-6.193868069999999837e-02 2.596048580000000173e-04
-6.182530890000000057e-02 2.573514649999999950e-04
-6.170357759999999664e-02 2.619074370000000138e-04
-6.157574799999999959e-02 2.644132180000000141e-04
-6.144889440000000230e-02 2.647350190000000245e-04
-6.132088599999999806e-02 2.647190410000000100e-04
-6.119258699999999968e-02 2.648830409999999901e-04
-6.106342750000000319e-02 2.629104710000000037e-04
-6.093205139999999936e-02 2.635327110000000020e-04
-6.079976630000000215e-02 2.637400470000000213e-04
-6.066820030000000252e-02 2.630247040000000002e-04
-6.053799390000000336e-02 2.632997640000000247e-04
-6.040841710000000031e-02 2.633769180000000254e-04
-6.028674540000000109e-02 2.777836929999999752e-04
-6.017281120000000233e-02 2.783151289999999801e-04
-6.004940720000000176e-02 2.629841910000000108e-04
-5.991671610000000314e-02 2.630469679999999965e-04
-5.978379030000000038e-02 2.628241489999999904e-04
-5.965066699999999750e-02 2.625044440000000073e-04
-5.952105299999999738e-02 2.674553249999999955e-04
-5.939668420000000087e-02 2.664579369999999967e-04
-5.927204710000000265e-02 2.632530519999999770e-04
-5.914508920000000058e-02 2.634865810000000140e-04
-5.901569870000000079e-02 2.610759399999999742e-04
-5.888347699999999657e-02 2.619055739999999769e-04
-5.875087529999999808e-02 2.625896010000000136e-04
-5.862468850000000092e-02 2.589782819999999976e-04
-5.850715559999999926e-02 2.633942639999999947e-04
-5.838685479999999872e-02 2.662899210000000175e-04
-5.826060470000000296e-02 2.643786719999999799e-04
-5.813463029999999671e-02 2.638907460000000237e-04
-5.800712110000000310e-02 2.609771620000000221e-04
-5.788286029999999832e-02 2.579667489999999783e-04
-5.776558069999999934e-02 2.602745079999999847e-04
-5.764170359999999660e-02 2.650709939999999938e-04
-5.750906840000000186e-02 2.637669090000000220e-04
-5.737758800000000020e-02 2.622464089999999881e-04
-5.724987759999999870e-02 2.642969189999999787e-04
-5.712298679999999740e-02 2.649036759999999903e-04
-5.700044709999999709e-02 2.738075849999999827e-04
-5.688137559999999898e-02 2.749425769999999962e-04
-5.675334480000000098e-02 2.642032629999999972e-04
-5.661928649999999758e-02 2.639387679999999868e-04
-5.648691210000000157e-02 2.650083620000000251e-04
-5.635686959999999801e-02 2.639899029999999793e-04
-5.623279140000000259e-02 2.711167040000000169e-04
-5.611055720000000108e-02 2.722112990000000112e-04
-5.598305910000000302e-02 2.664454510000000150e-04
-5.585305019999999704e-02 2.662411129999999967e-04
-5.572167039999999932e-02 2.643899350000000238e-04
-5.558940770000000281e-02 2.642502660000000205e-04
-5.545740949999999891e-02 2.633027029999999904e-04
-5.533220249999999674e-02 2.588787469999999803e-04
-5.521693829999999720e-02 2.631901299999999744e-04
-5.509664119999999748e-02 2.674069260000000209e-04
-5.496887489999999904e-02 2.666280490000000033e-04
-5.484079940000000097e-02 2.668991220000000212e-04
-5.471067500000000028e-02 2.642527979999999862e-04
-5.457896369999999664e-02 2.642500329999999758e-04
-5.444847049999999855e-02 2.672740960000000122e-04
-5.431865159999999665e-02 2.679551839999999747e-04
-5.418936540000000163e-02 2.697320599999999892e-04
-5.406119300000000044e-02 2.697006569999999730e-04
-5.393237249999999899e-02 2.685283830000000159e-04
-5.380342529999999901e-02 2.678202869999999854e-04
-5.367641150000000000e-02 2.690451800000000226e-04
-5.354891719999999716e-02 2.701412599999999920e-04
-5.341767149999999964e-02 2.669479579999999843e-04
-5.328565839999999804e-02 2.662522019999999769e-04
-5.315526570000000256e-02 2.680229950000000117e-04
-5.302678789999999698e-02 2.675068969999999766e-04
-5.290672929999999663e-02 2.791310839999999976e-04
-5.279294030000000054e-02 2.795461329999999935e-04
-5.267129839999999674e-02 2.675828579999999738e-04
-5.254031719999999878e-02 2.685248909999999830e-04
-5.240735779999999844e-02 2.678308519999999995e-04
-5.227468539999999969e-02 2.677745360000000009e-04
-5.214225499999999847e-02 2.690401740000000221e-04
-5.202123150000000085e-02 2.626359929999999847e-04
-5.191177870000000111e-02 2.631553220000000114e-04
-5.179332939999999746e-02 2.687505039999999921e-04
-5.166485910000000181e-02 2.675510770000000043e-04
-5.153391140000000009e-02 2.682419139999999889e-04
-5.140113460000000217e-02 2.670997930000000012e-04
-5.127128959999999874e-02 2.652968399999999934e-04
-5.114312840000000138e-02 2.630973179999999815e-04
-5.101302640000000138e-02 2.634650149999999934e-04
-5.088328939999999662e-02 2.660936149999999973e-04
-5.075528099999999931e-02 2.659988529999999900e-04
-5.062793200000000049e-02 2.658418960000000024e-04
-5.050385000000000291e-02 2.638231379999999887e-04
-5.038373170000000345e-02 2.648365629999999832e-04
-5.025903510000000185e-02 2.675908910000000221e-04
-5.012782660000000140e-02 2.643639160000000156e-04
-4.999682679999999796e-02 2.634388219999999757e-04
-4.986640440000000146e-02 2.628214130000000267e-04
-4.973539710000000197e-02 2.629488589999999732e-04
-4.961496960000000289e-02 2.799810900000000214e-04
-4.950349030000000122e-02 2.807337730000000254e-04
-4.938132320000000047e-02 2.649764940000000238e-04
-4.924965280000000167e-02 2.646579809999999940e-04
-4.911778869999999797e-02 2.634534029999999888e-04
-4.898560419999999777e-02 2.635715650000000068e-04
-4.885943229999999832e-02 2.738795880000000202e-04
-4.874063280000000276e-02 2.731824640000000038e-04
-4.861725869999999894e-02 2.646564680000000223e-04
-4.848993199999999948e-02 2.639390590000000167e-04
-4.836324599999999863e-02 2.620246670000000153e-04
-4.823454099999999883e-02 2.625506309999999844e-04
-4.810468479999999852e-02 2.620933229999999827e-04
-4.798492420000000092e-02 2.555254609999999915e-04
-4.788016900000000020e-02 2.622264149999999744e-04
-4.776783660000000209e-02 2.695410220000000068e-04
-4.764252900000000290e-02 2.693080459999999828e-04
-4.751911760000000068e-02 2.680750910000000132e-04
-4.739466309999999794e-02 2.619191070000000034e-04
-4.727344210000000019e-02 2.577616250000000107e-04
-4.716072229999999921e-02 2.604123729999999865e-04
-4.703824589999999750e-02 2.668689989999999861e-04
-4.690441489999999658e-02 2.658499869999999816e-04
-4.677344110000000027e-02 2.641353349999999941e-04
-4.664695640000000171e-02 2.668355880000000246e-04
-4.652051260000000105e-02 2.677843440000000040e-04
-4.640015589999999662e-02 2.816180929999999804e-04
-4.628606140000000174e-02 2.828277069999999747e-04
-4.616164789999999823e-02 2.679501489999999817e-04
-4.602872949999999713e-02 2.677060259999999923e-04
-4.589627310000000265e-02 2.678029120000000236e-04
-4.576481510000000169e-02 2.668777599999999986e-04
-4.563733939999999739e-02 2.709139370000000096e-04
-4.551177470000000030e-02 2.715881269999999965e-04
-4.538416859999999664e-02 2.710979020000000108e-04
-4.525509850000000028e-02 2.717897000000000043e-04
-4.512411360000000149e-02 2.695051660000000030e-04
-4.499209299999999689e-02 2.693049610000000042e-04
-4.485922309999999802e-02 2.673285489999999739e-04
-4.473413899999999915e-02 2.615928530000000054e-04
-4.462097589999999836e-02 2.654908459999999882e-04
-4.450134189999999795e-02 2.711373380000000211e-04
-4.437273740000000077e-02 2.718981120000000043e-04
-4.424403240000000098e-02 2.722330970000000263e-04
-4.411292079999999671e-02 2.701882910000000118e-04
-4.398895800000000161e-02 2.651481190000000020e-04
-4.387262460000000003e-02 2.628771470000000198e-04
-4.374663530000000300e-02 2.678647579999999888e-04
-4.361411929999999687e-02 2.708235989999999973e-04
-4.348294059999999878e-02 2.707211530000000108e-04
-4.335266720000000018e-02 2.719240149999999881e-04
-4.322493820000000014e-02 2.712032870000000173e-04
-4.310045390000000198e-02 2.756507310000000117e-04
-4.297720270000000148e-02 2.764997189999999832e-04
-4.284841190000000105e-02 2.686016960000000230e-04
-4.271531110000000020e-02 2.683519559999999809e-04
-4.258358109999999669e-02 2.699582839999999963e-04
-4.245213049999999738e-02 2.700061300000000122e-04
-4.232261329999999905e-02 2.733353470000000071e-04
-4.219681769999999998e-02 2.726750680000000000e-04
-4.206987100000000174e-02 2.689328100000000087e-04
-4.193890470000000148e-02 2.699913459999999971e-04
-4.180479050000000113e-02 2.687147350000000201e-04
-4.166973749999999810e-02 2.688169190000000235e-04
-4.153615239999999820e-02 2.705317750000000090e-04
-4.141996800000000145e-02 2.606876949999999940e-04
-4.132066289999999920e-02 2.615286790000000182e-04
-4.120610649999999903e-02 2.706345690000000145e-04
-4.107566180000000317e-02 2.693803979999999810e-04
-4.094438630000000329e-02 2.697953609999999953e-04
-4.081198199999999665e-02 2.690692490000000164e-04
-4.068379479999999909e-02 2.662807530000000050e-04
-4.055908689999999928e-02 2.653370610000000112e-04
-4.043002049999999681e-02 2.676054429999999884e-04
-4.029803349999999673e-02 2.680356270000000063e-04
-4.016691819999999857e-02 2.676645239999999974e-04
-4.003688689999999883e-02 2.684473289999999863e-04
-3.990746290000000279e-02 2.680054749999999787e-04
-3.977936879999999925e-02 2.689765529999999937e-04
-3.965044770000000079e-02 2.701879999999999820e-04
-3.951732809999999874e-02 2.675776199999999787e-04
-3.938368340000000106e-02 2.669496170000000231e-04
-3.925182669999999902e-02 2.671821570000000004e-04
-3.912033510000000047e-02 2.670475219999999942e-04
-3.899784390000000239e-02 2.817099450000000145e-04
-3.888182340000000126e-02 2.827332060000000086e-04
-3.875620660000000245e-02 2.695395379999999735e-04
-3.862381349999999963e-02 2.692309500000000214e-04
-3.849145030000000051e-02 2.684220669999999890e-04
-3.835844249999999928e-02 2.685165960000000058e-04
-3.822509939999999690e-02 2.692382839999999896e-04
-3.809290750000000197e-02 2.688036469999999841e-04
-3.796237709999999987e-02 2.693539720000000270e-04
-3.783275559999999677e-02 2.690044930000000238e-04
-3.770298510000000269e-02 2.677798910000000164e-04
-3.757094219999999873e-02 2.683408670000000007e-04
-3.743751719999999922e-02 2.675962169999999908e-04
-3.730905799999999911e-02 2.647201469999999816e-04
-3.718656299999999887e-02 2.676815200000000100e-04
-3.706065570000000031e-02 2.707890229999999746e-04
-3.693022580000000082e-02 2.708781689999999794e-04
-3.680036960000000051e-02 2.705621589999999770e-04
-3.666989510000000230e-02 2.686496300000000125e-04
-3.654189039999999888e-02 2.661222240000000105e-04
-3.641922029999999921e-02 2.679657190000000002e-04
-3.629253059999999753e-02 2.714033759999999918e-04
-3.615910189999999719e-02 2.697393360000000266e-04
-3.602595249999999971e-02 2.689727120000000001e-04
-3.589436039999999856e-02 2.704616640000000009e-04
-3.576333820000000135e-02 2.706507510000000271e-04
-3.563708069999999700e-02 2.781166400000000091e-04
-3.551419819999999949e-02 2.787765700000000013e-04
-3.538535909999999951e-02 2.706673990000000207e-04
-3.525028010000000322e-02 2.711305860000000042e-04
-3.511491419999999974e-02 2.719297480000000111e-04
-3.498164559999999979e-02 2.713292199999999921e-04
-3.485024350000000271e-02 2.738067120000000016e-04
-3.472039849999999928e-02 2.737598549999999912e-04
-3.459050510000000189e-02 2.725274529999999803e-04
-3.445908429999999800e-02 2.730017879999999792e-04
-3.432676569999999761e-02 2.728234980000000158e-04
-3.419335190000000191e-02 2.730472479999999881e-04
-3.405827659999999951e-02 2.708864920000000074e-04
-3.392567109999999886e-02 2.689973629999999993e-04
-3.379697350000000072e-02 2.702531640000000249e-04
-3.366680439999999996e-02 2.715896990000000034e-04
-3.353415430000000058e-02 2.722021020000000061e-04
-3.340214489999999981e-02 2.720314369999999866e-04
-3.327077999999999980e-02 2.716148449999999763e-04
-3.314384449999999843e-02 2.688036770000000269e-04
-3.302017599999999831e-02 2.664513299999999967e-04
-3.288954870000000003e-02 2.694213470000000172e-04
-3.275436539999999896e-02 2.700678889999999998e-04
-3.262051569999999817e-02 2.698705069999999965e-04
-3.248732160000000063e-02 2.714426659999999891e-04
-3.235512599999999794e-02 2.714079459999999997e-04
-3.222429009999999705e-02 2.725647059999999856e-04
-3.209398690000000304e-02 2.726602829999999890e-04
-3.196186200000000061e-02 2.698797329999999941e-04
-3.182709219999999700e-02 2.700996700000000235e-04
-3.169223670000000104e-02 2.705615479999999790e-04
-3.155829379999999795e-02 2.705490619999999973e-04
-3.142710399999999737e-02 2.750867570000000263e-04
-3.129933769999999893e-02 2.746724929999999837e-04
-3.116938290000000056e-02 2.709110850000000215e-04
-3.103705680000000064e-02 2.709686230000000161e-04
-3.090408819999999890e-02 2.690348190000000066e-04
-3.076957909999999963e-02 2.692643029999999978e-04
-3.063500669999999829e-02 2.697971649999999968e-04
-3.050243479999999868e-02 2.684244829999999846e-04
-3.037281329999999904e-02 2.695171570000000111e-04
-3.024234619999999901e-02 2.707842210000000263e-04
-3.010949489999999867e-02 2.713637660000000262e-04
-2.997675539999999916e-02 2.715021549999999942e-04
-2.984384819999999841e-02 2.705875669999999872e-04
-2.971230450000000162e-02 2.694386929999999865e-04
-2.958315239999999985e-02 2.702409400000000263e-04
-2.945184340000000026e-02 2.718271860000000002e-04
-2.931735289999999952e-02 2.709242109999999938e-04
-2.918253280000000088e-02 2.704304349999999942e-04
-2.904902960000000159e-02 2.712475540000000226e-04
-2.891678740000000122e-02 2.711551209999999790e-04
-2.878471650000000159e-02 2.722136560000000256e-04
-2.865206260000000005e-02 2.729414849999999742e-04
-2.851787210000000100e-02 2.713796860000000015e-04
-2.838297559999999886e-02 2.712422869999999808e-04
-2.824797110000000153e-02 2.706822710000000094e-04
-2.811258469999999843e-02 2.703434729999999904e-04
-2.798101490000000011e-02 2.757422039999999882e-04
-2.785282210000000064e-02 2.760341160000000043e-04
-2.772193029999999933e-02 2.723592619999999956e-04
-2.758838610000000080e-02 2.726219829999999931e-04
-2.745393100000000086e-02 2.728726540000000014e-04
-2.731930650000000127e-02 2.730634879999999857e-04
-2.718422380000000069e-02 2.718020700000000158e-04
-2.704893610000000045e-02 2.714714210000000153e-04
-2.691500260000000144e-02 2.728142139999999789e-04
-2.678160179999999890e-02 2.726092930000000134e-04
-2.664868910000000105e-02 2.728454419999999897e-04
-2.651634250000000151e-02 2.729643019999999833e-04
-2.638224139999999912e-02 2.714027939999999863e-04
-2.624758329999999848e-02 2.711700799999999995e-04
-2.611404659999999947e-02 2.713677239999999860e-04
-2.597970889999999880e-02 2.719195040000000154e-04
-2.584543640000000128e-02 2.735606979999999789e-04
-2.571197409999999989e-02 2.732951249999999934e-04
-2.557864600000000002e-02 2.727712560000000014e-04
-2.544740770000000069e-02 2.717036990000000094e-04
-2.531805449999999930e-02 2.718751199999999897e-04
-2.518638219999999942e-02 2.733263540000000001e-04
-2.505120079999999944e-02 2.725491650000000138e-04
-2.491531519999999958e-02 2.726891539999999853e-04
-2.478034419999999849e-02 2.735746380000000054e-04
-2.464633620000000053e-02 2.733137519999999940e-04
-2.451408470000000089e-02 2.755188620000000119e-04
-2.438336799999999902e-02 2.750211569999999909e-04
-2.425166590000000025e-02 2.719835899999999747e-04
-2.411805090000000013e-02 2.724096409999999732e-04
-2.398272419999999960e-02 2.717694730000000001e-04
-2.384652760000000038e-02 2.720601329999999774e-04
-2.371161059999999862e-02 2.739784540000000002e-04
-2.357909459999999943e-02 2.732264690000000260e-04
-2.344705910000000060e-02 2.719437180000000261e-04
-2.331304359999999964e-02 2.723035579999999911e-04
-2.317886239999999987e-02 2.730169799999999903e-04
-2.304546160000000080e-02 2.731782150000000142e-04
-2.291124500000000022e-02 2.722710200000000107e-04
-2.277724440000000045e-02 2.718136820000000204e-04
-2.264314519999999914e-02 2.714048309999999783e-04
-2.250812580000000063e-02 2.718084720000000219e-04
-2.237330749999999827e-02 2.722444479999999896e-04
-2.223913370000000014e-02 2.720135380000000044e-04
-2.210569940000000136e-02 2.726045200000000034e-04
-2.197180320000000076e-02 2.727257959999999926e-04
-2.183721209999999954e-02 2.719016049999999790e-04
-2.170241809999999896e-02 2.720975899999999808e-04
-2.156629410000000108e-02 2.714530559999999977e-04
-2.142995220000000131e-02 2.713506110000000072e-04
-2.129494029999999885e-02 2.722555069999999812e-04
-2.116060070000000057e-02 2.721766939999999959e-04
-2.102665600000000121e-02 2.726185190000000110e-04
-2.089238729999999891e-02 2.726030940000000093e-04
-2.075779809999999878e-02 2.720203480000000064e-04
-2.062302640000000103e-02 2.722906940000000020e-04
-2.048776860000000102e-02 2.722310019999999949e-04
-2.035262809999999895e-02 2.721385680000000095e-04
-2.021760679999999935e-02 2.731104319999999737e-04
-2.008330640000000056e-02 2.730246629999999734e-04
-1.994970630000000161e-02 2.729238770000000217e-04
-1.981610799999999895e-02 2.728862160000000204e-04
-1.968184859999999939e-02 2.716770979999999958e-04
-1.954614740000000170e-02 2.717379540000000137e-04
-1.941026750000000162e-02 2.716060550000000255e-04
-1.927503009999999989e-02 2.715428130000000005e-04
-1.913988590000000045e-02 2.725525119999999755e-04
-1.900490000000000165e-02 2.728199759999999944e-04
-1.887050830000000165e-02 2.735252780000000218e-04
-1.873652450000000066e-02 2.735343590000000025e-04
-1.860228369999999964e-02 2.731332209999999864e-04
-1.846767959999999834e-02 2.728379330000000160e-04
-1.833352259999999900e-02 2.727547840000000092e-04
-1.819887010000000027e-02 2.733928270000000166e-04
-1.806313359999999965e-02 2.733600849999999840e-04
-1.792759450000000129e-02 2.732301070000000176e-04
-1.779190259999999940e-02 2.736502209999999951e-04
-1.765708809999999920e-02 2.732728320000000046e-04
-1.752381399999999867e-02 2.737630569999999902e-04
-1.739020089999999963e-02 2.741432109999999913e-04
-1.725529879999999905e-02 2.730484409999999916e-04
-1.711908729999999865e-02 2.730707349999999763e-04
-1.698276400000000089e-02 2.729469560000000140e-04
-1.684729379999999957e-02 2.727627580000000222e-04
-1.671240850000000125e-02 2.742603250000000227e-04
-1.657822730000000147e-02 2.743754889999999854e-04
-1.644434410000000096e-02 2.741623610000000163e-04
-1.630999710000000102e-02 2.743639630000000167e-04
-1.617524210000000073e-02 2.742419310000000126e-04
-1.603997310000000037e-02 2.745063099999999986e-04
-1.590385100000000010e-02 2.738125909999999832e-04
-1.576715340000000090e-02 2.735358719999999742e-04
-1.563115600000000022e-02 2.739300830000000221e-04
-1.549610679999999935e-02 2.738758629999999967e-04
-1.536091699999999997e-02 2.745279929999999854e-04
-1.522585379999999954e-02 2.746838440000000012e-04
-1.509058750000000053e-02 2.737421310000000144e-04
-1.495504289999999986e-02 2.735698070000000103e-04
-1.481942550000000039e-02 2.729691329999999784e-04
-1.468259469999999914e-02 2.731099669999999886e-04
-1.454615130000000076e-02 2.741427740000000027e-04
-1.441125570000000022e-02 2.739593039999999751e-04
-1.427666470000000035e-02 2.739554329999999930e-04
-1.414280010000000011e-02 2.735182640000000218e-04
-1.400882099999999943e-02 2.731462589999999850e-04
-1.387358829999999973e-02 2.737606989999999798e-04
-1.373777999999999978e-02 2.734758020000000139e-04
-1.360152939999999949e-02 2.736390159999999906e-04
-1.346546690000000046e-02 2.744063969999999738e-04
-1.332947330000000020e-02 2.742681540000000188e-04
-1.319415120000000038e-02 2.749935960000000185e-04
-1.306015720000000026e-02 2.748330590000000245e-04
-1.292517779999999977e-02 2.737859609999999770e-04
-1.278925780000000033e-02 2.739703630000000210e-04
-1.265346070000000073e-02 2.736544699999999847e-04
-1.251719240000000004e-02 2.738239709999999933e-04
-1.238101810000000018e-02 2.744518279999999901e-04
-1.224516890000000059e-02 2.741104109999999735e-04
-1.210955900000000064e-02 2.735570309999999948e-04
-1.197406280000000087e-02 2.736626779999999843e-04
-1.183861309999999917e-02 2.740344209999999838e-04
-1.170325839999999951e-02 2.741122730000000144e-04
-1.156687919999999960e-02 2.736583700000000136e-04
-1.143034639999999935e-02 2.735853780000000249e-04
-1.129455589999999940e-02 2.735872690000000040e-04
-1.115854550000000035e-02 2.737205070000000087e-04
-1.102245230000000083e-02 2.739530169999999975e-04
-1.088623520000000025e-02 2.737391620000000059e-04
-1.075044460000000070e-02 2.738508049999999975e-04
-1.061558720000000018e-02 2.737041499999999907e-04
-1.048037129999999928e-02 2.737359320000000104e-04
-1.034436650000000041e-02 2.742192009999999810e-04
-1.020792220000000042e-02 2.737948670000000064e-04
-1.007144989999999955e-02 2.736588359999999947e-04
-9.935284029999999836e-03 2.737925099999999920e-04
-9.798548179999999955e-03 2.738101469999999911e-04
-9.663002570000000721e-03 2.758332410000000263e-04
-9.529164059999999450e-03 2.759131599999999833e-04
-9.394167919999999936e-03 2.742125359999999959e-04
-9.257937779999999423e-03 2.743376239999999861e-04
-9.120679459999999489e-03 2.740074710000000094e-04
-8.983277720000000174e-03 2.739737970000000146e-04
-8.847264570000000841e-03 2.751616119999999977e-04
-8.711803699999999540e-03 2.752571600000000085e-04
-8.575850169999999634e-03 2.746991229999999899e-04
-8.439103139999999323e-03 2.746017419999999850e-04
-8.302348669999999251e-03 2.743176009999999799e-04
-8.165944370000000757e-03 2.743787479999999735e-04
-8.028660899999999837e-03 2.741203639999999935e-04
-7.891648450000000176e-03 2.738642799999999847e-04
-7.756047420000000345e-03 2.744727239999999774e-04
-7.620175830000000018e-03 2.748542759999999759e-04
-7.483837190000000236e-03 2.751333230000000069e-04
-7.347031500000000132e-03 2.751399010000000144e-04
-7.210051179999999588e-03 2.748632689999999830e-04
-7.073810790000000133e-03 2.746943790000000267e-04
-6.937792059999999678e-03 2.745942330000000113e-04
-6.801178209999999766e-03 2.749146370000000203e-04
-6.663514300000000258e-03 2.750956919999999941e-04
-6.525901609999999915e-03 2.751301509999999964e-04
-6.389025129999999913e-03 2.754149899999999772e-04
-6.252773569999999989e-03 2.751422289999999821e-04
-6.117024920000000213e-03 2.752255529999999943e-04
-5.980273240000000268e-03 2.754840240000000062e-04
-5.842943209999999776e-03 2.752352449999999730e-04
-5.706053229999999941e-03 2.752568109999999936e-04
-5.568456840000000387e-03 2.751800350000000004e-04
-5.430806429999999844e-03 2.751839349999999750e-04
-5.294068719999999589e-03 2.756761099999999751e-04
-5.157665819999999839e-03 2.756516910000000246e-04
-5.021335089999999675e-03 2.757040200000000166e-04
-4.884121469999999805e-03 2.758781189999999755e-04
-4.746534860000000203e-03 2.757378389999999742e-04
-4.609452560000000358e-03 2.757607730000000037e-04
-4.472232890000000377e-03 2.755970639999999992e-04
-4.335100300000000254e-03 2.754858579999999962e-04
-4.197497849999999760e-03 2.754352459999999739e-04
-4.059794359999999679e-03 2.754770679999999912e-04
-3.922890410000000154e-03 2.758859189999999790e-04
-3.786107060000000121e-03 2.759605410000000141e-04
-3.649074349999999883e-03 2.757512850000000230e-04
-3.511267709999999972e-03 2.757655170000000212e-04
-3.373254559999999940e-03 2.754605080000000253e-04
-3.235715909999999952e-03 2.754410379999999779e-04
-3.098345360000000041e-03 2.756663890000000039e-04
-2.961102639999999789e-03 2.756712489999999915e-04
-2.823295999999999879e-03 2.757877229999999781e-04
-2.685681919999999886e-03 2.757134500000000123e-04
-2.548897410000000151e-03 2.758491030000000165e-04
-2.411834429999999869e-03 2.760653440000000150e-04
-2.274295779999999881e-03 2.758715710000000107e-04
-2.136015800000000062e-03 2.758713670000000127e-04
-1.997806359999999837e-03 2.759883059999999845e-04
-1.860279469999999912e-03 2.759966590000000010e-04
-1.722241869999999999e-03 2.762130170000000199e-04
-1.584286689999999916e-03 2.762411310000000052e-04
-1.446873300000000098e-03 2.761791109999999763e-04
-1.309331159999999961e-03 2.762342340000000255e-04
-1.171678769999999958e-03 2.762032380000000093e-04
-1.033321019999999943e-03 2.762395310000000017e-04
-8.949330079999999596e-04 2.762895309999999758e-04
-7.572562900000000220e-04 2.762568770000000252e-04
-6.196631000000000404e-04 2.763050140000000167e-04
-4.819248859999999859e-04 2.764092929999999973e-04
-3.434638199999999909e-04 2.765397659999999916e-04
-2.050201440000000062e-04 2.766074899999999967e-04
-6.712180040000000482e-05 2.765413959999999836e-04
7.084175009999999807e-05 2.765992540000000006e-04
2.088435869999999916e-04 2.765781250000000227e-04
3.475149570000000184e-04 2.766382530000000223e-04
4.861690100000000143e-04 2.767470139999999830e-04
6.242116209999999622e-04 2.767957920000000153e-04
7.629609899999999743e-04 2.767996919999999900e-04
9.018310229999999816e-04 2.768737030000000270e-04
1.040145290000000057e-03 2.769589769999999994e-04
1.178391159999999998e-03 2.769485000000000132e-04
1.316600939999999949e-03 2.769794959999999752e-04
1.455466380000000094e-03 2.770070280000000093e-04
1.594377099999999938e-03 2.770081920000000203e-04
1.732752769999999906e-03 2.770645080000000188e-04
1.871932649999999984e-03 2.769276910000000036e-04
2.011233240000000200e-03 2.769512940000000163e-04
2.149834059999999967e-03 2.771354049999999762e-04
2.288452350000000184e-03 2.772121219999999883e-04
2.427154219999999932e-03 2.772857840000000104e-04
2.566447710000000111e-03 2.772896839999999851e-04
2.705759830000000008e-03 2.772708539999999824e-04
2.844663570000000204e-03 2.773959710000000194e-04
2.983920039999999989e-03 2.771571160000000137e-04
3.123747179999999783e-03 2.774129389999999812e-04
3.264449540000000007e-03 2.777132610000000029e-04
3.404662010000000100e-03 2.775293249999999943e-04
3.543626050000000041e-03 2.780486830000000135e-04
3.683101619999999948e-03 2.781637889999999912e-04
3.822938310000000180e-03 2.778834609999999831e-04
3.962601070000000211e-03 2.780558720000000190e-04
4.102805160000000395e-03 2.776340120000000251e-04
4.243281199999999857e-03 2.776444310000000261e-04
4.384407770000000280e-03 2.776354090000000266e-04
4.524910360000000339e-03 2.772593290000000097e-04
4.664142619999999718e-03 2.772806619999999855e-04
4.804050080000000361e-03 2.776943730000000152e-04
4.943891429999999754e-03 2.789540159999999761e-04
5.083546970000000012e-03 2.789156569999999991e-04
5.223783660000000037e-03 2.778440830000000121e-04
5.364205220000000350e-03 2.779469359999999986e-04
5.505263340000000200e-03 2.782201339999999822e-04
5.646175699999999610e-03 2.782330270000000182e-04
5.786084099999999966e-03 2.788880369999999914e-04
5.925370850000000189e-03 2.787499110000000026e-04
6.064606359999999592e-03 2.784514800000000142e-04
6.204776000000000388e-03 2.785252580000000065e-04
6.344752849999999583e-03 2.790512520000000183e-04
6.484515029999999604e-03 2.794905740000000059e-04
6.625137290000000269e-03 2.792806189999999891e-04
6.765355360000000103e-03 2.789629509999999981e-04
6.905752700000000049e-03 2.788348939999999994e-04
7.046141659999999654e-03 2.787845440000000143e-04
7.185564840000000300e-03 2.791992739999999838e-04
7.325580340000000315e-03 2.793232849999999949e-04
7.465885490000000006e-03 2.791849260000000155e-04
7.605782709999999933e-03 2.792697340000000069e-04
7.745877840000000084e-03 2.791753500000000070e-04
7.885964590000000760e-03 2.791364390000000131e-04
8.026650180000000773e-03 2.790862349999999868e-04
8.167479190000000167e-03 2.791563170000000023e-04
8.307525890000000413e-03 2.796000919999999776e-04
8.447128349999999397e-03 2.794926699999999791e-04
8.586612529999999160e-03 2.793919120000000239e-04
8.727004749999999617e-03 2.795202889999999908e-04
8.867739700000000155e-03 2.793083840000000137e-04
9.008016440000000610e-03 2.793376040000000249e-04
9.149125779999999625e-03 2.790863220000000186e-04
9.290484709999999660e-03 2.791470910000000047e-04
9.430930949999999369e-03 2.797807969999999947e-04
9.570843540000000330e-03 2.796887130000000202e-04
9.710676970000000144e-03 2.795666219999999808e-04
9.851237759999999233e-03 2.795784680000000261e-04
9.992157110000000203e-03 2.790176659999999971e-04
1.013306060000000036e-02 2.791858859999999743e-04
1.027377319999999913e-02 2.799698560000000243e-04
1.041405930000000035e-02 2.799969520000000116e-04
1.055495350000000034e-02 2.801148799999999888e-04
1.069547700000000011e-02 2.799349019999999941e-04
1.083574070000000063e-02 2.788070410000000011e-04
1.097779630000000027e-02 2.790954599999999884e-04
1.111972150000000055e-02 2.801169470000000237e-04
1.126042189999999950e-02 2.801301309999999810e-04
1.140111960000000056e-02 2.801725350000000038e-04
1.154177080000000008e-02 2.801600490000000221e-04
1.168291179999999922e-02 2.803674139999999797e-04
1.182369519999999959e-02 2.802282979999999894e-04
1.196369809999999964e-02 2.800810329999999806e-04
1.210394040000000067e-02 2.801710219999999779e-04
1.224444530000000017e-02 2.799810900000000214e-04
1.238582379999999920e-02 2.800552169999999744e-04
1.252727860000000040e-02 2.801368540000000055e-04
1.266823710000000019e-02 2.802487869999999767e-04
1.280999180000000001e-02 2.802911909999999994e-04
1.295138340000000048e-02 2.800897929999999971e-04
1.309160520000000015e-02 2.804192190000000056e-04
1.323175340000000075e-02 2.804938699999999789e-04
1.337222379999999933e-02 2.801644440000000246e-04
1.351366749999999978e-02 2.802480890000000010e-04
1.365576410000000039e-02 2.793986349999999941e-04
1.379778700000000059e-02 2.794278260000000128e-04
1.393979140000000012e-02 2.805950929999999734e-04
1.408094820000000032e-02 2.805094409999999935e-04
1.422141489999999980e-02 2.803602550000000170e-04
1.436223650000000018e-02 2.805200060000000075e-04
1.450374159999999989e-02 2.798223289999999782e-04
1.464620229999999933e-02 2.797628109999999806e-04
1.478846179999999955e-02 2.799412760000000036e-04
1.493007780000000020e-02 2.799996869999999793e-04
1.507153359999999914e-02 2.804292310000000067e-04
1.521260290000000029e-02 2.803534730000000114e-04
1.535383889999999973e-02 2.809256260000000038e-04
1.549508980000000036e-02 2.811420710000000003e-04
1.563631180000000023e-02 2.807274000000000119e-04
1.577773320000000132e-02 2.806980920000000271e-04
1.591933330000000132e-02 2.803182579999999942e-04
1.606154630000000000e-02 2.801665979999999829e-04
1.620323209999999930e-02 2.806278350000000060e-04
1.634472610000000173e-02 2.810588049999999732e-04
1.648740279999999850e-02 2.813455649999999759e-04
1.662915950000000073e-02 2.808980929999999737e-04
1.676986180000000076e-02 2.803477689999999811e-04
1.691085469999999841e-02 2.803240499999999982e-04
1.705207120000000118e-02 2.798841160000000165e-04
1.719464180000000036e-02 2.801557999999999783e-04
1.733983119999999920e-02 2.765656679999999794e-04
1.748666540000000033e-02 2.766337709999999880e-04
1.763158110000000167e-02 2.810610750000000100e-04
1.777363380000000076e-02 2.809445719999999766e-04
1.791487820000000133e-02 2.809018769999999782e-04
1.805619149999999895e-02 2.809276919999999884e-04
1.819750850000000086e-02 2.809955330000000139e-04
1.834000090000000027e-02 2.813420720000000012e-04
1.848318610000000001e-02 2.811562150000000248e-04
1.862572510000000056e-02 2.810832519999999744e-04
1.876794730000000064e-02 2.814049080000000222e-04
1.890944320000000067e-02 2.810844449999999779e-04
1.905107129999999982e-02 2.810300210000000088e-04
1.919369959999999917e-02 2.816120100000000007e-04
1.933654400000000065e-02 2.818038920000000259e-04
1.947975719999999952e-02 2.817098579999999827e-04
1.962291819999999881e-02 2.815416080000000170e-04
1.976536400000000054e-02 2.814331970000000130e-04
1.990756769999999995e-02 2.815313930000000139e-04
2.005057219999999835e-02 2.820457449999999784e-04
2.019436659999999939e-02 2.832242459999999903e-04
2.033662610000000134e-02 2.827295680000000170e-04
2.047764319999999943e-02 2.823556130000000200e-04
2.061934210000000017e-02 2.826318959999999823e-04
2.076189410000000082e-02 2.819768560000000205e-04
2.090529910000000005e-02 2.818678620000000150e-04
2.104857010000000042e-02 2.817954229999999850e-04
2.119120769999999904e-02 2.817724890000000097e-04
2.133396270000000039e-02 2.825813140000000027e-04
2.147635440000000145e-02 2.826573910000000243e-04
2.161826749999999978e-02 2.825953999999999879e-04
2.176000919999999950e-02 2.824705149999999997e-04
2.190267480000000072e-02 2.805829859999999952e-04
2.204776370000000041e-02 2.809730940000000122e-04
2.219226770000000057e-02 2.830364679999999920e-04
2.233471160000000122e-02 2.829259320000000223e-04
2.247687619999999900e-02 2.830819869999999820e-04
2.261848929999999910e-02 2.828074209999999894e-04
2.276136169999999972e-02 2.810104629999999877e-04
2.290628850000000008e-02 2.815991760000000001e-04
2.305062860000000116e-02 2.831417660000000208e-04
2.319460549999999982e-02 2.830896990000000119e-04
2.333856930000000052e-02 2.829703739999999790e-04
2.348179560000000082e-02 2.828681609999999830e-04
2.362442019999999934e-02 2.835827759999999856e-04
2.376598489999999855e-02 2.832053290000000100e-04
2.390795390000000076e-02 2.825499690000000258e-04
2.405066419999999858e-02 2.827586430000000113e-04
2.419306900000000107e-02 2.827741549999999906e-04
2.433598039999999851e-02 2.830839080000000039e-04
2.447934449999999984e-02 2.831885939999999845e-04
2.462301030000000127e-02 2.830211600000000108e-04
2.476661280000000062e-02 2.826722630000000130e-04
2.490940690000000013e-02 2.824463589999999741e-04
2.505201469999999986e-02 2.831944730000000203e-04
2.519459090000000095e-02 2.834461920000000152e-04
2.533736639999999846e-02 2.827388529999999957e-04
2.548076209999999842e-02 2.828567809999999729e-04
2.562465330000000124e-02 2.823548280000000126e-04
2.576943300000000131e-02 2.823195540000000142e-04
2.591352540000000163e-02 2.833700860000000011e-04
2.605572340000000126e-02 2.829947330000000066e-04
2.619785260000000171e-02 2.831302120000000013e-04
2.634065229999999966e-02 2.835819909999999782e-04
2.648412249999999857e-02 2.826459820000000217e-04
2.662794850000000171e-02 2.825238919999999783e-04
2.677161429999999967e-02 2.824560220000000145e-04
2.691581850000000081e-02 2.823689429999999903e-04
2.705981769999999884e-02 2.824764820000000092e-04
2.720292100000000143e-02 2.823603859999999758e-04
2.734495699999999960e-02 2.838088840000000225e-04
2.748703400000000047e-02 2.843559490000000271e-04
2.763152119999999837e-02 2.829297740000000119e-04
2.777652070000000140e-02 2.827247079999999752e-04
2.792090740000000015e-02 2.820968219999999858e-04
2.806549889999999936e-02 2.819928629999999734e-04
2.820911820000000098e-02 2.833261680000000106e-04
2.835285480000000052e-02 2.834892079999999778e-04
2.849702910000000144e-02 2.832218889999999758e-04
2.864026279999999994e-02 2.829466250000000076e-04
2.878409440000000152e-02 2.822488600000000046e-04
2.892822589999999999e-02 2.821790109999999796e-04
2.907169050000000046e-02 2.820239750000000140e-04
2.921613119999999855e-02 2.825562840000000000e-04
2.936089230000000008e-02 2.835039630000000003e-04
2.950528449999999941e-02 2.832368190000000038e-04
2.964930420000000053e-02 2.831245370000000177e-04
2.979250810000000013e-02 2.829778820000000109e-04
2.993634530000000016e-02 2.825784610000000186e-04
3.008094240000000127e-02 2.828946159999999837e-04
3.022507580000000083e-02 2.834759939999999777e-04
3.036904519999999996e-02 2.835876370000000235e-04
3.051345239999999834e-02 2.831651649999999813e-04
3.065837169999999917e-02 2.829320150000000020e-04
3.080257960000000114e-02 2.834768380000000205e-04
3.094562699999999986e-02 2.833607429999999831e-04
3.108832610000000080e-02 2.836169440000000123e-04
3.123231980000000171e-02 2.844851699999999825e-04
3.137806800000000201e-02 2.850465239999999743e-04
3.152311590000000247e-02 2.848310109999999942e-04
3.166764600000000068e-02 2.840112429999999796e-04
3.181288759999999910e-02 2.837540809999999957e-04
3.195767099999999999e-02 2.838102519999999773e-04
3.210366519999999918e-02 2.849391310000000226e-04
3.225058690000000283e-02 2.865224960000000158e-04
3.239512819999999793e-02 2.856654170000000109e-04
3.253922979999999965e-02 2.850878520000000140e-04
3.268428889999999698e-02 2.854569169999999806e-04
3.282984349999999718e-02 2.845771089999999943e-04
3.297599410000000286e-02 2.846210850000000241e-04
3.312233839999999957e-02 2.844214910000000232e-04
3.326879809999999660e-02 2.840279190000000241e-04
3.341335060000000245e-02 2.861144600000000240e-04
3.355627130000000263e-02 2.862729309999999792e-04
3.370052949999999964e-02 2.855642819999999900e-04
3.384541349999999754e-02 2.856856440000000151e-04
3.399177639999999972e-02 2.824706610000000126e-04
3.414025529999999836e-02 2.825864650000000202e-04
3.428678589999999832e-02 2.861599500000000214e-04
3.443148730000000074e-02 2.859547390000000220e-04
3.457569700000000246e-02 2.862066610000000189e-04
3.471872959999999786e-02 2.859807569999999800e-04
3.486379979999999768e-02 2.819684160000000264e-04
3.501232340000000332e-02 2.825863479999999998e-04
3.516083209999999737e-02 2.853856130000000232e-04
3.530772780000000083e-02 2.854324699999999794e-04
3.545393790000000295e-02 2.856203939999999906e-04
3.560034930000000042e-02 2.854192279999999827e-04
3.574546800000000246e-02 2.870203459999999995e-04
3.588811680000000143e-02 2.865052370000000241e-04
3.603081780000000345e-02 2.849950400000000211e-04
3.617509449999999765e-02 2.853933259999999949e-04
3.632100669999999837e-02 2.848451260000000262e-04
3.646785019999999877e-02 2.852098550000000256e-04
3.661377729999999719e-02 2.866594000000000086e-04
3.675932810000000217e-02 2.869517190000000248e-04
3.690611939999999952e-02 2.856862270000000165e-04
3.705273199999999795e-02 2.847323780000000047e-04
3.719685229999999954e-02 2.862445840000000033e-04
3.733983259999999749e-02 2.864920530000000126e-04
3.748497740000000106e-02 2.846484709999999910e-04
3.763149679999999719e-02 2.848113949999999880e-04
3.777825089999999747e-02 2.837823409999999939e-04
3.792566809999999705e-02 2.838095530000000056e-04
3.807212410000000019e-02 2.854916670000000128e-04
3.821732099999999854e-02 2.849526060000000098e-04
3.836173939999999727e-02 2.847696600000000026e-04
3.850636999999999810e-02 2.852194009999999913e-04
3.865298629999999735e-02 2.842356919999999777e-04
3.880089149999999681e-02 2.846591810000000220e-04
3.894848380000000276e-02 2.852618929999999877e-04
3.909486529999999654e-02 2.847491410000000268e-04
3.924106430000000312e-02 2.836309430000000199e-04
3.938793019999999728e-02 2.832385069999999810e-04
3.953250500000000250e-02 2.859666999999999873e-04
3.967755290000000296e-02 2.876169160000000046e-04
3.982621060000000185e-02 2.862010730000000129e-04
3.997402270000000035e-02 2.851840980000000005e-04
4.012132060000000305e-02 2.842806570000000130e-04
4.026890920000000124e-02 2.841361270000000261e-04
4.041502999999999762e-02 2.851031020000000102e-04
4.056227579999999860e-02 2.861272659999999739e-04
4.071034119999999978e-02 2.875942740000000009e-04
4.085636139999999916e-02 2.864984850000000072e-04
4.100141300000000044e-02 2.850835439999999891e-04
4.114653540000000331e-02 2.850063899999999884e-04
4.129307720000000015e-02 2.834989569999999998e-04
4.144162309999999821e-02 2.841640090000000169e-04
4.158736390000000033e-02 2.896056979999999921e-04
4.172974819999999974e-02 2.895450159999999836e-04
4.187389460000000285e-02 2.864288690000000269e-04
4.202003779999999994e-02 2.861136750000000165e-04
4.216536879999999848e-02 2.865976710000000096e-04
4.231014849999999855e-02 2.868312289999999849e-04
4.245728630000000087e-02 2.846340649999999834e-04
4.260671139999999690e-02 2.852214970000000187e-04
4.275527219999999962e-02 2.872020410000000181e-04
4.290277139999999767e-02 2.872759940000000158e-04
4.304928329999999775e-02 2.891324690000000191e-04
4.319411520000000088e-02 2.883988200000000158e-04
4.333852230000000139e-02 2.870748290000000040e-04
4.348402839999999936e-02 2.876482899999999740e-04
4.363057020000000313e-02 2.875192730000000166e-04
4.377726089999999654e-02 2.875616769999999852e-04
4.392501709999999809e-02 2.869857129999999878e-04
4.407298190000000226e-02 2.869095479999999925e-04
4.421961680000000006e-02 2.878262309999999767e-04
4.436653480000000288e-02 2.883271659999999932e-04
4.451345649999999959e-02 2.897146620000000091e-04
4.465980829999999929e-02 2.894754869999999810e-04
4.480573530000000332e-02 2.895193759999999789e-04
4.495164010000000238e-02 2.899134999999999950e-04
4.509966449999999738e-02 2.885654100000000009e-04
4.524852339999999723e-02 2.885841820000000185e-04
4.539706560000000141e-02 2.880629039999999734e-04
4.554480310000000309e-02 2.873917689999999766e-04
4.569017140000000005e-02 2.894886130000000075e-04
4.583549499999999693e-02 2.898233359999999922e-04
4.598219320000000027e-02 2.884728889999999837e-04
4.612929369999999724e-02 2.886209699999999845e-04
4.628048459999999781e-02 2.832933100000000078e-04
4.643449189999999949e-02 2.830728480000000162e-04
4.658409949999999661e-02 2.887044100000000211e-04
4.673028740000000070e-02 2.886758300000000005e-04
4.687606169999999906e-02 2.892939960000000146e-04
4.702229050000000105e-02 2.893963830000000200e-04
4.716901479999999897e-02 2.888652669999999833e-04
4.731587319999999708e-02 2.891481849999999964e-04
4.746340959999999914e-02 2.888072340000000151e-04
4.761188849999999778e-02 2.892479530000000043e-04
4.776097829999999961e-02 2.905482830000000183e-04
4.790826509999999983e-02 2.899399549999999957e-04
4.805359990000000053e-02 2.904012220000000075e-04
4.819845779999999691e-02 2.898862589999999908e-04
4.834422840000000138e-02 2.869477320000000183e-04
4.849206279999999925e-02 2.875184289999999738e-04
4.864072430000000030e-02 2.877303050000000126e-04
4.878976570000000124e-02 2.880361570000000010e-04
4.893909770000000325e-02 2.894895149999999811e-04
4.908796399999999782e-02 2.897411469999999984e-04
4.923701660000000258e-02 2.890299659999999893e-04
4.938488829999999885e-02 2.880658140000000008e-04
4.953078179999999969e-02 2.886956789999999972e-04
4.967791960000000201e-02 2.892754269999999990e-04
4.982649530000000243e-02 2.885005379999999839e-04
4.997514930000000050e-02 2.886569420000000127e-04
5.012676860000000317e-02 2.852226609999999754e-04
5.027962099999999657e-02 2.847355790000000077e-04
5.042837189999999775e-02 2.891384940000000137e-04
5.057375509999999935e-02 2.887024600000000067e-04
5.071847890000000247e-02 2.885978030000000186e-04
5.086519939999999823e-02 2.893638159999999929e-04
5.101473630000000203e-02 2.868144069999999817e-04
5.116536099999999948e-02 2.869374289999999873e-04
5.131570989999999916e-02 2.877367949999999923e-04
5.146430059999999862e-02 2.869721500000000270e-04
5.161204929999999719e-02 2.873269549999999989e-04
5.175997689999999735e-02 2.875695059999999813e-04
5.190627650000000093e-02 2.898756069999999991e-04
5.205367880000000280e-02 2.909711909999999988e-04
5.220464989999999694e-02 2.880829850000000188e-04
5.235549440000000082e-02 2.873586779999999833e-04
5.250496789999999775e-02 2.876302750000000216e-04
5.265329030000000243e-02 2.870387110000000171e-04
5.280024190000000284e-02 2.887580489999999828e-04
5.295305329999999699e-02 2.929047330000000252e-04
5.311269309999999688e-02 2.919222460000000076e-04
5.326696859999999895e-02 2.883433190000000133e-04
5.341843520000000289e-02 2.830915619999999945e-04
5.357388409999999657e-02 2.831967140000000104e-04
5.372682959999999786e-02 2.876865329999999808e-04
5.387686190000000319e-02 2.879381350000000095e-04
5.402573940000000158e-02 2.916495140000000051e-04
5.417177830000000083e-02 2.912899650000000157e-04
5.431761219999999696e-02 2.895342480000000218e-04
5.451663209999999676e-02 3.208823330000000061e-04
5.477022749999999746e-02 3.168107940000000232e-04
5.497703699999999943e-02 2.868107110000000051e-04
5.513185639999999832e-02 2.903270360000000192e-04
5.528340860000000023e-02 2.900190880000000034e-04
5.543412639999999864e-02 2.916363010000000010e-04
5.558226260000000141e-02 2.906715670000000070e-04
5.572906510000000257e-02 2.891018520000000064e-04
5.587691069999999732e-02 2.891653280000000179e-04
5.602463330000000130e-02 2.895547949999999942e-04
5.617583539999999875e-02 2.913847570000000116e-04
5.633023749999999802e-02 2.911577180000000085e-04
5.648193879999999917e-02 2.898501989999999889e-04
5.663095790000000074e-02 2.906765730000000075e-04
5.677863579999999771e-02 2.901705450000000128e-04
5.692601580000000022e-02 2.903522109999999846e-04
5.707680429999999888e-02 2.924685250000000087e-04
5.722942579999999724e-02 2.941816349999999778e-04
5.737967039999999908e-02 2.933695799999999892e-04
5.753024670000000257e-02 2.905595759999999965e-04
5.768248439999999755e-02 2.901471450000000021e-04
5.783289669999999716e-02 2.920640109999999841e-04
5.798194930000000191e-02 2.923330180000000174e-04
5.813173950000000145e-02 2.929548790000000122e-04
5.828002840000000295e-02 2.922827550000000100e-04
5.842724070000000075e-02 2.911064080000000105e-04
5.857681859999999685e-02 2.921068230000000029e-04
5.872843409999999736e-02 2.914808869999999737e-04
5.887963250000000093e-02 2.906041339999999775e-04
5.903017149999999907e-02 2.892939079999999868e-04
5.918134750000000194e-02 2.895969960000000149e-04
5.933132399999999779e-02 2.935408270000000141e-04
5.947943779999999986e-02 2.938529069999999991e-04
5.962769309999999684e-02 2.933742359999999788e-04
5.977592989999999662e-02 2.931928319999999900e-04
5.992570149999999762e-02 2.901348049999999791e-04
6.007932130000000204e-02 2.909460159999999792e-04
6.023204330000000301e-02 2.947130120000000016e-04
6.038101020000000152e-02 2.942167049999999781e-04
6.052916869999999672e-02 2.941936249999999899e-04
6.067718569999999700e-02 2.941018609999999835e-04
6.082630160000000036e-02 2.931194899999999904e-04
6.097594650000000283e-02 2.930833140000000184e-04
6.112615390000000065e-02 2.909245089999999939e-04
6.127894670000000321e-02 2.912991910000000133e-04
6.143048029999999965e-02 2.944538430000000141e-04
6.157943980000000345e-02 2.944447920000000220e-04
6.172817199999999782e-02 2.948050099999999945e-04
6.187650559999999939e-02 2.946979660000000035e-04
6.202598659999999930e-02 2.935996739999999824e-04
6.217640640000000191e-02 2.937694079999999815e-04
6.232634189999999852e-02 2.939244440000000013e-04
6.247723480000000329e-02 2.945523299999999907e-04
6.262864170000000119e-02 2.954282679999999908e-04
6.277886030000000284e-02 2.946229650000000192e-04
6.292943659999999939e-02 2.917970709999999856e-04
6.308013199999999709e-02 2.912444470000000217e-04
6.322932990000000586e-02 2.933029610000000139e-04
6.337895990000000368e-02 2.943120489999999909e-04
6.353029609999999439e-02 2.931609340000000002e-04
6.368237729999999541e-02 2.931979250000000224e-04
6.383537499999999976e-02 2.917677340000000082e-04
6.398757550000000460e-02 2.903692659999999783e-04
6.413588670000000547e-02 2.929647160000000078e-04
6.428283449999999677e-02 2.934742369999999772e-04
6.442963329999999711e-02 2.951385099999999872e-04
6.457772109999999899e-02 2.965127640000000064e-04
6.472980979999999607e-02 2.947858880000000202e-04
6.488256159999999939e-02 2.945712480000000212e-04
6.503594669999999967e-02 2.918000100000000055e-04
6.519041209999999753e-02 2.910497709999999936e-04
6.534232199999999435e-02 2.932537749999999856e-04
6.549142300000000694e-02 2.927623280000000040e-04
6.563854219999999684e-02 2.947020399999999876e-04
6.578374650000000379e-02 2.942606520000000153e-04
6.593144689999999586e-02 2.899948739999999928e-04
6.608390059999999511e-02 2.913158679999999995e-04
6.623682379999999703e-02 2.930871560000000080e-04
6.638853999999999589e-02 2.929992619999999878e-04
6.653901930000000187e-02 2.948208419999999962e-04
6.668868660000000503e-02 2.945824530000000258e-04
6.683798130000000171e-02 2.945368470000000040e-04
6.698580830000000486e-02 2.940377739999999740e-04
6.713458899999999452e-02 2.921667759999999970e-04
6.728512790000000521e-02 2.925491429999999915e-04
6.743601709999999527e-02 2.919077229999999796e-04
6.758804620000000152e-02 2.923639839999999908e-04
6.774206459999999874e-02 2.903194979999999988e-04
6.789604570000000450e-02 2.891666949999999767e-04
6.804645809999999850e-02 2.919398830000000068e-04
6.819376350000000420e-02 2.914658109999999870e-04
6.834235789999999755e-02 2.890898320000000058e-04
6.849467010000000189e-02 2.904711290000000176e-04
6.864757089999999617e-02 2.922152629999999994e-04
6.879994270000000522e-02 2.925243459999999794e-04
6.895261260000000447e-02 2.928751060000000139e-04
6.910357620000000256e-02 2.915705260000000143e-04
6.925231960000000075e-02 2.916570229999999788e-04
6.940075010000000544e-02 2.918933750000000113e-04
6.954976920000000007e-02 2.915659570000000023e-04
6.970161939999999778e-02 2.931473719999999812e-04
6.985701619999999668e-02 2.927468450000000172e-04
7.001085579999999364e-02 2.916783560000000088e-04
7.016207280000000268e-02 2.919631949999999896e-04
7.031299169999999377e-02 2.918885440000000163e-04
7.046210020000000240e-02 2.947120809999999812e-04
7.061161850000000073e-02 2.955709060000000026e-04
7.076486199999999782e-02 2.917612439999999743e-04
7.091875370000000345e-02 2.911696789999999738e-04
7.107241450000000016e-02 2.909834149999999974e-04
7.122594120000000362e-02 2.908417080000000061e-04
7.137768719999999789e-02 2.922912539999999852e-04
7.152740659999999584e-02 2.915894149999999981e-04
7.167448849999999427e-02 2.940350679999999988e-04
7.182275500000000201e-02 2.952206120000000033e-04
7.197342069999999870e-02 2.945127200000000251e-04
7.212451849999999831e-02 2.949172919999999806e-04
