-9.677299859999999310e-02 3.767696029999999729e-04
-9.658931939999999827e-02 3.956492289999999855e-04
-9.641611579999999349e-02 3.960794419999999960e-04
-9.623747320000000660e-02 3.881126179999999973e-04
-9.604870529999999518e-02 3.913830730000000097e-04
-9.584752470000000579e-02 3.795580999999999803e-04
-9.563804419999999418e-02 3.803364229999999890e-04
-9.543276579999999953e-02 3.895990670000000250e-04
-9.523774679999999493e-02 3.849781640000000081e-04
-9.505390380000000583e-02 3.907403440000000241e-04
-9.487567099999999476e-02 3.912243120000000207e-04
-9.469089660000000463e-02 3.817574759999999793e-04
-9.449169779999999630e-02 3.869549249999999991e-04
-9.428327529999999679e-02 3.860802099999999910e-04
-9.407731889999999819e-02 3.842934090000000072e-04
-9.388203169999999320e-02 3.969983079999999851e-04
-9.370142970000000515e-02 3.928152730000000195e-04
-9.352368860000000172e-02 3.859803550000000054e-04
-9.333366899999999411e-02 3.908519279999999804e-04
-9.313211590000000650e-02 3.852715310000000108e-04
-9.292343999999999604e-02 3.875117690000000142e-04
-9.271461520000000289e-02 3.934566050000000035e-04
-9.251809119999999942e-02 3.882528979999999986e-04
-9.233430770000000676e-02 3.949152009999999787e-04
-9.215444329999999962e-02 3.949789970000000127e-04
-9.197223929999999437e-02 3.912881659999999854e-04
-9.177775679999999880e-02 3.972926929999999858e-04
-9.156326200000000637e-02 3.855175459999999753e-04
-9.134898330000000566e-02 3.811878849999999954e-04
-9.115222100000000549e-02 3.935374839999999735e-04
-9.096649290000000110e-02 3.912909599999999885e-04
-9.078649430000000631e-02 3.947007940000000245e-04
-9.060317280000000639e-02 3.979340540000000166e-04
-9.040719269999999974e-02 3.855845130000000237e-04
-9.019950029999999896e-02 3.882373860000000194e-04
-8.999016880000000607e-02 3.928785149999999902e-04
-8.979082850000000282e-02 3.885040929999999731e-04
-8.960358799999999790e-02 3.967234220000000243e-04
-8.942171929999999380e-02 3.964230710000000101e-04
-8.923764530000000139e-02 3.918661099999999858e-04
-8.904234319999999869e-02 3.952125839999999805e-04
-8.883333949999999701e-02 3.817042450000000136e-04
-8.861892670000000305e-02 3.818346009999999875e-04
-8.841280640000000191e-02 3.958976889999999923e-04
-8.822203430000000179e-02 3.918068540000000256e-04
-8.803988990000000125e-02 3.947399090000000164e-04
-8.785860989999999537e-02 3.952765840000000124e-04
-8.767023679999999541e-02 3.850213539999999802e-04
-8.746859429999999380e-02 3.892432140000000123e-04
-8.725824209999999415e-02 3.865211329999999781e-04
-8.705056460000000496e-02 3.839349080000000044e-04
-8.685306460000000173e-02 3.935993589999999855e-04
-8.666692669999999377e-02 3.903051839999999943e-04
-8.648820220000000281e-02 3.934550040000000040e-04
-8.630398659999999333e-02 3.978751770000000056e-04
-8.610516790000000142e-02 3.859625140000000083e-04
-8.589628339999999529e-02 3.876737320000000022e-04
-8.568669859999999971e-02 3.912494869999999861e-04
-8.548450470000000523e-02 3.881210289999999989e-04
-8.529181780000000268e-02 4.002504870000000037e-04
-8.510743830000000454e-02 3.995862499999999827e-04
-8.492194860000000511e-02 3.908853399999999922e-04
-8.472523090000000368e-02 3.945586499999999904e-04
-8.451706170000000684e-02 3.854898679999999825e-04
-8.430553229999999953e-02 3.842721929999999976e-04
-8.410274980000000122e-02 3.956351719999999929e-04
-8.391233530000000163e-02 3.922271430000000086e-04
-8.372882750000000540e-02 3.943686020000000095e-04
-8.354278649999999362e-02 3.966656509999999850e-04
-8.334685860000000390e-02 3.863831809999999987e-04
-8.313666279999999686e-02 3.894967959999999898e-04
-8.292283120000000507e-02 3.922124159999999826e-04
-8.271967619999999466e-02 3.885438200000000133e-04
-8.252930640000000206e-02 3.995242300000000080e-04
-8.234680440000000101e-02 3.987857780000000061e-04
-8.216341580000000033e-02 3.952656989999999760e-04
-8.196797969999999878e-02 4.011918790000000264e-04
-8.175704629999999695e-02 3.919571750000000205e-04
-8.154435459999999358e-02 3.896649289999999893e-04
-8.134022359999999729e-02 3.974647260000000143e-04
-8.114715670000000047e-02 3.936706340000000045e-04
-8.096337319999999393e-02 3.985258810000000002e-04
-8.077779409999999438e-02 4.013548019999999732e-04
-8.058039840000000287e-02 3.896416459999999990e-04
-8.037211750000000654e-02 3.919137819999999922e-04
-8.016141499999999975e-02 3.942137989999999802e-04
-7.995626329999999671e-02 3.917364229999999951e-04
-7.976062600000000113e-02 4.006296799999999958e-04
-7.957330349999999775e-02 3.988782699999999766e-04
-7.938554139999999537e-02 3.983550119999999827e-04
-7.919143139999999803e-02 4.019506160000000175e-04
-7.898800820000000111e-02 3.913079270000000085e-04
-7.877572630000000131e-02 3.928540389999999965e-04
-7.856471090000000101e-02 3.993038839999999865e-04
-7.836381350000000412e-02 3.954951239999999861e-04
-7.817403230000000147e-02 4.036145979999999976e-04
-7.798855749999999976e-02 4.039184709999999790e-04
-7.779779289999999570e-02 3.958439629999999988e-04
-7.759569589999999739e-02 3.998029280000000240e-04
-7.738456879999999760e-02 3.956042060000000194e-04
-7.717020809999999842e-02 3.942150510000000190e-04
-7.696375249999999613e-02 4.036219910000000011e-04
-7.677094639999999803e-02 4.006252859999999893e-04
-7.658422739999999618e-02 4.024093210000000208e-04
-7.639304550000000638e-02 4.057236069999999918e-04
-7.618958500000000411e-02 3.945840580000000005e-04
-7.597757880000000075e-02 3.956601430000000145e-04
-7.576638460000000019e-02 3.999705370000000032e-04
-7.556226850000000161e-02 3.972962439999999998e-04
-7.536900790000000683e-02 4.078411440000000079e-04
-7.518248260000000294e-02 4.076303450000000024e-04
-7.499019799999999403e-02 3.975343719999999831e-04
-7.478556779999999404e-02 4.012612039999999768e-04
-7.457294320000000531e-02 3.983491919999999822e-04
-7.436092199999999597e-02 3.969354440000000218e-04
-7.415724549999999637e-02 4.068146810000000148e-04
-7.396478950000000274e-02 4.036772009999999738e-04
-7.377708700000000508e-02 4.028466060000000164e-04
-7.358390089999999883e-02 4.058197080000000155e-04
-7.337687910000000036e-02 3.960643950000000018e-04
-7.316014919999999644e-02 3.984223880000000231e-04
-7.294594499999999815e-02 4.041263890000000038e-04
-7.274143399999999371e-02 4.003127109999999765e-04
-7.254797220000000491e-02 4.083187090000000023e-04
-7.235898820000000176e-02 4.084759570000000197e-04
-7.216730709999999438e-02 4.043496449999999984e-04
-7.196271419999999974e-02 4.106765260000000222e-04
-7.174383099999999402e-02 4.042110229999999857e-04
-7.152677329999999889e-02 4.007910900000000252e-04
-7.132217289999999432e-02 4.122695829999999942e-04
-7.112517209999999479e-02 4.099483490000000005e-04
-7.093128560000000471e-02 4.085637050000000270e-04
-7.073473190000000022e-02 4.115285409999999873e-04
-7.052742689999999537e-02 4.019639159999999992e-04
-7.031123340000000610e-02 4.038228069999999980e-04
-7.009509949999999379e-02 4.090693550000000143e-04
-6.988792119999999441e-02 4.056184840000000226e-04
-6.969127059999999374e-02 4.134931080000000224e-04
-6.949916479999999896e-02 4.136255299999999809e-04
-6.930264090000000377e-02 4.066889519999999838e-04
-6.909500809999999382e-02 4.108227729999999788e-04
-6.887855380000000582e-02 4.076805780000000213e-04
-6.866116819999999732e-02 4.071023429999999911e-04
-6.845059990000000594e-02 4.167782610000000140e-04
-6.825224309999999850e-02 4.129779700000000002e-04
-6.806023419999999990e-02 4.129549489999999930e-04
-6.786346440000000368e-02 4.157935619999999989e-04
-6.765647980000000228e-02 4.067679399999999746e-04
-6.743975730000000002e-02 4.093285240000000018e-04
-6.721742449999999758e-02 4.122469399999999944e-04
-6.700246040000000514e-02 4.089071009999999964e-04
-6.680146600000000379e-02 4.178037050000000131e-04
-6.660625339999999561e-02 4.174934870000000147e-04
-6.640885030000000244e-02 4.129345759999999759e-04
-6.620296089999999634e-02 4.164331189999999740e-04
-6.598693880000000567e-02 4.090828879999999865e-04
-6.576735529999999663e-02 4.085944380000000099e-04
-6.555293500000000662e-02 4.159309610000000196e-04
-6.534691149999999338e-02 4.134844059999999910e-04
-6.514951589999999626e-02 4.212320199999999826e-04
-6.495103989999999328e-02 4.227709140000000267e-04
-6.474366780000000154e-02 4.121277890000000252e-04
-6.452892720000000248e-02 4.146211139999999781e-04
-6.430907549999999306e-02 4.130787859999999947e-04
-6.409239769999999781e-02 4.106222190000000192e-04
-6.388568880000000672e-02 4.202943239999999908e-04
-6.368806209999999801e-02 4.183626150000000128e-04
-6.349124759999999479e-02 4.143668049999999783e-04
-6.328614059999999875e-02 4.178758830000000018e-04
-6.307108699999999790e-02 4.111272860000000050e-04
-6.285085529999999421e-02 4.117790379999999861e-04
-6.263434140000000150e-02 4.197227240000000114e-04
-6.242840360000000144e-02 4.162718830000000083e-04
-6.223075089999999948e-02 4.204173160000000079e-04
-6.203348930000000122e-02 4.216819940000000161e-04
-6.182955579999999812e-02 4.141546090000000255e-04
-6.161408869999999982e-02 4.183272829999999751e-04
-6.139018009999999692e-02 4.159140519999999846e-04
-6.117059660000000176e-02 4.124548580000000192e-04
-6.095961109999999822e-02 4.224151199999999951e-04
-6.075747310000000068e-02 4.206697339999999744e-04
-6.056031960000000242e-02 4.188903839999999794e-04
-6.035706030000000111e-02 4.219439869999999952e-04
-6.014330310000000346e-02 4.127518039999999782e-04
-5.992219969999999785e-02 4.139006779999999789e-04
-5.970289559999999995e-02 4.201351260000000132e-04
-5.949350070000000018e-02 4.163740960000000043e-04
-5.929350109999999979e-02 4.217336540000000251e-04
-5.909524490000000324e-02 4.226011219999999883e-04
-5.889285729999999691e-02 4.180480320000000004e-04
-5.867846310000000148e-02 4.217301609999999962e-04
-5.845476690000000336e-02 4.165004359999999791e-04
-5.823273579999999755e-02 4.155116909999999764e-04
-5.801746990000000020e-02 4.239617849999999960e-04
-5.781209100000000295e-02 4.211058260000000207e-04
-5.761297790000000085e-02 4.235574159999999882e-04
-5.741190169999999676e-02 4.256153189999999824e-04
-5.720226469999999813e-02 4.171518090000000110e-04
-5.698328469999999757e-02 4.196742669999999975e-04
-5.676130210000000093e-02 4.216884550000000033e-04
-5.654708299999999799e-02 4.177785889999999745e-04
-5.634164810000000245e-02 4.214847580000000257e-04
-5.613976720000000281e-02 4.206991869999999762e-04
-5.593727529999999865e-02 4.175128419999999795e-04
-5.572710560000000007e-02 4.209498579999999845e-04
-5.550845339999999767e-02 4.164360869999999865e-04
-5.528840799999999722e-02 4.156352659999999950e-04
-5.507372320000000071e-02 4.222744899999999828e-04
-5.486817659999999874e-02 4.192119230000000067e-04
-5.466599020000000031e-02 4.216209929999999812e-04
-5.446274949999999754e-02 4.230851189999999774e-04
-5.425518010000000141e-02 4.145839190000000121e-04
-5.403901259999999845e-02 4.167364100000000042e-04
-5.381904540000000126e-02 4.163292759999999860e-04
-5.360317230000000155e-02 4.137072829999999821e-04
-5.339669439999999989e-02 4.222476269999999861e-04
-5.319762599999999786e-02 4.208299510000000003e-04
-5.299870670000000200e-02 4.171323380000000218e-04
-5.279292540000000283e-02 4.199571560000000181e-04
-5.257765949999999855e-02 4.118318030000000249e-04
-5.235674979999999784e-02 4.123307880000000271e-04
-5.213975910000000213e-02 4.203328279999999847e-04
-5.192947020000000108e-02 4.172580370000000100e-04
-5.172641950000000238e-02 4.207490129999999951e-04
-5.152701960000000136e-02 4.217231759999999887e-04
-5.132355539999999827e-02 4.176947400000000001e-04
-5.110960080000000183e-02 4.225059819999999735e-04
-5.088542769999999937e-02 4.189187310000000095e-04
-5.066469679999999892e-02 4.155642530000000132e-04
-5.045488100000000004e-02 4.243328290000000238e-04
-5.025324970000000224e-02 4.226125889999999760e-04
-5.005384610000000040e-02 4.215326039999999874e-04
-4.984860869999999805e-02 4.246257009999999986e-04
-4.963375259999999733e-02 4.172747719999999813e-04
-4.941322280000000344e-02 4.180062680000000224e-04
-4.919406030000000180e-02 4.222821439999999735e-04
-4.898194599999999843e-02 4.196140800000000169e-04
-4.877780749999999915e-02 4.254227099999999891e-04
-4.857784140000000195e-02 4.250309429999999875e-04
-4.837479809999999797e-02 4.188636090000000104e-04
-4.816193509999999733e-02 4.225037409999999835e-04
-4.793759809999999927e-02 4.187816810000000037e-04
-4.771393909999999822e-02 4.170742470000000143e-04
-4.750128840000000102e-02 4.254345259999999917e-04
-4.729745540000000054e-02 4.230967610000000247e-04
-4.709738869999999938e-02 4.229245239999999983e-04
-4.689339919999999801e-02 4.252335059999999968e-04
-4.668030139999999883e-02 4.163036359999999813e-04
-4.645996170000000342e-02 4.174819909999999802e-04
-4.623994979999999921e-02 4.213185459999999939e-04
-4.602904990000000057e-02 4.171799229999999963e-04
-4.582744090000000214e-02 4.213062350000000176e-04
-4.562317949999999955e-02 4.224797590000000215e-04
-4.541343080000000143e-02 4.165254070000000007e-04
-4.519881679999999957e-02 4.192024640000000186e-04
-4.497825729999999772e-02 4.167854199999999768e-04
-4.476010799999999984e-02 4.144744600000000215e-04
-4.455053810000000197e-02 4.222704159999999987e-04
-4.434944319999999801e-02 4.200239200000000102e-04
-4.415129500000000012e-02 4.186791779999999739e-04
-4.394817720000000066e-02 4.211627820000000098e-04
-4.373553019999999736e-02 4.122791290000000141e-04
-4.351698610000000189e-02 4.125939160000000245e-04
-4.330085220000000346e-02 4.174548959999999889e-04
-4.309294000000000319e-02 4.142987310000000164e-04
-4.289274659999999656e-02 4.183290880000000269e-04
-4.269484059999999886e-02 4.184192219999999869e-04
-4.249258339999999884e-02 4.114749610000000067e-04
-4.228427629999999965e-02 4.125822449999999846e-04
-4.207065329999999659e-02 4.068656709999999904e-04
-4.185544699999999702e-02 4.057465990000000064e-04
-4.164372379999999735e-02 4.135843770000000009e-04
-4.144133629999999929e-02 4.107920979999999810e-04
-4.124655569999999966e-02 4.105826369999999960e-04
-4.104951770000000305e-02 4.118747020000000213e-04
-4.084628450000000327e-02 4.050236309999999873e-04
-4.063478479999999698e-02 4.075656180000000023e-04
-4.041967169999999970e-02 4.085638789999999822e-04
-4.021191600000000033e-02 4.044750820000000036e-04
-4.001355539999999766e-02 4.089263379999999990e-04
-3.981921819999999917e-02 4.080876819999999967e-04
-3.962377460000000157e-02 4.038791519999999891e-04
-3.941834720000000208e-02 4.065403770000000053e-04
-3.920590510000000056e-02 4.022662180000000239e-04
-3.899640590000000295e-02 4.007928359999999874e-04
-3.879170860000000221e-02 4.046543620000000226e-04
-3.859267379999999775e-02 4.026671809999999804e-04
-3.839780019999999849e-02 4.040522040000000116e-04
-3.820268059999999688e-02 4.047018880000000161e-04
-3.800258039999999948e-02 3.982717460000000098e-04
-3.779667989999999783e-02 3.994158180000000080e-04
-3.758977349999999967e-02 4.009216789999999896e-04
-3.738620880000000091e-02 3.994676810000000189e-04
-3.718796369999999990e-02 4.042327350000000192e-04
-3.699333970000000249e-02 4.037896870000000121e-04
-3.679790720000000043e-02 4.012230200000000053e-04
-3.659858180000000183e-02 4.026201500000000147e-04
-3.639438750000000000e-02 3.984362990000000029e-04
-3.618761150000000121e-02 3.984674990000000171e-04
-3.598346560000000027e-02 4.029007100000000174e-04
-3.578476609999999697e-02 4.012477289999999896e-04
-3.558646139999999819e-02 4.023819349999999996e-04
-3.538746759999999991e-02 4.031856660000000185e-04
-3.518836200000000081e-02 4.001516210000000237e-04
-3.498479720000000071e-02 4.017615869999999765e-04
-3.477811809999999809e-02 4.010000849999999749e-04
-3.457327930000000243e-02 3.996147129999999830e-04
-3.437343610000000160e-02 4.041795039999999993e-04
-3.417722509999999991e-02 4.036187600000000096e-04
-3.398122270000000084e-02 4.024070799999999765e-04
-3.378132729999999695e-02 4.043279330000000191e-04
-3.357678649999999709e-02 4.018459289999999867e-04
-3.336690739999999961e-02 4.023252399999999976e-04
-3.315782169999999945e-02 4.050266869999999734e-04
-3.295609730000000070e-02 4.034097660000000017e-04
-3.275841470000000200e-02 4.056119649999999962e-04
-3.256157409999999724e-02 4.059031779999999865e-04
-3.236260269999999967e-02 4.031849380000000001e-04
-3.215977180000000046e-02 4.045071839999999914e-04
-3.195357320000000168e-02 4.025946550000000269e-04
-3.174660730000000014e-02 4.023623769999999785e-04
-3.154198080000000098e-02 4.055869939999999746e-04
-3.134168679999999735e-02 4.041642240000000146e-04
-3.114455379999999871e-02 4.054590829999999888e-04
-3.094811180000000064e-02 4.055145549999999988e-04
-3.074922409999999995e-02 4.016223249999999732e-04
-3.054473179999999885e-02 4.035637539999999807e-04
-3.033697609999999947e-02 4.035369199999999765e-04
-3.013181690000000038e-02 4.019747719999999889e-04
-2.993094920000000103e-02 4.047467079999999802e-04
-2.973375840000000089e-02 4.035513269999999801e-04
-2.953420580000000115e-02 4.013662980000000076e-04
-2.933109550000000121e-02 4.027074900000000260e-04
-2.912702970000000113e-02 3.997341850000000248e-04
-2.892195620000000134e-02 3.992787100000000171e-04
-2.871895210000000032e-02 4.015023300000000153e-04
-2.851965840000000169e-02 4.000551999999999776e-04
-2.832353300000000143e-02 4.013627769999999822e-04
-2.812737969999999990e-02 4.018484320000000141e-04
-2.792898939999999969e-02 3.994309810000000265e-04
-2.772698180000000151e-02 4.007532260000000218e-04
-2.752197160000000031e-02 3.993771390000000086e-04
-2.731517329999999869e-02 3.981362390000000185e-04
-2.711251010000000072e-02 4.016174929999999821e-04
-2.691567879999999871e-02 4.011848359999999796e-04
-2.671976200000000107e-02 4.014994479999999845e-04
-2.652210740000000150e-02 4.026518150000000140e-04
-2.632063810000000170e-02 3.995326700000000021e-04
-2.611644189999999879e-02 4.000339830000000261e-04
-2.591262570000000057e-02 4.020462510000000060e-04
-2.571165560000000100e-02 4.010713599999999939e-04
-2.551397869999999860e-02 4.038164329999999885e-04
-2.531761860000000114e-02 4.040224009999999989e-04
-2.511945739999999969e-02 4.016187450000000209e-04
-2.491754670000000116e-02 4.029923000000000142e-04
-2.471246009999999993e-02 4.015458979999999949e-04
-2.450678499999999968e-02 4.013753210000000032e-04
-2.430357409999999926e-02 4.049759589999999809e-04
-2.410391159999999977e-02 4.041571229999999827e-04
-2.390597200000000103e-02 4.047422260000000001e-04
-2.370640259999999902e-02 4.059271600000000026e-04
-2.350064179999999947e-02 4.040076750000000231e-04
-2.329241669999999875e-02 4.048058179999999818e-04
-2.308633360000000162e-02 4.054732849999999984e-04
-2.288261239999999849e-02 4.042822980000000048e-04
-2.268245819999999829e-02 4.069758000000000143e-04
-2.248387970000000069e-02 4.069884310000000129e-04
-2.228435319999999900e-02 4.054224409999999815e-04
-2.208164329999999856e-02 4.067853439999999832e-04
-2.187556400000000012e-02 4.049022970000000130e-04
-2.166870049999999881e-02 4.047022670000000196e-04
-2.146425279999999991e-02 4.082217639999999900e-04
-2.125998769999999996e-02 4.075194880000000144e-04
-2.105743070000000092e-02 4.083881790000000239e-04
-2.085516230000000054e-02 4.103767570000000134e-04
-2.064950579999999883e-02 4.102750969999999762e-04
-2.044140360000000142e-02 4.116985950000000088e-04
-2.023168839999999954e-02 4.129665899999999902e-04
-2.002303119999999936e-02 4.127925490000000164e-04
-1.981716600000000064e-02 4.169303280000000254e-04
-1.961288599999999951e-02 4.174794890000000031e-04
-1.940783110000000172e-02 4.177173540000000073e-04
-1.919997860000000056e-02 4.194743229999999858e-04
-1.898897249999999953e-02 4.191194019999999894e-04
-1.877633299999999922e-02 4.199673710000000212e-04
-1.856351089999999995e-02 4.220122940000000018e-04
-1.835137610000000044e-02 4.223402650000000237e-04
-1.814117100000000107e-02 4.264358140000000194e-04
-1.793171279999999923e-02 4.274689130000000050e-04
-1.772119289999999833e-02 4.285700270000000257e-04
-1.750676519999999972e-02 4.313032550000000251e-04
-1.728446039999999989e-02 4.312167879999999950e-04
-1.706118699999999849e-02 4.317879499999999898e-04
-1.684281979999999873e-02 4.361256430000000220e-04
-1.662695969999999912e-02 4.361635070000000254e-04
-1.641237179999999879e-02 4.384145720000000258e-04
-1.619738709999999846e-02 4.394609999999999858e-04
-1.597953590000000118e-02 4.375427090000000058e-04
-1.575866160000000127e-02 4.386838699999999805e-04
-1.553586030000000083e-02 4.386153299999999834e-04
-1.531453900000000028e-02 4.376952419999999983e-04
-1.509603579999999924e-02 4.398837050000000185e-04
-1.487739570000000053e-02 4.387594530000000245e-04
-1.465929669999999942e-02 4.365156060000000221e-04
-1.444292529999999936e-02 4.366633070000000235e-04
-1.422427130000000067e-02 4.332985849999999774e-04
-1.400420540000000061e-02 4.329262589999999765e-04
-1.378469260000000050e-02 4.328111829999999874e-04
-1.356845259999999928e-02 4.308143110000000166e-04
-1.335555689999999920e-02 4.308200439999999853e-04
-1.314454150000000064e-02 4.296988770000000242e-04
-1.293331200000000063e-02 4.262440200000000221e-04
-1.272058109999999950e-02 4.258925040000000268e-04
-1.250592059999999957e-02 4.217278329999999743e-04
-1.229174620000000016e-02 4.199313410000000079e-04
-1.208084819999999913e-02 4.203763970000000145e-04
-1.187413929999999937e-02 4.180335090000000266e-04
-1.166978850000000012e-02 4.154495840000000241e-04
-1.146480629999999980e-02 4.148928269999999866e-04
-1.125826130000000085e-02 4.107684649999999798e-04
-1.105128690000000032e-02 4.095342880000000141e-04
-1.084457339999999985e-02 4.065513200000000268e-04
-1.063994600000000082e-02 4.042264769999999799e-04
-1.043584099999999952e-02 4.037043250000000119e-04
-1.023481509999999914e-02 4.016502929999999998e-04
-1.003819419999999948e-02 3.982032360000000012e-04
-9.841236289999999443e-03 3.971708649999999797e-04
-9.643000549999999199e-03 3.921343300000000196e-04
-9.444265630000000383e-03 3.906303320000000206e-04
-9.246954689999999782e-03 3.888392530000000006e-04
-9.053160439999999309e-03 3.860706059999999859e-04
-8.862714279999999584e-03 3.839976559999999975e-04
-8.673883040000000128e-03 3.822775029999999816e-04
-8.485627359999999356e-03 3.784506989999999820e-04
-8.294416589999999145e-03 3.771467890000000157e-04
-8.102410469999999851e-03 3.722433179999999966e-04
-7.914693089999999195e-03 3.696147759999999778e-04
-7.729751519999999640e-03 3.669310830000000216e-04
-7.548470520000000357e-03 3.637734920000000008e-04
-7.370121309999999940e-03 3.598851040000000190e-04
-7.193157920000000163e-03 3.576517919999999879e-04
-7.015854590000000432e-03 3.509108790000000245e-04
-6.839417849999999618e-03 3.479564620000000111e-04
-6.665044929999999930e-03 3.431952210000000078e-04
-6.494143980000000385e-03 3.393997609999999891e-04
-6.326891949999999959e-03 3.349320320000000054e-04
-6.162963339999999977e-03 3.313314230000000203e-04
-6.000690159999999725e-03 3.241070950000000191e-04
-5.839193240000000243e-03 3.210320140000000105e-04
-5.679226479999999709e-03 3.150546109999999940e-04
-5.521007349999999987e-03 3.118498719999999872e-04
-5.365593820000000291e-03 3.076219580000000221e-04
-5.213478110000000117e-03 3.041232410000000146e-04
-5.062083709999999973e-03 2.993672100000000099e-04
-4.912492350000000410e-03 2.965478340000000067e-04
-4.766249559999999677e-03 2.904954020000000093e-04
-4.621470350000000255e-03 2.874404019999999920e-04
-4.478145860000000249e-03 2.813742610000000209e-04
-4.337419290000000052e-03 2.776279579999999837e-04
-4.200125580000000150e-03 2.729711700000000247e-04
-4.064873329999999646e-03 2.700670740000000038e-04
-3.932039249999999889e-03 2.660464670000000113e-04
-3.800695760000000201e-03 2.637030849999999916e-04
-3.670036790000000097e-03 2.583220479999999821e-04
-3.539316590000000061e-03 2.552723739999999877e-04
-3.410574510000000115e-03 2.501643320000000140e-04
-3.286276480000000118e-03 2.468216409999999736e-04
-3.164842030000000056e-03 2.423078690000000067e-04
-3.044653679999999914e-03 2.399317159999999889e-04
-2.926075599999999974e-03 2.360203069999999999e-04
-2.809268419999999804e-03 2.335484750000000069e-04
-2.693596989999999872e-03 2.285877420000000017e-04
-2.579146300000000145e-03 2.260652980000000135e-04
-2.466702830000000023e-03 2.224051710000000037e-04
-2.356769050000000112e-03 2.195824929999999945e-04
-2.248919099999999865e-03 2.152183589999999869e-04
-2.142307349999999881e-03 2.129011409999999923e-04
-2.036865100000000151e-03 2.084238220000000019e-04
-1.932621349999999938e-03 2.060892730000000051e-04
-1.830341990000000033e-03 2.028780439999999915e-04
-1.729409789999999990e-03 2.009123559999999905e-04
-1.629991689999999967e-03 1.979773510000000123e-04
-1.532333789999999968e-03 1.958646900000000012e-04
-1.434551779999999974e-03 1.922053489999999950e-04
-1.337811580000000016e-03 1.902476220000000047e-04
-1.243284199999999950e-03 1.860488990000000041e-04
-1.150245310000000106e-03 1.836430599999999940e-04
-1.059220750000000079e-03 1.803310589999999999e-04
-9.696535420000000106e-04 1.782620969999999870e-04
-8.817339549999999746e-04 1.752711100000000038e-04
-7.949769499999999713e-04 1.734955149999999936e-04
-7.092293820000000141e-04 1.702461449999999993e-04
-6.252350290000000194e-04 1.680206910000000111e-04
-5.424763660000000163e-04 1.638982940000000129e-04
-4.599091479999999955e-04 1.615740040000000061e-04
-3.790452319999999950e-04 1.580000970000000106e-04
-3.011481600000000085e-04 1.556703940000000032e-04
-2.244566569999999976e-04 1.512180169999999876e-04
-1.484241800000000132e-04 1.492317389999999963e-04
-7.413677669999999356e-05 1.465580429999999927e-04
1.233172039999999906e-06 1.462611539999999957e-04
7.502397060000000632e-05 1.479883789999999967e-04
1.503870880000000095e-04 1.495751199999999985e-04
2.259022000000000070e-04 1.536675260000000033e-04
3.025822809999999859e-04 1.558429500000000018e-04
3.810155899999999839e-04 1.589626340000000013e-04
4.613738270000000046e-04 1.612406630000000015e-04
5.429423760000000494e-04 1.655419910000000038e-04
6.256282800000000002e-04 1.677644760000000107e-04
7.099014470000000352e-04 1.712888040000000033e-04
7.956238109999999803e-04 1.734287799999999940e-04
8.830332659999999946e-04 1.765598139999999879e-04
9.717944189999999519e-04 1.784993659999999874e-04
1.063037429999999983e-03 1.820511099999999897e-04
1.155597389999999921e-03 1.841338090000000001e-04
1.248334879999999985e-03 1.873443979999999960e-04
1.342515810000000087e-03 1.893686860000000035e-04
1.437887199999999957e-03 1.930060529999999932e-04
1.535153370000000078e-03 1.954563919999999992e-04
1.634206270000000032e-03 1.992758190000000127e-04
1.734174790000000098e-03 2.011990289999999884e-04
1.835044710000000067e-03 2.050419429999999902e-04
1.938981349999999897e-03 2.073195060000000093e-04
2.044497059999999915e-03 2.109655620000000010e-04
2.150390060000000048e-03 2.134411480000000100e-04
2.258192750000000051e-03 2.171324010000000044e-04
2.367631529999999866e-03 2.194443369999999900e-04
2.478258450000000047e-03 2.238761229999999922e-04
2.590168500000000068e-03 2.262449269999999932e-04
2.703643869999999925e-03 2.302105280000000111e-04
2.819038460000000169e-03 2.327908299999999892e-04
2.936347389999999918e-03 2.367640849999999976e-04
3.056029320000000059e-03 2.396182969999999875e-04
3.177830950000000085e-03 2.440098029999999908e-04
3.300691949999999802e-03 2.462302219999999860e-04
3.424002089999999849e-03 2.516308740000000057e-04
3.549041919999999968e-03 2.546168399999999940e-04
3.676439640000000141e-03 2.589795619999999787e-04
3.806927239999999789e-03 2.624030750000000000e-04
3.940290309999999567e-03 2.671207480000000237e-04
4.075370259999999863e-03 2.698522000000000182e-04
4.213859329999999903e-03 2.752314029999999834e-04
4.353450610000000193e-03 2.778483030000000091e-04
4.492231640000000220e-03 2.830341980000000094e-04
4.633550529999999786e-03 2.864285779999999971e-04
4.777993080000000024e-03 2.906258450000000150e-04
4.925488490000000212e-03 2.939774129999999839e-04
5.075012799999999678e-03 2.999013519999999900e-04
5.225626750000000181e-03 3.026843770000000157e-04
5.377235359999999603e-03 3.087688530000000159e-04
5.530294960000000336e-03 3.118284219999999910e-04
5.685971580000000018e-03 3.159473999999999898e-04
5.847811229999999583e-03 3.196743200000000114e-04
6.012882570000000100e-03 3.245900149999999748e-04
6.178544369999999612e-03 3.281543320000000178e-04
6.345342379999999692e-03 3.361373089999999822e-04
6.512520830000000094e-03 3.392501680000000125e-04
6.681225730000000390e-03 3.453376700000000102e-04
6.852077790000000133e-03 3.488208169999999992e-04
7.026745939999999753e-03 3.521475590000000175e-04
7.204819470000000184e-03 3.553852440000000007e-04
7.385415489999999986e-03 3.601719509999999993e-04
7.566941899999999645e-03 3.624582310000000170e-04
7.748676000000000348e-03 3.684402039999999873e-04
7.930263879999999849e-03 3.705149870000000239e-04
8.113509979999999205e-03 3.735136419999999960e-04
8.299300449999999843e-03 3.761182019999999987e-04
8.488675580000000498e-03 3.773978680000000200e-04
8.681078440000000035e-03 3.796702659999999963e-04
8.876864800000000208e-03 3.851894289999999946e-04
9.071602490000000435e-03 3.865626930000000123e-04
9.263218380000000363e-03 3.907677890000000264e-04
9.455527179999999310e-03 3.926952190000000263e-04
9.650501420000000621e-03 3.935742130000000126e-04
9.849004450000000549e-03 3.960238540000000159e-04
1.004995499999999931e-02 3.987254460000000085e-04
1.025203520000000056e-02 4.003770009999999880e-04
1.045418250000000084e-02 4.048699049999999913e-04
1.065488810000000085e-02 4.056089969999999837e-04
1.085462889999999972e-02 4.092992170000000129e-04
1.105985320000000063e-02 4.120522059999999812e-04
1.126933750000000053e-02 4.125467389999999917e-04
1.147844179999999922e-02 4.143586850000000065e-04
1.168890480000000023e-02 4.171252369999999899e-04
1.189872720000000050e-02 4.177424130000000025e-04
1.210679859999999955e-02 4.223449500000000059e-04
1.231427679999999927e-02 4.236534590000000269e-04
1.252381219999999969e-02 4.238701949999999991e-04
1.273760200000000065e-02 4.264907040000000238e-04
1.295432080000000034e-02 4.288984639999999745e-04
1.317135799999999933e-02 4.299594730000000017e-04
1.338720139999999975e-02 4.348689980000000079e-04
1.360064090000000052e-02 4.352073879999999767e-04
1.381406089999999941e-02 4.361781470000000195e-04
1.402946650000000059e-02 4.377161970000000208e-04
1.424841020000000048e-02 4.361219469999999911e-04
1.447062850000000074e-02 4.375026040000000124e-04
1.469382080000000007e-02 4.397107990000000089e-04
1.491466259999999974e-02 4.391040130000000048e-04
1.513553129999999948e-02 4.429435940000000160e-04
1.535505520000000033e-02 4.435098669999999765e-04
1.557341590000000005e-02 4.414444849999999971e-04
1.579523459999999935e-02 4.427949020000000171e-04
1.601986030000000089e-02 4.418219320000000270e-04
1.624330880000000171e-02 4.407599629999999868e-04
1.646437120000000115e-02 4.418229800000000136e-04
1.668229140000000027e-02 4.403041089999999757e-04
1.689787020000000153e-02 4.400202310000000039e-04
1.711650569999999955e-02 4.397676680000000204e-04
1.733775250000000115e-02 4.347032810000000039e-04
1.755755579999999927e-02 4.340042940000000049e-04
1.777781729999999838e-02 4.313125680000000003e-04
1.799554940000000144e-02 4.288279740000000171e-04
1.820856709999999976e-02 4.297488490000000018e-04
1.841818539999999851e-02 4.280498830000000030e-04
1.862694139999999943e-02 4.247768960000000249e-04
1.883749850000000087e-02 4.246715110000000184e-04
1.905068940000000099e-02 4.200267430000000058e-04
1.926582309999999923e-02 4.195087529999999955e-04
1.947880910000000104e-02 4.216268129999999818e-04
1.968735079999999957e-02 4.197371890000000001e-04
1.989256400000000147e-02 4.200135010000000091e-04
2.009714209999999973e-02 4.197333180000000180e-04
2.030366470000000145e-02 4.157446670000000005e-04
2.051286960000000062e-02 4.159062519999999811e-04
2.072330190000000114e-02 4.143215480000000256e-04
2.093278239999999887e-02 4.131801250000000135e-04
2.114287210000000139e-02 4.141957909999999981e-04
2.134908179999999919e-02 4.122188550000000016e-04
2.154994199999999901e-02 4.104510590000000261e-04
2.175357190000000093e-02 4.114933840000000093e-04
2.196083219999999878e-02 4.082730160000000029e-04
2.216963099999999867e-02 4.080476940000000237e-04
2.237747610000000165e-02 4.090265429999999955e-04
2.258206720000000001e-02 4.074086900000000074e-04
2.278277089999999894e-02 4.094544569999999765e-04
2.298308539999999872e-02 4.099528009999999921e-04
2.318604850000000051e-02 4.068773119999999875e-04
2.339589409999999828e-02 4.080597430000000169e-04
2.360717580000000135e-02 4.089808789999999886e-04
2.381425540000000132e-02 4.086376279999999819e-04
2.401860429999999949e-02 4.122003159999999746e-04
2.421878649999999883e-02 4.109971920000000142e-04
2.441861290000000087e-02 4.082536910000000266e-04
2.462115139999999924e-02 4.088812270000000051e-04
2.482661049999999869e-02 4.057847549999999814e-04
2.503416870000000141e-02 4.059193020000000139e-04
2.524129669999999881e-02 4.069994320000000195e-04
2.544460819999999970e-02 4.051077120000000104e-04
2.564352010000000084e-02 4.071489670000000109e-04
2.584168309999999857e-02 4.074395400000000106e-04
2.604229749999999871e-02 4.041895739999999855e-04
2.624669480000000124e-02 4.052761940000000249e-04
2.645367939999999918e-02 4.040061610000000012e-04
2.666081119999999874e-02 4.036351750000000127e-04
2.686780880000000024e-02 4.079403590000000028e-04
2.707035090000000158e-02 4.068105479999999954e-04
2.726791989999999971e-02 4.068634589999999929e-04
2.746687080000000114e-02 4.077183839999999854e-04
2.766936830000000028e-02 4.041162319999999858e-04
2.787553889999999993e-02 4.050455460000000228e-04
2.808309349999999968e-02 4.053000299999999739e-04
2.828829180000000040e-02 4.039649789999999745e-04
2.848862110000000003e-02 4.084539540000000106e-04
2.868603360000000074e-02 4.082981319999999872e-04
2.888518569999999966e-02 4.049289860000000003e-04
2.909232120000000005e-02 4.066807740000000270e-04
2.930314649999999840e-02 4.054176970000000183e-04
2.951160820000000087e-02 4.053788430000000134e-04
2.971662019999999835e-02 4.109713480000000115e-04
2.991672420000000138e-02 4.100587680000000040e-04
3.011516109999999927e-02 4.102909299999999738e-04
3.031598589999999829e-02 4.118019419999999729e-04
3.052135370000000000e-02 4.084694659999999898e-04
3.073032759999999933e-02 4.094194740000000081e-04
3.093986769999999831e-02 4.111096789999999944e-04
3.114670519999999942e-02 4.101055669999999751e-04
3.134992350000000150e-02 4.133171750000000193e-04
3.154962139999999832e-02 4.123768589999999797e-04
3.174975890000000106e-02 4.090559090000000196e-04
3.195529800000000004e-02 4.110863079999999762e-04
3.216527400000000064e-02 4.093730529999999902e-04
3.237493339999999997e-02 4.085658869999999818e-04
3.258223829999999654e-02 4.102254170000000245e-04
3.278633949999999742e-02 4.089085559999999829e-04
3.298930449999999681e-02 4.123288090000000201e-04
3.319233280000000175e-02 4.135852800000000247e-04
3.339731690000000142e-02 4.085951369999999815e-04
3.360637650000000004e-02 4.092724699999999863e-04
3.381687779999999893e-02 4.087321869999999873e-04
3.402473410000000226e-02 4.069388379999999846e-04
3.422719610000000273e-02 4.110362790000000096e-04
3.442667420000000006e-02 4.107000420000000030e-04
3.462637959999999987e-02 4.093785830000000112e-04
3.483161330000000139e-02 4.103738759999999786e-04
3.504156320000000047e-02 4.052839939999999743e-04
3.525154290000000190e-02 4.053200539999999761e-04
3.545914220000000172e-02 4.093604799999999767e-04
3.566150740000000041e-02 4.076927429999999846e-04
3.586002070000000180e-02 4.094482279999999840e-04
3.605706239999999924e-02 4.092027079999999931e-04
3.625772890000000109e-02 4.025262310000000000e-04
3.646579009999999926e-02 4.045309910000000021e-04
3.667611629999999873e-02 4.063324599999999765e-04
3.688401730000000212e-02 4.055343160000000218e-04
3.708710889999999871e-02 4.112726309999999879e-04
3.728451210000000016e-02 4.099454089999999846e-04
3.748140860000000185e-02 4.071117439999999942e-04
3.768301009999999729e-02 4.089001159999999888e-04
3.788943220000000334e-02 4.058765189999999877e-04
3.809861469999999833e-02 4.064333630000000028e-04
3.830740970000000301e-02 4.086205150000000032e-04
3.851180519999999885e-02 4.067828999999999911e-04
3.871411090000000110e-02 4.103147950000000238e-04
3.891495620000000322e-02 4.106903510000000203e-04
3.911558539999999973e-02 4.069237330000000053e-04
3.932188820000000196e-02 4.090034640000000032e-04
3.953313829999999945e-02 4.064526289999999980e-04
3.974445160000000116e-02 4.055759639999999755e-04
3.995001320000000217e-02 4.128331199999999909e-04
4.014949870000000115e-02 4.117571220000000088e-04
4.034779220000000305e-02 4.107625859999999981e-04
4.054971780000000275e-02 4.126029380000000241e-04
4.075637829999999989e-02 4.097486670000000260e-04
4.097121210000000124e-02 4.117625649999999979e-04
4.118721560000000032e-02 4.154526100000000216e-04
4.139658809999999939e-02 4.146697170000000049e-04
4.160187390000000263e-02 4.192626799999999918e-04
4.180149360000000314e-02 4.175360080000000036e-04
4.200146350000000250e-02 4.121756059999999943e-04
4.221063480000000062e-02 4.157357620000000213e-04
4.242597890000000121e-02 4.153770279999999737e-04
4.264129700000000162e-02 4.152314210000000077e-04
4.285331819999999708e-02 4.202828859999999957e-04
4.305898030000000071e-02 4.183114219999999809e-04
4.326025769999999881e-02 4.201128610000000210e-04
4.346473520000000007e-02 4.226751330000000253e-04
4.367685319999999732e-02 4.171248869999999789e-04
4.389531170000000176e-02 4.189083989999999860e-04
4.411469400000000290e-02 4.223157010000000021e-04
4.432851819999999998e-02 4.202235719999999962e-04
4.453405369999999946e-02 4.281374859999999933e-04
4.473658280000000070e-02 4.292019290000000141e-04
4.494651780000000207e-02 4.252336220000000212e-04
4.516246909999999809e-02 4.274087550000000169e-04
4.538151249999999859e-02 4.228532780000000260e-04
4.560246319999999853e-02 4.223703580000000160e-04
4.581846299999999678e-02 4.293690440000000157e-04
4.602656139999999896e-02 4.270969660000000076e-04
4.623130710000000060e-02 4.264137239999999784e-04
4.643845559999999761e-02 4.276223770000000179e-04
4.665207860000000067e-02 4.200696709999999947e-04
4.687737299999999996e-02 4.224476289999999829e-04
4.710251089999999835e-02 4.293788810000000113e-04
4.731796309999999894e-02 4.279760470000000257e-04
4.752857240000000344e-02 4.320970330000000240e-04
4.773386570000000273e-02 4.304105819999999995e-04
4.793975870000000139e-02 4.247566980000000133e-04
4.815400759999999974e-02 4.277080010000000013e-04
4.837489870000000192e-02 4.248915940000000066e-04
4.859713840000000340e-02 4.246787280000000205e-04
4.881558569999999708e-02 4.303613970000000214e-04
4.902763289999999968e-02 4.285910109999999866e-04
4.923542589999999747e-02 4.307244089999999969e-04
4.944286500000000251e-02 4.312819509999999876e-04
4.965427890000000122e-02 4.262477449999999913e-04
4.987158629999999954e-02 4.279501449999999836e-04
5.009460450000000065e-02 4.232151839999999756e-04
5.031703409999999793e-02 4.211507910000000018e-04
5.053058269999999991e-02 4.301237640000000117e-04
5.073719840000000258e-02 4.292243980000000044e-04
5.094589669999999987e-02 4.286885669999999969e-04
5.115861819999999865e-02 4.308918720000000173e-04
5.137521030000000155e-02 4.251030040000000100e-04
5.159610509999999761e-02 4.256322280000000174e-04
5.181634429999999736e-02 4.282183069999999782e-04
5.203248929999999828e-02 4.266678299999999762e-04
5.224294220000000322e-02 4.319437430000000206e-04
5.244772510000000193e-02 4.304065949999999930e-04
5.265454950000000162e-02 4.226776949999999796e-04
5.287003140000000323e-02 4.251448550000000198e-04
5.308979750000000081e-02 4.248041950000000142e-04
5.331253259999999689e-02 4.245193559999999792e-04
5.353259300000000331e-02 4.282524460000000123e-04
5.374109750000000130e-02 4.246021850000000178e-04
5.394339930000000005e-02 4.247594920000000163e-04
5.414865540000000227e-02 4.265811879999999948e-04
5.436161159999999826e-02 4.188859889999999768e-04
5.458304659999999725e-02 4.211722699999999905e-04
5.480649320000000047e-02 4.241708960000000242e-04
5.502272019999999986e-02 4.209394389999999834e-04
5.523022259999999656e-02 4.264264719999999974e-04
5.543501680000000043e-02 4.267905310000000177e-04
5.564001200000000258e-02 4.274639070000000045e-04
5.584918340000000203e-02 4.302050800000000244e-04
5.606764549999999903e-02 4.224312139999999798e-04
5.629217250000000117e-02 4.232453360000000032e-04
5.651381240000000195e-02 4.302709999999999738e-04
5.672596399999999678e-02 4.271407960000000244e-04
5.693393199999999960e-02 4.308372439999999959e-04
5.714105070000000119e-02 4.316208069999999918e-04
5.735227839999999799e-02 4.214702639999999903e-04
5.757315080000000029e-02 4.236657989999999957e-04
5.779630689999999682e-02 4.259406120000000257e-04
5.801614370000000159e-02 4.247487809999999893e-04
5.822877590000000159e-02 4.335798729999999985e-04
5.843208729999999768e-02 4.311077939999999895e-04
5.863511930000000344e-02 4.246788159999999941e-04
5.884719270000000196e-02 4.278401609999999767e-04
5.906580389999999819e-02 4.256201499999999775e-04
5.929071460000000238e-02 4.266531319999999970e-04
5.951541290000000178e-02 4.299461730000000200e-04
5.972983319999999874e-02 4.269047350000000217e-04
5.993736909999999862e-02 4.298784770000000114e-04
6.014226379999999816e-02 4.293750390000000217e-04
6.034999340000000295e-02 4.232894569999999957e-04
6.056566540000000304e-02 4.258344120000000232e-04
6.078778950000000153e-02 4.222026040000000200e-04
6.100852789999999803e-02 4.200598629999999917e-04
6.122227389999999880e-02 4.256850219999999945e-04
6.142933670000000346e-02 4.237205139999999947e-04
6.163195149999999706e-02 4.256313549999999821e-04
6.183584410000000225e-02 4.270834319999999851e-04
6.204771249999999766e-02 4.179090319999999802e-04
6.226815279999999703e-02 4.197147499999999984e-04
6.248977780000000010e-02 4.227479510000000046e-04
6.270662700000000089e-02 4.209900510000000057e-04
6.291585419999999595e-02 4.287332120000000098e-04
6.311827899999999936e-02 4.274683599999999921e-04
6.332471970000000394e-02 4.226462920000000176e-04
6.353667379999999865e-02 4.242014549999999977e-04
6.375164540000000102e-02 4.180915130000000023e-04
6.397242840000000319e-02 4.194159989999999877e-04
6.419174369999999796e-02 4.255944509999999917e-04
6.440117210000000092e-02 4.218322570000000260e-04
6.460368630000000445e-02 4.230009800000000234e-04
6.480605899999999919e-02 4.233294750000000115e-04
6.501360979999999679e-02 4.155007480000000092e-04
6.523451950000000443e-02 4.188188469999999772e-04
6.546038390000000207e-02 4.198531970000000057e-04
6.567849959999999543e-02 4.174628989999999945e-04
6.588733200000000678e-02 4.262056319999999983e-04
6.608789410000000253e-02 4.244262530000000107e-04
6.628742810000000374e-02 4.211954660000000032e-04
6.649459150000000540e-02 4.245836459999999908e-04
6.671233479999999494e-02 4.164682470000000136e-04
6.693503259999999955e-02 4.164980780000000229e-04
6.715357299999999419e-02 4.234527590000000002e-04
6.736353779999999791e-02 4.208370810000000247e-04
6.756588819999999329e-02 4.261840079999999926e-04
6.776492300000000468e-02 4.261389259999999912e-04
6.797003749999999678e-02 4.159745879999999802e-04
6.818474080000000437e-02 4.180327230000000231e-04
6.840468199999999444e-02 4.150628520000000155e-04
6.862425799999999354e-02 4.137709619999999956e-04
6.883567570000000135e-02 4.236954849999999880e-04
6.903708729999999405e-02 4.213065549999999858e-04
6.923940779999999962e-02 4.184606370000000042e-04
6.944692880000000179e-02 4.205285799999999960e-04
6.965888289999999650e-02 4.135298659999999999e-04
6.987755750000000654e-02 4.150852620000000247e-04
7.009463009999999938e-02 4.221349080000000114e-04
7.030171899999999863e-02 4.186289150000000207e-04
7.050295169999999667e-02 4.187443990000000059e-04
7.070364799999999394e-02 4.184629359999999794e-04
7.090684029999999582e-02 4.134728520000000257e-04
7.111731170000000490e-02 4.160895190000000066e-04
7.133440670000000539e-02 4.122074170000000065e-04
7.155305150000000614e-02 4.098567590000000036e-04
7.176475229999999816e-02 4.150044699999999782e-04
7.196715469999999393e-02 4.131502059999999765e-04
7.216419279999999881e-02 4.168837040000000055e-04
7.236261669999999313e-02 4.190597099999999824e-04
7.257142660000000245e-02 4.079073259999999946e-04
7.278756050000000088e-02 4.082561350000000187e-04
7.300338889999999359e-02 4.097333589999999906e-04
7.321310790000000457e-02 4.066121469999999980e-04
7.341199369999999724e-02 4.158709779999999827e-04
7.360585029999999751e-02 4.162079999999999968e-04
7.380420710000000495e-02 4.096984340000000072e-04
7.401000709999999705e-02 4.117967910000000097e-04
7.422311600000000564e-02 4.055289610000000064e-04
7.443863150000000484e-02 4.047051480000000002e-04
7.464794069999999837e-02 4.126900459999999866e-04
7.484680409999999728e-02 4.093323949999999839e-04
7.504333559999999681e-02 4.090507859999999987e-04
7.524165509999999890e-02 4.099815560000000182e-04
7.544369250000000637e-02 4.011680720000000157e-04
7.565660770000000312e-02 4.045919050000000051e-04
7.587315140000000513e-02 4.080256910000000146e-04
7.608127589999999496e-02 4.041645439999999828e-04
7.627931239999999335e-02 4.104193069999999949e-04
7.647161930000000163e-02 4.091987209999999866e-04
7.666479049999999629e-02 4.043475780000000178e-04
7.686788590000000199e-02 4.086151309999999951e-04
7.708168029999999671e-02 4.024758530000000184e-04
7.729973639999999924e-02 4.009866389999999802e-04
7.750988009999999762e-02 4.101404339999999735e-04
7.770755140000000505e-02 4.077868939999999939e-04
7.789900900000000517e-02 4.115548800000000179e-04
7.809066030000000325e-02 4.130332959999999973e-04
7.829210910000000689e-02 4.009350959999999917e-04
7.850266250000000057e-02 4.020106279999999927e-04
7.871619609999999656e-02 4.000709450000000016e-04
7.892663029999999469e-02 3.975156000000000197e-04
7.912530750000000557e-02 4.098785870000000073e-04
7.931444790000000133e-02 4.086505210000000179e-04
7.950583099999999903e-02 4.015596640000000119e-04
7.970479129999999413e-02 4.035276649999999863e-04
7.991168649999999540e-02 3.958458549999999739e-04
8.012470600000000387e-02 3.967293010000000060e-04
8.033365010000000084e-02 4.059171480000000015e-04
8.053164179999999783e-02 4.026905519999999985e-04
8.072268220000000660e-02 4.052555890000000133e-04
8.091270180000000034e-02 4.055738680000000023e-04
8.111187820000000104e-02 3.962425689999999950e-04
8.132213350000000451e-02 3.995439329999999917e-04
8.153489980000000470e-02 3.994225700000000249e-04
8.174262200000000089e-02 3.963285999999999784e-04
8.194088939999999432e-02 4.036620670000000020e-04
8.213232460000000068e-02 4.021628120000000244e-04
8.232274650000000193e-02 3.997059540000000191e-04
8.251858500000000540e-02 4.021057390000000150e-04
8.272423600000000654e-02 3.922468459999999923e-04
8.293867109999999987e-02 3.921901809999999789e-04
8.314903079999999558e-02 3.989587130000000082e-04
8.334682879999999461e-02 3.956440489999999755e-04
8.353425559999999583e-02 4.036212919999999753e-04
8.372089269999999361e-02 4.060337959999999976e-04
8.391798289999999327e-02 3.954243150000000023e-04
8.412443849999999557e-02 3.971835830000000102e-04
8.433403070000000668e-02 3.968555540000000032e-04
8.454059810000000286e-02 3.949305390000000028e-04
8.473765110000000544e-02 4.053462180000000012e-04
8.492523429999999929e-02 4.034503359999999802e-04
8.511354770000000014e-02 3.969925750000000164e-04
8.530934900000000654e-02 3.991339179999999929e-04
8.551404629999999341e-02 3.903509059999999862e-04
8.572618660000000390e-02 3.916289130000000229e-04
8.593342449999999411e-02 4.032839499999999930e-04
8.612719920000000418e-02 3.994512950000000083e-04
8.631530399999999548e-02 3.982253549999999805e-04
8.650378879999999493e-02 3.980110919999999930e-04
8.669854700000000081e-02 3.919523440000000254e-04
8.690317720000000079e-02 3.957098230000000204e-04
8.711325379999999841e-02 3.920000450000000244e-04
8.732260020000000289e-02 3.902249150000000263e-04
8.752192559999999455e-02 4.021785280000000017e-04
8.771100639999999948e-02 4.002700730000000214e-04
8.789692070000000579e-02 4.002955390000000166e-04
8.808686579999999711e-02 4.027444809999999940e-04
8.828761429999999744e-02 3.913527179999999801e-04
8.849568670000000636e-02 3.916966380000000240e-04
8.870330449999999645e-02 3.934096019999999802e-04
8.890692890000000126e-02 3.898209540000000146e-04
8.909978720000000241e-02 3.978091409999999777e-04
8.928553760000000616e-02 3.982071940000000152e-04
8.947671199999999991e-02 3.903412430000000001e-04
8.967757229999999413e-02 3.932876860000000005e-04
8.988511559999999567e-02 3.903811449999999915e-04
9.009169039999999351e-02 3.887487689999999754e-04
9.028827400000000170e-02 4.007568059999999741e-04
9.047400210000000609e-02 3.986126689999999946e-04
9.065914149999999838e-02 3.936513390000000168e-04
9.085199979999999953e-02 3.964694919999999737e-04
9.105426819999999644e-02 3.887186469999999905e-04
9.126386790000000360e-02 3.903031759999999947e-04
9.147140380000000348e-02 3.980962789999999878e-04
9.166757020000000644e-02 3.941152239999999758e-04
9.185512360000000487e-02 3.973402490000000221e-04
9.204117209999999882e-02 3.976085860000000221e-04
9.223600479999999324e-02 3.886791819999999877e-04
9.243953230000000187e-02 3.906875210000000003e-04
9.264555570000000684e-02 3.870931979999999968e-04
9.285160150000000556e-02 3.858185660000000268e-04
9.304981680000000421e-02 3.954797279999999770e-04
9.323775019999999691e-02 3.927268549999999789e-04
9.342093769999999797e-02 3.930713860000000209e-04
9.361013769999999845e-02 3.968356760000000139e-04
9.380929920000000144e-02 3.905260819999999784e-04
9.401459249999999379e-02 3.919705920000000226e-04
9.422282129999999534e-02 3.910367960000000055e-04
9.442812949999999927e-02 3.871551020000000014e-04
9.462069720000000628e-02 3.976417070000000040e-04
9.480485319999999716e-02 3.981493359999999982e-04
9.499323369999999878e-02 3.925740600000000033e-04
9.518835690000000682e-02 3.945912759999999986e-04
9.539110209999999979e-02 3.875810069999999869e-04
9.560240059999999818e-02 3.901619930000000238e-04
9.580976519999999386e-02 4.037988550000000247e-04
9.599846600000000452e-02 3.975696749999999740e-04
9.617792070000000249e-02 3.956242870000000107e-04
9.636007250000000468e-02 3.965354990000000092e-04
9.655198449999999322e-02 3.829293419999999946e-04
9.675800060000000480e-02 3.864457829999999789e-04
9.696754069999999337e-02 3.903537870000000211e-04
