-1.000000000000000056e-01 2.408103549999999950e-03
-9.900000000000000466e-02 2.383460989999999953e-03
-9.800000000000000377e-02 2.367147710000000200e-03
-9.700000000000000289e-02 2.341178250000000051e-03
-9.600000000000000200e-02 2.324796510000000198e-03
-9.500000000000000111e-02 2.294467299999999790e-03
-9.400000000000000022e-02 2.278495110000000167e-03
-9.299999999999999933e-02 2.252146830000000162e-03
-9.199999999999999845e-02 2.236720639999999812e-03
-9.099999999999999756e-02 2.212987049999999827e-03
-8.999999999999999667e-02 2.198906850000000111e-03
-8.899999999999999578e-02 2.174614230000000009e-03
-8.799999999999999489e-02 2.160064880000000121e-03
-8.699999999999999400e-02 2.136910799999999951e-03
-8.599999999999999312e-02 2.123698590000000063e-03
-8.500000000000000611e-02 2.100668850000000053e-03
-8.400000000000000522e-02 2.086881080000000180e-03
-8.300000000000000433e-02 2.064513280000000207e-03
-8.200000000000000344e-02 2.051476159999999788e-03
-8.100000000000000255e-02 2.030245730000000085e-03
-8.000000000000000167e-02 2.017413269999999807e-03
-7.900000000000000078e-02 1.997509970000000204e-03
-7.799999999999999989e-02 1.986179270000000031e-03
-7.699999999999999900e-02 1.967223360000000011e-03
-7.599999999999999811e-02 1.955483110000000042e-03
-7.499999999999999722e-02 1.936337910000000048e-03
-7.399999999999999634e-02 1.924324660000000008e-03
-7.299999999999999545e-02 1.905179350000000020e-03
-7.199999999999999456e-02 1.894121639999999957e-03
-7.099999999999999367e-02 1.875631630000000084e-03
-7.000000000000000666e-02 1.864737599999999980e-03
-6.900000000000000577e-02 1.846518130000000032e-03
-6.800000000000000488e-02 1.835930630000000025e-03
-6.700000000000000400e-02 1.818849819999999963e-03
-6.600000000000000311e-02 1.808182219999999963e-03
-6.500000000000000222e-02 1.789372179999999942e-03
-6.400000000000000133e-02 1.779952669999999935e-03
-6.300000000000000044e-02 1.765925320000000026e-03
-6.199999999999999956e-02 1.756096379999999959e-03
-6.099999999999999867e-02 1.739415339999999957e-03
-5.999999999999999778e-02 1.729791050000000071e-03
-5.899999999999999689e-02 1.715763819999999900e-03
-5.800000000000000294e-02 1.707026969999999970e-03
-5.700000000000000205e-02 1.690724979999999990e-03
-5.600000000000000117e-02 1.681305469999999982e-03
-5.500000000000000028e-02 1.665761809999999994e-03
-5.399999999999999939e-02 1.656888399999999944e-03
-5.299999999999999850e-02 1.642102839999999998e-03
-5.199999999999999761e-02 1.633570759999999986e-03
-5.099999999999999672e-02 1.619816519999999925e-03
-5.000000000000000278e-02 1.611174900000000030e-03
-4.900000000000000189e-02 1.595802139999999989e-03
-4.800000000000000100e-02 1.587673670000000091e-03
-4.700000000000000011e-02 1.575717120000000087e-03
-4.599999999999999922e-02 1.568681439999999915e-03
-4.499999999999999833e-02 1.557104520000000001e-03
-4.399999999999999745e-02 1.549716810000000044e-03
-4.299999999999999656e-02 1.536979919999999960e-03
-4.200000000000000261e-02 1.529062170000000057e-03
-4.100000000000000172e-02 1.515982670000000062e-03
-4.000000000000000083e-02 1.508610909999999906e-03
-3.899999999999999994e-02 1.496289619999999947e-03
-3.799999999999999906e-02 1.489190849999999901e-03
-3.699999999999999817e-02 1.477248850000000089e-03
-3.599999999999999728e-02 1.469945299999999948e-03
-3.500000000000000333e-02 1.457813660000000042e-03
-3.400000000000000244e-02 1.450987880000000107e-03
-3.300000000000000155e-02 1.438856239999999984e-03
-3.200000000000000067e-02 1.432167019999999952e-03
-3.099999999999999978e-02 1.422813979999999973e-03
-2.999999999999999889e-02 1.417192050000000078e-03
-2.900000000000000147e-02 1.407702800000000098e-03
-2.800000000000000058e-02 1.401350250000000077e-03
-2.699999999999999969e-02 1.392240519999999974e-03
-2.599999999999999881e-02 1.386570979999999934e-03
-2.500000000000000139e-02 1.376132709999999945e-03
-2.400000000000000050e-02 1.369954899999999923e-03
-2.299999999999999961e-02 1.359249930000000061e-03
-2.199999999999999872e-02 1.354403680000000002e-03
-2.100000000000000130e-02 1.347579640000000053e-03
-2.000000000000000042e-02 1.341845959999999997e-03
-1.899999999999999953e-02 1.333695019999999896e-03
-1.799999999999999864e-02 1.329872640000000000e-03
-1.700000000000000122e-02 1.323617299999999908e-03
-1.600000000000000033e-02 1.319794920000000012e-03
-1.499999999999999944e-02 1.314108139999999904e-03
-1.400000000000000029e-02 1.310695310000000021e-03
-1.299999999999999940e-02 1.306145920000000103e-03
-1.200000000000000025e-02 1.303552180000000071e-03
-1.099999999999999936e-02 1.298846210000000013e-03
-1.000000000000000021e-02 1.296126629999999960e-03
-8.999999999999999320e-03 1.291571769999999997e-03
-8.000000000000000167e-03 1.289864070000000095e-03
-7.000000000000000146e-03 1.287966150000000032e-03
-6.000000000000000125e-03 1.287078249999999962e-03
-5.000000000000000104e-03 1.286888379999999920e-03
-4.000000000000000083e-03 1.286811429999999918e-03
-3.000000000000000062e-03 1.285459500000000034e-03
-2.000000000000000042e-03 1.284649130000000035e-03
-1.000000000000000021e-03 1.282230020000000009e-03
3.259600000000000200e-09 1.281829429999999971e-03
1.000000000000000021e-03 1.282210690000000052e-03
2.000000000000000042e-03 1.282416279999999947e-03
3.000000000000000062e-03 1.283364599999999934e-03
4.000000000000000083e-03 1.284047499999999920e-03
5.000000000000000104e-03 1.284616180000000074e-03
6.000000000000000125e-03 1.285162289999999992e-03
7.000000000000000146e-03 1.285944480000000053e-03
8.000000000000000167e-03 1.286422369999999996e-03
8.999999999999999320e-03 1.288483850000000062e-03
1.000000000000000021e-02 1.290463610000000105e-03
1.099999999999999936e-02 1.292928120000000000e-03
1.200000000000000025e-02 1.295522199999999974e-03
1.299999999999999940e-02 1.301019920000000057e-03
1.400000000000000029e-02 1.304228439999999918e-03
1.499999999999999944e-02 1.311053290000000100e-03
1.600000000000000033e-02 1.314739579999999949e-03
1.700000000000000122e-02 1.320995740000000017e-03
1.799999999999999864e-02 1.325774359999999912e-03
1.899999999999999953e-02 1.335316690000000082e-03
2.000000000000000042e-02 1.341075869999999942e-03
2.100000000000000130e-02 1.351705169999999892e-03
2.199999999999999872e-02 1.357346190000000051e-03
2.299999999999999961e-02 1.366180249999999910e-03
2.400000000000000050e-02 1.371163639999999941e-03
2.500000000000000139e-02 1.378557180000000021e-03
2.599999999999999881e-02 1.384018450000000034e-03
2.699999999999999969e-02 1.394066029999999892e-03
2.800000000000000058e-02 1.400209959999999983e-03
2.900000000000000147e-02 1.411963839999999916e-03
2.999999999999999889e-02 1.419268200000000073e-03
3.099999999999999978e-02 1.431348619999999947e-03
3.200000000000000067e-02 1.437953320000000083e-03
3.300000000000000155e-02 1.448962139999999911e-03
3.400000000000000244e-02 1.455942289999999925e-03
3.500000000000000333e-02 1.467735620000000085e-03
3.599999999999999728e-02 1.474698659999999946e-03
3.699999999999999817e-02 1.485694320000000099e-03
3.799999999999999906e-02 1.492247799999999987e-03
3.899999999999999994e-02 1.503243339999999970e-03
4.000000000000000083e-02 1.510479489999999895e-03
4.100000000000000172e-02 1.522233360000000086e-03
4.200000000000000261e-02 1.528923400000000094e-03
4.299999999999999656e-02 1.540327559999999903e-03
4.399999999999999745e-02 1.548328320000000096e-03
4.499999999999999833e-02 1.561614920000000024e-03
4.599999999999999922e-02 1.569110320000000102e-03
4.700000000000000011e-02 1.582145920000000089e-03
4.800000000000000100e-02 1.590610830000000050e-03
4.900000000000000189e-02 1.604639689999999997e-03
5.000000000000000278e-02 1.612968040000000054e-03
5.099999999999999672e-02 1.627186430000000100e-03
5.199999999999999761e-02 1.635378229999999997e-03
5.299999999999999850e-02 1.650165419999999935e-03
5.399999999999999939e-02 1.659176430000000070e-03
5.500000000000000028e-02 1.672956159999999977e-03
5.600000000000000117e-02 1.681197780000000079e-03
5.700000000000000205e-02 1.695243639999999968e-03
5.800000000000000294e-02 1.704750930000000072e-03
5.899999999999999689e-02 1.720528700000000053e-03
5.999999999999999778e-02 1.729676270000000092e-03
6.099999999999999867e-02 1.744652979999999952e-03
6.199999999999999956e-02 1.754346649999999948e-03
6.300000000000000044e-02 1.772546330000000043e-03
6.400000000000000133e-02 1.783878310000000088e-03
6.500000000000000222e-02 1.803215360000000019e-03
6.600000000000000311e-02 1.813250360000000054e-03
6.700000000000000400e-02 1.828606360000000061e-03
6.800000000000000488e-02 1.838914349999999989e-03
6.900000000000000577e-02 1.858523229999999894e-03
7.000000000000000666e-02 1.870128329999999964e-03
7.099999999999999367e-02 1.889193659999999914e-03
7.199999999999999456e-02 1.900866979999999958e-03
7.299999999999999545e-02 1.919256170000000015e-03
7.399999999999999634e-02 1.930383379999999925e-03
7.499999999999999722e-02 1.950478880000000017e-03
7.599999999999999811e-02 1.962561859999999853e-03
7.699999999999999900e-02 1.983415569999999982e-03
7.799999999999999989e-02 1.996317650000000062e-03
7.900000000000000078e-02 2.016413030000000200e-03
8.000000000000000167e-02 2.028632439999999808e-03
8.100000000000000255e-02 2.051421439999999864e-03
8.200000000000000344e-02 2.064733070000000174e-03
8.300000000000000433e-02 2.085357899999999796e-03
8.400000000000000522e-02 2.098396419999999825e-03
8.500000000000000611e-02 2.122852250000000027e-03
8.599999999999999312e-02 2.137665869999999958e-03
8.699999999999999400e-02 2.159656959999999883e-03
8.799999999999999489e-02 2.172354379999999821e-03
8.899999999999999578e-02 2.194155939999999864e-03
8.999999999999999667e-02 2.208286900000000150e-03
9.099999999999999756e-02 2.232932249999999841e-03
9.199999999999999845e-02 2.248428529999999849e-03
9.299999999999999933e-02 2.273470159999999886e-03
9.400000000000000022e-02 2.288842110000000128e-03
9.500000000000000111e-02 2.315795050000000067e-03
9.600000000000000200e-02 2.331551859999999882e-03
9.700000000000000289e-02 2.358611909999999874e-03
9.800000000000000377e-02 2.374585949999999911e-03
9.900000000000000466e-02 2.401695819999999891e-03
