-1.499999999999999944e-02 1.193561839999999970e-04
-1.485000000000000035e-02 1.210645200000000008e-04
-1.469999999999999953e-02 1.209278999999999980e-04
-1.455000000000000043e-02 1.199788239999999962e-04
-1.439999999999999961e-02 1.197055829999999946e-04
-1.425000000000000051e-02 1.174278000000000008e-04
-1.409999999999999969e-02 1.165397549999999953e-04
-1.395000000000000059e-02 1.169193859999999991e-04
-1.379999999999999977e-02 1.175341889999999935e-04
-1.365000000000000067e-02 1.167749290000000051e-04
-1.349999999999999985e-02 1.162284389999999933e-04
-1.335000000000000075e-02 1.166080620000000019e-04
-1.319999999999999993e-02 1.172911799999999980e-04
-1.305000000000000084e-02 1.193791400000000064e-04
-1.290000000000000001e-02 1.191314150000000036e-04
-1.274999999999999918e-02 1.155993299999999983e-04
-1.260000000000000009e-02 1.152581099999999941e-04
-1.244999999999999926e-02 1.162056510000000038e-04
-1.230000000000000017e-02 1.162056510000000038e-04
-1.214999999999999934e-02 1.158266390000000067e-04
-1.200000000000000025e-02 1.163725970000000030e-04
-1.184999999999999942e-02 1.184571880000000020e-04
-1.170000000000000033e-02 1.181842089999999971e-04
-1.154999999999999950e-02 1.162891280000000009e-04
-1.140000000000000041e-02 1.167668379999999988e-04
-1.124999999999999958e-02 1.190409459999999998e-04
-1.110000000000000049e-02 1.192456770000000063e-04
-1.094999999999999966e-02 1.188666649999999957e-04
-1.080000000000000057e-02 1.182524569999999955e-04
-1.064999999999999974e-02 1.169258979999999992e-04
-1.050000000000000065e-02 1.169258979999999992e-04
-1.034999999999999983e-02 1.176839290000000060e-04
-1.020000000000000073e-02 1.180251489999999966e-04
-1.004999999999999991e-02 1.180251570000000053e-04
-9.900000000000000813e-03 1.174109490000000051e-04
-9.749999999999999986e-03 1.174109490000000051e-04
-9.599999999999999159e-03 1.172062109999999995e-04
-9.450000000000000067e-03 1.158064839999999995e-04
-9.299999999999999239e-03 1.182397030000000005e-04
-9.150000000000000147e-03 1.250730420000000084e-04
-8.999999999999999320e-03 1.379155440000000049e-04
-8.850000000000000228e-03 1.743599860000000061e-04
-8.699999999999999400e-03 1.716958359999999953e-04
-8.550000000000000308e-03 1.183578930000000015e-04
-8.399999999999999481e-03 9.970892280000000316e-05
-8.250000000000000389e-03 1.010376219999999965e-04
-8.099999999999999561e-03 1.006960670000000028e-04
-7.950000000000000469e-03 1.001266279999999943e-04
-7.799999999999999642e-03 9.985337970000000569e-05
-7.649999999999999682e-03 9.871448859999999497e-05
-7.499999999999999722e-03 9.891942320000000650e-05
-7.349999999999999763e-03 9.967868390000000293e-05
-7.199999999999999803e-03 9.930141819999999673e-05
-7.049999999999999843e-03 1.005272569999999979e-04
-6.899999999999999883e-03 1.012779539999999958e-04
-6.749999999999999924e-03 9.995139409999999499e-05
-6.599999999999999964e-03 9.838175169999999431e-05
-6.450000000000000004e-03 9.572863199999999775e-05
-6.300000000000000044e-03 9.538740410000000347e-05
-6.150000000000000085e-03 9.500839219999999790e-05
-6.000000000000000125e-03 9.473541290000000504e-05
-5.850000000000000165e-03 9.454590329999999516e-05
-5.700000000000000205e-03 9.420467540000000087e-05
-5.550000000000000246e-03 9.363614659999999832e-05
-5.400000000000000286e-03 9.315842910000000335e-05
-5.250000000000000326e-03 9.069482619999999875e-05
-5.100000000000000366e-03 8.939816330000000097e-05
-4.950000000000000407e-03 8.674504349999999939e-05
-4.799999999999999580e-03 8.694978170000000151e-05
-4.649999999999999620e-03 8.846585109999999361e-05
-4.499999999999999660e-03 8.839760270000000223e-05
-4.349999999999999700e-03 8.801858349999999601e-05
-4.199999999999999740e-03 8.733613499999999454e-05
-4.049999999999999781e-03 8.657809670000000068e-05
-3.899999999999999821e-03 8.712406270000000561e-05
-3.749999999999999861e-03 8.977718240000000217e-05
-3.599999999999999901e-03 8.998192060000000428e-05
-3.449999999999999942e-03 8.988333870000000578e-05
-3.299999999999999982e-03 9.053060780000000225e-05
-3.150000000000000022e-03 9.204912930000000014e-05
-3.000000000000000062e-03 9.163926010000000421e-05
-2.850000000000000103e-03 8.993092340000000595e-05
-2.700000000000000143e-03 8.986260950000000524e-05
-2.550000000000000183e-03 9.024223980000000095e-05
-2.399999999999999790e-03 9.099366430000000567e-05
-2.249999999999999830e-03 9.365107690000000072e-05
-2.099999999999999870e-03 9.467574269999999494e-05
-1.949999999999999910e-03 9.543500349999999640e-05
-1.799999999999999951e-03 9.502513419999999544e-05
-1.649999999999999991e-03 9.274735930000000176e-05
-1.500000000000000031e-03 9.165437950000000181e-05
-1.350000000000000071e-03 9.165437950000000181e-05
-1.199999999999999895e-03 9.162150670000000123e-05
-1.049999999999999935e-03 8.982286090000000532e-05
-8.999999999999999754e-04 8.777550829999999677e-05
-7.500000000000000156e-04 8.265877839999999496e-05
-5.999999999999999474e-04 8.067966699999999571e-05
-4.499999999999999877e-04 7.669998739999999836e-05
-2.999999999999999737e-04 7.514187749999999468e-05
-1.499999999999999869e-04 7.418280439999999458e-05
1.047700000000000011e-09 7.460372580000000664e-05
1.499999999999999869e-04 7.630956680000000527e-05
2.999999999999999737e-04 7.671910129999999961e-05
4.499999999999999877e-04 7.823539639999999517e-05
5.999999999999999474e-04 8.028306910000000403e-05
7.500000000000000156e-04 8.464243729999999723e-05
8.999999999999999754e-04 8.614410760000000295e-05
1.049999999999999935e-03 8.698998139999999327e-05
1.199999999999999895e-03 8.715835430000000461e-05
1.350000000000000071e-03 8.791780420000000127e-05
1.500000000000000031e-03 8.832776070000000345e-05
1.649999999999999991e-03 8.927698220000000664e-05
1.799999999999999951e-03 8.992732909999999968e-05
1.949999999999999910e-03 8.964746669999999328e-05
2.099999999999999870e-03 8.944269939999999360e-05
2.249999999999999830e-03 8.830546720000000311e-05
2.399999999999999790e-03 8.775942110000000112e-05
2.550000000000000183e-03 8.794895979999999502e-05
2.700000000000000143e-03 8.767593680000000330e-05
2.850000000000000103e-03 8.748639809999999586e-05
3.000000000000000062e-03 8.748639809999999586e-05
3.150000000000000022e-03 8.578054990000000160e-05
3.299999999999999982e-03 8.550752680000000487e-05
3.449999999999999942e-03 8.778199119999999939e-05
3.599999999999999901e-03 8.791850270000000202e-05
3.749999999999999861e-03 8.591930960000000348e-05
3.899999999999999821e-03 8.629266809999999873e-05
4.049999999999999781e-03 8.970987260000000624e-05
4.199999999999999740e-03 9.059805599999999539e-05
4.349999999999999700e-03 9.021836739999999953e-05
4.499999999999999660e-03 9.032194069999999728e-05
4.649999999999999620e-03 9.193715230000000147e-05
4.799999999999999580e-03 9.268796570000000315e-05
4.950000000000000407e-03 9.477289129999999875e-05
5.100000000000000366e-03 9.586499069999999836e-05
5.250000000000000326e-03 9.624406809999999971e-05
5.400000000000000286e-03 9.542499170000000536e-05
5.550000000000000246e-03 9.599360780000000060e-05
5.700000000000000205e-03 9.681268419999999495e-05
5.850000000000000165e-03 9.491729000000000615e-05
6.000000000000000125e-03 9.484903419999999555e-05
6.150000000000000085e-03 9.674442120000000228e-05
6.300000000000000044e-03 9.701745149999999463e-05
6.450000000000000004e-03 9.806495650000000147e-05
6.599999999999999964e-03 9.871491060000000281e-05
6.749999999999999924e-03 9.871491060000000281e-05
6.899999999999999883e-03 9.878323180000000417e-05
7.049999999999999843e-03 9.935276469999999795e-05
7.199999999999999803e-03 9.918053549999999725e-05
7.349999999999999763e-03 9.813211360000000040e-05
7.499999999999999722e-03 9.765432329999999546e-05
7.649999999999999682e-03 9.575893639999999375e-05
7.799999999999999642e-03 9.596370360000000196e-05
7.950000000000000469e-03 9.766954460000000060e-05
8.099999999999999561e-03 9.787431190000000028e-05
8.250000000000000389e-03 9.692662570000000434e-05
8.399999999999999481e-03 9.774569479999999804e-05
8.550000000000000308e-03 1.002096980000000050e-04
8.699999999999999400e-03 1.196626110000000053e-04
8.850000000000000228e-03 1.751973759999999984e-04
8.999999999999999320e-03 1.782688919999999948e-04
9.150000000000000147e-03 1.300495639999999973e-04
9.299999999999999239e-03 1.130955280000000050e-04
9.450000000000000067e-03 1.140447570000000053e-04
9.599999999999999159e-03 1.139348390000000056e-04
9.749999999999999986e-03 1.145784700000000055e-04
9.900000000000000813e-03 1.151927719999999960e-04
1.004999999999999991e-02 1.159509269999999952e-04
1.020000000000000073e-02 1.167699959999999974e-04
1.034999999999999983e-02 1.188549210000000036e-04
1.050000000000000065e-02 1.196739900000000058e-04
1.064999999999999974e-02 1.210007609999999952e-04
1.080000000000000057e-02 1.212737840000000005e-04
1.094999999999999966e-02 1.226005550000000034e-04
1.110000000000000049e-02 1.225322920000000107e-04
1.124999999999999958e-02 1.213950670000000023e-04
1.140000000000000041e-02 1.213950670000000023e-04
1.154999999999999950e-02 1.201889389999999971e-04
1.170000000000000033e-02 1.192764100000000027e-04
1.184999999999999942e-02 1.190865660000000063e-04
1.200000000000000025e-02 1.194965009999999995e-04
1.214999999999999934e-02 1.196863449999999960e-04
1.230000000000000017e-02 1.197111489999999937e-04
1.244999999999999926e-02 1.201591219999999997e-04
1.260000000000000009e-02 1.205686570000000056e-04
1.274999999999999918e-02 1.215163500000000042e-04
1.290000000000000001e-02 1.213115759999999933e-04
1.305000000000000084e-02 1.213115759999999933e-04
1.319999999999999993e-02 1.211750710000000054e-04
1.335000000000000075e-02 1.202273709999999941e-04
1.349999999999999985e-02 1.199543480000000024e-04
1.365000000000000067e-02 1.190066609999999934e-04
1.379999999999999977e-02 1.185288710000000035e-04
1.395000000000000059e-02 1.172021000000000006e-04
1.409999999999999969e-02 1.172021000000000006e-04
1.425000000000000051e-02 1.188387469999999997e-04
1.439999999999999961e-02 1.190182450000000015e-04
1.455000000000000043e-02 1.182588599999999975e-04
1.469999999999999953e-02 1.184638239999999946e-04
1.485000000000000035e-02 1.190333640000000061e-04
