-1.000000000000000056e-01 4.112321479999999870e-04
-9.900000000000000466e-02 4.246906899999999818e-04
-9.800000000000000377e-02 4.244859160000000252e-04
-9.700000000000000289e-02 4.203156279999999741e-04
-9.600000000000000200e-02 4.196330559999999783e-04
-9.500000000000000111e-02 4.202017439999999925e-04
-9.400000000000000022e-02 4.218398830000000201e-04
-9.299999999999999933e-02 4.243041039999999862e-04
-9.199999999999999845e-02 4.246454049999999784e-04
-9.099999999999999756e-02 4.232593060000000183e-04
-8.999999999999999667e-02 4.215302760000000197e-04
-8.899999999999999578e-02 4.194426000000000014e-04
-8.799999999999999489e-02 4.196475200000000252e-04
-8.699999999999999400e-02 4.205965089999999951e-04
-8.599999999999999312e-02 4.211650229999999999e-04
-8.500000000000000611e-02 4.187613379999999752e-04
-8.400000000000000522e-02 4.181470429999999973e-04
-8.300000000000000433e-02 4.175783829999999796e-04
-8.200000000000000344e-02 4.173735799999999762e-04
-8.100000000000000255e-02 4.187004820000000114e-04
-8.000000000000000167e-02 4.189052560000000223e-04
-7.900000000000000078e-02 4.187157030000000150e-04
-7.799999999999999989e-02 4.187839799999999789e-04
-7.699999999999999900e-02 4.182152920000000189e-04
-7.599999999999999811e-02 4.181470429999999973e-04
-7.499999999999999722e-02 4.175783539999999871e-04
-7.399999999999999634e-02 4.172370829999999834e-04
-7.299999999999999545e-02 4.172370829999999834e-04
-7.199999999999999456e-02 4.173053310000000089e-04
-7.099999999999999367e-02 4.162921400000000010e-04
-7.000000000000000666e-02 4.160645189999999925e-04
-6.900000000000000577e-02 4.145462590000000068e-04
-6.800000000000000488e-02 4.136582720000000135e-04
-6.700000000000000400e-02 4.146071730000000098e-04
-6.600000000000000311e-02 4.146306599999999981e-04
-6.500000000000000222e-02 4.141280659999999969e-04
-6.400000000000000133e-02 4.146741120000000075e-04
-6.300000000000000044e-02 4.158114609999999812e-04
-6.199999999999999956e-02 4.159479870000000207e-04
-6.099999999999999867e-02 4.168957819999999912e-04
-5.999999999999999778e-02 4.168958109999999838e-04
-5.899999999999999689e-02 4.165167050000000235e-04
-5.800000000000000294e-02 4.169262539999999870e-04
-5.700000000000000205e-02 4.186322329999999899e-04
-5.600000000000000117e-02 4.184274579999999830e-04
-5.500000000000000028e-02 4.169110029999999949e-04
-5.399999999999999939e-02 4.169792810000000089e-04
-5.299999999999999850e-02 4.190643960000000148e-04
-5.199999999999999761e-02 4.196786899999999966e-04
-5.099999999999999672e-02 4.182882260000000225e-04
-5.000000000000000278e-02 4.174461940000000117e-04
-4.900000000000000189e-02 4.176360090000000021e-04
-4.800000000000000100e-02 4.182507690000000192e-04
-4.700000000000000011e-02 4.186303120000000222e-04
-4.599999999999999922e-02 4.184253919999999984e-04
-4.499999999999999833e-02 4.193743229999999833e-04
-4.399999999999999745e-02 4.197382659999999792e-04
-4.299999999999999656e-02 4.197999949999999783e-04
-4.200000000000000261e-02 4.195952210000000217e-04
-4.100000000000000172e-02 4.184579009999999863e-04
-4.000000000000000083e-02 4.177753289999999904e-04
-3.899999999999999994e-02 4.160693209999999950e-04
-3.799999999999999906e-02 4.160693209999999950e-04
-3.699999999999999817e-02 4.175857759999999832e-04
-3.599999999999999728e-02 4.178587990000000156e-04
-3.500000000000000333e-02 4.182379049999999758e-04
-3.400000000000000244e-02 4.186474539999999935e-04
-3.300000000000000155e-02 4.188370079999999968e-04
-3.200000000000000067e-02 4.185639850000000186e-04
-3.099999999999999978e-02 4.175523940000000142e-04
-2.999999999999999889e-02 4.169148739999999770e-04
-2.900000000000000147e-02 4.167250879999999792e-04
-2.800000000000000058e-02 4.167933949999999858e-04
-2.699999999999999969e-02 4.167933949999999858e-04
-2.599999999999999881e-02 4.168617019999999924e-04
-2.500000000000000139e-02 4.159127710000000075e-04
-2.400000000000000050e-02 4.155263299999999746e-04
-2.299999999999999961e-02 4.150228339999999998e-04
-2.199999999999999872e-02 4.143402620000000039e-04
-2.100000000000000130e-02 4.126342540000000085e-04
-2.000000000000000042e-02 4.124295079999999942e-04
-1.899999999999999953e-02 4.131877210000000191e-04
-1.799999999999999864e-02 4.140068190000000003e-04
-1.700000000000000122e-02 4.145754790000000180e-04
-1.600000000000000033e-02 4.139611559999999894e-04
-1.499999999999999944e-02 4.124447000000000052e-04
-1.400000000000000029e-02 4.121716770000000271e-04
-1.299999999999999940e-02 4.123612309999999761e-04
-1.200000000000000025e-02 4.124977570000000157e-04
-1.099999999999999936e-02 4.120502560000000210e-04
-1.000000000000000021e-02 4.121628590000000255e-04
-8.999999999999999320e-03 4.155790079999999815e-04
-8.000000000000000167e-03 4.161937689999999947e-04
-7.000000000000000146e-03 4.150550520000000120e-04
-6.000000000000000125e-03 4.151233590000000186e-04
-5.000000000000000104e-03 4.151233590000000186e-04
-4.000000000000000083e-03 4.149419840000000224e-04
-3.000000000000000062e-03 4.148180599999999889e-04
-2.000000000000000042e-03 4.141140090000000043e-04
-1.000000000000000021e-03 4.117925710000000126e-04
3.259600000000000200e-09 4.118392540000000135e-04
1.000000000000000021e-03 4.124084949999999865e-04
2.000000000000000042e-03 4.122039540000000204e-04
3.000000000000000062e-03 4.116357299999999953e-04
4.000000000000000083e-03 4.121820379999999889e-04
5.000000000000000104e-03 4.155944630000000259e-04
6.000000000000000125e-03 4.166867000000000097e-04
7.000000000000000146e-03 4.181406689999999878e-04
8.000000000000000167e-03 4.181406689999999878e-04
8.999999999999999320e-03 4.182033300000000033e-04
1.000000000000000021e-02 4.179985260000000039e-04
1.099999999999999936e-02 4.168610610000000058e-04
1.200000000000000025e-02 4.167245059999999737e-04
1.299999999999999940e-02 4.172932530000000233e-04
1.400000000000000029e-02 4.174297790000000086e-04
1.499999999999999944e-02 4.176193620000000044e-04
1.600000000000000033e-02 4.172097829999999981e-04
1.700000000000000122e-02 4.147452420000000096e-04
1.799999999999999864e-02 4.143356639999999994e-04
1.899999999999999953e-02 4.148389850000000229e-04
2.000000000000000042e-02 4.150201280000000246e-04
2.100000000000000130e-02 4.150201280000000246e-04
2.199999999999999872e-02 4.149072629999999828e-04
2.299999999999999961e-02 4.155414060000000155e-04
2.400000000000000050e-02 4.159509840000000258e-04
2.500000000000000139e-02 4.159509840000000258e-04
2.599999999999999881e-02 4.156096549999999828e-04
2.699999999999999969e-02 4.144721899999999847e-04
2.800000000000000058e-02 4.138578079999999750e-04
2.900000000000000147e-02 4.119620129999999858e-04
2.999999999999999889e-02 4.116206839999999971e-04
3.099999999999999978e-02 4.111726879999999746e-04
3.200000000000000067e-02 4.111482990000000126e-04
3.300000000000000155e-02 4.124769480000000060e-04
3.400000000000000244e-02 4.129109440000000250e-04
3.500000000000000333e-02 4.118407090000000001e-04
3.599999999999999728e-02 4.112263269999999905e-04
3.699999999999999817e-02 4.117950449999999932e-04
3.799999999999999906e-02 4.124094559999999954e-04
3.899999999999999994e-02 4.131677559999999980e-04
4.000000000000000083e-02 4.129629519999999986e-04
4.100000000000000172e-02 4.123942339999999958e-04
4.200000000000000261e-02 4.122577080000000105e-04
4.299999999999999656e-02 4.121899840000000054e-04
4.399999999999999745e-02 4.123022949999999840e-04
4.499999999999999833e-02 4.121124799999999937e-04
4.599999999999999922e-02 4.117953940000000082e-04
4.700000000000000011e-02 4.120529050000000071e-04
4.800000000000000100e-02 4.124624830000000173e-04
4.900000000000000189e-02 4.124624830000000173e-04
5.000000000000000278e-02 4.121894309999999924e-04
5.099999999999999672e-02 4.123790129999999922e-04
5.199999999999999761e-02 4.125838169999999916e-04
5.299999999999999850e-02 4.133420880000000016e-04
5.399999999999999939e-02 4.138881919999999972e-04
5.500000000000000028e-02 4.160993849999999948e-04
5.600000000000000117e-02 4.166903669999999938e-04
5.700000000000000205e-02 4.161209510000000154e-04
5.800000000000000294e-02 4.160078239999999905e-04
5.899999999999999689e-02 4.172098119999999907e-04
5.999999999999999778e-02 4.172780610000000122e-04
6.099999999999999867e-02 4.174675850000000269e-04
6.199999999999999956e-02 4.171262549999999879e-04
6.300000000000000044e-02 4.146617719999999845e-04
6.400000000000000133e-02 4.143887200000000138e-04
6.500000000000000222e-02 4.145782730000000210e-04
6.600000000000000311e-02 4.147831060000000129e-04
6.700000000000000400e-02 4.162997360000000066e-04
6.800000000000000488e-02 4.164362619999999919e-04
6.900000000000000577e-02 4.150437890000000223e-04
7.000000000000000666e-02 4.147024589999999834e-04
7.099999999999999367e-02 4.153366030000000121e-04
7.199999999999999456e-02 4.154048509999999834e-04
7.299999999999999545e-02 4.148361619999999732e-04
7.399999999999999634e-02 4.147678850000000093e-04
7.499999999999999722e-02 4.155261560000000193e-04
7.599999999999999811e-02 4.159357339999999754e-04
7.699999999999999900e-02 4.153670450000000194e-04
7.799999999999999989e-02 4.155035710000000047e-04
7.900000000000000078e-02 4.168306189999999986e-04
8.000000000000000167e-02 4.171037000000000160e-04
8.100000000000000255e-02 4.179891549999999894e-04
8.200000000000000344e-02 4.177161030000000187e-04
8.300000000000000433e-02 4.164514540000000030e-04
8.400000000000000522e-02 4.163831759999999890e-04
8.500000000000000611e-02 4.167623409999999845e-04
8.599999999999999312e-02 4.162162369999999889e-04
8.699999999999999400e-02 4.145100249999999955e-04
8.799999999999999489e-02 4.139639200000000039e-04
8.899999999999999578e-02 4.128264849999999943e-04
8.999999999999999667e-02 4.133043109999999759e-04
9.099999999999999756e-02 4.138730289999999787e-04
9.199999999999999845e-02 4.132586470000000232e-04
9.299999999999999933e-02 4.112942549999999936e-04
9.400000000000000022e-02 4.108599390000000065e-04
9.500000000000000111e-02 4.114293549999999849e-04
9.600000000000000200e-02 4.120684750000000256e-04
9.700000000000000289e-02 4.125155099999999850e-04
9.800000000000000377e-02 4.124472330000000212e-04
9.900000000000000466e-02 4.128264260000000132e-04
