-1.499999999999999944e-02 2.000100499999999944e-04
-1.485000000000000035e-02 1.983016990000000099e-04
-1.469999999999999953e-02 1.982333920000000033e-04
-1.455000000000000043e-02 2.008907899999999970e-04
-1.439999999999999961e-02 2.012323380000000052e-04
-1.425000000000000051e-02 2.006628930000000071e-04
-1.409999999999999969e-02 2.000481039999999974e-04
-1.395000000000000059e-02 1.968212449999999882e-04
-1.379999999999999977e-02 1.962747630000000122e-04
-1.365000000000000067e-02 1.962747630000000122e-04
-1.349999999999999985e-02 1.961381350000000008e-04
-1.335000000000000075e-02 1.961381350000000008e-04
-1.319999999999999993e-02 1.960015220000000107e-04
-1.305000000000000084e-02 1.958117059999999973e-04
-1.290000000000000001e-02 1.960134690000000048e-04
-1.274999999999999918e-02 1.969533480000000016e-04
-1.260000000000000009e-02 1.974310580000000130e-04
-1.244999999999999926e-02 1.976205680000000023e-04
-1.230000000000000017e-02 1.978252989999999953e-04
-1.214999999999999934e-02 1.974462940000000109e-04
-1.200000000000000025e-02 1.972415629999999909e-04
-1.184999999999999942e-02 1.978100769999999956e-04
-1.170000000000000033e-02 1.979465739999999884e-04
-1.154999999999999950e-02 1.975675550000000058e-04
-1.140000000000000041e-02 1.974993070000000074e-04
-1.124999999999999958e-02 1.978783259999999900e-04
-1.110000000000000049e-02 1.978783259999999900e-04
-1.094999999999999966e-02 1.965517729999999969e-04
-1.080000000000000057e-02 1.967565039999999898e-04
-1.064999999999999974e-02 1.980830570000000101e-04
-1.050000000000000065e-02 1.981513050000000085e-04
-1.034999999999999983e-02 1.989093290000000026e-04
-1.020000000000000073e-02 1.992505569999999883e-04
-1.004999999999999991e-02 2.001981049999999971e-04
-9.900000000000000813e-03 2.014265190000000055e-04
-9.749999999999999986e-03 2.048376630000000112e-04
-9.599999999999999159e-03 2.049741600000000040e-04
-9.450000000000000067e-03 2.038533280000000053e-04
-9.299999999999999239e-03 2.024244169999999993e-04
-9.150000000000000147e-03 1.995772039999999881e-04
-8.999999999999999320e-03 1.988940930000000047e-04
-8.850000000000000228e-03 1.969959410000000010e-04
-8.699999999999999400e-03 1.961762170000000004e-04
-8.550000000000000308e-03 1.963660319999999907e-04
-8.399999999999999481e-03 1.962294050000000024e-04
-8.250000000000000389e-03 1.950905129999999871e-04
-8.099999999999999561e-03 1.948172720000000127e-04
-7.950000000000000469e-03 1.948172720000000127e-04
-7.799999999999999642e-03 1.942024680000000087e-04
-7.649999999999999682e-03 1.932533920000000069e-04
-7.499999999999999722e-03 1.931167789999999897e-04
-7.349999999999999763e-03 1.923575180000000053e-04
-7.199999999999999803e-03 1.915369209999999965e-04
-7.049999999999999843e-03 1.892585420000000125e-04
-6.899999999999999883e-03 1.891902939999999869e-04
-6.749999999999999924e-03 1.878637409999999938e-04
-6.599999999999999964e-03 1.866353270000000125e-04
-6.450000000000000004e-03 1.868248360000000058e-04
-6.300000000000000044e-03 1.867565880000000074e-04
-6.150000000000000085e-03 1.852405259999999939e-04
-6.000000000000000125e-03 1.842850910000000040e-04
-5.850000000000000165e-03 1.840955809999999875e-04
-5.700000000000000205e-03 1.842320780000000074e-04
-5.550000000000000246e-03 1.827160009999999996e-04
-5.400000000000000286e-03 1.825795040000000068e-04
-5.250000000000000326e-03 1.835270519999999885e-04
-5.100000000000000366e-03 1.838000320000000029e-04
-4.950000000000000407e-03 1.845580699999999953e-04
-4.799999999999999580e-03 1.842168420000000095e-04
-4.649999999999999620e-03 1.836483130000000105e-04
-4.499999999999999660e-03 1.835118310000000120e-04
-4.349999999999999700e-03 1.821852639999999935e-04
-4.199999999999999740e-03 1.812980770000000019e-04
-4.049999999999999781e-03 1.811085820000000069e-04
-3.899999999999999821e-03 1.817910230000000112e-04
-3.749999999999999861e-03 1.806539800000000074e-04
-3.599999999999999901e-03 1.799032760000000104e-04
-3.449999999999999942e-03 1.800842149999999869e-04
-3.299999999999999982e-03 1.794669080000000098e-04
-3.150000000000000022e-03 1.792770929999999924e-04
-3.000000000000000062e-03 1.801651379999999979e-04
-2.850000000000000103e-03 1.816836449999999995e-04
-2.700000000000000143e-03 1.820935140000000125e-04
-2.550000000000000183e-03 1.841814810000000065e-04
-2.399999999999999790e-03 1.839765459999999884e-04
-2.249999999999999830e-03 1.837867309999999981e-04
-2.099999999999999870e-03 1.839233590000000096e-04
-1.949999999999999910e-03 1.820252070000000059e-04
-1.799999999999999951e-03 1.812054690000000070e-04
-1.649999999999999991e-03 1.819647299999999914e-04
-1.500000000000000031e-03 1.825112269999999888e-04
-1.350000000000000071e-03 1.815621509999999870e-04
-1.199999999999999895e-03 1.809501259999999917e-04
-1.049999999999999935e-03 1.813358689999999948e-04
-8.999999999999999754e-04 1.814041169999999932e-04
-7.500000000000000156e-04 1.812146070000000039e-04
-5.999999999999999474e-04 1.812146070000000039e-04
-4.499999999999999877e-04 1.812146070000000039e-04
-2.999999999999999737e-04 1.809694080000000043e-04
-1.499999999999999869e-04 1.809416280000000125e-04
1.047700000000000011e-09 1.814471909999999951e-04
1.499999999999999869e-04 1.801204340000000040e-04
2.999999999999999737e-04 1.787554070000000055e-04
4.499999999999999877e-04 1.770498200000000084e-04
5.999999999999999474e-04 1.768451619999999948e-04
7.500000000000000156e-04 1.755185800000000091e-04
8.999999999999999754e-04 1.753821419999999974e-04
1.049999999999999935e-03 1.774569539999999994e-04
1.199999999999999895e-03 1.783409680000000116e-04
1.350000000000000071e-03 1.775815910000000028e-04
1.500000000000000031e-03 1.775132699999999980e-04
1.649999999999999991e-03 1.784624909999999896e-04
1.799999999999999951e-03 1.786023790000000123e-04
1.949999999999999910e-03 1.784226480000000064e-04
2.099999999999999870e-03 1.784908960000000048e-04
2.249999999999999830e-03 1.792490509999999904e-04
2.399999999999999790e-03 1.794538110000000030e-04
2.550000000000000183e-03 1.792642719999999940e-04
2.700000000000000143e-03 1.791960239999999956e-04
2.850000000000000103e-03 1.791960239999999956e-04
3.000000000000000062e-03 1.800150930000000114e-04
3.150000000000000022e-03 1.836163139999999905e-04
3.299999999999999982e-03 1.849814289999999898e-04
3.449999999999999942e-03 1.872558930000000049e-04
3.599999999999999901e-03 1.873241419999999993e-04
3.749999999999999861e-03 1.865650699999999915e-04
3.899999999999999821e-03 1.864275689999999989e-04
4.049999999999999781e-03 1.849088150000000085e-04
4.199999999999999740e-03 1.849088150000000085e-04
4.349999999999999700e-03 1.864275689999999989e-04
4.499999999999999660e-03 1.871111160000000020e-04
4.649999999999999620e-03 1.874911099999999919e-04
4.799999999999999580e-03 1.870815759999999955e-04
4.950000000000000407e-03 1.855652809999999914e-04
5.100000000000000366e-03 1.855652809999999914e-04
5.250000000000000326e-03 1.853757420000000096e-04
5.400000000000000286e-03 1.847614330000000064e-04
5.550000000000000246e-03 1.849509719999999882e-04
5.700000000000000205e-03 1.854970179999999988e-04
5.850000000000000165e-03 1.853074789999999898e-04
6.000000000000000125e-03 1.855805019999999951e-04
6.150000000000000085e-03 1.850118859999999913e-04
6.300000000000000044e-03 1.846023519999999949e-04
6.450000000000000004e-03 1.845983639999999924e-04
6.599999999999999964e-03 1.844608049999999877e-04
6.749999999999999924e-03 1.848404940000000036e-04
6.899999999999999883e-03 1.862069180000000036e-04
7.049999999999999843e-03 1.877256869999999883e-04
7.199999999999999803e-03 1.874524020000000000e-04
7.349999999999999763e-03 1.885905510000000025e-04
7.499999999999999722e-03 1.893413569999999985e-04
7.649999999999999682e-03 1.897204349999999894e-04
7.799999999999999642e-03 1.899252090000000002e-04
7.950000000000000469e-03 1.901147480000000092e-04
8.099999999999999561e-03 1.903195079999999947e-04
8.250000000000000389e-03 1.899404309999999999e-04
8.399999999999999481e-03 1.904864770000000104e-04
8.550000000000000308e-03 1.937086339999999969e-04
8.699999999999999400e-03 1.945959520000000071e-04
8.850000000000000228e-03 1.961122620000000055e-04
8.999999999999999320e-03 1.972043539999999995e-04
9.150000000000000147e-03 1.993015179999999985e-04
9.299999999999999239e-03 1.999883099999999914e-04
9.450000000000000067e-03 2.001781540000000014e-04
9.599999999999999159e-03 2.000374079999999919e-04
9.749999999999999986e-03 2.004039269999999945e-04
9.900000000000000813e-03 2.010864849999999921e-04
1.004999999999999991e-02 2.022237309999999979e-04
1.020000000000000073e-02 2.029062889999999955e-04
1.034999999999999983e-02 2.032853659999999904e-04
1.050000000000000065e-02 2.028075690000000013e-04
1.064999999999999974e-02 2.031866459999999962e-04
1.080000000000000057e-02 2.046882730000000095e-04
1.094999999999999966e-02 2.044987340000000006e-04
1.110000000000000049e-02 2.030653560000000087e-04
1.124999999999999958e-02 2.015490610000000046e-04
1.140000000000000041e-02 2.016173090000000030e-04
1.154999999999999950e-02 2.029596939999999978e-04
1.170000000000000033e-02 2.028281449999999933e-04
1.184999999999999942e-02 2.022586119999999945e-04
1.200000000000000025e-02 2.020536340000000128e-04
1.214999999999999934e-02 2.011044129999999940e-04
1.230000000000000017e-02 2.004170960000000118e-04
1.244999999999999926e-02 1.981294770000000048e-04
1.260000000000000009e-02 1.979929659999999866e-04
1.274999999999999918e-02 1.983720430000000085e-04
1.290000000000000001e-02 1.980307570000000106e-04
1.305000000000000084e-02 1.976516799999999887e-04
1.319999999999999993e-02 1.974469200000000032e-04
1.335000000000000075e-02 1.970678420000000124e-04
1.349999999999999985e-02 1.966583079999999889e-04
1.365000000000000067e-02 1.949524590000000087e-04
1.379999999999999977e-02 1.945429250000000124e-04
1.395000000000000059e-02 1.949220170000000015e-04
1.409999999999999969e-02 1.954680630000000120e-04
1.425000000000000051e-02 1.952849419999999993e-04
1.439999999999999961e-02 1.950831499999999992e-04
1.455000000000000043e-02 1.954628389999999881e-04
1.469999999999999953e-02 1.959410869999999910e-04
1.485000000000000035e-02 1.991684400000000050e-04
