-1.499999999999999944e-02 1.973605979999999900e-04
-1.485000000000000035e-02 1.969809670000000133e-04
-1.469999999999999953e-02 1.971859020000000043e-04
-1.455000000000000043e-02 1.977553470000000023e-04
-1.439999999999999961e-02 1.977553470000000023e-04
-1.425000000000000051e-02 1.973757169999999946e-04
-1.409999999999999969e-02 1.971707820000000036e-04
-1.395000000000000059e-02 1.984994890000000092e-04
-1.379999999999999977e-02 1.987727300000000107e-04
-1.365000000000000067e-02 1.957357020000000092e-04
-1.349999999999999985e-02 1.947110289999999923e-04
-1.335000000000000075e-02 1.945212130000000060e-04
-1.319999999999999993e-02 1.947261479999999969e-04
-1.305000000000000084e-02 1.962446689999999968e-04
-1.290000000000000001e-02 1.975384800000000115e-04
-1.274999999999999918e-02 2.009410530000000045e-04
-1.260000000000000009e-02 2.017599910000000016e-04
-1.244999999999999926e-02 2.017599910000000016e-04
-1.230000000000000017e-02 2.015552600000000086e-04
-1.214999999999999934e-02 2.023132980000000010e-04
-1.200000000000000025e-02 2.028592570000000068e-04
-1.184999999999999942e-02 2.034277860000000058e-04
-1.170000000000000033e-02 2.030865579999999930e-04
-1.154999999999999950e-02 2.010019670000000075e-04
-1.140000000000000041e-02 2.006607389999999947e-04
-1.124999999999999958e-02 2.004712300000000013e-04
-1.110000000000000049e-02 1.999252709999999955e-04
-1.094999999999999966e-02 1.984091939999999877e-04
-1.080000000000000057e-02 1.986821740000000022e-04
-1.064999999999999974e-02 1.992507020000000052e-04
-1.050000000000000065e-02 1.989094889999999866e-04
-1.034999999999999983e-02 1.985304700000000040e-04
-1.020000000000000073e-02 1.985987040000000042e-04
-1.004999999999999991e-02 1.991672320000000072e-04
-9.900000000000000813e-03 1.988942529999999887e-04
-9.749999999999999986e-03 1.973781910000000023e-04
-9.599999999999999159e-03 1.973099420000000079e-04
-9.450000000000000067e-03 1.969391890000000099e-04
-9.299999999999999239e-03 1.961914679999999926e-04
-9.150000000000000147e-03 1.948627609999999870e-04
-8.999999999999999320e-03 1.946578409999999903e-04
-8.850000000000000228e-03 1.961763479999999919e-04
-8.699999999999999400e-03 1.965179109999999943e-04
-8.550000000000000308e-03 1.968975410000000021e-04
-8.399999999999999481e-03 1.961461089999999867e-04
-8.250000000000000389e-03 1.938683419999999967e-04
-8.099999999999999561e-03 1.934584719999999877e-04
-7.950000000000000469e-03 1.940279180000000088e-04
-7.799999999999999642e-03 1.943694659999999899e-04
-7.649999999999999682e-03 1.947490959999999976e-04
-7.499999999999999722e-03 1.941342929999999897e-04
-7.349999999999999763e-03 1.924259700000000017e-04
-7.199999999999999803e-03 1.920830249999999921e-04
-7.049999999999999843e-03 1.928367710000000040e-04
-6.899999999999999883e-03 1.925637920000000127e-04
-6.749999999999999924e-03 1.912372239999999982e-04
-6.599999999999999964e-03 1.909642450000000069e-04
-6.450000000000000004e-03 1.913432639999999895e-04
-6.300000000000000044e-03 1.917527409999999967e-04
-6.150000000000000085e-03 1.911842119999999977e-04
-6.000000000000000125e-03 1.902287770000000077e-04
-5.850000000000000165e-03 1.889022239999999875e-04
-5.700000000000000205e-03 1.880150379999999920e-04
-5.550000000000000246e-03 1.853619030000000132e-04
-5.400000000000000286e-03 1.848159450000000034e-04
-5.250000000000000326e-03 1.853844730000000064e-04
-5.100000000000000366e-03 1.857939499999999866e-04
-4.950000000000000407e-03 1.856044399999999973e-04
-4.799999999999999580e-03 1.848537499999999985e-04
-4.649999999999999620e-03 1.835271830000000071e-04
-4.499999999999999660e-03 1.835271830000000071e-04
-4.349999999999999700e-03 1.835271830000000071e-04
-4.199999999999999740e-03 1.828447280000000045e-04
-4.049999999999999781e-03 1.805706270000000026e-04
-3.899999999999999821e-03 1.802294140000000112e-04
-3.749999999999999861e-03 1.809874370000000092e-04
-3.599999999999999901e-03 1.809191890000000108e-04
-3.449999999999999942e-03 1.803424089999999943e-04
-3.299999999999999982e-03 1.801350300000000113e-04
-3.150000000000000022e-03 1.797554000000000035e-04
-3.000000000000000062e-03 1.797554000000000035e-04
-2.850000000000000103e-03 1.803248450000000016e-04
-2.700000000000000143e-03 1.803248450000000016e-04
-2.550000000000000183e-03 1.784266929999999980e-04
-2.399999999999999790e-03 1.777435830000000105e-04
-2.249999999999999830e-03 1.788824740000000027e-04
-2.099999999999999870e-03 1.792240220000000108e-04
-1.949999999999999910e-03 1.790342069999999934e-04
-1.799999999999999951e-03 1.788975930000000073e-04
-1.649999999999999991e-03 1.785179629999999996e-04
-1.500000000000000031e-03 1.779031589999999956e-04
-1.350000000000000071e-03 1.779031589999999956e-04
-1.199999999999999895e-03 1.783163320000000066e-04
-1.049999999999999935e-03 1.802215120000000086e-04
-8.999999999999999754e-04 1.809039680000000072e-04
-7.500000000000000156e-04 1.799564199999999984e-04
-5.999999999999999474e-04 1.797516890000000055e-04
-4.499999999999999877e-04 1.808887460000000076e-04
-2.999999999999999737e-04 1.804387139999999890e-04
-1.499999999999999869e-04 1.788949589999999884e-04
1.047700000000000011e-09 1.789224190000000120e-04
1.499999999999999869e-04 1.787328800000000030e-04
2.999999999999999737e-04 1.782551839999999899e-04
4.499999999999999877e-04 1.765495979999999888e-04
5.999999999999999474e-04 1.766179480000000133e-04
7.500000000000000156e-04 1.771867539999999897e-04
8.999999999999999754e-04 1.771185630000000075e-04
1.049999999999999935e-03 1.782462930000000090e-04
1.199999999999999895e-03 1.787207879999999920e-04
1.350000000000000071e-03 1.775817219999999944e-04
1.500000000000000031e-03 1.773084220000000117e-04
1.649999999999999991e-03 1.769287339999999918e-04
1.799999999999999951e-03 1.767958020000000112e-04
1.949999999999999910e-03 1.775659039999999910e-04
2.099999999999999870e-03 1.780436870000000088e-04
2.249999999999999830e-03 1.782332259999999907e-04
2.399999999999999790e-03 1.783697370000000089e-04
2.550000000000000183e-03 1.789383530000000127e-04
2.700000000000000143e-03 1.792796250000000123e-04
2.850000000000000103e-03 1.796587020000000071e-04
3.000000000000000062e-03 1.797269649999999998e-04
3.150000000000000022e-03 1.806746589999999944e-04
3.299999999999999982e-03 1.813572159999999960e-04
3.449999999999999942e-03 1.830630640000000073e-04
3.599999999999999901e-03 1.831995759999999944e-04
3.749999999999999861e-03 1.811066900000000046e-04
3.899999999999999821e-03 1.808998059999999952e-04
4.049999999999999781e-03 1.818490269999999869e-04
4.199999999999999740e-03 1.824639179999999956e-04
4.349999999999999700e-03 1.853115829999999896e-04
4.499999999999999660e-03 1.863369400000000110e-04
4.649999999999999620e-03 1.880446360000000107e-04
4.799999999999999580e-03 1.887271940000000083e-04
4.950000000000000407e-03 1.879690389999999955e-04
5.100000000000000366e-03 1.876277669999999959e-04
5.250000000000000326e-03 1.887649850000000051e-04
5.400000000000000286e-03 1.891062710000000031e-04
5.550000000000000246e-03 1.892958100000000120e-04
5.700000000000000205e-03 1.892958100000000120e-04
5.850000000000000165e-03 1.891062710000000031e-04
6.000000000000000125e-03 1.893110460000000099e-04
6.150000000000000085e-03 1.902587390000000085e-04
6.300000000000000044e-03 1.906000110000000082e-04
6.450000000000000004e-03 1.898436889999999895e-04
6.599999999999999964e-03 1.905275710000000093e-04
6.749999999999999924e-03 1.922361700000000057e-04
6.899999999999999883e-03 1.918945640000000125e-04
7.049999999999999843e-03 1.909453419999999977e-04
7.199999999999999803e-03 1.911491130000000048e-04
7.349999999999999763e-03 1.922832889999999992e-04
7.499999999999999722e-03 1.931706210000000076e-04
7.649999999999999682e-03 1.958241479999999922e-04
7.799999999999999642e-03 1.964384429999999971e-04
7.950000000000000469e-03 1.937849160000000126e-04
8.099999999999999561e-03 1.928293350000000097e-04
8.250000000000000389e-03 1.920711799999999970e-04
8.399999999999999481e-03 1.921394289999999914e-04
8.550000000000000308e-03 1.932766609999999989e-04
8.699999999999999400e-03 1.941639930000000074e-04
8.850000000000000228e-03 1.943535319999999892e-04
8.999999999999999320e-03 1.944900430000000074e-04
9.150000000000000147e-03 1.954450849999999956e-04
9.299999999999999239e-03 1.958577919999999984e-04
9.450000000000000067e-03 1.981359239999999937e-04
9.599999999999999159e-03 1.986787969999999977e-04
9.749999999999999986e-03 1.969619330000000126e-04
9.900000000000000813e-03 1.975079789999999961e-04
1.004999999999999991e-02 1.997824290000000129e-04
1.020000000000000073e-02 1.998506920000000056e-04
1.034999999999999983e-02 1.992820760000000018e-04
1.050000000000000065e-02 1.994185879999999889e-04
1.064999999999999974e-02 2.001767430000000016e-04
1.080000000000000057e-02 2.008593000000000032e-04
1.094999999999999966e-02 2.035128420000000091e-04
1.110000000000000049e-02 2.037176159999999929e-04
1.124999999999999958e-02 2.025803840000000124e-04
1.140000000000000041e-02 2.018978119999999894e-04
1.154999999999999950e-02 2.022921979999999886e-04
1.170000000000000033e-02 2.027067680000000011e-04
1.184999999999999942e-02 2.013778429999999993e-04
1.200000000000000025e-02 2.002847029999999917e-04
1.214999999999999934e-02 1.989557790000000129e-04
1.230000000000000017e-02 1.988835570000000103e-04
1.244999999999999926e-02 1.971666929999999981e-04
1.260000000000000009e-02 1.967571590000000018e-04
1.274999999999999918e-02 1.990316229999999898e-04
1.290000000000000001e-02 1.993728949999999894e-04
1.305000000000000084e-02 1.982356630000000090e-04
1.319999999999999993e-02 1.982356770000000073e-04
1.335000000000000075e-02 1.976670610000000035e-04
1.349999999999999985e-02 1.969162400000000132e-04
1.365000000000000067e-02 1.961580999999999947e-04
1.379999999999999977e-02 1.963628600000000073e-04
1.395000000000000059e-02 1.957942440000000036e-04
1.409999999999999969e-02 1.953164610000000128e-04
1.425000000000000051e-02 1.947539570000000084e-04
1.439999999999999961e-02 1.946884729999999973e-04
1.455000000000000043e-02 1.954478500000000061e-04
1.469999999999999953e-02 1.954478500000000061e-04
1.485000000000000035e-02 1.943087850000000045e-04
