-2.000000000000000042e-03 2.853963820000000081e-05
-1.979999999999999989e-03 3.043528160000000081e-05
-1.959999999999999937e-03 4.526055270000000160e-05
-1.940000000000000101e-03 5.057252199999999752e-05
-1.920000000000000049e-03 4.038816769999999828e-05
-1.899999999999999996e-03 1.820287619999999903e-05
-1.879999999999999944e-03 1.875652560000000044e-05
-1.860000000000000108e-03 4.947013439999999864e-05
-1.840000000000000056e-03 5.860767489999999793e-05
-1.820000000000000003e-03 3.433925669999999923e-05
-1.799999999999999951e-03 1.256819540000000047e-05
-1.779999999999999898e-03 -7.342322989999999740e-06
-1.760000000000000063e-03 -2.016612599999999853e-06
-1.740000000000000010e-03 -2.097722609999999905e-05
-1.719999999999999958e-03 -2.411968129999999831e-05
-1.699999999999999905e-03 2.442132060000000047e-05
-1.680000000000000070e-03 4.272560909999999923e-05
-1.660000000000000017e-03 1.997114669999999967e-05
-1.639999999999999965e-03 9.600063319999999607e-08
-1.619999999999999912e-03 3.289946470000000182e-05
-1.600000000000000077e-03 4.102308230000000259e-05
-1.580000000000000024e-03 3.135321090000000178e-05
-1.559999999999999972e-03 3.122166529999999865e-05
-1.539999999999999919e-03 2.762202530000000070e-05
-1.520000000000000084e-03 2.939100890000000000e-05
-1.500000000000000031e-03 1.478829559999999964e-05
-1.479999999999999979e-03 1.684428389999999859e-05
-1.459999999999999926e-03 1.210492700000000046e-05
-1.440000000000000091e-03 4.728088699999999765e-06
-1.420000000000000038e-03 1.060483189999999977e-05
-1.399999999999999986e-03 7.462574099999999990e-06
-1.379999999999999933e-03 8.599960889999999194e-06
-1.360000000000000098e-03 1.344987600000000079e-05
-1.340000000000000045e-03 1.799942400000000150e-05
-1.319999999999999993e-03 1.717713170000000132e-05
-1.299999999999999940e-03 1.206097480000000029e-05
-1.280000000000000105e-03 1.567773869999999919e-05
-1.260000000000000052e-03 3.482583270000000336e-05
-1.240000000000000000e-03 4.466472089999999861e-05
-1.219999999999999947e-03 3.480320079999999860e-05
-1.199999999999999895e-03 2.728402249999999988e-05
-1.180000000000000059e-03 7.756798369999999806e-06
-1.160000000000000007e-03 1.356982279999999978e-05
-1.139999999999999954e-03 3.101391849999999856e-05
-1.119999999999999902e-03 2.915954250000000051e-05
-1.100000000000000066e-03 1.872724720000000100e-05
-1.080000000000000014e-03 1.333509039999999950e-05
-1.059999999999999961e-03 3.059170559999999713e-05
-1.039999999999999909e-03 2.417848549999999932e-05
-1.020000000000000073e-03 1.147558209999999974e-05
-1.000000000000000021e-03 2.621545900000000118e-05
-9.799999999999999684e-04 5.864139890000000303e-05
-9.600000000000000243e-04 5.592264639999999776e-05
-9.399999999999999719e-04 1.496514229999999979e-05
-9.200000000000000278e-04 1.284782769999999931e-05
-8.999999999999999754e-04 4.849752799999999765e-05
-8.800000000000000313e-04 5.845284249999999667e-05
-8.599999999999999789e-04 4.442090720000000260e-05
-8.400000000000000348e-04 4.088506099999999924e-05
-8.199999999999999824e-04 5.756673270000000107e-05
-8.000000000000000383e-04 6.110108369999999822e-05
-7.799999999999999859e-04 4.896479000000000185e-05
-7.600000000000000418e-04 3.600531640000000257e-05
-7.399999999999999894e-04 2.351152760000000029e-05
-7.200000000000000453e-04 3.047720750000000071e-05
-6.999999999999999929e-04 5.700293330000000112e-05
-6.800000000000000488e-04 5.774251990000000130e-05
-6.599999999999999964e-04 4.219823310000000050e-05
-6.400000000000000524e-04 4.521609300000000321e-05
-6.199999999999999999e-04 6.057706200000000254e-05
-5.999999999999999474e-04 5.974395750000000303e-05
-5.800000000000000034e-04 6.713488979999999594e-05
-5.599999999999999509e-04 6.358560489999999857e-05
-5.400000000000000069e-04 4.974531479999999735e-05
-5.199999999999999544e-04 5.173728639999999825e-05
-5.000000000000000104e-04 6.140715410000000300e-05
-4.800000000000000122e-04 7.128962899999999520e-05
-4.600000000000000139e-04 5.232901460000000121e-05
-4.400000000000000157e-04 5.002745819999999662e-05
-4.200000000000000174e-04 5.097319810000000128e-05
-4.000000000000000192e-04 5.641318059999999879e-05
-3.800000000000000209e-04 8.732260179999999867e-05
-3.600000000000000227e-04 8.227382929999999905e-05
-3.400000000000000244e-04 8.397782950000000498e-05
-3.200000000000000262e-04 9.082540779999999814e-05
-2.999999999999999737e-04 8.286369849999999666e-05
-2.799999999999999755e-04 8.693538979999999720e-05
-2.599999999999999772e-04 1.113954570000000034e-04
-2.400000000000000061e-04 1.192068379999999957e-04
-2.200000000000000078e-04 1.304977919999999872e-04
-2.000000000000000096e-04 1.365076019999999926e-04
-1.800000000000000113e-04 1.360239110000000006e-04
-1.600000000000000131e-04 1.552334290000000029e-04
-1.399999999999999877e-04 1.941087249999999954e-04
-1.200000000000000030e-04 2.083650760000000095e-04
-1.000000000000000048e-04 2.303587240000000132e-04
-8.000000000000000654e-05 1.459474440000000078e-03
-6.000000000000000152e-05 4.838463379999999661e-03
8.000000000000000654e-05 1.206693590000000029e-03
1.000000000000000048e-04 4.920882060000000531e-04
1.200000000000000030e-04 2.289459230000000093e-04
1.399999999999999877e-04 1.877932230000000128e-04
1.600000000000000131e-04 1.685548199999999889e-04
1.800000000000000113e-04 1.505369579999999905e-04
2.000000000000000096e-04 1.357240690000000125e-04
2.200000000000000078e-04 1.209314360000000041e-04
2.400000000000000061e-04 1.189839240000000034e-04
1.399999999999999877e-04 1.877932230000000128e-04
1.600000000000000131e-04 1.685548199999999889e-04
1.800000000000000113e-04 1.505369579999999905e-04
2.000000000000000096e-04 1.357240690000000125e-04
2.200000000000000078e-04 1.209314360000000041e-04
2.400000000000000061e-04 1.189839240000000034e-04
2.599999999999999772e-04 9.736166980000000133e-05
2.799999999999999755e-04 9.207445689999999819e-05
2.999999999999999737e-04 8.563236040000000060e-05
3.200000000000000262e-04 7.757878480000000583e-05
3.400000000000000244e-04 8.440422970000000132e-05
3.600000000000000227e-04 8.590547080000000358e-05
3.800000000000000209e-04 1.069568530000000040e-04
4.000000000000000192e-04 1.202312050000000021e-04
4.200000000000000174e-04 1.018341569999999972e-04
4.400000000000000157e-04 7.907248070000000555e-05
4.600000000000000139e-04 6.579660839999999442e-05
4.800000000000000122e-04 6.531819239999999869e-05
5.000000000000000104e-04 5.621759559999999785e-05
5.199999999999999544e-04 5.015407079999999889e-05
5.400000000000000069e-04 5.963386139999999811e-05
5.599999999999999509e-04 6.194354500000000393e-05
5.800000000000000034e-04 5.208039869999999940e-05
5.999999999999999474e-04 5.883070840000000068e-05
6.199999999999999999e-04 8.195306150000000451e-05
6.400000000000000524e-04 7.465984530000000429e-05
6.599999999999999964e-04 5.283310380000000181e-05
6.800000000000000488e-04 6.442906309999999988e-05
6.999999999999999929e-04 8.567659820000000340e-05
7.200000000000000453e-04 7.208749589999999458e-05
7.399999999999999894e-04 2.450103059999999975e-05
7.600000000000000418e-04 2.150155890000000051e-05
7.799999999999999859e-04 3.250228469999999964e-05
8.000000000000000383e-04 4.024110240000000193e-05
8.199999999999999824e-04 7.078477940000000267e-05
8.400000000000000348e-04 5.956657330000000085e-05
8.599999999999999789e-04 3.681507590000000204e-05
8.800000000000000313e-04 4.555853590000000117e-05
8.999999999999999754e-04 6.489313820000000435e-05
9.200000000000000278e-04 6.354078499999999882e-05
9.399999999999999719e-04 5.579027130000000233e-05
9.600000000000000243e-04 4.964395339999999889e-05
9.799999999999999684e-04 5.722778220000000185e-05
1.000000000000000021e-03 6.267182470000000555e-05
1.020000000000000073e-03 1.162680020000000010e-05
1.039999999999999909e-03 3.783182819999999985e-06
1.059999999999999961e-03 3.163205110000000253e-05
1.080000000000000014e-03 3.142208879999999858e-05
1.100000000000000066e-03 -7.802528670000000285e-06
1.119999999999999902e-03 -3.288324250000000012e-06
1.139999999999999954e-03 2.688032689999999970e-05
1.160000000000000007e-03 1.984656770000000169e-05
1.180000000000000059e-03 1.834646899999999980e-05
1.199999999999999895e-03 2.088708060000000024e-05
1.219999999999999947e-03 3.830489370000000193e-05
1.240000000000000000e-03 4.272305519999999770e-05
1.260000000000000052e-03 4.443150099999999911e-05
1.280000000000000105e-03 4.531634479999999831e-05
1.299999999999999940e-03 2.485666479999999975e-05
1.319999999999999993e-03 1.818790949999999842e-05
1.340000000000000045e-03 3.356391969999999883e-05
1.360000000000000098e-03 3.907788049999999730e-05
1.379999999999999933e-03 2.178507569999999868e-05
1.399999999999999986e-03 1.919053279999999903e-05
1.420000000000000038e-03 2.185737500000000009e-05
1.440000000000000091e-03 2.199235130000000050e-05
1.459999999999999926e-03 4.036855899999999955e-05
1.479999999999999979e-03 3.368216860000000298e-05
1.500000000000000031e-03 1.430047970000000019e-06
1.520000000000000084e-03 8.866305510000000006e-06
1.539999999999999919e-03 3.049272890000000137e-05
1.559999999999999972e-03 2.707333079999999870e-05
1.580000000000000024e-03 1.932282070000000001e-05
1.600000000000000077e-03 2.166946070000000166e-05
1.619999999999999912e-03 3.192013540000000174e-05
1.639999999999999965e-03 3.341281990000000282e-05
1.660000000000000017e-03 1.178639649999999994e-05
1.680000000000000070e-03 1.819026689999999908e-05
1.699999999999999905e-03 5.210916419999999711e-05
1.719999999999999958e-03 4.310199800000000291e-05
1.740000000000000010e-03 1.714195789999999969e-05
1.760000000000000063e-03 1.940031320000000002e-05
1.779999999999999898e-03 4.061004070000000319e-05
1.799999999999999951e-03 3.173160800000000148e-05
1.820000000000000003e-03 -7.104280029999999664e-06
1.840000000000000056e-03 2.928951060000000171e-06
1.860000000000000108e-03 6.130779369999999815e-05
1.879999999999999944e-03 6.110640239999999340e-05
1.899999999999999996e-03 2.222884720000000149e-05
1.920000000000000049e-03 1.928078930000000154e-05
1.940000000000000101e-03 3.257333079999999686e-05
1.959999999999999937e-03 3.279828889999999899e-05
1.979999999999999989e-03 1.954741860000000080e-05
