-1.000000000000000056e-01 4.773160330000000124e-04
-9.900000000000000466e-02 4.667008759999999833e-04
-9.800000000000000377e-02 4.667008759999999833e-04
-9.700000000000000289e-02 4.674590890000000082e-04
-9.600000000000000200e-02 4.672543149999999973e-04
-9.500000000000000111e-02 4.663065480000000234e-04
-9.400000000000000022e-02 4.661017740000000125e-04
-9.299999999999999933e-02 4.664808509999999802e-04
-9.199999999999999845e-02 4.678459950000000262e-04
-9.099999999999999756e-02 4.699070409999999841e-04
-8.999999999999999667e-02 4.696935649999999960e-04
-8.899999999999999578e-02 4.714016690000000188e-04
-8.799999999999999489e-02 4.711284419999999884e-04
-8.699999999999999400e-02 4.673326909999999941e-04
-8.599999999999999312e-02 4.667273019999999915e-04
-8.500000000000000611e-02 4.671329810000000231e-04
-8.400000000000000522e-02 4.674742520000000267e-04
-8.300000000000000433e-02 4.684220769999999858e-04
-8.200000000000000344e-02 4.688316260000000035e-04
-8.100000000000000255e-02 4.703481099999999842e-04
-8.000000000000000167e-02 4.708259080000000234e-04
-7.900000000000000078e-02 4.700676360000000174e-04
-7.799999999999999989e-02 4.704771849999999809e-04
-7.699999999999999900e-02 4.716145340000000089e-04
-7.599999999999999811e-02 4.702493900000000171e-04
-7.499999999999999722e-02 4.672164499999999980e-04
-7.399999999999999634e-02 4.673529769999999793e-04
-7.299999999999999545e-02 4.681112479999999893e-04
-7.199999999999999456e-02 4.683160220000000002e-04
-7.099999999999999367e-02 4.663926669999999804e-04
-7.000000000000000666e-02 4.657006649999999889e-04
-6.900000000000000577e-02 4.672189830000000139e-04
-6.800000000000000488e-02 4.674239029999999835e-04
-6.700000000000000400e-02 4.670442720000000068e-04
-6.600000000000000311e-02 4.667122559999999933e-04
-6.500000000000000222e-02 4.663595759999999871e-04
-6.400000000000000133e-02 4.666326280000000120e-04
-6.300000000000000044e-02 4.653057259999999768e-04
-6.199999999999999956e-02 4.646231539999999809e-04
-6.099999999999999867e-02 4.657605020000000129e-04
-5.999999999999999778e-02 4.660335249999999910e-04
-5.899999999999999689e-02 4.631901389999999751e-04
-5.800000000000000294e-02 4.629853650000000185e-04
-5.700000000000000205e-02 4.645018489999999992e-04
-5.600000000000000117e-02 4.647748719999999774e-04
-5.500000000000000028e-02 4.659121910000000167e-04
-5.399999999999999939e-02 4.661852139999999949e-04
-5.299999999999999850e-02 4.665642920000000128e-04
-5.199999999999999761e-02 4.662912689999999805e-04
-5.099999999999999672e-02 4.658848919999999732e-04
-5.000000000000000278e-02 4.651922789999999837e-04
-4.900000000000000189e-02 4.650024929999999859e-04
-4.800000000000000100e-02 4.657538670000000163e-04
-4.700000000000000011e-02 4.649946929999999824e-04
-4.599999999999999922e-02 4.644482400000000261e-04
-4.499999999999999833e-02 4.640686379999999877e-04
-4.399999999999999745e-02 4.642833370000000221e-04
-4.299999999999999656e-02 4.650705090000000169e-04
-4.200000000000000261e-02 4.654800579999999804e-04
-4.100000000000000172e-02 4.671860659999999758e-04
-4.000000000000000083e-02 4.673225630000000228e-04
-3.899999999999999994e-02 4.661852139999999949e-04
-3.799999999999999906e-02 4.662534920000000090e-04
-3.699999999999999817e-02 4.692864019999999853e-04
-3.599999999999999728e-02 4.701737489999999881e-04
-3.500000000000000333e-02 4.701737489999999881e-04
-3.400000000000000244e-02 4.697642000000000245e-04
-3.300000000000000155e-02 4.697642000000000245e-04
-3.200000000000000067e-02 4.696276739999999850e-04
-3.099999999999999978e-02 4.673266080000000144e-04
-2.999999999999999889e-02 4.668393809999999756e-04
-2.900000000000000147e-02 4.674087390000000231e-04
-2.800000000000000058e-02 4.676136599999999887e-04
-2.699999999999999969e-02 4.689421619999999732e-04
-2.599999999999999881e-02 4.692153890000000035e-04
-2.500000000000000139e-02 4.684562450000000124e-04
-2.400000000000000050e-02 4.682605499999999902e-04
-2.299999999999999961e-02 4.673377840000000265e-04
-2.199999999999999872e-02 4.670647609999999941e-04
-2.100000000000000130e-02 4.678229740000000190e-04
-2.000000000000000042e-02 4.679595000000000044e-04
-1.899999999999999953e-02 4.672012579999999869e-04
-1.799999999999999864e-02 4.672695360000000010e-04
-1.700000000000000122e-02 4.682173019999999789e-04
-1.600000000000000033e-02 4.679442790000000007e-04
-1.499999999999999944e-02 4.668069300000000270e-04
-1.400000000000000029e-02 4.665339069999999947e-04
-1.299999999999999940e-02 4.661548009999999802e-04
-1.200000000000000025e-02 4.661548009999999802e-04
-1.099999999999999936e-02 4.647994359999999990e-04
-1.000000000000000021e-02 4.641750129999999957e-04
-8.999999999999999320e-03 4.630362960000000130e-04
-8.000000000000000167e-03 4.622849229999999787e-04
-7.000000000000000146e-03 4.615257789999999876e-04
-6.000000000000000125e-03 4.622088450000000153e-04
-5.000000000000000104e-03 4.639169199999999913e-04
-4.000000000000000083e-03 4.635858060000000056e-04
-3.000000000000000062e-03 4.630458129999999862e-04
-2.000000000000000042e-03 4.638490209999999807e-04
-1.000000000000000021e-03 4.649339829999999773e-04
3.259600000000000200e-09 4.649867190000000236e-04
1.000000000000000021e-03 4.666935710000000076e-04
2.000000000000000042e-03 4.668986369999999901e-04
3.000000000000000062e-03 4.665199960000000149e-04
4.000000000000000083e-03 4.668615000000000091e-04
5.000000000000000104e-03 4.670510830000000049e-04
6.000000000000000125e-03 4.667097820000000127e-04
7.000000000000000146e-03 4.661141720000000206e-04
8.000000000000000167e-03 4.661141720000000206e-04
8.999999999999999320e-03 4.668993350000000199e-04
1.000000000000000021e-02 4.670358899999999978e-04
1.099999999999999936e-02 4.668463079999999980e-04
1.200000000000000025e-02 4.668463079999999980e-04
1.299999999999999940e-02 4.674150260000000008e-04
1.400000000000000029e-02 4.680294080000000105e-04
1.499999999999999944e-02 4.697356200000000039e-04
1.600000000000000033e-02 4.693260419999999936e-04
1.700000000000000122e-02 4.668615000000000091e-04
1.799999999999999864e-02 4.667932519999999836e-04
1.899999999999999953e-02 4.675260859999999909e-04
2.000000000000000042e-02 4.676532120000000234e-04
2.100000000000000130e-02 4.682226280000000018e-04
2.199999999999999872e-02 4.682320579999999974e-04
2.299999999999999961e-02 4.678776600000000255e-04
2.400000000000000050e-02 4.673998049999999972e-04
2.500000000000000139e-02 4.656936219999999963e-04
2.599999999999999881e-02 4.655570960000000110e-04
2.699999999999999969e-02 4.651779310000000154e-04
2.800000000000000058e-02 4.647683240000000126e-04
2.900000000000000147e-02 4.651474880000000122e-04
2.999999999999999889e-02 4.657618700000000218e-04
3.099999999999999978e-02 4.664938020000000012e-04
3.200000000000000067e-02 4.662108260000000031e-04
3.300000000000000155e-02 4.656414089999999745e-04
3.400000000000000244e-02 4.657878309999999907e-04
3.500000000000000333e-02 4.658149259999999820e-04
3.599999999999999728e-02 4.652005450000000226e-04
3.699999999999999817e-02 4.623568679999999769e-04
3.799999999999999906e-02 4.614694040000000080e-04
3.899999999999999994e-02 4.609006860000000052e-04
4.000000000000000083e-02 4.611737390000000261e-04
4.100000000000000172e-02 4.625007860000000240e-04
4.200000000000000261e-02 4.627055599999999806e-04
4.299999999999999656e-02 4.619167010000000046e-04
4.399999999999999745e-02 4.623160640000000118e-04
4.499999999999999833e-02 4.649733889999999991e-04
4.599999999999999922e-02 4.647105820000000200e-04
4.700000000000000011e-02 4.620837570000000251e-04
4.800000000000000100e-02 4.621520349999999849e-04
4.900000000000000189e-02 4.636686940000000253e-04
5.000000000000000278e-02 4.636686940000000253e-04
5.099999999999999672e-02 4.632895580000000223e-04
5.199999999999999761e-02 4.634260840000000077e-04
5.299999999999999850e-02 4.638052200000000107e-04
5.399999999999999939e-02 4.637369419999999966e-04
5.500000000000000028e-02 4.644674769999999745e-04
5.600000000000000117e-02 4.649353209999999978e-04
5.700000000000000205e-02 4.643659340000000119e-04
5.800000000000000294e-02 4.638298119999999746e-04
5.899999999999999689e-02 4.627208110000000270e-04
5.999999999999999778e-02 4.625842849999999874e-04
6.099999999999999867e-02 4.639113319999999853e-04
6.199999999999999956e-02 4.641843840000000102e-04
6.300000000000000044e-02 4.630469190000000121e-04
6.400000000000000133e-02 4.628421160000000087e-04
6.500000000000000222e-02 4.628421160000000087e-04
6.600000000000000311e-02 4.625690639999999838e-04
6.700000000000000400e-02 4.623795099999999806e-04
6.800000000000000488e-02 4.627208110000000270e-04
6.900000000000000577e-02 4.640196280000000151e-04
7.000000000000000666e-02 4.644974539999999967e-04
7.099999999999999367e-02 4.656631500000000005e-04
7.199999999999999456e-02 4.662092539999999961e-04
7.299999999999999545e-02 4.675363019999999900e-04
7.399999999999999634e-02 4.674680530000000227e-04
7.499999999999999722e-02 4.684159650000000136e-04
7.599999999999999811e-02 4.684842419999999774e-04
7.699999999999999900e-02 4.663988949999999770e-04
7.799999999999999989e-02 4.659210100000000143e-04
7.900000000000000078e-02 4.655418450000000188e-04
8.000000000000000167e-02 4.660879790000000029e-04
8.100000000000000255e-02 4.679590060000000267e-04
8.200000000000000344e-02 4.678224799999999872e-04
8.300000000000000433e-02 4.670889180000000157e-04
8.400000000000000522e-02 4.674984960000000259e-04
8.500000000000000611e-02 4.671193600000000229e-04
8.599999999999999312e-02 4.660271519999999775e-04
8.699999999999999400e-02 4.652688509999999790e-04
8.799999999999999489e-02 4.657467070000000033e-04
8.899999999999999578e-02 4.655570960000000110e-04
8.999999999999999667e-02 4.656936219999999963e-04
9.099999999999999756e-02 4.666414750000000061e-04
9.199999999999999845e-02 4.658905670000000111e-04
9.299999999999999933e-02 4.626376610000000242e-04
9.400000000000000022e-02 4.621491530000000083e-04
9.500000000000000111e-02 4.615797660000000224e-04
9.600000000000000200e-02 4.615221409999999960e-04
9.700000000000000289e-02 4.615528739999999789e-04
9.800000000000000377e-02 4.618942040000000178e-04
9.900000000000000466e-02 4.643587739999999989e-04
