0.000000000000000000e+00 2.634057270000000119e-05
6.666700000000000054e-06 2.617190150000000003e-05
1.333299999999999923e-05 2.623001269999999864e-05
2.000000000000000164e-05 2.629982550000000162e-05
2.666700000000000065e-05 2.618584220000000069e-05
3.333300000000000087e-05 2.612669959999999863e-05
4.000000000000000327e-05 2.621275779999999937e-05
4.666699999999999890e-05 2.627190040000000143e-05
5.333299999999999911e-05 2.626114290000000105e-05
6.000000000000000152e-05 2.618698449999999942e-05
6.666700000000000393e-05 2.617691100000000014e-05
7.333299999999999736e-05 2.623697580000000084e-05
8.000000000000000654e-05 2.619326369999999877e-05
8.666700000000000217e-05 2.607313220000000021e-05
9.333299999999999561e-05 2.612759269999999972e-05
1.000000000000000048e-04 2.632280669999999910e-05
1.066699999999999934e-04 2.631137430000000057e-05
1.133300000000000008e-04 2.619026050000000091e-05
1.200000000000000030e-04 2.620101619999999900e-05
1.266700000000000052e-04 2.617196699999999919e-05
1.333299999999999991e-04 2.611818129999999959e-05
1.399999999999999877e-04 2.617729480000000069e-05
1.466700000000000035e-04 2.623108050000000030e-05
1.533299999999999973e-04 2.626206700000000024e-05
1.600000000000000131e-04 2.628423859999999841e-05
1.666700000000000017e-04 2.634430350000000075e-05
1.733299999999999956e-04 2.632213180000000095e-05
1.800000000000000113e-04 2.614193550000000168e-05
1.866700000000000000e-04 2.617485369999999838e-05
1.933299999999999938e-04 2.635505190000000158e-05
2.000000000000000096e-04 2.625758860000000096e-05
2.066699999999999982e-04 2.612144269999999978e-05
2.133299999999999921e-04 2.618598589999999977e-05
2.200000000000000078e-04 2.623203359999999880e-05
2.266699999999999965e-04 2.619976110000000105e-05
2.333299999999999903e-04 2.615371520000000092e-05
2.400000000000000061e-04 2.626128480000000122e-05
2.466699999999999947e-04 2.639743250000000131e-05
2.533300000000000157e-04 2.630061680000000019e-05
2.599999999999999772e-04 2.620956549999999954e-05
2.666699999999999930e-04 2.619880799999999916e-05
2.733300000000000139e-04 2.603458049999999972e-05
2.799999999999999755e-04 2.597079399999999901e-05
2.866699999999999912e-04 2.615099219999999881e-05
2.933300000000000122e-04 2.623629190000000138e-05
2.999999999999999737e-04 2.617522839999999939e-05
3.066699999999999895e-04 2.617522839999999939e-05
3.133300000000000104e-04 2.635642339999999994e-05
3.200000000000000262e-04 2.643172410000000031e-05
3.266699999999999877e-04 2.626555939999999898e-05
3.333300000000000087e-04 2.620101619999999900e-05
3.400000000000000244e-04 2.629209850000000114e-05
3.466699999999999860e-04 2.625982779999999891e-05
3.533300000000000069e-04 2.610862069999999864e-05
3.600000000000000227e-04 2.618391949999999846e-05
3.666699999999999842e-04 2.633512670000000036e-05
3.733300000000000052e-04 2.627127830000000169e-05
3.800000000000000209e-04 2.618117830000000064e-05
3.866699999999999825e-04 2.620200029999999899e-05
3.933300000000000034e-04 2.621604839999999877e-05
4.000000000000000192e-04 2.610847699999999956e-05
4.066699999999999807e-04 2.610944469999999936e-05
4.133300000000000017e-04 2.626004970000000128e-05
4.200000000000000174e-04 2.628915169999999950e-05
4.266699999999999790e-04 2.622461759999999907e-05
4.333299999999999999e-04 2.631566349999999962e-05
4.400000000000000157e-04 2.638021400000000025e-05
4.466699999999999772e-04 2.619899900000000168e-05
4.533299999999999982e-04 2.610219240000000011e-05
4.600000000000000139e-04 2.619332920000000132e-05
4.666699999999999755e-04 2.625854539999999891e-05
4.733299999999999964e-04 2.622852300000000096e-05
4.800000000000000122e-04 2.621710699999999923e-05
4.866699999999999737e-04 2.624620900000000084e-05
4.933300000000000489e-04 2.621394380000000035e-05
5.000000000000000104e-04 2.610976659999999857e-05
5.066699999999999720e-04 2.615279480000000118e-05
5.133299999999999929e-04 2.631709689999999933e-05
5.199999999999999544e-04 2.630634120000000125e-05
5.266700000000000244e-04 2.626217060000000166e-05
5.333300000000000454e-04 2.626217060000000166e-05
5.400000000000000069e-04 2.623118419999999996e-05
5.466699999999999685e-04 2.623118419999999996e-05
5.533299999999999894e-04 2.627718640000000123e-05
5.599999999999999509e-04 2.634234989999999866e-05
5.666700000000000209e-04 2.632733409999999909e-05
5.733300000000000419e-04 2.618686990000000130e-05
5.800000000000000034e-04 2.611178749999999873e-05
5.866699999999999649e-04 2.619851150000000145e-05
5.933299999999999859e-04 2.619851150000000145e-05
5.999999999999999474e-04 2.615481570000000134e-05
6.066700000000000174e-04 2.627406870000000011e-05
6.133300000000000383e-04 2.633861190000000009e-05
6.199999999999999999e-04 2.623437649999999980e-05
6.266699999999999614e-04 2.623437649999999980e-05
6.333299999999999824e-04 2.641376890000000138e-05
6.400000000000000524e-04 2.635998319999999839e-05
6.466700000000000139e-04 2.616557319999999833e-05
6.533300000000000348e-04 2.623075490000000164e-05
6.599999999999999964e-04 2.635088640000000020e-05
6.666699999999999579e-04 2.627494719999999990e-05
6.733299999999999789e-04 2.610976659999999857e-05
6.800000000000000488e-04 2.612121719999999959e-05
6.866700000000000104e-04 2.628639780000000092e-05
6.933300000000000313e-04 2.637176290000000102e-05
6.999999999999999929e-04 2.643100919999999936e-05
7.066699999999999544e-04 2.638798109999999838e-05
7.133299999999999754e-04 2.616355230000000156e-05
7.200000000000000453e-04 2.607749589999999973e-05
7.266700000000000069e-04 2.613657850000000098e-05
7.333300000000000278e-04 2.621187739999999904e-05
7.399999999999999894e-04 2.625791059999999842e-05
7.466699999999999509e-04 2.620412489999999881e-05
7.533299999999999719e-04 2.615809169999999944e-05
7.600000000000000418e-04 2.622263489999999942e-05
7.666700000000000034e-04 2.619358569999999961e-05
7.733300000000000243e-04 2.609750849999999865e-05
7.799999999999999859e-04 2.618760849999999971e-05
7.866699999999999474e-04 2.629444130000000050e-05
7.933299999999999684e-04 2.627848700000000033e-05
8.000000000000000383e-04 2.623545699999999881e-05
8.066699999999999999e-04 2.622137980000000147e-05
8.133300000000000208e-04 2.623213729999999847e-05
8.199999999999999824e-04 2.626124660000000072e-05
8.266700000000000523e-04 2.622897409999999958e-05
8.333299999999999649e-04 2.622989810000000052e-05
8.400000000000000348e-04 2.627292629999999974e-05
8.466699999999999964e-04 2.618181500000000167e-05
8.533300000000000173e-04 2.619257249999999866e-05
8.599999999999999789e-04 2.637378380000000118e-05
8.666700000000000488e-04 2.638518890000000105e-05
8.733299999999999614e-04 2.618997499999999991e-05
8.800000000000000313e-04 2.612478240000000153e-05
8.866699999999999929e-04 2.618388130000000134e-05
8.933300000000000138e-04 2.616236630000000059e-05
8.999999999999999754e-04 2.610326919999999968e-05
9.066700000000000453e-04 2.613553989999999852e-05
9.133299999999999579e-04 2.625476370000000148e-05
9.200000000000000278e-04 2.626552119999999848e-05
9.266699999999999894e-04 2.613127980000000042e-05
9.333300000000000103e-04 2.608825160000000120e-05
9.399999999999999719e-04 2.620746090000000111e-05
9.466700000000000418e-04 2.628275979999999918e-05
9.533299999999999544e-04 2.626866809999999880e-05
9.600000000000000243e-04 2.621558450000000115e-05
9.666699999999999859e-04 2.614050209999999857e-05
9.733300000000000068e-04 2.610752740000000063e-05
9.799999999999999684e-04 2.615160880000000021e-05
9.866700000000000383e-04 2.626993769999999979e-05
9.933299999999999508e-04 2.625588970000000165e-05
1.000000000000000021e-03 2.611604580000000131e-05
1.006699999999999913e-03 2.610003139999999869e-05
1.013299999999999965e-03 2.611078889999999907e-05
1.020000000000000073e-03 2.596162270000000036e-05
1.026699999999999965e-03 2.598313589999999882e-05
1.033300000000000017e-03 2.632771070000000064e-05
1.039999999999999909e-03 2.647831210000000136e-05
1.046700000000000018e-03 2.629891969999999978e-05
1.053300000000000070e-03 2.609529840000000166e-05
1.059999999999999961e-03 2.596014930000000123e-05
1.066700000000000070e-03 2.605619920000000014e-05
1.073299999999999905e-03 2.634151130000000004e-05
1.080000000000000014e-03 2.632070029999999838e-05
1.086699999999999906e-03 2.605040210000000091e-05
1.093299999999999958e-03 2.602818680000000049e-05
1.100000000000000066e-03 2.625255550000000164e-05
1.106699999999999958e-03 2.629558370000000087e-05
1.113300000000000010e-03 2.614629739999999890e-05
1.119999999999999902e-03 2.611402670000000006e-05
1.126700000000000011e-03 2.621821840000000149e-05
1.133300000000000063e-03 2.621821840000000149e-05
1.139999999999999954e-03 2.606897579999999838e-05
1.146700000000000063e-03 2.614492590000000054e-05
1.153299999999999898e-03 2.631010649999999848e-05
1.160000000000000007e-03 2.620188570000000087e-05
1.166699999999999899e-03 2.609677180000000079e-05
1.173299999999999951e-03 2.617274549999999876e-05
1.180000000000000059e-03 2.624782790000000133e-05
1.186699999999999951e-03 2.618260990000000144e-05
1.193300000000000003e-03 2.616664099999999998e-05
1.199999999999999895e-03 2.636027059999999992e-05
1.206700000000000004e-03 2.645132190000000057e-05
1.213300000000000056e-03 2.627920730000000139e-05
1.219999999999999947e-03 2.617312380000000097e-05
1.226700000000000056e-03 2.617312380000000097e-05
1.233300000000000108e-03 2.603894249999999858e-05
1.240000000000000000e-03 2.601742930000000011e-05
1.246699999999999892e-03 2.618167129999999921e-05
1.253299999999999944e-03 2.630000200000000109e-05
1.260000000000000052e-03 2.633097210000000083e-05
1.266699999999999944e-03 2.620262420000000103e-05
1.273299999999999996e-03 2.611252599999999889e-05
1.280000000000000105e-03 2.626238710000000054e-05
1.286699999999999997e-03 2.639667220000000084e-05
1.293300000000000049e-03 2.625682830000000050e-05
1.299999999999999940e-03 2.615257840000000054e-05
1.306700000000000049e-03 2.620636410000000015e-05
1.313300000000000101e-03 2.613023749999999852e-05
1.319999999999999993e-03 2.614099499999999890e-05
1.326700000000000101e-03 2.633725309999999909e-05
1.333299999999999937e-03 2.642330950000000092e-05
1.340000000000000045e-03 2.639239759999999969e-05
1.346699999999999937e-03 2.632785439999999971e-05
1.353299999999999989e-03 2.632873469999999841e-05
1.360000000000000098e-03 2.628639780000000092e-05
1.366699999999999990e-03 2.615125049999999940e-05
1.373300000000000042e-03 2.622585630000000021e-05
1.379999999999999933e-03 2.631503230000000032e-05
1.386700000000000042e-03 2.618594590000000036e-05
1.393300000000000094e-03 2.609677180000000079e-05
1.399999999999999986e-03 2.615055750000000039e-05
1.406700000000000094e-03 2.616457459999999867e-05
1.413299999999999930e-03 2.612154639999999945e-05
1.420000000000000038e-03 2.618260990000000144e-05
1.426699999999999930e-03 2.630094059999999993e-05
1.433299999999999982e-03 2.620981290000000166e-05
1.440000000000000091e-03 2.604845579999999947e-05
1.446699999999999982e-03 2.607951679999999988e-05
1.453300000000000035e-03 2.618776310000000063e-05
1.459999999999999926e-03 2.621779640000000043e-05
1.466700000000000035e-03 2.622787910000000091e-05
1.473300000000000087e-03 2.631709870000000163e-05
1.479999999999999979e-03 2.632785439999999971e-05
1.486700000000000087e-03 2.629870139999999860e-05
1.493299999999999923e-03 2.627718640000000123e-05
1.500000000000000031e-03 2.620111989999999866e-05
1.506699999999999923e-03 2.621187739999999904e-05
1.513299999999999975e-03 2.615279480000000118e-05
1.520000000000000084e-03 2.607749589999999973e-05
1.526699999999999975e-03 2.619670340000000074e-05
1.533300000000000027e-03 2.626124660000000072e-05
1.539999999999999919e-03 2.623213729999999847e-05
1.546700000000000028e-03 2.625430900000000166e-05
1.553300000000000080e-03 2.634440720000000042e-05
1.559999999999999972e-03 2.628996479999999838e-05
1.566700000000000080e-03 2.618484900000000114e-05
1.573299999999999916e-03 2.627153659999999889e-05
1.580000000000000024e-03 2.625652090000000095e-05
1.586699999999999916e-03 2.613756079999999868e-05
1.593299999999999968e-03 2.607645179999999892e-05
1.600000000000000077e-03 2.610872430000000006e-05
1.606699999999999968e-03 2.616983329999999982e-05
1.613300000000000020e-03 2.615907579999999944e-05
1.619999999999999912e-03 2.629337539999999939e-05
1.626700000000000021e-03 2.644397500000000121e-05
1.633300000000000073e-03 2.642980869999999872e-05
1.639999999999999965e-03 2.632291220000000106e-05
1.646700000000000073e-03 2.627786129999999938e-05
1.653299999999999909e-03 2.632021639999999936e-05
1.660000000000000017e-03 2.629018309999999956e-05
1.666699999999999909e-03 2.628007310000000043e-05
1.673299999999999961e-03 2.637017129999999918e-05
1.680000000000000070e-03 2.631573809999999833e-05
1.686699999999999961e-03 2.610444969999999891e-05
1.693300000000000013e-03 2.611520719999999929e-05
1.699999999999999905e-03 2.622137980000000147e-05
1.706700000000000014e-03 2.618910909999999924e-05
1.713300000000000066e-03 2.615809169999999944e-05
1.719999999999999958e-03 2.623339239999999980e-05
1.726700000000000066e-03 2.627942559999999918e-05
1.733299999999999902e-03 2.617185419999999997e-05
1.740000000000000010e-03 2.611078889999999907e-05
1.746699999999999902e-03 2.621836030000000166e-05
1.753299999999999954e-03 2.626440800000000070e-05
1.760000000000000063e-03 2.618982030000000075e-05
1.766699999999999954e-03 2.617480280000000051e-05
1.773300000000000006e-03 2.624939220000000112e-05
1.779999999999999898e-03 2.635364400000000162e-05
1.786700000000000007e-03 2.633212900000000086e-05
1.793300000000000059e-03 2.624289479999999884e-05
1.799999999999999951e-03 2.619986659999999962e-05
1.806700000000000059e-03 2.612375470000000092e-05
1.813299999999999895e-03 2.615602719999999867e-05
1.820000000000000003e-03 2.630721970000000104e-05
1.826699999999999895e-03 2.626419149999999843e-05
1.833299999999999947e-03 2.608293470000000154e-05
1.840000000000000056e-03 2.616899289999999889e-05
1.846699999999999947e-03 2.645536370000000089e-05
1.853299999999999999e-03 2.641301030000000157e-05
1.860000000000000108e-03 2.614271400000000125e-05
1.866700000000000000e-03 2.610976659999999857e-05
1.873300000000000052e-03 2.624400620000000111e-05
1.879999999999999944e-03 2.630854940000000109e-05
1.886700000000000052e-03 2.623437649999999980e-05
1.893300000000000104e-03 2.621286149999999904e-05
1.899999999999999996e-03 2.628703440000000033e-05
1.906700000000000105e-03 2.622249120000000035e-05
1.913299999999999940e-03 2.619336739999999844e-05
1.920000000000000049e-03 2.632245379999999840e-05
1.926699999999999940e-03 2.630648490000000032e-05
1.933299999999999992e-03 2.619891169999999882e-05
1.940000000000000101e-03 2.625993149999999857e-05
1.946699999999999993e-03 2.628213039999999879e-05
1.953299999999999828e-03 2.602685159999999870e-05
1.959999999999999937e-03 2.594010949999999850e-05
1.966700000000000045e-03 2.622455579999999936e-05
1.973299999999999881e-03 2.631061400000000010e-05
1.979999999999999989e-03 2.605619920000000014e-05
1.986700000000000098e-03 2.606695670000000052e-05
1.993299999999999933e-03 2.639653030000000067e-05
