-6.064186800000000328e-03 1.229601330000000125e-04
-6.002735809999999728e-03 1.226120370000000125e-04
-5.941295529999999700e-03 1.225918090000000123e-04
-5.880094130000000120e-03 1.226253950000000064e-04
-5.819053390000000422e-03 1.225409799999999897e-04
-5.758184470000000249e-03 1.225924210000000063e-04
-5.697135810000000106e-03 1.226075690000000035e-04
-5.635799369999999753e-03 1.224780279999999986e-04
-5.574528589999999846e-03 1.225028969999999941e-04
-5.513313690000000433e-03 1.223559229999999880e-04
-5.452105779999999978e-03 1.222984430000000056e-04
-5.391052460000000240e-03 1.223958530000000030e-04
-5.329976789999999603e-03 1.223334840000000134e-04
-5.268832670000000128e-03 1.223542640000000034e-04
-5.207833369999999643e-03 1.223857110000000064e-04
-5.146838259999999762e-03 1.221717679999999870e-04
-5.085663869999999809e-03 1.222021819999999977e-04
-5.024406589999999735e-03 1.221486310000000097e-04
-4.963047340000000321e-03 1.220800040000000078e-04
-4.901700190000000262e-03 1.222187710000000103e-04
-4.840754899999999937e-03 1.221386190000000086e-04
-4.780087619999999829e-03 1.220710259999999950e-04
-4.719377030000000174e-03 1.220724659999999873e-04
-4.658565390000000105e-03 1.219080730000000055e-04
-4.597411959999999666e-03 1.219431649999999992e-04
-4.536027090000000275e-03 1.219620609999999956e-04
-4.474929530000000370e-03 1.219070690000000057e-04
-4.414150959999999999e-03 1.219784540000000054e-04
-4.353509749999999803e-03 1.219219479999999935e-04
-4.292880649999999791e-03 1.217858950000000020e-04
-4.231992179999999673e-03 1.217820169999999936e-04
-4.170828500000000293e-03 1.216193050000000033e-04
-4.109747710000000165e-03 1.216215240000000000e-04
-4.048887170000000334e-03 1.216878659999999978e-04
-3.988194280000000209e-03 1.216110179999999941e-04
-3.927659239999999920e-03 1.216605669999999950e-04
-3.866963550000000142e-03 1.216644960000000028e-04
-3.806016639999999784e-03 1.215633020000000009e-04
-3.745170539999999933e-03 1.215768429999999954e-04
-3.684424799999999785e-03 1.214758589999999946e-04
-3.623672300000000193e-03 1.214437140000000024e-04
-3.562981260000000049e-03 1.214573569999999959e-04
-3.502253910000000144e-03 1.213740909999999959e-04
-3.441495120000000098e-03 1.213965520000000046e-04
-3.380894430000000190e-03 1.214198349999999948e-04
-3.320366380000000159e-03 1.212995339999999993e-04
-3.259751009999999928e-03 1.213084619999999951e-04
-3.199102120000000063e-03 1.212771750000000032e-04
-3.138347300000000201e-03 1.212195349999999961e-04
-3.077542639999999996e-03 1.212821079999999973e-04
-3.017024139999999969e-03 1.212428470000000060e-04
-2.956709129999999987e-03 1.211674749999999999e-04
-2.896326590000000093e-03 1.211807900000000030e-04
-2.835836029999999879e-03 1.210373960000000034e-04
-2.775077940000000073e-03 1.210363259999999963e-04
-2.714136849999999879e-03 1.210335900000000055e-04
-2.653472819999999795e-03 1.209761900000000016e-04
-2.593161770000000036e-03 1.210996419999999966e-04
-2.532931979999999972e-03 1.210952540000000068e-04
-2.472653520000000094e-03 1.210020419999999994e-04
-2.412111959999999836e-03 1.210166669999999993e-04
-2.351335950000000077e-03 1.209717370000000004e-04
-2.290778329999999807e-03 1.209343460000000044e-04
-2.230443759999999921e-03 1.208975949999999990e-04
-2.170141090000000071e-03 1.208652980000000043e-04
-2.109890799999999955e-03 1.208629909999999933e-04
-2.049490580000000017e-03 1.208425889999999972e-04
-1.988893609999999989e-03 1.207628010000000047e-04
-1.928408510000000076e-03 1.207766979999999997e-04
-1.868086979999999909e-03 1.207838360000000057e-04
-1.807808290000000083e-03 1.207607709999999982e-04
-1.747568720000000067e-03 1.207620299999999955e-04
-1.687197949999999979e-03 1.207316599999999987e-04
-1.626677109999999978e-03 1.207012250000000041e-04
-1.566270829999999968e-03 1.207309829999999933e-04
-1.506014840000000077e-03 1.207597450000000050e-04
-1.445793429999999921e-03 1.207492310000000041e-04
-1.385537789999999932e-03 1.206627279999999958e-04
-1.325107060000000041e-03 1.206271040000000001e-04
-1.264578900000000016e-03 1.206697270000000016e-04
-1.204290889999999918e-03 1.206504310000000043e-04
-1.144173089999999922e-03 1.205767400000000032e-04
-1.083993940000000039e-03 1.205870289999999952e-04
-1.023785680000000031e-03 1.205668810000000006e-04
-9.635598979999999980e-04 1.205700539999999936e-04
-9.033703250000000217e-04 1.206391240000000007e-04
-8.431112509999999852e-04 1.205963559999999958e-04
-7.826941439999999780e-04 1.205180449999999968e-04
-7.223761059999999528e-04 1.205397859999999958e-04
-6.622110959999999479e-04 1.205515439999999997e-04
-6.020825239999999523e-04 1.205339209999999988e-04
-5.419403309999999566e-04 1.204623259999999980e-04
-4.815433930000000227e-04 1.204800209999999958e-04
-4.209886250000000117e-04 1.205698790000000017e-04
-3.607331890000000209e-04 1.205319860000000058e-04
-3.006752519999999996e-04 1.204522049999999988e-04
-2.405520640000000120e-04 1.204626459999999933e-04
-1.804290220000000103e-04 1.204918299999999993e-04
-1.201571940000000058e-04 1.204959190000000048e-04
-5.968645200000000057e-05 1.204279249999999944e-04
6.191337430000000376e-07 1.204321450000000050e-04
6.073563780000000247e-05 1.204176590000000053e-04
1.210567210000000068e-04 1.204259169999999948e-04
1.813442939999999946e-04 1.205045259999999957e-04
2.414421470000000056e-04 1.205282970000000011e-04
3.017574199999999932e-04 1.205357620000000016e-04
3.620620120000000238e-04 1.205320219999999975e-04
4.221630519999999853e-04 1.205571099999999988e-04
4.824549829999999744e-04 1.205712979999999966e-04
5.429579179999999630e-04 1.205626899999999961e-04
6.033076209999999875e-04 1.205769800000000065e-04
6.634946330000000055e-04 1.205839070000000018e-04
7.236654059999999677e-04 1.205766459999999993e-04
7.838073650000000310e-04 1.206045709999999945e-04
8.441173699999999537e-04 1.206060699999999950e-04
9.046355840000000394e-04 1.205670200000000009e-04
9.649972199999999785e-04 1.205683949999999954e-04
1.025172300000000078e-03 1.205793159999999964e-04
1.085405009999999967e-03 1.206178929999999968e-04
1.145660759999999950e-03 1.206867670000000010e-04
1.206048300000000031e-03 1.206812229999999953e-04
1.266590549999999918e-03 1.207120880000000064e-04
1.326953639999999901e-03 1.207251190000000059e-04
1.387147229999999981e-03 1.207396130000000007e-04
1.447391230000000077e-03 1.207751629999999940e-04
1.507688199999999935e-03 1.207858729999999978e-04
1.568164909999999980e-03 1.207880779999999962e-04
1.628824390000000030e-03 1.207941680000000021e-04
1.689265020000000044e-03 1.207746390000000007e-04
1.749547900000000041e-03 1.206788870000000054e-04
1.809909119999999908e-03 1.206914459999999936e-04
1.870206909999999959e-03 1.208321340000000044e-04
1.930687109999999936e-03 1.208825709999999942e-04
1.991444030000000080e-03 1.208659809999999992e-04
2.052017489999999941e-03 1.208596440000000045e-04
2.112336920000000041e-03 1.209610639999999978e-04
2.172632610000000027e-03 1.209834589999999991e-04
2.232943199999999889e-03 1.210208280000000017e-04
2.293492199999999908e-03 1.210674819999999966e-04
2.354323629999999831e-03 1.210311679999999932e-04
2.414990909999999939e-03 1.210293699999999948e-04
2.475461689999999826e-03 1.210468040000000056e-04
2.535930369999999864e-03 1.210519400000000016e-04
2.596329660000000050e-03 1.211823330000000038e-04
2.656845839999999806e-03 1.211896229999999988e-04
2.717584140000000193e-03 1.211446869999999968e-04
2.778278199999999979e-03 1.212117639999999986e-04
2.838894030000000106e-03 1.212228959999999968e-04
2.899706130000000073e-03 1.212345380000000035e-04
2.960669109999999968e-03 1.213206199999999999e-04
3.021357809999999922e-03 1.212969580000000061e-04
3.081803680000000031e-03 1.213301290000000051e-04
3.142291680000000066e-03 1.213672729999999987e-04
3.202855350000000014e-03 1.213437570000000043e-04
3.263699359999999976e-03 1.213932190000000004e-04
3.324780380000000053e-03 1.214417279999999963e-04
3.385673039999999908e-03 1.214564910000000004e-04
3.446381770000000056e-03 1.214978550000000046e-04
3.507016229999999901e-03 1.214680450000000064e-04
3.567554760000000123e-03 1.215449010000000052e-04
3.628342179999999827e-03 1.216115629999999984e-04
3.689475819999999979e-03 1.215260999999999951e-04
3.750518200000000062e-03 1.215509760000000033e-04
3.811360800000000021e-03 1.216467279999999986e-04
3.872179190000000007e-03 1.216667729999999981e-04
3.932954280000000406e-03 1.217948590000000029e-04
3.993828320000000071e-03 1.217900789999999938e-04
4.054883490000000222e-03 1.217816830000000001e-04
4.115837629999999879e-03 1.218282200000000016e-04
4.176726559999999894e-03 1.217587119999999964e-04
4.237733779999999957e-03 1.218048640000000049e-04
4.298739139999999646e-03 1.219365219999999939e-04
4.359852519999999655e-03 1.219379480000000015e-04
4.421049259999999641e-03 1.221097049999999944e-04
4.482022950000000110e-03 1.221480630000000025e-04
4.542920740000000283e-03 1.220724810000000087e-04
4.603977779999999902e-03 1.221405689999999959e-04
4.665154959999999983e-03 1.221288110000000055e-04
4.726507700000000256e-03 1.221189600000000116e-04
4.787886049999999678e-03 1.223576979999999969e-04
4.848930520000000084e-03 1.223544530000000071e-04
4.909816659999999972e-03 1.223011199999999882e-04
4.970817360000000067e-03 1.223505240000000128e-04
5.031944719999999725e-03 1.222761930000000076e-04
5.093419919999999865e-03 1.223470899999999921e-04
5.155154969999999927e-03 1.224197329999999930e-04
5.216621789999999724e-03 1.223960570000000010e-04
5.277760329999999812e-03 1.225686569999999865e-04
5.338795020000000266e-03 1.225684970000000024e-04
5.399823649999999781e-03 1.225785820000000099e-04
5.461179190000000142e-03 1.226672319999999909e-04
5.522863470000000108e-03 1.226747990000000039e-04
5.584461609999999930e-03 1.227374449999999980e-04
5.645969419999999871e-03 1.227531899999999949e-04
5.707595030000000083e-03 1.227180179999999956e-04
5.769253240000000137e-03 1.228748590000000129e-04
5.830613430000000132e-03 1.228637410000000131e-04
5.891809710000000221e-03 1.227963370000000032e-04
5.953244859999999930e-03 1.229154879999999996e-04
6.014906339999999928e-03 1.228690820000000032e-04
