-6.236092890000000501e-04 1.270703890000000056e-05
-6.172531280000000380e-04 1.271168819999999932e-05
-6.108939999999999553e-04 1.270125180000000033e-05
-6.045351620000000148e-04 1.267262539999999940e-05
-5.981735299999999629e-04 1.266400340000000069e-05
-5.918187090000000174e-04 1.261319809999999925e-05
-5.854681949999999925e-04 1.259234429999999988e-05
-5.791584839999999908e-04 1.264052299999999993e-05
-5.728387039999999989e-04 1.267771309999999942e-05
-5.664631030000000364e-04 1.268812779999999974e-05
-5.600936710000000351e-04 1.267436350000000031e-05
-5.537762770000000502e-04 1.268447800000000009e-05
-5.474616189999999749e-04 1.268646520000000039e-05
-5.411112220000000245e-04 1.267075370000000006e-05
-5.347898110000000446e-04 1.266150590000000046e-05
-5.284662469999999940e-04 1.263216110000000071e-05
-5.220961760000000524e-04 1.263571540000000080e-05
-5.157578849999999758e-04 1.266024260000000072e-05
-5.094530639999999503e-04 1.264896950000000026e-05
-5.031331679999999883e-04 1.263074500000000065e-05
-4.968253200000000234e-04 1.263067500000000083e-05
-4.905346429999999681e-04 1.265910209999999921e-05
-4.842096529999999777e-04 1.267611879999999923e-05
-4.778752629999999803e-04 1.266926760000000018e-05
-4.715515530000000252e-04 1.266038999999999924e-05
-4.652119820000000217e-04 1.264761160000000040e-05
-4.588817539999999820e-04 1.265119499999999975e-05
-4.525715190000000141e-04 1.269461060000000073e-05
-4.462362269999999888e-04 1.271147539999999989e-05
-4.398765160000000130e-04 1.271757990000000036e-05
-4.335534469999999902e-04 1.269776480000000000e-05
-4.272643709999999887e-04 1.266102300000000084e-05
-4.209779730000000201e-04 1.266003980000000029e-05
-4.146658760000000114e-04 1.265278929999999995e-05
-4.083202510000000208e-04 1.265649459999999976e-05
-4.019728510000000212e-04 1.266386239999999997e-05
-3.956419819999999949e-04 1.265660190000000062e-05
-3.893457469999999764e-04 1.265585709999999921e-05
-3.830448550000000265e-04 1.267219339999999934e-05
-3.766924199999999797e-04 1.266999059999999960e-05
-3.703044789999999941e-04 1.267672180000000042e-05
-3.639242199999999957e-04 1.270829489999999965e-05
-3.575555460000000014e-04 1.271268140000000056e-05
-3.512182449999999806e-04 1.273861199999999980e-05
-3.447889760000000096e-04 1.280299059999999985e-05
-3.382919529999999907e-04 1.290751790000000064e-05
-3.315496430000000258e-04 1.310655630000000031e-05
-3.248185390000000073e-04 1.367934689999999992e-05
-3.180228230000000170e-04 1.390986559999999931e-05
-3.110483520000000240e-04 1.420932130000000024e-05
-3.045180640000000024e-04 1.405101469999999935e-05
-2.977170519999999777e-04 1.320348659999999955e-05
-2.910088809999999927e-04 1.285658800000000038e-05
-2.846419810000000114e-04 1.245934979999999968e-05
-2.782921950000000048e-04 1.229220830000000070e-05
-2.721867059999999970e-04 1.219823210000000035e-05
-2.660412570000000127e-04 1.218839589999999916e-05
-2.598993309999999917e-04 1.220389730000000011e-05
-2.538191329999999737e-04 1.218575019999999921e-05
-2.477326489999999741e-04 1.212467030000000040e-05
-2.416047059999999974e-04 1.211430939999999958e-05
-2.355338369999999992e-04 1.214396800000000007e-05
-2.295163720000000071e-04 1.212263030000000000e-05
-2.234752319999999920e-04 1.206062640000000025e-05
-2.173680839999999996e-04 1.209103899999999996e-05
-2.112577789999999910e-04 1.217032330000000042e-05
-2.051939659999999876e-04 1.215776960000000056e-05
-1.991112509999999982e-04 1.209125459999999939e-05
-1.929878490000000099e-04 1.209178480000000077e-05
-1.869068950000000041e-04 1.212740240000000037e-05
-1.808584489999999901e-04 1.213390620000000046e-05
-1.747846839999999899e-04 1.214649000000000066e-05
-1.687100299999999911e-04 1.213832270000000008e-05
-1.626332379999999972e-04 1.211201110000000028e-05
-1.565540590000000004e-04 1.210399479999999942e-05
-1.505213440000000122e-04 1.212253939999999933e-05
-1.444957020000000052e-04 1.213819450000000005e-05
-1.384181520000000044e-04 1.213185809999999989e-05
-1.323125180000000068e-04 1.213321959999999925e-05
-1.262180889999999867e-04 1.215574229999999921e-05
-1.201352500000000048e-04 1.215687639999999954e-05
-1.140704260000000025e-04 1.215325940000000028e-05
-1.079883370000000054e-04 1.216229519999999996e-05
-1.018810649999999935e-04 1.218219590000000081e-05
-9.581333869999999813e-05 1.217890710000000032e-05
-8.975065430000000349e-05 1.217820039999999947e-05
-8.363544479999999537e-05 1.219620030000000004e-05
-7.753106179999999991e-05 1.222728040000000070e-05
-7.144079429999999377e-05 1.222998889999999976e-05
-6.533339180000000189e-05 1.224590960000000003e-05
-5.928783869999999692e-05 1.222784789999999975e-05
-5.321973729999999737e-05 1.214001259999999978e-05
-4.710426950000000222e-05 1.212352529999999993e-05
-4.103579339999999828e-05 1.211940160000000026e-05
-3.514254420000000132e-05 1.201300889999999968e-05
-2.923845930000000068e-05 1.173608509999999991e-05
-2.338123700000000024e-05 1.162088390000000045e-05
-1.759758379999999870e-05 1.142264499999999946e-05
-1.183761199999999945e-05 1.132621489999999950e-05
-6.213691900000000165e-06 1.124453590000000071e-05
-5.658362740000000264e-07 1.123188850000000020e-05
5.073831290000000238e-06 1.123791570000000021e-05
1.076716309999999956e-05 1.128691660000000038e-05
1.644764600000000072e-05 1.143995999999999948e-05
2.226972169999999994e-05 1.156771760000000054e-05
2.813802889999999832e-05 1.184602839999999943e-05
3.403619120000000314e-05 1.196395259999999930e-05
4.003677169999999782e-05 1.208422689999999918e-05
4.604440259999999756e-05 1.213164709999999936e-05
5.213215630000000322e-05 1.216642519999999919e-05
5.822343520000000124e-05 1.219434399999999981e-05
6.433499220000000118e-05 1.223823529999999971e-05
7.043408549999999400e-05 1.223324309999999926e-05
7.651163469999999528e-05 1.221826280000000013e-05
8.260228060000000187e-05 1.222075389999999917e-05
8.873172919999999873e-05 1.220001380000000017e-05
9.483346370000000610e-05 1.218920170000000078e-05
1.009028270000000062e-04 1.221313320000000016e-05
1.069944849999999992e-04 1.222183159999999988e-05
1.131230460000000001e-04 1.218435859999999950e-05
1.192289419999999943e-04 1.215727839999999920e-05
1.252639050000000124e-04 1.216348760000000043e-05
1.312770909999999992e-04 1.216590859999999971e-05
1.373446870000000111e-04 1.211864759999999935e-05
1.434512090000000112e-04 1.211176459999999930e-05
1.495209439999999870e-04 1.215407969999999986e-05
1.555674970000000027e-04 1.215536489999999985e-05
1.616279190000000034e-04 1.209913529999999964e-05
1.677324180000000096e-04 1.210533360000000071e-05
1.738304999999999885e-04 1.216986129999999995e-05
1.798732849999999900e-04 1.217319369999999936e-05
1.859525950000000055e-04 1.212152800000000068e-05
1.920941429999999919e-04 1.212705050000000076e-05
1.981918469999999904e-04 1.217871520000000005e-05
2.042338599999999867e-04 1.216390230000000084e-05
2.102998260000000065e-04 1.211969720000000020e-05
2.164156610000000089e-04 1.214691470000000008e-05
2.225390639999999933e-04 1.220998000000000028e-05
2.285994849999999979e-04 1.218161469999999993e-05
2.346445249999999877e-04 1.212835290000000046e-05
2.407417340000000126e-04 1.214053099999999986e-05
2.468054300000000227e-04 1.219336990000000051e-05
2.528736369999999784e-04 1.221507229999999920e-05
2.589983050000000037e-04 1.221821460000000063e-05
2.651107500000000265e-04 1.222533589999999986e-05
2.711990089999999809e-04 1.228557360000000053e-05
2.774417229999999999e-04 1.238663839999999966e-05
2.837156940000000222e-04 1.257741859999999977e-05
2.904281429999999893e-04 1.290843469999999918e-05
2.971616630000000034e-04 1.383068140000000070e-05
3.037096180000000128e-04 1.406683080000000049e-05
3.106459630000000193e-04 1.407717539999999936e-05
3.173651060000000183e-04 1.393512049999999919e-05
3.241327650000000123e-04 1.341840020000000002e-05
3.308594750000000244e-04 1.320838060000000039e-05
3.374346419999999912e-04 1.291821450000000076e-05
3.439667050000000219e-04 1.280184100000000048e-05
3.503306359999999947e-04 1.275821430000000072e-05
3.567228850000000052e-04 1.274558239999999925e-05
3.631049190000000125e-04 1.272747700000000012e-05
3.694791810000000129e-04 1.271628209999999956e-05
3.758185190000000258e-04 1.270489699999999939e-05
3.821384449999999764e-04 1.268919909999999927e-05
3.884838369999999764e-04 1.264164169999999945e-05
3.948149969999999783e-04 1.262972909999999965e-05
4.011226120000000069e-04 1.263583179999999952e-05
4.074623279999999730e-04 1.264354710000000033e-05
4.137826329999999813e-04 1.265902389999999929e-05
4.200938860000000014e-04 1.265914760000000036e-05
4.264269369999999825e-04 1.266145229999999915e-05
4.327399660000000076e-04 1.266405160000000020e-05
4.390318060000000236e-04 1.270668959999999937e-05
4.453499860000000119e-04 1.272401190000000003e-05
4.517035850000000155e-04 1.271306519999999943e-05
4.580313400000000164e-04 1.269362559999999959e-05
4.643259449999999886e-04 1.265648639999999966e-05
4.706641479999999832e-04 1.266927939999999979e-05
4.770264200000000256e-04 1.270300979999999931e-05
4.833406999999999851e-04 1.270020219999999948e-05
4.896655450000000128e-04 1.267476820000000002e-05
4.960265940000000090e-04 1.267348220000000052e-05
5.023481790000000526e-04 1.269724000000000042e-05
5.086534659999999508e-04 1.269605399999999945e-05
5.149596840000000321e-04 1.272957520000000073e-05
5.212468679999999500e-04 1.274407349999999968e-05
5.275939470000000396e-04 1.268468990000000007e-05
5.339704219999999793e-04 1.266714119999999976e-05
5.402914829999999483e-04 1.267247260000000077e-05
5.465992139999999470e-04 1.266639630000000010e-05
5.529311600000000066e-04 1.264754160000000059e-05
5.592635720000000473e-04 1.265482749999999975e-05
5.656107100000000096e-04 1.265045649999999959e-05
5.719639009999999630e-04 1.263873220000000056e-05
5.782683729999999736e-04 1.268757389999999921e-05
5.846038109999999576e-04 1.272373079999999975e-05
5.909837200000000535e-04 1.271152359999999939e-05
5.973351650000000446e-04 1.269006219999999995e-05
6.036684499999999580e-04 1.269907079999999921e-05
6.099993479999999768e-04 1.271470770000000083e-05
6.163683139999999970e-04 1.269474889999999970e-05
