-5.455765409999999670e-03 1.127943470000000004e-04
-5.399171260000000180e-03 1.129467050000000010e-04
-5.342656280000000063e-03 1.130304660000000017e-04
-5.286042579999999762e-03 1.133118999999999950e-04
-5.229292899999999841e-03 1.134178890000000004e-04
-5.172560920000000319e-03 1.135274069999999991e-04
-5.116122770000000250e-03 1.134673800000000026e-04
-5.059545860000000395e-03 1.130686719999999938e-04
-5.002839030000000124e-03 1.129257510000000015e-04
-4.946219269999999751e-03 1.128863150000000048e-04
-4.889645609999999920e-03 1.129209119999999977e-04
-4.833222370000000122e-03 1.130534580000000028e-04
-4.776695279999999821e-03 1.131633029999999960e-04
-4.720031280000000148e-03 1.134534179999999962e-04
-4.663227130000000172e-03 1.135643909999999951e-04
-4.606490950000000084e-03 1.137703150000000051e-04
-4.549825099999999997e-03 1.138796290000000059e-04
-4.492762029999999851e-03 1.137364020000000030e-04
-4.435069859999999850e-03 1.139848900000000063e-04
-4.377623090000000265e-03 1.148678640000000000e-04
-4.320822190000000312e-03 1.148756489999999957e-04
-4.263783810000000389e-03 1.147182479999999934e-04
-4.206588489999999597e-03 1.146777290000000008e-04
-4.149197599999999639e-03 1.140236489999999978e-04
-4.091793669999999744e-03 1.138738950000000005e-04
-4.034796729999999901e-03 1.141358590000000005e-04
-3.977651240000000359e-03 1.142417389999999942e-04
-3.920272919999999613e-03 1.143640110000000015e-04
-3.863261550000000183e-03 1.142655460000000048e-04
-3.806382420000000138e-03 1.139962409999999967e-04
-3.749611789999999795e-03 1.138340809999999963e-04
-3.692711699999999802e-03 1.133825719999999977e-04
-3.635590199999999810e-03 1.132756009999999995e-04
-3.578866600000000196e-03 1.134271810000000053e-04
-3.522370710000000127e-03 1.134221170000000061e-04
-3.465705089999999988e-03 1.133393309999999990e-04
-3.408940279999999809e-03 1.132919280000000019e-04
-3.352322620000000152e-03 1.131914099999999958e-04
-3.295517530000000028e-03 1.133447220000000061e-04
-3.238574140000000014e-03 1.137549040000000017e-04
-3.180705939999999964e-03 1.143803969999999986e-04
-3.122912250000000126e-03 1.160252289999999943e-04
-3.066084350000000073e-03 1.161160179999999934e-04
-3.008945380000000065e-03 1.158496530000000012e-04
-2.951985460000000182e-03 1.156459910000000058e-04
-2.894439969999999980e-03 1.143209740000000009e-04
-2.836162460000000041e-03 1.142053079999999976e-04
-2.778620460000000205e-03 1.148941960000000043e-04
-2.722036560000000091e-03 1.146449499999999941e-04
-2.665461269999999834e-03 1.141830579999999996e-04
-2.608665730000000148e-03 1.140707969999999973e-04
-2.551602430000000053e-03 1.130974489999999997e-04
-2.494920509999999994e-03 1.125954799999999949e-04
-2.438659079999999819e-03 1.121140960000000002e-04
-2.382646549999999953e-03 1.117150239999999958e-04
-2.327086400000000048e-03 1.111496019999999959e-04
-2.271705540000000176e-03 1.109143409999999950e-04
-2.216384510000000193e-03 1.103614700000000017e-04
-2.161063720000000118e-03 1.100873560000000055e-04
-2.105961789999999823e-03 1.098987999999999989e-04
-2.051063350000000007e-03 1.097834389999999966e-04
-1.996278529999999819e-03 1.094447139999999975e-04
-1.941717460000000036e-03 1.091882880000000000e-04
-1.887214720000000064e-03 1.087789210000000004e-04
-1.832805340000000010e-03 1.085013280000000007e-04
-1.778590609999999980e-03 1.078500499999999958e-04
-1.724539439999999953e-03 1.075911279999999971e-04
-1.670689209999999970e-03 1.074099639999999981e-04
-1.616816390000000046e-03 1.072851450000000036e-04
-1.563146010000000027e-03 1.070732609999999968e-04
-1.509679249999999967e-03 1.069477730000000057e-04
-1.456144959999999995e-03 1.066886329999999972e-04
-1.402751430000000058e-03 1.064383320000000013e-04
-1.349604219999999896e-03 1.059529020000000055e-04
-1.296636760000000098e-03 1.057425910000000017e-04
-1.243859180000000085e-03 1.054751769999999998e-04
-1.190974139999999900e-03 1.053714799999999976e-04
-1.138137999999999910e-03 1.053639280000000060e-04
-1.085434689999999983e-03 1.053531670000000027e-04
-1.032858850000000070e-03 1.053363889999999999e-04
-9.807113090000000623e-04 1.050732319999999963e-04
-9.283819240000000354e-04 1.042366279999999939e-04
-8.764506199999999884e-04 1.036254249999999939e-04
-8.248906230000000025e-04 1.023516379999999949e-04
-7.738564750000000115e-04 1.016477539999999935e-04
-7.232378119999999548e-04 1.005758680000000063e-04
-6.728525619999999648e-04 9.998121819999999656e-05
-6.230447320000000091e-04 9.910359220000000571e-05
-5.724308429999999583e-04 9.933922409999999641e-05
-5.221769679999999905e-04 1.005924130000000050e-04
-4.737394920000000250e-04 9.988716919999999979e-05
-4.254369409999999912e-04 9.834076630000000057e-05
-3.773680660000000033e-04 9.771005719999999704e-05
-3.288642039999999989e-04 9.505036720000000015e-05
-2.804054239999999960e-04 9.406464959999999756e-05
-2.333723100000000092e-04 9.388062609999999971e-05
-1.863285869999999945e-04 9.375679659999999521e-05
-1.394854329999999879e-04 9.357000820000000547e-05
-9.312057950000000482e-05 9.329001479999999397e-05
-4.672991050000000000e-05 9.260500520000000213e-05
2.145347510000000050e-07 9.264177059999999882e-05
4.687126059999999986e-05 9.300880629999999411e-05
9.340465480000000411e-05 9.314427729999999375e-05
1.400014149999999986e-04 9.356247030000000358e-05
1.867631220000000010e-04 9.374840740000000411e-05
2.336750909999999902e-04 9.383706489999999573e-05
2.806137199999999741e-04 9.394879449999999905e-05
3.276839850000000214e-04 9.421760479999999435e-05
3.767548190000000121e-04 9.545102510000000480e-05
4.258032999999999827e-04 9.873219819999999407e-05
4.738552379999999933e-04 9.938090079999999527e-05
5.234808199999999717e-04 9.856031099999999561e-05
5.734794540000000317e-04 9.842120200000000439e-05
6.229655699999999546e-04 9.907503410000000055e-05
6.727558210000000047e-04 9.956041320000000186e-05
7.226682499999999634e-04 1.005171429999999978e-04
7.732401139999999949e-04 1.011884739999999974e-04
8.242814219999999989e-04 1.024617379999999991e-04
8.756880419999999495e-04 1.032092259999999989e-04
9.274543849999999532e-04 1.044917229999999973e-04
9.793556530000001054e-04 1.050349529999999979e-04
1.031919849999999922e-03 1.056382099999999950e-04
1.084509420000000050e-03 1.057988699999999990e-04
1.137337649999999988e-03 1.056474430000000053e-04
1.190079840000000033e-03 1.056132680000000066e-04
1.242898290000000018e-03 1.055906979999999998e-04
1.296090780000000095e-03 1.057351039999999943e-04
1.349119699999999991e-03 1.062084560000000044e-04
1.402175990000000027e-03 1.064672539999999971e-04
1.455479300000000076e-03 1.069760470000000023e-04
1.508958520000000005e-03 1.071920560000000063e-04
1.562573480000000077e-03 1.073631070000000012e-04
1.616144790000000010e-03 1.074715260000000004e-04
1.669911669999999976e-03 1.076501580000000066e-04
1.723881000000000024e-03 1.077628110000000011e-04
1.777820870000000044e-03 1.079212670000000027e-04
1.832029900000000083e-03 1.082133309999999942e-04
1.886285959999999982e-03 1.089456129999999981e-04
1.940698600000000020e-03 1.092291570000000035e-04
1.995539289999999875e-03 1.095098270000000002e-04
2.050370680000000029e-03 1.096799169999999998e-04
2.105176680000000154e-03 1.099876319999999979e-04
2.160155449999999911e-03 1.101271920000000031e-04
2.215382880000000068e-03 1.103080139999999999e-04
2.270862230000000176e-03 1.105991760000000042e-04
2.326325509999999878e-03 1.112251120000000063e-04
2.381965980000000198e-03 1.114808689999999936e-04
2.437988759999999873e-03 1.117642609999999965e-04
2.494204089999999940e-03 1.120578599999999937e-04
2.550305330000000089e-03 1.128511789999999971e-04
2.607014029999999826e-03 1.135016209999999950e-04
2.664275929999999990e-03 1.146020079999999933e-04
2.721088710000000178e-03 1.146509969999999956e-04
2.778282160000000202e-03 1.139363590000000035e-04
2.835591089999999793e-03 1.138262010000000007e-04
2.892667660000000206e-03 1.141225660000000044e-04
2.950590800000000170e-03 1.146595169999999953e-04
3.008528150000000165e-03 1.159093230000000013e-04
3.065617289999999790e-03 1.159282259999999969e-04
3.122729710000000068e-03 1.161615220000000026e-04
3.179701510000000186e-03 1.160817560000000035e-04
3.237463299999999988e-03 1.143249459999999996e-04
3.295060009999999789e-03 1.136721689999999941e-04
3.351849970000000088e-03 1.134188280000000023e-04
3.408833869999999995e-03 1.133668120000000065e-04
3.465524639999999820e-03 1.134968119999999934e-04
3.522004000000000020e-03 1.134940180000000039e-04
3.578543899999999875e-03 1.133857730000000007e-04
3.635270989999999855e-03 1.133820839999999960e-04
3.692145229999999924e-03 1.133411790000000009e-04
3.749172199999999903e-03 1.134952469999999991e-04
3.805992189999999904e-03 1.140527969999999985e-04
3.862918820000000100e-03 1.142397739999999990e-04
3.920169549999999795e-03 1.144342309999999942e-04
3.977172539999999749e-03 1.144331689999999958e-04
4.034217449999999601e-03 1.141441170000000036e-04
4.091190639999999802e-03 1.139971350000000024e-04
4.148196429999999844e-03 1.137504729999999940e-04
4.205874170000000259e-03 1.139875749999999977e-04
4.263306970000000154e-03 1.148391970000000017e-04
4.320099479999999804e-03 1.148394950000000036e-04
4.377320409999999745e-03 1.143432379999999971e-04
4.434622820000000236e-03 1.141357789999999949e-04
4.491692870000000247e-03 1.137321520000000039e-04
4.548690279999999947e-03 1.136210850000000011e-04
4.605609919999999885e-03 1.136575669999999972e-04
4.662473690000000157e-03 1.135598070000000024e-04
4.719233140000000069e-03 1.132472830000000026e-04
4.775812380000000155e-03 1.131037060000000024e-04
4.832343200000000297e-03 1.129996380000000054e-04
4.889014639999999731e-03 1.129699300000000062e-04
4.945520309999999753e-03 1.129504380000000060e-04
5.002015739999999926e-03 1.130141750000000046e-04
5.058612669999999582e-03 1.132364919999999972e-04
5.115389359999999996e-03 1.133477049999999993e-04
5.172056149999999797e-03 1.136258870000000036e-04
5.228398829999999706e-03 1.136085699999999998e-04
5.284910089999999942e-03 1.132788239999999960e-04
5.341567099999999790e-03 1.131703169999999961e-04
5.398243670000000410e-03 1.130503370000000054e-04
