-1.122209149999999975e-02 2.286323140000000081e-04
-1.110758069999999952e-02 2.289959669999999973e-04
-1.099357939999999999e-02 2.289766130000000014e-04
-1.087934620000000074e-02 2.289706030000000011e-04
-1.076491459999999976e-02 2.289323599999999943e-04
-1.065064129999999942e-02 2.286579550000000089e-04
-1.053640339999999988e-02 2.286934759999999960e-04
-1.042199509999999947e-02 2.285085069999999950e-04
-1.030736980000000053e-02 2.284166110000000012e-04
-1.019261779999999958e-02 2.283820210000000073e-04
-1.007813400000000074e-02 2.283643840000000081e-04
-9.964135480000000517e-03 2.286923699999999973e-04
-9.850229139999999717e-03 2.287552630000000073e-04
-9.735834780000000854e-03 2.285496879999999987e-04
-9.620971049999999664e-03 2.286021630000000036e-04
-9.506398810000000338e-03 2.288018730000000017e-04
-9.392143230000000315e-03 2.288396789999999929e-04
-9.277691129999999717e-03 2.290516710000000018e-04
-9.163220410000000662e-03 2.289841649999999930e-04
-9.048983450000000830e-03 2.287560059999999929e-04
-8.934733460000000155e-03 2.288383400000000036e-04
-8.820258080000000639e-03 2.291258279999999975e-04
-8.705530319999999975e-03 2.292249259999999992e-04
-8.590804409999999725e-03 2.290693660000000132e-04
-8.476323449999999954e-03 2.290222040000000018e-04
-8.362023160000000774e-03 2.291937709999999949e-04
-8.247587829999999953e-03 2.291818090000000065e-04
-8.132787420000000753e-03 2.289754190000000019e-04
-8.018209599999999437e-03 2.289234249999999994e-04
-7.903859020000000846e-03 2.287248060000000058e-04
-7.789338469999999674e-03 2.287556420000000108e-04
-7.674673570000000236e-03 2.290346160000000081e-04
-7.559851739999999889e-03 2.290735429999999923e-04
-7.445233869999999879e-03 2.290886330000000044e-04
-7.330954540000000214e-03 2.290467530000000020e-04
-7.216513160000000149e-03 2.290931010000000134e-04
-7.101833820000000297e-03 2.290965789999999938e-04
-6.987276019999999650e-03 2.288757240000000004e-04
-6.872928240000000279e-03 2.288258259999999982e-04
-6.758403500000000237e-03 2.288238900000000092e-04
-6.643841509999999853e-03 2.286894889999999895e-04
-6.529642270000000220e-03 2.284879739999999939e-04
-6.415482139999999570e-03 2.285476219999999870e-04
-6.301395129999999914e-03 2.288347459999999988e-04
-6.187095769999999620e-03 2.290654810000000057e-04
-6.072427610000000198e-03 2.295247249999999965e-04
-5.957494960000000311e-03 2.296926980000000120e-04
-5.842520389999999661e-03 2.296558670000000009e-04
-5.727817770000000024e-03 2.296358290000000005e-04
-5.613003860000000123e-03 2.298291800000000105e-04
-5.497842099999999781e-03 2.299511250000000099e-04
-5.382766950000000307e-03 2.299995979999999870e-04
-5.267674570000000292e-03 2.301841299999999994e-04
-5.152304190000000020e-03 2.306698009999999944e-04
-5.036659540000000199e-03 2.308524420000000006e-04
-4.921155980000000395e-03 2.311574789999999930e-04
-4.805910870000000036e-03 2.312690630000000034e-04
-4.690610799999999844e-03 2.314865710000000079e-04
-4.575051830000000271e-03 2.315626190000000099e-04
-4.459032790000000239e-03 2.314447479999999946e-04
-4.342880099999999952e-03 2.316400930000000059e-04
-4.227009139999999762e-03 2.322141370000000045e-04
-4.111008250000000065e-03 2.324991359999999964e-04
-3.994663709999999625e-03 2.331586000000000075e-04
-3.877568059999999834e-03 2.336879989999999933e-04
-3.760389050000000066e-03 2.345766260000000042e-04
-3.642817259999999845e-03 2.352914019999999870e-04
-3.524729749999999922e-03 2.368639400000000102e-04
-3.405730239999999950e-03 2.378163919999999934e-04
-3.286242019999999903e-03 2.391967569999999888e-04
-3.167168939999999867e-03 2.396067140000000025e-04
-3.047410630000000047e-03 2.400568190000000005e-04
-2.927500290000000123e-03 2.401467059999999988e-04
-2.807532199999999804e-03 2.398465590000000097e-04
-2.688889390000000039e-03 2.391066960000000081e-04
-2.570266140000000178e-03 2.370862930000000081e-04
-2.450842639999999996e-03 2.366768750000000090e-04
-2.331893189999999921e-03 2.367771379999999905e-04
-2.214686479999999815e-03 2.359285279999999993e-04
-2.098076280000000116e-03 2.341195359999999987e-04
-1.982710319999999964e-03 2.327206170000000092e-04
-1.866974869999999970e-03 2.286530219999999877e-04
-1.751259430000000035e-03 2.270201950000000119e-04
-1.637823299999999942e-03 2.258558669999999899e-04
-1.525236639999999954e-03 2.250811520000000113e-04
-1.413129040000000005e-03 2.241522599999999958e-04
-1.302767779999999950e-03 2.226170329999999900e-04
-1.192854830000000073e-03 2.186812490000000103e-04
-1.088630990000000100e-03 2.140010179999999955e-04
-9.850248460000000147e-04 2.020446849999999925e-04
-8.836162160000000498e-04 1.962854290000000021e-04
-7.866902160000000498e-04 1.881337380000000015e-04
-6.915549750000000474e-04 1.842519270000000041e-04
-6.006329200000000423e-04 1.801332979999999931e-04
-5.112797369999999911e-04 1.777073190000000107e-04
-4.233362850000000135e-04 1.736493139999999960e-04
-3.362346030000000095e-04 1.715641989999999902e-04
-2.510423949999999798e-04 1.686328759999999904e-04
-1.664114240000000029e-04 1.673757509999999969e-04
-8.292640269999999945e-05 1.660373670000000069e-04
1.120706999999999899e-06 1.658051040000000070e-04
8.428978620000000560e-05 1.662392460000000117e-04
1.683217850000000109e-04 1.670518690000000076e-04
2.525544550000000197e-04 1.692409420000000027e-04
3.385408199999999975e-04 1.709669009999999938e-04
4.250213099999999898e-04 1.746119519999999898e-04
5.128896450000000129e-04 1.768743099999999955e-04
6.022984739999999752e-04 1.809298260000000082e-04
6.943799669999999990e-04 1.838716560000000098e-04
7.879579210000000515e-04 1.891977879999999935e-04
8.866376589999999842e-04 1.943034590000000087e-04
9.869477940000000345e-04 2.057537790000000112e-04
1.089649040000000100e-03 2.111697979999999932e-04
1.196582920000000081e-03 2.195538110000000019e-04
1.303776520000000071e-03 2.228777740000000116e-04
1.415291450000000098e-03 2.244986100000000064e-04
1.527401619999999970e-03 2.252863490000000125e-04
1.640661849999999929e-03 2.259827600000000047e-04
1.754880529999999945e-03 2.269625399999999969e-04
1.868894210000000096e-03 2.295958979999999895e-04
1.984333390000000193e-03 2.314006120000000079e-04
2.100799469999999839e-03 2.351437139999999878e-04
2.216973110000000115e-03 2.361563819999999985e-04
2.334890650000000061e-03 2.356159379999999922e-04
2.453557449999999810e-03 2.360318469999999941e-04
2.572318540000000098e-03 2.374780600000000097e-04
2.691681500000000192e-03 2.381986559999999930e-04
2.811102429999999801e-03 2.396522179999999982e-04
2.930150600000000060e-03 2.401142409999999978e-04
3.050200869999999866e-03 2.401810200000000113e-04
3.170052779999999945e-03 2.399225340000000052e-04
3.289786869999999832e-03 2.389478900000000091e-04
3.408645279999999826e-03 2.382345560000000107e-04
3.527360969999999811e-03 2.369396100000000047e-04
3.645732770000000011e-03 2.361053049999999910e-04
3.763373710000000177e-03 2.345604730000000113e-04
3.880572970000000128e-03 2.338994379999999893e-04
3.997114020000000316e-03 2.331614960000000095e-04
4.113649950000000145e-03 2.327344700000000038e-04
4.230225919999999577e-03 2.319222690000000023e-04
4.346457780000000104e-03 2.315810710000000051e-04
4.462006969999999725e-03 2.313316510000000125e-04
4.577770830000000256e-03 2.312132560000000039e-04
4.693609199999999697e-03 2.311981519999999936e-04
4.809190980000000067e-03 2.311964930000000090e-04
4.924628880000000292e-03 2.309961709999999897e-04
5.040179470000000390e-03 2.308348189999999997e-04
5.155830640000000180e-03 2.306552629999999993e-04
5.271101369999999647e-03 2.305191009999999960e-04
5.386026109999999915e-03 2.302810169999999995e-04
5.500829310000000111e-03 2.301219500000000135e-04
5.615756379999999742e-03 2.299080520000000040e-04
5.731045730000000268e-03 2.298919429999999979e-04
5.846028219999999630e-03 2.299241900000000027e-04
5.960664709999999832e-03 2.298844920000000093e-04
6.075603419999999789e-03 2.297045580000000014e-04
6.190441550000000057e-03 2.294231529999999871e-04
6.304948129999999804e-03 2.287615209999999924e-04
6.419246550000000384e-03 2.285547380000000131e-04
6.533476520000000391e-03 2.285273080000000052e-04
6.647995670000000218e-03 2.285354859999999891e-04
6.762329489999999860e-03 2.284347430000000011e-04
6.876645140000000114e-03 2.285430089999999882e-04
6.991180129999999965e-03 2.289107359999999886e-04
7.105874830000000024e-03 2.289832479999999980e-04
7.220299910000000168e-03 2.292003340000000082e-04
7.334488440000000095e-03 2.292921130000000088e-04
7.448820400000000230e-03 2.293072179999999880e-04
7.563508120000000425e-03 2.293698780000000075e-04
7.678584199999999652e-03 2.293302389999999952e-04
7.793383670000000006e-03 2.293062859999999987e-04
7.907774299999999895e-03 2.294879379999999994e-04
8.022335360000000526e-03 2.294996669999999973e-04
8.137142289999999695e-03 2.295554590000000025e-04
8.251639079999999529e-03 2.295449380000000024e-04
8.366032500000000413e-03 2.292535789999999992e-04
8.480559099999999961e-03 2.292287100000000037e-04
8.595366030000000865e-03 2.291266860000000115e-04
8.710250259999999939e-03 2.289809930000000096e-04
8.824737739999999678e-03 2.288059189999999893e-04
8.938928130000000846e-03 2.287201790000000087e-04
9.053218179999999310e-03 2.287475510000000045e-04
9.167734530000000784e-03 2.287374949999999895e-04
9.282119570000000458e-03 2.284959630000000011e-04
9.396498090000000164e-03 2.285602969999999995e-04
9.511034939999999521e-03 2.289072440000000099e-04
9.625777599999999629e-03 2.290003899999999964e-04
9.740244599999999670e-03 2.292860879999999871e-04
9.854213330000000104e-03 2.292457939999999899e-04
9.968458669999999411e-03 2.291052809999999981e-04
1.008316780000000079e-02 2.291766579999999890e-04
1.019769809999999943e-02 2.292404100000000090e-04
1.031193419999999923e-02 2.292432040000000120e-04
1.042655389999999974e-02 2.290454430000000052e-04
1.054140089999999925e-02 2.289550179999999882e-04
1.065580829999999979e-02 2.290029660000000031e-04
1.076980590000000022e-02 2.289297699999999893e-04
1.088380069999999970e-02 2.287313689999999919e-04
1.099825739999999927e-02 2.287815000000000118e-04
1.111311090000000057e-02 2.286927919999999915e-04
