-1.499999999999999944e-02 1.150451060000000039e-04
-1.485000000000000035e-02 1.154247440000000067e-04
-1.469999999999999953e-02 1.145366910000000061e-04
-1.455000000000000043e-02 1.137774229999999955e-04
-1.439999999999999961e-02 1.149387239999999968e-04
-1.425000000000000051e-02 1.198739480000000023e-04
-1.409999999999999969e-02 1.206253800000000042e-04
-1.395000000000000059e-02 1.192966590000000003e-04
-1.379999999999999977e-02 1.192283449999999946e-04
-1.365000000000000067e-02 1.182792690000000063e-04
-1.349999999999999985e-02 1.171179680000000050e-04
-1.335000000000000075e-02 1.154096240000000061e-04
-1.319999999999999993e-02 1.147948209999999982e-04
-1.305000000000000084e-02 1.130864690000000041e-04
-1.290000000000000001e-02 1.124995689999999979e-04
-1.274999999999999918e-02 1.082161470000000042e-04
-1.260000000000000009e-02 1.083526439999999970e-04
-1.244999999999999926e-02 1.136589269999999975e-04
-1.230000000000000017e-02 1.136589269999999975e-04
-1.214999999999999934e-02 1.129008820000000060e-04
-1.200000000000000025e-02 1.141293030000000000e-04
-1.184999999999999942e-02 1.152663679999999972e-04
-1.170000000000000033e-02 1.148568919999999995e-04
-1.154999999999999950e-02 1.159939569999999967e-04
-1.140000000000000041e-02 1.163351840000000000e-04
-1.124999999999999958e-02 1.140610620000000007e-04
-1.110000000000000049e-02 1.127643919999999988e-04
-1.094999999999999966e-02 1.137119399999999940e-04
-1.080000000000000057e-02 1.150768509999999952e-04
-1.064999999999999974e-02 1.141293030000000000e-04
-1.050000000000000065e-02 1.129008820000000060e-04
-1.034999999999999983e-02 1.127113720000000031e-04
-1.020000000000000073e-02 1.137350550000000050e-04
-1.004999999999999991e-02 1.163882039999999957e-04
-9.900000000000000813e-03 1.167294319999999950e-04
-9.749999999999999986e-03 1.195720829999999933e-04
-9.599999999999999159e-03 1.209369950000000041e-04
-9.450000000000000067e-03 1.237178079999999916e-04
-9.299999999999999239e-03 1.239659179999999875e-04
-9.150000000000000147e-03 1.220677589999999982e-04
-8.999999999999999320e-03 1.224776349999999968e-04
-8.850000000000000228e-03 1.236165259999999890e-04
-8.699999999999999400e-03 1.233432849999999874e-04
-8.550000000000000308e-03 1.227738389999999933e-04
-8.399999999999999481e-03 1.228421459999999999e-04
-8.250000000000000389e-03 1.199949039999999962e-04
-8.099999999999999561e-03 1.191751580000000022e-04
-7.950000000000000469e-03 1.216427699999999982e-04
-7.799999999999999642e-03 1.228040640000000003e-04
-7.649999999999999682e-03 1.205262739999999938e-04
-7.499999999999999722e-03 1.195699079999999970e-04
-7.349999999999999763e-03 1.220375200000000065e-04
-7.199999999999999803e-03 1.224040169999999887e-04
-7.049999999999999843e-03 1.217102619999999952e-04
-6.899999999999999883e-03 1.219150000000000008e-04
-6.749999999999999924e-03 1.207779350000000036e-04
-6.599999999999999964e-03 1.197542520000000017e-04
-6.450000000000000004e-03 1.208913160000000029e-04
-6.300000000000000044e-03 1.217102619999999952e-04
-6.150000000000000085e-03 1.217102619999999952e-04
-6.000000000000000125e-03 1.214372749999999951e-04
-5.850000000000000165e-03 1.195421790000000047e-04
-5.700000000000000205e-03 1.196104279999999991e-04
-5.550000000000000246e-03 1.201789560000000021e-04
-5.400000000000000286e-03 1.192917629999999939e-04
-5.250000000000000326e-03 1.185337170000000064e-04
-5.100000000000000366e-03 1.178512609999999943e-04
-4.950000000000000407e-03 1.180407709999999971e-04
-4.799999999999999580e-03 1.185184879999999941e-04
-4.649999999999999620e-03 1.158653469999999986e-04
-4.499999999999999660e-03 1.166160509999999956e-04
-4.349999999999999700e-03 1.213538049999999971e-04
-4.199999999999999740e-03 1.209443289999999994e-04
-4.049999999999999781e-03 1.199967810000000042e-04
-3.899999999999999821e-03 1.184271310000000013e-04
-3.749999999999999861e-03 1.189956600000000004e-04
-3.599999999999999901e-03 1.220667109999999981e-04
-3.449999999999999942e-03 1.220008929999999935e-04
-3.299999999999999982e-03 1.223863659999999912e-04
-3.150000000000000022e-03 1.229558109999999893e-04
-3.000000000000000062e-03 1.224776349999999968e-04
-2.850000000000000103e-03 1.213387370000000055e-04
-2.700000000000000143e-03 1.207922399999999946e-04
-2.550000000000000183e-03 1.215515080000000053e-04
-2.399999999999999790e-03 1.232592909999999961e-04
-2.249999999999999830e-03 1.243981970000000096e-04
-2.099999999999999870e-03 1.250813069999999970e-04
-1.949999999999999910e-03 1.275489189999999930e-04
-1.799999999999999951e-03 1.283686720000000133e-04
-1.649999999999999991e-03 1.300770089999999995e-04
-1.500000000000000031e-03 1.304185720000000019e-04
-1.350000000000000071e-03 1.306083869999999922e-04
-1.199999999999999895e-03 1.309029320000000042e-04
-1.049999999999999935e-03 1.307700590000000047e-04
-8.999999999999999754e-04 1.314525140000000073e-04
-7.500000000000000156e-04 1.322105529999999956e-04
-5.999999999999999474e-04 1.316645939999999898e-04
-4.499999999999999877e-04 1.303380120000000042e-04
-2.999999999999999737e-04 1.305627959999999918e-04
-1.499999999999999869e-04 1.307322670000000118e-04
1.047700000000000011e-09 1.309570939999999903e-04
1.499999999999999869e-04 1.332315729999999996e-04
2.999999999999999737e-04 1.348015209999999908e-04
4.499999999999999877e-04 1.349912490000000035e-04
5.999999999999999474e-04 1.343770130000000067e-04
7.500000000000000156e-04 1.353248659999999894e-04
8.999999999999999754e-04 1.375773860000000035e-04
1.049999999999999935e-03 1.365760980000000030e-04
1.199999999999999895e-03 1.362168259999999909e-04
1.350000000000000071e-03 1.388746749999999986e-04
1.500000000000000031e-03 1.396262230000000113e-04
1.649999999999999991e-03 1.390566759999999871e-04
1.799999999999999951e-03 1.397565070000000018e-04
1.949999999999999910e-03 1.367740920000000003e-04
2.099999999999999870e-03 1.352724499999999927e-04
2.249999999999999830e-03 1.324293550000000066e-04
2.399999999999999790e-03 1.337944850000000001e-04
2.550000000000000183e-03 1.406179220000000011e-04
2.700000000000000143e-03 1.405496590000000084e-04
2.850000000000000103e-03 1.384647180000000120e-04
3.000000000000000062e-03 1.398298480000000055e-04
3.150000000000000022e-03 1.415357110000000111e-04
3.299999999999999982e-03 1.422865320000000014e-04
3.449999999999999942e-03 1.411492989999999978e-04
3.599999999999999901e-03 1.404667270000000019e-04
3.749999999999999861e-03 1.440226620000000088e-04
3.899999999999999821e-03 1.469451239999999890e-04
4.049999999999999781e-03 1.446669779999999956e-04
4.199999999999999740e-03 1.472632279999999997e-04
4.349999999999999700e-03 1.501109220000000134e-04
4.499999999999999660e-03 1.480732749999999888e-04
4.649999999999999620e-03 1.458431940000000035e-04
4.799999999999999580e-03 1.464575030000000067e-04
4.950000000000000407e-03 1.451307330000000133e-04
5.100000000000000366e-03 1.473149309999999994e-04
5.250000000000000326e-03 1.313935790000000112e-04
5.400000000000000286e-03 1.328952199999999958e-04
5.550000000000000246e-03 1.603785060000000127e-04
5.700000000000000205e-03 1.806506630000000071e-04
5.850000000000000165e-03 1.851996200000000027e-04
6.000000000000000125e-03 1.902506050000000114e-04
6.150000000000000085e-03 2.052242630000000051e-04
6.300000000000000044e-03 1.846790840000000014e-04
6.450000000000000004e-03 1.520255320000000110e-04
6.599999999999999964e-03 1.680097630000000110e-04
6.749999999999999924e-03 1.353562259999999877e-04
6.899999999999999883e-03 1.456046160000000022e-04
7.049999999999999843e-03 2.543199840000000074e-05
7.199999999999999803e-03 2.506856249999999992e-05
7.349999999999999763e-03 2.099796399999999939e-04
7.499999999999999722e-03 2.242452319999999999e-04
7.649999999999999682e-03 1.967619320000000118e-04
7.799999999999999642e-03 1.741008019999999972e-04
7.950000000000000469e-03 2.326686519999999992e-04
8.099999999999999561e-03 2.224301860000000121e-04
8.250000000000000389e-03 2.273582209999999986e-04
8.399999999999999481e-03 2.371188890000000007e-04
8.550000000000000308e-03 2.246092629999999965e-04
8.699999999999999400e-03 2.311618739999999955e-04
8.850000000000000228e-03 2.359003700000000001e-04
8.999999999999999320e-03 2.564455500000000269e-04
9.150000000000000147e-03 2.306711690000000034e-04
9.299999999999999239e-03 2.223069899999999971e-04
9.450000000000000067e-03 4.973683459999999717e-05
9.599999999999999159e-03 3.550815379999999754e-05
9.749999999999999986e-03 1.809710370000000004e-04
9.900000000000000813e-03 2.202184699999999902e-04
1.004999999999999991e-02 -7.229323379999999738e-04
1.020000000000000073e-02 -7.636132070000000490e-04
1.034999999999999983e-02 1.427668610000000103e-04
1.050000000000000065e-02 3.500615709999999763e-04
1.064999999999999974e-02 6.080254679999999665e-04
1.080000000000000057e-02 6.736881909999999736e-04
1.094999999999999966e-02 5.044289859999999794e-04
1.110000000000000049e-02 7.850901599999999365e-05
1.124999999999999958e-02 4.458135299999999783e-05
1.140000000000000041e-02 4.162374529999999986e-04
1.154999999999999950e-02 1.054678459999999979e-03
1.170000000000000033e-02 7.385732020000000241e-04
1.184999999999999942e-02 -1.453010829999999958e-03
1.200000000000000025e-02 -1.830834549999999904e-03
1.214999999999999934e-02 1.547663850000000085e-04
1.230000000000000017e-02 4.156084609999999833e-04
1.244999999999999926e-02 6.995987499999999906e-05
1.260000000000000009e-02 8.163170419999999381e-05
1.274999999999999918e-02 -2.796314370000000087e-04
1.290000000000000001e-02 1.744101760000000070e-04
1.305000000000000084e-02 1.424805259999999954e-03
1.319999999999999993e-02 1.324468290000000012e-03
1.335000000000000075e-02 8.980505659999999432e-05
1.349999999999999985e-02 1.474817110000000114e-04
1.365000000000000067e-02 -2.291341809999999869e-04
1.379999999999999977e-02 -2.785518009999999808e-04
1.395000000000000059e-02 7.020175689999999329e-05
1.409999999999999969e-02 -6.603802470000000053e-05
1.425000000000000051e-02 4.492704829999999807e-05
1.439999999999999961e-02 5.326518439999999681e-04
1.455000000000000043e-02 1.454354850000000006e-03
1.469999999999999953e-02 1.149773019999999904e-03
1.485000000000000035e-02 -5.241004979999999615e-04
