-5.000000000000000104e-03 1.268548839999999935e-05
-4.950000000000000407e-03 1.267161039999999955e-05
-4.899999999999999842e-03 1.269376930000000036e-05
-4.850000000000000144e-03 1.270997649999999932e-05
-4.799999999999999580e-03 1.270627129999999945e-05
-4.749999999999999882e-03 1.267775860000000057e-05
-4.700000000000000185e-03 1.265790980000000037e-05
-4.649999999999999620e-03 1.268702639999999988e-05
-4.599999999999999922e-03 1.270460600000000004e-05
-4.550000000000000225e-03 1.267579680000000008e-05
-4.499999999999999660e-03 1.265167070000000037e-05
-4.449999999999999963e-03 1.268152760000000064e-05
-4.400000000000000265e-03 1.271182830000000058e-05
-4.349999999999999700e-03 1.270617299999999989e-05
-4.300000000000000003e-03 1.267791409999999926e-05
-4.250000000000000305e-03 1.265097670000000027e-05
-4.199999999999999740e-03 1.265982520000000026e-05
-4.150000000000000043e-03 1.268026879999999986e-05
-4.100000000000000346e-03 1.268437059999999928e-05
-4.049999999999999781e-03 1.269128369999999968e-05
-4.000000000000000083e-03 1.269361020000000048e-05
-3.950000000000000386e-03 1.267972490000000003e-05
-3.899999999999999821e-03 1.266656550000000062e-05
-3.850000000000000124e-03 1.266327400000000008e-05
-3.799999999999999992e-03 1.266377510000000051e-05
-3.749999999999999861e-03 1.263989540000000014e-05
-3.700000000000000164e-03 1.265164520000000062e-05
-3.650000000000000033e-03 1.270028770000000004e-05
-3.599999999999999901e-03 1.267774949999999933e-05
-3.550000000000000204e-03 1.259860530000000013e-05
-3.500000000000000073e-03 1.261063059999999921e-05
-3.449999999999999942e-03 1.269915719999999922e-05
-3.399999999999999811e-03 1.270430039999999940e-05
-3.350000000000000113e-03 1.265281940000000029e-05
-3.299999999999999982e-03 1.263436569999999935e-05
-3.249999999999999851e-03 1.261205399999999992e-05
-3.200000000000000153e-03 1.262740719999999944e-05
-3.150000000000000022e-03 1.266286559999999922e-05
-3.099999999999999891e-03 1.266165509999999959e-05
-3.050000000000000194e-03 1.266429539999999943e-05
-3.000000000000000062e-03 1.267080010000000066e-05
-2.949999999999999931e-03 1.268006140000000053e-05
-2.899999999999999800e-03 1.269760740000000078e-05
-2.850000000000000103e-03 1.275064189999999947e-05
-2.799999999999999972e-03 1.276652619999999983e-05
-2.749999999999999840e-03 1.276149850000000062e-05
-2.700000000000000143e-03 1.279590830000000063e-05
-2.650000000000000012e-03 1.289145530000000021e-05
-2.599999999999999881e-03 1.307954609999999982e-05
-2.550000000000000183e-03 1.358309239999999998e-05
-2.500000000000000052e-03 1.378409619999999964e-05
-2.449999999999999921e-03 1.409830470000000072e-05
-2.399999999999999790e-03 1.399501430000000047e-05
-2.350000000000000092e-03 1.327261090000000077e-05
-2.299999999999999961e-03 1.293439619999999997e-05
-2.249999999999999830e-03 1.244730270000000029e-05
-2.200000000000000133e-03 1.227549640000000011e-05
-2.150000000000000001e-03 1.223381059999999999e-05
-2.099999999999999870e-03 1.221389630000000062e-05
-2.050000000000000173e-03 1.222697480000000006e-05
-2.000000000000000042e-03 1.223173880000000027e-05
-1.949999999999999910e-03 1.217739550000000070e-05
-1.899999999999999996e-03 1.214714850000000031e-05
-1.850000000000000082e-03 1.211761170000000034e-05
-1.799999999999999951e-03 1.212857389999999999e-05
-1.750000000000000036e-03 1.217477619999999995e-05
-1.699999999999999905e-03 1.216744020000000073e-05
-1.649999999999999991e-03 1.216259900000000000e-05
-1.600000000000000077e-03 1.218407759999999916e-05
-1.549999999999999946e-03 1.219717979999999944e-05
-1.500000000000000031e-03 1.218280980000000046e-05
-1.449999999999999900e-03 1.217602309999999949e-05
-1.399999999999999986e-03 1.218056060000000012e-05
-1.350000000000000071e-03 1.213698940000000052e-05
-1.299999999999999940e-03 1.211966989999999985e-05
-1.250000000000000026e-03 1.213860739999999987e-05
-1.199999999999999895e-03 1.214314490000000050e-05
-1.149999999999999981e-03 1.215030809999999969e-05
-1.100000000000000066e-03 1.215091289999999978e-05
-1.049999999999999935e-03 1.213028550000000006e-05
-1.000000000000000021e-03 1.212960520000000010e-05
-9.499999999999999981e-04 1.215291469999999968e-05
-8.999999999999999754e-04 1.216052899999999919e-05
-8.499999999999999526e-04 1.214460920000000007e-05
-8.000000000000000383e-04 1.214871740000000069e-05
-7.500000000000000156e-04 1.218068880000000015e-05
-6.999999999999999929e-04 1.219210839999999968e-05
-6.499999999999999702e-04 1.222193259999999949e-05
-5.999999999999999474e-04 1.222759419999999975e-05
-5.500000000000000331e-04 1.222780339999999968e-05
-5.000000000000000104e-04 1.222395619999999970e-05
-4.499999999999999877e-04 1.219034580000000011e-05
-4.000000000000000192e-04 1.216432970000000032e-05
-3.499999999999999964e-04 1.213153700000000019e-05
-2.999999999999999737e-04 1.206834349999999997e-05
-2.500000000000000052e-04 1.189825249999999929e-05
-2.000000000000000096e-04 1.179581699999999962e-05
-1.499999999999999869e-04 1.158298350000000060e-05
-1.000000000000000048e-04 1.147387049999999967e-05
-5.000000000000000240e-05 1.134119879999999982e-05
-1.455199999999999858e-11 1.130625610000000006e-05
5.000000000000000240e-05 1.130787310000000002e-05
1.000000000000000048e-04 1.139939100000000004e-05
1.499999999999999869e-04 1.169854569999999922e-05
2.000000000000000096e-04 1.182010149999999964e-05
2.500000000000000052e-04 1.195883580000000002e-05
2.999999999999999737e-04 1.204052749999999955e-05
3.499999999999999964e-04 1.212158259999999968e-05
4.000000000000000192e-04 1.215543120000000022e-05
4.499999999999999877e-04 1.225620329999999934e-05
5.000000000000000104e-04 1.228407839999999941e-05
5.500000000000000331e-04 1.226266890000000061e-05
5.999999999999999474e-04 1.225200320000000035e-05
6.499999999999999702e-04 1.222313129999999953e-05
6.999999999999999929e-04 1.221806539999999981e-05
7.500000000000000156e-04 1.219941900000000077e-05
8.000000000000000383e-04 1.218981109999999977e-05
8.499999999999999526e-04 1.219964629999999987e-05
8.999999999999999754e-04 1.220728610000000082e-05
9.499999999999999981e-04 1.220412739999999920e-05
1.000000000000000021e-03 1.218816669999999953e-05
1.049999999999999935e-03 1.220453580000000005e-05
1.100000000000000066e-03 1.223063190000000036e-05
1.149999999999999981e-03 1.222352689999999969e-05
1.199999999999999895e-03 1.219281599999999998e-05
1.250000000000000026e-03 1.218292160000000028e-05
1.299999999999999940e-03 1.220508420000000054e-05
1.350000000000000071e-03 1.220029659999999942e-05
1.399999999999999986e-03 1.219290790000000004e-05
1.449999999999999900e-03 1.223061830000000016e-05
1.500000000000000031e-03 1.223944400000000045e-05
1.549999999999999946e-03 1.222209989999999947e-05
1.600000000000000077e-03 1.219971089999999958e-05
1.649999999999999991e-03 1.213513769999999919e-05
1.699999999999999905e-03 1.214312030000000020e-05
1.750000000000000036e-03 1.217056620000000020e-05
1.799999999999999951e-03 1.215728839999999990e-05
1.850000000000000082e-03 1.213715309999999930e-05
1.899999999999999996e-03 1.215447539999999997e-05
1.949999999999999910e-03 1.218689610000000083e-05
2.000000000000000042e-03 1.218243320000000061e-05
2.050000000000000173e-03 1.217370939999999938e-05
2.099999999999999870e-03 1.219042129999999997e-05
2.150000000000000001e-03 1.224427069999999983e-05
2.200000000000000133e-03 1.234034969999999969e-05
2.249999999999999830e-03 1.254872129999999957e-05
2.299999999999999961e-03 1.283578689999999948e-05
2.350000000000000092e-03 1.361924110000000042e-05
2.399999999999999790e-03 1.384936880000000024e-05
2.449999999999999921e-03 1.393778070000000049e-05
2.500000000000000052e-03 1.384063130000000056e-05
2.550000000000000183e-03 1.332686859999999985e-05
2.599999999999999881e-03 1.309941489999999973e-05
2.650000000000000012e-03 1.287990649999999957e-05
2.700000000000000143e-03 1.281955520000000016e-05
2.749999999999999840e-03 1.280111789999999943e-05
2.799999999999999972e-03 1.275458909999999967e-05
2.850000000000000103e-03 1.267822239999999995e-05
2.899999999999999800e-03 1.266460729999999964e-05
2.949999999999999931e-03 1.264292310000000005e-05
3.000000000000000062e-03 1.263271219999999956e-05
3.050000000000000194e-03 1.262789370000000027e-05
3.099999999999999891e-03 1.263587639999999953e-05
3.150000000000000022e-03 1.263797180000000015e-05
3.200000000000000153e-03 1.260759929999999979e-05
3.249999999999999851e-03 1.254463860000000040e-05
3.299999999999999982e-03 1.255976709999999925e-05
3.350000000000000113e-03 1.263948800000000037e-05
3.399999999999999811e-03 1.263663030000000050e-05
3.449999999999999942e-03 1.258676820000000019e-05
3.500000000000000073e-03 1.260369480000000075e-05
3.550000000000000204e-03 1.268057170000000045e-05
3.599999999999999901e-03 1.268995129999999957e-05
3.650000000000000033e-03 1.267731929999999986e-05
3.700000000000000164e-03 1.266166150000000078e-05
3.749999999999999861e-03 1.266822980000000063e-05
3.799999999999999992e-03 1.268797680000000002e-05
3.850000000000000124e-03 1.270285160000000057e-05
3.899999999999999821e-03 1.269846050000000076e-05
3.950000000000000386e-03 1.267196509999999915e-05
4.000000000000000083e-03 1.266969590000000081e-05
4.049999999999999781e-03 1.270478060000000067e-05
4.100000000000000346e-03 1.270827400000000050e-05
4.150000000000000043e-03 1.268019969999999950e-05
4.199999999999999740e-03 1.267405880000000081e-05
4.250000000000000305e-03 1.266957410000000028e-05
4.300000000000000003e-03 1.266231269999999978e-05
4.349999999999999700e-03 1.269759559999999948e-05
4.400000000000000265e-03 1.273249289999999972e-05
4.449999999999999963e-03 1.274401529999999947e-05
4.499999999999999660e-03 1.273347429999999967e-05
4.550000000000000225e-03 1.271129989999999981e-05
4.599999999999999922e-03 1.270116449999999917e-05
4.649999999999999620e-03 1.267105930000000070e-05
4.700000000000000185e-03 1.266803429999999915e-05
4.749999999999999882e-03 1.268218240000000084e-05
4.799999999999999580e-03 1.268167489999999922e-05
4.850000000000000144e-03 1.269592120000000053e-05
4.899999999999999842e-03 1.270785109999999998e-05
4.950000000000000407e-03 1.269945549999999922e-05
