-5.921570580000000417e-03 1.227888420000000007e-04
-5.859725179999999804e-03 1.228805339999999966e-04
-5.798110270000000205e-03 1.228088219999999889e-04
-5.736839960000000155e-03 1.232767239999999972e-04
-5.675815980000000274e-03 1.232638750000000023e-04
-5.614655090000000154e-03 1.229999180000000106e-04
-5.553236700000000262e-03 1.230593189999999878e-04
-5.491473250000000056e-03 1.226492310000000096e-04
-5.429571959999999857e-03 1.226178870000000016e-04
-5.367976610000000162e-03 1.229481859999999912e-04
-5.306718410000000295e-03 1.228314800000000100e-04
-5.245536099999999896e-03 1.227262840000000073e-04
-5.184341220000000285e-03 1.226957539999999993e-04
-5.123117939999999662e-03 1.225641029999999959e-04
-5.061625969999999745e-03 1.226782189999999992e-04
-4.999882540000000208e-03 1.225761659999999873e-04
-4.938246220000000290e-03 1.225085289999999869e-04
-4.876974969999999659e-03 1.228369360000000014e-04
-4.815793129999999984e-03 1.228682959999999997e-04
-4.754641090000000063e-03 1.230978090000000105e-04
-4.693572879999999975e-03 1.231299249999999966e-04
-4.632218740000000091e-03 1.227423050000000127e-04
-4.570554939999999823e-03 1.227887839999999885e-04
-4.508824090000000326e-03 1.227143079999999935e-04
-4.447220360000000289e-03 1.226449390000000021e-04
-4.385755859999999895e-03 1.227775650000000128e-04
-4.324439910000000067e-03 1.227028260000000116e-04
-4.263355400000000059e-03 1.228813050000000058e-04
-4.202221049999999708e-03 1.229758489999999897e-04
-4.140743520000000205e-03 1.226671740000000058e-04
-4.079080649999999690e-03 1.226670279999999928e-04
-4.017428489999999748e-03 1.225907619999999946e-04
-3.955760969999999599e-03 1.226057939999999945e-04
-3.894343269999999985e-03 1.231570350000000093e-04
-3.833128370000000139e-03 1.232004290000000065e-04
-3.771824760000000009e-03 1.231727069999999998e-04
-3.710177729999999952e-03 1.233686630000000090e-04
-3.648340930000000103e-03 1.235967070000000079e-04
-3.586483420000000175e-03 1.237249820000000029e-04
-3.524524859999999832e-03 1.238192640000000037e-04
-3.462519500000000010e-03 1.238474210000000070e-04
-3.400653139999999883e-03 1.242508010000000092e-04
-3.338730199999999891e-03 1.244298329999999893e-04
-3.276554630000000183e-03 1.245060559999999967e-04
-3.214337160000000065e-03 1.245587340000000036e-04
-3.151939480000000120e-03 1.244052400000000022e-04
-3.089476610000000019e-03 1.244232259999999892e-04
-3.027173220000000178e-03 1.246451719999999870e-04
-2.965063559999999918e-03 1.245749590000000070e-04
-2.902968550000000099e-03 1.244985320000000016e-04
-2.840699859999999948e-03 1.245751630000000050e-04
-2.778385300000000072e-03 1.247116450000000036e-04
-2.715827899999999958e-03 1.249066260000000056e-04
-2.653133120000000181e-03 1.252201330000000078e-04
-2.590157789999999929e-03 1.255358069999999975e-04
-2.527192000000000154e-03 1.263339360000000121e-04
-2.464249260000000216e-03 1.265732130000000121e-04
-2.401068110000000120e-03 1.269360510000000053e-04
-2.337813140000000092e-03 1.271108629999999882e-04
-2.274236409999999889e-03 1.270598299999999947e-04
-2.210295530000000192e-03 1.272597289999999966e-04
-2.146345559999999954e-03 1.277027039999999972e-04
-2.083064520000000013e-03 1.274955580000000047e-04
-2.019622129999999911e-03 1.267481129999999958e-04
-1.956234920000000065e-03 1.264114250000000024e-04
-1.893092650000000087e-03 1.258847910000000000e-04
-1.831124539999999957e-03 1.249909840000000061e-04
-1.769656550000000064e-03 1.233413789999999869e-04
-1.707785409999999955e-03 1.229894990000000095e-04
-1.646102059999999959e-03 1.222324940000000095e-04
-1.585652240000000020e-03 1.212531930000000006e-04
-1.525886589999999980e-03 1.197650999999999962e-04
-1.467433640000000020e-03 1.184088399999999998e-04
-1.408963110000000050e-03 1.146111390000000046e-04
-1.350779089999999943e-03 1.130723689999999935e-04
-1.294390760000000079e-03 1.117900169999999985e-04
-1.238361350000000008e-03 1.111432720000000003e-04
-1.183025660000000057e-03 1.104186300000000023e-04
-1.127902189999999963e-03 1.100003060000000009e-04
-1.073059979999999893e-03 1.093907340000000025e-04
-1.018418809999999900e-03 1.090507279999999992e-04
-9.640409259999999786e-04 1.085448889999999947e-04
-9.098940060000000433e-04 1.082242959999999955e-04
-8.559284029999999566e-04 1.076359329999999941e-04
-8.024536660000000047e-04 1.071587759999999956e-04
-7.492019790000000031e-04 1.061242070000000020e-04
-6.964681669999999835e-04 1.054121240000000057e-04
-6.440968140000000348e-04 1.041184369999999970e-04
-5.922711570000000316e-04 1.033254299999999937e-04
-5.409379369999999573e-04 1.019429259999999937e-04
-4.900064089999999623e-04 1.012043360000000012e-04
-4.396726439999999758e-04 1.000730989999999997e-04
-3.897317800000000133e-04 9.945739290000000349e-05
-3.402289290000000107e-04 9.855224199999999628e-05
-2.909378089999999756e-04 9.807226889999999639e-05
-2.420652019999999999e-04 9.743624100000000622e-05
-1.933593740000000131e-04 9.710726590000000661e-05
-1.448721009999999942e-04 9.655753820000000565e-05
-9.647024849999999939e-05 9.632322329999999731e-05
-4.838609309999999990e-05 9.607327959999999937e-05
-2.507925099999999839e-07 9.606021190000000015e-05
4.782076579999999837e-05 9.614708689999999921e-05
9.609224069999999860e-05 9.629222770000000120e-05
1.443691440000000070e-04 9.664546809999999895e-05
1.929093559999999928e-04 9.693059839999999751e-05
2.415723870000000093e-04 9.751806650000000238e-05
2.905797740000000081e-04 9.793611390000000582e-05
3.397686809999999930e-04 9.879501890000000569e-05
3.893603279999999895e-04 9.934580160000000592e-05
4.392387639999999812e-04 1.003218489999999996e-04
4.896035529999999804e-04 1.009923869999999966e-04
5.403815889999999660e-04 1.022427020000000016e-04
5.917482779999999869e-04 1.030185159999999934e-04
6.436032709999999716e-04 1.043600860000000057e-04
6.959392920000000453e-04 1.051315919999999996e-04
7.488160629999999866e-04 1.063738159999999983e-04
8.019573290000000469e-04 1.069796420000000030e-04
8.556398099999999599e-04 1.077606870000000043e-04
9.095239219999999743e-04 1.081628000000000006e-04
9.637717160000000517e-04 1.086737610000000029e-04
1.018188780000000085e-03 1.089591750000000036e-04
1.072685000000000088e-03 1.095370540000000062e-04
1.127446189999999938e-03 1.099338839999999974e-04
1.182567679999999921e-03 1.105186379999999999e-04
1.238135499999999970e-03 1.109669389999999963e-04
1.293929060000000063e-03 1.118359719999999945e-04
1.351129030000000055e-03 1.129925220000000064e-04
1.408620969999999995e-03 1.157189109999999977e-04
1.467010940000000076e-03 1.172389530000000050e-04
1.525924660000000082e-03 1.205890799999999991e-04
1.584577719999999933e-03 1.216384480000000021e-04
1.645249660000000069e-03 1.210968909999999980e-04
1.707284249999999970e-03 1.217190219999999981e-04
1.769222900000000072e-03 1.236983080000000098e-04
1.830988329999999956e-03 1.243411970000000066e-04
1.893364590000000056e-03 1.251100769999999903e-04
1.956281490000000029e-03 1.256774270000000113e-04
2.019351810000000191e-03 1.269977660000000061e-04
2.082388379999999903e-03 1.274526580000000123e-04
2.146086189999999849e-03 1.276143589999999902e-04
2.209785629999999786e-03 1.276736880000000111e-04
2.273756310000000103e-03 1.273866069999999900e-04
2.337483459999999905e-03 1.271370999999999927e-04
2.400813620000000030e-03 1.270094800000000097e-04
2.463726329999999833e-03 1.267477199999999941e-04
2.526700260000000042e-03 1.260142889999999870e-04
2.589836250000000176e-03 1.258127739999999914e-04
2.652880499999999992e-03 1.254055529999999956e-04
2.715734070000000184e-03 1.251446369999999956e-04
2.778338039999999828e-03 1.248359189999999938e-04
2.840759469999999849e-03 1.246152819999999967e-04
2.902865179999999847e-03 1.245287570000000086e-04
2.965076829999999802e-03 1.245611779999999957e-04
3.027262629999999833e-03 1.245996100000000063e-04
3.089588600000000088e-03 1.246972970000000082e-04
3.152173940000000014e-03 1.246303730000000048e-04
3.214569530000000071e-03 1.245263410000000130e-04
3.276798870000000030e-03 1.245143069999999871e-04
3.338812850000000103e-03 1.243467270000000004e-04
3.400686430000000003e-03 1.241148710000000005e-04
3.462569559999999907e-03 1.240372369999999933e-04
3.524572120000000076e-03 1.236226820000000022e-04
3.586672009999999911e-03 1.235317469999999901e-04
3.648722310000000139e-03 1.233612129999999893e-04
3.710643390000000191e-03 1.232221399999999898e-04
3.772176800000000187e-03 1.233882940000000095e-04
3.833340250000000053e-03 1.232596410000000070e-04
3.894550960000000162e-03 1.229166520000000106e-04
3.956059930000000238e-03 1.229385820000000133e-04
4.017677620000000005e-03 1.228184560000000097e-04
4.079347009999999621e-03 1.228062759999999979e-04
4.140993110000000359e-03 1.228111069999999929e-04
4.202465990000000227e-03 1.227089229999999895e-04
4.263644110000000022e-03 1.229170450000000123e-04
4.324711860000000213e-03 1.229258920000000064e-04
4.385914190000000414e-03 1.226333990000000079e-04
4.447452260000000004e-03 1.227296160000000019e-04
4.509200809999999900e-03 1.227392789999999880e-04
4.570917689999999707e-03 1.227570320000000116e-04
4.632430620000000006e-03 1.231450879999999881e-04
4.693569619999999991e-03 1.230266499999999887e-04
4.754655059999999753e-03 1.227863829999999872e-04
4.815929099999999644e-03 1.228129109999999944e-04
4.877315830000000275e-03 1.226980380000000073e-04
4.938848780000000376e-03 1.227442989999999868e-04
5.000601520000000008e-03 1.225067680000000033e-04
5.062429230000000183e-03 1.224664880000000044e-04
5.123771259999999883e-03 1.230713099999999958e-04
5.184719340000000336e-03 1.230862840000000106e-04
5.245816430000000384e-03 1.229726770000000064e-04
5.307003390000000417e-03 1.229520420000000062e-04
5.368231799999999623e-03 1.228258189999999975e-04
5.429880229999999725e-03 1.230325579999999900e-04
5.491844840000000179e-03 1.230795900000000059e-04
5.553571509999999899e-03 1.229536719999999982e-04
5.615108179999999879e-03 1.229206970000000022e-04
5.676480480000000058e-03 1.228101169999999914e-04
5.737482099999999946e-03 1.230270429999999904e-04
5.798629490000000233e-03 1.231925419999999982e-04
5.860256030000000199e-03 1.229469049999999870e-04
