-1.186229289999999985e-02 2.450142930000000175e-04
-1.174121350000000008e-02 2.447475560000000210e-04
-1.162016109999999998e-02 2.446355070000000255e-04
-1.149888429999999968e-02 2.439492529999999970e-04
-1.137747239999999972e-02 2.437828950000000064e-04
-1.125602239999999934e-02 2.432571199999999868e-04
-1.113444289999999948e-02 2.431450559999999970e-04
-1.101316880000000054e-02 2.433402990000000092e-04
-1.089186689999999992e-02 2.434266209999999954e-04
-1.077021010000000015e-02 2.432585899999999948e-04
-1.064844990000000068e-02 2.432600600000000028e-04
-1.052685729999999938e-02 2.433587650000000027e-04
-1.040536629999999976e-02 2.433329940000000064e-04
-1.028382960000000061e-02 2.431839529999999926e-04
-1.016212810000000077e-02 2.431623139999999927e-04
-1.004038290000000035e-02 2.430268940000000061e-04
-9.918674829999999873e-03 2.430213349999999926e-04
-9.797050620000000848e-03 2.431450410000000027e-04
-9.675425479999999467e-03 2.431902980000000096e-04
-9.553777989999999790e-03 2.432792100000000007e-04
-9.432161229999999619e-03 2.432924379999999991e-04
-9.310498829999999670e-03 2.432518380000000049e-04
-9.188914669999999341e-03 2.431905890000000123e-04
-9.067235510000000442e-03 2.428638979999999986e-04
-8.945755660000000511e-03 2.426272399999999962e-04
-8.824436930000000359e-03 2.422406250000000080e-04
-8.703093040000000127e-03 2.421174289999999930e-04
-8.581900039999999785e-03 2.420285020000000076e-04
-8.460898879999999636e-03 2.418816439999999987e-04
-8.339779449999999358e-03 2.414589249999999948e-04
-8.218646050000000258e-03 2.413151090000000009e-04
-8.097850720000000779e-03 2.412957550000000050e-04
-7.977037689999999168e-03 2.412992330000000125e-04
-7.856290789999999594e-03 2.414192279999999974e-04
-7.735621179999999965e-03 2.413500480000000097e-04
-7.614828649999999706e-03 2.409530279999999916e-04
-7.494147869999999607e-03 2.408089489999999915e-04
-7.373632859999999789e-03 2.406852290000000103e-04
-7.253207270000000019e-03 2.405870909999999945e-04
-7.132859430000000091e-03 2.404440460000000098e-04
-7.012422199999999994e-03 2.404461409999999869e-04
-6.892062719999999740e-03 2.405814450000000034e-04
-6.771435499999999864e-03 2.407909630000000046e-04
-6.650786849999999750e-03 2.413380129999999877e-04
-6.530376620000000187e-03 2.413923069999999885e-04
-6.409868600000000194e-03 2.413807090000000093e-04
-6.289237639999999650e-03 2.414503109999999913e-04
-6.168392949999999646e-03 2.412879400000000072e-04
-6.047464909999999624e-03 2.412795869999999907e-04
-5.926532210000000009e-03 2.414311020000000122e-04
-5.805996709999999665e-03 2.412474859999999988e-04
-5.685512910000000038e-03 2.406417189999999887e-04
-5.564981610000000259e-03 2.404522530000000134e-04
-5.444646810000000267e-03 2.402529060000000013e-04
-5.324592349999999856e-03 2.400125960000000090e-04
-5.204615650000000114e-03 2.394745530000000041e-04
-5.084429399999999821e-03 2.393417670000000093e-04
-4.964510440000000080e-03 2.394199839999999909e-04
-4.844192879999999722e-03 2.397526990000000031e-04
-4.723928869999999627e-03 2.407655990000000083e-04
-4.604257179999999769e-03 2.407746509999999964e-04
-4.483981520000000255e-03 2.397926730000000050e-04
-4.363138229999999861e-03 2.397794450000000066e-04
-4.242802969999999972e-03 2.405893899999999967e-04
-4.123028370000000192e-03 2.405448319999999886e-04
-4.003251440000000182e-03 2.404172559999999924e-04
-3.883679630000000209e-03 2.402481189999999931e-04
-3.763596289999999837e-03 2.389259169999999885e-04
-3.643304109999999981e-03 2.385750999999999920e-04
-3.523733700000000052e-03 2.389838770000000045e-04
-3.404306010000000132e-03 2.390454319999999941e-04
-3.284750739999999988e-03 2.388228749999999983e-04
-3.165720959999999973e-03 2.384272229999999891e-04
-3.046823430000000169e-03 2.375485639999999924e-04
-2.927838820000000074e-03 2.372845629999999868e-04
-2.808263760000000078e-03 2.355659379999999910e-04
-2.689398830000000115e-03 2.344572860000000041e-04
-2.572034249999999821e-03 2.338798799999999953e-04
-2.455029169999999820e-03 2.335200120000000066e-04
-2.338300460000000084e-03 2.329807029999999917e-04
-2.222344279999999977e-03 2.323229129999999866e-04
-2.106579720000000076e-03 2.308151600000000027e-04
-1.991381170000000155e-03 2.299325419999999961e-04
-1.876672499999999973e-03 2.282971979999999946e-04
-1.762274770000000048e-03 2.275217850000000133e-04
-1.648594040000000028e-03 2.265629880000000131e-04
-1.535830090000000038e-03 2.256678560000000011e-04
-1.423566139999999898e-03 2.240151079999999910e-04
-1.311913600000000043e-03 2.230531540000000017e-04
-1.200594240000000049e-03 2.211030810000000021e-04
-1.089608879999999893e-03 2.202002359999999913e-04
-9.797038510000000231e-04 2.193254480000000038e-04
-8.700402100000000126e-04 2.188657090000000122e-04
-7.607536390000000205e-04 2.182173630000000010e-04
-6.515726559999999827e-04 2.179206199999999898e-04
-5.426898129999999576e-04 2.175935369999999975e-04
-4.338743460000000270e-04 2.173762770000000049e-04
-3.252178139999999866e-04 2.170379299999999998e-04
-2.167411439999999978e-04 2.168918869999999870e-04
-1.083897810000000050e-04 2.166025809999999933e-04
4.051479860000000114e-08 2.165790209999999985e-04
1.083304089999999933e-04 2.166796040000000024e-04
2.167342030000000042e-04 2.167841449999999932e-04
3.251728190000000170e-04 2.170164949999999978e-04
4.337750140000000117e-04 2.171983210000000080e-04
5.424469710000000538e-04 2.175870319999999964e-04
6.513277769999999784e-04 2.178523140000000063e-04
7.604454290000000217e-04 2.183596370000000036e-04
8.699505709999999720e-04 2.187153729999999959e-04
9.795450610000000415e-04 2.193892720000000071e-04
1.089614119999999988e-03 2.199761220000000098e-04
1.199950109999999969e-03 2.211612150000000004e-04
1.311271099999999955e-03 2.221789759999999892e-04
1.422884520000000002e-03 2.245182109999999912e-04
1.534719599999999915e-03 2.254935099999999992e-04
1.647592060000000001e-03 2.264736829999999931e-04
1.761203519999999904e-03 2.272700799999999896e-04
1.875258280000000055e-03 2.287432139999999870e-04
1.990002350000000166e-03 2.296871830000000124e-04
2.105375290000000184e-03 2.314361630000000107e-04
2.221029949999999906e-03 2.322353099999999962e-04
2.337239450000000007e-03 2.333560259999999976e-04
2.453713680000000046e-03 2.338544870000000065e-04
2.570797919999999893e-03 2.342210789999999885e-04
2.688223500000000172e-03 2.346213589999999907e-04
2.805777589999999995e-03 2.355183970000000032e-04
2.923883029999999831e-03 2.361720690000000103e-04
3.042266010000000027e-03 2.375253680000000069e-04
3.160765859999999875e-03 2.380829680000000098e-04
3.279856409999999927e-03 2.386474810000000098e-04
3.399061740000000175e-03 2.389196739999999977e-04
3.518696640000000021e-03 2.391410379999999900e-04
3.638146909999999921e-03 2.391100130000000084e-04
3.757657480000000001e-03 2.387422429999999901e-04
3.878146179999999998e-03 2.391317979999999942e-04
3.998359669999999866e-03 2.406720739999999913e-04
4.117814820000000216e-03 2.408363650000000012e-04
4.238037860000000087e-03 2.400128000000000070e-04
4.358830400000000306e-03 2.400580559999999908e-04
4.479277410000000355e-03 2.407598219999999985e-04
4.599230359999999587e-03 2.407159629999999892e-04
4.719060849999999821e-03 2.407971620000000086e-04
4.838765130000000428e-03 2.407505239999999905e-04
4.959121809999999728e-03 2.397153729999999914e-04
5.080759060000000424e-03 2.401117379999999975e-04
5.202717150000000200e-03 2.404969269999999916e-04
5.323752299999999840e-03 2.400163359999999996e-04
5.443766249999999925e-03 2.403840340000000075e-04
5.564031189999999773e-03 2.407321009999999878e-04
5.684597880000000387e-03 2.411960889999999961e-04
5.804982969999999791e-03 2.412545580000000111e-04
5.925386210000000396e-03 2.413879559999999999e-04
6.045874669999999618e-03 2.414875049999999884e-04
6.166649050000000409e-03 2.412883769999999957e-04
6.287639959999999882e-03 2.413468610000000050e-04
6.408663929999999960e-03 2.416377390000000057e-04
6.529332139999999979e-03 2.415293859999999868e-04
6.650012450000000221e-03 2.410261220000000065e-04
6.770749579999999802e-03 2.408135619999999903e-04
6.891262720000000154e-03 2.405967530000000117e-04
7.011707409999999932e-03 2.405431440000000115e-04
7.132041730000000107e-03 2.405779380000000033e-04
7.252425889999999757e-03 2.406204000000000112e-04
7.372805849999999710e-03 2.407460710000000029e-04
7.493307349999999735e-03 2.408644070000000032e-04
7.613870319999999602e-03 2.410906019999999907e-04
7.734483109999999891e-03 2.412019820000000031e-04
7.855119179999999965e-03 2.414726479999999939e-04
7.975732909999999967e-03 2.415568740000000069e-04
8.096707050000000530e-03 2.413738260000000007e-04
8.217768740000000807e-03 2.412951580000000052e-04
8.338604120000000716e-03 2.412713509999999946e-04
8.459583859999999719e-03 2.414147599999999884e-04
8.580522610000000314e-03 2.418806829999999898e-04
8.701493030000000128e-03 2.420672389999999920e-04
8.822631089999999690e-03 2.423069670000000059e-04
8.943989870000000272e-03 2.425262499999999923e-04
9.065452959999999519e-03 2.429612360000000127e-04
9.186872279999999322e-03 2.430914170000000082e-04
9.308460169999999492e-03 2.431726169999999965e-04
9.430130939999999823e-03 2.432519689999999965e-04
9.552053180000000601e-03 2.432385519999999944e-04
9.674007070000000680e-03 2.431870379999999984e-04
9.795865040000000662e-03 2.430206660000000095e-04
9.917629880000000675e-03 2.429712329999999924e-04
1.003929129999999934e-02 2.430060410000000096e-04
1.016098730000000033e-02 2.430387539999999955e-04
1.028268130000000065e-02 2.431315659999999884e-04
1.040444060000000025e-02 2.432039620000000005e-04
1.052626320000000018e-02 2.433006300000000084e-04
1.064802890000000023e-02 2.433020270000000099e-04
1.076982540000000037e-02 2.432555779999999955e-04
1.089162100000000064e-02 2.432381729999999909e-04
1.101352929999999987e-02 2.431841279999999981e-04
1.113536300000000055e-02 2.431194299999999905e-04
1.125709429999999928e-02 2.429258459999999900e-04
1.137945989999999963e-02 2.431701429999999888e-04
1.150170990000000046e-02 2.440403329999999988e-04
1.162370570000000047e-02 2.442672849999999972e-04
1.174581239999999971e-02 2.447138539999999755e-04
