-2.999999999999999889e-02 9.590844999999999481e-05
-2.970000000000000070e-02 9.591039269999999505e-05
-2.939999999999999905e-02 9.585136289999999560e-05
-2.910000000000000087e-02 9.465820039999999413e-05
-2.879999999999999921e-02 9.424782180000000620e-05
-2.850000000000000103e-02 9.391907950000000064e-05
-2.819999999999999937e-02 9.383660650000000324e-05
-2.790000000000000119e-02 9.391202180000000172e-05
-2.759999999999999953e-02 9.386490270000000323e-05
-2.730000000000000135e-02 9.386490270000000323e-05
-2.699999999999999969e-02 9.387744650000000063e-05
-2.670000000000000151e-02 9.374401270000000310e-05
-2.639999999999999986e-02 9.374453660000000492e-05
-2.610000000000000167e-02 9.374066580000000573e-05
-2.580000000000000002e-02 9.370878979999999574e-05
-2.549999999999999836e-02 9.375520310000000639e-05
-2.520000000000000018e-02 9.374057119999999884e-05
-2.489999999999999852e-02 9.374057119999999884e-05
-2.460000000000000034e-02 9.374746149999999445e-05
-2.429999999999999868e-02 9.365270669999999629e-05
-2.400000000000000050e-02 9.370224869999999799e-05
-2.369999999999999885e-02 9.383761789999999511e-05
-2.340000000000000066e-02 9.379651600000000610e-05
-2.309999999999999901e-02 9.369789039999999519e-05
-2.280000000000000082e-02 9.370960470000000030e-05
-2.249999999999999917e-02 9.388751639999999533e-05
-2.220000000000000098e-02 9.393502110000000345e-05
-2.189999999999999933e-02 9.385379960000000618e-05
-2.160000000000000114e-02 9.385518929999999349e-05
-2.129999999999999949e-02 9.382811549999999607e-05
-2.100000000000000130e-02 9.380563279999999551e-05
-2.069999999999999965e-02 9.384817529999999342e-05
-2.040000000000000147e-02 9.377869719999999882e-05
-2.009999999999999981e-02 9.356017110000000483e-05
-1.980000000000000163e-02 9.348980529999999570e-05
-1.949999999999999997e-02 9.336796939999999947e-05
-1.919999999999999832e-02 9.335004869999999821e-05
-1.890000000000000013e-02 9.337325169999999644e-05
-1.859999999999999848e-02 9.333543860000000113e-05
-1.830000000000000029e-02 9.336637589999999709e-05
-1.799999999999999864e-02 9.337194930000000182e-05
-1.770000000000000046e-02 9.331973710000000658e-05
-1.739999999999999880e-02 9.333530029999999539e-05
-1.710000000000000062e-02 9.324634450000000038e-05
-1.679999999999999896e-02 9.321615649999999463e-05
-1.650000000000000078e-02 9.323743139999999391e-05
-1.619999999999999912e-02 9.321861579999999605e-05
-1.590000000000000094e-02 9.326695729999999712e-05
-1.559999999999999928e-02 9.327565200000000078e-05
-1.529999999999999936e-02 9.318476080000000618e-05
-1.499999999999999944e-02 9.314750790000000588e-05
-1.469999999999999953e-02 9.312623300000000661e-05
-1.439999999999999961e-02 9.314992349999999489e-05
-1.409999999999999969e-02 9.322147529999999483e-05
-1.379999999999999977e-02 9.321628019999999909e-05
-1.349999999999999985e-02 9.323174159999999893e-05
-1.319999999999999993e-02 9.321812830000000599e-05
-1.290000000000000001e-02 9.318912630000000460e-05
-1.260000000000000009e-02 9.318633969999999371e-05
-1.230000000000000017e-02 9.309544839999999409e-05
-1.200000000000000025e-02 9.310351019999999779e-05
-1.170000000000000033e-02 9.317506190000000626e-05
-1.140000000000000041e-02 9.313425829999999353e-05
-1.110000000000000049e-02 9.310138559999999797e-05
-1.080000000000000057e-02 9.312089239999999594e-05
-1.050000000000000065e-02 9.315376519999999652e-05
-1.020000000000000073e-02 9.314934869999999859e-05
-9.900000000000000813e-03 9.308552400000000076e-05
-9.599999999999999159e-03 9.309203600000000094e-05
-9.299999999999999239e-03 9.312490869999999650e-05
-8.999999999999999320e-03 9.309634330000000424e-05
-8.699999999999999400e-03 9.302672699999999537e-05
-8.399999999999999481e-03 9.301333189999999519e-05
-8.099999999999999561e-03 9.306747959999999505e-05
-7.799999999999999642e-03 9.310525639999999716e-05
-7.499999999999999722e-03 9.312266770000000643e-05
-7.199999999999999803e-03 9.311639590000000597e-05
-6.899999999999999883e-03 9.307965230000000620e-05
-6.599999999999999964e-03 9.304814739999999601e-05
-6.300000000000000044e-03 9.306555149999999610e-05
-6.000000000000000125e-03 9.308730659999999834e-05
-5.700000000000000205e-03 9.309504089999999607e-05
-5.400000000000000286e-03 9.310409950000000392e-05
-5.100000000000000366e-03 9.305187999999999448e-05
-4.799999999999999580e-03 9.301146930000000557e-05
-4.499999999999999660e-03 9.304047850000000258e-05
-4.199999999999999740e-03 9.305633279999999915e-05
-3.899999999999999821e-03 9.309114099999999932e-05
-3.599999999999999901e-03 9.309061720000000252e-05
-3.299999999999999982e-03 9.298425720000000241e-05
-3.000000000000000062e-03 9.297798529999999693e-05
-2.700000000000000143e-03 9.302439869999999905e-05
-2.399999999999999790e-03 9.301173119999999719e-05
-2.099999999999999870e-03 9.299432709999999711e-05
-1.799999999999999951e-03 9.300489909999999671e-05
-1.500000000000000031e-03 9.303970729999999688e-05
-1.199999999999999895e-03 9.304110429999999838e-05
-8.999999999999999754e-04 9.304883859999999612e-05
-5.999999999999999474e-04 9.307032450000000609e-05
-2.999999999999999737e-04 9.306174620000000623e-05
2.095500000000000053e-09 9.305989079999999868e-05
2.999999999999999737e-04 9.299413800000000190e-05
5.999999999999999474e-04 9.299677190000000225e-05
8.999999999999999754e-04 9.301380490000000253e-05
1.199999999999999895e-03 9.298882650000000235e-05
1.500000000000000031e-03 9.295643390000000474e-05
1.799999999999999951e-03 9.295518249999999607e-05
2.099999999999999870e-03 9.302105899999999730e-05
2.399999999999999790e-03 9.305716230000000500e-05
2.700000000000000143e-03 9.304748529999999347e-05
3.000000000000000062e-03 9.305324059999999778e-05
3.299999999999999982e-03 9.307064469999999786e-05
3.599999999999999901e-03 9.305322599999999648e-05
3.899999999999999821e-03 9.306869469999999697e-05
4.199999999999999740e-03 9.308175500000000408e-05
4.499999999999999660e-03 9.307015719999999425e-05
4.799999999999999580e-03 9.307799339999999952e-05
5.100000000000000366e-03 9.307606519999999555e-05
5.400000000000000286e-03 9.305446289999999533e-05
5.700000000000000205e-03 9.305446289999999533e-05
6.000000000000000125e-03 9.308698649999999804e-05
6.300000000000000044e-03 9.315081119999999587e-05
6.599999999999999964e-03 9.315452190000000595e-05
6.899999999999999883e-03 9.313711050000000522e-05
7.199999999999999803e-03 9.313502230000000361e-05
7.499999999999999722e-03 9.313888589999999362e-05
7.799999999999999642e-03 9.313518969999999336e-05
8.099999999999999561e-03 9.305395359999999480e-05
8.399999999999999481e-03 9.304511329999999830e-05
8.699999999999999400e-03 9.309540469999999523e-05
8.999999999999999320e-03 9.310446330000000307e-05
9.299999999999999239e-03 9.313540800000000470e-05
9.599999999999999159e-03 9.313935879999999594e-05
9.900000000000000813e-03 9.313548799999999675e-05
1.020000000000000073e-02 9.313780900000000597e-05
1.050000000000000065e-02 9.313973710000000492e-05
1.080000000000000057e-02 9.315019270000000071e-05
1.110000000000000049e-02 9.316373330000000225e-05
1.140000000000000041e-02 9.314400810000000148e-05
1.170000000000000033e-02 9.309372400000000519e-05
1.200000000000000025e-02 9.313922780000000439e-05
1.230000000000000017e-02 9.315663920000000512e-05
1.260000000000000009e-02 9.312110340000000664e-05
1.290000000000000001e-02 9.311723259999999389e-05
1.319999999999999993e-02 9.310935270000000332e-05
1.349999999999999985e-02 9.316543580000000277e-05
1.379999999999999977e-02 9.321373360000000498e-05
1.409999999999999969e-02 9.323113770000000507e-05
1.439999999999999961e-02 9.326000140000000071e-05
1.469999999999999953e-02 9.333349590000000089e-05
1.499999999999999944e-02 9.333668280000000062e-05
1.529999999999999936e-02 9.332702029999999892e-05
1.559999999999999928e-02 9.329147719999999978e-05
1.590000000000000094e-02 9.330308240000000173e-05
1.619999999999999912e-02 9.332499760000000663e-05
1.650000000000000078e-02 9.324571149999999540e-05
1.679999999999999896e-02 9.329208109999999365e-05
1.710000000000000062e-02 9.338684320000000601e-05
1.739999999999999880e-02 9.334991049999999749e-05
1.770000000000000046e-02 9.335764479999999522e-05
1.799999999999999864e-02 9.339756799999999407e-05
1.830000000000000029e-02 9.345945730000000586e-05
1.859999999999999848e-02 9.347876769999999443e-05
1.890000000000000013e-02 9.347876769999999443e-05
1.919999999999999832e-02 9.348922319999999875e-05
1.949999999999999997e-02 9.343506100000000263e-05
1.980000000000000163e-02 9.346160370000000260e-05
2.009999999999999981e-02 9.370529009999999635e-05
2.040000000000000147e-02 9.380000119999999566e-05
2.069999999999999965e-02 9.393732030000000221e-05
2.100000000000000130e-02 9.399027480000000207e-05
2.129999999999999949e-02 9.380073609999999462e-05
2.160000000000000114e-02 9.375595980000000227e-05
2.189999999999999933e-02 9.383138240000000140e-05
2.220000000000000098e-02 9.381484410000000035e-05
2.249999999999999917e-02 9.386899910000000085e-05
2.280000000000000082e-02 9.385436719999999330e-05
2.309999999999999901e-02 9.370737829999999796e-05
2.340000000000000066e-02 9.373507779999999971e-05
2.369999999999999885e-02 9.377762759999999826e-05
2.400000000000000050e-02 9.375341319999999461e-05
2.429999999999999868e-02 9.380369739999999592e-05
2.460000000000000034e-02 9.379045509999999776e-05
2.489999999999999852e-02 9.376144590000000075e-05
2.520000000000000018e-02 9.376900559999999955e-05
2.549999999999999836e-02 9.370711630000000132e-05
2.580000000000000002e-02 9.373718790000000326e-05
2.610000000000000167e-02 9.378554390000000060e-05
2.639999999999999986e-02 9.378344839999999834e-05
2.670000000000000151e-02 9.380859409999999681e-05
2.699999999999999969e-02 9.378755930000000579e-05
2.730000000000000135e-02 9.389006300000000299e-05
2.759999999999999953e-02 9.396474340000000251e-05
2.790000000000000119e-02 9.393380610000000655e-05
2.819999999999999937e-02 9.398355180000000475e-05
2.850000000000000103e-02 9.406284520000000307e-05
2.879999999999999921e-02 9.447090270000000386e-05
2.910000000000000087e-02 9.562939520000000588e-05
2.939999999999999905e-02 9.570673860000000332e-05
2.970000000000000070e-02 9.514587149999999857e-05
