-4.526183470000000320e-03 9.501200110000000546e-05
-4.479234569999999797e-03 9.487767969999999843e-05
-4.432407670000000112e-03 9.482121100000000290e-05
-4.385099279999999690e-03 9.404061709999999349e-05
-4.337594840000000285e-03 9.381336709999999325e-05
-4.290628710000000089e-03 9.390329069999999985e-05
-4.243834880000000101e-03 9.389649490000000610e-05
-4.197065249999999692e-03 9.391830829999999494e-05
-4.150175960000000372e-03 9.393415530000000441e-05
-4.103086419999999769e-03 9.382257850000000311e-05
-4.055834379999999698e-03 9.394408699999999839e-05
-4.008742979999999588e-03 9.437195690000000118e-05
-3.961899320000000085e-03 9.437769769999999566e-05
-3.914934119999999643e-03 9.437042169999999895e-05
-3.868003379999999849e-03 9.428303020000000374e-05
-3.820918969999999998e-03 9.360655530000000436e-05
-3.773772390000000067e-03 9.346428119999999678e-05
-3.726923610000000206e-03 9.374209179999999978e-05
-3.680061080000000210e-03 9.378654070000000474e-05
-3.633146409999999955e-03 9.364631840000000056e-05
-3.586330219999999975e-03 9.360066179999999934e-05
-3.539477469999999931e-03 9.358963139999999369e-05
-3.492519730000000037e-03 9.358494570000000349e-05
-3.445678159999999990e-03 9.358884560000000025e-05
-3.398865000000000046e-03 9.363692519999999614e-05
-3.352047639999999971e-03 9.376339590000000164e-05
-3.305305259999999964e-03 9.370040060000000464e-05
-3.258347050000000213e-03 9.334342759999999487e-05
-3.211445179999999986e-03 9.324479469999999686e-05
-3.164875089999999794e-03 9.334694189999999555e-05
-3.118313149999999995e-03 9.337883970000000246e-05
-3.071617799999999850e-03 9.342187700000000462e-05
-3.024817909999999790e-03 9.343661800000000177e-05
-2.978065980000000213e-03 9.338120439999999698e-05
-2.931409519999999928e-03 9.336759829999999967e-05
-2.884670389999999945e-03 9.336852959999999448e-05
-2.837812529999999937e-03 9.337662049999999575e-05
-2.791061300000000165e-03 9.340043470000000203e-05
-2.744398309999999952e-03 9.341963600000000099e-05
-2.697626590000000088e-03 9.346818839999999418e-05
-2.650741250000000163e-03 9.349011089999999973e-05
-2.603938569999999977e-03 9.351161860000000662e-05
-2.557138449999999969e-03 9.358124229999999406e-05
-2.510075919999999860e-03 9.333710479999999491e-05
-2.463485579999999918e-03 9.296569619999999552e-05
-2.417119919999999918e-03 9.248357669999999889e-05
-2.370798959999999983e-03 9.222012160000000200e-05
-2.324726430000000066e-03 9.172842689999999635e-05
-2.278895579999999817e-03 9.146890079999999378e-05
-2.233188599999999871e-03 9.112667609999999536e-05
-2.187463220000000156e-03 9.095242420000000238e-05
-2.141997679999999970e-03 9.072961260000000200e-05
-2.096747050000000168e-03 9.058212160000000176e-05
-2.051514810000000175e-03 9.037387639999999961e-05
-2.006234139999999843e-03 9.026652700000000102e-05
-1.961117609999999799e-03 9.007186599999999425e-05
-1.916147300000000091e-03 8.997547409999999987e-05
-1.871267800000000082e-03 8.985928429999999977e-05
-1.826360119999999917e-03 8.977329710000000670e-05
-1.781356289999999924e-03 8.954405349999999819e-05
-1.736545120000000100e-03 8.940687990000000657e-05
-1.691952700000000061e-03 8.922125560000000570e-05
-1.647465749999999906e-03 8.909108150000000432e-05
-1.602949810000000013e-03 8.884928679999999775e-05
-1.558303370000000071e-03 8.878004160000000223e-05
-1.513836910000000008e-03 8.872001489999999362e-05
-1.469595590000000000e-03 8.862371030000000549e-05
-1.425311089999999926e-03 8.845148110000000479e-05
-1.380484900000000055e-03 8.865430570000000423e-05
-1.335819719999999967e-03 8.931816410000000125e-05
-1.291975379999999894e-03 8.912500930000000416e-05
-1.248018930000000014e-03 8.856991189999999497e-05
-1.204076220000000093e-03 8.830139269999999388e-05
-1.160043639999999970e-03 8.723961950000000073e-05
-1.116141329999999947e-03 8.683903430000000103e-05
-1.072819810000000046e-03 8.669473030000000554e-05
-1.029455799999999923e-03 8.660936150000000261e-05
-9.860845750000000066e-04 8.652399989999999530e-05
-9.428930349999999549e-04 8.644433550000000220e-05
-8.998227419999999541e-04 8.626186170000000285e-05
-8.567320760000000446e-04 8.620833979999999880e-05
-8.136033430000000214e-04 8.615914699999999496e-05
-7.704363670000000455e-04 8.610577790000000648e-05
-7.273931409999999853e-04 8.600122960000000150e-05
-6.844730230000000207e-04 8.594831160000000487e-05
-6.415129760000000099e-04 8.589718350000000646e-05
-5.984778980000000264e-04 8.586535840000000450e-05
-5.555434040000000427e-04 8.578246339999999926e-05
-5.127034379999999714e-04 8.575434190000000322e-05
-4.699228739999999818e-04 8.577531839999999409e-05
-4.271164070000000083e-04 8.574015369999999541e-05
-3.841942819999999859e-04 8.561179130000000272e-05
-3.413692759999999854e-04 8.556553800000000327e-05
-2.986727629999999761e-04 8.548940239999999356e-05
-2.560092539999999826e-04 8.544215230000000352e-05
-2.133107339999999969e-04 8.541404530000000375e-05
-1.704968160000000076e-04 8.541502759999999807e-05
-1.277581030000000007e-04 8.538168189999999517e-05
-8.517232349999999863e-05 8.534565860000000663e-05
-4.252292640000000334e-05 8.526438609999999630e-05
2.588664930000000249e-07 8.526962479999999943e-05
4.291745789999999711e-05 8.529199839999999683e-05
8.552427610000000306e-05 8.534010699999999882e-05
1.282401789999999949e-04 8.542656719999999922e-05
1.710030919999999872e-04 8.542778230000000114e-05
2.136674879999999872e-04 8.543384319999999593e-05
2.562711019999999989e-04 8.545770829999999670e-05
2.989995699999999871e-04 8.547746980000000422e-05
3.418945710000000256e-04 8.552636430000000467e-05
3.846840699999999830e-04 8.567628540000000374e-05
4.273781959999999893e-04 8.573127710000000572e-05
4.701604190000000178e-04 8.573714880000000028e-05
5.130553619999999627e-04 8.574855750000000135e-05
5.560223940000000352e-04 8.582218290000000161e-05
5.989024649999999915e-04 8.585492469999999709e-05
6.417285190000000328e-04 8.587380580000000428e-05
6.847050970000000169e-04 8.591245570000000608e-05
7.277856349999999551e-04 8.600894940000000297e-05
7.707909679999999653e-04 8.605709440000000317e-05
8.137275000000000454e-04 8.614288530000000540e-05
8.567183389999999659e-04 8.620639709999999855e-05
8.998424160000000538e-04 8.632374370000000044e-05
9.430878560000000542e-04 8.638006689999999459e-05
9.862843439999999587e-04 8.645465280000000580e-05
1.029460230000000002e-03 8.652791439999999335e-05
1.072759510000000083e-03 8.668960800000000621e-05
1.116188709999999928e-03 8.676687869999999869e-05
1.159592999999999995e-03 8.685899959999999651e-05
1.203542580000000004e-03 8.727853859999999480e-05
1.247640470000000021e-03 8.836296180000000034e-05
1.291704600000000060e-03 8.867325229999999364e-05
1.335744860000000070e-03 8.940641419999999988e-05
1.379599329999999999e-03 8.961947609999999732e-05
1.424388960000000023e-03 8.882066319999999682e-05
1.469365669999999962e-03 8.858476940000000095e-05
1.513731670000000072e-03 8.877988880000000022e-05
1.558045969999999900e-03 8.887938749999999726e-05
1.602411040000000040e-03 8.907089800000000251e-05
1.646933030000000044e-03 8.917340159999999469e-05
1.691657579999999907e-03 8.928919119999999742e-05
1.736365140000000005e-03 8.938153040000000658e-05
1.780980500000000103e-03 8.962275749999999892e-05
1.825767220000000047e-03 8.975139639999999807e-05
1.870778160000000035e-03 8.990451899999999817e-05
1.915752310000000012e-03 8.999877170000000499e-05
1.960701080000000138e-03 9.013301310000000643e-05
2.005821090000000154e-03 9.022283480000000550e-05
2.051078249999999884e-03 9.041455629999999434e-05
2.096310029999999981e-03 9.053000389999999484e-05
2.141490810000000033e-03 9.076493729999999833e-05
2.186795230000000007e-03 9.092379330000000079e-05
2.232338529999999995e-03 9.113878329999999719e-05
2.278153319999999798e-03 9.131721159999999339e-05
2.323920140000000027e-03 9.171997230000000095e-05
2.369762630000000168e-03 9.197257169999999615e-05
2.415869389999999919e-03 9.240824870000000665e-05
2.462301640000000118e-03 9.269774450000000364e-05
2.508834240000000059e-03 9.315901120000000030e-05
2.555224110000000031e-03 9.330251490000000608e-05
2.601946239999999855e-03 9.332368789999999782e-05
2.648793630000000066e-03 9.334304199999999879e-05
2.695518310000000108e-03 9.342465640000000634e-05
2.742114710000000122e-03 9.344053249999999982e-05
2.788823330000000152e-03 9.347422020000000495e-05
2.835595980000000203e-03 9.346105800000000386e-05
2.882314610000000134e-03 9.333759949999999414e-05
2.929395760000000001e-03 9.357416999999999385e-05
2.976825929999999971e-03 9.364905419999999489e-05
3.023946659999999977e-03 9.342660630000000220e-05
3.070781470000000148e-03 9.346164010000000081e-05
3.117466350000000063e-03 9.344774300000000076e-05
3.164079269999999985e-03 9.335209320000000097e-05
3.210792779999999992e-03 9.331444019999999477e-05
3.257563099999999812e-03 9.329178280000000381e-05
3.304434939999999904e-03 9.340805989999999661e-05
3.351198039999999951e-03 9.373549979999999400e-05
3.397894560000000192e-03 9.381352719999999591e-05
3.444845319999999787e-03 9.378352840000000394e-05
3.491818439999999808e-03 9.372236670000000402e-05
3.538649300000000150e-03 9.361265980000000654e-05
3.585542790000000035e-03 9.367443270000000096e-05
3.632513569999999865e-03 9.389396289999999974e-05
3.679400079999999885e-03 9.385849989999999767e-05
3.726203229999999929e-03 9.372182830000000593e-05
3.772964470000000035e-03 9.371139459999999852e-05
3.819874489999999789e-03 9.361137199999999966e-05
3.867191729999999977e-03 9.375608350000000672e-05
3.914289639999999661e-03 9.434590170000000482e-05
3.961070910000000396e-03 9.443194719999999803e-05
4.008275460000000276e-03 9.414298979999999914e-05
4.055541010000000141e-03 9.401151330000000314e-05
4.102524839999999867e-03 9.393883369999999396e-05
4.149430429999999975e-03 9.392991340000000542e-05
4.196422170000000187e-03 9.393967780000000111e-05
4.243473989999999724e-03 9.391533240000000591e-05
4.290462939999999809e-03 9.377446260000000047e-05
4.337353629999999606e-03 9.372834030000000611e-05
4.384150730000000405e-03 9.375603259999999869e-05
4.431559699999999651e-03 9.406915340000000173e-05
4.479074849999999629e-03 9.494029650000000351e-05
