-1.499999999999999944e-02 6.892416419999999790e-05
-1.485000000000000035e-02 7.044266389999999888e-05
-1.469999999999999953e-02 7.092083979999999990e-05
-1.455000000000000043e-02 7.016158629999999909e-05
-1.439999999999999961e-02 6.961510370000000654e-05
-1.425000000000000051e-02 6.942528850000000617e-05
-1.409999999999999969e-02 6.949360249999999835e-05
-1.395000000000000059e-02 6.930378729999999798e-05
-1.379999999999999977e-02 6.909886000000000066e-05
-1.365000000000000067e-02 6.871922959999999993e-05
-1.349999999999999985e-02 6.878754360000000566e-05
-1.335000000000000075e-02 6.840791320000000494e-05
-1.319999999999999993e-02 6.840791320000000494e-05
-1.305000000000000084e-02 7.049585840000000198e-05
-1.290000000000000001e-02 7.094851029999999555e-05
-1.274999999999999918e-02 6.955001299999999875e-05
-1.260000000000000009e-02 6.914055119999999580e-05
-1.244999999999999926e-02 7.008808460000000328e-05
-1.230000000000000017e-02 7.029281550000000475e-05
-1.214999999999999934e-02 6.972429400000000285e-05
-1.200000000000000025e-02 6.986078369999999501e-05
-1.184999999999999942e-02 7.080831710000000249e-05
-1.170000000000000033e-02 7.101305530000000461e-05
-1.154999999999999950e-02 7.006551459999999648e-05
-1.140000000000000041e-02 6.979253519999999860e-05
-1.124999999999999958e-02 7.017155440000000482e-05
-1.110000000000000049e-02 7.003506469999999911e-05
-1.094999999999999966e-02 7.022457429999999544e-05
-1.080000000000000057e-02 7.022457429999999544e-05
-1.064999999999999974e-02 6.946654319999999720e-05
-1.050000000000000065e-02 6.973952259999999508e-05
-1.034999999999999983e-02 6.784444850000000658e-05
-1.020000000000000073e-02 7.023301439999999458e-05
-1.004999999999999991e-02 7.004350479999999824e-05
-9.900000000000000813e-03 6.663127719999999371e-05
-9.749999999999999986e-03 6.795782250000000676e-05
-9.599999999999999159e-03 6.829904310000000040e-05
-9.450000000000000067e-03 6.779849349999999696e-05
-9.299999999999999239e-03 6.816491080000000211e-05
-9.150000000000000147e-03 7.044266389999999888e-05
-8.999999999999999320e-03 7.051097779999999959e-05
-8.850000000000000228e-03 6.956190920000000343e-05
-8.699999999999999400e-03 6.908373330000000241e-05
-8.550000000000000308e-03 6.908373330000000241e-05
-8.399999999999999481e-03 6.956190920000000343e-05
-8.250000000000000389e-03 6.937210130000000371e-05
-8.099999999999999561e-03 6.766433220000000613e-05
-7.950000000000000469e-03 7.297910630000000527e-05
-7.799999999999999642e-03 7.072484730000000094e-05
-7.649999999999999682e-03 6.616933389999999824e-05
-7.499999999999999722e-03 7.019966140000000459e-05
-7.349999999999999763e-03 6.868116179999999508e-05
-7.199999999999999803e-03 6.824636509999999344e-05
-7.049999999999999843e-03 6.855680110000000166e-05
-6.899999999999999883e-03 6.889802169999999530e-05
-6.749999999999999924e-03 6.927703360000000087e-05
-6.599999999999999964e-03 6.927703360000000087e-05
-6.450000000000000004e-03 6.965604550000000644e-05
-6.300000000000000044e-03 7.006551459999999648e-05
-6.150000000000000085e-03 7.120256490000000094e-05
-6.000000000000000125e-03 7.140729580000000241e-05
-5.850000000000000165e-03 7.102828389999999684e-05
-5.700000000000000205e-03 7.068705600000000256e-05
-5.550000000000000246e-03 7.049754640000000622e-05
-5.400000000000000286e-03 7.029281550000000475e-05
-5.250000000000000326e-03 6.896626290000000461e-05
-5.100000000000000366e-03 6.876153200000000314e-05
-4.950000000000000407e-03 6.838252009999999756e-05
-4.799999999999999580e-03 6.858725099999999904e-05
-4.649999999999999620e-03 6.953478440000000651e-05
-4.499999999999999660e-03 6.953478440000000651e-05
-4.349999999999999700e-03 6.991380359999999918e-05
-4.199999999999999740e-03 7.025502420000000637e-05
-4.049999999999999781e-03 7.101305530000000461e-05
-3.899999999999999821e-03 7.114954499999999677e-05
-3.749999999999999861e-03 7.133904730000000601e-05
-3.599999999999999901e-03 7.113431640000000453e-05
-3.449999999999999942e-03 7.044731320000000442e-05
-3.299999999999999982e-03 6.999473409999999371e-05
-3.150000000000000022e-03 6.809659679999999638e-05
-3.000000000000000062e-03 6.809659679999999638e-05
-2.850000000000000103e-03 6.923548060000000645e-05
-2.700000000000000143e-03 6.944040799999999525e-05
-2.550000000000000183e-03 7.057929180000000532e-05
-2.399999999999999790e-03 7.098915380000000563e-05
-2.249999999999999830e-03 7.022990030000000482e-05
-2.099999999999999870e-03 6.982003830000000450e-05
-1.949999999999999910e-03 7.019966140000000459e-05
-1.799999999999999951e-03 7.013135469999999950e-05
-1.649999999999999991e-03 6.899247090000000299e-05
-1.500000000000000031e-03 6.871922959999999993e-05
-1.350000000000000071e-03 6.871922959999999993e-05
-1.199999999999999895e-03 6.930843669999999499e-05
-1.049999999999999935e-03 7.056579490000000263e-05
-8.999999999999999754e-04 7.056579490000000263e-05
-7.500000000000000156e-04 7.113431640000000453e-05
-5.999999999999999474e-04 7.106606789999999458e-05
-4.499999999999999877e-04 7.030804409999999699e-05
-2.999999999999999737e-04 7.025057859999999732e-05
-1.499999999999999869e-04 6.910275259999999677e-05
1.047700000000000011e-09 6.884033789999999785e-05
1.499999999999999869e-04 6.959848539999999989e-05
2.999999999999999737e-04 6.959848539999999989e-05
4.499999999999999877e-04 6.959848539999999989e-05
5.999999999999999474e-04 6.966674849999999759e-05
7.500000000000000156e-04 6.947723890000000126e-05
8.999999999999999754e-04 6.981855399999999676e-05
1.049999999999999935e-03 7.026847739999999664e-05
1.199999999999999895e-03 7.015746810000000454e-05
1.350000000000000071e-03 7.053718579999999796e-05
1.500000000000000031e-03 7.046887910000000643e-05
1.649999999999999991e-03 6.970950200000000619e-05
1.799999999999999951e-03 6.975236469999999587e-05
1.949999999999999910e-03 6.987178489999999807e-05
2.099999999999999870e-03 6.939399460000000668e-05
2.249999999999999830e-03 6.863584710000000463e-05
2.399999999999999790e-03 6.897712589999999339e-05
2.550000000000000183e-03 6.935619599999999409e-05
2.700000000000000143e-03 6.915143599999999506e-05
2.850000000000000103e-03 6.725606360000000318e-05
3.000000000000000062e-03 6.787035820000000158e-05
3.150000000000000022e-03 7.185063440000000569e-05
3.299999999999999982e-03 7.205540170000000538e-05
3.449999999999999942e-03 7.167633160000000468e-05
3.599999999999999901e-03 7.126679700000000531e-05
3.749999999999999861e-03 6.925108759999999914e-05
3.899999999999999821e-03 6.879837019999999624e-05
4.049999999999999781e-03 6.879837019999999624e-05
4.199999999999999740e-03 6.913997639999999950e-05
4.349999999999999700e-03 6.989934630000000412e-05
4.499999999999999660e-03 7.014697620000000201e-05
4.649999999999999620e-03 7.102423110000000660e-05
4.799999999999999580e-03 7.075121540000000198e-05
4.950000000000000407e-03 6.942445180000000470e-05
5.100000000000000366e-03 6.935620329999999474e-05
5.250000000000000326e-03 6.973527339999999544e-05
5.400000000000000286e-03 6.980352920000000604e-05
5.550000000000000246e-03 6.980352920000000604e-05
5.700000000000000205e-03 6.994004069999999512e-05
5.850000000000000165e-03 6.956096329999999378e-05
6.000000000000000125e-03 6.962921910000000438e-05
6.150000000000000085e-03 7.133505280000000236e-05
6.300000000000000044e-03 7.113029280000000333e-05
6.450000000000000004e-03 6.930442030000000296e-05
6.599999999999999964e-03 6.953478440000000651e-05
6.749999999999999924e-03 7.048399859999999551e-05
6.899999999999999883e-03 7.014239240000000580e-05
7.049999999999999843e-03 7.052207370000000101e-05
7.199999999999999803e-03 7.131587340000000534e-05
7.349999999999999763e-03 7.219191319999999446e-05
7.499999999999999722e-03 7.157761140000000043e-05
7.649999999999999682e-03 6.835548269999999836e-05
7.799999999999999642e-03 6.828723420000000195e-05
7.950000000000000469e-03 7.131982419999999658e-05
8.099999999999999561e-03 7.145632839999999856e-05
8.250000000000000389e-03 6.937142459999999988e-05
8.399999999999999481e-03 6.916666460000000084e-05
8.550000000000000308e-03 7.049342089999999748e-05
8.699999999999999400e-03 7.083469250000000417e-05
8.850000000000000228e-03 7.064515379999999672e-05
8.999999999999999320e-03 7.064515379999999672e-05
9.150000000000000147e-03 6.938759910000000177e-05
9.299999999999999239e-03 6.879837019999999624e-05
9.450000000000000067e-03 6.936789580000000293e-05
9.599999999999999159e-03 6.961584590000000614e-05
9.749999999999999986e-03 7.011434349999999614e-05
9.900000000000000813e-03 7.031911079999999582e-05
1.004999999999999991e-02 7.012957210000000192e-05
1.020000000000000073e-02 7.012957210000000192e-05
1.034999999999999983e-02 7.088771960000000397e-05
1.050000000000000065e-02 7.109248690000000365e-05
1.064999999999999974e-02 7.109249420000000430e-05
1.080000000000000057e-02 7.109249420000000430e-05
1.094999999999999966e-02 7.128203289999999819e-05
1.110000000000000049e-02 7.135028139999999460e-05
1.124999999999999958e-02 7.097121120000000243e-05
1.140000000000000041e-02 7.090295549999999685e-05
1.154999999999999950e-02 7.116444609999999658e-05
1.170000000000000033e-02 7.132681639999999973e-05
1.184999999999999942e-02 7.170650499999999558e-05
1.200000000000000025e-02 7.156986250000000140e-05
1.214999999999999934e-02 7.138001820000000348e-05
1.230000000000000017e-02 7.162731339999999977e-05
1.244999999999999926e-02 7.250273479999999875e-05
1.260000000000000009e-02 7.216145599999999644e-05
1.274999999999999918e-02 7.026608360000000456e-05
1.290000000000000001e-02 7.012957210000000192e-05
1.305000000000000084e-02 7.031911079999999582e-05
1.319999999999999993e-02 7.052387809999999550e-05
1.335000000000000075e-02 7.090294819999999620e-05
1.349999999999999985e-02 7.110771549999999588e-05
1.365000000000000067e-02 7.243447910000000672e-05
1.379999999999999977e-02 7.209320030000000441e-05
1.395000000000000059e-02 6.962921910000000438e-05
1.409999999999999969e-02 6.956096329999999378e-05
1.425000000000000051e-02 7.114951589999999920e-05
1.439999999999999961e-02 7.151665339999999701e-05
1.455000000000000043e-02 7.208618630000000434e-05
1.469999999999999953e-02 7.194954379999999661e-05
1.485000000000000035e-02 7.043079680000000531e-05
