-5.000000000000000278e-02 1.949221000000013193e-01
-4.950000000000000233e-02 1.615062399999976639e-01
-4.900000000000000189e-02 1.763589600000009250e-01
-4.850000000000000144e-02 1.782141599999986503e-01
-4.800000000000000100e-02 1.819264200000022813e-01
-4.750000000000000056e-02 1.577939799999975024e-01
-4.700000000000000011e-02 2.069901800000014669e-01
-4.649999999999999967e-02 1.605786200000006159e-01
-4.599999999999999922e-02 1.874957399999979402e-01
-4.549999999999999878e-02 1.587215799999998345e-01
-4.499999999999999833e-02 1.893527800000021910e-01
-4.449999999999999789e-02 1.819282799999983324e-01
-4.399999999999999745e-02 1.689325999999992944e-01
-4.349999999999999700e-02 1.865681200000008921e-01
-4.299999999999999656e-02 1.828549400000017422e-01
-4.250000000000000305e-02 1.559378599999999837e-01
-4.200000000000000261e-02 1.689325999999992944e-01
-4.150000000000000216e-02 2.042036600000006752e-01
-4.100000000000000172e-02 1.642918199999987561e-01
-4.050000000000000128e-02 1.717172400000006871e-01
-4.000000000000000083e-02 1.754295199999990063e-01
-3.950000000000000039e-02 1.847119999999999040e-01
-3.899999999999999994e-02 1.735733799999998328e-01
-3.849999999999999950e-02 1.949221000000013193e-01
-3.799999999999999906e-02 1.615062199999994785e-01
-3.749999999999999861e-02 1.837843999999993205e-01
-3.699999999999999817e-02 1.698601999999999057e-01
-3.649999999999999772e-02 1.847119999999999040e-01
-3.599999999999999728e-02 1.652194199999993396e-01
-3.549999999999999684e-02 1.856405400000027961e-01
-3.500000000000000333e-02 1.828549399999992164e-01
-3.450000000000000289e-02 1.680040800000006385e-01
-3.400000000000000244e-02 1.902812999999990984e-01
-3.350000000000000200e-02 1.540808000000010169e-01
-3.300000000000000155e-02 1.800712199999993657e-01
-3.250000000000000111e-02 1.893527800000004424e-01
-3.200000000000000067e-02 1.828558799999989160e-01
-3.150000000000000022e-02 1.791426800000007757e-01
-3.099999999999999978e-02 1.689316799999995011e-01
-3.049999999999999933e-02 1.652203399999991329e-01
-2.999999999999999889e-02 1.921374400000000204e-01
-2.949999999999999845e-02 1.568654600000016774e-01
-2.900000000000000147e-02 1.902812999999990984e-01
-2.850000000000000103e-02 1.707887400000002165e-01
-2.800000000000000058e-02 1.726448399999995220e-01
-2.750000000000000014e-02 1.837844199999992267e-01
-2.699999999999999969e-02 1.893527800000004424e-01
-2.649999999999999925e-02 1.364452599999995130e-01
-2.599999999999999881e-02 2.069883200000002255e-01
-2.549999999999999836e-02 1.615071600000003160e-01
-2.500000000000000139e-02 2.032760600000000639e-01
-2.450000000000000094e-02 1.503676200000010621e-01
-2.400000000000000050e-02 1.782150799999984436e-01
-2.350000000000000006e-02 1.865681400000008261e-01
-2.299999999999999961e-02 1.819273400000003538e-01
-2.249999999999999917e-02 1.689321399999993978e-01
-2.199999999999999872e-02 1.893527799999995820e-01
-2.149999999999999828e-02 1.698606600000009681e-01
-2.100000000000000130e-02 1.615067000000001696e-01
-2.050000000000000086e-02 1.735738399999997295e-01
-2.000000000000000042e-02 1.921374400000000204e-01
-1.949999999999999997e-02 1.707887199999994221e-01
-1.899999999999999953e-02 1.800707600000003294e-01
-1.849999999999999908e-02 1.800707599999994690e-01
-1.799999999999999864e-02 1.782146200000006564e-01
-1.750000000000000167e-02 1.670760200000001583e-01
-1.700000000000000122e-02 1.809988199999999492e-01
-1.650000000000000078e-02 1.670760000000002243e-01
-1.600000000000000033e-02 1.930659599999995368e-01
-1.549999999999999989e-02 1.680040799999997780e-01
-1.499999999999999944e-02 1.902813200000005589e-01
-1.450000000000000074e-02 1.698601799999999717e-01
-1.400000000000000029e-02 1.661479599999996504e-01
-1.349999999999999985e-02 1.912093599999996063e-01
-1.299999999999999940e-02 1.485119600000004980e-01
-1.250000000000000069e-02 1.874966600000003425e-01
-1.200000000000000025e-02 1.819268799999995689e-01
-1.149999999999999981e-02 1.809992799999998458e-01
-1.099999999999999936e-02 1.717170200000004143e-01
-1.050000000000000065e-02 1.939937999999996054e-01
-1.000000000000000021e-02 1.772863399999998202e-01
-9.499999999999999764e-03 1.587222800000000766e-01
-8.999999999999999320e-03 1.874964200000002190e-01
-8.500000000000000611e-03 1.670760000000002243e-01
-8.000000000000000167e-03 1.772860999999994747e-01
-7.499999999999999722e-03 1.874964200000003300e-01
-7.000000000000000146e-03 1.754299799999997911e-01
-6.499999999999999702e-03 1.754297400000001672e-01
-6.000000000000000125e-03 1.707889619999999609e-01
-5.499999999999999681e-03 1.772862159999999687e-01
-5.000000000000000104e-03 1.800708699999998830e-01
-4.499999999999999660e-03 1.707887280000001118e-01
-4.000000000000000083e-03 1.680043060000001032e-01
-3.500000000000000073e-03 1.837835879999998867e-01
-3.000000000000000062e-03 1.856401220000001018e-01
-2.500000000000000052e-03 1.735733819999999983e-01
-2.000000000000000042e-03 1.930657299999999632e-01
-1.500000000000000031e-03 1.624354339999999897e-01
-1.000000000000000021e-03 1.763587208000000073e-01
-5.000000000000000104e-04 1.670767059399999865e-01
0.000000000000000000e+00 1.819279596599999993e-01
5.000000000000000104e-04 1.698613196000000047e-01
1.000000000000000021e-03 1.726459019999999345e-01
1.500000000000000031e-03 1.986356220000000672e-01
2.000000000000000042e-03 1.642921119999999902e-01
2.500000000000000052e-03 1.772869719999999316e-01
3.000000000000000062e-03 1.763587360000000437e-01
3.500000000000000073e-03 1.782150940000000738e-01
4.000000000000000083e-03 1.717177220000001281e-01
4.499999999999999660e-03 1.958510839999998421e-01
5.000000000000000104e-03 1.670767080000000737e-01
5.499999999999999681e-03 1.698613639999997926e-01
6.000000000000000125e-03 1.633637600000002743e-01
6.499999999999999702e-03 1.884254199999997603e-01
7.000000000000000146e-03 1.809997400000000756e-01
7.499999999999999722e-03 1.912100799999997547e-01
8.000000000000000167e-03 1.707894200000000806e-01
8.500000000000000611e-03 1.652203400000001321e-01
8.999999999999999320e-03 1.791434000000000637e-01
9.499999999999999764e-03 1.912098399999998533e-01
1.000000000000000021e-02 1.596512799999998400e-01
1.050000000000000065e-02 1.856407600000004043e-01
1.099999999999999936e-02 1.698611200000001153e-01
1.149999999999999981e-02 1.791436199999996426e-01
1.200000000000000025e-02 1.735738599999996634e-01
1.250000000000000069e-02 1.809997400000003809e-01
1.299999999999999940e-02 1.689330600000000515e-01
1.349999999999999985e-02 1.874971200000002391e-01
1.400000000000000029e-02 1.707896599999991216e-01
1.450000000000000074e-02 1.856410000000007499e-01
1.499999999999999944e-02 1.782151000000000984e-01
1.549999999999999989e-02 1.652203399999999933e-01
1.600000000000000033e-02 1.819278199999992962e-01
1.650000000000000078e-02 1.772870199999996843e-01
1.700000000000000122e-02 1.763585200000001019e-01
1.750000000000000167e-02 1.791436200000008638e-01
1.799999999999999864e-02 1.735738399999997295e-01
1.849999999999999908e-02 1.670769399999999516e-01
1.899999999999999953e-02 1.912098400000002973e-01
1.949999999999999997e-02 1.726457799999992493e-01
2.000000000000000042e-02 1.772870400000004787e-01
2.050000000000000086e-02 1.921383599999998137e-01
2.100000000000000130e-02 1.670764800000011929e-01
2.149999999999999828e-02 1.596510399999990781e-01
2.199999999999999872e-02 1.828563399999996730e-01
2.249999999999999917e-02 1.847129399999996313e-01
2.299999999999999961e-02 1.809997399999997425e-01
2.350000000000000006e-02 1.828558800000006646e-01
2.400000000000000050e-02 1.735742999999996261e-01
2.450000000000000094e-02 1.587225199999995340e-01
2.500000000000000139e-02 1.819282800000013300e-01
2.549999999999999836e-02 1.837843999999993205e-01
2.599999999999999881e-02 1.717172600000005933e-01
2.649999999999999925e-02 1.652203399999991329e-01
2.699999999999999969e-02 2.144155999999999285e-01
2.750000000000000014e-02 1.531532200000003396e-01
2.800000000000000058e-02 1.819282600000001471e-01
2.850000000000000103e-02 1.642918400000004109e-01
2.900000000000000147e-02 1.596510400000010488e-01
2.949999999999999845e-02 2.079177599999986747e-01
2.999999999999999889e-02 1.707896600000000098e-01
3.049999999999999933e-02 1.809997399999997425e-01
3.099999999999999978e-02 1.726457800000009701e-01
3.150000000000000022e-02 1.698611399999996052e-01
3.200000000000000067e-02 1.939944999999989872e-01
3.250000000000000111e-02 1.485133399999996606e-01
3.300000000000000155e-02 1.967791600000002861e-01
3.350000000000000200e-02 1.726457799999992493e-01
3.400000000000000244e-02 1.809997399999997425e-01
3.450000000000000289e-02 1.847119999999999040e-01
3.500000000000000333e-02 1.680050200000026972e-01
3.549999999999999684e-02 1.680050000000004318e-01
3.599999999999999728e-02 1.689335199999990877e-01
3.649999999999999772e-02 1.856405400000002148e-01
3.699999999999999817e-02 1.735743199999995601e-01
3.749999999999999861e-02 2.042045800000004685e-01
3.799999999999999906e-02 1.485124199999998673e-01
3.849999999999999950e-02 1.745028399999999369e-01
3.899999999999999994e-02 1.930659599999986764e-01
3.950000000000000039e-02 1.791436200000005030e-01
4.000000000000000083e-02 1.791436200000005030e-01
4.050000000000000128e-02 1.726457999999991555e-01
4.100000000000000172e-02 1.642918200000004769e-01
4.150000000000000216e-02 1.782150799999984436e-01
4.200000000000000261e-02 1.661488800000011923e-01
4.250000000000000305e-02 1.865690600000014521e-01
4.299999999999999656e-02 1.837844000000010414e-01
4.349999999999999700e-02 1.754304399999987996e-01
4.399999999999999745e-02 1.689326000000010430e-01
4.449999999999999789e-02 1.819282800000000533e-01
4.499999999999999833e-02 1.735743199999978115e-01
4.549999999999999878e-02 1.809988199999999492e-01
4.599999999999999922e-02 1.707896600000000098e-01
4.649999999999999967e-02 1.893546399999999630e-01
4.700000000000000011e-02 1.661479399999997442e-01
4.750000000000000056e-02 1.763589799999991103e-01
4.800000000000000100e-02 1.782141600000021198e-01
4.850000000000000144e-02 1.800730799999988585e-01
4.900000000000000189e-02 1.698601999999999057e-01
