-1.186517160000000008e-02 2.443664130000000145e-04
-1.174252389999999938e-02 2.444747079999999941e-04
-1.162001120000000047e-02 2.444329730000000087e-04
-1.149788499999999936e-02 2.449606549999999976e-04
-1.137654110000000003e-02 2.446808210000000214e-04
-1.125526150000000052e-02 2.440100650000000010e-04
-1.113366889999999922e-02 2.439564709999999951e-04
-1.101156319999999945e-02 2.429532320000000111e-04
-1.088921259999999988e-02 2.427388539999999952e-04
-1.076692620000000052e-02 2.424326669999999902e-04
-1.064443120000000027e-02 2.424480190000000124e-04
-1.052234229999999930e-02 2.429860609999999943e-04
-1.040091460000000002e-02 2.427833819999999877e-04
-1.027987059999999932e-02 2.428608129999999929e-04
-1.015863569999999987e-02 2.429374729999999889e-04
-1.003700960000000059e-02 2.425005510000000065e-04
-9.914807980000000728e-03 2.427553119999999892e-04
-9.792318569999999833e-03 2.429834279999999985e-04
-9.670106689999999339e-03 2.428985029999999868e-04
-9.548041040000000007e-03 2.429043229999999873e-04
-9.426318109999999931e-03 2.427003779999999979e-04
-9.305113929999999159e-03 2.429980669999999966e-04
-9.183639659999999483e-03 2.432674520000000103e-04
-9.061642919999999754e-03 2.431456669999999950e-04
-8.940021509999999949e-03 2.428769800000000112e-04
-8.818208240000000031e-03 2.418118820000000055e-04
-8.696682750000000323e-03 2.412557219999999949e-04
-8.576108140000000130e-03 2.412963219999999891e-04
-8.455636909999999715e-03 2.412496830000000021e-04
-8.335113530000000381e-03 2.412174649999999899e-04
-8.214284670000000441e-03 2.413897019999999892e-04
-8.092987350000000607e-03 2.409058510000000131e-04
-7.971685379999999405e-03 2.407345019999999891e-04
-7.850865829999999559e-03 2.410615710000000103e-04
-7.730192040000000153e-03 2.410258889999999888e-04
-7.609686350000000390e-03 2.412071479999999878e-04
-7.489435840000000129e-03 2.411848839999999915e-04
-7.368978110000000414e-03 2.407770080000000109e-04
-7.248240520000000069e-03 2.407978899999999999e-04
-7.127412129999999985e-03 2.407050920000000053e-04
-7.006701080000000276e-03 2.406013810000000048e-04
-6.886304820000000403e-03 2.408372240000000112e-04
-6.766142789999999609e-03 2.407815340000000050e-04
-6.646116260000000352e-03 2.408530560000000128e-04
-6.525862500000000066e-03 2.410152369999999972e-04
-6.405184050000000198e-03 2.407581489999999886e-04
-6.284371020000000321e-03 2.407463029999999974e-04
-6.163627369999999904e-03 2.408294390000000019e-04
-6.043353119999999960e-03 2.405781559999999996e-04
-5.923202259999999636e-03 2.402687100000000064e-04
-5.803123579999999726e-03 2.401140519999999941e-04
-5.683291239999999946e-03 2.399127699999999890e-04
-5.563364829999999615e-03 2.398967479999999876e-04
-5.443243310000000015e-03 2.395270859999999941e-04
-5.322894079999999570e-03 2.395305779999999999e-04
-5.202717150000000200e-03 2.398266809999999934e-04
-5.083242899999999842e-03 2.394460900000000038e-04
-4.964019640000000115e-03 2.388067369999999996e-04
-4.845278800000000011e-03 2.383522220000000049e-04
-4.726482560000000097e-03 2.369971479999999993e-04
-4.607647660000000270e-03 2.365321850000000109e-04
-4.489312879999999596e-03 2.360740620000000131e-04
-4.370959940000000363e-03 2.359202339999999910e-04
-4.252807239999999850e-03 2.358274359999999964e-04
-4.134529740000000148e-03 2.358692000000000015e-04
-4.016524649999999620e-03 2.364394459999999973e-04
-3.898910480000000039e-03 2.364102109999999919e-04
-3.781262550000000049e-03 2.362729720000000095e-04
-3.663389940000000115e-03 2.363585809999999986e-04
-3.544924080000000192e-03 2.357865449999999995e-04
-3.426676379999999810e-03 2.354496680000000024e-04
-3.308844290000000164e-03 2.350277499999999962e-04
-3.191325349999999967e-03 2.346878320000000072e-04
-3.074204320000000108e-03 2.344071980000000022e-04
-2.957329390000000037e-03 2.341585199999999991e-04
-2.840445139999999910e-03 2.334521120000000000e-04
-2.723717599999999836e-03 2.330404530000000109e-04
-2.607169790000000206e-03 2.321972860000000088e-04
-2.490813609999999872e-03 2.318422920000000060e-04
-2.374875130000000164e-03 2.315523310000000003e-04
-2.259052589999999919e-03 2.313783189999999920e-04
-2.143466609999999852e-03 2.312894070000000009e-04
-2.028371670000000092e-03 2.309629490000000048e-04
-1.913271960000000093e-03 2.300486230000000081e-04
-1.798558630000000099e-03 2.294875890000000116e-04
-1.683975340000000041e-03 2.281460620000000036e-04
-1.569738960000000060e-03 2.274548900000000025e-04
-1.456197580000000071e-03 2.266932720000000036e-04
-1.342868550000000070e-03 2.262916389999999867e-04
-1.229756509999999949e-03 2.257081940000000122e-04
-1.116943779999999935e-03 2.253183629999999996e-04
-1.004375870000000052e-03 2.244726059999999925e-04
-8.919762909999999750e-04 2.240672039999999925e-04
-7.800071619999999909e-04 2.236588330000000111e-04
-6.681761009999999563e-04 2.234289710000000124e-04
-5.565410830000000171e-04 2.231173710000000068e-04
-4.449014960000000117e-04 2.229473320000000067e-04
-3.333837080000000199e-04 2.226782669999999883e-04
-2.222012550000000068e-04 2.224660419999999889e-04
-1.111557209999999943e-04 2.220098389999999899e-04
1.033441280000000032e-07 2.220077879999999995e-04
1.112533429999999985e-04 2.221141770000000057e-04
2.224777850000000121e-04 2.221971520000000030e-04
3.336256490000000003e-04 2.225551729999999994e-04
4.449475670000000186e-04 2.227885120000000095e-04
5.564355520000000520e-04 2.231598189999999893e-04
6.680604420000000199e-04 2.233756680000000092e-04
7.799093729999999900e-04 2.237710720000000064e-04
8.919938120000000040e-04 2.239938330000000003e-04
1.004090999999999925e-03 2.244220089999999915e-04
1.116630389999999926e-03 2.249023529999999947e-04
1.229426129999999957e-03 2.258090539999999934e-04
1.342399279999999945e-03 2.262420460000000126e-04
1.455711429999999957e-03 2.268800159999999864e-04
1.569321729999999943e-03 2.272886630000000034e-04
1.683095589999999931e-03 2.281508929999999987e-04
1.797494829999999894e-03 2.288365939999999871e-04
1.912237609999999956e-03 2.301686179999999930e-04
2.027048730000000163e-03 2.306893289999999998e-04
2.142624699999999896e-03 2.310360579999999869e-04
2.258379249999999897e-03 2.312682189999999878e-04
2.374115170000000181e-03 2.317695470000000061e-04
2.490113490000000172e-03 2.320441710000000109e-04
2.606231249999999954e-03 2.326074030000000066e-04
2.722579750000000184e-03 2.330118589999999920e-04
2.839246299999999799e-03 2.336053730000000109e-04
2.956148469999999879e-03 2.339604110000000005e-04
3.073342839999999854e-03 2.344591920000000046e-04
3.190598920000000012e-03 2.346756809999999880e-04
3.307976759999999797e-03 2.350739379999999964e-04
3.425779290000000032e-03 2.354721359999999966e-04
3.543811620000000134e-03 2.363740199999999985e-04
3.661537539999999875e-03 2.365148979999999956e-04
3.779736809999999919e-03 2.359380889999999865e-04
3.898144929999999841e-03 2.357916380000000048e-04
4.016337449999999969e-03 2.357449559999999999e-04
4.134305750000000050e-03 2.356579349999999879e-04
4.251989999999999763e-03 2.358899220000000064e-04
4.369699860000000359e-03 2.359887879999999865e-04
4.487574099999999851e-03 2.359887879999999865e-04
4.605895369999999864e-03 2.362567899999999969e-04
4.724387079999999711e-03 2.367169069999999959e-04
4.843671340000000290e-03 2.373580649999999976e-04
4.963130690000000338e-03 2.390276199999999895e-04
5.082236139999999833e-03 2.394164769999999908e-04
5.201689899999999665e-03 2.397358480000000075e-04
5.321215370000000056e-03 2.398287180000000126e-04
5.440971810000000408e-03 2.397015199999999967e-04
5.560966209999999681e-03 2.398637300000000007e-04
5.681235809999999990e-03 2.398559880000000093e-04
5.801575720000000380e-03 2.398956710000000085e-04
5.921721920000000243e-03 2.403287220000000087e-04
6.041787100000000320e-03 2.404359260000000110e-04
6.161692090000000371e-03 2.410004379999999878e-04
6.281512789999999825e-03 2.411528989999999970e-04
6.402064110000000273e-03 2.405399570000000067e-04
6.522958629999999793e-03 2.405254490000000001e-04
6.643691099999999780e-03 2.405738340000000035e-04
6.764400280000000022e-03 2.405117699999999878e-04
6.884794680000000389e-03 2.408636649999999866e-04
7.004711309999999899e-03 2.407689900000000111e-04
7.124606989999999855e-03 2.405408600000000035e-04
7.244952019999999736e-03 2.407281280000000067e-04
7.365645839999999771e-03 2.406662679999999890e-04
7.486579939999999864e-03 2.407880819999999968e-04
7.607411130000000035e-03 2.412984610000000073e-04
7.727745450000000210e-03 2.411843020000000132e-04
7.847921920000000551e-03 2.411301679999999965e-04
7.968082090000000103e-03 2.411009339999999870e-04
8.088523519999999897e-03 2.407337599999999995e-04
8.209520950000000206e-03 2.408701980000000113e-04
8.330641309999999369e-03 2.408642469999999920e-04
8.451624770000000855e-03 2.408461590000000061e-04
8.572277609999999839e-03 2.413487959999999980e-04
8.692977019999999222e-03 2.415583439999999878e-04
8.813598190000000721e-03 2.422717080000000018e-04
8.934374900000000008e-03 2.426218710000000096e-04
9.055507370000000222e-03 2.430007879999999932e-04
9.176885710000000709e-03 2.432848269999999993e-04
9.299112479999999820e-03 2.426603750000000035e-04
9.421601890000000715e-03 2.425928540000000003e-04
9.543404910000000824e-03 2.437322980000000054e-04
9.664514100000000385e-03 2.436599019999999933e-04
9.785532019999999484e-03 2.434271449999999887e-04
9.906677529999999635e-03 2.434863270000000007e-04
1.002829520000000051e-02 2.428638109999999939e-04
1.015041300000000049e-02 2.429396850000000135e-04
1.027258760000000076e-02 2.430556919999999959e-04
1.039436650000000011e-02 2.428600710000000033e-04
1.051573360000000040e-02 2.430031310000000094e-04
1.063673570000000027e-02 2.428360599999999946e-04
1.075762979999999973e-02 2.425538260000000132e-04
1.087884509999999944e-02 2.426450079999999869e-04
1.100057360000000067e-02 2.422246760000000131e-04
1.112324370000000034e-02 2.426384020000000100e-04
1.124573589999999963e-02 2.439004020000000124e-04
1.136762179999999990e-02 2.439238600000000082e-04
1.148933539999999996e-02 2.442749679999999804e-04
1.161065330000000083e-02 2.442297410000000162e-04
1.173226439999999933e-02 2.436130019999999921e-04
