-5.177519279999999967e-03 1.095583790000000004e-04
-5.124027379999999965e-03 1.084631289999999943e-04
-5.068936849999999654e-03 1.090875880000000028e-04
-5.012225829999999646e-03 1.079562129999999971e-04
-4.955636799999999648e-03 1.074161919999999947e-04
-4.900629170000000284e-03 1.087165870000000065e-04
-4.847397560000000181e-03 1.081776860000000011e-04
-4.795047450000000135e-03 1.079863940000000037e-04
-4.742832389999999954e-03 1.078362689999999981e-04
-4.690435249999999612e-03 1.071149959999999959e-04
-4.634276500000000278e-03 1.090522060000000023e-04
-4.575802480000000158e-03 1.107402279999999972e-04
-4.517881199999999701e-03 1.110773370000000024e-04
-4.461462139999999681e-03 1.143481929999999981e-04
-4.408636599999999836e-03 1.133687909999999999e-04
-4.355760289999999896e-03 1.105643100000000019e-04
-4.300816449999999777e-03 1.107349020000000014e-04
-4.245290530000000138e-03 1.104052349999999936e-04
-4.188770890000000427e-03 1.109435180000000018e-04
-4.131508990000000263e-03 1.110344380000000060e-04
-4.074953029999999962e-03 1.105832269999999957e-04
-4.019921650000000089e-03 1.118696530000000021e-04
-3.965518440000000318e-03 1.120169910000000038e-04
-3.911804869999999622e-03 1.137458680000000039e-04
-3.857801670000000037e-03 1.145415520000000033e-04
-3.800373990000000066e-03 1.108738429999999998e-04
-3.742264820000000113e-03 1.099014410000000034e-04
-3.685491390000000117e-03 1.095955010000000007e-04
-3.629259069999999851e-03 1.092207970000000014e-04
-3.575355049999999913e-03 1.118938309999999939e-04
-3.522483629999999949e-03 1.122367390000000024e-04
-3.468569600000000110e-03 1.114509939999999976e-04
-3.412258579999999895e-03 1.125450579999999994e-04
-3.354125659999999867e-03 1.127174549999999963e-04
-3.297177139999999968e-03 1.121304090000000043e-04
-3.241329219999999813e-03 1.121633690000000061e-04
-3.185488980000000196e-03 1.121707100000000006e-04
-3.129851769999999860e-03 1.125295680000000000e-04
-3.073333059999999901e-03 1.131260360000000060e-04
-3.016261379999999898e-03 1.140323070000000017e-04
-2.957194350000000131e-03 1.156186480000000026e-04
-2.897076540000000176e-03 1.180997640000000054e-04
-2.837788549999999913e-03 1.184306380000000014e-04
-2.778765510000000011e-03 1.199710529999999987e-04
-2.721490110000000014e-03 1.195414810000000020e-04
-2.664346479999999979e-03 1.183891149999999955e-04
-2.604073379999999934e-03 1.198530739999999949e-04
-2.541972559999999912e-03 1.208714680000000022e-04
-2.477172059999999901e-03 1.227901230000000049e-04
-2.412148289999999952e-03 1.279369320000000058e-04
-2.343451839999999980e-03 1.320648300000000052e-04
-2.274706029999999917e-03 1.432521240000000093e-04
-2.207676879999999949e-03 1.462508950000000058e-04
-2.137633040000000168e-03 1.495515749999999980e-04
-2.075786239999999946e-03 1.457451730000000080e-04
-2.007226930000000163e-03 1.241926659999999878e-04
-1.940365760000000101e-03 1.154842320000000022e-04
-1.883034009999999970e-03 1.069848950000000060e-04
-1.827170720000000081e-03 1.030420390000000004e-04
-1.776516089999999977e-03 1.007772009999999974e-04
-1.725813259999999915e-03 9.993609999999999343e-05
-1.676156770000000002e-03 9.949556260000000233e-05
-1.625995729999999990e-03 9.969411620000000521e-05
-1.575521309999999928e-03 9.957253500000000498e-05
-1.525700440000000036e-03 9.908263019999999756e-05
-1.476063980000000102e-03 9.817950920000000537e-05
-1.427195970000000053e-03 9.744671120000000331e-05
-1.379430529999999900e-03 9.710046290000000368e-05
-1.332016550000000073e-03 9.676474290000000480e-05
-1.284451110000000033e-03 9.558024610000000090e-05
-1.236326640000000093e-03 9.543720080000000117e-05
-1.187956779999999914e-03 9.477576529999999380e-05
-1.139955009999999965e-03 9.436868280000000023e-05
-1.092840099999999905e-03 9.457215490000000092e-05
-1.046349179999999952e-03 9.427077019999999989e-05
-1.000095510000000021e-03 9.382939609999999377e-05
-9.541473119999999706e-04 9.343655980000000665e-05
-9.077782160000000397e-04 9.178443719999999939e-05
-8.618294960000000152e-04 9.098747249999999725e-05
-8.163455060000000428e-04 8.940926639999999801e-05
-7.718158890000000483e-04 8.822029490000000106e-05
-7.282551380000000171e-04 8.653596159999999576e-05
-6.859826389999999600e-04 8.520470870000000413e-05
-6.442885499999999929e-04 8.259747849999999432e-05
-6.031899830000000441e-04 8.129956400000000493e-05
-5.629882800000000171e-04 7.906412070000000349e-05
-5.231014800000000249e-04 7.802764590000000580e-05
-4.840506300000000056e-04 7.666068269999999467e-05
-4.454180019999999887e-04 7.595949860000000093e-05
-4.076880869999999950e-04 7.540010850000000329e-05
-3.701144010000000247e-04 7.510485740000000200e-05
-3.327602750000000181e-04 7.465109230000000048e-05
-2.953697399999999948e-04 7.446897510000000467e-05
-2.580502479999999960e-04 7.419432219999999882e-05
-2.208757360000000020e-04 7.404888309999999344e-05
-1.839093460000000037e-04 7.387943329999999446e-05
-1.470252170000000097e-04 7.376901339999999995e-05
-1.102360769999999969e-04 7.362076579999999530e-05
-7.341215679999999399e-05 7.355947310000000383e-05
-3.660185029999999735e-05 7.348057260000000223e-05
1.794879979999999917e-07 7.349016229999999397e-05
3.689267400000000225e-05 7.347657809999999859e-05
7.371898389999999464e-05 7.351484240000000431e-05
1.105823249999999950e-04 7.363937769999999666e-05
1.474583990000000015e-04 7.373197879999999745e-05
1.843523499999999969e-04 7.384790660000000091e-05
2.215057169999999956e-04 7.400495819999999532e-05
2.587092169999999792e-04 7.435713630000000672e-05
2.958142429999999884e-04 7.446526430000000312e-05
3.329676690000000225e-04 7.479789929999999625e-05
3.704411499999999964e-04 7.510996510000000003e-05
4.080784859999999877e-04 7.559048389999999866e-05
4.463152149999999796e-04 7.608166919999999876e-05
4.848739189999999913e-04 7.702461879999999647e-05
5.240409520000000217e-04 7.777131400000000360e-05
5.633262339999999934e-04 7.953121530000000438e-05
6.034792749999999583e-04 8.064162100000000133e-05
6.441056610000000290e-04 8.293217250000000003e-05
6.858556299999999479e-04 8.447519940000000431e-05
7.288518830000000276e-04 8.681458710000000331e-05
7.726688050000000453e-04 8.815107869999999808e-05
8.174074459999999820e-04 9.019533900000000024e-05
8.623918979999999936e-04 9.102931649999999441e-05
9.079779849999999918e-04 9.248029529999999730e-05
9.533974229999999696e-04 9.295271589999999401e-05
9.995627919999999344e-04 9.288214640000000194e-05
1.046600640000000006e-03 9.332932679999999832e-05
1.093909379999999897e-03 9.411880459999999806e-05
1.141340470000000093e-03 9.452734960000000247e-05
1.188888680000000026e-03 9.561055779999999755e-05
1.236152840000000024e-03 9.583059729999999685e-05
1.283471709999999986e-03 9.620652419999999668e-05
1.331235170000000028e-03 9.655621400000000056e-05
1.379576509999999893e-03 9.670972940000000591e-05
1.428476529999999972e-03 9.715314080000000561e-05
1.477774579999999909e-03 9.757463700000000041e-05
1.527326880000000027e-03 9.782551209999999818e-05
1.576394770000000018e-03 9.947851500000000075e-05
1.625079429999999993e-03 9.989736279999999894e-05
1.674385740000000102e-03 9.987489469999999967e-05
1.725015110000000093e-03 1.006612659999999983e-04
1.775999789999999990e-03 1.022523210000000009e-04
1.829286689999999908e-03 1.041496360000000016e-04
1.883437969999999986e-03 1.081379809999999950e-04
1.945169289999999990e-03 1.141842000000000036e-04
2.007283270000000119e-03 1.301718289999999919e-04
2.070847900000000099e-03 1.367247750000000076e-04
2.138647950000000138e-03 1.480698699999999878e-04
2.202462399999999786e-03 1.498392669999999900e-04
2.275831759999999860e-03 1.386101070000000089e-04
2.348111239999999857e-03 1.338392320000000120e-04
2.415283580000000124e-03 1.291159279999999914e-04
2.479629589999999932e-03 1.257920229999999939e-04
2.540693149999999952e-03 1.222152059999999981e-04
2.601066139999999843e-03 1.205102960000000063e-04
2.660123629999999999e-03 1.177828599999999974e-04
2.720953899999999787e-03 1.178000969999999957e-04
2.782655650000000203e-03 1.165753059999999981e-04
2.843288240000000147e-03 1.155570280000000016e-04
2.901138269999999943e-03 1.171884070000000035e-04
2.957748019999999981e-03 1.169681200000000039e-04
3.014265559999999844e-03 1.165079229999999992e-04
3.070510460000000150e-03 1.162425029999999987e-04
3.127978180000000157e-03 1.136423959999999971e-04
3.185844049999999976e-03 1.129435619999999966e-04
3.243587679999999918e-03 1.110326559999999979e-04
3.300916399999999796e-03 1.100351359999999980e-04
3.356153839999999854e-03 1.109197110000000047e-04
3.410422709999999958e-03 1.107171120000000037e-04
3.463973989999999913e-03 1.111841850000000042e-04
3.518143200000000120e-03 1.116630010000000008e-04
3.574006729999999916e-03 1.103365580000000018e-04
3.631192259999999929e-03 1.107133869999999938e-04
3.688300030000000139e-03 1.117212379999999941e-04
3.745059480000000052e-03 1.118750220000000022e-04
3.801218930000000058e-03 1.133018450000000031e-04
3.855240759999999794e-03 1.124719779999999963e-04
3.909094719999999835e-03 1.106150449999999936e-04
3.963672090000000189e-03 1.104409240000000006e-04
4.018245259999999978e-03 1.097974450000000033e-04
4.075596570000000231e-03 1.111718369999999996e-04
4.134877579999999761e-03 1.119430020000000009e-04
4.192598629999999722e-03 1.113462060000000044e-04
4.248605110000000344e-03 1.123761100000000038e-04
4.302655350000000184e-03 1.115724229999999988e-04
4.355053880000000176e-03 1.120940940000000050e-04
4.408105740000000348e-03 1.126135029999999966e-04
4.464540630000000433e-03 1.085844049999999970e-04
4.522447009999999712e-03 1.080775549999999936e-04
4.578983879999999965e-03 1.087844650000000061e-04
4.634533080000000256e-03 1.083863679999999953e-04
4.688843150000000098e-03 1.095109909999999976e-04
4.741742739999999824e-03 1.091281590000000044e-04
4.794028120000000046e-03 1.089240249999999977e-04
4.847845530000000416e-03 1.097105710000000002e-04
4.903604740000000288e-03 1.086601330000000037e-04
4.960092719999999872e-03 1.087779600000000050e-04
5.016677080000000316e-03 1.091082589999999947e-04
5.071454220000000401e-03 1.081433729999999982e-04
5.124026440000000251e-03 1.089733490000000031e-04
