-1.499999999999999944e-02 9.706342100000000053e-05
-1.490000000000000005e-02 9.782207050000000246e-05
-1.480000000000000066e-02 9.760196549999999383e-05
-1.469999999999999953e-02 9.665366089999999420e-05
-1.460000000000000013e-02 9.679028149999999999e-05
-1.450000000000000074e-02 9.754892380000000629e-05
-1.439999999999999961e-02 9.708671130000000500e-05
-1.430000000000000021e-02 9.670739379999999539e-05
-1.420000000000000082e-02 9.696467899999999937e-05
-1.409999999999999969e-02 9.734399649999999542e-05
-1.400000000000000029e-02 9.748061710000000121e-05
-1.389999999999999916e-02 9.653231250000000158e-05
-1.379999999999999977e-02 9.627483090000000176e-05
-1.370000000000000037e-02 9.665414839999999781e-05
-1.359999999999999924e-02 9.650176799999999732e-05
-1.349999999999999985e-02 9.650176799999999732e-05
-1.340000000000000045e-02 9.719984519999999692e-05
-1.329999999999999932e-02 9.814814979999999655e-05
-1.319999999999999993e-02 9.765500729999999994e-05
-1.310000000000000053e-02 9.689635770000000654e-05
-1.299999999999999940e-02 9.689635770000000654e-05
-1.290000000000000001e-02 9.670670259999999529e-05
-1.280000000000000061e-02 9.685878470000000595e-05
-1.269999999999999948e-02 9.723811669999999827e-05
-1.260000000000000009e-02 9.694940669999999473e-05
-1.250000000000000069e-02 9.751838660000000268e-05
-1.239999999999999956e-02 9.758670059999999485e-05
-1.230000000000000017e-02 9.644873350000000541e-05
-1.220000000000000077e-02 9.660091749999999650e-05
-1.209999999999999964e-02 9.679057259999999420e-05
-1.200000000000000025e-02 9.677500930000000037e-05
-1.190000000000000085e-02 9.848195620000000630e-05
-1.179999999999999973e-02 9.849752680000000077e-05
-1.170000000000000033e-02 9.588762620000000094e-05
-1.159999999999999920e-02 9.541014150000000002e-05
-1.149999999999999981e-02 9.726139979999999356e-05
-1.140000000000000041e-02 9.785993459999999726e-05
-1.129999999999999928e-02 9.823925939999999396e-05
-1.119999999999999989e-02 9.777714149999999955e-05
-1.110000000000000049e-02 9.682883679999999490e-05
-1.099999999999999936e-02 9.715433409999999707e-05
-1.089999999999999997e-02 9.829230109999999505e-05
-1.080000000000000057e-02 9.856554969999999874e-05
-1.069999999999999944e-02 9.856554969999999874e-05
-1.060000000000000005e-02 9.653435700000000434e-05
-1.050000000000000065e-02 9.881029110000000531e-05
-1.039999999999999952e-02 1.008414769999999971e-04
-1.030000000000000013e-02 1.006518139999999957e-04
-1.020000000000000073e-02 1.003785729999999942e-04
-1.009999999999999960e-02 9.999925530000000162e-05
-1.000000000000000021e-02 1.007651520000000042e-04
-9.900000000000000813e-03 1.007651520000000042e-04
-9.799999999999999684e-03 9.999924810000000600e-05
-9.700000000000000289e-03 9.943026089999999740e-05
-9.599999999999999159e-03 9.965046769999999499e-05
-9.499999999999999764e-03 9.908148060000000496e-05
-9.400000000000000369e-03 9.865634640000000503e-05
-9.299999999999999239e-03 9.694939939999999408e-05
-9.199999999999999845e-03 9.694939939999999408e-05
-9.100000000000000450e-03 9.808736649999999708e-05
-8.999999999999999320e-03 9.837607650000000062e-05
-8.899999999999999925e-03 9.875540129999999732e-05
-8.800000000000000530e-03 9.880823930000000191e-05
-8.699999999999999400e-03 9.729095470000000286e-05
-8.600000000000000006e-03 9.756419600000000591e-05
-8.500000000000000611e-03 9.946080540000000166e-05
-8.399999999999999481e-03 1.002943250000000013e-04
-8.300000000000000086e-03 9.991499970000000664e-05
-8.200000000000000691e-03 9.928642250000000358e-05
-8.099999999999999561e-03 9.776913790000000453e-05
-8.000000000000000167e-03 9.778380630000000175e-05
-7.900000000000000772e-03 9.877196860000000446e-05
-7.799999999999999642e-03 9.849912019999999813e-05
-7.700000000000000247e-03 9.845926249999999505e-05
-7.599999999999999985e-03 9.878574930000000071e-05
-7.499999999999999722e-03 9.954439159999999346e-05
-7.400000000000000328e-03 1.001728740000000067e-04
-7.300000000000000065e-03 1.007418540000000061e-04
-7.199999999999999803e-03 1.007281749999999938e-04
-7.100000000000000408e-03 1.007281749999999938e-04
-7.000000000000000146e-03 1.003866200000000001e-04
-6.899999999999999883e-03 9.943831540000000046e-05
-6.799999999999999621e-03 9.938427680000000376e-05
-6.700000000000000226e-03 1.003325890000000055e-04
-6.599999999999999964e-03 1.003866200000000001e-04
-6.499999999999999702e-03 9.830034829999999746e-05
-6.400000000000000307e-03 9.768555169999999918e-05
-6.300000000000000044e-03 9.825453159999999358e-05
-6.199999999999999782e-03 9.874708479999999762e-05
-6.100000000000000387e-03 9.912640959999999431e-05
-6.000000000000000125e-03 9.952189430000000516e-05
-5.899999999999999863e-03 1.010391859999999948e-04
-5.799999999999999600e-03 1.009847549999999994e-04
-5.700000000000000205e-03 1.004157680000000008e-04
-5.599999999999999943e-03 1.002652720000000004e-04
-5.499999999999999681e-03 9.988595409999999786e-05
-5.400000000000000286e-03 9.974933350000000562e-05
-5.300000000000000024e-03 9.861136640000000262e-05
-5.199999999999999761e-03 9.855742969999999991e-05
-5.100000000000000366e-03 1.002643690000000037e-04
-5.000000000000000104e-03 1.005232409999999989e-04
-4.899999999999999842e-03 1.003335779999999975e-04
-4.799999999999999580e-03 1.001286440000000025e-04
-4.700000000000000185e-03 1.006976310000000011e-04
-4.599999999999999922e-03 1.005754820000000037e-04
-4.499999999999999660e-03 1.003858199999999983e-04
-4.400000000000000265e-03 1.009861440000000058e-04
-4.300000000000000003e-03 1.015551320000000003e-04
-4.199999999999999740e-03 1.012135759999999971e-04
-4.100000000000000346e-03 9.779968239999999524e-05
-4.000000000000000083e-03 9.747270090000000390e-05
-3.899999999999999821e-03 9.842100550000000352e-05
-3.799999999999999992e-03 9.881629380000000497e-05
-3.700000000000000164e-03 1.003335779999999975e-04
-3.599999999999999901e-03 1.002793510000000001e-04
-3.500000000000000073e-03 9.952070100000000015e-05
-3.399999999999999811e-03 9.998480529999999365e-05
-3.299999999999999982e-03 1.005537850000000051e-04
-3.200000000000000153e-03 1.002122299999999978e-04
-3.099999999999999891e-03 1.004018920000000032e-04
-3.000000000000000062e-03 1.005521920000000007e-04
-2.899999999999999800e-03 9.979355669999999357e-05
-2.799999999999999972e-03 9.950662930000000116e-05
-2.700000000000000143e-03 1.000756169999999942e-04
-2.599999999999999881e-03 1.004171650000000023e-04
-2.500000000000000052e-03 9.984817729999999575e-05
-2.399999999999999790e-03 9.958891309999999835e-05
-2.299999999999999961e-03 9.977857549999999669e-05
-2.200000000000000133e-03 1.002427740000000041e-04
-2.099999999999999870e-03 1.008117540000000035e-04
-2.000000000000000042e-03 1.003475629999999933e-04
-1.899999999999999996e-03 9.981705810000000021e-05
-1.799999999999999951e-03 1.001581189999999977e-04
-1.699999999999999905e-03 1.006886229999999998e-04
-1.600000000000000077e-03 1.003335860000000062e-04
-1.500000000000000031e-03 9.957493600000000625e-05
-1.399999999999999986e-03 9.979355669999999357e-05
-1.299999999999999940e-03 1.003625369999999945e-04
-1.199999999999999895e-03 1.000756089999999991e-04
-1.100000000000000066e-03 9.893764219999999759e-05
-1.000000000000000021e-03 9.893764219999999759e-05
-8.999999999999999754e-04 9.969628450000000389e-05
-8.000000000000000383e-04 9.998321180000000483e-05
-6.999999999999999929e-04 1.005521989999999999e-04
-5.999999999999999474e-04 1.008117619999999987e-04
-5.000000000000000104e-04 1.004324370000000055e-04
-4.000000000000000192e-04 1.001591949999999944e-04
-2.999999999999999737e-04 1.009178379999999952e-04
-2.000000000000000096e-04 1.010834530000000002e-04
-1.000000000000000048e-04 1.008782780000000060e-04
-4.365599999999999897e-11 1.008802719999999937e-04
1.000000000000000048e-04 1.001061540000000013e-04
2.000000000000000096e-04 9.993035930000000397e-05
2.999999999999999737e-04 9.974073330000000383e-05
4.000000000000000192e-04 9.938539729999999880e-05
5.000000000000000104e-04 9.881649020000000082e-05
5.999999999999999474e-04 9.930838860000000296e-05
6.999999999999999929e-04 1.010518169999999934e-04
8.000000000000000383e-04 1.009836050000000003e-04
8.999999999999999754e-04 1.001886409999999970e-04
1.000000000000000021e-03 9.990167019999999370e-05
1.100000000000000066e-03 9.933259570000000597e-05
1.199999999999999895e-03 9.989245879999999740e-05
1.299999999999999940e-03 1.015996750000000006e-04
1.399999999999999986e-03 1.013814250000000066e-04
1.500000000000000031e-03 1.006226589999999958e-04
1.600000000000000077e-03 1.007044699999999957e-04
1.699999999999999905e-03 9.998465250000000519e-05
1.799999999999999951e-03 9.971176040000000000e-05
1.899999999999999996e-03 9.967281219999999482e-05
2.000000000000000042e-03 9.965892969999999606e-05
2.099999999999999870e-03 1.000383130000000029e-04
2.200000000000000133e-03 1.003250870000000039e-04
2.299999999999999961e-03 1.005147789999999978e-04
2.399999999999999790e-03 1.003646470000000066e-04
2.500000000000000052e-03 1.005543380000000045e-04
2.599999999999999881e-03 1.007726899999999976e-04
2.700000000000000143e-03 1.004313380000000058e-04
2.799999999999999972e-03 1.003631110000000048e-04
2.899999999999999800e-03 1.014632289999999938e-04
3.000000000000000062e-03 1.012447759999999977e-04
3.099999999999999891e-03 9.953756670000000215e-05
3.200000000000000153e-03 9.968779340000000525e-05
3.299999999999999982e-03 1.008259350000000022e-04
3.399999999999999811e-03 1.008806719999999946e-04
3.500000000000000073e-03 9.955283890000000177e-05
3.599999999999999901e-03 9.915699049999999678e-05
3.700000000000000164e-03 1.004848239999999961e-04
3.799999999999999992e-03 1.008806719999999946e-04
3.899999999999999821e-03 1.005012890000000028e-04
4.000000000000000083e-03 1.005012960000000019e-04
4.100000000000000346e-03 1.006909809999999967e-04
4.199999999999999740e-03 1.007726899999999976e-04
4.300000000000000003e-03 1.000139240000000004e-04
4.400000000000000265e-03 9.965892969999999606e-05
4.499999999999999660e-03 1.000383130000000029e-04
4.599999999999999922e-03 9.998397580000000136e-05
4.700000000000000185e-03 9.941490860000000071e-05
4.799999999999999580e-03 9.967420919999999632e-05
4.899999999999999842e-03 1.000535920000000052e-04
5.000000000000000104e-03 9.938495349999999404e-05
5.100000000000000366e-03 9.809880429999999572e-05
5.199999999999999761e-03 9.878102719999999875e-05
5.300000000000000024e-03 1.008259350000000022e-04
5.400000000000000286e-03 1.008123510000000033e-04
5.499999999999999681e-03 9.929481890000000385e-05
5.599999999999999943e-03 9.930840320000000425e-05
5.700000000000000205e-03 1.010156269999999961e-04
5.799999999999999600e-03 1.010703640000000021e-04
5.899999999999999863e-03 1.003115980000000049e-04
6.000000000000000125e-03 1.002568609999999989e-04
6.100000000000000387e-03 1.002948919999999990e-04
6.199999999999999782e-03 1.003631190000000000e-04
6.300000000000000044e-03 1.007044699999999957e-04
6.400000000000000307e-03 1.005543380000000045e-04
6.499999999999999702e-03 1.001749549999999991e-04
6.599999999999999964e-03 1.001886409999999970e-04
6.700000000000000226e-03 1.009473999999999951e-04
6.799999999999999621e-03 1.011386849999999934e-04
6.899999999999999883e-03 1.007593020000000015e-04
7.000000000000000146e-03 1.007726899999999976e-04
7.100000000000000408e-03 1.003933140000000049e-04
7.199999999999999803e-03 1.001749619999999983e-04
7.300000000000000065e-03 1.003646470000000066e-04
7.400000000000000328e-03 1.006379389999999941e-04
7.499999999999999722e-03 1.008276230000000064e-04
7.599999999999999985e-03 1.007726899999999976e-04
7.700000000000000247e-03 1.005829980000000036e-04
7.799999999999999642e-03 1.001596829999999960e-04
7.900000000000000772e-03 9.883184249999999750e-05
8.000000000000000167e-03 9.905049229999999595e-05
8.099999999999999561e-03 1.003783330000000045e-04
8.200000000000000691e-03 1.007745810000000038e-04
8.300000000000000086e-03 1.003951979999999984e-04
8.399999999999999481e-03 9.991694969999999397e-05
8.500000000000000611e-03 1.001066339999999943e-04
8.600000000000000006e-03 9.991575640000000251e-05
8.699999999999999400e-03 9.934668200000000625e-05
8.800000000000000530e-03 9.960588069999999432e-05
8.899999999999999925e-03 1.001749549999999991e-04
8.999999999999999320e-03 1.003250870000000039e-04
9.100000000000000450e-03 1.001353960000000060e-04
9.199999999999999845e-03 9.998526369999999970e-05
9.299999999999999239e-03 9.998527089999999532e-05
9.400000000000000369e-03 9.986251100000000493e-05
9.499999999999999764e-03 9.933329420000000672e-05
9.599999999999999159e-03 9.981085170000000405e-05
9.700000000000000289e-03 1.012885259999999954e-04
9.799999999999999684e-03 1.015486200000000001e-04
9.900000000000000813e-03 1.017383109999999980e-04
1.000000000000000021e-02 1.013417640000000008e-04
1.009999999999999960e-02 9.982423939999999856e-05
1.020000000000000073e-02 9.974253039999999768e-05
1.030000000000000013e-02 9.974253039999999768e-05
1.039999999999999952e-02 9.975602010000000474e-05
1.050000000000000065e-02 1.001738860000000016e-04
1.060000000000000005e-02 9.976454749999999656e-05
1.069999999999999944e-02 1.004848239999999961e-04
1.080000000000000057e-02 1.014272489999999975e-04
1.089999999999999997e-02 1.023756989999999935e-04
1.099999999999999936e-02 1.020472849999999934e-04
1.110000000000000049e-02 1.009091360000000044e-04
1.119999999999999989e-02 1.011692369999999948e-04
1.129999999999999928e-02 1.024970699999999961e-04
1.140000000000000041e-02 1.023051949999999972e-04
1.149999999999999981e-02 1.005979790000000040e-04
1.159999999999999920e-02 1.006532109999999972e-04
1.170000000000000033e-02 1.023604349999999991e-04
1.179999999999999973e-02 1.027703619999999972e-04
1.190000000000000085e-02 1.014425219999999967e-04
1.200000000000000025e-02 1.007044699999999957e-04
1.209999999999999964e-02 1.007044699999999957e-04
1.220000000000000077e-02 1.008959439999999977e-04
1.230000000000000017e-02 1.012753349999999982e-04
1.239999999999999956e-02 1.013567450000000012e-04
1.250000000000000069e-02 1.007876709999999979e-04
1.260000000000000009e-02 1.008429030000000047e-04
1.269999999999999948e-02 1.010325940000000026e-04
1.280000000000000061e-02 1.008276230000000064e-04
1.290000000000000001e-02 1.006379389999999941e-04
1.299999999999999940e-02 1.003783330000000045e-04
1.310000000000000053e-02 9.980926550000000232e-05
1.319999999999999993e-02 1.000005430000000035e-04
1.329999999999999932e-02 1.007593020000000015e-04
1.340000000000000045e-02 1.007044699999999957e-04
1.349999999999999985e-02 9.956632129999999463e-05
1.359999999999999924e-02 9.968948139999999594e-05
1.370000000000000037e-02 9.949978990000000003e-05
1.379999999999999977e-02 9.924019100000000104e-05
1.389999999999999916e-02 1.002266730000000067e-04
1.400000000000000029e-02 1.009771220000000062e-04
1.409999999999999969e-02 1.028360060000000058e-04
1.420000000000000082e-02 1.026867609999999940e-04
1.430000000000000021e-02 1.019280030000000055e-04
1.439999999999999961e-02 1.015996819999999998e-04
1.450000000000000074e-02 1.006512250000000046e-04
1.460000000000000013e-02 1.007062599999999989e-04
1.469999999999999953e-02 1.010856430000000043e-04
1.480000000000000066e-02 1.008259420000000013e-04
1.490000000000000005e-02 1.004841249999999974e-04
