-1.186176300000000086e-02 2.450078900000000155e-04
-1.174070969999999915e-02 2.447759619999999780e-04
-1.161967679999999919e-02 2.446798900000000010e-04
-1.149837109999999989e-02 2.439588719999999963e-04
-1.137690989999999916e-02 2.437931980000000102e-04
-1.125544399999999987e-02 2.433273040000000014e-04
-1.113388040000000065e-02 2.432187319999999902e-04
-1.101257469999999961e-02 2.433482589999999969e-04
-1.089126150000000078e-02 2.433997719999999969e-04
-1.076962430000000075e-02 2.431872849999999872e-04
-1.064784449999999980e-02 2.431964090000000129e-04
-1.052625939999999975e-02 2.433628249999999886e-04
-1.040481679999999930e-02 2.433377669999999893e-04
-1.028329409999999972e-02 2.431365280000000021e-04
-1.016159080000000013e-02 2.431065370000000088e-04
-1.003987710000000047e-02 2.430058959999999927e-04
-9.918200780000000633e-03 2.430135500000000105e-04
-9.796561670000000430e-03 2.430966709999999936e-04
-9.674867619999999446e-03 2.431593019999999934e-04
-9.553147479999999497e-03 2.432907489999999989e-04
-9.431567970000000536e-03 2.432545590000000015e-04
-9.310017340000000668e-03 2.432043109999999884e-04
-9.188482540000000864e-03 2.431771569999999888e-04
-9.066783820000000327e-03 2.428292060000000058e-04
-8.945295589999999186e-03 2.425779379999999977e-04
-8.823989889999999878e-03 2.421855170000000073e-04
-8.702625519999999948e-03 2.420797250000000008e-04
-8.581406439999999733e-03 2.420275270000000003e-04
-8.460433220000000698e-03 2.418611690000000097e-04
-8.339366880000000787e-03 2.414268529999999955e-04
-8.218278180000000016e-03 2.412837060000000118e-04
-8.097547110000000506e-03 2.412991889999999986e-04
-7.976780649999999293e-03 2.413263569999999963e-04
-7.855978790000000753e-03 2.413437759999999992e-04
-7.735206280000000295e-03 2.412669419999999938e-04
-7.614376949999999630e-03 2.409589359999999929e-04
-7.493733889999999731e-03 2.408016299999999905e-04
-7.373264059999999794e-03 2.406527780000000075e-04
-7.252833810000000429e-03 2.405755220000000078e-04
-7.132439410000000063e-03 2.404208789999999897e-04
-7.011974229999999760e-03 2.404076509999999913e-04
-6.891606839999999887e-03 2.405333069999999887e-04
-6.770952139999999661e-03 2.407504650000000094e-04
-6.650295569999999969e-03 2.413497129999999931e-04
-6.529901180000000430e-03 2.414081830000000040e-04
-6.409416440000000222e-03 2.414197810000000104e-04
-6.288823669999999734e-03 2.414886839999999936e-04
-6.167999930000000151e-03 2.412953909999999958e-04
-6.047084460000000210e-03 2.412807659999999959e-04
-5.926163400000000053e-03 2.414129409999999927e-04
-5.805609750000000242e-03 2.412397730000000000e-04
-5.685116629999999692e-03 2.406765709999999928e-04
-5.564622580000000256e-03 2.404745759999999907e-04
-5.444334819999999651e-03 2.402578100000000029e-04
-5.324295720000000315e-03 2.400307280000000089e-04
-5.204287820000000342e-03 2.394520559999999902e-04
-5.084071770000000295e-03 2.393032479999999940e-04
-4.964170510000000085e-03 2.394143519999999980e-04
-4.843869249999999647e-03 2.397595960000000099e-04
-4.723576830000000316e-03 2.407338470000000043e-04
-4.603893500000000132e-03 2.407192369999999987e-04
-4.483658350000000077e-03 2.397585190000000037e-04
-4.362816920000000057e-03 2.397759240000000083e-04
-4.242470489999999698e-03 2.406477139999999948e-04
-4.122717310000000197e-03 2.406052519999999869e-04
-4.002938049999999956e-03 2.404428810000000028e-04
-3.883377879999999876e-03 2.402528630000000105e-04
-3.763275920000000180e-03 2.388224089999999901e-04
-3.642883850000000045e-03 2.384813420000000115e-04
-3.523257560000000056e-03 2.389906439999999886e-04
-3.403851759999999838e-03 2.390417499999999886e-04
-3.284325360000000128e-03 2.388017599999999916e-04
-3.165259489999999905e-03 2.384388499999999880e-04
-3.046283030000000204e-03 2.375795449999999873e-04
-2.927249529999999874e-03 2.373043969999999892e-04
-2.807681450000000176e-03 2.356477049999999905e-04
-2.688869600000000186e-03 2.345334799999999919e-04
-2.571532740000000150e-03 2.338979979999999969e-04
-2.454540229999999795e-03 2.335262979999999883e-04
-2.337817099999999881e-03 2.329425189999999931e-04
-2.221809930000000124e-03 2.323028309999999993e-04
-2.106004629999999947e-03 2.308627300000000101e-04
-1.990846589999999919e-03 2.299557530000000030e-04
-1.876213239999999964e-03 2.283107309999999940e-04
-1.761828079999999902e-03 2.275694280000000000e-04
-1.648093920000000007e-03 2.265951770000000057e-04
-1.535315769999999946e-03 2.256708099999999882e-04
-1.423109670000000018e-03 2.240567260000000103e-04
-1.311483790000000102e-03 2.231274700000000126e-04
-1.200117870000000104e-03 2.211464889999999975e-04
-1.089083729999999924e-03 2.202339089999999901e-04
-9.791495979999999006e-04 2.193649270000000049e-04
-8.695008579999999798e-04 2.188808139999999915e-04
-7.602547409999999960e-04 2.182073080000000091e-04
-6.510585659999999471e-04 2.179349389999999927e-04
-5.421316020000000379e-04 2.176272249999999906e-04
-4.333101679999999895e-04 2.173939280000000023e-04
-3.246372799999999812e-04 2.169937070000000083e-04
-2.161152219999999940e-04 2.168427889999999865e-04
-1.077753479999999959e-04 2.166346679999999868e-04
6.353396879999999503e-07 2.166354830000000100e-04
1.089682850000000039e-04 2.166993220000000076e-04
2.174638650000000010e-04 2.168198840000000037e-04
3.259350779999999753e-04 2.171952950000000104e-04
4.344445770000000015e-04 2.173534450000000015e-04
5.430632739999999769e-04 2.176107079999999884e-04
6.519813320000000193e-04 2.178829449999999902e-04
7.611234319999999514e-04 2.184309409999999881e-04
8.706136140000000478e-04 2.187776119999999900e-04
9.801966370000000754e-04 2.194205150000000121e-04
1.090253000000000012e-03 2.199955339999999909e-04
1.200553150000000088e-03 2.211864340000000068e-04
1.311882400000000028e-03 2.222327310000000024e-04
1.423557520000000081e-03 2.245623180000000125e-04
1.535425200000000052e-03 2.255167350000000044e-04
1.648298810000000097e-03 2.264910870000000017e-04
1.761901190000000070e-03 2.272791320000000048e-04
1.875938730000000073e-03 2.287426180000000104e-04
1.990634020000000160e-03 2.296643069999999951e-04
2.105941059999999823e-03 2.313803850000000037e-04
2.221605269999999983e-03 2.322129589999999953e-04
2.337869260000000060e-03 2.333510930000000036e-04
2.454343480000000140e-03 2.338230990000000117e-04
2.571367660000000149e-03 2.342167719999999867e-04
2.688745739999999843e-03 2.346344550000000015e-04
2.806317530000000064e-03 2.354715539999999911e-04
2.924435769999999928e-03 2.361008809999999960e-04
3.042770079999999877e-03 2.374889589999999902e-04
3.161257370000000039e-03 2.380806840000000018e-04
3.280389820000000067e-03 2.386490669999999880e-04
3.399591889999999898e-03 2.388955040000000009e-04
3.519172080000000213e-03 2.391304009999999927e-04
3.638572760000000073e-03 2.391070160000000034e-04
3.758078670000000125e-03 2.386850540000000104e-04
3.878623250000000182e-03 2.390913139999999973e-04
3.998876549999999704e-03 2.407051219999999938e-04
4.118295850000000188e-03 2.408506119999999937e-04
4.238455089999999988e-03 2.400212539999999994e-04
4.359216429999999975e-03 2.400838999999999935e-04
4.479665770000000255e-03 2.407779539999999985e-04
4.599608479999999638e-03 2.407236459999999995e-04
4.719420799999999618e-03 2.407893769999999993e-04
4.839104129999999802e-03 2.407357679999999991e-04
4.959465470000000431e-03 2.396386840000000028e-04
5.081145090000000093e-03 2.400350350000000107e-04
5.203149280000000411e-03 2.404124830000000095e-04
5.324207709999999837e-03 2.399151849999999885e-04
5.444195590000000008e-03 2.403197140000000074e-04
5.564430260000000246e-03 2.406789140000000090e-04
5.685001149999999691e-03 2.411158349999999954e-04
5.805444899999999755e-03 2.411965830000000009e-04
5.925886330000000417e-03 2.414247140000000044e-04
6.046359890000000195e-03 2.415263589999999932e-04
6.167129609999999658e-03 2.413156329999999942e-04
6.288116330000000261e-03 2.413699259999999990e-04
6.409143560000000323e-03 2.416356729999999940e-04
6.529805250000000373e-03 2.415119960000000035e-04
6.650442720000000058e-03 2.410261659999999933e-04
6.771164950000000196e-03 2.408365839999999935e-04
6.891680419999999911e-03 2.406545389999999911e-04
7.012128829999999570e-03 2.406141719999999875e-04
7.132502740000000278e-03 2.406257699999999938e-04
7.252868729999999674e-03 2.406250709999999951e-04
7.373161149999999872e-03 2.407449360000000116e-04
7.493666369999999778e-03 2.409154840000000107e-04
7.614300119999999582e-03 2.411745370000000009e-04
7.734906389999999902e-03 2.412511239999999904e-04
7.855501960000000478e-03 2.414811749999999928e-04
7.976097990000000082e-03 2.415640189999999985e-04
8.097064680000000056e-03 2.413577459999999872e-04
8.218130100000000174e-03 2.412769970000000128e-04
8.338934739999999748e-03 2.413054029999999969e-04
8.459851149999999403e-03 2.414488119999999907e-04
8.580814120000000364e-03 2.417716750000000131e-04
8.701883259999999495e-03 2.419519730000000031e-04
8.823031559999999773e-03 2.423192930000000035e-04
8.944345640000000291e-03 2.425504059999999908e-04
9.065819899999999140e-03 2.429254669999999865e-04
9.187318380000000090e-03 2.430751339999999926e-04
9.308989159999999513e-03 2.432027250000000102e-04
9.430666449999999812e-03 2.432521580000000002e-04
9.552517910000000653e-03 2.432832549999999923e-04
9.674451310000000206e-03 2.432776960000000059e-04
9.796355850000000587e-03 2.431267199999999991e-04
9.918100200000000075e-03 2.430424940000000132e-04
1.003972719999999923e-02 2.430038290000000121e-04
1.016143800000000007e-02 2.430400349999999998e-04
1.028315259999999960e-02 2.431328469999999927e-04
1.040490900000000038e-02 2.431906180000000049e-04
1.052674460000000041e-02 2.432176259999999915e-04
1.064855049999999942e-02 2.432092879999999964e-04
1.077034699999999956e-02 2.432016190000000115e-04
1.089210900000000051e-02 2.431779429999999923e-04
1.101395120000000019e-02 2.431624740000000039e-04
1.113575229999999930e-02 2.431325990000000078e-04
1.125749199999999915e-02 2.429681189999999941e-04
1.137984170000000059e-02 2.432089239999999871e-04
1.150208620000000084e-02 2.440538809999999925e-04
1.162410340000000035e-02 2.442878029999999770e-04
1.174623709999999925e-02 2.447421430000000205e-04
