-8.385175840000000033e-03 1.741812300000000074e-04
-8.295617999999999395e-03 1.741759190000000059e-04
-8.205095310000000419e-03 1.748712529999999919e-04
-8.113824760000000816e-03 1.758867869999999889e-04
-8.025971240000000576e-03 1.740834270000000082e-04
-7.940960119999999900e-03 1.734812829999999955e-04
-7.855876350000000688e-03 1.734265530000000022e-04
-7.773725779999999912e-03 1.781582400000000007e-04
-7.690272290000000309e-03 1.805238280000000045e-04
-7.595070639999999818e-03 1.678644619999999877e-04
-7.495305039999999690e-03 1.661624699999999914e-04
-7.402193270000000276e-03 1.721821610000000063e-04
-7.313318079999999756e-03 1.718096170000000091e-04
-7.227333730000000400e-03 1.759240399999999942e-04
-7.143734490000000319e-03 1.758546420000000102e-04
-7.057056299999999588e-03 1.702001170000000104e-04
-6.966695660000000144e-03 1.704925960000000106e-04
-6.877298930000000192e-03 1.732351370000000123e-04
-6.788665890000000064e-03 1.736479029999999962e-04
-6.699438670000000193e-03 1.734780090000000131e-04
-6.612828000000000282e-03 1.719640280000000055e-04
-6.530164740000000273e-03 1.746693449999999945e-04
-6.448844450000000388e-03 1.747181090000000014e-04
-6.363226569999999929e-03 1.673635120000000040e-04
-6.272078960000000009e-03 1.681513089999999951e-04
-6.181186529999999589e-03 1.707621410000000083e-04
-6.094076670000000279e-03 1.693179800000000062e-04
-6.010335870000000323e-03 1.712400119999999998e-04
-5.926120089999999639e-03 1.723331079999999935e-04
-5.839862399999999620e-03 1.716466210000000016e-04
-5.752362310000000076e-03 1.721448060000000020e-04
-5.665268749999999819e-03 1.745342450000000032e-04
-5.578960760000000428e-03 1.748046490000000109e-04
-5.491324229999999633e-03 1.730119260000000006e-04
-5.403733810000000207e-03 1.724572649999999905e-04
-5.317897539999999826e-03 1.741690070000000048e-04
-5.234518090000000144e-03 1.731924419999999868e-04
-5.150278099999999921e-03 1.687201289999999969e-04
-5.062636449999999635e-03 1.692687509999999871e-04
-4.974559419999999982e-03 1.703864399999999949e-04
-4.887311249999999954e-03 1.701761940000000024e-04
-4.800723869999999789e-03 1.703720919999999995e-04
-4.715069659999999649e-03 1.699982679999999940e-04
-4.631426190000000227e-03 1.723095769999999913e-04
-4.548939410000000204e-03 1.724486060000000041e-04
-4.464345980000000193e-03 1.696458200000000094e-04
-4.376616790000000153e-03 1.704020979999999871e-04
-4.287404469999999725e-03 1.697119009999999931e-04
-4.199554680000000192e-03 1.687608890000000022e-04
-4.114341460000000422e-03 1.708361810000000108e-04
-4.030195529999999922e-03 1.708269560000000092e-04
-3.946817949999999707e-03 1.717561679999999929e-04
-3.863716029999999992e-03 1.720419970000000023e-04
-3.778454379999999883e-03 1.695579119999999910e-04
-3.691846969999999957e-03 1.693553199999999891e-04
-3.606172740000000015e-03 1.700280990000000033e-04
-3.521104340000000103e-03 1.700219730000000057e-04
-3.436128379999999882e-03 1.701591390000000087e-04
-3.351628079999999840e-03 1.698080450000000077e-04
-3.267522900000000008e-03 1.698114069999999908e-04
-3.182284530000000118e-03 1.706078470000000052e-04
-3.095654069999999921e-03 1.701801810000000089e-04
-3.009045259999999951e-03 1.700130380000000108e-04
-2.922330519999999984e-03 1.696921829999999880e-04
-2.835671420000000168e-03 1.694281960000000077e-04
-2.751217460000000142e-03 1.720479920000000083e-04
-2.667379799999999943e-03 1.727372870000000015e-04
-2.583393360000000097e-03 1.747349889999999897e-04
-2.500127070000000146e-03 1.749028889999999987e-04
-2.412832570000000062e-03 1.683289160000000042e-04
-2.325974169999999938e-03 1.658177350000000056e-04
-2.242020329999999933e-03 1.639942349999999984e-04
-2.158288380000000176e-03 1.630930350000000010e-04
-2.076515000000000132e-03 1.635465450000000000e-04
-1.996525329999999845e-03 1.627505839999999961e-04
-1.916370589999999950e-03 1.602676930000000114e-04
-1.835737029999999926e-03 1.595517529999999906e-04
-1.755136650000000027e-03 1.579216769999999999e-04
-1.674330439999999892e-03 1.575661009999999916e-04
-1.594284430000000082e-03 1.575442880000000093e-04
-1.515365789999999950e-03 1.568598380000000095e-04
-1.437469619999999938e-03 1.569599119999999872e-04
-1.360400809999999907e-03 1.563924889999999870e-04
-1.283905240000000024e-03 1.554758930000000076e-04
-1.206733520000000072e-03 1.556583159999999904e-04
-1.128003229999999983e-03 1.538581419999999914e-04
-1.049589369999999900e-03 1.529153669999999926e-04
-9.728009460000000249e-04 1.527173589999999970e-04
-8.967160829999999781e-04 1.523278039999999929e-04
-8.211079979999999804e-04 1.520408990000000004e-04
-7.455740119999999934e-04 1.517900379999999924e-04
-6.697142959999999746e-04 1.508374119999999997e-04
-5.942236169999999800e-04 1.503755339999999900e-04
-5.191898669999999837e-04 1.495690959999999999e-04
-4.443750660000000074e-04 1.491470320000000079e-04
-3.698242940000000061e-04 1.486961410000000065e-04
-2.953382789999999935e-04 1.483936789999999977e-04
-2.213164549999999911e-04 1.480469360000000124e-04
-1.474873859999999951e-04 1.479240749999999869e-04
-7.358208679999999593e-05 1.476720210000000025e-04
5.140485089999999654e-07 1.476179309999999998e-04
7.432272100000000326e-05 1.476048640000000086e-04
1.480736389999999980e-04 1.476886250000000093e-04
2.219731980000000057e-04 1.479066850000000037e-04
2.964457670000000236e-04 1.482284859999999870e-04
3.708971780000000170e-04 1.488770940000000084e-04
4.455856400000000146e-04 1.493538729999999994e-04
5.205783529999999468e-04 1.504547689999999967e-04
5.953792129999999549e-04 1.506338159999999981e-04
6.701351379999999705e-04 1.509207069999999923e-04
7.452520660000000203e-04 1.513434250000000002e-04
8.208604410000000517e-04 1.516979249999999982e-04
8.972723739999999802e-04 1.522039379999999987e-04
9.740773239999999571e-04 1.532420570000000103e-04
1.050678549999999956e-03 1.535979389999999885e-04
1.127145140000000061e-03 1.545206910000000082e-04
1.203602530000000065e-03 1.547426650000000025e-04
1.280463649999999919e-03 1.549778100000000062e-04
1.358320240000000009e-03 1.557650979999999983e-04
1.436819790000000083e-03 1.565871499999999937e-04
1.516027959999999937e-03 1.573087360000000056e-04
1.595413659999999918e-03 1.593169729999999922e-04
1.673684919999999946e-03 1.592632180000000061e-04
1.751591220000000030e-03 1.594201460000000011e-04
1.830886820000000078e-03 1.604194260000000021e-04
1.911199880000000097e-03 1.618043019999999973e-04
1.992550909999999884e-03 1.628159079999999960e-04
2.074596470000000022e-03 1.641594140000000109e-04
2.156067169999999981e-03 1.644091390000000045e-04
2.238220300000000069e-03 1.642760470000000127e-04
2.323054709999999943e-03 1.657256510000000040e-04
2.407176650000000025e-03 1.706239129999999934e-04
2.489553529999999869e-03 1.714539829999999886e-04
2.573829839999999813e-03 1.709176869999999961e-04
2.658513610000000100e-03 1.708524360000000027e-04
2.743671420000000100e-03 1.695589889999999972e-04
2.829079979999999956e-03 1.693598309999999889e-04
2.914309500000000080e-03 1.691053909999999975e-04
2.998461249999999877e-03 1.682528530000000080e-04
3.081328239999999840e-03 1.683426240000000091e-04
3.164681370000000174e-03 1.687805489999999952e-04
3.248247320000000136e-03 1.693248780000000090e-04
3.333803269999999989e-03 1.705983599999999934e-04
3.421542469999999930e-03 1.708209309999999875e-04
3.507249059999999804e-03 1.697983679999999962e-04
3.591586139999999785e-03 1.689173810000000047e-04
3.674980249999999869e-03 1.679205309999999974e-04
3.756700779999999889e-03 1.682561409999999886e-04
3.839336339999999993e-03 1.690396310000000051e-04
3.923237320000000014e-03 1.687910550000000010e-04
4.007688260000000398e-03 1.690313369999999968e-04
4.093877039999999946e-03 1.671177599999999915e-04
4.180458839999999857e-03 1.665513119999999985e-04
4.264118150000000169e-03 1.695330140000000029e-04
4.347288979999999921e-03 1.704274329999999908e-04
4.431104289999999654e-03 1.721637090000000111e-04
4.514786879999999752e-03 1.725919279999999932e-04
4.600861109999999921e-03 1.694699750000000071e-04
4.690596370000000258e-03 1.706600889999999925e-04
4.779270379999999742e-03 1.760644520000000102e-04
4.862331319999999707e-03 1.745233749999999882e-04
4.943789449999999586e-03 1.725825999999999966e-04
5.025725350000000320e-03 1.722903980000000008e-04
5.108155310000000136e-03 1.709817590000000114e-04
5.193815570000000388e-03 1.723320019999999948e-04
5.281754770000000009e-03 1.719593859999999871e-04
5.368544719999999992e-03 1.712521769999999902e-04
5.453549789999999689e-03 1.722613380000000008e-04
5.537326910000000234e-03 1.717723350000000112e-04
5.621039769999999942e-03 1.708441409999999984e-04
5.704807580000000392e-03 1.706582839999999949e-04
5.788684819999999863e-03 1.696396789999999905e-04
5.875173959999999661e-03 1.707229379999999886e-04
5.963220259999999807e-03 1.714604589999999971e-04
6.050287280000000295e-03 1.712555090000000119e-04
6.136617619999999718e-03 1.715871479999999869e-04
6.220922809999999623e-03 1.704910970000000101e-04
6.303133909999999659e-03 1.712628150000000107e-04
6.386176680000000237e-03 1.719225550000000032e-04
6.471320990000000405e-03 1.699274870000000068e-04
6.559432950000000130e-03 1.711068619999999959e-04
6.651481150000000155e-03 1.681352729999999955e-04
6.742644590000000139e-03 1.664212030000000134e-04
6.825820540000000249e-03 1.746557389999999887e-04
6.904090289999999588e-03 1.747915380000000058e-04
6.984435490000000420e-03 1.720403960000000028e-04
7.068862209999999570e-03 1.733805839999999943e-04
7.156996990000000052e-03 1.705973549999999976e-04
7.245503369999999749e-03 1.699352000000000057e-04
7.332876319999999913e-03 1.703055749999999962e-04
7.420522159999999937e-03 1.704876339999999968e-04
7.505227809999999965e-03 1.755687700000000101e-04
7.586492230000000184e-03 1.754502149999999903e-04
7.669897279999999921e-03 1.718810089999999943e-04
7.756307720000000204e-03 1.722808959999999948e-04
7.845914920000000500e-03 1.677421530000000062e-04
7.936960090000000356e-03 1.670863420000000081e-04
8.022067140000000221e-03 1.751538079999999918e-04
8.103009309999999188e-03 1.754448889999999945e-04
8.185582239999999316e-03 1.738618160000000000e-04
