-3.084459159999999867e-02 6.323350240000000493e-04
-3.052713539999999878e-02 6.309161539999999556e-04
-3.020975370000000132e-02 6.303613769999999753e-04
-2.989435749999999961e-02 6.321319960000000007e-04
-2.958308349999999934e-02 6.302978730000000215e-04
-2.926534410000000003e-02 6.144353539999999761e-04
-2.893512139999999955e-02 6.162117349999999627e-04
-2.860820290000000085e-02 6.266462150000000255e-04
-2.828997559999999953e-02 6.251893940000000051e-04
-2.797372830000000032e-02 6.249145369999999826e-04
-2.765843460000000018e-02 6.242445670000000470e-04
-2.734524760000000068e-02 6.254251349999999854e-04
-2.703343700000000044e-02 6.250246080000000214e-04
-2.672236409999999979e-02 6.251426529999999648e-04
-2.641073060000000139e-02 6.253514439999999707e-04
-2.609738710000000100e-02 6.230828000000000104e-04
-2.578366179999999966e-02 6.226665569999999608e-04
-2.546476569999999925e-02 6.129008249999999460e-04
-2.513848990000000158e-02 6.138120080000000062e-04
-2.481597849999999869e-02 6.226111439999999862e-04
-2.450106670000000084e-02 6.212197480000000499e-04
-2.418880160000000043e-02 6.217648620000000440e-04
-2.387710659999999971e-02 6.216194010000000367e-04
-2.356487330000000061e-02 6.203184020000000395e-04
-2.325208860000000169e-02 6.201805660000000303e-04
-2.294011970000000081e-02 6.211548460000000443e-04
-2.262980490000000150e-02 6.205116520000000194e-04
-2.232050710000000118e-02 6.204150270000000295e-04
-2.201135640000000115e-02 6.202911610000000353e-04
-2.170213130000000004e-02 6.202905209999999905e-04
-2.139172890000000035e-02 6.209956479999999583e-04
-2.107943409999999893e-02 6.193273000000000224e-04
-2.076727899999999960e-02 6.186432439999999932e-04
-2.045704610000000090e-02 6.199496570000000411e-04
-2.014774639999999950e-02 6.196912730000000069e-04
-1.983897570000000068e-02 6.198566990000000353e-04
-1.953032990000000066e-02 6.200104839999999581e-04
-1.922055329999999840e-02 6.185529640000000202e-04
-1.891024779999999836e-02 6.183448129999999507e-04
-1.859997030000000093e-02 6.178112819999999686e-04
-1.829014719999999886e-02 6.173463189999999802e-04
-1.798179369999999833e-02 6.185061649999999949e-04
-1.767384630000000054e-02 6.186816030000000244e-04
-1.736560460000000083e-02 6.186815440000000433e-04
-1.705718410000000088e-02 6.187894030000000304e-04
-1.674766470000000132e-02 6.172565039999999923e-04
-1.643754359999999998e-02 6.170644190000000194e-04
-1.612807620000000081e-02 6.176191959999999996e-04
-1.581951599999999875e-02 6.172753639999999835e-04
-1.551138890000000083e-02 6.175103479999999529e-04
-1.520344059999999969e-02 6.174874719999999626e-04
-1.489522870000000061e-02 6.165178489999999885e-04
-1.458663120000000014e-02 6.164000949999999665e-04
-1.427788380000000017e-02 6.158214530000000447e-04
-1.396929470000000083e-02 6.155177830000000110e-04
-1.366124489999999934e-02 6.155719749999999857e-04
-1.335254219999999943e-02 6.158151080000000277e-04
-1.304392050000000025e-02 6.166257659999999606e-04
-1.273632700000000041e-02 6.164684310000000198e-04
-1.242843920000000039e-02 6.155405430000000311e-04
-1.211975789999999997e-02 6.156825689999999946e-04
-1.181089599999999955e-02 6.157772729999999627e-04
-1.150212720000000008e-02 6.157556779999999496e-04
-1.119383049999999984e-02 6.164825170000000050e-04
-1.088591199999999933e-02 6.165180240000000481e-04
-1.057813410000000079e-02 6.168524270000000104e-04
-1.026981509999999945e-02 6.172971920000000414e-04
-9.961069560000000711e-03 6.178211190000000184e-04
-9.651386180000000661e-03 6.185728709999999478e-04
-9.340627120000000172e-03 6.193384760000000345e-04
-9.029822419999999905e-03 6.196423200000000233e-04
-8.719290609999999497e-03 6.204745729999999694e-04
-8.409888480000000596e-03 6.200963400000000444e-04
-8.100723849999999851e-03 6.194421439999999628e-04
-7.791382260000000171e-03 6.193133300000000074e-04
-7.481759880000000106e-03 6.184868980000000037e-04
-7.171714679999999925e-03 6.182745559999999838e-04
-6.861943290000000265e-03 6.181418429999999955e-04
-6.553127429999999753e-03 6.176893949999999814e-04
-6.244882010000000171e-03 6.173839789999999855e-04
-5.936936940000000010e-03 6.170936980000000117e-04
-5.628693849999999790e-03 6.157908359999999777e-04
-5.320088940000000308e-03 6.155388550000000540e-04
-5.011869129999999874e-03 6.154808800000000166e-04
-4.703058399999999681e-03 6.158142930000000317e-04
-4.394639280000000280e-03 6.173916629999999647e-04
-4.085723309999999935e-03 6.182575600000000254e-04
-3.776254829999999875e-03 6.197421460000000163e-04
-3.465858059999999807e-03 6.208335400000000075e-04
-3.154819829999999832e-03 6.232672599999999853e-04
-2.840929659999999815e-03 6.258558130000000351e-04
-2.526088850000000191e-03 6.309922899999999583e-04
-2.220127030000000005e-03 6.275108319999999967e-04
-1.912462989999999920e-03 6.149985709999999505e-04
-1.618455860000000014e-03 6.022966700000000279e-04
-1.325545250000000107e-03 5.688339010000000116e-04
-1.041771030000000027e-03 5.511587370000000340e-04
-7.724484890000000124e-04 5.261694309999999548e-04
-5.093429350000000348e-04 5.136516409999999921e-04
-2.558111740000000036e-04 4.946189000000000358e-04
3.632843799999999826e-06 4.913885500000000168e-04
2.531944479999999873e-04 4.987279540000000072e-04
5.122603030000000409e-04 5.070729529999999999e-04
7.713228699999999513e-04 5.302533390000000076e-04
1.044011089999999928e-03 5.467751179999999576e-04
1.326553060000000041e-03 5.762400690000000483e-04
1.617773089999999941e-03 5.920564869999999898e-04
1.918975380000000064e-03 6.198236949999999653e-04
2.217894189999999877e-03 6.282811519999999999e-04
2.530794820000000032e-03 6.279973310000000171e-04
2.842620949999999803e-03 6.274215989999999601e-04
3.155822170000000156e-03 6.235318719999999619e-04
3.468010340000000045e-03 6.215234749999999642e-04
3.778142390000000135e-03 6.193717710000000258e-04
4.087811799999999628e-03 6.183192020000000469e-04
4.396215079999999872e-03 6.175052840000000215e-04
4.704607650000000411e-03 6.172059220000000127e-04
5.013247489999999966e-03 6.159628389999999634e-04
5.322140640000000422e-03 6.156669699999999835e-04
5.630409349999999750e-03 6.163513750000000277e-04
5.938714840000000432e-03 6.166201779999999546e-04
6.246778179999999854e-03 6.173053989999999908e-04
6.555154920000000329e-03 6.175719319999999892e-04
6.863450170000000294e-03 6.184468509999999954e-04
7.172224579999999898e-03 6.192174620000000284e-04
7.481960109999999733e-03 6.197568730000000423e-04
7.792199030000000401e-03 6.202532090000000041e-04
8.102809080000000427e-03 6.210129940000000360e-04
8.413049389999999877e-03 6.210645079999999778e-04
8.723809379999999253e-03 6.203414519999999851e-04
9.033435960000000750e-03 6.194016309999999734e-04
9.342552159999999856e-03 6.181112840000000221e-04
9.652125649999999252e-03 6.179216430000000412e-04
9.961502630000000635e-03 6.172558059999999625e-04
1.027087489999999916e-02 6.168453259999999785e-04
1.057953109999999926e-02 6.168992260000000357e-04
1.088755949999999952e-02 6.167098759999999763e-04
1.119514549999999983e-02 6.169205880000000041e-04
1.150263850000000053e-02 6.169400880000000401e-04
1.181079909999999990e-02 6.158806499999999696e-04
1.211960710000000059e-02 6.158876350000000314e-04
1.242815520000000069e-02 6.163400249999999520e-04
1.273723600000000074e-02 6.168224499999999883e-04
1.304620970000000026e-02 6.188101830000000475e-04
1.335317360000000050e-02 6.183200750000000280e-04
1.365995499999999967e-02 6.167967220000000099e-04
1.396796949999999995e-02 6.168210530000000410e-04
1.427662470000000058e-02 6.158212199999999999e-04
1.458610779999999947e-02 6.161261700000000147e-04
1.489525939999999937e-02 6.175258309999999938e-04
1.520345269999999992e-02 6.174548180000000120e-04
1.551141869999999971e-02 6.176365419999999690e-04
1.581918629999999951e-02 6.175836319999999675e-04
1.612705919999999835e-02 6.172645949999999715e-04
1.643604970000000012e-02 6.178215260000000184e-04
1.674586159999999838e-02 6.184707160000000453e-04
1.705563070000000112e-02 6.186795070000000512e-04
1.736538110000000051e-02 6.188208349999999849e-04
1.767428589999999952e-02 6.181949870000000378e-04
1.798228170000000167e-02 6.179729240000000467e-04
1.829062960000000029e-02 6.182736830000000027e-04
1.859918610000000153e-02 6.187628019999999625e-04
1.890804990000000130e-02 6.191233989999999927e-04
1.921802950000000079e-02 6.182669309999999857e-04
1.952855289999999924e-02 6.182850339999999660e-04
1.983831449999999899e-02 6.196035539999999921e-04
2.014729939999999886e-02 6.196126340000000310e-04
2.045628609999999847e-02 6.196377219999999646e-04
2.076514440000000114e-02 6.195708990000000456e-04
2.107447570000000117e-02 6.190663550000000299e-04
2.138577399999999976e-02 6.198961050000000028e-04
2.169750260000000153e-02 6.210173600000000460e-04
2.200807440000000087e-02 6.208962299999999613e-04
2.231770939999999995e-02 6.221200460000000194e-04
2.262661230000000134e-02 6.221207440000000493e-04
2.293583009999999867e-02 6.215948960000000504e-04
2.324585059999999953e-02 6.218858760000000501e-04
2.355699799999999913e-02 6.208129340000000541e-04
2.386966349999999903e-02 6.213357560000000012e-04
2.418232149999999941e-02 6.227953710000000247e-04
2.449375390000000166e-02 6.225844259999999521e-04
2.480478770000000069e-02 6.231329749999999900e-04
2.511546569999999895e-02 6.229470599999999744e-04
2.542528510000000019e-02 6.233883319999999765e-04
2.573600040000000033e-02 6.242536469999999775e-04
2.604833250000000017e-02 6.239598149999999897e-04
2.636057879999999937e-02 6.238017810000000231e-04
2.667185110000000123e-02 6.249849680000000131e-04
2.698260729999999927e-02 6.251005689999999644e-04
2.729343440000000023e-02 6.253016180000000061e-04
2.760432289999999872e-02 6.254108740000000489e-04
2.791612409999999836e-02 6.241948580000000486e-04
2.823484500000000147e-02 6.279094960000000322e-04
2.855567449999999938e-02 6.351949999999999654e-04
2.886696899999999927e-02 6.320956159999999765e-04
2.917466310000000132e-02 6.290121240000000205e-04
2.948543429999999840e-02 6.295803470000000497e-04
2.979742919999999948e-02 6.291191680000000116e-04
3.010933660000000150e-02 6.290725430000000500e-04
3.042284400000000097e-02 6.262789249999999594e-04
