-8.741855620000000757e-03 8.793074810000000457e-05
-8.695665749999999597e-03 8.764856470000000250e-05
-8.649710570000000015e-03 8.740175690000000479e-05
-8.604862729999999266e-03 8.908788730000000394e-05
-8.561954829999999378e-03 8.872722539999999456e-05
-8.519758469999999528e-03 8.891773179999999503e-05
-8.476519030000000815e-03 8.941804839999999437e-05
-8.431263269999999393e-03 8.743855869999999969e-05
-8.384642189999999551e-03 8.754723239999999483e-05
-8.338517510000000715e-03 8.867873110000000503e-05
-8.293115530000000693e-03 8.865087880000000126e-05
-8.248499589999999659e-03 8.988664190000000430e-05
-8.205438960000000295e-03 8.939593679999999361e-05
-8.162955750000000857e-03 8.899511160000000423e-05
-8.118876259999999526e-03 8.980987330000000316e-05
-8.073290809999999693e-03 8.955902009999999378e-05
-8.027076719999999901e-03 8.984636949999999403e-05
-7.981198840000000225e-03 9.065948690000000113e-05
-7.936314680000000621e-03 9.035609400000000409e-05
-7.892120630000000817e-03 9.120303000000000286e-05
-7.848483510000000413e-03 9.117533769999999673e-05
-7.804978169999999930e-03 9.131572729999999920e-05
-7.761093789999999604e-03 9.179028709999999703e-05
-7.715623359999999875e-03 9.047219649999999795e-05
-7.669132670000000304e-03 9.041089650000000584e-05
-7.623013110000000092e-03 9.086206410000000522e-05
-7.577965039999999715e-03 9.038074500000000332e-05
-7.533979139999999984e-03 9.081716419999999988e-05
-7.490671239999999870e-03 9.056666020000000191e-05
-7.447118410000000063e-03 8.945960140000000233e-05
-7.402634249999999819e-03 8.962109860000000579e-05
-7.357098630000000368e-03 8.831183370000000193e-05
-7.310463579999999968e-03 8.850170709999999742e-05
-7.264299779999999589e-03 8.981813880000000336e-05
-7.220203060000000318e-03 8.904931749999999921e-05
-7.177540569999999939e-03 8.876592620000000439e-05
-7.134371439999999572e-03 8.896981310000000374e-05
-7.090205789999999911e-03 8.841304950000000078e-05
-7.045129310000000297e-03 8.875592180000000547e-05
-6.998670749999999843e-03 8.741752389999999512e-05
-6.952403109999999789e-03 8.701258779999999828e-05
-6.907584149999999867e-03 8.828881249999999826e-05
-6.863520019999999611e-03 8.810596770000000413e-05
-6.820518060000000000e-03 8.937289389999999805e-05
-6.777476049999999960e-03 8.985232129999999920e-05
-6.732889920000000375e-03 8.860540399999999460e-05
-6.686945910000000395e-03 8.897320369999999997e-05
-6.640311329999999852e-03 8.884282579999999707e-05
-6.593769420000000249e-03 8.874072959999999789e-05
-6.548428440000000211e-03 9.046515329999999530e-05
-6.504520770000000139e-03 9.022343150000000373e-05
-6.461194249999999834e-03 9.052168019999999951e-05
-6.417531520000000281e-03 9.083082840000000085e-05
-6.373131649999999766e-03 8.991357750000000099e-05
-6.327536889999999838e-03 9.029893409999999491e-05
-6.281125359999999679e-03 9.055552070000000666e-05
-6.235366689999999844e-03 9.025816689999999393e-05
-6.190664129999999717e-03 9.118331949999999484e-05
-6.147338080000000135e-03 9.088916700000000020e-05
-6.104323549999999578e-03 9.060087900000000449e-05
-6.059901789999999795e-03 9.114281419999999904e-05
-6.013880949999999767e-03 8.997699480000000583e-05
-5.967002830000000049e-03 9.007295740000000528e-05
-5.920833440000000322e-03 9.152460550000000633e-05
-5.875793750000000287e-03 9.136741569999999764e-05
-5.831495390000000084e-03 9.216927720000000568e-05
-5.787972360000000031e-03 9.199158379999999489e-05
-5.743849090000000164e-03 9.049359510000000168e-05
-5.698520690000000166e-03 9.067923379999999380e-05
-5.652497989999999764e-03 9.003387089999999435e-05
-5.606018939999999652e-03 9.007564950000000075e-05
-5.560073999999999919e-03 9.053617399999999780e-05
-5.515399389999999999e-03 8.994053499999999962e-05
-5.471648180000000111e-03 9.036420670000000228e-05
-5.427849480000000032e-03 9.054515979999999567e-05
-5.383088250000000151e-03 8.945250009999999603e-05
-5.337555429999999920e-03 8.971529310000000393e-05
-5.291433540000000345e-03 8.945826989999999660e-05
-5.245112809999999924e-03 8.929079189999999543e-05
-5.199497570000000297e-03 9.000377029999999986e-05
-5.155002700000000347e-03 8.958677789999999568e-05
-5.111286880000000428e-03 8.972895009999999573e-05
-5.067030900000000018e-03 9.010462240000000457e-05
-5.021922760000000277e-03 8.972506480000000026e-05
-4.976168270000000220e-03 8.997700210000000648e-05
-4.929681770000000386e-03 8.945464650000000632e-05
-4.882812030000000143e-03 8.949725450000000000e-05
-4.836944860000000172e-03 9.129285900000000257e-05
-4.792117979999999805e-03 9.131328989999999972e-05
-4.747793539999999729e-03 9.165091609999999561e-05
-4.703026259999999736e-03 9.203887750000000587e-05
-4.656809379999999818e-03 9.125912040000000295e-05
-4.609850240000000314e-03 9.142103949999999567e-05
-4.562906920000000047e-03 9.189602860000000198e-05
-4.516537769999999681e-03 9.192441209999999466e-05
-4.470929969999999816e-03 9.327244330000000413e-05
-4.425700749999999899e-03 9.332957419999999367e-05
-4.380119029999999906e-03 9.289968149999999357e-05
-4.333746620000000424e-03 9.322026020000000646e-05
-4.286627290000000028e-03 9.286324349999999783e-05
-4.239108410000000209e-03 9.297502399999999563e-05
-4.191847519999999938e-03 9.371791379999999433e-05
-4.145562180000000353e-03 9.339877579999999535e-05
-4.100161140000000044e-03 9.398895050000000552e-05
-4.054427610000000369e-03 9.440064599999999789e-05
-4.008040759999999605e-03 9.445414619999999649e-05
-3.961029930000000213e-03 9.484843760000000233e-05
-3.913558549999999678e-03 9.460295410000000118e-05
-3.865982640000000057e-03 9.457637500000000300e-05
-3.818684719999999866e-03 9.553365090000000422e-05
-3.771991240000000054e-03 9.551792749999999418e-05
-3.725336169999999853e-03 9.553774000000000120e-05
-3.678831740000000107e-03 9.566118389999999608e-05
-3.631783879999999926e-03 9.510291420000000200e-05
-3.583380719999999884e-03 9.550726829999999336e-05
-3.534384299999999892e-03 9.564080389999999340e-05
-3.485483580000000008e-03 9.563141789999999817e-05
-3.437106029999999982e-03 9.648026030000000398e-05
-3.389196939999999849e-03 9.650371790000000674e-05
-3.341628699999999938e-03 9.713876350000000260e-05
-3.294158259999999984e-03 9.730828609999999800e-05
-3.245611910000000076e-03 9.598131869999999919e-05
-3.195784750000000164e-03 9.627397229999999835e-05
-3.145677500000000106e-03 9.661982770000000125e-05
-3.095765370000000145e-03 9.662671799999999686e-05
-3.047076990000000072e-03 9.809463520000000669e-05
-2.998259379999999863e-03 9.869824129999999667e-05
-2.949079030000000164e-03 1.003572619999999982e-04
-2.899260490000000069e-03 1.013368380000000059e-04
-2.847946950000000178e-03 1.015769379999999970e-04
-2.796486720000000096e-03 1.019739789999999990e-04
-2.744797379999999992e-03 1.026943940000000008e-04
-2.692759500000000035e-03 1.029414850000000026e-04
-2.641077620000000046e-03 1.042246369999999994e-04
-2.590305169999999966e-03 1.041394209999999985e-04
-2.539287089999999955e-03 1.034917369999999984e-04
-2.487037799999999941e-03 1.039987109999999942e-04
-2.434196180000000164e-03 1.044191230000000007e-04
-2.378100760000000178e-03 1.065247490000000008e-04
-2.322283569999999964e-03 1.128497169999999978e-04
-2.259315919999999814e-03 1.194178400000000032e-04
-2.195422539999999836e-03 1.361499599999999998e-04
-2.128087449999999797e-03 1.442295620000000084e-04
-2.055170009999999787e-03 1.564078119999999896e-04
-1.988925739999999973e-03 1.567970899999999892e-04
-1.915271629999999942e-03 1.465027309999999939e-04
-1.846792529999999929e-03 1.396985459999999899e-04
-1.779639630000000045e-03 1.230303020000000057e-04
-1.716518659999999958e-03 1.148491059999999942e-04
-1.662336759999999934e-03 1.069369610000000029e-04
-1.610740550000000016e-03 1.022843499999999959e-04
-1.561635870000000013e-03 9.350114120000000036e-05
-1.513796159999999990e-03 8.958542460000000658e-05
-1.469511659999999916e-03 8.463186529999999763e-05
-1.426213769999999919e-03 8.225931379999999531e-05
-1.385494479999999952e-03 7.996746720000000265e-05
-1.345829810000000008e-03 7.851041299999999515e-05
-1.307303319999999916e-03 7.635821380000000535e-05
-1.269084400000000104e-03 7.540011569999999891e-05
-1.231788309999999999e-03 7.383187770000000541e-05
-1.195506079999999940e-03 7.266300959999999964e-05
-1.159631529999999994e-03 7.054652089999999872e-05
-1.124094819999999937e-03 6.958131419999999889e-05
-1.089357069999999936e-03 6.822852450000000280e-05
-1.055244710000000086e-03 6.751267210000000331e-05
-1.021906149999999994e-03 6.680655500000000195e-05
-9.886201009999999803e-04 6.637366460000000234e-05
-9.555110590000000150e-04 6.546501390000000428e-05
-9.228198319999999979e-04 6.488758659999999655e-05
-8.904471180000000105e-04 6.381316780000000348e-05
-8.586108449999999784e-04 6.310488970000000409e-05
-8.273268469999999495e-04 6.205701359999999745e-05
-7.964723629999999593e-04 6.142244090000000391e-05
-7.660513510000000218e-04 6.038109130000000050e-05
-7.357916330000000352e-04 5.991006400000000245e-05
-7.058736519999999790e-04 5.917054660000000088e-05
-6.760860559999999977e-04 5.882651020000000054e-05
-6.468529459999999669e-04 5.844241970000000128e-05
-6.178414910000000395e-04 5.817203779999999876e-05
-5.888834129999999823e-04 5.786351180000000218e-05
-5.600546719999999591e-04 5.767495529999999758e-05
-5.313311699999999837e-04 5.732637870000000164e-05
-5.028385789999999895e-04 5.718646930000000214e-05
-4.744322499999999772e-04 5.694008720000000155e-05
-4.459015909999999817e-04 5.680144389999999669e-05
-4.174996870000000147e-04 5.663083359999999988e-05
-3.891513039999999930e-04 5.653737029999999787e-05
-3.608500410000000150e-04 5.635601700000000033e-05
-3.326667070000000103e-04 5.622002209999999887e-05
-3.045992340000000021e-04 5.603530010000000027e-05
-2.765442480000000259e-04 5.596143820000000312e-05
-2.485070440000000116e-04 5.578556369999999664e-05
-2.205188210000000044e-04 5.569293349999999829e-05
-1.926365370000000126e-04 5.561226129999999757e-05
-1.647846219999999945e-04 5.556503670000000051e-05
-1.371556719999999954e-04 5.547005640000000215e-05
-1.095394549999999939e-04 5.542831060000000292e-05
-8.178768620000000122e-05 5.542184230000000159e-05
-5.408290599999999993e-05 5.539769699999999830e-05
-2.638165100000000116e-05 5.531300849999999701e-05
1.165034519999999929e-06 5.531859639999999801e-05
2.868551929999999848e-05 5.536031309999999968e-05
5.642456380000000012e-05 5.538604459999999793e-05
8.417457139999999917e-05 5.543934089999999677e-05
1.119472510000000040e-04 5.547211549999999942e-05
1.397606249999999999e-04 5.549528580000000227e-05
1.676466780000000019e-04 5.554728340000000255e-05
1.954946929999999911e-04 5.575561950000000198e-05
2.233103300000000111e-04 5.581102229999999979e-05
2.512169299999999854e-04 5.581313600000000115e-05
2.792786399999999821e-04 5.590709769999999845e-05
3.073946569999999818e-04 5.607782080000000126e-05
3.355199880000000068e-04 5.614476320000000021e-05
3.636380419999999986e-04 5.634323679999999750e-05
3.918218429999999804e-04 5.645405690000000293e-05
4.198957179999999946e-04 5.660255919999999680e-05
4.480798090000000103e-04 5.672176850000000011e-05
4.765805790000000115e-04 5.686739310000000287e-05
5.052306809999999480e-04 5.700908880000000279e-05
5.339414350000000128e-04 5.730137489999999995e-05
5.625287889999999562e-04 5.745796439999999904e-05
5.911684709999999498e-04 5.780706489999999680e-05
6.201565270000000251e-04 5.801672159999999673e-05
6.492687970000000051e-04 5.839252479999999888e-05
6.787351450000000432e-04 5.874031189999999854e-05
7.084330430000000027e-04 5.932108249999999905e-05
7.385170900000000236e-04 5.976173999999999679e-05
7.687785549999999685e-04 6.069135270000000301e-05
7.993936889999999794e-04 6.123782079999999929e-05
8.302890929999999590e-04 6.229003339999999826e-05
8.616197159999999496e-04 6.292959729999999456e-05
8.933192000000000172e-04 6.409282649999999983e-05
9.256289920000000020e-04 6.487748030000000364e-05
9.583347709999999854e-04 6.599711199999999819e-05
9.913191899999999456e-04 6.656510959999999827e-05
1.024925029999999978e-03 6.750455940000000513e-05
1.059088969999999940e-03 6.817685060000000063e-05
1.093403790000000049e-03 6.979099999999999638e-05
1.127747120000000079e-03 7.054380690000000131e-05
1.162591859999999961e-03 7.180954710000000442e-05
1.198688750000000093e-03 7.286328039999999580e-05
1.235793339999999947e-03 7.411097610000000173e-05
1.273622039999999919e-03 7.499433559999999996e-05
1.311614059999999986e-03 7.717964759999999358e-05
1.350378730000000070e-03 7.842903139999999522e-05
1.389879379999999897e-03 8.067543969999999801e-05
1.430826490000000053e-03 8.235155839999999759e-05
1.472770119999999936e-03 8.534977680000000117e-05
1.518360569999999956e-03 8.861814420000000141e-05
1.565233110000000070e-03 9.557075100000000250e-05
1.614948040000000005e-03 9.977666199999999904e-05
1.666942490000000027e-03 1.076706760000000000e-04
1.723735240000000019e-03 1.133900509999999964e-04
1.783100190000000028e-03 1.242340509999999894e-04
1.850028870000000082e-03 1.326441419999999875e-04
1.920970510000000056e-03 1.500294890000000074e-04
1.989036569999999907e-03 1.545825220000000063e-04
2.065938660000000201e-03 1.525719849999999944e-04
2.134039769999999860e-03 1.468895350000000129e-04
2.202469859999999901e-03 1.305145420000000070e-04
2.267459409999999977e-03 1.222324350000000013e-04
2.325587909999999887e-03 1.106549460000000025e-04
2.384001389999999918e-03 1.066663319999999998e-04
2.437529390000000087e-03 1.037348769999999989e-04
2.491690920000000191e-03 1.030622369999999985e-04
2.544390740000000185e-03 1.036343749999999966e-04
2.596610689999999909e-03 1.035515739999999952e-04
2.648166610000000139e-03 1.044312589999999986e-04
2.698923460000000104e-03 1.042670919999999946e-04
2.749876120000000011e-03 1.034826199999999989e-04
2.801065100000000186e-03 1.033427469999999976e-04
2.852425679999999898e-03 1.020501080000000025e-04
2.903580670000000148e-03 1.014626759999999944e-04
2.954761729999999878e-03 1.004093139999999993e-04
3.004902739999999912e-03 9.940810559999999779e-05
3.053680530000000073e-03 9.888987550000000637e-05
3.101915819999999987e-03 9.859092820000000482e-05
3.150055880000000082e-03 9.792040509999999707e-05
3.199215980000000032e-03 9.807632159999999516e-05
3.248798890000000137e-03 9.780331309999999972e-05
3.298353869999999955e-03 9.768857130000000062e-05
3.347418740000000087e-03 9.818887340000000369e-05
3.395552510000000163e-03 9.780906840000000403e-05
3.443314460000000167e-03 9.737343500000000091e-05
3.490755099999999934e-03 9.702390529999999969e-05
3.538391789999999985e-03 9.572354609999999663e-05
3.586791690000000043e-03 9.571492409999999792e-05
3.635668889999999799e-03 9.489295919999999869e-05
3.684335620000000078e-03 9.447122280000000416e-05
3.731873120000000089e-03 9.518575099999999857e-05
3.778479060000000146e-03 9.488277279999999517e-05
3.824527839999999988e-03 9.439697900000000022e-05
3.870774060000000197e-03 9.434248199999999748e-05
3.917927390000000044e-03 9.325407149999999747e-05
3.965509590000000119e-03 9.311764010000000546e-05
4.013517870000000293e-03 9.203382070000000231e-05
4.061184360000000097e-03 9.163922370000000600e-05
4.107421729999999674e-03 9.291662720000000116e-05
4.153318700000000266e-03 9.297279030000000621e-05
4.199394490000000167e-03 9.283059629999999569e-05
4.245229530000000154e-03 9.263472020000000054e-05
4.290677609999999850e-03 9.273667819999999900e-05
4.336940590000000310e-03 9.326316650000000352e-05
4.384311380000000327e-03 9.287619470000000178e-05
4.431939220000000179e-03 9.289140870000000627e-05
4.479258790000000164e-03 9.344879800000000002e-05
4.525406289999999755e-03 9.294493789999999742e-05
4.570485089999999639e-03 9.333022169999999492e-05
4.615082409999999614e-03 9.317968220000000571e-05
4.660052710000000230e-03 9.158311879999999608e-05
4.706504749999999848e-03 9.189722910000000262e-05
4.753748420000000405e-03 9.200884960000000278e-05
4.800346209999999635e-03 9.166329980000000391e-05
4.846259950000000004e-03 9.183750080000000241e-05
4.891263320000000317e-03 9.135612340000000037e-05
4.935381469999999826e-03 9.148672690000000170e-05
4.979265850000000153e-03 9.159059850000000284e-05
5.024347450000000125e-03 8.988752230000000463e-05
5.070647690000000020e-03 8.980721760000000590e-05
5.117069460000000028e-03 8.938107200000000054e-05
5.163362720000000058e-03 8.915060609999999447e-05
5.208580749999999586e-03 9.030666110000000555e-05
5.251601340000000215e-03 8.940158299999999476e-05
5.293096419999999795e-03 8.943318239999999326e-05
5.336346569999999949e-03 9.049917570000000203e-05
5.382063799999999704e-03 8.934079960000000382e-05
5.428741219999999937e-03 8.950125630000000429e-05
5.476124120000000137e-03 8.876712670000000503e-05
5.522687919999999875e-03 8.801084909999999325e-05
5.566663109999999901e-03 8.968620390000000132e-05
5.609412210000000280e-03 8.955555680000000616e-05
5.652356889999999787e-03 8.940347469999999550e-05
5.696448029999999670e-03 9.003362360000000402e-05
5.742363169999999649e-03 8.875953059999999446e-05
5.789636629999999999e-03 8.930959299999999702e-05
5.837143860000000399e-03 9.043682080000000213e-05
5.883501380000000398e-03 8.995945970000000064e-05
5.927541760000000146e-03 9.250604490000000318e-05
5.970044530000000356e-03 9.249719009999999686e-05
6.013531699999999716e-03 9.082692850000000410e-05
6.058010739999999603e-03 9.082291220000000354e-05
6.103352180000000404e-03 8.936940869999999493e-05
6.150137170000000153e-03 8.971431820000000173e-05
6.197291429999999754e-03 9.005641910000000423e-05
6.243305279999999957e-03 8.949427870000000243e-05
6.287406659999999689e-03 9.112852420000000227e-05
6.330247500000000388e-03 9.095845599999999960e-05
6.372983569999999924e-03 9.011026850000000070e-05
6.416824179999999940e-03 9.047031929999999349e-05
6.462652699999999958e-03 8.871241879999999661e-05
6.509411609999999834e-03 8.863400579999999862e-05
6.556082979999999956e-03 8.856098430000000578e-05
6.601497070000000161e-03 8.778342449999999408e-05
6.645170510000000287e-03 8.851048909999999377e-05
6.687917279999999569e-03 8.840908409999999470e-05
6.730360440000000312e-03 8.864008850000000387e-05
6.774567530000000053e-03 8.958883699999999973e-05
6.821220279999999983e-03 8.813954630000000610e-05
6.868489089999999832e-03 8.798907949999999474e-05
