-2.999999999999999889e-02 8.364879610000000522e-05
-2.970000000000000070e-02 8.361836079999999559e-05
-2.939999999999999905e-02 8.358013290000000162e-05
-2.910000000000000087e-02 8.348250409999999485e-05
-2.879999999999999921e-02 8.350073040000000014e-05
-2.850000000000000103e-02 8.355006870000000535e-05
-2.819999999999999937e-02 8.356569010000000283e-05
-2.790000000000000119e-02 8.361817889999999601e-05
-2.759999999999999953e-02 8.360081849999999478e-05
-2.730000000000000135e-02 8.349375279999999829e-05
-2.699999999999999969e-02 8.345275269999999823e-05
-2.670000000000000151e-02 8.347059339999999389e-05
-2.639999999999999986e-02 8.344632809999999576e-05
-2.610000000000000167e-02 8.321033970000000655e-05
-2.580000000000000002e-02 8.310087290000000378e-05
-2.549999999999999836e-02 8.299590260000000452e-05
-2.520000000000000018e-02 8.293455179999999584e-05
-2.489999999999999852e-02 8.290179539999999907e-05
-2.460000000000000034e-02 8.292546410000000399e-05
-2.429999999999999868e-02 8.298152530000000150e-05
-2.400000000000000050e-02 8.336541939999999814e-05
-2.369999999999999885e-02 8.441454700000000492e-05
-2.340000000000000066e-02 8.430955489999999520e-05
-2.309999999999999901e-02 8.287202220000000554e-05
-2.280000000000000082e-02 8.238160079999999694e-05
-2.249999999999999917e-02 8.242128390000000109e-05
-2.220000000000000098e-02 8.238840379999999987e-05
-2.189999999999999933e-02 8.227502990000000471e-05
-2.160000000000000114e-02 8.221587629999999578e-05
-2.129999999999999949e-02 8.207604699999999334e-05
-2.100000000000000130e-02 8.210702800000000171e-05
-2.069999999999999965e-02 8.230984530000000051e-05
-2.040000000000000147e-02 8.230140520000000137e-05
-2.009999999999999981e-02 8.216346759999999967e-05
-1.980000000000000163e-02 8.212065589999999595e-05
-1.949999999999999997e-02 8.207509379999999659e-05
-1.919999999999999832e-02 8.213299590000000538e-05
-1.890000000000000013e-02 8.234273259999999736e-05
-1.859999999999999848e-02 8.229360539999999431e-05
-1.830000000000000029e-02 8.186824559999999595e-05
-1.799999999999999864e-02 8.167891059999999855e-05
-1.770000000000000046e-02 8.161550800000000002e-05
-1.739999999999999880e-02 8.159544090000000202e-05
-1.710000000000000062e-02 8.151166549999999645e-05
-1.679999999999999896e-02 8.145178439999999423e-05
-1.650000000000000078e-02 8.138691190000000631e-05
-1.619999999999999912e-02 8.133320810000000268e-05
-1.590000000000000094e-02 8.121143040000000158e-05
-1.559999999999999928e-02 8.113169319999999850e-05
-1.529999999999999936e-02 8.101516869999999680e-05
-1.499999999999999944e-02 8.087932659999999736e-05
-1.469999999999999953e-02 8.053185589999999516e-05
-1.439999999999999961e-02 8.038162920000000561e-05
-1.409999999999999969e-02 8.019309460000000295e-05
-1.379999999999999977e-02 8.008525770000000075e-05
-1.349999999999999985e-02 7.990932499999999915e-05
-1.319999999999999993e-02 7.979961080000000102e-05
-1.290000000000000001e-02 7.966776320000000522e-05
-1.260000000000000009e-02 7.958182690000000664e-05
-1.230000000000000017e-02 7.938342610000000577e-05
-1.200000000000000025e-02 7.928606650000000482e-05
-1.170000000000000033e-02 7.912587169999999598e-05
-1.140000000000000041e-02 7.901718350000000457e-05
-1.110000000000000049e-02 7.885572999999999996e-05
-1.080000000000000057e-02 7.875603480000000205e-05
-1.050000000000000065e-02 7.860529149999999777e-05
-1.020000000000000073e-02 7.849651589999999510e-05
-9.900000000000000813e-03 7.828887460000000036e-05
-9.599999999999999159e-03 7.816134169999999998e-05
-9.299999999999999239e-03 7.791821550000000123e-05
-8.999999999999999320e-03 7.782215109999999928e-05
-8.699999999999999400e-03 7.771109089999999914e-05
-8.399999999999999481e-03 7.760907470000000556e-05
-8.099999999999999561e-03 7.744279720000000501e-05
-7.799999999999999642e-03 7.735721740000000494e-05
-7.499999999999999722e-03 7.723880120000000250e-05
-7.199999999999999803e-03 7.716149409999999826e-05
-6.899999999999999883e-03 7.699373960000000417e-05
-6.599999999999999964e-03 7.689229099999999770e-05
-6.300000000000000044e-03 7.671950879999999762e-05
-6.000000000000000125e-03 7.664114669999999411e-05
-5.700000000000000205e-03 7.655045189999999536e-05
-5.400000000000000286e-03 7.649160399999999549e-05
-5.100000000000000366e-03 7.638453099999999835e-05
-4.799999999999999580e-03 7.630109029999999437e-05
-4.499999999999999660e-03 7.619968529999999530e-05
-4.199999999999999740e-03 7.617764639999999950e-05
-3.899999999999999821e-03 7.612851910000000498e-05
-3.599999999999999901e-03 7.609261959999999881e-05
-3.299999999999999982e-03 7.606049619999999346e-05
-3.000000000000000062e-03 7.641843689999999625e-05
-2.700000000000000143e-03 7.745285979999999907e-05
-2.399999999999999790e-03 7.718869890000000077e-05
-2.099999999999999870e-03 7.637577069999999389e-05
-1.799999999999999951e-03 7.592291510000000383e-05
-1.500000000000000031e-03 7.393279520000000087e-05
-1.199999999999999895e-03 7.325495969999999820e-05
-8.999999999999999754e-04 7.337315760000000285e-05
-5.999999999999999474e-04 7.304961760000000222e-05
-2.999999999999999737e-04 7.198678209999999562e-05
2.095500000000000053e-09 7.197716330000000632e-05
2.999999999999999737e-04 7.253779769999999492e-05
5.999999999999999474e-04 7.273410299999999353e-05
8.999999999999999754e-04 7.318171269999999839e-05
1.199999999999999895e-03 7.345294580000000543e-05
1.500000000000000031e-03 7.380366149999999746e-05
1.799999999999999951e-03 7.460173949999999901e-05
2.099999999999999870e-03 7.680596169999999738e-05
2.399999999999999790e-03 7.720792929999999729e-05
2.700000000000000143e-03 7.638237730000000097e-05
3.000000000000000062e-03 7.609266320000000619e-05
3.299999999999999982e-03 7.602820550000000338e-05
3.599999999999999901e-03 7.600981920000000045e-05
3.899999999999999821e-03 7.608078890000000345e-05
4.199999999999999740e-03 7.615238429999999722e-05
4.499999999999999660e-03 7.624771390000000524e-05
4.799999999999999580e-03 7.627317970000000401e-05
5.100000000000000366e-03 7.630047909999999986e-05
5.400000000000000286e-03 7.637098320000000118e-05
5.700000000000000205e-03 7.652195929999999952e-05
6.000000000000000125e-03 7.659420229999999957e-05
6.300000000000000044e-03 7.674748489999999731e-05
6.599999999999999964e-03 7.685922169999999626e-05
6.899999999999999883e-03 7.701355209999999763e-05
7.199999999999999803e-03 7.709132480000000355e-05
7.499999999999999722e-03 7.729163919999999354e-05
7.799999999999999642e-03 7.738340350000000138e-05
8.099999999999999561e-03 7.746781919999999903e-05
8.399999999999999481e-03 7.754664690000000421e-05
8.699999999999999400e-03 7.772449319999999494e-05
8.999999999999999320e-03 7.783834739999999808e-05
9.299999999999999239e-03 7.802523030000000324e-05
9.599999999999999159e-03 7.811743849999999375e-05
9.900000000000000813e-03 7.822977930000000514e-05
1.020000000000000073e-02 7.834334250000000554e-05
1.050000000000000065e-02 7.858585740000000475e-05
1.080000000000000057e-02 7.869577529999999938e-05
1.110000000000000049e-02 7.890890990000000178e-05
1.140000000000000041e-02 7.904118680000000606e-05
1.170000000000000033e-02 7.914868909999999813e-05
1.200000000000000025e-02 7.923663360000000628e-05
1.230000000000000017e-02 7.947663829999999604e-05
1.260000000000000009e-02 7.959193319999999954e-05
1.290000000000000001e-02 7.973009629999999466e-05
1.319999999999999993e-02 7.981378439999999399e-05
1.349999999999999985e-02 7.994229240000000662e-05
1.379999999999999977e-02 8.001609970000000645e-05
1.409999999999999969e-02 8.014901690000000281e-05
1.439999999999999961e-02 8.028402230000000078e-05
1.469999999999999953e-02 8.053935739999999884e-05
1.499999999999999944e-02 8.068728490000000319e-05
1.529999999999999936e-02 8.099048860000000001e-05
1.559999999999999928e-02 8.114239609999999818e-05
1.590000000000000094e-02 8.138050910000000076e-05
1.619999999999999912e-02 8.146730400000000275e-05
1.650000000000000078e-02 8.150173380000000248e-05
1.679999999999999896e-02 8.153666569999999355e-05
1.710000000000000062e-02 8.156081460000000143e-05
1.739999999999999880e-02 8.159917339999999547e-05
1.770000000000000046e-02 8.174783579999999879e-05
1.799999999999999864e-02 8.180458100000000078e-05
1.830000000000000029e-02 8.183544560000000534e-05
1.859999999999999848e-02 8.199461439999999391e-05
1.890000000000000013e-02 8.240657919999999712e-05
1.919999999999999832e-02 8.244697529999999829e-05
1.949999999999999997e-02 8.226450879999999959e-05
1.980000000000000163e-02 8.225369670000000528e-05
2.009999999999999981e-02 8.230430099999999334e-05
2.040000000000000147e-02 8.229407829999999663e-05
2.069999999999999965e-02 8.237996370000000073e-05
2.100000000000000130e-02 8.242626789999999467e-05
2.129999999999999949e-02 8.238006559999999472e-05
2.160000000000000114e-02 8.237183650000000628e-05
2.189999999999999933e-02 8.243945190000000623e-05
2.220000000000000098e-02 8.246047220000000098e-05
2.249999999999999917e-02 8.248188530000000098e-05
2.280000000000000082e-02 8.250366950000000078e-05
2.309999999999999901e-02 8.252991389999999737e-05
2.340000000000000066e-02 8.304943190000000069e-05
2.369999999999999885e-02 8.444513510000000302e-05
2.400000000000000050e-02 8.453227199999999370e-05
2.429999999999999868e-02 8.348869599999999473e-05
2.460000000000000034e-02 8.308335959999999551e-05
2.489999999999999852e-02 8.301889469999999707e-05
2.520000000000000018e-02 8.303137289999999368e-05
2.549999999999999836e-02 8.310611880000000253e-05
2.580000000000000002e-02 8.314614389999999537e-05
2.610000000000000167e-02 8.325197270000000657e-05
2.639999999999999986e-02 8.333231380000000351e-05
2.670000000000000151e-02 8.347215769999999369e-05
2.699999999999999969e-02 8.351910949999999390e-05
2.730000000000000135e-02 8.351847650000000247e-05
2.759999999999999953e-02 8.356223410000000230e-05
2.790000000000000119e-02 8.371404690000000212e-05
2.819999999999999937e-02 8.372629239999999614e-05
2.850000000000000103e-02 8.366623660000000351e-05
2.879999999999999921e-02 8.364309910000000106e-05
2.910000000000000087e-02 8.358766350000000286e-05
2.939999999999999905e-02 8.358214109999999764e-05
2.970000000000000070e-02 8.361300570000000220e-05
