-5.392579829999999928e-03 4.488508060000000324e-05
-5.370231349999999952e-03 4.482932489999999796e-05
-5.347725470000000078e-03 4.482735680000000299e-05
-5.325248460000000204e-03 4.486893519999999891e-05
-5.302970760000000165e-03 4.484059170000000225e-05
-5.280665589999999736e-03 4.471698780000000296e-05
-5.258303140000000070e-03 4.470665950000000266e-05
-5.235822870000000212e-03 4.469191480000000267e-05
-5.213379389999999933e-03 4.466424430000000024e-05
-5.191103090000000371e-03 4.465435629999999834e-05
-5.168830509999999823e-03 4.464852459999999981e-05
-5.146570040000000325e-03 4.465252279999999951e-05
-5.124310029999999856e-03 4.465358509999999942e-05
-5.102038379999999929e-03 4.463654479999999849e-05
-5.079601429999999578e-03 4.465345410000000109e-05
-5.057112310000000388e-03 4.461366190000000056e-05
-5.034762899999999791e-03 4.459142289999999930e-05
-5.012357139999999711e-03 4.464614540000000223e-05
-4.989956969999999846e-03 4.466253449999999908e-05
-4.967653189999999934e-03 4.465748500000000295e-05
-4.945386670000000325e-03 4.463317240000000137e-05
-4.923134109999999578e-03 4.458962940000000326e-05
-4.900825680000000031e-03 4.460788110000000328e-05
-4.878496750000000000e-03 4.462428839999999923e-05
-4.856068639999999888e-03 4.461350550000000074e-05
-4.833690360000000158e-03 4.466572139999999881e-05
-4.811447580000000231e-03 4.467898909999999847e-05
-4.789167080000000104e-03 4.465350869999999841e-05
-4.766872150000000391e-03 4.465313400000000079e-05
-4.744447300000000263e-03 4.464638549999999694e-05
-4.722022450000000135e-03 4.464382439999999979e-05
-4.699714019999999721e-03 4.461983919999999915e-05
-4.677404649999999595e-03 4.461196289999999962e-05
-4.655129279999999786e-03 4.464688749999999682e-05
-4.632886030000000002e-03 4.463992080000000020e-05
-4.610651169999999653e-03 4.463402730000000195e-05
-4.588285460000000003e-03 4.463469669999999836e-05
-4.565880629999999676e-03 4.457250909999999674e-05
-4.543560089999999947e-03 4.457544860000000112e-05
-4.521257709999999645e-03 4.461345089999999665e-05
-4.498995839999999670e-03 4.460289710000000293e-05
-4.476631990000000394e-03 4.461404020000000277e-05
-4.454256969999999781e-03 4.462447029999999881e-05
-4.431976940000000378e-03 4.460006679999999995e-05
-4.409678279999999957e-03 4.460233690000000114e-05
-4.387376360000000419e-03 4.460296259999999870e-05
-4.365058150000000053e-03 4.461265780000000256e-05
-4.342749709999999680e-03 4.465452370000000165e-05
-4.320324860000000419e-03 4.466304020000000179e-05
-4.297907000000000116e-03 4.469769559999999995e-05
-4.275524059999999925e-03 4.476509639999999817e-05
-4.252980459999999852e-03 4.489684940000000064e-05
-4.230536519999999676e-03 4.488462580000000178e-05
-4.208197819999999652e-03 4.481435830000000237e-05
-4.185793919999999946e-03 4.482837179999999946e-05
-4.163368140000000064e-03 4.483005610000000086e-05
-4.141021049999999738e-03 4.478294430000000301e-05
-4.118753129999999651e-03 4.478378829999999836e-05
-4.096370660000000184e-03 4.477686159999999776e-05
-4.073923450000000064e-03 4.465042000000000338e-05
-4.051581030000000160e-03 4.461822749999999767e-05
-4.029301929999999643e-03 4.463472209999999986e-05
-4.007043319999999652e-03 4.462869040000000089e-05
-3.984650129999999651e-03 4.459894629999999814e-05
-3.962247169999999659e-03 4.459403860000000054e-05
-3.940007649999999716e-03 4.464158340000000294e-05
-3.917823550000000370e-03 4.462522339999999688e-05
-3.895599630000000108e-03 4.451330460000000011e-05
-3.873274889999999814e-03 4.453367730000000214e-05
-3.850973909999999990e-03 4.463002549999999766e-05
-3.828574899999999826e-03 4.464758599999999757e-05
-3.806196620000000096e-03 4.473054290000000078e-05
-3.784004829999999819e-03 4.472458389999999997e-05
-3.761697789999999923e-03 4.451683339999999706e-05
-3.739349309999999947e-03 4.446662209999999719e-05
-3.716992450000000062e-03 4.452304710000000063e-05
-3.694638609999999820e-03 4.454166630000000265e-05
-3.672393500000000095e-03 4.456417450000000295e-05
-3.650118359999999802e-03 4.459030610000000032e-05
-3.627813189999999806e-03 4.461259960000000065e-05
-3.605587180000000089e-03 4.457306570000000071e-05
-3.583406800000000191e-03 4.453983269999999879e-05
-3.561114189999999881e-03 4.451969290000000262e-05
-3.538770139999999984e-03 4.437882309999999718e-05
-3.516539229999999898e-03 4.433577490000000334e-05
-3.494260370000000157e-03 4.434515720000000252e-05
-3.471998500000000182e-03 4.433844149999999906e-05
-3.449866079999999897e-03 4.432623969999999712e-05
-3.427746240000000087e-03 4.431427080000000104e-05
-3.405631520000000200e-03 4.428923779999999677e-05
-3.383537289999999972e-03 4.426773009999999665e-05
-3.361434209999999978e-03 4.419262770000000285e-05
-3.339177929999999784e-03 4.418207750000000016e-05
-3.316962630000000207e-03 4.422052369999999869e-05
-3.294881669999999863e-03 4.422874550000000004e-05
-3.272801169999999850e-03 4.425191949999999894e-05
-3.250706239999999816e-03 4.426880699999999786e-05
-3.228482789999999845e-03 4.431068740000000000e-05
-3.205592509999999860e-03 4.472675569999999822e-05
-3.182804909999999848e-03 4.584468480000000078e-05
-3.160721860000000050e-03 4.582370819999999811e-05
-3.138591540000000048e-03 4.568654549999999817e-05
-3.116525709999999963e-03 4.559831720000000324e-05
-3.093883630000000048e-03 4.439055560000000140e-05
-3.071088110000000024e-03 4.397302110000000306e-05
-3.049006449999999875e-03 4.400571199999999729e-05
-3.027060529999999871e-03 4.401099070000000322e-05
-3.005106000000000010e-03 4.401119799999999752e-05
-2.983145879999999934e-03 4.401458860000000053e-05
-2.961049549999999857e-03 4.400504260000000087e-05
-2.938977440000000146e-03 4.398699090000000129e-05
-2.917059699999999863e-03 4.398593959999999809e-05
-2.895133099999999855e-03 4.399078529999999947e-05
-2.873185559999999819e-03 4.396912119999999953e-05
-2.851224739999999938e-03 4.396919760000000054e-05
-2.829256229999999993e-03 4.395615180000000326e-05
-2.807195529999999793e-03 4.393195920000000329e-05
-2.785167890000000198e-03 4.391985200000000147e-05
-2.763244790000000083e-03 4.392739359999999941e-05
-2.741192229999999883e-03 4.394013379999999944e-05
-2.719119419999999933e-03 4.395701399999999771e-05
-2.697145800000000024e-03 4.396163790000000174e-05
-2.675218510000000171e-03 4.393543350000000117e-05
-2.653297269999999996e-03 4.387295120000000076e-05
-2.631300589999999856e-03 4.389597600000000224e-05
-2.609330930000000170e-03 4.400536639999999723e-05
-2.587341239999999855e-03 4.405679279999999903e-05
-2.565363650000000197e-03 4.421983249999999858e-05
-2.543385840000000116e-03 4.420356709999999942e-05
-2.521241080000000134e-03 4.388083109999999811e-05
-2.499221590000000066e-03 4.376450309999999728e-05
-2.477240979999999898e-03 4.371235259999999674e-05
-2.455246629999999989e-03 4.370180979999999972e-05
-2.433429469999999831e-03 4.376134530000000189e-05
-2.411670280000000055e-03 4.374809209999999850e-05
-2.389896659999999826e-03 4.368750520000000165e-05
-2.368079959999999998e-03 4.369151789999999762e-05
-2.346249999999999811e-03 4.368015649999999999e-05
-2.324334109999999943e-03 4.365334460000000098e-05
-2.302448029999999788e-03 4.362896289999999903e-05
-2.280684890000000183e-03 4.362082110000000328e-05
-2.258921039999999946e-03 4.359743250000000265e-05
-2.237166049999999868e-03 4.358371369999999758e-05
-2.215302550000000127e-03 4.357047149999999767e-05
-2.193385969999999980e-03 4.359749069999999777e-05
-2.171581379999999901e-03 4.365302809999999849e-05
-2.149874579999999820e-03 4.361432730000000221e-05
-2.128164980000000085e-03 4.350240849999999866e-05
-2.106469589999999947e-03 4.345356139999999990e-05
-2.084802370000000005e-03 4.336499110000000272e-05
-2.063027350000000166e-03 4.332419850000000024e-05
-2.041283990000000020e-03 4.326440830000000207e-05
-2.019709670000000099e-03 4.321525190000000322e-05
-1.998047580000000042e-03 4.313619869999999785e-05
-1.976410860000000092e-03 4.309232460000000275e-05
-1.954933629999999929e-03 4.303237069999999733e-05
-1.933431719999999937e-03 4.302570229999999732e-05
-1.911954950000000104e-03 4.304926189999999908e-05
-1.890543620000000079e-03 4.301836450000000089e-05
-1.869141470000000018e-03 4.294788960000000215e-05
-1.847735610000000037e-03 4.292479210000000250e-05
-1.826329619999999924e-03 4.286041800000000310e-05
-1.804839120000000094e-03 4.281515070000000079e-05
-1.783392389999999923e-03 4.276269829999999905e-05
-1.762067319999999996e-03 4.274362440000000060e-05
-1.740614419999999976e-03 4.267931219999999916e-05
-1.719163610000000062e-03 4.265489040000000295e-05
-1.697889059999999929e-03 4.267929400000000005e-05
-1.676672489999999922e-03 4.265331880000000251e-05
-1.655432980000000071e-03 4.254308439999999862e-05
-1.634208829999999994e-03 4.249416089999999885e-05
-1.613019499999999995e-03 4.241632269999999716e-05
-1.591711889999999907e-03 4.238717520000000118e-05
-1.570434660000000074e-03 4.235708910000000296e-05
-1.549325530000000102e-03 4.231750789999999958e-05
-1.528257390000000056e-03 4.227575120000000189e-05
-1.507183420000000103e-03 4.226413879999999754e-05
-1.485966380000000022e-03 4.219292899999999984e-05
-1.464804049999999906e-03 4.213429199999999886e-05
-1.443826359999999913e-03 4.207959860000000027e-05
-1.422849600000000107e-03 4.205937510000000245e-05
-1.401884599999999930e-03 4.202298079999999879e-05
-1.380946369999999906e-03 4.199382239999999757e-05
-1.359999530000000024e-03 4.189852190000000067e-05
-1.338949889999999998e-03 4.185469879999999829e-05
-1.317952640000000101e-03 4.182061459999999862e-05
-1.297104060000000073e-03 4.179038299999999904e-05
-1.276168509999999964e-03 4.175883079999999896e-05
-1.255281970000000046e-03 4.171792170000000120e-05
-1.234513939999999947e-03 4.160432579999999864e-05
-1.213714359999999931e-03 4.158236329999999707e-05
-1.192943660000000093e-03 4.156952849999999693e-05
-1.172216839999999909e-03 4.153847840000000175e-05
-1.151516100000000032e-03 4.149577220000000337e-05
-1.130830730000000105e-03 4.147123400000000336e-05
-1.110165499999999934e-03 4.143694239999999758e-05
-1.089415980000000032e-03 4.140484820000000160e-05
-1.068697539999999974e-03 4.136756250000000090e-05
-1.048119739999999996e-03 4.134019399999999792e-05
-1.027393969999999953e-03 4.121254099999999767e-05
-1.006635949999999972e-03 4.118582000000000270e-05
-9.860530260000000859e-04 4.120853920000000015e-05
-9.655000180000000319e-04 4.119877119999999988e-05
-9.449691279999999612e-04 4.120865920000000177e-05
-9.244895190000000044e-04 4.118139619999999735e-05
-9.039791770000000105e-04 4.105432889999999864e-05
-8.833460159999999587e-04 4.101253940000000055e-05
-8.627726929999999812e-04 4.099641589999999816e-05
-8.423735850000000410e-04 4.095593249999999753e-05
-8.219653969999999536e-04 4.082877789999999935e-05
-8.015100610000000427e-04 4.081105729999999677e-05
-7.809911619999999801e-04 4.084851030000000253e-05
-7.605333809999999728e-04 4.082536180000000337e-05
-7.401905599999999844e-04 4.075972900000000143e-05
-7.198248060000000167e-04 4.074988460000000015e-05
-6.994842549999999567e-04 4.076461119999999928e-05
-6.791738559999999786e-04 4.075180910000000128e-05
-6.588537360000000292e-04 4.070005890000000313e-05
-6.384166770000000539e-04 4.068237469999999876e-05
-6.179939959999999812e-04 4.065738180000000231e-05
-5.977216060000000233e-04 4.062744849999999934e-05
-5.774919409999999982e-04 4.061534129999999751e-05
-5.572806689999999872e-04 4.059995990000000326e-05
-5.369608990000000488e-04 4.056826950000000246e-05
-5.166173800000000305e-04 4.057105619999999804e-05
-4.963803800000000412e-04 4.056474430000000332e-05
-4.761781310000000257e-04 4.054157029999999764e-05
-4.560033849999999976e-04 4.052305669999999922e-05
-4.357935980000000160e-04 4.053744849999999850e-05
-4.155576170000000206e-04 4.053366140000000097e-05
-3.951532129999999919e-04 4.056431129999999878e-05
-3.747779120000000082e-04 4.069748319999999791e-05
-3.536656729999999903e-04 4.125538179999999896e-05
-3.324084390000000004e-04 4.276292020000000142e-05
-3.124349750000000045e-04 4.253615039999999737e-05
-2.921386620000000116e-04 4.116767009999999842e-05
-2.718778560000000076e-04 4.065366010000000230e-05
-2.517124230000000089e-04 3.938510419999999751e-05
-2.315500170000000038e-04 3.892660610000000235e-05
-2.121396540000000121e-04 3.890893280000000322e-05
-1.926359550000000071e-04 3.889243820000000103e-05
-1.731384249999999906e-04 3.885701149999999893e-05
-1.537166100000000055e-04 3.886492780000000126e-05
-1.343140609999999885e-04 3.891879529999999859e-05
-1.148875890000000043e-04 3.895257399999999925e-05
-9.531522659999999919e-05 3.898756769999999681e-05
-7.594354969999999748e-05 3.887959250000000243e-05
-5.670060999999999786e-05 3.861010189999999870e-05
-3.803638899999999711e-05 3.816947359999999678e-05
-1.932669330000000150e-05 3.685327100000000239e-05
-1.472149960000000037e-08 3.674722760000000301e-05
1.870933559999999929e-05 3.741879850000000084e-05
3.771242339999999761e-05 3.776907759999999730e-05
5.674095519999999777e-05 3.868369090000000075e-05
7.566241399999999403e-05 3.901356830000000264e-05
9.524686169999999898e-05 3.901144739999999888e-05
1.147694570000000019e-04 3.897350329999999847e-05
1.341566389999999888e-04 3.890954389999999949e-05
1.535580519999999913e-04 3.889507569999999919e-05
1.729527870000000065e-04 3.886604100000000243e-05
1.923918610000000104e-04 3.888225179999999751e-05
2.118251430000000102e-04 3.893695610000000133e-05
2.313977599999999927e-04 3.897391430000000283e-05
2.509696349999999856e-04 3.907740760000000176e-05
2.717143220000000086e-04 3.988286329999999751e-05
2.924774309999999839e-04 4.208301470000000303e-05
3.123503700000000152e-04 4.234467999999999994e-05
3.331693010000000114e-04 4.169675589999999831e-05
3.539489410000000143e-04 4.143856130000000146e-05
3.745752620000000212e-04 4.077917399999999968e-05
3.951732359999999980e-04 4.052475199999999733e-05
4.153725170000000010e-04 4.048393379999999685e-05
4.355772110000000045e-04 4.047249599999999821e-05
4.557628710000000073e-04 4.047249599999999821e-05
4.760903830000000185e-04 4.048873229999999982e-05
4.964258409999999918e-04 4.052049919999999988e-05
5.166158080000000236e-04 4.051356519999999863e-05
5.369320860000000376e-04 4.047506079999999820e-05
5.573059899999999655e-04 4.049575730000000336e-05
5.775594039999999620e-04 4.056266700000000017e-05
5.978090919999999933e-04 4.058448029999999753e-05
6.180852070000000288e-04 4.060089119999999807e-05
6.383866420000000466e-04 4.062202420000000057e-05
6.586817910000000286e-04 4.069124409999999960e-05
6.790927150000000256e-04 4.071634609999999922e-05
6.995169679999999968e-04 4.076351619999999721e-05
7.198334209999999620e-04 4.078508209999999923e-05
7.401710029999999593e-04 4.080972210000000176e-05
7.605208080000000134e-04 4.082593300000000186e-05
7.810040259999999693e-04 4.084164899999999946e-05
8.015198979999999841e-04 4.086693660000000148e-05
8.219179579999999919e-04 4.094057290000000020e-05
8.423157269999999698e-04 4.096693370000000059e-05
8.627627979999999462e-04 4.095788610000000300e-05
8.833994510000000308e-04 4.099860600000000053e-05
9.040275470000000467e-04 4.112565150000000233e-05
9.245087280000000105e-04 4.115309999999999736e-05
9.450210490000000114e-04 4.117752910000000100e-05
9.655662580000000036e-04 4.120603260000000207e-05
9.862635049999999605e-04 4.122666000000000010e-05
1.006950389999999905e-03 4.122792960000000109e-05
1.027500960000000052e-03 4.126411659999999689e-05
1.048088539999999982e-03 4.129948870000000168e-05
1.068700570000000009e-03 4.135713969999999873e-05
1.089326920000000063e-03 4.138652730000000297e-05
1.109975619999999932e-03 4.143071059999999992e-05
1.130757499999999983e-03 4.145599449999999911e-05
1.151550679999999985e-03 4.150720270000000136e-05
1.172258399999999944e-03 4.154497949999999670e-05
1.193128639999999942e-03 4.157582229999999757e-05
1.214014829999999958e-03 4.159661329999999783e-05
1.234763999999999957e-03 4.168645320000000277e-05
1.255525279999999922e-03 4.172606710000000154e-05
1.276357909999999932e-03 4.171680850000000003e-05
1.297236420000000062e-03 4.174104470000000061e-05
1.318095019999999951e-03 4.184161660000000279e-05
1.339084120000000105e-03 4.188477760000000263e-05
1.360110940000000025e-03 4.194110809999999743e-05
1.381025300000000020e-03 4.196508960000000201e-05
1.401960619999999963e-03 4.199662360000000298e-05
1.422928879999999906e-03 4.202769200000000229e-05
1.444039170000000014e-03 4.207595339999999952e-05
1.465172040000000103e-03 4.210696720000000151e-05
1.486200719999999963e-03 4.216797969999999722e-05
1.507242790000000096e-03 4.219797479999999991e-05
1.528296499999999905e-03 4.226172309999999674e-05
1.549401670000000088e-03 4.231557980000000063e-05
1.570552590000000043e-03 4.238858669999999895e-05
1.591819690000000021e-03 4.241231000000000119e-05
1.613113210000000032e-03 4.243376680000000004e-05
1.634320359999999949e-03 4.246166649999999872e-05
1.655646829999999920e-03 4.254099259999999920e-05
1.677007070000000044e-03 4.258995610000000176e-05
1.698269970000000108e-03 4.268737030000000003e-05
1.719489690000000105e-03 4.269653439999999966e-05
1.740757139999999986e-03 4.264246310000000082e-05
1.762097700000000034e-03 4.266700489999999865e-05
1.783437560000000061e-03 4.273643939999999941e-05
1.804912579999999947e-03 4.276973410000000281e-05
1.826400290000000084e-03 4.284074019999999723e-05
1.847772859999999946e-03 4.286999680000000315e-05
1.869176400000000090e-03 4.289964639999999726e-05
1.890571670000000103e-03 4.290537620000000181e-05
1.912079170000000094e-03 4.293705569999999738e-05
1.933658030000000088e-03 4.299132710000000168e-05
1.955170180000000146e-03 4.305024049999999733e-05
1.976661619999999907e-03 4.305902620000000329e-05
1.998142340000000003e-03 4.310152869999999840e-05
2.019806299999999961e-03 4.315338079999999732e-05
2.041507509999999827e-03 4.323494799999999966e-05
2.063096040000000214e-03 4.327001079999999759e-05
2.084712959999999917e-03 4.331950189999999803e-05
2.106415810000000170e-03 4.338857250000000140e-05
2.128249269999999815e-03 4.356763749999999864e-05
2.150039189999999965e-03 4.360601449999999856e-05
2.171772069999999919e-03 4.360180169999999713e-05
2.193509829999999890e-03 4.360324239999999749e-05
2.215274839999999829e-03 4.356158750000000231e-05
2.237023089999999950e-03 4.353644179999999707e-05
2.258736639999999948e-03 4.352465839999999838e-05
2.280617129999999888e-03 4.354655900000000199e-05
2.302496690000000075e-03 4.360889580000000104e-05
2.324281259999999918e-03 4.364848429999999829e-05
2.346205530000000129e-03 4.373257979999999739e-05
2.368120709999999799e-03 4.375774729999999955e-05
2.389967670000000145e-03 4.373544649999999858e-05
2.411779020000000100e-03 4.370620809999999854e-05
2.433558690000000007e-03 4.367801010000000326e-05
2.455441049999999847e-03 4.372944020000000111e-05
2.477338999999999843e-03 4.384557909999999996e-05
2.499398779999999817e-03 4.390958930000000195e-05
2.521439460000000216e-03 4.411859850000000063e-05
2.543302949999999996e-03 4.416255979999999696e-05
2.565201369999999849e-03 4.422624620000000260e-05
2.587083490000000215e-03 4.423944480000000190e-05
2.609262240000000121e-03 4.399052340000000108e-05
2.631460549999999933e-03 4.391223050000000295e-05
2.653395519999999889e-03 4.392506160000000026e-05
2.675303259999999798e-03 4.391324549999999941e-05
2.697182590000000036e-03 4.392797200000000030e-05
2.719089159999999849e-03 4.394971259999999949e-05
2.741029250000000164e-03 4.395412909999999742e-05
2.763100430000000121e-03 4.395969149999999866e-05
2.785193269999999832e-03 4.393962440000000067e-05
2.807148969999999789e-03 4.392485060000000312e-05
2.829207109999999810e-03 4.392029589999999769e-05
2.851233119999999847e-03 4.389937020000000305e-05
2.873100339999999902e-03 4.389831519999999701e-05
2.895031589999999978e-03 4.393641580000000226e-05
2.917013600000000189e-03 4.395766149999999896e-05
2.938977210000000197e-03 4.395440920000000170e-05
2.960917070000000130e-03 4.398554670000000136e-05
2.982978480000000095e-03 4.399500899999999936e-05
3.005062929999999938e-03 4.398309470000000060e-05
3.027005819999999906e-03 4.396861910000000141e-05
3.049051850000000178e-03 4.396370059999999682e-05
3.071105570000000080e-03 4.396644360000000033e-05
3.093038450000000147e-03 4.396791339999999825e-05
3.115808590000000104e-03 4.447191170000000158e-05
3.138615750000000020e-03 4.581004760000000173e-05
3.160695309999999886e-03 4.585428179999999994e-05
3.183225400000000167e-03 4.522477319999999705e-05
3.205836049999999902e-03 4.497034749999999863e-05
3.228344949999999852e-03 4.443597569999999894e-05
3.250757700000000191e-03 4.426202940000000322e-05
3.272865429999999819e-03 4.428583630000000208e-05
3.294974329999999976e-03 4.429511320000000094e-05
3.317211059999999791e-03 4.431712299999999917e-05
3.339430320000000025e-03 4.431455819999999919e-05
3.361538289999999995e-03 4.428362809999999885e-05
3.383649280000000040e-03 4.427438759999999821e-05
3.405712310000000038e-03 4.432888450000000270e-05
3.427803049999999900e-03 4.436516609999999861e-05
3.449948740000000069e-03 4.437421380000000122e-05
3.472222950000000176e-03 4.437914319999999749e-05
3.494484820000000151e-03 4.441368219999999861e-05
3.516591620000000026e-03 4.440877819999999708e-05
3.538841379999999818e-03 4.436666500000000088e-05
3.561229679999999842e-03 4.443458240000000027e-05
3.583492010000000148e-03 4.462330620000000316e-05
3.605686129999999788e-03 4.465019810000000100e-05
3.627963829999999827e-03 4.458497279999999708e-05
3.650260160000000018e-03 4.457262550000000054e-05
3.672503629999999790e-03 4.462690410000000048e-05
3.694770860000000032e-03 4.458509279999999870e-05
3.717040410000000111e-03 4.446570529999999865e-05
3.739350240000000134e-03 4.452263599999999803e-05
3.761672650000000197e-03 4.465962050000000123e-05
3.783930559999999950e-03 4.467047980000000073e-05
3.806338409999999919e-03 4.466192329999999779e-05
3.828747659999999931e-03 4.465958770000000083e-05
3.851054930000000209e-03 4.461161729999999956e-05
3.873324950000000145e-03 4.457200340000000080e-05
3.895523729999999813e-03 4.458146940000000163e-05
3.917873369999999925e-03 4.459967390000000323e-05
3.940248860000000394e-03 4.460684430000000312e-05
3.962504680000000258e-03 4.461348000000000099e-05
3.984761419999999915e-03 4.463039290000000140e-05
4.007012580000000185e-03 4.463303410000000240e-05
4.029383880000000050e-03 4.465081660000000293e-05
4.051754720000000018e-03 4.465697199999999959e-05
4.074016589999999993e-03 4.464476659999999983e-05
4.096338990000000096e-03 4.467658069999999831e-05
4.118646499999999849e-03 4.478914710000000136e-05
4.140960519999999610e-03 4.483330489999999856e-05
4.163345320000000176e-03 4.483729940000000220e-05
4.185846079999999692e-03 4.483208610000000057e-05
4.208319349999999764e-03 4.486279429999999853e-05
4.230637570000000090e-03 4.485698809999999975e-05
4.253135990000000283e-03 4.475305469999999890e-05
4.275655839999999847e-03 4.472870929999999692e-05
4.298014099999999775e-03 4.471882130000000180e-05
4.320340229999999719e-03 4.469594569999999774e-05
4.342647269999999615e-03 4.466480460000000027e-05
4.364951050000000395e-03 4.465200250000000228e-05
4.387262280000000028e-03 4.460487620000000138e-05
4.409657790000000299e-03 4.456258100000000058e-05
4.431971810000000060e-03 4.458009430000000207e-05
4.454195969999999796e-03 4.460822309999999875e-05
4.476471339999999605e-03 4.460175110000000136e-05
4.498749510000000368e-03 4.460122360000000173e-05
4.521155730000000345e-03 4.459712359999999952e-05
4.543554499999999732e-03 4.459114280000000180e-05
4.565807530000000336e-03 4.460649870000000307e-05
4.588067529999999977e-03 4.461627030000000116e-05
4.610341510000000136e-03 4.462026850000000086e-05
4.632620139999999928e-03 4.462473949999999786e-05
4.654901099999999951e-03 4.463420920000000153e-05
4.677299410000000310e-03 4.463228470000000039e-05
4.699679089999999650e-03 4.465808889999999681e-05
4.721950269999999721e-03 4.467829789999999836e-05
4.744358829999999888e-03 4.471666029999999699e-05
4.766765519999999721e-03 4.472920410000000117e-05
4.789081399999999857e-03 4.470437850000000301e-05
4.811389370000000373e-03 4.469089249999999878e-05
4.833692219999999665e-03 4.466227980000000308e-05
4.855986219999999624e-03 4.464675290000000068e-05
4.878251810000000348e-03 4.465096209999999753e-05
4.900619850000000229e-03 4.463786899999999680e-05
4.922966469999999831e-03 4.463662479999999731e-05
4.945253020000000069e-03 4.467576220000000272e-05
4.967722110000000364e-03 4.469109630000000030e-05
4.990174899999999872e-03 4.468702540000000242e-05
5.012454470000000245e-03 4.475350940000000211e-05
5.034712139999999655e-03 4.476426330000000129e-05
5.057026630000000141e-03 4.469945999999999842e-05
5.079333670000000037e-03 4.467174219999999932e-05
5.101606719999999574e-03 4.465154420000000125e-05
5.124006419999999583e-03 4.464446100000000258e-05
5.146412179999999663e-03 4.461526989999999921e-05
5.168752740000000061e-03 4.464166340000000176e-05
5.191093310000000419e-03 4.471515790000000194e-05
5.213374740000000299e-03 4.470611379999999714e-05
5.235767920000000339e-03 4.470492789999999780e-05
5.258230029999999902e-03 4.474572420000000312e-05
5.280574780000000037e-03 4.484419330000000240e-05
5.302920939999999743e-03 4.488077679999999951e-05
5.325344860000000118e-03 4.485216409999999703e-05
