-7.438865490000000011e-03 7.586809810000000581e-05
-7.400239819999999621e-03 7.405437650000000612e-05
-7.362156180000000057e-03 7.307694609999999564e-05
-7.324575449999999772e-03 7.165594430000000136e-05
-7.283212150000000114e-03 7.357239519999999667e-05
-7.242981340000000275e-03 8.078548850000000627e-05
-7.206506560000000040e-03 8.096666719999999809e-05
-7.169017100000000219e-03 7.977471979999999855e-05
-7.132468749999999920e-03 7.878104949999999542e-05
-7.097171620000000333e-03 7.810766690000000244e-05
-7.058069109999999709e-03 8.015169439999999699e-05
-7.015668790000000390e-03 8.032566979999999706e-05
-6.976300379999999732e-03 7.856665619999999726e-05
-6.937715690000000393e-03 7.498153719999999802e-05
-6.897030860000000207e-03 7.495489990000000471e-05
-6.857652219999999660e-03 7.706414179999999795e-05
-6.819171369999999996e-03 7.728270430000000371e-05
-6.781412750000000156e-03 7.861734780000000512e-05
-6.746918890000000099e-03 7.714856470000000478e-05
-6.713478359999999583e-03 7.528573039999999833e-05
-6.676097869999999754e-03 7.696686229999999407e-05
-6.635865200000000408e-03 7.690386699999999707e-05
-6.598046520000000296e-03 7.560060480000000641e-05
-6.562236229999999886e-03 7.532146260000000622e-05
-6.525699050000000057e-03 7.549144359999999411e-05
-6.487957669999999850e-03 7.395047579999999387e-05
-6.450253539999999987e-03 7.337440180000000234e-05
-6.410078149999999877e-03 6.763940470000000043e-05
-6.364574660000000411e-03 6.877966370000000154e-05
-6.321014839999999912e-03 7.520258810000000275e-05
-6.281788459999999852e-03 7.490690770000000653e-05
-6.243141370000000051e-03 7.505287070000000017e-05
-6.204508709999999837e-03 7.509675920000000008e-05
-6.165369880000000358e-03 7.437261959999999495e-05
-6.126030349999999659e-03 7.423291390000000549e-05
-6.089857310000000232e-03 7.864928190000000522e-05
-6.056056819999999959e-03 7.882133649999999343e-05
-6.020463069999999924e-03 7.678160910000000655e-05
-5.980466959999999887e-03 7.867507519999999640e-05
-5.941442679999999789e-03 8.553333460000000588e-05
-5.907936019999999837e-03 8.488310410000000309e-05
-5.871391390000000286e-03 7.803989139999999982e-05
-5.829523320000000106e-03 7.858689789999999419e-05
-5.786545570000000034e-03 7.825411009999999905e-05
-5.746530829999999847e-03 7.635448129999999835e-05
-5.709160119999999970e-03 7.548816210000000105e-05
-5.670837589999999998e-03 7.574872140000000597e-05
-5.632109009999999687e-03 7.579569500000000310e-05
-5.592863079999999681e-03 7.612361510000000345e-05
-5.555210639999999707e-03 7.970072329999999849e-05
-5.518172400000000144e-03 8.061689729999999715e-05
-5.476908760000000383e-03 7.610121969999999558e-05
-5.437309849999999618e-03 7.347825160000000656e-05
-5.402566870000000132e-03 7.384397760000000659e-05
-5.364782180000000379e-03 7.579611699999999738e-05
-5.326070819999999782e-03 8.011066530000000440e-05
-5.289307800000000309e-03 8.050320319999999666e-05
-5.251581309999999586e-03 7.999566879999999575e-05
-5.214662289999999825e-03 7.949840799999999957e-05
-5.180093929999999951e-03 8.205715129999999842e-05
-5.143381659999999786e-03 8.408869329999999571e-05
-5.100965029999999720e-03 8.020532549999999567e-05
-5.060057619999999874e-03 7.790338710000000637e-05
-5.023477600000000355e-03 7.873199499999999733e-05
-4.986735529999999569e-03 7.912696309999999345e-05
-4.947276789999999896e-03 7.568381989999999841e-05
-4.904654339999999987e-03 7.634745269999999699e-05
-4.861547610000000082e-03 7.738501150000000003e-05
-4.821510519999999862e-03 7.591372559999999591e-05
-4.783716050000000157e-03 7.556913620000000296e-05
-4.744273610000000405e-03 7.643543360000000335e-05
-4.703805779999999624e-03 7.667064349999999976e-05
-4.663687199999999762e-03 7.654113869999999654e-05
-4.623972809999999864e-03 7.731964429999999932e-05
-4.584512209999999817e-03 7.744906179999999629e-05
-4.545595030000000245e-03 7.870798439999999519e-05
-4.506423140000000160e-03 7.948772689999999681e-05
-4.466012119999999627e-03 7.959351210000000063e-05
-4.426345689999999777e-03 7.901177009999999748e-05
-4.386871589999999897e-03 7.771492530000000012e-05
-4.346287340000000270e-03 7.791600359999999517e-05
-4.307934079999999923e-03 8.220524610000000106e-05
-4.272377580000000230e-03 8.206584609999999355e-05
-4.233011039999999905e-03 7.530655420000000576e-05
-4.191004669999999835e-03 7.446364179999999465e-05
-4.152587610000000283e-03 7.811847169999999610e-05
-4.113844129999999662e-03 7.962751990000000606e-05
-4.073957450000000383e-03 8.191515369999999730e-05
-4.036179739999999627e-03 8.146970500000000402e-05
-3.996940800000000314e-03 7.732342059999999665e-05
-3.953007050000000369e-03 7.863946670000000652e-05
-3.908784129999999697e-03 8.228523069999999948e-05
-3.866930959999999827e-03 8.218471340000000139e-05
-3.825492460000000112e-03 8.259231979999999678e-05
-3.785767360000000074e-03 8.189066280000000073e-05
-3.745235969999999998e-03 7.859076140000000629e-05
-3.701632610000000004e-03 7.907042160000000151e-05
-3.657830879999999889e-03 8.007343420000000102e-05
-3.615456630000000050e-03 7.957614429999999373e-05
-3.574522680000000001e-03 8.060022079999999537e-05
-3.534342859999999812e-03 8.051515759999999648e-05
-3.494894599999999896e-03 8.150195210000000026e-05
-3.453862619999999942e-03 8.280810290000000082e-05
-3.411870219999999995e-03 8.483793500000000548e-05
-3.371811939999999879e-03 8.440550299999999837e-05
-3.331528509999999964e-03 8.282578349999999382e-05
-3.290618769999999887e-03 8.263446939999999797e-05
-3.250091569999999982e-03 8.224257179999999777e-05
-3.209286139999999871e-03 8.226912179999999839e-05
-3.168637859999999789e-03 8.309665280000000170e-05
-3.127891570000000156e-03 8.345360400000000100e-05
-3.086153649999999905e-03 8.280108890000000075e-05
-3.043899310000000146e-03 8.305594379999999585e-05
-3.002489919999999906e-03 8.517396780000000402e-05
-2.962912900000000144e-03 8.465404969999999480e-05
-2.921967770000000100e-03 8.091938069999999629e-05
-2.876605369999999783e-03 8.223120679999999555e-05
-2.831389200000000196e-03 8.612679079999999556e-05
-2.789387950000000050e-03 8.559514389999999852e-05
-2.748075869999999990e-03 8.526824969999999987e-05
-2.702804049999999857e-03 8.752985010000000521e-05
-2.654469110000000007e-03 8.870284360000000115e-05
-2.607464089999999950e-03 8.832527960000000511e-05
-2.562264910000000128e-03 9.029360809999999909e-05
-2.516595410000000040e-03 9.128326929999999728e-05
-2.470821140000000089e-03 9.329223389999999566e-05
-2.422447779999999801e-03 9.556605799999999811e-05
-2.372366610000000049e-03 9.959648009999999779e-05
-2.319845840000000180e-03 1.025073729999999999e-04
-2.267486180000000129e-03 1.108444269999999993e-04
-2.190908650000000096e-03 1.286494079999999903e-04
-2.113200029999999854e-03 1.763589969999999950e-04
-2.066500719999999919e-03 1.746240449999999968e-04
-1.988460310000000116e-03 1.173923670000000008e-04
-1.913513759999999932e-03 9.497028079999999921e-05
-1.868157299999999950e-03 8.204124609999999382e-05
-1.824435080000000016e-03 7.641402039999999833e-05
-1.787420010000000028e-03 7.196701340000000603e-05
-1.750613330000000021e-03 7.024401570000000266e-05
-1.715532149999999915e-03 6.833382939999999863e-05
-1.680069020000000100e-03 6.787695019999999380e-05
-1.645500999999999952e-03 6.810190099999999529e-05
-1.611950110000000009e-03 6.757161459999999652e-05
-1.579460919999999989e-03 6.745947029999999956e-05
-1.547918890000000037e-03 6.685574770000000076e-05
-1.515132719999999922e-03 6.352372290000000098e-05
-1.482621300000000041e-03 6.215777830000000445e-05
-1.451856569999999957e-03 6.126327929999999741e-05
-1.421107679999999897e-03 6.106359070000000322e-05
-1.390390800000000085e-03 6.055779520000000103e-05
-1.359776010000000000e-03 6.018167189999999858e-05
-1.329766700000000043e-03 6.014712559999999680e-05
-1.300503149999999997e-03 5.968661570000000104e-05
-1.271651130000000076e-03 5.909285030000000275e-05
-1.242119349999999981e-03 5.928780229999999871e-05
-1.212246830000000093e-03 5.926042289999999726e-05
-1.182718670000000062e-03 5.904367569999999802e-05
-1.153334979999999987e-03 5.868202790000000328e-05
-1.124139880000000081e-03 5.843879260000000138e-05
-1.095288899999999907e-03 5.798603889999999852e-05
-1.066617780000000092e-03 5.771633729999999765e-05
-1.037861690000000010e-03 5.717751260000000183e-05
-1.009211880000000046e-03 5.691966000000000045e-05
-9.806705640000000241e-04 5.638438230000000068e-05
-9.523642369999999521e-04 5.617277569999999811e-05
-9.242511009999999872e-04 5.590338329999999909e-05
-8.962575809999999768e-04 5.561232320000000231e-05
-8.685728540000000209e-04 5.531870559999999942e-05
-8.410579759999999841e-04 5.511119160000000017e-05
-8.137855910000000529e-04 5.493910790000000084e-05
-7.863653589999999990e-04 5.496612719999999919e-05
-7.586732389999999854e-04 5.458678420000000339e-05
-7.310153450000000377e-04 5.442990370000000156e-05
-7.035986050000000167e-04 5.439641249999999730e-05
-6.738174710000000185e-04 5.580480870000000123e-05
-6.443399469999999685e-04 6.023222889999999674e-05
-6.179267069999999726e-04 5.998210689999999704e-05
-5.905416910000000404e-04 5.731444250000000093e-05
-5.632426469999999479e-04 5.630918170000000217e-05
-5.353217130000000306e-04 5.283864080000000155e-05
-5.074611980000000343e-04 5.155080000000000117e-05
-4.817585579999999839e-04 5.155372129999999967e-05
-4.563285039999999773e-04 5.150325890000000161e-05
-4.308655920000000221e-04 5.130850699999999756e-05
-4.052102159999999820e-04 5.124168460000000022e-05
-3.795779780000000238e-04 5.109445559999999662e-05
-3.539726020000000120e-04 5.102543580000000305e-05
-3.284623090000000261e-04 5.099236659999999984e-05
-3.030448860000000181e-04 5.092470750000000103e-05
-2.776607000000000164e-04 5.079201220000000027e-05
-2.522254939999999963e-04 5.077498279999999780e-05
-2.268051609999999880e-04 5.075244549999999993e-05
-2.014116469999999897e-04 5.072823110000000305e-05
-1.760244489999999887e-04 5.067135859999999880e-05
-1.506459379999999977e-04 5.064570359999999980e-05
-1.254306840000000013e-04 5.054091529999999837e-05
-1.002389839999999965e-04 5.048910680000000007e-05
-7.494915190000000105e-05 5.048722960000000238e-05
-4.964043179999999756e-05 5.050354229999999821e-05
-2.433195730000000068e-05 5.052766940000000240e-05
7.830212779999999571e-07 5.053809580000000239e-05
2.590530680000000007e-05 5.053910720000000104e-05
5.119765409999999851e-05 5.053146380000000059e-05
7.647425810000000408e-05 5.053651690000000130e-05
1.017878890000000050e-04 5.056058579999999681e-05
1.271143850000000096e-04 5.060608599999999821e-05
1.524500549999999893e-04 5.062796120000000031e-05
1.777954459999999944e-04 5.067262099999999739e-05
2.031274780000000095e-04 5.068064270000000005e-05
2.285096420000000135e-04 5.061913180000000227e-05
2.539529229999999953e-04 5.063375650000000064e-05
2.793710149999999864e-04 5.071658960000000114e-05
3.048638459999999787e-04 5.079124819999999697e-05
3.304243149999999945e-04 5.088591209999999786e-05
3.560576009999999935e-04 5.096367020000000249e-05
3.815566599999999824e-04 5.109457200000000043e-05
4.079266800000000176e-04 5.166157640000000096e-05
4.344351180000000133e-04 5.331140710000000334e-05
4.615575890000000038e-04 5.427326320000000297e-05
4.888174590000000149e-04 5.671233159999999684e-05
5.149680660000000411e-04 5.705100560000000314e-05
5.429540760000000276e-04 5.493921710000000225e-05
5.711937560000000195e-04 5.420723389999999972e-05
5.982653239999999577e-04 5.412339309999999662e-05
6.252638410000000346e-04 5.404937109999999681e-05
6.521769100000000211e-04 5.398617579999999937e-05
6.793029019999999828e-04 5.409138249999999727e-05
7.065784300000000403e-04 5.413414329999999974e-05
7.340647859999999874e-04 5.427621000000000122e-05
7.614762290000000322e-04 5.479694659999999925e-05
7.888133400000000217e-04 5.493939170000000118e-05
8.161604060000000231e-04 5.531920029999999865e-05
8.438125949999999986e-04 5.563898229999999931e-05
8.717268939999999735e-04 5.575259640000000097e-05
8.995503890000000093e-04 5.573866290000000271e-05
9.274484470000000447e-04 5.591203079999999755e-05
9.556443549999999506e-04 5.615245750000000193e-05
9.837831600000000211e-04 5.691353360000000312e-05
1.011810379999999922e-03 5.724562289999999751e-05
1.040204309999999931e-03 5.756112300000000315e-05
1.069132819999999958e-03 5.787083860000000191e-05
1.098260279999999957e-03 5.839978989999999713e-05
1.127549679999999927e-03 5.868702649999999816e-05
1.156928370000000032e-03 5.933689320000000179e-05
1.185925680000000102e-03 5.934120779999999895e-05
1.214864900000000051e-03 5.945032539999999709e-05
1.244184209999999987e-03 5.971788410000000079e-05
1.273936359999999898e-03 5.973874070000000184e-05
1.303954979999999951e-03 5.990631330000000313e-05
1.334166969999999938e-03 6.004914029999999830e-05
1.365106550000000016e-03 6.053755710000000191e-05
1.396205969999999999e-03 6.162958019999999876e-05
1.426661270000000080e-03 6.163495710000000262e-05
1.456994209999999896e-03 6.148130340000000508e-05
1.488963029999999929e-03 6.240398219999999474e-05
1.521123110000000087e-03 6.501454480000000565e-05
1.553024170000000042e-03 6.580151239999999595e-05
1.585535010000000073e-03 6.697358909999999335e-05
1.618319540000000018e-03 6.770707840000000054e-05
1.652899779999999911e-03 6.675550689999999558e-05
1.688784220000000020e-03 6.704978300000000320e-05
1.723676109999999935e-03 6.952833060000000146e-05
1.759452859999999924e-03 7.095043839999999450e-05
1.796233470000000018e-03 7.322950109999999506e-05
1.834577069999999933e-03 7.498743070000000305e-05
1.872880040000000001e-03 7.994811310000000167e-05
1.946311679999999933e-03 1.028369439999999983e-04
2.021866619999999892e-03 1.629899050000000100e-04
2.070901449999999928e-03 1.686688050000000006e-04
2.127011069999999986e-03 1.726432089999999986e-04
2.178670369999999995e-03 1.713973030000000080e-04
2.256905889999999935e-03 1.228421749999999925e-04
2.334621270000000054e-03 1.050920249999999978e-04
2.386206530000000142e-03 1.000576229999999985e-04
2.436290959999999877e-03 9.734520429999999670e-05
2.485226840000000215e-03 9.172727000000000311e-05
2.534315220000000080e-03 8.998886189999999940e-05
2.579835710000000139e-03 9.108037920000000207e-05
2.623186449999999944e-03 8.997366240000000473e-05
2.665544159999999954e-03 8.855343910000000325e-05
2.709450200000000034e-03 8.897335650000000198e-05
2.754830289999999921e-03 8.767721010000000036e-05
2.801523780000000127e-03 8.800054640000000449e-05
2.847719240000000200e-03 8.973275539999999914e-05
2.890167290000000052e-03 8.810348660000000580e-05
2.930624409999999826e-03 8.689855169999999556e-05
2.971343699999999793e-03 8.662327309999999893e-05
3.013203620000000013e-03 8.394986800000000659e-05
3.055027450000000026e-03 8.296773739999999608e-05
3.094912039999999850e-03 8.347751280000000062e-05
3.135705600000000121e-03 8.420692029999999792e-05
3.176730129999999919e-03 8.532887300000000170e-05
3.216989799999999799e-03 8.527710450000000619e-05
3.258951239999999857e-03 8.282093040000000031e-05
3.301197660000000037e-03 8.210522359999999366e-05
3.342535580000000062e-03 8.162558519999999537e-05
3.383800389999999918e-03 8.158660060000000552e-05
3.425122010000000022e-03 8.137860999999999435e-05
3.466384949999999979e-03 8.109107149999999890e-05
3.507765940000000075e-03 8.009320299999999563e-05
3.549651940000000169e-03 8.003818219999999609e-05
3.591625020000000119e-03 7.973947500000000280e-05
3.634475869999999852e-03 8.015954520000000355e-05
3.675232410000000161e-03 8.483121199999999460e-05
3.714813620000000094e-03 8.580365100000000584e-05
3.757884029999999844e-03 8.267523659999999894e-05
3.799597500000000214e-03 8.073580100000000319e-05
3.838022710000000160e-03 8.083627469999999390e-05
3.877045349999999873e-03 8.123114089999999604e-05
3.916439130000000206e-03 8.121423160000000021e-05
3.956976810000000302e-03 8.189336949999999750e-05
3.999842330000000397e-03 8.040543620000000272e-05
4.042051730000000183e-03 7.947699489999999957e-05
4.081887190000000297e-03 8.083537249999999666e-05
4.119629970000000113e-03 8.007541329999999947e-05
4.156558769999999826e-03 7.931663280000000600e-05
4.195594690000000251e-03 8.047727170000000475e-05
4.236579869999999859e-03 8.046091530000000329e-05
4.278311509999999616e-03 8.072869969999999689e-05
4.320069220000000154e-03 8.142996379999999622e-05
4.359565680000000026e-03 8.032317420000000246e-05
4.399194379999999717e-03 7.702181029999999719e-05
4.440492950000000417e-03 7.683910370000000378e-05
4.479807340000000089e-03 7.964900580000000248e-05
4.517859780000000290e-03 7.990074659999999427e-05
4.557156470000000431e-03 7.852201819999999710e-05
4.597181920000000324e-03 7.846480000000000132e-05
4.636457190000000186e-03 7.956041370000000161e-05
4.673956889999999857e-03 7.888738759999999359e-05
4.710828890000000151e-03 7.759134309999999950e-05
4.749448499999999601e-03 7.817414010000000191e-05
4.789613189999999965e-03 7.769387589999999426e-05
4.834360910000000053e-03 8.025834539999999984e-05
4.882589449999999616e-03 8.160337170000000063e-05
4.929095970000000118e-03 8.124286980000000244e-05
4.976673049999999834e-03 7.841176560000000088e-05
5.021903660000000269e-03 7.581179669999999501e-05
5.063507239999999986e-03 7.464056399999999974e-05
5.101553630000000075e-03 7.208222089999999826e-05
5.137190689999999657e-03 6.899066649999999494e-05
5.179450379999999722e-03 7.185902359999999680e-05
5.223855839999999584e-03 7.625410939999999660e-05
5.265392829999999968e-03 7.610976900000000290e-05
5.305084869999999835e-03 7.879244370000000022e-05
5.342934750000000177e-03 7.864915820000000076e-05
5.381077990000000116e-03 7.775978159999999808e-05
5.420064550000000016e-03 7.794703560000000304e-05
5.459511190000000333e-03 7.723340239999999671e-05
5.499826279999999942e-03 7.749423819999999455e-05
5.540778859999999709e-03 7.763026949999999422e-05
5.581838540000000001e-03 7.774298870000000605e-05
5.617818800000000390e-03 8.646781499999999334e-05
5.648547779999999775e-03 8.647812499999999630e-05
5.682028829999999711e-03 8.194964179999999717e-05
5.720300600000000416e-03 8.335784509999999805e-05
5.763205230000000359e-03 7.955752519999999674e-05
5.806161090000000295e-03 7.804042979999999791e-05
5.846635900000000073e-03 7.796606949999999869e-05
5.886110009999999913e-03 7.733784879999999415e-05
5.924206690000000282e-03 7.789292430000000140e-05
5.962235389999999934e-03 7.805164199999999812e-05
5.999037999999999940e-03 8.054388310000000495e-05
6.035242229999999639e-03 8.107975740000000471e-05
6.076388060000000035e-03 7.430745610000000429e-05
6.118528080000000362e-03 7.247148459999999811e-05
6.158490200000000039e-03 7.100344369999999738e-05
6.199107510000000272e-03 7.086939879999999681e-05
6.235381590000000154e-03 7.727668709999999423e-05
6.270167420000000158e-03 7.868857209999999909e-05
6.309324409999999932e-03 7.580678360000000387e-05
6.349841129999999646e-03 7.557959909999999940e-05
6.389986260000000105e-03 7.556583300000000445e-05
6.429755130000000020e-03 7.550291050000000387e-05
6.468740290000000309e-03 7.662639839999999631e-05
6.507697049999999588e-03 7.685027959999999724e-05
6.546762769999999766e-03 7.729139179999999819e-05
6.585459689999999949e-03 7.722849839999999517e-05
6.622309800000000107e-03 8.014246850000000442e-05
6.657370370000000384e-03 8.011446329999999361e-05
6.694473789999999709e-03 7.662139980000000144e-05
6.734203549999999774e-03 7.694459049999999919e-05
6.771756339999999812e-03 8.148459889999999466e-05
6.808828559999999773e-03 8.282707860000000134e-05
6.849920380000000010e-03 7.984169499999999790e-05
6.890495770000000346e-03 7.845879010000000604e-05
6.929195019999999892e-03 7.728017229999999734e-05
6.968703589999999948e-03 7.734039540000000180e-05
7.009095980000000330e-03 7.651130729999999433e-05
7.048144010000000070e-03 7.540918159999999385e-05
7.083918429999999829e-03 7.777543939999999377e-05
7.119673770000000367e-03 7.861771879999999990e-05
7.158288730000000183e-03 7.621703839999999588e-05
7.198148869999999692e-03 7.626263689999999344e-05
7.236939389999999701e-03 7.816721339999999454e-05
7.275062149999999943e-03 7.828574600000000078e-05
7.313351150000000321e-03 7.833840940000000644e-05
7.351307199999999702e-03 7.815774010000000661e-05
7.389740090000000185e-03 7.685863970000000433e-05
7.428622339999999685e-03 7.666184679999999709e-05
7.467601449999999863e-03 7.595110220000000066e-05
