-1.928492100000000001e-03 4.035052920000000191e-05
-1.908398350000000071e-03 4.029483899999999918e-05
-1.888278989999999909e-03 4.029014959999999937e-05
-1.868128780000000069e-03 4.022563729999999925e-05
-1.848007899999999908e-03 4.018479740000000010e-05
-1.827927659999999989e-03 4.013919900000000079e-05
-1.807851600000000064e-03 4.012028880000000281e-05
-1.787796149999999968e-03 4.010200059999999956e-05
-1.767765500000000089e-03 4.008052199999999701e-05
-1.747743339999999895e-03 4.003513099999999702e-05
-1.727715369999999933e-03 4.002227430000000172e-05
-1.707683900000000077e-03 3.998045579999999754e-05
-1.687700160000000105e-03 3.993666539999999731e-05
-1.667759260000000040e-03 3.988643950000000292e-05
-1.647798690000000076e-03 3.986575759999999905e-05
-1.627866639999999993e-03 3.985598600000000096e-05
-1.608003509999999907e-03 3.982561249999999782e-05
-1.588133509999999950e-03 3.972993730000000330e-05
-1.568257339999999927e-03 3.969925820000000291e-05
-1.548399920000000009e-03 3.964555070000000322e-05
-1.528569499999999975e-03 3.961011679999999871e-05
-1.508755729999999981e-03 3.953961640000000022e-05
-1.488968029999999899e-03 3.949859089999999866e-05
-1.469227949999999923e-03 3.946397189999999871e-05
-1.449503470000000063e-03 3.944213679999999765e-05
-1.429794469999999930e-03 3.940709940000000123e-05
-1.410084659999999998e-03 3.939493399999999750e-05
-1.390354940000000043e-03 3.932799880000000095e-05
-1.370660840000000004e-03 3.928251320000000085e-05
-1.351048349999999995e-03 3.929216469999999908e-05
-1.331465779999999911e-03 3.927773289999999699e-05
-1.311857249999999909e-03 3.919444129999999897e-05
-1.292262580000000036e-03 3.915613339999999941e-05
-1.272707830000000028e-03 3.911626850000000070e-05
-1.253195919999999927e-03 3.907614880000000098e-05
-1.233698569999999977e-03 3.898865910000000106e-05
-1.214159189999999919e-03 3.898231439999999917e-05
-1.194595589999999929e-03 3.896365520000000113e-05
-1.175088460000000027e-03 3.892307360000000257e-05
-1.155650590000000064e-03 3.888650829999999779e-05
-1.136226580000000014e-03 3.886502959999999700e-05
-1.116793600000000027e-03 3.879042920000000307e-05
-1.097371919999999990e-03 3.875684710000000153e-05
-1.077983530000000073e-03 3.871923040000000208e-05
-1.058608529999999995e-03 3.869767530000000027e-05
-1.039244579999999999e-03 3.865606780000000001e-05
-1.019902989999999995e-03 3.862762970000000324e-05
-1.000607850000000002e-03 3.862615630000000073e-05
-9.813311040000000183e-04 3.861458389999999918e-05
-9.620289199999999818e-04 3.853998349999999848e-05
-9.427146289999999672e-04 3.852039299999999886e-05
-9.234255409999999687e-04 3.850799480000000107e-05
-9.041333109999999482e-04 3.849143830000000091e-05
-8.848669239999999887e-04 3.848851339999999783e-05
-8.656598510000000288e-04 3.846584879999999769e-05
-8.464460840000000369e-04 3.839178319999999727e-05
-8.272654959999999578e-04 3.834523890000000185e-05
-8.081215199999999517e-04 3.827705219999999838e-05
-7.889689879999999813e-04 3.825763629999999769e-05
-7.698270489999999673e-04 3.822133289999999809e-05
-7.506829569999999910e-04 3.820954590000000159e-05
-7.315512050000000377e-04 3.819738049999999786e-05
-7.124431429999999663e-04 3.817879040000000018e-05
-6.933628469999999697e-04 3.817333710000000210e-05
-6.743051340000000499e-04 3.815777380000000149e-05
-6.552572009999999740e-04 3.813070729999999795e-05
-6.362019340000000384e-04 3.812534120000000108e-05
-6.171476560000000540e-04 3.811212450000000092e-05
-5.981046119999999583e-04 3.810063939999999884e-05
-5.790619179999999819e-04 3.806937820000000150e-05
-5.600395380000000416e-04 3.804595689999999870e-05
-5.410432349999999861e-04 3.802434729999999783e-05
-5.220375609999999703e-04 3.802215359999999765e-05
-5.030260070000000311e-04 3.800620829999999878e-05
-4.840381440000000239e-04 3.798626130000000065e-05
-4.650765910000000006e-04 3.797472160000000125e-05
-4.460953929999999785e-04 3.798235410000000325e-05
-4.270682109999999814e-04 3.796522289999999827e-05
-4.080130600000000159e-04 3.797584939999999694e-05
-3.890040099999999917e-04 3.804393779999999746e-05
-3.695371849999999885e-04 3.834327800000000250e-05
-3.500600290000000121e-04 3.915782139999999687e-05
-3.307428560000000208e-04 3.935491260000000072e-05
-3.113419219999999745e-04 3.976281370000000169e-05
-2.926621529999999961e-04 3.947663209999999992e-05
-2.731877900000000267e-04 3.735579590000000320e-05
-2.536941320000000153e-04 3.660411309999999789e-05
-2.353951859999999939e-04 3.650849609999999850e-05
-2.170720690000000068e-04 3.648860369999999768e-05
-1.988084110000000091e-04 3.653252499999999799e-05
-1.806091169999999983e-04 3.650968570000000067e-05
-1.624182770000000069e-04 3.646030019999999704e-05
-1.441721249999999897e-04 3.646247930000000271e-05
-1.259221899999999911e-04 3.646222830000000277e-05
-1.076359839999999936e-04 3.649713470000000087e-05
-8.935305229999999346e-05 3.659952559999999884e-05
-7.131941669999999856e-05 3.648686829999999852e-05
-5.324093580000000242e-05 3.609934720000000023e-05
-3.568372990000000239e-05 3.565261429999999789e-05
-1.817464730000000050e-05 3.447157000000000172e-05
-1.130462480000000049e-07 3.438489510000000135e-05
1.742790849999999953e-05 3.499679590000000088e-05
3.515920979999999786e-05 3.533133709999999780e-05
5.291166960000000182e-05 3.622506120000000307e-05
7.062659280000000339e-05 3.652438680000000005e-05
8.886795689999999425e-05 3.647863920000000331e-05
1.071333829999999933e-04 3.647659829999999836e-05
1.253980439999999948e-04 3.650900539999999903e-05
1.436467140000000065e-04 3.651107179999999694e-05
1.619126409999999908e-04 3.645116889999999780e-05
1.801852490000000048e-04 3.643361919999999810e-05
1.983931000000000030e-04 3.649289280000000187e-05
2.166358609999999903e-04 3.652190209999999713e-05
2.349156419999999924e-04 3.654069950000000266e-05
2.539161360000000253e-04 3.699306760000000267e-05
2.728915719999999777e-04 3.829100019999999969e-05
2.919068499999999985e-04 3.878229470000000119e-05
3.110222459999999840e-04 3.997971000000000012e-05
3.297199439999999875e-04 4.016033200000000328e-05
3.495956189999999825e-04 3.869960710000000206e-05
3.694696639999999854e-04 3.817259129999999790e-05
3.885444310000000113e-04 3.804060179999999854e-05
4.076041809999999773e-04 3.798407490000000112e-05
4.265609020000000096e-04 3.799876499999999701e-05
4.455196319999999831e-04 3.800526250000000093e-05
4.645354059999999737e-04 3.796651069999999837e-05
4.835590080000000185e-04 3.795724110000000016e-05
5.025214050000000304e-04 3.799528710000000132e-05
5.214962290000000429e-04 3.801646380000000267e-05
5.405071420000000498e-04 3.801520510000000013e-05
5.595478580000000151e-04 3.801885760000000154e-05
5.785828110000000232e-04 3.803866639999999895e-05
5.976052489999999487e-04 3.805211960000000278e-05
6.166314119999999517e-04 3.808338439999999793e-05
6.356746309999999987e-04 3.810492130000000063e-05
6.547255910000000139e-04 3.815192759999999991e-05
6.737863879999999705e-04 3.817474859999999987e-05
6.928704100000000407e-04 3.819930130000000293e-05
7.119544899999999876e-04 3.820814159999999944e-05
7.310410730000000161e-04 3.822849610000000236e-05
7.501296930000000366e-04 3.823703810000000225e-05
7.692319339999999488e-04 3.823808580000000087e-05
7.883947109999999651e-04 3.827481120000000153e-05
8.075873480000000373e-04 3.836576070000000306e-05
8.267475060000000018e-04 3.837900659999999903e-05
8.459050440000000269e-04 3.838152770000000016e-05
8.651002430000000534e-04 3.840505450000000152e-05
8.843259999999999489e-04 3.841934449999999829e-05
9.036218399999999644e-04 3.845255200000000047e-05
9.229155260000000216e-04 3.854833629999999815e-05
9.421525170000000227e-04 3.856277180000000307e-05
9.614040030000000009e-04 3.857872069999999974e-05
9.806959420000000999e-04 3.860871949999999849e-05
1.000017630000000048e-03 3.864250540000000155e-05
1.019336169999999998e-03 3.865278270000000236e-05
1.038639810000000071e-03 3.870608269999999726e-05
1.057989660000000030e-03 3.875300899999999771e-05
1.077392140000000024e-03 3.879560969999999752e-05
1.096771560000000005e-03 3.879704309999999724e-05
1.116141910000000015e-03 3.881593149999999830e-05
1.135563829999999960e-03 3.885363910000000180e-05
1.155038599999999929e-03 3.890966040000000154e-05
1.174509059999999990e-03 3.892727180000000271e-05
1.193961010000000071e-03 3.896762790000000108e-05
1.213464069999999973e-03 3.899860529999999809e-05
1.232990999999999905e-03 3.904492410000000009e-05
1.252519080000000012e-03 3.907651260000000014e-05
1.272082330000000100e-03 3.910567830000000200e-05
1.291681310000000098e-03 3.913756880000000149e-05
1.311292520000000017e-03 3.920555899999999730e-05
1.330881610000000069e-03 3.921674219999999819e-05
1.350481410000000044e-03 3.922995889999999835e-05
1.370115089999999949e-03 3.925497369999999674e-05
1.389765999999999961e-03 3.929547530000000326e-05
1.409436810000000038e-03 3.932200340000000194e-05
1.429133119999999920e-03 3.935326459999999928e-05
1.448876109999999977e-03 3.939248560000000132e-05
1.468649480000000073e-03 3.949044180000000227e-05
1.488397249999999896e-03 3.951037800000000019e-05
1.508140349999999947e-03 3.953391570000000001e-05
1.527945279999999920e-03 3.957960510000000162e-05
1.547766969999999926e-03 3.967881280000000270e-05
1.567608330000000048e-03 3.971187830000000307e-05
1.587497069999999934e-03 3.972452759999999905e-05
1.607383250000000074e-03 3.974190990000000222e-05
1.627276879999999936e-03 3.977758390000000143e-05
1.647200199999999991e-03 3.980818660000000082e-05
1.667105940000000036e-03 3.992233910000000057e-05
1.687026000000000107e-03 3.997198660000000084e-05
1.707025449999999972e-03 3.997765450000000066e-05
1.727031659999999930e-03 3.998377720000000193e-05
1.747047650000000058e-03 3.998440660000000232e-05
1.767090750000000062e-03 4.000087940000000082e-05
1.787118959999999934e-03 4.007139069999999777e-05
1.807161610000000002e-03 4.010539850000000321e-05
1.827238940000000056e-03 4.018243640000000163e-05
1.847332689999999986e-03 4.022001670000000288e-05
1.867448789999999947e-03 4.024671219999999809e-05
1.887577469999999948e-03 4.026395620000000229e-05
1.907722790000000029e-03 4.028434709999999665e-05
