-1.499999999999999944e-02 7.251575879999999912e-05
-1.485000000000000035e-02 7.327501949999999555e-05
-1.469999999999999953e-02 7.197710509999999764e-05
-1.455000000000000043e-02 7.330581139999999517e-05
-1.439999999999999961e-02 7.392061529999999409e-05
-1.425000000000000051e-02 7.259190169999999592e-05
-1.409999999999999969e-02 7.245527380000000304e-05
-1.395000000000000059e-02 7.454324800000000618e-05
-1.379999999999999977e-02 7.461155469999999771e-05
-1.365000000000000067e-02 7.062543589999999659e-05
-1.349999999999999985e-02 6.953245609999999664e-05
-1.335000000000000075e-02 6.801393470000000377e-05
-1.319999999999999993e-02 6.815055529999999601e-05
-1.305000000000000084e-02 6.701166419999999885e-05
-1.290000000000000001e-02 6.548527020000000250e-05
-1.274999999999999918e-02 6.655589100000000634e-05
-1.260000000000000009e-02 6.833027150000000412e-05
-1.244999999999999926e-02 6.681419470000000635e-05
-1.230000000000000017e-02 6.517631120000000138e-05
-1.214999999999999934e-02 6.763992860000000225e-05
-1.200000000000000025e-02 6.825413580000000294e-05
-1.184999999999999942e-02 6.787511670000000174e-05
-1.170000000000000033e-02 6.896704139999999740e-05
-1.154999999999999950e-02 6.839850539999999923e-05
-1.140000000000000041e-02 6.696536000000000491e-05
-1.124999999999999958e-02 6.507026410000000594e-05
-1.110000000000000049e-02 6.588920949999999520e-05
-1.094999999999999966e-02 6.911087259999999560e-05
-1.080000000000000057e-02 6.945210039999999841e-05
-1.064999999999999974e-02 6.850455249999999466e-05
-1.050000000000000065e-02 6.673017199999999689e-05
-1.034999999999999983e-02 6.691967430000000613e-05
-1.020000000000000073e-02 6.937651050000000100e-05
-1.004999999999999991e-02 6.994503930000000355e-05
-9.900000000000000813e-03 7.001328779999999995e-05
-9.749999999999999986e-03 7.209789329999999525e-05
-9.599999999999999159e-03 7.182490659999999673e-05
-9.450000000000000067e-03 7.113911849999999854e-05
-9.299999999999999239e-03 7.075478059999999714e-05
-9.150000000000000147e-03 7.094459579999999751e-05
-8.999999999999999320e-03 7.121784440000000120e-05
-8.850000000000000228e-03 7.121784440000000120e-05
-8.699999999999999400e-03 7.217420350000000389e-05
-8.550000000000000308e-03 7.426216330000000223e-05
-8.399999999999999481e-03 7.480866040000000460e-05
-8.250000000000000389e-03 7.442903009999999534e-05
-8.099999999999999561e-03 7.347267090000000119e-05
-7.950000000000000469e-03 7.518100759999999945e-05
-7.799999999999999642e-03 7.586411809999999843e-05
-7.649999999999999682e-03 7.415578150000000520e-05
-7.499999999999999722e-03 7.463396469999999331e-05
-7.349999999999999763e-03 7.558304060000000366e-05
-7.199999999999999803e-03 7.466880200000000460e-05
-7.049999999999999843e-03 7.193883359999999629e-05
-6.899999999999999883e-03 7.193883359999999629e-05
-6.749999999999999924e-03 7.497097979999999971e-05
-6.599999999999999964e-03 7.497097979999999971e-05
-6.450000000000000004e-03 7.193882629999999564e-05
-6.300000000000000044e-03 7.262128200000000629e-05
-6.150000000000000085e-03 7.527440900000000349e-05
-6.000000000000000125e-03 7.472845029999999921e-05
-5.850000000000000165e-03 7.283336159999999587e-05
-5.700000000000000205e-03 7.194616769999999666e-05
-5.550000000000000246e-03 7.384125640000000000e-05
-5.400000000000000286e-03 7.377301520000000424e-05
-5.250000000000000326e-03 6.676117480000000218e-05
-5.100000000000000366e-03 6.689766449999999434e-05
-4.950000000000000407e-03 6.860324360000000135e-05
-4.799999999999999580e-03 6.805727750000000495e-05
-4.649999999999999620e-03 6.919433509999999650e-05
-4.499999999999999660e-03 6.939907329999999862e-05
-4.349999999999999700e-03 7.053613079999999870e-05
-4.199999999999999740e-03 7.080911019999999658e-05
-4.049999999999999781e-03 6.929304069999999945e-05
-3.899999999999999821e-03 6.963426859999999373e-05
-3.749999999999999861e-03 7.039229970000000552e-05
-3.599999999999999901e-03 7.018756880000000405e-05
-3.449999999999999942e-03 6.873976240000000462e-05
-3.299999999999999982e-03 6.801392740000000313e-05
-3.150000000000000022e-03 7.143060790000000380e-05
-3.000000000000000062e-03 7.272852960000000236e-05
-2.850000000000000103e-03 7.121000089999999529e-05
-2.700000000000000143e-03 7.134662880000000173e-05
-2.550000000000000183e-03 7.381422619999999642e-05
-2.399999999999999790e-03 7.429240939999999808e-05
-2.249999999999999830e-03 7.410258700000000209e-05
-2.099999999999999870e-03 7.423921489999999498e-05
-1.949999999999999910e-03 7.594755150000000177e-05
-1.799999999999999951e-03 7.622080010000000547e-05
-1.649999999999999991e-03 7.603098490000000510e-05
-1.500000000000000031e-03 7.664578880000000403e-05
-1.350000000000000071e-03 7.702541920000000476e-05
-1.199999999999999895e-03 7.617875959999999389e-05
-1.049999999999999935e-03 7.401609040000000348e-05
-8.999999999999999754e-04 7.449380789999999846e-05
-7.500000000000000156e-04 7.828399250000000077e-05
-5.999999999999999474e-04 7.855697189999999864e-05
-4.499999999999999877e-04 7.590384479999999641e-05
-2.999999999999999737e-04 7.543770330000000080e-05
-1.499999999999999869e-04 7.618416570000000033e-05
1.047700000000000011e-09 7.633236960000000613e-05
1.499999999999999869e-04 7.652190830000000002e-05
2.999999999999999737e-04 7.686318710000000234e-05
4.499999999999999877e-04 7.686318710000000234e-05
5.999999999999999474e-04 7.699971320000000626e-05
7.500000000000000156e-04 7.699974230000000382e-05
8.999999999999999754e-04 7.638547689999999446e-05
1.049999999999999935e-03 7.380585160000000661e-05
1.199999999999999895e-03 7.321817980000000525e-05
1.350000000000000071e-03 7.416744479999999725e-05
1.500000000000000031e-03 7.491900029999999351e-05
1.649999999999999991e-03 7.396977159999999470e-05
1.799999999999999951e-03 7.339641160000000058e-05
1.949999999999999910e-03 7.313308019999999459e-05
2.099999999999999870e-03 7.313308019999999459e-05
2.249999999999999830e-03 7.237492540000000545e-05
2.399999999999999790e-03 7.128282600000000583e-05
2.550000000000000183e-03 6.900835429999999712e-05
2.700000000000000143e-03 6.975917489999999442e-05
2.850000000000000103e-03 7.127548449999999980e-05
3.000000000000000062e-03 7.079769419999999485e-05
3.150000000000000022e-03 7.060815550000000096e-05
3.299999999999999982e-03 7.067641129999999801e-05
3.449999999999999942e-03 6.840193960000000284e-05
3.599999999999999901e-03 6.935752749999999983e-05
3.749999999999999861e-03 7.474025189999999701e-05
3.899999999999999821e-03 7.476723840000000173e-05
4.049999999999999781e-03 7.002110210000000328e-05
4.199999999999999740e-03 6.967949590000000002e-05
4.349999999999999700e-03 7.309670760000000315e-05
4.499999999999999660e-03 7.334307880000000529e-05
4.649999999999999620e-03 7.213235950000000674e-05
4.799999999999999580e-03 7.213235950000000674e-05
4.950000000000000407e-03 7.402774649999999991e-05
5.100000000000000366e-03 7.471030399999999952e-05
5.250000000000000326e-03 7.167768489999999377e-05
5.400000000000000286e-03 7.215548249999999937e-05
5.550000000000000246e-03 7.632533379999999559e-05
5.700000000000000205e-03 7.734917739999999816e-05
5.850000000000000165e-03 8.019226520000000212e-05
6.000000000000000125e-03 8.264947970000000596e-05
6.150000000000000085e-03 8.625072219999999404e-05
6.300000000000000044e-03 8.249664100000000445e-05
6.450000000000000004e-03 7.593900949999999510e-05
6.599999999999999964e-03 7.869967519999999613e-05
6.749999999999999924e-03 8.040828829999999584e-05
6.899999999999999883e-03 7.979338989999999504e-05
7.049999999999999843e-03 8.321060159999999818e-05
7.199999999999999803e-03 8.256646829999999691e-05
7.349999999999999763e-03 8.058656389999999505e-05
7.499999999999999722e-03 8.031354079999999832e-05
7.649999999999999682e-03 7.917630859999999428e-05
7.799999999999999642e-03 8.170178630000000085e-05
7.950000000000000469e-03 8.681933830000000284e-05
8.099999999999999561e-03 8.449862800000000097e-05
8.250000000000000389e-03 7.786476639999999360e-05
8.399999999999999481e-03 7.902512149999999880e-05
8.550000000000000308e-03 8.243681800000000589e-05
8.699999999999999400e-03 8.141298170000000397e-05
8.850000000000000228e-03 7.856990120000000065e-05
8.999999999999999320e-03 7.966199340000000464e-05
9.150000000000000147e-03 7.727208869999999672e-05
9.299999999999999239e-03 7.388633090000000427e-05
9.450000000000000067e-03 6.249561560000000250e-05
9.599999999999999159e-03 6.110344110000000566e-05
9.749999999999999986e-03 6.881881560000000322e-05
9.900000000000000813e-03 7.154906050000000445e-05
1.004999999999999991e-02 7.325490880000000372e-05
1.020000000000000073e-02 7.591689789999999435e-05
1.034999999999999983e-02 8.292984420000000371e-05
1.050000000000000065e-02 8.231554239999999613e-05
1.064999999999999974e-02 7.454444129999999763e-05
1.080000000000000057e-02 7.584130069999999628e-05
1.094999999999999966e-02 8.285424700000000565e-05
1.110000000000000049e-02 7.800806629999999786e-05
1.124999999999999958e-02 7.099512730000000270e-05
1.140000000000000041e-02 7.372537220000000393e-05
1.154999999999999950e-02 7.075765460000000575e-05
1.170000000000000033e-02 6.907916389999999745e-05
1.184999999999999942e-02 5.844783300000000334e-05
1.200000000000000025e-02 6.247884449999999384e-05
1.214999999999999934e-02 8.563995649999999761e-05
1.230000000000000017e-02 8.076196539999999419e-05
1.244999999999999926e-02 6.854633829999999669e-05
1.260000000000000009e-02 7.298298440000000511e-05
1.274999999999999918e-02 7.601561079999999795e-05
1.290000000000000001e-02 7.458223259999999602e-05
1.305000000000000084e-02 8.386964329999999990e-05
1.319999999999999993e-02 9.397154640000000543e-05
1.335000000000000075e-02 9.624601810000000060e-05
1.349999999999999985e-02 8.600760340000000097e-05
1.365000000000000067e-02 8.676575820000000366e-05
1.379999999999999977e-02 9.256752670000000340e-05
1.395000000000000059e-02 8.498597159999999944e-05
1.409999999999999969e-02 8.048106969999999397e-05
1.425000000000000051e-02 6.708013100000000659e-05
1.439999999999999961e-02 8.473841440000000650e-05
1.455000000000000043e-02 1.223277649999999887e-04
1.469999999999999953e-02 1.011478889999999976e-04
1.485000000000000035e-02 8.273289859999999947e-05
