-5.000000000000000278e-02 2.626132340000000148e-04
-4.950000000000000233e-02 2.640686289999999870e-04
-4.900000000000000189e-02 2.638159790000000260e-04
-4.850000000000000144e-02 2.644912459999999919e-04
-4.800000000000000100e-02 2.624427729999999933e-04
-4.750000000000000056e-02 2.653150000000000170e-04
-4.700000000000000011e-02 2.639472660000000202e-04
-4.649999999999999967e-02 2.626852369999999981e-04
-4.599999999999999922e-02 2.668921660000000062e-04
-4.549999999999999878e-02 2.694044089999999897e-04
-4.499999999999999833e-02 2.695547589999999771e-04
-4.449999999999999789e-02 2.647449729999999863e-04
-4.399999999999999745e-02 2.644721240000000176e-04
-4.349999999999999700e-02 2.639712769999999747e-04
-4.299999999999999656e-02 2.642510810000000166e-04
-4.250000000000000305e-02 2.638676960000000240e-04
-4.200000000000000261e-02 2.638823350000000221e-04
-4.150000000000000216e-02 2.630426319999999750e-04
-4.100000000000000172e-02 2.630064260000000145e-04
-4.050000000000000128e-02 2.633857370000000230e-04
-4.000000000000000083e-02 2.629602970000000225e-04
-3.950000000000000039e-02 2.640189199999999885e-04
-3.899999999999999994e-02 2.641234610000000064e-04
-3.849999999999999950e-02 2.635505809999999917e-04
-3.799999999999999906e-02 2.637336730000000118e-04
-3.749999999999999861e-02 2.638897860000000107e-04
-3.699999999999999817e-02 2.638006989999999870e-04
-3.649999999999999772e-02 2.639213339999999896e-04
-3.599999999999999728e-02 2.637988070000000119e-04
-3.549999999999999684e-02 2.640759050000000244e-04
-3.500000000000000333e-02 2.641900499999999931e-04
-3.450000000000000289e-02 2.640871680000000141e-04
-3.400000000000000244e-02 2.642528269999999788e-04
-3.350000000000000200e-02 2.640873430000000195e-04
-3.300000000000000155e-02 2.640254100000000224e-04
-3.250000000000000111e-02 2.639063750000000233e-04
-3.200000000000000067e-02 2.639001179999999800e-04
-3.150000000000000022e-02 2.641594619999999729e-04
-3.099999999999999978e-02 2.640279709999999807e-04
-3.049999999999999933e-02 2.636776479999999889e-04
-2.999999999999999889e-02 2.637458089999999825e-04
-2.949999999999999845e-02 2.642605979999999898e-04
-2.900000000000000147e-02 2.643636249999999858e-04
-2.850000000000000103e-02 2.637112919999999952e-04
-2.800000000000000058e-02 2.636535210000000100e-04
-2.750000000000000014e-02 2.637446159999999790e-04
-2.699999999999999969e-02 2.637898429999999974e-04
-2.649999999999999925e-02 2.640810559999999876e-04
-2.599999999999999881e-02 2.640030869999999909e-04
-2.549999999999999836e-02 2.638860609999999873e-04
-2.500000000000000139e-02 2.639097219999999851e-04
-2.450000000000000094e-02 2.633606779999999735e-04
-2.400000000000000050e-02 2.632513929999999924e-04
-2.350000000000000006e-02 2.639262530000000126e-04
-2.299999999999999961e-02 2.639464510000000242e-04
-2.249999999999999917e-02 2.637040450000000045e-04
-2.199999999999999872e-02 2.637311989999999769e-04
-2.149999999999999828e-02 2.637993890000000174e-04
-2.100000000000000130e-02 2.639553280000000069e-04
-2.050000000000000086e-02 2.638527370000000034e-04
-2.000000000000000042e-02 2.636934809999999865e-04
-1.949999999999999997e-02 2.649533849999999888e-04
-1.899999999999999953e-02 2.649393279999999961e-04
-1.849999999999999908e-02 2.641613250000000098e-04
-1.799999999999999864e-02 2.641975299999999743e-04
-1.750000000000000167e-02 2.640704619999999811e-04
-1.700000000000000122e-02 2.642382169999999732e-04
-1.650000000000000078e-02 2.660857860000000012e-04
-1.600000000000000033e-02 2.665897190000000188e-04
-1.549999999999999989e-02 2.649796369999999875e-04
-1.499999999999999944e-02 2.641965690000000195e-04
-1.450000000000000074e-02 2.645274220000000181e-04
-1.400000000000000029e-02 2.645677889999999946e-04
-1.349999999999999985e-02 2.647891230000000255e-04
-1.299999999999999940e-02 2.651120889999999887e-04
-1.250000000000000069e-02 2.641417669999999887e-04
-1.200000000000000025e-02 2.641438620000000201e-04
-1.149999999999999981e-02 2.647457589999999898e-04
-1.099999999999999936e-02 2.647177029999999895e-04
-1.050000000000000065e-02 2.647622019999999895e-04
-1.000000000000000021e-02 2.647721849999999980e-04
-9.499999999999999764e-03 2.647779770000000020e-04
-8.999999999999999320e-03 2.650000100000000046e-04
-8.500000000000000611e-03 2.647254150000000195e-04
-8.000000000000000167e-03 2.646418870000000092e-04
-7.499999999999999722e-03 2.648758529999999806e-04
-7.000000000000000146e-03 2.649343219999999955e-04
-6.499999999999999702e-03 2.648316440000000145e-04
-6.000000000000000125e-03 2.647877850000000051e-04
-5.499999999999999681e-03 2.647588549999999735e-04
-5.000000000000000104e-03 2.647957590000000181e-04
-4.499999999999999660e-03 2.647629010000000153e-04
-4.000000000000000083e-03 2.647225339999999846e-04
-3.500000000000000073e-03 2.648269869999999747e-04
-3.000000000000000062e-03 2.648499499999999967e-04
-2.500000000000000052e-03 2.647995420000000266e-04
-2.000000000000000042e-03 2.647765800000000005e-04
-1.500000000000000031e-03 2.647457000000000087e-04
-1.000000000000000021e-03 2.647672659999999751e-04
-5.000000000000000104e-04 2.646889770000000102e-04
1.629800000000000100e-09 2.647113289999999800e-04
5.000000000000000104e-04 2.647020739999999899e-04
1.000000000000000021e-03 2.647112709999999950e-04
1.500000000000000031e-03 2.647676449999999786e-04
2.000000000000000042e-03 2.647587100000000108e-04
2.500000000000000052e-03 2.646930519999999903e-04
3.000000000000000062e-03 2.647215729999999757e-04
3.500000000000000073e-03 2.648685480000000049e-04
4.000000000000000083e-03 2.648392980000000051e-04
4.499999999999999660e-03 2.647174410000000064e-04
5.000000000000000104e-03 2.647257930000000269e-04
5.499999999999999681e-03 2.647721849999999980e-04
6.000000000000000125e-03 2.648118530000000029e-04
6.499999999999999702e-03 2.648176450000000069e-04
7.000000000000000146e-03 2.648030350000000013e-04
7.499999999999999722e-03 2.648918309999999951e-04
8.000000000000000167e-03 2.648799850000000040e-04
8.500000000000000611e-03 2.648047520000000252e-04
8.999999999999999320e-03 2.647936050000000057e-04
9.499999999999999764e-03 2.646101059999999856e-04
1.000000000000000021e-02 2.646282080000000240e-04
1.050000000000000065e-02 2.647923540000000171e-04
1.099999999999999936e-02 2.648334190000000235e-04
1.149999999999999981e-02 2.648856899999999762e-04
1.200000000000000025e-02 2.648983209999999748e-04
1.250000000000000069e-02 2.649699450000000088e-04
1.299999999999999940e-02 2.648584490000000262e-04
1.349999999999999985e-02 2.648932859999999817e-04
1.400000000000000029e-02 2.649629020000000162e-04
1.450000000000000074e-02 2.648659570000000039e-04
1.499999999999999944e-02 2.648207009999999930e-04
1.549999999999999989e-02 2.647608930000000158e-04
1.600000000000000033e-02 2.648395599999999882e-04
1.650000000000000078e-02 2.648897059999999752e-04
1.700000000000000122e-02 2.647811200000000200e-04
1.750000000000000167e-02 2.650425589999999901e-04
1.799999999999999864e-02 2.650425889999999786e-04
1.849999999999999908e-02 2.645528880000000134e-04
1.899999999999999953e-02 2.647129880000000188e-04
1.949999999999999997e-02 2.648852239999999951e-04
2.000000000000000042e-02 2.647801010000000259e-04
2.050000000000000086e-02 2.650143289999999804e-04
2.100000000000000130e-02 2.650567909999999882e-04
2.149999999999999828e-02 2.649422970000000046e-04
2.199999999999999872e-02 2.649388039999999757e-04
2.249999999999999917e-02 2.648171790000000258e-04
2.299999999999999961e-02 2.649306550000000114e-04
2.350000000000000006e-02 2.650870299999999935e-04
2.400000000000000050e-02 2.649798409999999855e-04
2.450000000000000094e-02 2.650092649999999947e-04
2.500000000000000139e-02 2.649995149999999767e-04
2.549999999999999836e-02 2.644575430000000046e-04
2.599999999999999881e-02 2.642883920000000070e-04
2.649999999999999925e-02 2.648858939999999742e-04
2.699999999999999969e-02 2.651051620000000205e-04
2.750000000000000014e-02 2.646741340000000140e-04
2.800000000000000058e-02 2.646922369999999943e-04
2.850000000000000103e-02 2.652777480000000077e-04
2.900000000000000147e-02 2.653745180000000145e-04
2.949999999999999845e-02 2.655206480000000049e-04
2.999999999999999889e-02 2.653194530000000046e-04
3.049999999999999933e-02 2.649091179999999834e-04
3.099999999999999978e-02 2.650490500000000200e-04
3.150000000000000022e-02 2.650023670000000190e-04
3.200000000000000067e-02 2.649445959999999797e-04
3.250000000000000111e-02 2.652196560000000041e-04
3.300000000000000155e-02 2.652252440000000102e-04
3.350000000000000200e-02 2.651239339999999839e-04
3.400000000000000244e-02 2.650445679999999856e-04
3.450000000000000289e-02 2.649097299999999774e-04
3.500000000000000333e-02 2.650559180000000071e-04
3.549999999999999684e-02 2.645130150000000145e-04
3.599999999999999728e-02 2.644796039999999988e-04
3.649999999999999772e-02 2.651850809999999775e-04
3.699999999999999817e-02 2.652971600000000158e-04
3.749999999999999861e-02 2.656842990000000244e-04
3.799999999999999906e-02 2.655478600000000166e-04
3.849999999999999950e-02 2.635071870000000216e-04
3.899999999999999994e-02 2.636638239999999868e-04
3.950000000000000039e-02 2.650638049999999883e-04
4.000000000000000083e-02 2.652148540000000016e-04
4.050000000000000128e-02 2.656414870000000056e-04
4.100000000000000172e-02 2.654437849999999799e-04
4.150000000000000216e-02 2.656442810000000086e-04
4.200000000000000261e-02 2.655447169999999987e-04
4.250000000000000305e-02 2.648246879999999995e-04
4.299999999999999656e-02 2.649447709999999852e-04
4.349999999999999700e-02 2.642537869999999917e-04
4.399999999999999745e-02 2.641135359999999830e-04
4.449999999999999789e-02 2.650019600000000190e-04
4.499999999999999833e-02 2.653388660000000087e-04
4.549999999999999878e-02 2.662228649999999995e-04
4.599999999999999922e-02 2.660439639999999839e-04
4.649999999999999967e-02 2.657425649999999831e-04
4.700000000000000011e-02 2.658901500000000143e-04
4.750000000000000056e-02 2.654558630000000198e-04
4.800000000000000100e-02 2.654844139999999937e-04
4.850000000000000144e-02 2.642366740000000130e-04
4.900000000000000189e-02 2.645067580000000254e-04
4.950000000000000233e-02 2.664481289999999936e-04
