-4.603469740000000303e-03 9.874531680000000133e-05
-4.556189759999999984e-03 9.629109260000000487e-05
-4.508024079999999913e-03 9.600594060000000086e-05
-4.460176449999999661e-03 9.592474090000000051e-05
-4.412179349999999917e-03 9.591967679999999631e-05
-4.364219029999999791e-03 9.578569010000000442e-05
-4.316350909999999881e-03 9.574720750000000090e-05
-4.268568470000000219e-03 9.578223399999999887e-05
-4.220531320000000045e-03 9.588206009999999686e-05
-4.172355400000000124e-03 9.610816050000000449e-05
-4.123931279999999699e-03 9.640348429999999718e-05
-4.075596110000000334e-03 9.718894579999999637e-05
-4.027755469999999907e-03 9.717548530000000545e-05
-3.979318780000000270e-03 9.632809820000000128e-05
-3.930868579999999973e-03 9.596561720000000464e-05
-3.882914549999999868e-03 9.560491159999999640e-05
-3.835073669999999966e-03 9.547238729999999677e-05
-3.787287739999999937e-03 9.537637380000000284e-05
-3.739406590000000051e-03 9.533403500000000143e-05
-3.691688179999999975e-03 9.530715029999999922e-05
-3.644038459999999948e-03 9.532098190000000350e-05
-3.596300260000000019e-03 9.539183520000000269e-05
-3.548317359999999913e-03 9.549918470000000629e-05
-3.500425020000000071e-03 9.576768930000000609e-05
-3.452753649999999817e-03 9.579686590000000641e-05
-3.404936050000000134e-03 9.563473580000000300e-05
-3.356989239999999802e-03 9.558894089999999603e-05
-3.308996790000000125e-03 9.556691660000000152e-05
-3.261135430000000092e-03 9.554551069999999715e-05
-3.213423539999999985e-03 9.555432189999999608e-05
-3.165774750000000144e-03 9.551955009999999412e-05
-3.118003719999999993e-03 9.539966409999999376e-05
-3.070244330000000167e-03 9.528460940000000354e-05
-3.022612770000000001e-03 9.499801669999999917e-05
-2.975134639999999983e-03 9.486745689999999669e-05
-2.927683529999999985e-03 9.472888630000000356e-05
-2.879605630000000010e-03 9.499068259999999880e-05
-2.830945420000000132e-03 9.456882980000000047e-05
-2.783159030000000207e-03 9.395679809999999408e-05
-2.736178230000000083e-03 9.377698009999999701e-05
-2.689103359999999842e-03 9.370493350000000637e-05
-2.642216389999999925e-03 9.364104329999999921e-05
-2.595450730000000133e-03 9.360898549999999466e-05
-2.548721620000000011e-03 9.358130050000000274e-05
-2.502035120000000064e-03 9.354592479999999336e-05
-2.455256649999999850e-03 9.347131709999999879e-05
-2.408378289999999790e-03 9.344084540000000450e-05
-2.361607510000000073e-03 9.335920189999999939e-05
-2.314995739999999892e-03 9.329796740000000305e-05
-2.268340440000000176e-03 9.323150880000000487e-05
-2.221720989999999892e-03 9.312249309999999394e-05
-2.175174189999999879e-03 9.276487250000000500e-05
-2.128802469999999808e-03 9.259439680000000432e-05
-2.082461030000000175e-03 9.234614839999999772e-05
-2.036191059999999890e-03 9.215110909999999552e-05
-1.990143680000000092e-03 9.180684719999999499e-05
-1.944201179999999933e-03 9.168263930000000359e-05
-1.898378370000000084e-03 9.153728750000000446e-05
-1.852657759999999957e-03 9.136152220000000616e-05
-1.806945309999999968e-03 9.105970819999999665e-05
-1.761390249999999916e-03 9.091856919999999895e-05
-1.716037049999999918e-03 9.069100629999999404e-05
-1.670685710000000077e-03 9.060784939999999717e-05
-1.625321689999999946e-03 9.052680249999999883e-05
-1.579918779999999953e-03 9.045936889999999344e-05
-1.534588169999999896e-03 9.022182350000000509e-05
-1.489526130000000045e-03 9.003661400000000288e-05
-1.444593770000000051e-03 8.990852799999999808e-05
-1.399640580000000023e-03 8.981372960000000608e-05
-1.354680629999999901e-03 8.936965610000000384e-05
-1.310063759999999982e-03 8.906484439999999482e-05
-1.265568080000000015e-03 8.858790530000000118e-05
-1.221035029999999969e-03 8.837819770000000677e-05
-1.176850290000000044e-03 8.820914810000000516e-05
-1.132756470000000027e-03 8.815380720000000532e-05
-1.088725750000000062e-03 8.810535660000000109e-05
-1.044767559999999979e-03 8.798456840000000348e-05
-1.000789229999999924e-03 8.778175830000000031e-05
-9.569032699999999473e-04 8.771302240000000531e-05
-9.131136470000000274e-04 8.751691350000000255e-05
-8.693591810000000312e-04 8.742514180000000260e-05
-8.256275320000000442e-04 8.737341700000000595e-05
-7.818351729999999979e-04 8.733176219999999547e-05
-7.381447940000000112e-04 8.722114580000000009e-05
-6.945917850000000527e-04 8.715832519999999349e-05
-6.509984379999999475e-04 8.708128729999999507e-05
-6.073044499999999618e-04 8.705467920000000434e-05
-5.637477730000000232e-04 8.704509669999999468e-05
-5.203547190000000532e-04 8.700268520000000187e-05
-4.769829680000000163e-04 8.692046690000000046e-05
-4.334859840000000264e-04 8.690683170000000559e-05
-3.898672000000000270e-04 8.683027410000000159e-05
-3.463926549999999847e-04 8.677527509999999897e-05
-3.031095840000000256e-04 8.677737060000000123e-05
-2.598404829999999732e-04 8.676973810000000601e-05
-2.164426409999999990e-04 8.669785169999999594e-05
-1.729478099999999985e-04 8.667116340000000313e-05
-1.295765539999999894e-04 8.663922930000000303e-05
-8.636340499999999411e-05 8.660160530000000293e-05
-4.309191720000000298e-05 8.652657560000000052e-05
3.200254919999999934e-07 8.653823169999999695e-05
4.362552140000000155e-05 8.654757399999999333e-05
8.686236109999999518e-05 8.658191650000000036e-05
1.301919260000000006e-04 8.665937640000000663e-05
1.736128180000000016e-04 8.668311780000000294e-05
2.169616490000000073e-04 8.670531680000000141e-05
2.602608000000000070e-04 8.674248969999999611e-05
3.036747220000000219e-04 8.681849430000000071e-05
3.471801170000000133e-04 8.684168280000000267e-05
3.906123460000000065e-04 8.686383810000000228e-05
4.339759179999999822e-04 8.688971139999999906e-05
4.773431869999999848e-04 8.695536960000000250e-05
5.208284710000000506e-04 8.699065070000000499e-05
5.644339840000000066e-04 8.705274380000000475e-05
6.079541639999999549e-04 8.708315730000000391e-05
6.513950070000000059e-04 8.713539140000000109e-05
6.949733940000000403e-04 8.717742459999999847e-05
7.386801880000000301e-04 8.724496729999999347e-05
7.823469929999999966e-04 8.730470289999999432e-05
8.259417950000000341e-04 8.742573120000000019e-05
8.695776340000000272e-04 8.749400149999999351e-05
9.133489220000000266e-04 8.762346259999999787e-05
9.572637500000000113e-04 8.769664419999999337e-05
1.001112279999999931e-03 8.784470989999999845e-05
1.044908069999999928e-03 8.792613519999999724e-05
1.088896069999999942e-03 8.799836359999999599e-05
1.133058219999999927e-03 8.806905680000000607e-05
1.177128639999999987e-03 8.825169060000000306e-05
1.221161450000000058e-03 8.835481279999999541e-05
1.265380759999999976e-03 8.849745789999999778e-05
1.309918819999999953e-03 8.867989529999999892e-05
1.354366419999999916e-03 8.916947260000000037e-05
1.398982129999999918e-03 8.950705520000000243e-05
1.443832529999999979e-03 9.022347509999999757e-05
1.488667799999999998e-03 9.041097660000000291e-05
1.533826700000000091e-03 9.022147420000000220e-05
1.579112840000000033e-03 9.029118519999999588e-05
1.624318069999999966e-03 9.061946909999999539e-05
1.669604099999999914e-03 9.072454849999999780e-05
1.715121669999999932e-03 9.080216110000000106e-05
1.760597569999999921e-03 9.086696810000000676e-05
1.805968349999999929e-03 9.105050410000000100e-05
1.851613169999999971e-03 9.121897160000000566e-05
1.897423760000000077e-03 9.158290779999999894e-05
1.943190229999999970e-03 9.174975279999999513e-05
1.989006299999999863e-03 9.195742309999999596e-05
2.035077660000000118e-03 9.212263829999999660e-05
2.081336449999999973e-03 9.244273680000000652e-05
2.127592680000000083e-03 9.261917879999999510e-05
2.173871969999999990e-03 9.289565060000000527e-05
2.220241119999999922e-03 9.304920239999999528e-05
2.266845899999999844e-03 9.325917930000000053e-05
2.313582929999999978e-03 9.335065990000000627e-05
2.360284099999999854e-03 9.348784809999999919e-05
2.406893069999999947e-03 9.354553910000000581e-05
2.453694120000000142e-03 9.356236109999999540e-05
2.500637430000000015e-03 9.359003160000000461e-05
2.547511130000000047e-03 9.360613329999999653e-05
2.594309630000000023e-03 9.363055869999999733e-05
2.641180529999999967e-03 9.375499209999999569e-05
2.688887300000000150e-03 9.423773740000000168e-05
2.736557279999999887e-03 9.546102959999999520e-05
2.782790690000000108e-03 9.510341620000000188e-05
2.829097679999999920e-03 9.416648390000000512e-05
2.876331560000000131e-03 9.432094520000000658e-05
2.923574999999999872e-03 9.455538380000000581e-05
2.970796080000000054e-03 9.469049109999999776e-05
3.018126820000000075e-03 9.488262729999999380e-05
3.065668740000000204e-03 9.501391469999999459e-05
3.113377369999999894e-03 9.528030929999999586e-05
3.161003109999999897e-03 9.539119489999999706e-05
3.208633749999999837e-03 9.551033869999999782e-05
3.256388939999999965e-03 9.556276929999999586e-05
3.304317829999999911e-03 9.559905450000000314e-05
3.352145429999999968e-03 9.561633489999999877e-05
3.399878270000000063e-03 9.564171340000000485e-05
3.447715889999999981e-03 9.571384000000000109e-05
3.495665729999999916e-03 9.590844999999999481e-05
3.543595080000000192e-03 9.590104309999999803e-05
3.591554470000000131e-03 9.564917130000000114e-05
3.639348320000000171e-03 9.552426489999999543e-05
3.687085350000000004e-03 9.545255309999999785e-05
3.734949039999999835e-03 9.543773189999999861e-05
3.782701680000000177e-03 9.540121389999999728e-05
3.830374679999999990e-03 9.540529569999999361e-05
3.878107290000000137e-03 9.549798410000000064e-05
3.926356790000000083e-03 9.577659509999999837e-05
3.974528520000000266e-03 9.649840649999999866e-05
4.022580569999999883e-03 9.675168989999999834e-05
4.070850550000000394e-03 9.727627179999999581e-05
4.118940330000000170e-03 9.729124579999999707e-05
4.167437549999999935e-03 9.647131809999999995e-05
4.215778780000000239e-03 9.614878220000000410e-05
4.263825710000000366e-03 9.592513379999999723e-05
4.311959720000000350e-03 9.583152860000000522e-05
4.359878129999999671e-03 9.574976139999999566e-05
4.407782570000000170e-03 9.577727910000000285e-05
4.455660000000000176e-03 9.589915860000000646e-05
4.503588190000000317e-03 9.590836270000000212e-05
4.551656079999999958e-03 9.588256220000000176e-05
