-1.499999999999999944e-02 1.391398249999999939e-04
-1.485000000000000035e-02 1.395194559999999976e-04
-1.469999999999999953e-02 1.394511349999999928e-04
-1.455000000000000043e-02 1.402103950000000083e-04
-1.439999999999999961e-02 1.404153299999999992e-04
-1.425000000000000051e-02 1.404153299999999992e-04
-1.409999999999999969e-02 1.402103950000000083e-04
-1.395000000000000059e-02 1.400205799999999908e-04
-1.379999999999999977e-02 1.403621279999999990e-04
-1.365000000000000067e-02 1.396028820000000089e-04
-1.349999999999999985e-02 1.386465299999999968e-04
-1.335000000000000075e-02 1.376974539999999950e-04
-1.319999999999999993e-02 1.379706959999999925e-04
-1.305000000000000084e-02 1.387299420000000097e-04
-1.290000000000000001e-02 1.392255799999999959e-04
-1.274999999999999918e-02 1.392751869999999954e-04
-1.260000000000000009e-02 1.387292290000000127e-04
-1.244999999999999926e-02 1.389187380000000060e-04
-1.230000000000000017e-02 1.393964490000000134e-04
-1.214999999999999934e-02 1.399649769999999893e-04
-1.200000000000000025e-02 1.396237490000000036e-04
-1.184999999999999942e-02 1.384866920000000015e-04
-1.170000000000000033e-02 1.387596709999999929e-04
-1.154999999999999950e-02 1.398967289999999909e-04
-1.140000000000000041e-02 1.397602319999999981e-04
-1.124999999999999958e-02 1.393812129999999884e-04
-1.110000000000000049e-02 1.397224410000000013e-04
-1.094999999999999966e-02 1.399119499999999946e-04
-1.080000000000000057e-02 1.394342400000000103e-04
-1.064999999999999974e-02 1.382971970000000065e-04
-1.050000000000000065e-02 1.382289480000000121e-04
-1.034999999999999983e-02 1.391764819999999955e-04
-1.020000000000000073e-02 1.395859580000000067e-04
-1.004999999999999991e-02 1.403439820000000008e-04
-9.900000000000000813e-03 1.406169609999999921e-04
-9.749999999999999986e-03 1.398589369999999981e-04
-9.599999999999999159e-03 1.393129789999999883e-04
-9.450000000000000067e-03 1.385047360000000007e-04
-9.299999999999999239e-03 1.382820189999999937e-04
-9.150000000000000147e-03 1.394208959999999875e-04
-8.999999999999999320e-03 1.397624579999999939e-04
-8.850000000000000228e-03 1.390031980000000055e-04
-8.699999999999999400e-03 1.389348909999999989e-04
-8.550000000000000308e-03 1.391247059999999893e-04
-8.399999999999999481e-03 1.398078169999999998e-04
-8.250000000000000389e-03 1.415161389999999918e-04
-8.099999999999999561e-03 1.411745910000000107e-04
-7.950000000000000469e-03 1.406051449999999895e-04
-7.799999999999999642e-03 1.405368380000000101e-04
-7.649999999999999682e-03 1.401572080000000023e-04
-7.499999999999999722e-03 1.399522730000000114e-04
-7.349999999999999763e-03 1.395726430000000036e-04
-7.199999999999999803e-03 1.397950249999999940e-04
-7.049999999999999843e-03 1.402227210000000059e-04
-6.899999999999999883e-03 1.400862380000000114e-04
-6.749999999999999924e-03 1.395177100000000083e-04
-6.599999999999999964e-03 1.391764819999999955e-04
-6.450000000000000004e-03 1.387974630000000128e-04
-6.300000000000000044e-03 1.392751869999999954e-04
-6.150000000000000085e-03 1.394646970000000118e-04
-6.000000000000000125e-03 1.388504900000000076e-04
-5.850000000000000165e-03 1.373344279999999941e-04
-5.700000000000000205e-03 1.378121380000000055e-04
-5.550000000000000246e-03 1.400862380000000114e-04
-5.400000000000000286e-03 1.400179900000000130e-04
-5.250000000000000326e-03 1.390704420000000042e-04
-5.100000000000000366e-03 1.387974770000000111e-04
-4.950000000000000407e-03 1.389869720000000061e-04
-4.799999999999999580e-03 1.393281999999999919e-04
-4.649999999999999620e-03 1.400862380000000114e-04
-4.499999999999999660e-03 1.399497409999999914e-04
-4.349999999999999700e-03 1.388126979999999876e-04
-4.199999999999999740e-03 1.392904089999999950e-04
-4.049999999999999781e-03 1.404274659999999971e-04
-3.899999999999999821e-03 1.396767620000000001e-04
-3.749999999999999861e-03 1.379711899999999972e-04
-3.599999999999999901e-03 1.383124180000000101e-04
-3.449999999999999942e-03 1.397801099999999874e-04
-3.299999999999999982e-03 1.401040060000000021e-04
-3.150000000000000022e-03 1.404836370000000058e-04
-3.000000000000000062e-03 1.404153299999999992e-04
-2.850000000000000103e-03 1.400356999999999915e-04
-2.700000000000000143e-03 1.400356999999999915e-04
-2.550000000000000183e-03 1.407949600000000070e-04
-2.399999999999999790e-03 1.407949600000000070e-04
-2.249999999999999830e-03 1.392764390000000071e-04
-2.099999999999999870e-03 1.391398249999999939e-04
-1.949999999999999910e-03 1.410379629999999993e-04
-1.799999999999999951e-03 1.413112040000000008e-04
-1.649999999999999991e-03 1.403621429999999933e-04
-1.500000000000000031e-03 1.400205799999999908e-04
-1.350000000000000071e-03 1.394511349999999928e-04
-1.199999999999999895e-03 1.395369760000000035e-04
-1.049999999999999935e-03 1.399649769999999893e-04
-8.999999999999999754e-04 1.401014600000000110e-04
-7.500000000000000156e-04 1.399119499999999946e-04
-5.999999999999999474e-04 1.399119499999999946e-04
-4.499999999999999877e-04 1.404804789999999936e-04
-2.999999999999999737e-04 1.404337819999999944e-04
-1.499999999999999869e-04 1.402227210000000059e-04
1.047700000000000011e-09 1.401759949999999871e-04
1.499999999999999869e-04 1.394178539999999997e-04
2.999999999999999737e-04 1.394179420000000004e-04
4.499999999999999877e-04 1.403658529999999953e-04
5.999999999999999474e-04 1.405024519999999871e-04
7.500000000000000156e-04 1.399339380000000094e-04
8.999999999999999754e-04 1.396609589999999910e-04
1.049999999999999935e-03 1.394224240000000077e-04
1.199999999999999895e-03 1.396097359999999977e-04
1.350000000000000071e-03 1.397995800000000077e-04
1.500000000000000031e-03 1.396629379999999980e-04
1.649999999999999991e-03 1.400426259999999908e-04
1.799999999999999951e-03 1.400602199999999992e-04
1.949999999999999910e-03 1.387815279999999891e-04
2.099999999999999870e-03 1.383719939999999927e-04
2.249999999999999830e-03 1.383719939999999927e-04
2.399999999999999790e-03 1.387815279999999891e-04
2.550000000000000183e-03 1.402978379999999874e-04
2.700000000000000143e-03 1.403660860000000129e-04
2.850000000000000103e-03 1.394183929999999873e-04
3.000000000000000062e-03 1.395549040000000054e-04
3.150000000000000022e-03 1.397444429999999873e-04
3.299999999999999982e-03 1.396079310000000002e-04
3.449999999999999942e-03 1.403660860000000129e-04
3.599999999999999901e-03 1.404343490000000056e-04
3.749999999999999861e-03 1.398170429999999974e-04
3.899999999999999821e-03 1.398679010000000126e-04
4.049999999999999781e-03 1.404374340000000114e-04
4.199999999999999740e-03 1.403691130000000065e-04
4.349999999999999700e-03 1.397995800000000077e-04
4.499999999999999660e-03 1.397487790000000087e-04
4.649999999999999620e-03 1.397974700000000092e-04
4.799999999999999580e-03 1.399339819999999963e-04
4.950000000000000407e-03 1.397444429999999873e-04
5.100000000000000366e-03 1.393349079999999950e-04
5.250000000000000326e-03 1.395244470000000039e-04
5.400000000000000286e-03 1.400022449999999889e-04
5.550000000000000246e-03 1.396231669999999981e-04
5.700000000000000205e-03 1.392136330000000018e-04
5.850000000000000165e-03 1.403508499999999879e-04
6.000000000000000125e-03 1.408968959999999985e-04
6.150000000000000085e-03 1.399492179999999942e-04
6.300000000000000044e-03 1.393349079999999950e-04
6.450000000000000004e-03 1.387163939999999890e-04
6.599999999999999964e-03 1.393134879999999873e-04
6.749999999999999924e-03 1.410220870000000108e-04
6.899999999999999883e-03 1.406121589999999896e-04
7.049999999999999843e-03 1.402324560000000025e-04
7.199999999999999803e-03 1.405913350000000128e-04
7.349999999999999763e-03 1.402600319999999963e-04
7.499999999999999722e-03 1.404648060000000072e-04
7.649999999999999682e-03 1.419811010000000112e-04
7.799999999999999642e-03 1.417080780000000060e-04
7.950000000000000469e-03 1.398127060000000071e-04
8.099999999999999561e-03 1.396761949999999889e-04
8.250000000000000389e-03 1.402448109999999927e-04
8.399999999999999481e-03 1.403130589999999911e-04
8.550000000000000308e-03 1.386072110000000069e-04
8.699999999999999400e-03 1.379929160000000019e-04
8.850000000000000228e-03 1.385615320000000057e-04
8.999999999999999320e-03 1.387663070000000126e-04
9.150000000000000147e-03 1.392859119999999935e-04
9.299999999999999239e-03 1.394730929999999920e-04
9.450000000000000067e-03 1.390934049999999992e-04
9.599999999999999159e-03 1.389744869999999933e-04
9.749999999999999986e-03 1.395926959999999983e-04
9.900000000000000813e-03 1.402070050000000015e-04
1.004999999999999991e-02 1.409651599999999871e-04
1.020000000000000073e-02 1.404873760000000004e-04
1.034999999999999983e-02 1.397292220000000108e-04
1.050000000000000065e-02 1.399339819999999963e-04
1.064999999999999974e-02 1.408816749999999948e-04
1.080000000000000057e-02 1.410181870000000090e-04
1.094999999999999966e-02 1.410181870000000090e-04
1.110000000000000049e-02 1.410181870000000090e-04
1.124999999999999958e-02 1.402600319999999963e-04
1.140000000000000041e-02 1.400552720000000108e-04
1.154999999999999950e-02 1.396271979999999914e-04
1.170000000000000033e-02 1.394730929999999920e-04
1.184999999999999942e-02 1.392832490000000091e-04
1.200000000000000025e-02 1.394882129999999926e-04
1.214999999999999934e-02 1.408171230000000002e-04
1.230000000000000017e-02 1.412440470000000069e-04
1.244999999999999926e-02 1.414807480000000001e-04
1.260000000000000009e-02 1.411394620000000022e-04
1.274999999999999918e-02 1.407603850000000074e-04
1.290000000000000001e-02 1.406238729999999932e-04
1.305000000000000084e-02 1.396761799999999946e-04
1.319999999999999993e-02 1.395396680000000075e-04
1.335000000000000075e-02 1.387815279999999891e-04
1.349999999999999985e-02 1.388497910000000089e-04
1.365000000000000067e-02 1.403660860000000129e-04
1.379999999999999977e-02 1.406391089999999911e-04
1.395000000000000059e-02 1.393123380000000017e-04
1.409999999999999969e-02 1.384250209999999875e-04
1.425000000000000051e-02 1.378055749999999922e-04
1.439999999999999961e-02 1.382656919999999913e-04
1.455000000000000043e-02 1.395946159999999971e-04
1.469999999999999953e-02 1.399362230000000134e-04
1.485000000000000035e-02 1.403159110000000063e-04
