-1.220544990000000003e-02 2.489242760000000125e-04
-1.208116769999999923e-02 2.481949339999999838e-04
-1.195656229999999924e-02 2.482958949999999952e-04
-1.183146149999999945e-02 2.482191479999999945e-04
-1.170550100000000010e-02 2.485387669999999959e-04
-1.157976500000000054e-02 2.493303619999999898e-04
-1.145558900000000040e-02 2.488478199999999874e-04
-1.133209750000000078e-02 2.486488079999999920e-04
-1.120788510000000036e-02 2.488401370000000042e-04
-1.108278430000000057e-02 2.483610299999999913e-04
-1.095756980000000061e-02 2.484259599999999934e-04
-1.083285919999999944e-02 2.489746259999999975e-04
-1.070873070000000031e-02 2.488228199999999732e-04
-1.058477350000000018e-02 2.491586199999999912e-04
-1.046057419999999946e-02 2.492553899999999981e-04
-1.033608620000000047e-02 2.485718289999999967e-04
-1.021117160000000086e-02 2.487514870000000233e-04
-1.008561720000000078e-02 2.486541630000000075e-04
-9.959614840000000427e-03 2.487189190000000001e-04
-9.834288619999999315e-03 2.495561490000000084e-04
-9.709980340000000376e-03 2.494161889999999752e-04
-9.585671130000000817e-03 2.494974470000000028e-04
-9.461047130000000555e-03 2.495454970000000167e-04
-9.336411019999999242e-03 2.491879860000000154e-04
-9.211464790000000250e-03 2.494156940000000016e-04
-9.086194449999999631e-03 2.495084190000000169e-04
-8.960770439999999823e-03 2.494644429999999871e-04
-8.835511279999999634e-03 2.500903790000000163e-04
-8.711230940000000075e-03 2.498989920000000190e-04
-8.587397630000000170e-03 2.496401140000000071e-04
-8.463118230000000325e-03 2.498142130000000202e-04
-8.338071409999999947e-03 2.494909860000000157e-04
-8.212471379999999183e-03 2.495376389999999739e-04
-8.086996149999999342e-03 2.494068760000000000e-04
-7.961987519999999888e-03 2.492502099999999881e-04
-7.837289009999999848e-03 2.498053359999999833e-04
-7.712812630000000398e-03 2.497022799999999948e-04
-7.588679440000000061e-03 2.495161319999999886e-04
-7.464542050000000026e-03 2.496219529999999876e-04
-7.339632599999999785e-03 2.491008490000000061e-04
-7.214191840000000119e-03 2.490625480000000142e-04
-7.089157119999999965e-03 2.491625200000000201e-04
-6.964731499999999784e-03 2.490023619999999754e-04
-6.840669080000000291e-03 2.491627240000000181e-04
-6.716839970000000083e-03 2.490805350000000243e-04
-6.592759400000000256e-03 2.489035539999999804e-04
-6.468195930000000121e-03 2.489599570000000108e-04
-6.343428980000000335e-03 2.483081769999999789e-04
-6.218808699999999953e-03 2.481549750000000033e-04
-6.094261539999999699e-03 2.483204009999999775e-04
-5.969839170000000410e-03 2.481358820000000216e-04
-5.846085489999999774e-03 2.482679560000000153e-04
-5.722748580000000009e-03 2.482345440000000036e-04
-5.598984660000000391e-03 2.478989769999999761e-04
-5.474721549999999638e-03 2.479087269999999941e-04
-5.350461699999999737e-03 2.474734789999999906e-04
-5.226385780000000411e-03 2.473752829999999897e-04
-5.102620460000000316e-03 2.476206570000000218e-04
-4.978846759999999878e-03 2.475455400000000131e-04
-4.855052569999999783e-03 2.477696399999999963e-04
-4.731610879999999762e-03 2.478071259999999922e-04
-4.608204589999999670e-03 2.475019139999999943e-04
-4.484459760000000100e-03 2.475945219999999892e-04
-4.360304679999999627e-03 2.476349759999999975e-04
-4.235944250000000036e-03 2.476043299999999923e-04
-4.112021070000000146e-03 2.477802340000000028e-04
-3.988428970000000053e-03 2.478136740000000111e-04
-3.864669470000000120e-03 2.480970000000000202e-04
-3.740059439999999982e-03 2.485405420000000049e-04
-3.615435450000000113e-03 2.492791970000000088e-04
-3.490731590000000200e-03 2.497624369999999869e-04
-3.365425390000000190e-03 2.505739690000000053e-04
-3.239932469999999912e-03 2.508079339999999807e-04
-3.114569230000000140e-03 2.511999630000000196e-04
-2.989386210000000155e-03 2.514039810000000155e-04
-2.863957079999999988e-03 2.515604429999999752e-04
-2.737307220000000010e-03 2.521771240000000142e-04
-2.610343969999999805e-03 2.538443369999999859e-04
-2.483148829999999845e-03 2.547567709999999804e-04
-2.355691510000000165e-03 2.563737509999999874e-04
-2.229024190000000131e-03 2.564823659999999894e-04
-2.101456749999999849e-03 2.557674890000000037e-04
-1.975138669999999905e-03 2.545858439999999778e-04
-1.848680319999999920e-03 2.505908200000000010e-04
-1.725075180000000107e-03 2.476126540000000162e-04
-1.602706969999999993e-03 2.418628720000000083e-04
-1.483516770000000004e-03 2.377197959999999960e-04
-1.366161039999999908e-03 2.288259860000000094e-04
-1.250118950000000040e-03 2.249955429999999951e-04
-1.138549759999999984e-03 2.218156730000000109e-04
-1.027662769999999892e-03 2.201111200000000021e-04
-9.179791669999999570e-04 2.177986749999999904e-04
-8.105488380000000319e-04 2.157619159999999954e-04
-7.041558269999999850e-04 2.114248640000000040e-04
-5.997690019999999886e-04 2.086577009999999956e-04
-4.966423149999999809e-04 2.034596249999999875e-04
-3.945274219999999796e-04 2.008414740000000003e-04
-2.948631010000000020e-04 1.972765750000000061e-04
-1.959390649999999932e-04 1.957068740000000038e-04
-9.842018329999999832e-05 1.939732609999999949e-04
-1.389643810000000051e-07 1.937040650000000121e-04
9.706780110000000025e-05 1.942983650000000074e-04
1.952935130000000121e-04 1.952856110000000095e-04
2.937350360000000110e-04 1.979797089999999957e-04
3.943637710000000144e-04 2.001282120000000123e-04
4.956493500000000354e-04 2.046200680000000020e-04
5.988111949999999628e-04 2.075004299999999916e-04
7.038470360000000309e-04 2.127760530000000021e-04
8.099654219999999957e-04 2.151814110000000097e-04
9.180285270000000490e-04 2.182118909999999923e-04
1.026924819999999999e-03 2.199501030000000016e-04
1.137336369999999899e-03 2.222492909999999953e-04
1.251564360000000011e-03 2.252125709999999931e-04
1.366865589999999905e-03 2.320792560000000055e-04
1.484208859999999915e-03 2.359358040000000096e-04
1.602757839999999906e-03 2.441955439999999970e-04
1.723260849999999969e-03 2.481752599999999926e-04
1.848352840000000051e-03 2.520471749999999862e-04
1.973978480000000181e-03 2.539332200000000116e-04
2.101011810000000084e-03 2.563502639999999991e-04
2.227531049999999842e-03 2.569129570000000073e-04
2.355790700000000206e-03 2.560589639999999770e-04
2.483373970000000118e-03 2.551710640000000156e-04
2.610292289999999876e-03 2.533317019999999911e-04
2.736781260000000025e-03 2.525851600000000060e-04
2.862987339999999940e-03 2.514594530000000255e-04
2.989630679999999950e-03 2.511453639999999907e-04
3.115399039999999873e-03 2.512567440000000032e-04
3.240522459999999917e-03 2.510805500000000130e-04
3.365877780000000111e-03 2.506784799999999805e-04
3.490825879999999871e-03 2.501185809999999753e-04
3.615159079999999848e-03 2.491160120000000247e-04
3.739260140000000201e-03 2.487859159999999828e-04
3.863579360000000094e-03 2.479745600000000201e-04
3.988370770000000155e-03 2.477969679999999781e-04
4.112588240000000263e-03 2.477929810000000259e-04
4.236305129999999586e-03 2.476599770000000077e-04
4.359664860000000107e-03 2.478860260000000093e-04
4.483117259999999833e-03 2.478547690000000060e-04
4.606957079999999746e-03 2.475900690000000016e-04
4.730823920000000113e-03 2.476791269999999785e-04
4.854612979999999890e-03 2.475883229999999852e-04
4.978724290000000052e-03 2.475805810000000209e-04
5.103057719999999978e-03 2.476578809999999803e-04
5.226899870000000121e-03 2.475597720000000113e-04
5.350125019999999766e-03 2.478476379999999856e-04
5.473635630000000217e-03 2.479541000000000254e-04
5.597652869999999829e-03 2.478729289999999754e-04
5.721717139999999736e-03 2.480401889999999938e-04
5.845848469999999700e-03 2.479242680000000201e-04
5.970155819999999752e-03 2.479883259999999829e-04
6.094512059999999606e-03 2.485544539999999807e-04
6.218700199999999817e-03 2.484882719999999940e-04
6.342443169999999880e-03 2.485771550000000197e-04
6.466146090000000381e-03 2.487547170000000188e-04
6.590488369999999638e-03 2.486523010000000209e-04
6.715503989999999784e-03 2.488500900000000242e-04
6.840541490000000106e-03 2.488926110000000132e-04
6.965248379999999621e-03 2.488786699999999906e-04
7.089792289999999851e-03 2.495822549999999942e-04
7.214170879999999737e-03 2.495662479999999871e-04
7.338340389999999797e-03 2.493978540000000004e-04
7.462459149999999680e-03 2.494765500000000196e-04
7.587220520000000079e-03 2.490945630000000245e-04
7.712745109999999578e-03 2.492456700000000229e-04
7.838116960000000508e-03 2.494499200000000133e-04
7.962988690000000550e-03 2.493928190000000073e-04
8.087478579999999792e-03 2.498700339999999909e-04
8.211712350000000687e-03 2.497192470000000148e-04
8.336003870000000676e-03 2.496767270000000219e-04
8.460457439999999329e-03 2.499285040000000018e-04
8.585329169999999371e-03 2.494609510000000085e-04
8.710964579999999277e-03 2.495803640000000150e-04
8.836802100000000840e-03 2.500459959999999865e-04
8.961790239999999769e-03 2.498736429999999899e-04
9.086050090000000537e-03 2.501344720000000122e-04
9.209950450000000538e-03 2.500126140000000175e-04
9.334255010000000463e-03 2.494732909999999772e-04
9.459488090000000779e-03 2.496668889999999761e-04
9.584848769999999504e-03 2.495222430000000190e-04
9.709901179999999229e-03 2.494553919999999950e-04
9.835004810000000722e-03 2.496562079999999919e-04
9.959707039999999775e-03 2.493177599999999838e-04
1.008348729999999915e-02 2.494415090000000118e-04
1.020700299999999922e-02 2.494965159999999824e-04
1.033140630000000011e-02 2.486382730000000207e-04
1.045677809999999951e-02 2.487406600000000262e-04
1.058202329999999997e-02 2.487662129999999991e-04
1.070683360000000001e-02 2.486833249999999794e-04
1.083149299999999933e-02 2.491752379999999964e-04
1.095582269999999941e-02 2.489851029999999837e-04
1.108039639999999944e-02 2.475793009999999856e-04
1.120505949999999959e-02 2.472951889999999730e-04
1.132873820000000059e-02 2.486157169999999987e-04
1.145259099999999981e-02 2.490266049999999786e-04
1.157731560000000055e-02 2.482451380000000101e-04
1.170198620000000023e-02 2.481009870000000267e-04
1.182600110000000052e-02 2.487926390000000073e-04
1.194957829999999943e-02 2.486099549999999832e-04
1.207312479999999959e-02 2.486215669999999878e-04
