-8.000000000000000167e-03 2.057379240000000066e-05
-7.919999999999999957e-03 2.056897569999999859e-05
-7.839999999999999747e-03 2.057698290000000159e-05
-7.760000000000000404e-03 2.056002999999999837e-05
-7.680000000000000195e-03 2.055982620000000024e-05
-7.599999999999999985e-03 2.052261880000000110e-05
-7.519999999999999775e-03 2.051133920000000119e-05
-7.440000000000000432e-03 2.054747159999999968e-05
-7.360000000000000223e-03 2.054188189999999977e-05
-7.280000000000000013e-03 2.049670730000000042e-05
-7.199999999999999803e-03 2.050411790000000004e-05
-7.119999999999999593e-03 2.056571610000000068e-05
-7.040000000000000251e-03 2.054372450000000155e-05
-6.960000000000000041e-03 2.046106779999999888e-05
-6.879999999999999831e-03 2.046756529999999941e-05
-6.799999999999999621e-03 2.049157050000000144e-05
-6.720000000000000279e-03 2.047391350000000087e-05
-6.640000000000000069e-03 2.043522910000000140e-05
-6.559999999999999859e-03 2.042644159999999992e-05
-6.479999999999999649e-03 2.042645060000000123e-05
-6.400000000000000307e-03 2.041580049999999996e-05
-6.320000000000000097e-03 2.041580049999999996e-05
-6.239999999999999887e-03 2.043143830000000103e-05
-6.159999999999999677e-03 2.040788420000000101e-05
-6.080000000000000335e-03 2.038549789999999948e-05
-6.000000000000000125e-03 2.039979340000000138e-05
-5.919999999999999915e-03 2.040034810000000142e-05
-5.839999999999999705e-03 2.040163960000000097e-05
-5.760000000000000363e-03 2.040133590000000086e-05
-5.680000000000000153e-03 2.037523519999999996e-05
-5.599999999999999943e-03 2.038103959999999984e-05
-5.519999999999999733e-03 2.041783049999999967e-05
-5.440000000000000391e-03 2.040250909999999945e-05
-5.360000000000000181e-03 2.040627989999999842e-05
-5.279999999999999971e-03 2.042418419999999948e-05
-5.199999999999999761e-03 2.039148789999999838e-05
-5.120000000000000419e-03 2.036398840000000046e-05
-5.040000000000000209e-03 2.032563860000000095e-05
-4.959999999999999999e-03 2.031876829999999996e-05
-4.879999999999999789e-03 2.030951869999999976e-05
-4.799999999999999580e-03 2.030452739999999876e-05
-4.720000000000000237e-03 2.027939630000000158e-05
-4.640000000000000027e-03 2.027320080000000050e-05
-4.559999999999999817e-03 2.030968609999999968e-05
-4.479999999999999608e-03 2.030656650000000141e-05
-4.400000000000000265e-03 2.028743440000000105e-05
-4.320000000000000055e-03 2.028964630000000034e-05
-4.239999999999999845e-03 2.028445120000000121e-05
-4.159999999999999636e-03 2.028550810000000101e-05
-4.080000000000000293e-03 2.027851219999999842e-05
-4.000000000000000083e-03 2.027736080000000013e-05
-3.919999999999999873e-03 2.031625259999999893e-05
-3.840000000000000097e-03 2.030274850000000062e-05
-3.759999999999999887e-03 2.022683659999999898e-05
-3.680000000000000111e-03 2.022766779999999871e-05
-3.599999999999999901e-03 2.028174459999999930e-05
-3.520000000000000125e-03 2.027985470000000085e-05
-3.439999999999999915e-03 2.024513740000000135e-05
-3.360000000000000139e-03 2.024993769999999983e-05
-3.279999999999999930e-03 2.025897809999999840e-05
-3.200000000000000153e-03 2.025546199999999882e-05
-3.119999999999999944e-03 2.027296609999999912e-05
-3.040000000000000167e-03 2.028316520000000001e-05
-2.959999999999999958e-03 2.026839500000000028e-05
-2.880000000000000181e-03 2.028653399999999932e-05
-2.799999999999999972e-03 2.035843500000000052e-05
-2.720000000000000195e-03 2.047220000000000027e-05
-2.639999999999999986e-03 2.071647399999999948e-05
-2.560000000000000209e-03 2.105689049999999893e-05
-2.480000000000000000e-03 2.197535829999999963e-05
-2.399999999999999790e-03 2.189678889999999842e-05
-2.320000000000000014e-03 2.094154840000000040e-05
-2.239999999999999804e-03 2.053937170000000049e-05
-2.160000000000000028e-03 1.986535790000000144e-05
-2.079999999999999818e-03 1.960339979999999949e-05
-2.000000000000000042e-03 1.953845639999999875e-05
-1.920000000000000049e-03 1.952478310000000162e-05
-1.840000000000000056e-03 1.951025660000000117e-05
-1.760000000000000063e-03 1.948958380000000024e-05
-1.680000000000000070e-03 1.942104789999999891e-05
-1.600000000000000077e-03 1.942812200000000142e-05
-1.520000000000000084e-03 1.953717399999999876e-05
-1.440000000000000091e-03 1.953551150000000104e-05
-1.360000000000000098e-03 1.946766500000000091e-05
-1.280000000000000105e-03 1.946126940000000115e-05
-1.199999999999999895e-03 1.947325289999999852e-05
-1.119999999999999902e-03 1.947556850000000086e-05
-1.039999999999999909e-03 1.947798410000000003e-05
-9.600000000000000243e-04 1.948576570000000121e-05
-8.800000000000000313e-04 1.949394030000000075e-05
-8.000000000000000383e-04 1.949061699999999920e-05
-7.200000000000000453e-04 1.946320839999999855e-05
-6.400000000000000524e-04 1.947505369999999859e-05
-5.599999999999999509e-04 1.954295840000000063e-05
-4.800000000000000122e-04 1.951162269999999943e-05
-4.000000000000000192e-04 1.938854260000000032e-05
-3.200000000000000262e-04 1.925066860000000063e-05
-2.400000000000000061e-04 1.890576459999999896e-05
-1.600000000000000131e-04 1.871017049999999847e-05
-8.000099999999999518e-05 1.829902250000000035e-05
-5.820800000000000207e-10 1.823511589999999977e-05
7.999900000000000435e-05 1.841769339999999879e-05
1.600000000000000131e-04 1.858856190000000134e-05
2.400000000000000061e-04 1.908014929999999934e-05
3.200000000000000262e-04 1.929224350000000038e-05
4.000000000000000192e-04 1.947440609999999910e-05
4.800000000000000122e-04 1.952586170000000009e-05
5.599999999999999509e-04 1.951329069999999889e-05
6.400000000000000524e-04 1.951366900000000109e-05
7.200000000000000453e-04 1.952729330000000090e-05
8.000000000000000383e-04 1.952691669999999935e-05
8.800000000000000313e-04 1.949368930000000081e-05
9.600000000000000243e-04 1.948530370000000074e-05
1.039999999999999909e-03 1.949630859999999986e-05
1.119999999999999902e-03 1.949479700000000023e-05
1.199999999999999895e-03 1.947341480000000009e-05
1.280000000000000105e-03 1.947515369999999881e-05
1.360000000000000098e-03 1.950298250000000161e-05
1.440000000000000091e-03 1.950366279999999987e-05
1.520000000000000084e-03 1.946514199999999924e-05
1.600000000000000077e-03 1.945176699999999871e-05
1.680000000000000070e-03 1.948111639999999906e-05
1.760000000000000063e-03 1.950204570000000167e-05
1.840000000000000056e-03 1.948934909999999886e-05
1.920000000000000049e-03 1.949917349999999875e-05
2.000000000000000042e-03 1.957811220000000085e-05
2.079999999999999818e-03 1.965368030000000135e-05
2.160000000000000028e-03 1.984132719999999965e-05
2.239999999999999804e-03 2.034614950000000031e-05
2.320000000000000014e-03 2.166187910000000092e-05
2.399999999999999790e-03 2.183612739999999948e-05
2.480000000000000000e-03 2.155621590000000089e-05
2.560000000000000209e-03 2.138885250000000123e-05
2.639999999999999986e-03 2.074486110000000013e-05
2.720000000000000195e-03 2.050224069999999896e-05
2.799999999999999972e-03 2.042694899999999991e-05
2.880000000000000181e-03 2.037813829999999936e-05
2.959999999999999958e-03 2.032576229999999862e-05
3.040000000000000167e-03 2.031495750000000158e-05
3.119999999999999944e-03 2.031328039999999918e-05
3.200000000000000153e-03 2.030904939999999864e-05
3.279999999999999930e-03 2.030044200000000122e-05
3.360000000000000139e-03 2.029711690000000077e-05
3.439999999999999915e-03 2.026924809999999856e-05
3.520000000000000125e-03 2.026509360000000067e-05
3.599999999999999901e-03 2.029968159999999912e-05
3.680000000000000111e-03 2.032008339999999871e-05
3.759999999999999887e-03 2.032030169999999989e-05
3.840000000000000097e-03 2.029937059999999837e-05
3.919999999999999873e-03 2.029181629999999968e-05
4.000000000000000083e-03 2.030655010000000121e-05
4.080000000000000293e-03 2.031116310000000001e-05
4.159999999999999636e-03 2.030761059999999882e-05
4.239999999999999845e-03 2.033157939999999926e-05
4.320000000000000055e-03 2.034994030000000068e-05
4.400000000000000265e-03 2.034358109999999912e-05
4.479999999999999608e-03 2.033821689999999941e-05
4.559999999999999817e-03 2.035896980000000080e-05
4.640000000000000027e-03 2.036244590000000097e-05
4.720000000000000237e-03 2.033438430000000072e-05
4.799999999999999580e-03 2.033273270000000147e-05
4.879999999999999789e-03 2.036490329999999846e-05
4.959999999999999999e-03 2.037509329999999980e-05
5.040000000000000209e-03 2.037182280000000004e-05
5.120000000000000419e-03 2.039154240000000084e-05
5.199999999999999761e-03 2.039649730000000024e-05
5.279999999999999971e-03 2.036749360000000158e-05
5.360000000000000181e-03 2.036518160000000044e-05
5.440000000000000391e-03 2.037332890000000132e-05
5.519999999999999733e-03 2.038724960000000059e-05
5.599999999999999943e-03 2.040462820000000092e-05
5.680000000000000153e-03 2.039785799999999840e-05
5.760000000000000363e-03 2.039958240000000085e-05
5.839999999999999705e-03 2.042796769999999921e-05
5.919999999999999915e-03 2.043108000000000023e-05
6.000000000000000125e-03 2.041449620000000142e-05
6.080000000000000335e-03 2.040142320000000033e-05
6.159999999999999677e-03 2.035661049999999960e-05
6.239999999999999887e-03 2.038042110000000130e-05
6.320000000000000097e-03 2.049270549999999952e-05
6.400000000000000307e-03 2.049526299999999886e-05
6.479999999999999649e-03 2.043492169999999847e-05
6.559999999999999859e-03 2.044776560000000155e-05
6.640000000000000069e-03 2.049906649999999999e-05
6.720000000000000279e-03 2.049592690000000031e-05
6.799999999999999621e-03 2.049718750000000000e-05
6.879999999999999831e-03 2.051203959999999910e-05
6.960000000000000041e-03 2.049574500000000073e-05
7.040000000000000251e-03 2.048048190000000067e-05
7.119999999999999593e-03 2.049383329999999859e-05
7.199999999999999803e-03 2.051839150000000001e-05
7.280000000000000013e-03 2.054299329999999865e-05
7.360000000000000223e-03 2.054472859999999956e-05
7.440000000000000432e-03 2.054241490000000114e-05
7.519999999999999775e-03 2.054301879999999840e-05
7.599999999999999985e-03 2.056236550000000048e-05
7.680000000000000195e-03 2.057349769999999847e-05
7.760000000000000404e-03 2.055604639999999997e-05
7.839999999999999747e-03 2.056561610000000046e-05
7.919999999999999957e-03 2.056959059999999932e-05
