-4.574215780000000231e-02 2.031704806185870443e-05
-4.566533860000000083e-02 2.033270004276552730e-05
-4.558394100000000282e-02 2.034936982136099193e-05
-4.550177980000000288e-02 2.036628809144439185e-05
-4.541620610000000197e-02 2.038375739922444480e-05
-4.532801360000000140e-02 2.040184172730467131e-05
-4.523703829999999732e-02 2.042023737483170589e-05
-4.514391720000000136e-02 2.043909140411082436e-05
-4.504878450000000117e-02 2.045810183519560006e-05
-4.495300349999999806e-02 2.047716245092977383e-05
-4.485997189999999663e-02 2.049588615745840005e-05
-4.476887360000000177e-02 2.051421468502840508e-05
-4.467628519999999881e-02 2.053259745826689037e-05
-4.458091780000000143e-02 2.055159952687166642e-05
-4.448633269999999890e-02 2.057082776155038915e-05
-4.441683739999999908e-02 2.058400795396674425e-05
-4.438222940000000061e-02 2.059125107422650326e-05
-4.433715340000000255e-02 2.060128728074070832e-05
-4.421475159999999766e-02 2.061727716362738905e-05
-4.402863609999999733e-02 2.064250133052692362e-05
-4.387563469999999910e-02 2.067378486903190542e-05
-4.376981030000000328e-02 2.069507751950762573e-05
-4.366713760000000277e-02 2.071542215936723148e-05
-4.356702040000000331e-02 2.073499652787155233e-05
-4.346910860000000043e-02 2.075370941767363576e-05
-4.336498309999999717e-02 2.077383430877642893e-05
-4.326239970000000240e-02 2.079453973002500403e-05
-4.316554959999999858e-02 2.081402649768749851e-05
-4.306798059999999984e-02 2.083336836179083674e-05
-4.296796020000000216e-02 2.085326340915271372e-05
-4.286754499999999996e-02 2.087335824813954622e-05
-4.276860130000000038e-02 2.089311467233557644e-05
-4.266880449999999741e-02 2.091285199243932258e-05
-4.256823290000000259e-02 2.093272070874753588e-05
-4.247160999999999992e-02 2.095231614380002762e-05
-4.237802699999999867e-02 2.097130095080636914e-05
-4.228264090000000142e-02 2.099038113931718684e-05
-4.218111930000000009e-02 2.101093107590471339e-05
-4.207631569999999849e-02 2.103226668770943346e-05
-4.197464880000000009e-02 2.105284283576160280e-05
-4.187401379999999840e-02 2.107312639473808981e-05
-4.177512600000000270e-02 2.109292391474608126e-05
-4.167770590000000053e-02 2.111222599598734610e-05
-4.157915709999999987e-02 2.113174538503278805e-05
-4.148020969999999946e-02 2.115126070533687041e-05
-4.137922079999999808e-02 2.117124480756885066e-05
-4.127677899999999955e-02 2.119145607120740183e-05
-4.117486630000000147e-02 2.121153638206357592e-05
-4.107788209999999746e-02 2.123136905538360492e-05
-4.098386689999999888e-02 2.125068038414369034e-05
-4.088523609999999975e-02 2.127050774141573639e-05
-4.078373689999999913e-02 2.129092563818023144e-05
-4.068243500000000290e-02 2.131129834689334630e-05
-4.058234019999999720e-02 2.133135351678781683e-05
-4.048307610000000112e-02 2.135117357973408174e-05
-4.041470209999999813e-02 2.136352515829265464e-05
-4.037688670000000313e-02 2.137028107788224246e-05
-4.028552030000000228e-02 2.138949380182566718e-05
-4.012819010000000242e-02 2.141923451637331379e-05
-3.997743869999999949e-02 2.144598977670615392e-05
-3.985952959999999878e-02 2.146949425458573570e-05
-3.975833210000000173e-02 2.148944712673343872e-05
-3.965732830000000264e-02 2.150878387235118891e-05
-3.955188390000000109e-02 2.152900662814814770e-05
-3.944712499999999955e-02 2.154931963258420428e-05
-3.934537250000000319e-02 2.156897048056265957e-05
-3.924648459999999922e-02 2.158832541615025806e-05
-3.914755959999999951e-02 2.160778256425720906e-05
-3.904756160000000254e-02 2.162761232885398462e-05
-3.894828260000000181e-02 2.164731435015053893e-05
-3.884795309999999890e-02 2.166701508076905922e-05
-3.874564169999999974e-02 2.168714986893483586e-05
-3.864454109999999887e-02 2.170737352523162316e-05
-3.854563090000000247e-02 2.172711707126107555e-05
-3.844612459999999926e-02 2.174676409982903116e-05
-3.834710639999999726e-02 2.176623540336106120e-05
-3.824662790000000340e-02 2.178559896546459058e-05
-3.814293819999999696e-02 2.180563473986520009e-05
-3.804074970000000111e-02 2.182570656099195707e-05
-3.794042389999999904e-02 2.184541517142579771e-05
-3.784236309999999825e-02 2.186505656678240463e-05
-3.774407130000000110e-02 2.188486728831183202e-05
-3.764351829999999788e-02 2.190510346000431476e-05
-3.754300619999999949e-02 2.192534544206028614e-05
-3.744087370000000192e-02 2.194567908227209148e-05
-3.733704980000000090e-02 2.196636894689115837e-05
-3.723348299999999778e-02 2.198718464114267151e-05
-3.714733199999999819e-02 2.200365165140217715e-05
-3.712004049999999972e-02 2.201078357275548260e-05
-3.710739309999999680e-02 2.201429686612661421e-05
-3.700071199999999810e-02 2.203205836750127727e-05
-3.682379420000000264e-02 2.206184182542000535e-05
-3.666814040000000025e-02 2.209438999631787567e-05
-3.654806690000000219e-02 2.211872731003782240e-05
-3.644030539999999763e-02 2.214085514211821718e-05
-3.633487219999999990e-02 2.216245878562293501e-05
-3.622956950000000287e-02 2.218401097687395390e-05
-3.612459819999999655e-02 2.220546571437069484e-05
-3.601994370000000112e-02 2.222674741164989479e-05
-3.591371329999999695e-02 2.224841070676552716e-05
-3.580923009999999879e-02 2.227018922039333002e-05
-3.570512309999999967e-02 2.229200480840855348e-05
-3.559947389999999767e-02 2.231419625974619011e-05
-3.549446540000000122e-02 2.233626138009063084e-05
-3.538974000000000286e-02 2.235842216426817871e-05
-3.528421369999999724e-02 2.238085931802652516e-05
-3.517631069999999777e-02 2.240359063511102242e-05
-3.506946190000000130e-02 2.242595683720900634e-05
-3.496420380000000300e-02 2.244787890432938185e-05
-3.485661000000000315e-02 2.247036681698919467e-05
-3.474801029999999985e-02 2.249310664533361591e-05
-3.464141490000000045e-02 2.251534366362606060e-05
-3.453581409999999935e-02 2.253731909316452757e-05
-3.442947939999999735e-02 2.255947414919203835e-05
-3.432318570000000152e-02 2.258178592514647150e-05
-3.421391549999999726e-02 2.260497947607502433e-05
-3.410302850000000024e-02 2.262885311096564026e-05
-3.399376569999999764e-02 2.265238994096600771e-05
-3.388478229999999924e-02 2.267595316243110965e-05
-3.377600759999999785e-02 2.269945656555938393e-05
-3.366918490000000291e-02 2.272284387948297901e-05
-3.356227280000000091e-02 2.274639804527614124e-05
-3.344983609999999802e-02 2.277065762603394460e-05
-3.338178619999999930e-02 2.278341267676677073e-05
-3.335897250000000036e-02 2.278759809172010856e-05
-3.328045090000000122e-02 2.280452100570526061e-05
-3.312306849999999830e-02 2.283172846622910632e-05
-3.294210510000000064e-02 2.286274429656730988e-05
-3.279275820000000091e-02 2.289561717519700965e-05
-3.266997259999999959e-02 2.292287182287664946e-05
-3.254590179999999888e-02 2.295078643437625823e-05
-3.242310880000000284e-02 2.297845358227160181e-05
-3.230202199999999968e-02 2.300629305385820824e-05
-3.218160569999999748e-02 2.303413065470460506e-05
-3.206089510000000031e-02 2.306229428226328203e-05
-3.193852679999999861e-02 2.309106054990761679e-05
-3.181506320000000027e-02 2.312046372540102392e-05
-3.169013560000000229e-02 2.315042249185232504e-05
-3.156340490000000137e-02 2.318101828761722318e-05
-3.143765400000000237e-02 2.321141765184841699e-05
-3.131064399999999859e-02 2.324208267368495736e-05
-3.118078040000000009e-02 2.327364628840479071e-05
-3.105098749999999838e-02 2.330567005947149520e-05
-3.092078310000000163e-02 2.333800008463950891e-05
-3.078968639999999854e-02 2.337092915183262376e-05
-3.065618130000000163e-02 2.340474778209694338e-05
-3.052184540000000071e-02 2.343938741387034284e-05
-3.038523159999999973e-02 2.347507132545723684e-05
-3.024626340000000080e-02 2.351211536479056041e-05
-3.010796199999999853e-02 2.354919409543162941e-05
-2.996724469999999946e-02 2.358709727676469006e-05
-2.982402409999999893e-02 2.362595649348830018e-05
-2.968056310000000142e-02 2.366545941520402111e-05
-2.953355569999999847e-02 2.370646564465928157e-05
-2.938197550000000088e-02 2.374909868138367792e-05
-2.922583369999999861e-02 2.379351042348530195e-05
-2.906989869999999920e-02 2.383929472681227104e-05
-2.891014139999999871e-02 2.388715655578739402e-05
-2.874854950000000145e-02 2.393794539428571193e-05
-2.858243699999999873e-02 2.399149061929507635e-05
-2.840787919999999966e-02 2.404898828809692887e-05
-2.822064789999999962e-02 2.411256184676450234e-05
-2.802773189999999831e-02 2.418167586636848430e-05
-2.786938099999999863e-02 2.423611332468287921e-05
-2.773271869999999889e-02 2.428253137827873580e-05
-2.756496329999999842e-02 2.434246665500599375e-05
-2.734468690000000160e-02 2.441271921253365435e-05
-2.707881670000000102e-02 2.450109472995928067e-05
-2.682250179999999887e-02 2.460029103740238741e-05
-2.660742769999999841e-02 2.468245591562166021e-05
-2.639363889999999865e-02 2.476130373558353803e-05
-2.618116510000000063e-02 2.483848737293412637e-05
-2.597835659999999866e-02 2.491230695315358701e-05
-2.577199410000000079e-02 2.498780748278493495e-05
-2.556622589999999959e-02 2.506437891042179281e-05
-2.536257360000000044e-02 2.514046388828469834e-05
-2.515478989999999845e-02 2.521780359014905311e-05
-2.494547520000000088e-02 2.529580629384866770e-05
-2.473689239999999831e-02 2.537374480350154668e-05
-2.452702080000000034e-02 2.545240307303419140e-05
-2.431636490000000164e-02 2.553174347604709801e-05
-2.410605550000000097e-02 2.561093755868428060e-05
-2.389424849999999961e-02 2.569014145385644372e-05
-2.368954759999999937e-02 2.576572615067906108e-05
-2.348417980000000113e-02 2.583865621862002710e-05
-2.327303769999999883e-02 2.591329124859330439e-05
-2.306937430000000067e-02 2.598716113076458468e-05
-2.286385930000000080e-02 2.606262207030383998e-05
-2.265500089999999966e-02 2.614044583132377027e-05
-2.244676649999999968e-02 2.621836667048697787e-05
-2.223483659999999848e-02 2.629729460457796541e-05
-2.200465459999999956e-02 2.638526892567807811e-05
-2.177450620000000170e-02 2.647949631651729836e-05
-2.149121650000000022e-02 2.660742161915301667e-05
-2.109250609999999831e-02 2.675764847523412078e-05
-2.079331319999999997e-02 2.684446817611197265e-05
-2.063011749999999964e-02 2.688966462890988389e-05
-2.046679889999999946e-02 2.693413142234843719e-05
-2.031460779999999869e-02 2.697624944741523891e-05
-2.015810269999999960e-02 2.702021932989289322e-05
-1.999554409999999838e-02 2.706614538897862527e-05
-1.983580550000000123e-02 2.711103114758811163e-05
-1.967470530000000120e-02 2.715526657986758267e-05
-1.955333349999999887e-02 2.718546940163372747e-05
-1.946055520000000011e-02 2.720642293136341986e-05
-1.933068220000000101e-02 2.723756746042152089e-05
-1.916243880000000066e-02 2.727351640086338327e-05
-1.897767369999999940e-02 2.731309236229754605e-05
-1.880629920000000121e-02 2.735388188877030648e-05
-1.865714229999999862e-02 2.738861974263524809e-05
-1.851750909999999931e-02 2.742138544672280846e-05
-1.838585920000000012e-02 2.745177209385050218e-05
-1.825842629999999828e-02 2.748072078744398023e-05
-1.812941950000000052e-02 2.750997896218306728e-05
-1.800018739999999923e-02 2.753921407529356217e-05
-1.787358520000000006e-02 2.756763035623781098e-05
-1.774829249999999858e-02 2.759529897096093956e-05
-1.762593349999999962e-02 2.762194434889539950e-05
-1.750498080000000012e-02 2.764753702266821818e-05
-1.738297379999999975e-02 2.767312292164937509e-05
-1.726435499999999859e-02 2.769805415436960908e-05
-1.714849099999999835e-02 2.772226706700384020e-05
-1.703260280000000113e-02 2.774618232218558622e-05
-1.691715610000000050e-02 2.776986880042836678e-05
-1.680369300000000149e-02 2.779305618024712672e-05
-1.669145190000000112e-02 2.781587858255511782e-05
-1.658016630000000088e-02 2.783836718494953633e-05
-1.646928489999999884e-02 2.786066606418500857e-05
-1.635973159999999996e-02 2.788264778560439495e-05
-1.625362039999999827e-02 2.790373102481351168e-05
-1.614804190000000000e-02 2.792422873046024727e-05
-1.603883689999999890e-02 2.794548880004768665e-05
-1.592880110000000071e-02 2.796700115326296256e-05
-1.582010459999999910e-02 2.798819809544564980e-05
-1.571371590000000124e-02 2.800912763533747532e-05
-1.563168129999999850e-02 2.802411568218873402e-05
-1.558831240000000014e-02 2.803315054679281641e-05
-1.553242839999999930e-02 2.804571279313464603e-05
-1.542791439999999931e-02 2.806551053870740968e-05
-1.528202000000000033e-02 2.809494793672717309e-05
-1.511756799999999963e-02 2.812880436000776441e-05
-1.498103330000000004e-02 2.815483486891004971e-05
-1.487236379999999983e-02 2.817591544016051527e-05
-1.476510800000000075e-02 2.819675940416183378e-05
-1.465764179999999930e-02 2.821771131133547683e-05
-1.455053130000000076e-02 2.823856584704167362e-05
-1.444381749999999916e-02 2.825933978439084822e-05
-1.433829869999999999e-02 2.827983180653416547e-05
-1.423291299999999981e-02 2.830018492601418215e-05
-1.412749659999999914e-02 2.832050514413196114e-05
-1.402287460000000048e-02 2.834077884373194595e-05
-1.391863919999999921e-02 2.836099280062246689e-05
-1.381380859999999967e-02 2.838118181924696311e-05
-1.370799259999999978e-02 2.840157227420417825e-05
-1.360197179999999943e-02 2.842199829496666185e-05
-1.349499640000000056e-02 2.844263908318415577e-05
-1.338896160000000064e-02 2.846335227655084096e-05
-1.328308320000000028e-02 2.848414368169763678e-05
-1.317599319999999963e-02 2.850534135333946713e-05
-1.306978150000000054e-02 2.852637049958600533e-05
-1.296270170000000076e-02 2.854734909888893255e-05
-1.285507619999999920e-02 2.856838933955390143e-05
-1.274725139999999951e-02 2.858930640858079988e-05
-1.263748110000000036e-02 2.861063956945416551e-05
-1.252845120000000041e-02 2.863207390512164955e-05
-1.242066449999999940e-02 2.865329882544172857e-05
-1.231242530000000064e-02 2.867462910992135363e-05
-1.220403699999999918e-02 2.869600437133343882e-05
-1.209666489999999990e-02 2.871748308288890364e-05
-1.198764889999999993e-02 2.873951081071627977e-05
-1.187460870000000071e-02 2.876213920801285733e-05
-1.176125280000000009e-02 2.878477568761810503e-05
-1.164935249999999971e-02 2.880724247538611754e-05
-1.153676680000000065e-02 2.882990499594949884e-05
-1.143664489999999916e-02 2.885227707410921509e-05
-1.136362930000000063e-02 2.886801005604957562e-05
-1.128742289999999995e-02 2.888239741384570020e-05
-1.116157790000000052e-02 2.890869539350294148e-05
-1.100461649999999979e-02 2.894202501635693815e-05
-1.086782380000000069e-02 2.896957937852680701e-05
-1.074977130000000052e-02 2.899347553559147313e-05
-1.063508070000000055e-02 2.901650020604992840e-05
-1.052037249999999979e-02 2.903899452008830377e-05
-1.040426179999999999e-02 2.906163482762894309e-05
-1.028972119999999914e-02 2.908392293134330137e-05
-1.017720159999999964e-02 2.910569421034819304e-05
-1.006443890000000008e-02 2.912720215255393049e-05
-9.953614319999999974e-03 2.914810351296586797e-05
-9.846340860000000333e-03 2.916825240547210899e-05
-9.741764519999999636e-03 2.918769613785685593e-05
-9.638101790000000793e-03 2.920658153125080481e-05
-9.536013939999999148e-03 2.922492000459878925e-05
-9.435424580000000699e-03 2.924253483892838996e-05
-9.336872030000000280e-03 2.925953571781963211e-05
-9.240273389999999545e-03 2.927581404102018621e-05
-9.146563709999999681e-03 2.929130840143220419e-05
-9.055502709999999761e-03 2.930601883228288105e-05
-8.964397009999999777e-03 2.932061497277860688e-05
-8.875278760000000766e-03 2.933480135364224415e-05
-8.788069710000000548e-03 2.934855156278261010e-05
-8.702094670000000420e-03 2.936192228966573307e-05
-8.616838599999999265e-03 2.937506001636584538e-05
-8.531956000000000262e-03 2.938786123257322813e-05
-8.448084819999999995e-03 2.940037694857656982e-05
-8.365171960000000739e-03 2.941256201881982149e-05
-8.284158999999999273e-03 2.942431000838345050e-05
-8.205138149999999242e-03 2.943555827276264571e-05
-8.126625789999999613e-03 2.944663469852802057e-05
-8.049125779999999342e-03 2.945742654206051473e-05
-7.971806450000000488e-03 2.946811892032514545e-05
-7.895403540000000067e-03 2.947859982055820393e-05
-7.820151750000000485e-03 2.948885476516361709e-05
-7.746604269999999605e-03 2.949890139425108125e-05
-7.675207219999999851e-03 2.950857070737074165e-05
-7.608409509999999702e-03 2.951794633795803128e-05
-7.559413089999999710e-03 2.952438609158136807e-05
-7.524266840000000053e-03 2.952892885928696043e-05
-7.470474579999999802e-03 2.953644247329894677e-05
-7.381910920000000001e-03 2.954623483665000532e-05
-7.281734140000000084e-03 2.955694301275848374e-05
-7.199363319999999879e-03 2.956735827931618129e-05
-7.129774890000000094e-03 2.957612416321244955e-05
-7.059337570000000055e-03 2.958483663209992952e-05
-6.989630870000000142e-03 2.959337149939650493e-05
-6.922577039999999911e-03 2.960161260272012139e-05
-6.857057570000000060e-03 2.960961558662143569e-05
-6.792427509999999884e-03 2.961747010741380340e-05
-6.729367190000000096e-03 2.962504998575046490e-05
-6.666579280000000350e-03 2.963239509968199233e-05
-6.603523620000000156e-03 2.963971872535467832e-05
-6.541102659999999992e-03 2.964688952713902064e-05
-6.478899619999999894e-03 2.965399871936075078e-05
-6.417201370000000238e-03 2.966102744884561152e-05
-6.357861680000000126e-03 2.966769577054193533e-05
-6.300296629999999586e-03 2.967406260483987517e-05
-6.240776269999999751e-03 2.968067767068755100e-05
-6.180725530000000245e-03 2.968738810320172204e-05
-6.122224029999999775e-03 2.969387479287133224e-05
-6.063690870000000045e-03 2.970022241362262145e-05
-6.005480419999999729e-03 2.970648134975968955e-05
-5.948019679999999587e-03 2.971260702400315857e-05
-5.891483739999999955e-03 2.971858424623221342e-05
-5.835535939999999915e-03 2.972439402294158224e-05
-5.779572759999999747e-03 2.973016799835098391e-05
-5.724692249999999843e-03 2.973582761120353298e-05
-5.669777279999999725e-03 2.974148312225019844e-05
-5.615479310000000106e-03 2.974711041606192558e-05
-5.561462139999999964e-03 2.975271968399045776e-05
-5.506552760000000060e-03 2.975837147314386319e-05
-5.452828019999999762e-03 2.976384550334223514e-05
-5.399695129999999843e-03 2.976917824477146046e-05
-5.347435830000000362e-03 2.977436725900575203e-05
-5.295924839999999710e-03 2.977937287682507291e-05
-5.243961230000000057e-03 2.978439699614633630e-05
-5.192683539999999598e-03 2.978934366877462685e-05
-5.141026340000000305e-03 2.979432776544814072e-05
-5.090654830000000165e-03 2.979929808926598913e-05
-5.057221280000000381e-03 2.980228861026361451e-05
-5.040391350000000305e-03 2.980383404382402831e-05
-4.999282300000000394e-03 2.980824281184543193e-05
-4.924294069999999787e-03 2.981523312721725294e-05
-4.852640909999999912e-03 2.982140707669314600e-05
-4.796706609999999704e-03 2.982659891483586238e-05
-4.746352790000000002e-03 2.983121810697940998e-05
-4.697119349999999936e-03 2.983567899652646242e-05
-4.648189990000000001e-03 2.984008954910743688e-05
-4.600971009999999667e-03 2.984441904513975496e-05
-4.554119889999999615e-03 2.984873067023402997e-05
-4.505631510000000089e-03 2.985312296134877880e-05
-4.457608329999999605e-03 2.985743481011613718e-05
-4.410420540000000410e-03 2.986161633385906881e-05
-4.364203199999999727e-03 2.986566540451302378e-05
-4.319868519999999802e-03 2.986956517156424702e-05
-4.275391340000000290e-03 2.987348157791912723e-05
-4.229414740000000429e-03 2.987742740179909109e-05
-4.183311020000000241e-03 2.988135603321367758e-05
-4.138288090000000023e-03 2.988521174387935372e-05
-4.093098449999999812e-03 2.988909334814911068e-05
-4.047602420000000027e-03 2.989299553998069130e-05
-4.003346900000000382e-03 2.989675632536266612e-05
-3.960052040000000204e-03 2.990040980430594961e-05
-3.916667769999999937e-03 2.990406389783972085e-05
-3.873148930000000056e-03 2.990770023364874451e-05
-3.829683410000000055e-03 2.991131528980390383e-05
-3.786341989999999873e-03 2.991488281061762316e-05
-3.743456679999999925e-03 2.991839260868168026e-05
-3.700425150000000076e-03 2.992186068616906744e-05
-3.657362419999999996e-03 2.992531281721865036e-05
-3.615340219999999861e-03 2.992869138655043689e-05
-3.573633729999999790e-03 2.993204017979944669e-05
-3.531999190000000184e-03 2.993537601610152957e-05
-3.490664059999999853e-03 2.993867333586887677e-05
-3.449367129999999972e-03 2.994193027231926716e-05
-3.408151449999999826e-03 2.994516980085392839e-05
-3.367062190000000201e-03 2.994837762978778671e-05
-3.326221140000000173e-03 2.995155220048750973e-05
-3.285888580000000114e-03 2.995469505552122010e-05
-3.247087359999999926e-03 2.995768563433192733e-05
-3.219118569999999870e-03 2.996027296958819809e-05
-3.202560120000000083e-03 2.996178316967764864e-05
-3.174815330000000085e-03 2.996369482832464509e-05
-3.127866659999999945e-03 2.996708950911594922e-05
-3.074554959999999809e-03 2.997088543695458385e-05
-3.024334320000000072e-03 2.997435282291727640e-05
-2.981395689999999810e-03 2.997759163402089277e-05
-2.942418210000000058e-03 2.998052904794625391e-05
-2.902517099999999892e-03 2.998345558294473245e-05
-2.862393160000000197e-03 2.998637469858555479e-05
-2.823508580000000032e-03 2.998922014862141956e-05
-2.785176040000000158e-03 2.999201447874907142e-05
-2.747857710000000016e-03 2.999476904673707716e-05
-2.711311220000000091e-03 2.999746542390579329e-05
-2.674211049999999923e-03 3.000016513696756074e-05
-2.636900870000000174e-03 3.000287121166535898e-05
-2.599681029999999834e-03 3.000556173994119562e-05
-2.562729409999999798e-03 3.000822374426819758e-05
-2.525913529999999907e-03 3.001084886159621716e-05
-2.489550269999999885e-03 3.001342217395488516e-05
-2.453827300000000107e-03 3.001593508517797618e-05
-2.417774870000000131e-03 3.001846935474647429e-05
-2.381649329999999988e-03 3.002099944660260392e-05
-2.346174789999999795e-03 3.002347018685396320e-05
-2.310771960000000159e-03 3.002591124396538058e-05
-2.275314880000000022e-03 3.002834830574750946e-05
-2.240344879999999969e-03 3.003074992415198115e-05
-2.205427270000000044e-03 3.003314614204452974e-05
-2.170448189999999843e-03 3.003553797039603377e-05
-2.135667480000000198e-03 3.003790577130012397e-05
-2.101117510000000133e-03 3.004024242764578875e-05
-2.066783610000000153e-03 3.004255766978532470e-05
-2.032631779999999940e-03 3.004485221488090811e-05
-1.998811730000000196e-03 3.004711473734976050e-05
-1.964923229999999878e-03 3.004935936900389817e-05
-1.930808420000000060e-03 3.005161548564405646e-05
-1.896994190000000045e-03 3.005385047909202672e-05
-1.863685790000000004e-03 3.005604146726608826e-05
-1.830915800000000072e-03 3.005819761097571510e-05
-1.798399960000000072e-03 3.006032938167256508e-05
-1.765327180000000060e-03 3.006244551788930517e-05
-1.731668370000000049e-03 3.006459482290505488e-05
-1.698313629999999991e-03 3.006673768541816562e-05
-1.665604069999999937e-03 3.006883105893564509e-05
-1.635154590000000019e-03 3.007086646287902035e-05
-1.612252910000000049e-03 3.007231687994121790e-05
-1.592869169999999984e-03 3.007346922850605465e-05
-1.564174080000000104e-03 3.007529307842908523e-05
-1.524716269999999967e-03 3.007754438641280012e-05
-1.482999299999999921e-03 3.007988666808863619e-05
-1.446540820000000041e-03 3.008216008808476408e-05
-1.414419380000000092e-03 3.008415159045984554e-05
-1.382478979999999906e-03 3.008611718798964832e-05
-1.350424949999999916e-03 3.008808668967531932e-05
-1.318731689999999915e-03 3.009003715649458466e-05
-1.287525870000000077e-03 3.009194959285322661e-05
-1.256499789999999993e-03 3.009383814851538955e-05
-1.225505019999999917e-03 3.009571702083445961e-05
-1.194904789999999984e-03 3.009757083513403430e-05
-1.164523879999999944e-03 3.009940946217182147e-05
-1.133942159999999991e-03 3.010125166458616893e-05
-1.103403399999999899e-03 3.010308741044483513e-05
-1.073073599999999897e-03 3.010490354297298664e-05
-1.042850429999999913e-03 3.010670882103237255e-05
-1.012780470000000091e-03 3.010850028645200579e-05
-9.828183099999999485e-04 3.011027929114917933e-05
-9.528887459999999887e-04 3.011204130584169079e-05
-9.231645379999999911e-04 3.011378457838573389e-05
-8.936897499999999590e-04 3.011550714859715061e-05
-8.643345210000000006e-04 3.011721844685101107e-05
-8.349653220000000271e-04 3.011892441038546350e-05
-8.057458329999999964e-04 3.012061684683933722e-05
-7.766922939999999602e-04 3.012228796156428938e-05
-7.476201279999999776e-04 3.012395625398929164e-05
-7.187185690000000293e-04 3.012561223613837718e-05
-6.899469299999999540e-04 3.012725538650747194e-05
-6.612994480000000111e-04 3.012888252126441412e-05
-6.328910240000000216e-04 3.013049102317123779e-05
-6.046241030000000256e-04 3.013208421791314272e-05
-5.763838999999999551e-04 3.013367282515937433e-05
-5.480287949999999592e-04 3.013525987292485096e-05
-5.197839349999999574e-04 3.013683600103083673e-05
-4.918767370000000144e-04 3.013839004226053232e-05
-4.642816489999999907e-04 3.013992037029853934e-05
-4.368884549999999933e-04 3.014143127470326149e-05
-4.106647979999999932e-04 3.014285450841271214e-05
-3.854251119999999899e-04 3.014420378668314067e-05
-3.589067490000000249e-04 3.014563592666333854e-05
-3.308254820000000032e-04 3.014712772764626417e-05
-3.025168260000000216e-04 3.014862651627749023e-05
-2.747917900000000201e-04 3.015010187281934130e-05
-2.479323010000000142e-04 3.015151979738951127e-05
-2.214766140000000048e-04 3.015290312803958956e-05
-1.952831370000000018e-04 3.015426204364350440e-05
-1.694006350000000082e-04 3.015558893591856567e-05
-1.440541669999999969e-04 3.015687638612757899e-05
-1.189328099999999947e-04 3.015812893584960175e-05
-9.440319260000000555e-05 3.015933501772297194e-05
-7.012303830000000482e-05 3.016049669680572081e-05
-4.621301199999999901e-05 3.016162404529736877e-05
-2.290169500000000097e-05 3.016269670690762013e-05
8.134015270000000511e-07 3.016378418341431923e-05
2.392862919999999910e-05 3.016485666355442948e-05
4.768549479999999917e-05 3.016597133634644568e-05
7.151313909999999633e-05 3.016712068012054722e-05
9.559140740000000662e-05 3.016829868271599414e-05
1.203275530000000012e-04 3.016953370529051146e-05
1.453711739999999971e-04 3.017079778703915977e-05
1.707512859999999876e-04 3.017209842851984291e-05
1.962567179999999899e-04 3.017341449609913662e-05
2.221009640000000016e-04 3.017475876506051346e-05
2.483165299999999954e-04 3.017613023452188749e-05
2.746516259999999890e-04 3.017752465302372611e-05
3.009913199999999871e-04 3.017892728029317068e-05
3.277476349999999881e-04 3.018036142142337041e-05
3.546687079999999762e-04 3.018181044882908455e-05
3.815897800000000225e-04 3.018327084936473488e-05
4.087069539999999826e-04 3.018474920927729754e-05
4.359470910000000214e-04 3.018624910646351673e-05
4.632638299999999897e-04 3.018775777897310955e-05
4.907824330000000500e-04 3.018928104505822304e-05
5.183509779999999909e-04 3.019081121496128422e-05
5.460216199999999576e-04 3.019235387405834039e-05
5.738743929999999896e-04 3.019391220490260814e-05
6.019917200000000131e-04 3.019549439197074346e-05
6.300823879999999837e-04 3.019707789444082534e-05
6.580802150000000230e-04 3.019866234863672019e-05
6.894590919999999713e-04 3.020050178663713931e-05
7.236957899999999898e-04 3.020253869947423254e-05
7.551513260000000194e-04 3.020437008978787727e-05
7.824135249999999943e-04 3.020605091613396819e-05
8.065904839999999505e-04 3.020752678594673985e-05
8.316910829999999560e-04 3.020898370838303733e-05
8.594092799999999630e-04 3.021060598417950297e-05
8.878457009999999715e-04 3.021226831192464437e-05
9.166603560000000095e-04 3.021395858010848882e-05
9.457778649999999806e-04 3.021566824999807982e-05
9.751065519999999607e-04 3.021739228631538246e-05
1.004417779999999989e-03 3.021912156820547363e-05
1.033773179999999915e-03 3.022085884314628819e-05
1.063478990000000027e-03 3.022262132189833250e-05
1.093361059999999919e-03 3.022439904965231456e-05
1.123251389999999983e-03 3.022618346678980012e-05
1.153265710000000088e-03 3.022797976698267063e-05
1.183138580000000096e-03 3.022978705297403438e-05
1.213024249999999915e-03 3.023159988207159435e-05
1.243235890000000000e-03 3.023342941501371998e-05
1.273582110000000094e-03 3.023527093686810251e-05
1.304131469999999897e-03 3.023712519789431048e-05
1.335025419999999940e-03 3.023900690294689932e-05
1.365792819999999980e-03 3.024091258829341130e-05
1.396155330000000035e-03 3.024279709366845711e-05
1.426729019999999981e-03 3.024468771507203072e-05
1.457898989999999954e-03 3.024662117395735884e-05
1.489265239999999942e-03 3.024857321412440964e-05
1.520705640000000062e-03 3.025053622865545613e-05
1.552178520000000068e-03 3.025251721513837799e-05
1.583331149999999939e-03 3.025447776272053809e-05
1.614617179999999980e-03 3.025644641427058015e-05
1.646420800000000058e-03 3.025845741315663466e-05
1.678330009999999973e-03 3.026048912545323255e-05
1.710423620000000103e-03 3.026254122153886782e-05
1.742777179999999973e-03 3.026462009601660179e-05
1.775111069999999944e-03 3.026669813994911859e-05
1.807174529999999984e-03 3.026877439730327334e-05
1.839263480000000086e-03 3.027086122760784800e-05
1.871975600000000102e-03 3.027298795311891190e-05
1.912643780000000031e-03 3.027582619854913426e-05
1.957798839999999856e-03 3.027922723989160970e-05
1.991128320000000018e-03 3.028156694088423700e-05
2.015728740000000130e-03 3.028330264117305896e-05
2.041430209999999922e-03 3.028513402716264454e-05
2.071121009999999946e-03 3.028710953634543101e-05
2.103749660000000209e-03 3.028928566712040196e-05
2.136349210000000089e-03 3.029147568119605063e-05
2.169441660000000216e-03 3.029371438105711006e-05
2.203547399999999847e-03 3.029601740952980054e-05
2.237886189999999803e-03 3.029833946596128540e-05
2.271694830000000036e-03 3.030065594195034768e-05
2.305519529999999848e-03 3.030298158571741385e-05
2.340278360000000186e-03 3.030534041972076528e-05
2.375335430000000136e-03 3.030771773849489861e-05
2.409900539999999987e-03 3.031008513232135793e-05
2.444604879999999914e-03 3.031247344844260449e-05
2.479649149999999837e-03 3.031490640699762673e-05
2.514840799999999797e-03 3.031736043873565266e-05
2.550012659999999903e-03 3.031983510604074555e-05
2.585582439999999874e-03 3.032235429743616195e-05
2.621523570000000060e-03 3.032492388839488529e-05
2.657337110000000061e-03 3.032748675730063728e-05
2.693272659999999992e-03 3.033005774558760102e-05
2.729681319999999883e-03 3.033267622369069773e-05
2.766435969999999842e-03 3.033534670708597388e-05
2.803493289999999926e-03 3.033805582811548656e-05
2.840769940000000080e-03 3.034080359433551167e-05
2.877315740000000160e-03 3.034348940508704078e-05
2.913407749999999841e-03 3.034614704199385313e-05
2.950369850000000068e-03 3.034888624248872948e-05
2.988013209999999895e-03 3.035168264202700659e-05
3.025793470000000002e-03 3.035449853422108793e-05
3.064109709999999955e-03 3.035735719588906518e-05
3.102583810000000136e-03 3.036023235502483588e-05
3.140497490000000117e-03 3.036310325237389583e-05
3.178231420000000168e-03 3.036596993656993595e-05
3.216316690000000159e-03 3.036886729776454565e-05
3.255396619999999935e-03 3.037186103427527936e-05
3.295194589999999799e-03 3.037492076540805575e-05
3.335038900000000112e-03 3.037799325445965156e-05
3.374304390000000022e-03 3.038108396144774851e-05
3.413558010000000090e-03 3.038419613603496038e-05
3.462288060000000191e-03 3.038738051694455508e-05
3.524410070000000110e-03 3.039162862671176854e-05
3.581312949999999797e-03 3.039647854197923810e-05
3.616963050000000183e-03 3.039927771711570047e-05
3.639963459999999863e-03 3.040114067213350714e-05
3.668924330000000039e-03 3.040361281707719770e-05
3.706113899999999902e-03 3.040672667364018608e-05
3.743915119999999958e-03 3.040988782803454995e-05
3.782574789999999798e-03 3.041306662560131185e-05
3.823596979999999840e-03 3.041647705121335992e-05
3.865955629999999997e-03 3.041999817470726199e-05
3.908407410000000123e-03 3.042352926090246195e-05
3.950548820000000100e-03 3.042706246053581293e-05
3.993223419999999795e-03 3.043065926616106344e-05
4.035935739999999688e-03 3.043430894919799172e-05
4.078531639999999868e-03 3.043796843347598333e-05
4.122412300000000314e-03 3.044171504281704586e-05
4.166763280000000159e-03 3.044550590909475532e-05
4.210378970000000325e-03 3.044928447197297499e-05
4.253847990000000218e-03 3.045306464219957719e-05
4.297882319999999853e-03 3.045689269285457144e-05
4.342508039999999972e-03 3.046078221470266791e-05
4.387573799999999920e-03 3.046470544949161672e-05
4.433109430000000198e-03 3.046868608007121396e-05
4.478171470000000265e-03 3.047270594759744636e-05
4.522844219999999811e-03 3.047670950189605455e-05
4.568380769999999882e-03 3.048079247543702109e-05
4.614823960000000169e-03 3.048498282152018726e-05
4.661866459999999650e-03 3.048923745099995240e-05
4.709154370000000374e-03 3.049351901437332308e-05
4.755973349999999614e-03 3.049780785227419784e-05
4.802536690000000323e-03 3.050208968212660029e-05
4.849140069999999768e-03 3.050641765474696081e-05
4.896583040000000199e-03 3.051086307382658701e-05
4.945185500000000116e-03 3.051545290174641182e-05
4.994693679999999587e-03 3.052016848445110778e-05
5.044423979999999690e-03 3.052498116509125948e-05
5.113088529999999625e-03 3.053244570452659517e-05
5.198444239999999890e-03 3.054217499305564309e-05
5.256462380000000156e-03 3.054793761566282866e-05
5.285319870000000121e-03 3.055103109137997182e-05
5.314641630000000241e-03 3.055426998902857649e-05
5.357184909999999911e-03 3.055843575385300531e-05
5.406673530000000345e-03 3.056326352288116129e-05
5.453810560000000272e-03 3.056798164285656072e-05
5.501670299999999840e-03 3.057283667611625211e-05
5.551704210000000216e-03 3.057791808103943676e-05
5.603370719999999604e-03 3.058321087789025880e-05
5.657482430000000152e-03 3.058866671410259946e-05
5.712413690000000231e-03 3.059420774010638628e-05
5.766094660000000219e-03 3.059974104195567295e-05
5.819135349999999922e-03 3.060523020896102744e-05
5.873088719999999992e-03 3.061081454461613715e-05
5.927396009999999667e-03 3.061644747247332699e-05
5.981427620000000223e-03 3.062208834905357679e-05
6.037282760000000151e-03 3.062798619404885197e-05
6.093013569999999879e-03 3.063406682528841107e-05
6.147647279999999756e-03 3.064006884593371269e-05
6.203797179999999759e-03 3.064621309877077081e-05
6.260788530000000254e-03 3.065246923582343918e-05
6.318347059999999960e-03 3.065881257964489813e-05
6.375814789999999926e-03 3.066515196206043319e-05
6.433386359999999568e-03 3.067148539447123781e-05
6.491411479999999699e-03 3.067787823495185523e-05
6.548956039999999715e-03 3.068429050376343274e-05
6.608838679999999577e-03 3.069106507437344931e-05
6.669919940000000429e-03 3.069814161443174585e-05
6.730333899999999675e-03 3.070518519115287052e-05
6.791661029999999932e-03 3.071239400253320228e-05
6.876690779999999892e-03 3.072363049488953699e-05
6.983131170000000248e-03 3.073815922930318709e-05
7.061422799999999764e-03 3.074764324906299198e-05
7.102082019999999933e-03 3.075338946004693713e-05
7.134241520000000024e-03 3.075799848639191274e-05
7.182107309999999703e-03 3.076386751007336280e-05
7.243555040000000320e-03 3.077145581886115859e-05
7.305363659999999579e-03 3.077923153016642231e-05
7.368292190000000352e-03 3.078724295162972943e-05
7.432811430000000122e-03 3.079552515388149389e-05
7.499353959999999902e-03 3.080417338979245153e-05
7.568323979999999618e-03 3.081316357989605936e-05
7.638338019999999645e-03 3.082233068716715401e-05
7.708741350000000193e-03 3.083161803284198199e-05
7.778712549999999663e-03 3.084086739177513485e-05
7.847908880000000614e-03 3.085015547378293415e-05
7.917303590000000779e-03 3.085952951529957896e-05
7.988737900000000836e-03 3.086914220480672602e-05
8.062723089999999579e-03 3.087919818756239705e-05
8.137008180000000410e-03 3.088949805590030271e-05
8.211468350000000749e-03 3.089990334038374766e-05
8.285576479999999175e-03 3.091052741483268722e-05
8.359854110000000324e-03 3.092126517865627984e-05
8.435464460000000053e-03 3.093228052421350603e-05
8.512817319999999369e-03 3.094367689237939232e-05
8.592151109999999689e-03 3.095550984814240790e-05
8.670352399999999363e-03 3.096717266247252568e-05
8.748400030000000674e-03 3.097878442785166803e-05
8.829299360000000818e-03 3.099094863653173410e-05
8.910624310000000298e-03 3.100347691268995728e-05
8.993077089999999135e-03 3.101632636200553150e-05
9.076899850000000325e-03 3.102961461993954161e-05
9.160509330000000255e-03 3.104295688313673770e-05
9.244425219999999679e-03 3.105660091336982001e-05
9.329755789999999785e-03 3.107064078109402394e-05
9.418030270000000634e-03 3.108515322124559186e-05
9.506757370000000484e-03 3.109976000419638472e-05
9.596126150000000229e-03 3.111443241740806739e-05
9.714092129999999173e-03 3.113577486073064552e-05
9.861391969999999327e-03 3.116208886355985248e-05
9.982379149999999826e-03 3.118172216538899714e-05
1.005986430000000049e-02 3.119637778468754331e-05
1.011962999999999925e-02 3.120762688306810082e-05
1.018427960000000028e-02 3.121915107438447525e-05
1.027025649999999991e-02 3.123526724043824249e-05
1.036740650000000062e-02 3.125408381328519255e-05
1.046739049999999976e-02 3.127381668032122608e-05
1.057164090000000008e-02 3.129471329968054063e-05
1.068031969999999956e-02 3.131693565824833855e-05
1.079338319999999934e-02 3.134049451488451441e-05
1.090974729999999969e-02 3.136513462457955943e-05
1.103102140000000037e-02 3.139105805382999087e-05
1.115345210000000080e-02 3.141740498118765111e-05
1.127367559999999970e-02 3.144410004467286936e-05
1.139134349999999969e-02 3.147033691053396481e-05
1.151130440000000012e-02 3.149693534413288023e-05
1.163583160000000033e-02 3.152479268409959863e-05
1.176344510000000045e-02 3.155339098136664112e-05
1.188798339999999967e-02 3.158112542801456074e-05
1.201136319999999980e-02 3.160846048834127178e-05
1.213467870000000011e-02 3.163572744876601744e-05
1.225639409999999992e-02 3.166271254640871339e-05
1.237715129999999997e-02 3.168944131240011733e-05
1.249854920000000036e-02 3.171605945505032506e-05
1.262081510000000011e-02 3.174280257363209357e-05
1.274318250000000020e-02 3.176937169080366473e-05
1.286285650000000037e-02 3.179512848496939139e-05
1.298019199999999977e-02 3.182021924721790507e-05
1.309621610000000040e-02 3.184488037944447790e-05
1.321326570000000075e-02 3.186923257236849803e-05
1.332886980000000041e-02 3.189299743194232324e-05
1.344049159999999993e-02 3.191582575331876559e-05
1.355365939999999929e-02 3.193899986927423428e-05
1.366777249999999964e-02 3.196227530956837252e-05
1.380484549999999935e-02 3.199211670191104173e-05
1.397296689999999973e-02 3.202645123093990950e-05
1.412589570000000010e-02 3.205554720934266846e-05
1.423490049999999972e-02 3.208011227687147300e-05
1.431036370000000023e-02 3.209655346689443191e-05
1.438313159999999973e-02 3.211116351725894203e-05
1.447559709999999937e-02 3.213025450121618197e-05
1.457983069999999916e-02 3.215137403817571468e-05
1.468771039999999979e-02 3.217328885776456969e-05
1.479730289999999990e-02 3.219540104497352215e-05
1.490378569999999993e-02 3.221666359383478715e-05
1.500839269999999954e-02 3.223734926802749391e-05
1.511538029999999998e-02 3.225858482741693746e-05
1.522360180000000007e-02 3.227998203760324168e-05
1.533353609999999964e-02 3.230180065085248961e-05
1.544369290000000006e-02 3.232385277386709441e-05
1.555205599999999987e-02 3.234546590198337775e-05
1.565902870000000086e-02 3.236683367003272111e-05
1.576513049999999846e-02 3.238801206093521996e-05
1.587147820000000056e-02 3.240923249318318071e-05
1.597835120000000095e-02 3.243058975677948344e-05
1.609037630000000052e-02 3.245201944290517193e-05
1.620327120000000093e-02 3.247332741023696226e-05
1.630754959999999865e-02 3.249377093351070325e-05
1.641070279999999951e-02 3.251416705378212411e-05
1.651600380000000159e-02 3.253510310527204087e-05
1.662014419999999909e-02 3.255580478475739956e-05
1.672524959999999866e-02 3.257651992753266229e-05
1.683074609999999846e-02 3.259727225872235517e-05
1.693771029999999872e-02 3.261801706798967950e-05
1.704650369999999998e-02 3.263912887298624059e-05
1.715370269999999878e-02 3.266016893820634237e-05
1.726000009999999890e-02 3.268105918759700389e-05
1.736521350000000061e-02 3.270200146339630507e-05
1.747366040000000037e-02 3.272386573375989305e-05
1.758325289999999874e-02 3.274653367812581508e-05
1.768938639999999979e-02 3.276849480008231757e-05
1.779767130000000155e-02 3.279062060215570744e-05
1.790929029999999839e-02 3.281354757437723814e-05
1.802097069999999968e-02 3.283672025236531979e-05
1.813972180000000128e-02 3.286195404410774889e-05
1.829153299999999871e-02 3.288793974877794599e-05
1.844690549999999929e-02 3.291251598569510853e-05
1.854968629999999979e-02 3.293407900090400392e-05
1.862561890000000164e-02 3.295021685432858991e-05
1.870981979999999933e-02 3.296766127556415753e-05
1.881351510000000074e-02 3.299015669658761824e-05
1.893155089999999999e-02 3.301604835215012768e-05
1.905163379999999865e-02 3.304264137765580581e-05
1.917115230000000087e-02 3.306991983417228195e-05
1.929363049999999885e-02 3.309835082685048111e-05
1.942111919999999978e-02 3.312826145089565414e-05
1.955155280000000009e-02 3.315925040792656392e-05
1.968642699999999940e-02 3.319141051082292023e-05
1.982430179999999931e-02 3.322457686752208609e-05
1.996241699999999966e-02 3.325867962315029756e-05
2.009930279999999972e-02 3.329269490794117305e-05
2.023622389999999924e-02 3.332718039127482887e-05
2.037689089999999981e-02 3.336309686768876200e-05
2.052121800000000079e-02 3.340045495768708241e-05
2.067458999999999963e-02 3.344112303595001321e-05
2.083172089999999962e-02 3.348456482448757573e-05
2.099230139999999981e-02 3.353000298385601353e-05
2.115708590000000069e-02 3.357862698210637938e-05
2.132795560000000021e-02 3.363042374614949907e-05
2.150613999999999998e-02 3.368604731353377630e-05
2.168468390000000134e-02 3.374240229272496716e-05
2.187378150000000160e-02 3.380057752265117689e-05
2.222423629999999845e-02 3.394110949863361591e-05
2.256543379999999960e-02 3.417148560025291555e-05
2.278135720000000128e-02 3.432252357245517432e-05
2.319265159999999923e-02 3.450501985424399059e-05
2.363300509999999993e-02 3.466750320252981411e-05
2.391718509999999839e-02 3.478680184944765502e-05
2.413674819999999874e-02 3.487446021534388669e-05
2.432300520000000091e-02 3.494854460426646012e-05
2.451580579999999843e-02 3.502578222377814601e-05
2.472698499999999994e-02 3.510560188216251475e-05
2.495272269999999903e-02 3.519117216036135451e-05
2.517260240000000066e-02 3.527732906760210730e-05
2.539756339999999987e-02 3.536719822750551814e-05
2.563155259999999949e-02 3.546247895335257822e-05
2.586264720000000170e-02 3.555683200556451079e-05
2.609590070000000067e-02 3.565155663375048714e-05
2.633447950000000065e-02 3.574888027068026555e-05
2.657496369999999900e-02 3.584746677736817930e-05
2.680187490000000144e-02 3.593893097367843818e-05
2.703000419999999904e-02 3.602608408092697800e-05
2.725679799999999875e-02 3.611082274438501570e-05
2.746989760000000114e-02 3.619062446969446465e-05
2.768836729999999899e-02 3.627321611898880389e-05
2.790779620000000127e-02 3.635766804865572566e-05
2.815023809999999890e-02 3.645492708109303304e-05
2.841789830000000100e-02 3.656314153733129579e-05
2.865898050000000030e-02 3.665689763826989665e-05
2.887902040000000017e-02 3.674081577628876229e-05
2.909841020000000084e-02 3.682391897306431524e-05
2.932277510000000018e-02 3.690574027078742501e-05
2.952773679999999915e-02 3.697706018418528759e-05
2.972156930000000030e-02 3.703882311852265530e-05
2.991058489999999861e-02 3.709650815930864369e-05
3.008105980000000054e-02 3.714744263680407689e-05
3.024800119999999926e-02 3.719651323399351332e-05
3.040834140000000033e-02 3.724326404186964956e-05
3.056688980000000014e-02 3.728924928821047795e-05
3.072540459999999890e-02 3.733456068276228164e-05
3.088328239999999988e-02 3.737939127083970509e-05
3.104082680000000080e-02 3.742355077978467919e-05
3.119310739999999957e-02 3.746555482239182714e-05
3.133986150000000331e-02 3.750540653486611519e-05
3.148274499999999948e-02 3.754360223410124103e-05
3.165584429999999949e-02 3.757916909371425093e-05
3.187035020000000135e-02 3.762385469316833315e-05
3.204643730000000107e-02 3.767315797041090520e-05
3.214670719999999926e-02 3.769927205811496112e-05
3.222621600000000197e-02 3.771848596755924442e-05
3.233701359999999886e-02 3.774658736795426310e-05
3.246791660000000052e-02 3.777963433716067821e-05
3.259606660000000100e-02 3.781172014894177596e-05
3.272351619999999683e-02 3.784304475062935305e-05
3.285116700000000056e-02 3.787418054475575794e-05
3.297799080000000244e-02 3.790463698622136669e-05
3.310556340000000292e-02 3.793519937948404815e-05
3.323380279999999659e-02 3.796568651917948338e-05
3.336115180000000235e-02 3.799581053556889048e-05
3.348587079999999772e-02 3.802533225397166619e-05
3.360754619999999776e-02 3.805391783872782800e-05
3.372720629999999969e-02 3.808184398841932375e-05
3.384685889999999864e-02 3.810966317723744038e-05
3.396802399999999944e-02 3.813723716456851267e-05
3.408688309999999971e-02 3.816394819883555008e-05
3.420467299999999794e-02 3.818979440336129933e-05
3.432311489999999993e-02 3.821560432912401452e-05
3.443738069999999901e-02 3.824072300823136883e-05
3.454838319999999768e-02 3.826498307359193064e-05
3.465913240000000062e-02 3.828884331460155122e-05
3.477342800000000206e-02 3.831354904049057272e-05
3.489001840000000021e-02 3.833853888656832144e-05
3.500807289999999933e-02 3.836390294299706988e-05
3.512419390000000308e-02 3.838938930386205704e-05
3.523480150000000283e-02 3.841348520657560106e-05
3.534429149999999964e-02 3.843713444755580874e-05
3.545372930000000034e-02 3.846069552152894859e-05
3.556273880000000026e-02 3.848393940780670192e-05
3.567451239999999690e-02 3.850787522014776206e-05
3.578707579999999833e-02 3.853211781004899826e-05
3.589741510000000330e-02 3.855574978269970550e-05
3.600667789999999896e-02 3.857898620129650524e-05
3.611648080000000316e-02 3.860234480828974332e-05
3.624928000000000178e-02 3.862562476846897167e-05
3.640608859999999725e-02 3.865326482671360898e-05
3.654067589999999977e-02 3.868223409796167791e-05
3.665495290000000267e-02 3.870703959634105168e-05
3.674332050000000266e-02 3.873049097486994867e-05
3.679294140000000102e-02 3.874335271909687520e-05
3.686343510000000129e-02 3.875795597982901173e-05
3.696538509999999778e-02 3.877912275757485980e-05
3.706809130000000146e-02 3.880053021057339120e-05
3.717127810000000337e-02 3.882209779297143598e-05
3.727639089999999766e-02 3.884381738926899577e-05
3.738303860000000145e-02 3.886586113697135670e-05
3.749014810000000225e-02 3.888793682082754624e-05
3.759692609999999713e-02 3.890986986963131209e-05
3.770454599999999851e-02 3.893161977899311864e-05
3.781028089999999980e-02 3.895277249912937101e-05
3.791213780000000227e-02 3.897322808901587633e-05
3.801357369999999736e-02 3.899360195167283772e-05
3.811735659999999914e-02 3.901412738141637836e-05
3.822352360000000338e-02 3.903515876695494744e-05
3.832838680000000275e-02 3.905617430722411115e-05
3.843362260000000169e-02 3.907734632181859976e-05
3.853956239999999783e-02 3.909876540358229525e-05
3.864297640000000089e-02 3.911958223298675415e-05
3.874465450000000311e-02 3.914009272183012028e-05
3.884576260000000003e-02 3.916046918564980900e-05
3.894780199999999665e-02 3.918089902187566278e-05
3.905117140000000098e-02 3.920162876518028852e-05
3.915675359999999661e-02 3.922242660424011125e-05
3.926246240000000332e-02 3.924312201908586534e-05
3.936348480000000094e-02 3.926335236890205540e-05
3.948979450000000141e-02 3.929072895318524024e-05
3.966521469999999966e-02 3.932246135344696903e-05
3.983897720000000031e-02 3.935152081670794695e-05
3.995583209999999802e-02 3.937778402279137018e-05
4.001007969999999941e-02 3.938906194238128993e-05
4.004644229999999860e-02 3.939597684610091413e-05
4.011505469999999962e-02 3.940991702398344320e-05
4.020592199999999811e-02 3.942828493864243311e-05
4.029985889999999904e-02 3.944738635167180938e-05
4.039870200000000161e-02 3.946700683057568305e-05
4.050125930000000180e-02 3.948744207142612677e-05
4.060417410000000116e-02 3.950810237786738210e-05
4.070673510000000217e-02 3.952872530887664411e-05
4.080925509999999701e-02 3.954951882812468561e-05
4.091148079999999687e-02 3.957029903003035393e-05
4.101487990000000222e-02 3.959116587211849097e-05
4.111836110000000044e-02 3.961197133538679532e-05
4.121990500000000113e-02 3.963250347916811575e-05
4.132162780000000341e-02 3.965315240416144259e-05
4.142495620000000156e-02 3.967407869057899589e-05
4.152690249999999722e-02 3.969462345345018496e-05
4.162830490000000300e-02 3.971494681236765025e-05
4.173185299999999931e-02 3.973579265765930915e-05
4.183465609999999918e-02 3.975679233736303481e-05
4.193593190000000082e-02 3.977749444893890731e-05
4.203775149999999794e-02 3.979825484112293641e-05
4.214124749999999947e-02 3.981941301090128948e-05
4.224605490000000324e-02 3.984076856127530221e-05
4.235163329999999671e-02 3.986233353617446763e-05
4.245860869999999732e-02 3.988416377776696236e-05
4.256217550000000044e-02 3.990507953867490003e-05
4.266208040000000340e-02 3.992520136300444454e-05
4.276193310000000330e-02 3.994528982464962911e-05
4.287879170000000184e-02 3.996540603455032314e-05
4.301354289999999997e-02 3.998860631076001863e-05
4.315362870000000184e-02 4.001151994978641244e-05
4.329944399999999943e-02 4.003544940937185718e-05
4.339067270000000059e-02 4.005892432837129818e-05
4.342417049999999779e-02 4.006750804800481713e-05
4.348935560000000144e-02 4.008051750800527594e-05
4.358678679999999916e-02 4.009986379120427134e-05
4.368292170000000196e-02 4.011889044991412569e-05
4.378311339999999691e-02 4.013891367599617692e-05
4.388789829999999864e-02 4.015961639459804844e-05
4.399314520000000006e-02 4.018038149651158471e-05
4.409549389999999763e-02 4.020098880165932757e-05
4.419627410000000201e-02 4.022133255889105615e-05
4.429829870000000225e-02 4.024194113713278818e-05
4.439939930000000312e-02 4.026231190976546685e-05
4.450182619999999700e-02 4.028250033246786466e-05
4.460622000000000198e-02 4.030303484503889265e-05
4.470919069999999829e-02 4.032341973601406631e-05
4.481181869999999873e-02 4.034373429241063137e-05
4.491458830000000235e-02 4.036404726528095824e-05
4.501837859999999886e-02 4.038464257274942959e-05
4.512109229999999860e-02 4.040550787639361351e-05
4.522159700000000226e-02 4.042596215433510683e-05
4.532321539999999843e-02 4.044648239561917638e-05
4.542587320000000123e-02 4.046721818468902249e-05
4.552967470000000155e-02 4.048800213721021805e-05
4.563381150000000303e-02 4.050877945999850459e-05
4.573785889999999743e-02 4.052935176353401604e-05
4.584094880000000316e-02 4.054963650295810877e-05
4.594227669999999958e-02 4.056967906795112578e-05
4.604342580000000268e-02 4.058971360434006186e-05
4.614466799999999980e-02 4.060975127367096287e-05
