-4.535981e-02 2.194495e-04
-4.529659e-02 2.023862e-04
-4.521957e-02 2.042845e-04
-4.513844e-02 2.026403e-04
-4.505572e-02 2.032922e-04
-4.497119e-02 2.028786e-04
-4.488583e-02 2.032045e-04
-4.479552e-02 1.951146e-04
-4.469980e-02 1.954522e-04
-4.460532e-02 1.984498e-04
-4.451177e-02 1.987031e-04
-4.441870e-02 2.001836e-04
-4.432739e-02 1.999403e-04
-4.423528e-02 1.979546e-04
-4.413982e-02 1.992446e-04
-4.404097e-02 1.979245e-04
-4.394301e-02 1.969133e-04
-4.384828e-02 1.987541e-04
-4.375475e-02 1.986962e-04
-4.366496e-02 2.047961e-04
-4.357505e-02 2.067973e-04
-4.347536e-02 1.960588e-04
-4.337213e-02 1.945902e-04
-4.327133e-02 1.952875e-04
-4.317470e-02 1.930333e-04
-4.308166e-02 1.920025e-04
-4.298371e-02 1.945744e-04
-4.288421e-02 1.991087e-04
-4.278656e-02 1.993546e-04
-4.269174e-02 2.047166e-04
-4.260255e-02 2.035461e-04
-4.251816e-02 2.082629e-04
-4.244281e-02 2.045514e-04
-4.233631e-02 1.429978e-04
-4.218473e-02 1.478927e-04
-4.205535e-02 1.978405e-04
-4.195491e-02 1.984160e-04
-4.185326e-02 1.979839e-04
-4.175154e-02 1.975971e-04
-4.165111e-02 1.986739e-04
-4.155266e-02 1.981443e-04
-4.145467e-02 1.981913e-04
-4.135619e-02 1.985002e-04
-4.125727e-02 1.978705e-04
-4.115873e-02 1.974157e-04
-4.106283e-02 2.005741e-04
-4.096611e-02 2.019363e-04
-4.086489e-02 1.982243e-04
-4.076355e-02 1.972297e-04
-4.066480e-02 1.987648e-04
-4.056720e-02 1.986320e-04
-4.046734e-02 1.952536e-04
-4.036590e-02 1.949845e-04
-4.026572e-02 1.955911e-04
-4.016622e-02 1.954041e-04
-4.006835e-02 1.976131e-04
-3.997101e-02 1.978168e-04
-3.987418e-02 1.992117e-04
-3.977925e-02 1.988475e-04
-3.968154e-02 1.939414e-04
-3.957902e-02 1.950534e-04
-3.947629e-02 1.970357e-04
-3.937688e-02 1.957550e-04
-3.928994e-02 2.130392e-04
-3.923526e-02 1.996518e-04
-3.919039e-02 1.787141e-04
-3.910043e-02 1.984616e-04
-3.896138e-02 1.716861e-04
-3.881511e-02 1.663475e-04
-3.869537e-02 1.963173e-04
-3.859475e-02 1.956822e-04
-3.849976e-02 2.025862e-04
-3.840407e-02 2.054950e-04
-3.829907e-02 1.980233e-04
-3.819263e-02 1.959247e-04
-3.808965e-02 1.958752e-04
-3.799117e-02 1.934238e-04
-3.789562e-02 1.922293e-04
-3.779521e-02 1.947208e-04
-3.769336e-02 1.985109e-04
-3.759394e-02 1.984154e-04
-3.749377e-02 1.968962e-04
-3.739337e-02 1.962226e-04
-3.729465e-02 1.971800e-04
-3.719670e-02 1.973412e-04
-3.709779e-02 1.962183e-04
-3.699755e-02 1.966166e-04
-3.689597e-02 1.962493e-04
-3.679321e-02 1.968335e-04
-3.669081e-02 1.983042e-04
-3.658952e-02 1.981640e-04
-3.648892e-02 1.989332e-04
-3.638784e-02 1.992308e-04
-3.628721e-02 2.008096e-04
-3.618678e-02 2.015283e-04
-3.608469e-02 2.007540e-04
-3.598280e-02 2.003557e-04
-3.588172e-02 2.013707e-04
-3.578033e-02 2.019232e-04
-3.567762e-02 2.004719e-04
-3.559940e-02 1.852168e-04
-3.554084e-02 1.756504e-04
-3.544877e-02 1.920635e-04
-3.531783e-02 1.729237e-04
-3.517512e-02 1.733185e-04
-3.504984e-02 2.041116e-04
-3.494342e-02 2.039309e-04
-3.483901e-02 2.060043e-04
-3.473535e-02 2.062972e-04
-3.463108e-02 2.060860e-04
-3.452631e-02 2.060265e-04
-3.441997e-02 2.032476e-04
-3.431106e-02 2.040622e-04
-3.420342e-02 2.084362e-04
-3.409826e-02 2.085287e-04
-3.399364e-02 2.104640e-04
-3.388930e-02 2.109914e-04
-3.378350e-02 2.092165e-04
-3.367580e-02 2.097153e-04
-3.356653e-02 2.084752e-04
-3.345694e-02 2.079355e-04
-3.335090e-02 2.123549e-04
-3.324559e-02 2.137867e-04
-3.313795e-02 2.146785e-04
-3.302905e-02 2.157563e-04
-3.291912e-02 2.162077e-04
-3.280802e-02 2.170685e-04
-3.269547e-02 2.170240e-04
-3.258465e-02 2.156692e-04
-3.247616e-02 2.157997e-04
-3.236392e-02 2.183915e-04
-3.224907e-02 2.212612e-04
-3.213409e-02 2.223796e-04
-3.201785e-02 2.242313e-04
-3.190092e-02 2.253234e-04
-3.180001e-02 2.542550e-04
-3.173202e-02 2.448713e-04
-3.164465e-02 1.864286e-04
-3.150963e-02 1.937333e-04
-3.137012e-02 2.066296e-04
-3.122743e-02 2.134320e-04
-3.108627e-02 2.357087e-04
-3.095537e-02 2.376192e-04
-3.082483e-02 2.426126e-04
-3.069617e-02 2.432871e-04
-3.056833e-02 2.465483e-04
-3.043838e-02 2.486423e-04
-3.030784e-02 2.534612e-04
-3.017864e-02 2.547324e-04
-3.004530e-02 2.514004e-04
-2.990672e-02 2.533451e-04
-2.976835e-02 2.600818e-04
-2.963093e-02 2.619610e-04
-2.949330e-02 2.658422e-04
-2.935162e-02 2.696774e-04
-2.920602e-02 2.737872e-04
-2.905752e-02 2.766169e-04
-2.890704e-02 2.811841e-04
-2.875649e-02 2.832435e-04
-2.860454e-02 2.877002e-04
-2.844747e-02 2.923971e-04
-2.828947e-02 3.027909e-04
-2.812439e-02 3.107843e-04
-2.795202e-02 3.207964e-04
-2.776839e-02 3.306928e-04
-2.758003e-02 3.502905e-04
-2.739023e-02 3.586519e-04
-2.719429e-02 3.716120e-04
-2.701181e-02 3.682286e-04
-2.685652e-02 4.056174e-04
-2.670668e-02 4.157900e-04
-2.649376e-02 3.373232e-04
-2.623503e-02 3.366193e-04
-2.599699e-02 3.692326e-04
-2.578928e-02 3.622389e-04
-2.558786e-02 3.534176e-04
-2.538207e-02 3.533335e-04
-2.517807e-02 3.573862e-04
-2.497321e-02 3.593976e-04
-2.476918e-02 3.649568e-04
-2.457129e-02 3.632638e-04
-2.437216e-02 3.564799e-04
-2.416637e-02 3.575280e-04
-2.396203e-02 3.629279e-04
-2.376260e-02 3.624108e-04
-2.355977e-02 3.553404e-04
-2.335567e-02 3.535520e-04
-2.315632e-02 3.578113e-04
-2.296114e-02 3.568657e-04
-2.276370e-02 3.490549e-04
-2.256091e-02 3.494553e-04
-2.236073e-02 3.549215e-04
-2.215809e-02 3.578583e-04
-2.195361e-02 3.630121e-04
-2.174430e-02 3.682381e-04
-2.153060e-02 3.754434e-04
-2.123480e-02 4.272267e-04
-2.093654e-02 5.688792e-04
-2.075120e-02 5.522026e-04
-2.047331e-02 3.493127e-04
-2.019866e-02 2.743185e-04
-2.004519e-02 2.683699e-04
-1.989214e-02 2.656062e-04
-1.974354e-02 2.654355e-04
-1.962496e-02 2.477495e-04
-1.953086e-02 2.403187e-04
-1.939593e-02 2.621489e-04
-1.921292e-02 2.416267e-04
-1.902195e-02 2.390178e-04
-1.884963e-02 2.629018e-04
-1.869949e-02 2.578038e-04
-1.855391e-02 2.513393e-04
-1.841203e-02 2.471315e-04
-1.827498e-02 2.434875e-04
-1.813877e-02 2.416707e-04
-1.800203e-02 2.366264e-04
-1.786862e-02 2.328267e-04
-1.773937e-02 2.282711e-04
-1.761229e-02 2.253197e-04
-1.748938e-02 2.240718e-04
-1.736581e-02 2.237100e-04
-1.724005e-02 2.191283e-04
-1.711483e-02 2.174525e-04
-1.699124e-02 2.163122e-04
-1.687026e-02 2.143479e-04
-1.675298e-02 2.142026e-04
-1.663909e-02 2.121092e-04
-1.652549e-02 2.067805e-04
-1.640892e-02 2.063601e-04
-1.629097e-02 2.029649e-04
-1.617473e-02 2.009910e-04
-1.606314e-02 2.032329e-04
-1.595598e-02 2.013889e-04
-1.584759e-02 1.949678e-04
-1.573653e-02 1.942694e-04
-1.562719e-02 1.944224e-04
-1.551752e-02 1.946708e-04
-1.540794e-02 1.955001e-04
-1.530007e-02 1.944955e-04
-1.519389e-02 1.945510e-04
-1.510285e-02 1.857580e-04
-1.503057e-02 1.932905e-04
-1.493589e-02 2.094472e-04
-1.479919e-02 1.834841e-04
-1.465995e-02 1.756657e-04
-1.454075e-02 1.874159e-04
-1.443152e-02 1.853878e-04
-1.432715e-02 1.879004e-04
-1.422377e-02 1.884557e-04
-1.411978e-02 1.889680e-04
-1.401593e-02 1.890702e-04
-1.391123e-02 1.886612e-04
-1.380736e-02 1.880353e-04
-1.370389e-02 1.862391e-04
-1.359928e-02 1.862809e-04
-1.349609e-02 1.887631e-04
-1.339326e-02 1.891707e-04
-1.329095e-02 1.911857e-04
-1.318814e-02 1.924645e-04
-1.308206e-02 1.912846e-04
-1.297526e-02 1.913052e-04
-1.286995e-02 1.931111e-04
-1.276684e-02 1.924401e-04
-1.266369e-02 1.904966e-04
-1.255949e-02 1.901546e-04
-1.245533e-02 1.892975e-04
-1.235021e-02 1.898209e-04
-1.224372e-02 1.890062e-04
-1.213730e-02 1.886711e-04
-1.203242e-02 1.910133e-04
-1.192739e-02 1.919678e-04
-1.182258e-02 1.942562e-04
-1.171711e-02 1.954763e-04
-1.160876e-02 1.940618e-04
-1.149964e-02 1.937458e-04
-1.139178e-02 1.950057e-04
-1.130006e-02 1.860460e-04
-1.123555e-02 2.072244e-04
-1.115598e-02 2.238812e-04
-1.103478e-02 1.999507e-04
-1.090383e-02 1.971925e-04
-1.077827e-02 1.985315e-04
-1.065881e-02 1.953513e-04
-1.054581e-02 1.973180e-04
-1.043445e-02 1.967653e-04
-1.032276e-02 1.947325e-04
-1.021240e-02 1.934585e-04
-1.010226e-02 1.909765e-04
-9.991683e-03 1.903568e-04
-9.882528e-03 1.902464e-04
-9.774448e-03 1.895607e-04
-9.667257e-03 1.891401e-04
-9.562016e-03 1.875535e-04
-9.457638e-03 1.846362e-04
-9.355000e-03 1.827915e-04
-9.252504e-03 1.779129e-04
-9.153444e-03 1.740930e-04
-9.056258e-03 1.672226e-04
-8.958693e-03 1.649848e-04
-8.864472e-03 1.636826e-04
-8.772768e-03 1.617008e-04
-8.682362e-03 1.583622e-04
-8.591860e-03 1.569958e-04
-8.503131e-03 1.561997e-04
-8.416938e-03 1.546018e-04
-8.331822e-03 1.525223e-04
-8.248114e-03 1.509357e-04
-8.166300e-03 1.490930e-04
-8.085538e-03 1.477976e-04
-8.005737e-03 1.458056e-04
-7.927128e-03 1.441733e-04
-7.848360e-03 1.394174e-04
-7.788885e-03 1.263381e-04
-7.750981e-03 1.258989e-04
-7.696861e-03 1.354537e-04
-7.612892e-03 1.127518e-04
-7.512467e-03 1.144753e-04
-7.420516e-03 1.328950e-04
-7.344118e-03 1.301758e-04
-7.271744e-03 1.293446e-04
-7.201405e-03 1.276456e-04
-7.132655e-03 1.256058e-04
-7.065800e-03 1.239064e-04
-6.999870e-03 1.211795e-04
-6.931986e-03 1.213753e-04
-6.864273e-03 1.217319e-04
-6.797987e-03 1.210029e-04
-6.732991e-03 1.211327e-04
-6.670159e-03 1.197142e-04
-6.608033e-03 1.169683e-04
-6.544532e-03 1.169627e-04
-6.480400e-03 1.158995e-04
-6.418077e-03 1.144323e-04
-6.356312e-03 1.117036e-04
-6.294718e-03 1.106223e-04
-6.235898e-03 1.118120e-04
-6.177678e-03 1.118797e-04
-6.118321e-03 1.101687e-04
-6.058686e-03 1.095671e-04
-5.999872e-03 1.092809e-04
-5.941907e-03 1.088159e-04
-5.883994e-03 1.080131e-04
-5.828185e-03 1.064618e-04
-5.773386e-03 1.034177e-04
-5.717334e-03 1.030745e-04
-5.661581e-03 1.026191e-04
-5.605784e-03 1.023389e-04
-5.550589e-03 1.025810e-04
-5.496754e-03 1.019916e-04
-5.449769e-03 1.117296e-04
-5.415824e-03 1.074328e-04
-5.380142e-03 9.299799e-05
-5.323288e-03 1.004963e-04
-5.251868e-03 9.665387e-05
-5.185940e-03 9.196901e-05
-5.130464e-03 9.641019e-05
-5.078120e-03 9.599255e-05
-5.026090e-03 9.537389e-05
-4.974973e-03 9.473236e-05
-4.924884e-03 9.501581e-05
-4.875261e-03 9.484167e-05
-4.825294e-03 9.341940e-05
-4.776197e-03 9.238421e-05
-4.728050e-03 9.109371e-05
-4.679340e-03 9.084067e-05
-4.631150e-03 9.101271e-05
-4.583792e-03 9.069785e-05
-4.537467e-03 9.153952e-05
-4.490987e-03 9.193639e-05
-4.442429e-03 8.991895e-05
-4.394423e-03 8.886226e-05
-4.347946e-03 8.812982e-05
-4.302070e-03 8.750479e-05
-4.256836e-03 8.684016e-05
-4.211839e-03 8.634015e-05
-4.166693e-03 8.471619e-05
-4.120965e-03 8.459595e-05
-4.075562e-03 8.512124e-05
-4.030909e-03 8.486395e-05
-3.987075e-03 8.518755e-05
-3.944030e-03 8.482900e-05
-3.901269e-03 8.430582e-05
-3.858041e-03 8.439791e-05
-3.813830e-03 8.301246e-05
-3.770117e-03 8.210164e-05
-3.735830e-03 9.523752e-05
-3.711188e-03 9.431173e-05
-3.677476e-03 7.697300e-05
-3.626845e-03 8.087162e-05
-3.570144e-03 8.125915e-05
-3.519957e-03 7.748182e-05
-3.476690e-03 7.854367e-05
-3.434311e-03 7.828268e-05
-3.392986e-03 7.932050e-05
-3.353526e-03 7.868314e-05
-3.313811e-03 7.649518e-05
-3.273204e-03 7.624010e-05
-3.232705e-03 7.599511e-05
-3.192449e-03 7.576386e-05
-3.152625e-03 7.555071e-05
-3.113230e-03 7.521658e-05
-3.074741e-03 7.580176e-05
-3.036479e-03 7.577219e-05
-2.997661e-03 7.476881e-05
-2.959133e-03 7.433580e-05
-2.920581e-03 7.336856e-05
-2.882448e-03 7.276944e-05
-2.845186e-03 7.227532e-05
-2.807678e-03 7.224463e-05
-2.770153e-03 7.213030e-05
-2.732701e-03 7.194623e-05
-2.695379e-03 7.165752e-05
-2.658407e-03 7.144067e-05
-2.621642e-03 7.118259e-05
-2.585284e-03 7.084549e-05
-2.549089e-03 7.044474e-05
-2.513074e-03 7.019223e-05
-2.477408e-03 6.980275e-05
-2.447994e-03 6.590334e-05
-2.423100e-03 6.261896e-05
-2.387216e-03 6.794272e-05
-2.342525e-03 6.806129e-05
-2.301338e-03 6.609223e-05
-2.264593e-03 6.826402e-05
-2.229574e-03 6.801418e-05
-2.194766e-03 6.741157e-05
-2.159940e-03 6.720578e-05
-2.125312e-03 6.696551e-05
-2.090981e-03 6.660932e-05
-2.057026e-03 6.625114e-05
-2.023400e-03 6.601553e-05
-1.990011e-03 6.575743e-05
-1.957001e-03 6.543771e-05
-1.923977e-03 6.477316e-05
-1.890501e-03 6.480645e-05
-1.857046e-03 6.468825e-05
-1.823968e-03 6.441899e-05
-1.791437e-03 6.458370e-05
-1.759129e-03 6.442142e-05
-1.726682e-03 6.374325e-05
-1.694312e-03 6.354030e-05
-1.661907e-03 6.315661e-05
-1.629650e-03 6.293031e-05
-1.597780e-03 6.270747e-05
-1.566202e-03 6.245216e-05
-1.535076e-03 6.249866e-05
-1.503871e-03 6.247777e-05
-1.472286e-03 6.178972e-05
-1.440860e-03 6.153186e-05
-1.409689e-03 6.124296e-05
-1.378676e-03 6.104487e-05
-1.347651e-03 6.070419e-05
-1.316844e-03 6.045069e-05
-1.286484e-03 6.026079e-05
-1.256311e-03 6.007942e-05
-1.231610e-03 6.871183e-05
-1.208299e-03 7.089334e-05
-1.176665e-03 6.306885e-05
-1.145164e-03 6.026576e-05
-1.115326e-03 5.546037e-05
-1.082064e-03 5.578480e-05
-1.050162e-03 5.873590e-05
-1.020365e-03 5.853221e-05
-9.907488e-04 5.826675e-05
-9.612111e-04 5.804453e-05
-9.318197e-04 5.767394e-05
-9.027079e-04 5.745153e-05
-8.738711e-04 5.729167e-05
-8.452083e-04 5.712972e-05
-8.165560e-04 5.691223e-05
-7.879454e-04 5.680868e-05
-7.594219e-04 5.645020e-05
-7.310307e-04 5.624163e-05
-7.028367e-04 5.599167e-05
-6.746229e-04 5.583742e-05
-6.465124e-04 5.558285e-05
-6.186886e-04 5.539519e-05
-5.910828e-04 5.523726e-05
-5.635676e-04 5.512605e-05
-5.359119e-04 5.479061e-05
-5.083701e-04 5.460126e-05
-4.810857e-04 5.429704e-05
-4.539696e-04 5.408637e-05
-4.270067e-04 5.375697e-05
-4.001064e-04 5.352797e-05
-3.733523e-04 5.313727e-05
-3.468442e-04 5.292180e-05
-3.202920e-04 5.244830e-05
-2.939371e-04 5.215891e-05
-2.688039e-04 5.319558e-05
-2.445665e-04 5.303026e-05
-2.196376e-04 5.141616e-05
-1.937978e-04 5.131275e-05
-1.674568e-04 5.019499e-05
-1.417865e-04 4.945964e-05
-1.169631e-04 4.882790e-05
-9.292411e-05 4.813008e-05
-6.915780e-05 4.682383e-05
-4.587183e-05 4.606853e-05
-2.313005e-05 4.467981e-05
1.199367e-07 4.449231e-05
2.264358e-05 4.516548e-05
4.580771e-05 4.573654e-05
6.902753e-05 4.721091e-05
9.248289e-05 4.794565e-05
1.166959e-04 4.890917e-05
1.411782e-04 4.941886e-05
1.659853e-04 5.010876e-05
1.910268e-04 5.049805e-05
2.164001e-04 5.102519e-05
2.420311e-04 5.129960e-05
2.677920e-04 5.184286e-05
2.936121e-04 5.214388e-05
3.198209e-04 5.253092e-05
3.462142e-04 5.278158e-05
3.726424e-04 5.322148e-05
3.992840e-04 5.350822e-05
4.268852e-04 5.270205e-05
4.556920e-04 5.306207e-05
4.842760e-04 5.443591e-05
5.109373e-04 5.385062e-05
5.360996e-04 5.471742e-05
5.618467e-04 5.538057e-05
5.889663e-04 5.514760e-05
6.163830e-04 5.524134e-05
6.436884e-04 5.547970e-05
6.713789e-04 5.572102e-05
6.993015e-04 5.600263e-05
7.272079e-04 5.617016e-05
7.552674e-04 5.638012e-05
7.834290e-04 5.651706e-05
8.117961e-04 5.676964e-05
8.402072e-04 5.688733e-05
8.685660e-04 5.708693e-05
8.970885e-04 5.725716e-05
9.257978e-04 5.741800e-05
9.548296e-04 5.759096e-05
9.838697e-04 5.805662e-05
1.012722e-03 5.819008e-05
1.041724e-03 5.853059e-05
1.070840e-03 5.872091e-05
1.100098e-03 5.879067e-05
1.129507e-03 5.890648e-05
1.159004e-03 5.908089e-05
1.188765e-03 5.922104e-05
1.218519e-03 5.961873e-05
1.248216e-03 5.980781e-05
1.278002e-03 6.018342e-05
1.307873e-03 6.036972e-05
1.338313e-03 6.016616e-05
1.368944e-03 6.020737e-05
1.399135e-03 6.082750e-05
1.429565e-03 6.111091e-05
1.460146e-03 6.164398e-05
1.491394e-03 6.231894e-05
1.527292e-03 5.646894e-05
1.562448e-03 5.391297e-05
1.590771e-03 5.839854e-05
1.618624e-03 5.973591e-05
1.647338e-03 6.179979e-05
1.676772e-03 6.297533e-05
1.707967e-03 6.329703e-05
1.739329e-03 6.342628e-05
1.770762e-03 6.366490e-05
1.802404e-03 6.396311e-05
1.834586e-03 6.413533e-05
1.867068e-03 6.437761e-05
1.899482e-03 6.492023e-05
1.931682e-03 6.498720e-05
1.963898e-03 6.514804e-05
1.996591e-03 6.540323e-05
2.029592e-03 6.559661e-05
2.062715e-03 6.582808e-05
2.096013e-03 6.617866e-05
2.129672e-03 6.652136e-05
2.163627e-03 6.723317e-05
2.197030e-03 6.715867e-05
2.230128e-03 6.720712e-05
2.263845e-03 6.750475e-05
2.298002e-03 6.759782e-05
2.332338e-03 6.783068e-05
2.366801e-03 6.826795e-05
2.401315e-03 6.845702e-05
2.435960e-03 6.902355e-05
2.470497e-03 6.916279e-05
2.505024e-03 6.930426e-05
2.540127e-03 6.970192e-05
2.575719e-03 6.999067e-05
2.611575e-03 7.015654e-05
2.647404e-03 7.066225e-05
2.683281e-03 7.096880e-05
2.724973e-03 6.238004e-05
2.772524e-03 6.281178e-05
2.813180e-03 7.525320e-05
2.842687e-03 7.302770e-05
2.869766e-03 7.089986e-05
2.902054e-03 7.316632e-05
2.937878e-03 7.355072e-05
2.974084e-03 7.401784e-05
3.011096e-03 7.425357e-05
3.048235e-03 7.441454e-05
3.085534e-03 7.431377e-05
3.123512e-03 7.468562e-05
3.161847e-03 7.512165e-05
3.200555e-03 7.539864e-05
3.239173e-03 7.631665e-05
3.277659e-03 7.667047e-05
3.316289e-03 7.741206e-05
3.354938e-03 7.769150e-05
3.394364e-03 7.746790e-05
3.434832e-03 7.801435e-05
3.475362e-03 7.913252e-05
3.515408e-03 7.924344e-05
3.555430e-03 7.959034e-05
3.595849e-03 7.984427e-05
3.636257e-03 8.056565e-05
3.676673e-03 8.093824e-05
3.717865e-03 8.098621e-05
3.759842e-03 8.147662e-05
3.801719e-03 8.269946e-05
3.843192e-03 8.289759e-05
3.884804e-03 8.321734e-05
3.926748e-03 8.341785e-05
3.968968e-03 8.351469e-05
4.011649e-03 8.393941e-05
4.055049e-03 8.423984e-05
4.099178e-03 8.478806e-05
4.143225e-03 8.612522e-05
4.192107e-03 8.951371e-05
4.251850e-03 8.078727e-05
4.311509e-03 7.747757e-05
4.353754e-03 9.730273e-05
4.383467e-03 9.704692e-05
4.417871e-03 8.855027e-05
4.459794e-03 8.998847e-05
4.504193e-03 9.020414e-05
4.548900e-03 9.046662e-05
4.593806e-03 9.052476e-05
4.639708e-03 9.101927e-05
4.686328e-03 9.119621e-05
4.733259e-03 9.157018e-05
4.780427e-03 9.221546e-05
4.827844e-03 9.259848e-05
4.875489e-03 9.363666e-05
4.922965e-03 9.391162e-05
4.970788e-03 9.374109e-05
5.019382e-03 9.414363e-05
5.068447e-03 9.447695e-05
5.118618e-03 9.512991e-05
5.168981e-03 9.662761e-05
5.218608e-03 9.685491e-05
5.268544e-03 9.733776e-05
5.319049e-03 9.785629e-05
5.369639e-03 9.878649e-05
5.420646e-03 9.937321e-05
5.472412e-03 9.973754e-05
5.524919e-03 1.001755e-04
5.577431e-03 1.013876e-04
5.629576e-03 1.017401e-04
5.681906e-03 1.024085e-04
5.734796e-03 1.029847e-04
5.788592e-03 1.034645e-04
5.843523e-03 1.043227e-04
5.898909e-03 1.055514e-04
5.954379e-03 1.058978e-04
6.012806e-03 1.019568e-04
6.084065e-03 1.083645e-04
6.157733e-03 1.221217e-04
6.211779e-03 1.153317e-04
6.253642e-03 1.172070e-04
6.297696e-03 1.191795e-04
6.349069e-03 1.120286e-04
6.405707e-03 1.126195e-04
6.462886e-03 1.133559e-04
6.521191e-03 1.141395e-04
6.580357e-03 1.148783e-04
6.640847e-03 1.160913e-04
6.703435e-03 1.164028e-04
6.766429e-03 1.167650e-04
6.829005e-03 1.180188e-04
6.891352e-03 1.183321e-04
6.953131e-03 1.201479e-04
7.016155e-03 1.213806e-04
7.080652e-03 1.223546e-04
7.146596e-03 1.237365e-04
7.213518e-03 1.264174e-04
7.279954e-03 1.270992e-04
7.346737e-03 1.279325e-04
7.413523e-03 1.282353e-04
7.480540e-03 1.286927e-04
7.549380e-03 1.297726e-04
7.619427e-03 1.307727e-04
7.690342e-03 1.318279e-04
7.761341e-03 1.346132e-04
7.832780e-03 1.358825e-04
7.904771e-03 1.390076e-04
7.976311e-03 1.398694e-04
8.049559e-03 1.388849e-04
8.124888e-03 1.397821e-04
8.203303e-03 1.371214e-04
8.304997e-03 1.499190e-04
8.420905e-03 1.618309e-04
8.498413e-03 1.433059e-04
8.543940e-03 1.456493e-04
8.603397e-03 1.548356e-04
8.678156e-03 1.543066e-04
8.757152e-03 1.566632e-04
8.839430e-03 1.577252e-04
8.924168e-03 1.593617e-04
9.010344e-03 1.615167e-04
9.096084e-03 1.622459e-04
9.182878e-03 1.631257e-04
9.271067e-03 1.642887e-04
9.359347e-03 1.667382e-04
9.450694e-03 1.694640e-04
9.544061e-03 1.736595e-04
9.639427e-03 1.761215e-04
9.736370e-03 1.803389e-04
9.833924e-03 1.824604e-04
9.932948e-03 1.858969e-04
1.003463e-02 1.887281e-04
1.013943e-02 1.920990e-04
1.024871e-02 1.960149e-04
1.036076e-02 2.015089e-04
1.047384e-02 2.038123e-04
1.058765e-02 2.090089e-04
1.070138e-02 2.111082e-04
1.081722e-02 2.134312e-04
1.093426e-02 2.149890e-04
1.105440e-02 2.149458e-04
1.117521e-02 2.153486e-04
1.129563e-02 2.162905e-04
1.141447e-02 2.156849e-04
1.153322e-02 2.141462e-04
1.165196e-02 2.132784e-04
1.177001e-02 2.120404e-04
1.189985e-02 2.189346e-04
1.205165e-02 2.022489e-04
1.218918e-02 1.876964e-04
1.228657e-02 2.133913e-04
1.237687e-02 2.183753e-04
1.248226e-02 2.070327e-04
1.259309e-02 2.059442e-04
1.270449e-02 2.020329e-04
1.281633e-02 2.011626e-04
1.292710e-02 2.005231e-04
1.303864e-02 2.007545e-04
1.315014e-02 2.022066e-04
1.325968e-02 2.015633e-04
1.336794e-02 2.011272e-04
1.347693e-02 2.011296e-04
1.358689e-02 1.995627e-04
1.369620e-02 1.988829e-04
1.380536e-02 1.972686e-04
1.391422e-02 1.965110e-04
1.402294e-02 1.953570e-04
1.413117e-02 1.946532e-04
1.423693e-02 1.960524e-04
1.434228e-02 1.963105e-04
1.444808e-02 1.962756e-04
1.455577e-02 1.971231e-04
1.466403e-02 1.985636e-04
1.476943e-02 1.976349e-04
1.487532e-02 1.949600e-04
1.498110e-02 1.939305e-04
1.508464e-02 1.940312e-04
1.519026e-02 1.953163e-04
1.529799e-02 1.953706e-04
1.540576e-02 1.951449e-04
1.551222e-02 1.967479e-04
1.561724e-02 1.967291e-04
1.572259e-02 1.968703e-04
1.582900e-02 1.975710e-04
1.594891e-02 1.762229e-04
1.609152e-02 1.821892e-04
1.622001e-02 2.223389e-04
1.630562e-02 2.107539e-04
1.638059e-02 1.962973e-04
1.647189e-02 2.011653e-04
1.657294e-02 1.984454e-04
1.667657e-02 1.990015e-04
1.678278e-02 1.969790e-04
1.689202e-02 1.980799e-04
1.700093e-02 2.009248e-04
1.710876e-02 2.013001e-04
1.721614e-02 2.031024e-04
1.732484e-02 2.042649e-04
1.743598e-02 2.034624e-04
1.754888e-02 2.045009e-04
1.766368e-02 2.049739e-04
1.777951e-02 2.057750e-04
1.789385e-02 2.096837e-04
1.800900e-02 2.115799e-04
1.812491e-02 2.155721e-04
1.824562e-02 2.195772e-04
1.836963e-02 2.252071e-04
1.849370e-02 2.275629e-04
1.862049e-02 2.304230e-04
1.874877e-02 2.323641e-04
1.887804e-02 2.352032e-04
1.900730e-02 2.362154e-04
1.913927e-02 2.345004e-04
1.927577e-02 2.362731e-04
1.941220e-02 2.413828e-04
1.955196e-02 2.455382e-04
1.969551e-02 2.507468e-04
1.984336e-02 2.551922e-04
1.999239e-02 2.665262e-04
2.016163e-02 2.827918e-04
2.036537e-02 2.693213e-04
2.056397e-02 2.613842e-04
2.071320e-02 3.217987e-04
2.083426e-02 3.261876e-04
2.098504e-02 2.888246e-04
2.115372e-02 2.865237e-04
2.131659e-02 2.908685e-04
2.159655e-02 3.628626e-04
2.187857e-02 5.582608e-04
2.211211e-02 5.994508e-04
2.247827e-02 4.923673e-04
2.281555e-02 4.358398e-04
2.307236e-02 4.134593e-04
2.331538e-02 3.977078e-04
2.354392e-02 3.794599e-04
2.376840e-02 3.704710e-04
2.398044e-02 3.647425e-04
2.419521e-02 3.643260e-04
2.440794e-02 3.665663e-04
2.462849e-02 3.715299e-04
2.484804e-02 3.870520e-04
2.506879e-02 3.938579e-04
2.529656e-02 4.010563e-04
2.552230e-02 4.024368e-04
2.575490e-02 3.963069e-04
2.598500e-02 3.926225e-04
2.621112e-02 3.874231e-04
2.643025e-02 3.808099e-04
2.664587e-02 3.684407e-04
2.686427e-02 3.661523e-04
2.707501e-02 3.725263e-04
2.728708e-02 3.756272e-04
2.750348e-02 3.784462e-04
2.773796e-02 3.903763e-04
2.799425e-02 3.856072e-04
2.825881e-02 3.888659e-04
2.854336e-02 3.645275e-04
2.878991e-02 3.324375e-04
2.896649e-02 3.600801e-04
2.911277e-02 3.523378e-04
2.927052e-02 3.129650e-04
2.944219e-02 3.070957e-04
2.960721e-02 3.006366e-04
2.976923e-02 2.965065e-04
2.992765e-02 2.910552e-04
3.008482e-02 2.879481e-04
3.024013e-02 2.825035e-04
3.039214e-02 2.789521e-04
3.054349e-02 2.701992e-04
3.069375e-02 2.663830e-04
3.084032e-02 2.628969e-04
3.098374e-02 2.597647e-04
3.112210e-02 2.584876e-04
3.125945e-02 2.570654e-04
3.139634e-02 2.539271e-04
3.153306e-02 2.530416e-04
3.167093e-02 2.486902e-04
3.180520e-02 2.449650e-04
3.193499e-02 2.429763e-04
3.206454e-02 2.421235e-04
3.219329e-02 2.401506e-04
3.232161e-02 2.391781e-04
3.245141e-02 2.339942e-04
3.258323e-02 2.330092e-04
3.271048e-02 2.379034e-04
3.283114e-02 2.360272e-04
3.295216e-02 2.310768e-04
3.307201e-02 2.285842e-04
3.319020e-02 2.235243e-04
3.330953e-02 2.223858e-04
3.342902e-02 2.189712e-04
3.354675e-02 2.163928e-04
3.366082e-02 2.153767e-04
3.377463e-02 2.151494e-04
3.388687e-02 2.179523e-04
3.399780e-02 2.181829e-04
3.411044e-02 2.151520e-04
3.422413e-02 2.146978e-04
3.433695e-02 2.148955e-04
3.444820e-02 2.137232e-04
3.455861e-02 2.118755e-04
3.466849e-02 2.111866e-04
3.478044e-02 2.058644e-04
3.492257e-02 2.220302e-04
3.509133e-02 2.233922e-04
3.521919e-02 1.993616e-04
3.528789e-02 2.304342e-04
3.534998e-02 2.376465e-04
3.544019e-02 2.107114e-04
3.554498e-02 2.094919e-04
3.565073e-02 2.045145e-04
3.575805e-02 2.039431e-04
3.586422e-02 2.050273e-04
3.597158e-02 2.061351e-04
3.607955e-02 2.074083e-04
3.618710e-02 2.076190e-04
3.629312e-02 2.107758e-04
3.639746e-02 2.106175e-04
3.650261e-02 2.088382e-04
3.660751e-02 2.083384e-04
3.671506e-02 2.033195e-04
3.682376e-02 2.022084e-04
3.693012e-02 2.022530e-04
3.703413e-02 2.008577e-04
3.713586e-02 2.007918e-04
3.723823e-02 2.008771e-04
3.733974e-02 2.025329e-04
3.744189e-02 2.037814e-04
3.754728e-02 2.018571e-04
3.765217e-02 2.008644e-04
3.775533e-02 2.017569e-04
3.785686e-02 2.011053e-04
3.795804e-02 1.991054e-04
3.805962e-02 1.983507e-04
3.816145e-02 1.958503e-04
3.826632e-02 1.970341e-04
3.837161e-02 1.996095e-04
3.848508e-02 2.054437e-04
3.863343e-02 1.642189e-04
3.878466e-02 1.511362e-04
3.888445e-02 1.998767e-04
3.894786e-02 1.955506e-04
3.900882e-02 1.876342e-04
3.909109e-02 1.973280e-04
3.918882e-02 1.984220e-04
3.928701e-02 1.993604e-04
3.938705e-02 1.996287e-04
3.948740e-02 1.999064e-04
3.958847e-02 1.987165e-04
3.969069e-02 1.989802e-04
3.979237e-02 2.006120e-04
3.989324e-02 2.004355e-04
3.999497e-02 1.985060e-04
4.009839e-02 1.990899e-04
4.020148e-02 2.012550e-04
4.030032e-02 1.994915e-04
4.039908e-02 1.954653e-04
4.050155e-02 1.962423e-04
4.060419e-02 1.973895e-04
4.070773e-02 1.980758e-04
4.081028e-02 2.016231e-04
4.091112e-02 2.021340e-04
4.101252e-02 2.025905e-04
4.111311e-02 2.022638e-04
4.121445e-02 2.008452e-04
4.131720e-02 2.011691e-04
4.142495e-02 1.929252e-04
4.153305e-02 1.901604e-04
4.163259e-02 1.967745e-04
4.173045e-02 1.978828e-04
4.182947e-02 1.990474e-04
4.192943e-02 2.003069e-04
4.203260e-02 1.992219e-04
4.213754e-02 1.998972e-04
4.228225e-02 1.345700e-04
4.245502e-02 1.279179e-04
4.256970e-02 2.064636e-04
4.262592e-02 1.993679e-04
4.267728e-02 1.876506e-04
4.275771e-02 2.011311e-04
4.286025e-02 2.025329e-04
4.295970e-02 2.011809e-04
4.305650e-02 2.010957e-04
4.315535e-02 2.023047e-04
4.325568e-02 2.031903e-04
4.335549e-02 2.029162e-04
4.345769e-02 1.981733e-04
4.356265e-02 1.983937e-04
4.366718e-02 1.997363e-04
4.376820e-02 1.981215e-04
4.386832e-02 1.958631e-04
4.396954e-02 1.957052e-04
4.407065e-02 1.946877e-04
4.417396e-02 1.956365e-04
4.427467e-02 2.025898e-04
4.437441e-02 2.042235e-04
4.447760e-02 2.029885e-04
4.458020e-02 2.024602e-04
4.468301e-02 2.013852e-04
4.478360e-02 1.996609e-04
4.488407e-02 1.942910e-04
4.498708e-02 1.938773e-04
4.508787e-02 1.964121e-04
4.519022e-02 1.979807e-04
4.529399e-02 1.999628e-04
4.539676e-02 2.003409e-04
4.550017e-02 2.010700e-04
4.564060e-02 2.235940e-04
