-5.224946e-02 3.706993e-04
-5.227543e-02 2.152531e-04
-5.219666e-02 2.219746e-04
-5.210399e-02 2.173682e-04
-5.200679e-02 2.187249e-04
-5.190539e-02 2.163305e-04
-5.180016e-02 2.177559e-04
-5.169378e-02 2.189766e-04
-5.158768e-02 2.192487e-04
-5.148166e-02 2.201497e-04
-5.137725e-02 2.192174e-04
-5.127236e-02 2.158365e-04
-5.116596e-02 2.158289e-04
-5.105917e-02 2.151818e-04
-5.095075e-02 2.159268e-04
-5.084165e-02 2.176723e-04
-5.073351e-02 2.177248e-04
-5.062617e-02 2.183817e-04
-5.051949e-02 2.182143e-04
-5.041321e-02 2.183906e-04
-5.030557e-02 2.189684e-04
-5.019582e-02 2.170677e-04
-5.008573e-02 2.168891e-04
-4.997598e-02 2.177861e-04
-4.986721e-02 2.175299e-04
-4.975961e-02 2.179659e-04
-4.965241e-02 2.178835e-04
-4.954534e-02 2.178797e-04
-4.943640e-02 2.187033e-04
-4.932552e-02 2.177459e-04
-4.921546e-02 2.172038e-04
-4.910631e-02 2.172173e-04
-4.899799e-02 2.167287e-04
-4.888964e-02 2.161398e-04
-4.878311e-02 2.148269e-04
-4.867734e-02 2.116104e-04
-4.856775e-02 2.127482e-04
-4.845751e-02 2.148273e-04
-4.834699e-02 2.154438e-04
-4.823607e-02 2.164786e-04
-4.812726e-02 2.158767e-04
-4.801900e-02 2.159270e-04
-4.791104e-02 2.157589e-04
-4.780274e-02 2.138852e-04
-4.769304e-02 2.140456e-04
-4.758241e-02 2.129237e-04
-4.747078e-02 2.128229e-04
-4.736059e-02 2.149516e-04
-4.725233e-02 2.148502e-04
-4.714497e-02 2.160481e-04
-4.703727e-02 2.166792e-04
-4.692692e-02 2.148232e-04
-4.681635e-02 2.142849e-04
-4.670627e-02 2.127948e-04
-4.659607e-02 2.123400e-04
-4.648806e-02 2.147582e-04
-4.638069e-02 2.149555e-04
-4.627251e-02 2.141481e-04
-4.616258e-02 2.151899e-04
-4.605225e-02 2.182276e-04
-4.594195e-02 2.193107e-04
-4.582976e-02 2.183477e-04
-4.571990e-02 2.166024e-04
-4.561236e-02 2.156335e-04
-4.550387e-02 2.155674e-04
-4.539480e-02 2.144481e-04
-4.528483e-02 2.148825e-04
-4.517417e-02 2.149403e-04
-4.506348e-02 2.149743e-04
-4.495320e-02 2.165648e-04
-4.484390e-02 2.165622e-04
-4.473509e-02 2.165835e-04
-4.462631e-02 2.165793e-04
-4.451635e-02 2.145952e-04
-4.440537e-02 2.141961e-04
-4.429419e-02 2.127599e-04
-4.418322e-02 2.124027e-04
-4.407365e-02 2.145460e-04
-4.396475e-02 2.149222e-04
-4.385585e-02 2.151470e-04
-4.374694e-02 2.152300e-04
-4.363773e-02 2.149549e-04
-4.352678e-02 2.155994e-04
-4.341406e-02 2.144424e-04
-4.330377e-02 2.128612e-04
-4.319487e-02 2.107772e-04
-4.308512e-02 2.105277e-04
-4.297608e-02 2.117942e-04
-4.286602e-02 2.128632e-04
-4.275576e-02 2.146807e-04
-4.264448e-02 2.159475e-04
-4.253242e-02 2.181623e-04
-4.242268e-02 2.172652e-04
-4.231320e-02 2.152136e-04
-4.220377e-02 2.147445e-04
-4.209440e-02 2.135619e-04
-4.198393e-02 2.137955e-04
-4.187219e-02 2.131194e-04
-4.175960e-02 2.133919e-04
-4.164888e-02 2.164632e-04
-4.153894e-02 2.170986e-04
-4.142846e-02 2.179590e-04
-4.131860e-02 2.176049e-04
-4.120837e-02 2.160328e-04
-4.109770e-02 2.160237e-04
-4.098593e-02 2.149703e-04
-4.087417e-02 2.145940e-04
-4.076312e-02 2.139255e-04
-4.065206e-02 2.136946e-04
-4.054279e-02 2.160567e-04
-4.043280e-02 2.170454e-04
-4.032074e-02 2.163571e-04
-4.020869e-02 2.164030e-04
-4.009604e-02 2.155652e-04
-3.998481e-02 2.144191e-04
-3.987426e-02 2.131588e-04
-3.976361e-02 2.127638e-04
-3.965500e-02 2.142597e-04
-3.954614e-02 2.149482e-04
-3.943497e-02 2.129872e-04
-3.932134e-02 2.134589e-04
-3.920778e-02 2.148993e-04
-3.909628e-02 2.144705e-04
-3.898553e-02 2.153379e-04
-3.887571e-02 2.150935e-04
-3.876548e-02 2.128845e-04
-3.865439e-02 2.125999e-04
-3.854288e-02 2.111059e-04
-3.842986e-02 2.111832e-04
-3.831774e-02 2.129286e-04
-3.820736e-02 2.128090e-04
-3.809802e-02 2.142362e-04
-3.798867e-02 2.147686e-04
-3.787753e-02 2.140976e-04
-3.776630e-02 2.139151e-04
-3.765493e-02 2.123379e-04
-3.754269e-02 2.122869e-04
-3.743116e-02 2.133255e-04
-3.732008e-02 2.131356e-04
-3.721035e-02 2.148595e-04
-3.710058e-02 2.157923e-04
-3.698851e-02 2.153705e-04
-3.687685e-02 2.149737e-04
-3.676578e-02 2.140126e-04
-3.665418e-02 2.139826e-04
-3.654277e-02 2.142054e-04
-3.643196e-02 2.136217e-04
-3.632158e-02 2.127151e-04
-3.621049e-02 2.131043e-04
-3.609904e-02 2.135993e-04
-3.598665e-02 2.143423e-04
-3.587393e-02 2.166703e-04
-3.576289e-02 2.165110e-04
-3.565265e-02 2.165768e-04
-3.554288e-02 2.163194e-04
-3.543220e-02 2.141144e-04
-3.532080e-02 2.134711e-04
-3.520940e-02 2.117204e-04
-3.509753e-02 2.116578e-04
-3.498624e-02 2.132323e-04
-3.487556e-02 2.134330e-04
-3.476553e-02 2.142488e-04
-3.465537e-02 2.146234e-04
-3.454462e-02 2.146990e-04
-3.443328e-02 2.147874e-04
-3.432137e-02 2.140878e-04
-3.421018e-02 2.136895e-04
-3.410026e-02 2.146891e-04
-3.399154e-02 2.143325e-04
-3.388167e-02 2.122247e-04
-3.377045e-02 2.122758e-04
-3.365946e-02 2.119910e-04
-3.354775e-02 2.123230e-04
-3.343621e-02 2.135205e-04
-3.332467e-02 2.136482e-04
-3.321372e-02 2.149686e-04
-3.310474e-02 2.145453e-04
-3.299488e-02 2.126998e-04
-3.288415e-02 2.125622e-04
-3.277428e-02 2.128044e-04
-3.266404e-02 2.131135e-04
-3.255292e-02 2.125108e-04
-3.244135e-02 2.122761e-04
-3.233091e-02 2.135229e-04
-3.222169e-02 2.135257e-04
-3.211273e-02 2.139513e-04
-3.200332e-02 2.143690e-04
-3.189164e-02 2.125513e-04
-3.177959e-02 2.121262e-04
-3.166916e-02 2.128354e-04
-3.156004e-02 2.123004e-04
-3.145180e-02 2.122675e-04
-3.134273e-02 2.124623e-04
-3.123320e-02 2.122633e-04
-3.112279e-02 2.130083e-04
-3.101101e-02 2.127926e-04
-3.089979e-02 2.123791e-04
-3.078931e-02 2.132608e-04
-3.068032e-02 2.126870e-04
-3.057141e-02 2.104044e-04
-3.046137e-02 2.102565e-04
-3.035201e-02 2.109696e-04
-3.024112e-02 2.118519e-04
-3.012941e-02 2.129480e-04
-3.001912e-02 2.127784e-04
-2.990945e-02 2.141528e-04
-2.980042e-02 2.142716e-04
-2.969141e-02 2.138337e-04
-2.958206e-02 2.138853e-04
-2.947099e-02 2.111552e-04
-2.935934e-02 2.102313e-04
-2.924959e-02 2.108713e-04
-2.913999e-02 2.113043e-04
-2.903066e-02 2.129742e-04
-2.892190e-02 2.132390e-04
-2.881245e-02 2.136264e-04
-2.870279e-02 2.138985e-04
-2.859284e-02 2.133656e-04
-2.848286e-02 2.131877e-04
-2.837223e-02 2.115852e-04
-2.826154e-02 2.107467e-04
-2.815237e-02 2.109480e-04
-2.804338e-02 2.111926e-04
-2.793389e-02 2.118303e-04
-2.782365e-02 2.125156e-04
-2.771299e-02 2.129051e-04
-2.760298e-02 2.126526e-04
-2.749322e-02 2.123736e-04
-2.738372e-02 2.118289e-04
-2.727500e-02 2.116220e-04
-2.716708e-02 2.113488e-04
-2.705886e-02 2.100873e-04
-2.694847e-02 2.109332e-04
-2.683673e-02 2.118338e-04
-2.672549e-02 2.118714e-04
-2.661614e-02 2.143380e-04
-2.650868e-02 2.140939e-04
-2.640039e-02 2.120322e-04
-2.629067e-02 2.118614e-04
-2.618023e-02 2.102187e-04
-2.606995e-02 2.098184e-04
-2.596014e-02 2.102733e-04
-2.585085e-02 2.101267e-04
-2.574291e-02 2.111459e-04
-2.563414e-02 2.120060e-04
-2.552420e-02 2.124381e-04
-2.541350e-02 2.127560e-04
-2.530227e-02 2.127681e-04
-2.519296e-02 2.119083e-04
-2.508371e-02 2.096298e-04
-2.497400e-02 2.090849e-04
-2.486543e-02 2.102546e-04
-2.475639e-02 2.109660e-04
-2.464710e-02 2.117353e-04
-2.453791e-02 2.119530e-04
-2.442817e-02 2.116332e-04
-2.431780e-02 2.116070e-04
-2.420786e-02 2.122682e-04
-2.409928e-02 2.119735e-04
-2.399009e-02 2.109267e-04
-2.388042e-02 2.108430e-04
-2.377142e-02 2.109244e-04
-2.366152e-02 2.114957e-04
-2.355134e-02 2.126196e-04
-2.344093e-02 2.128694e-04
-2.333116e-02 2.146331e-04
-2.322325e-02 2.144454e-04
-2.311499e-02 2.133688e-04
-2.300659e-02 2.130699e-04
-2.289677e-02 2.106739e-04
-2.278563e-02 2.106120e-04
-2.267507e-02 2.106217e-04
-2.256489e-02 2.104047e-04
-2.245627e-02 2.124296e-04
-2.234703e-02 2.132463e-04
-2.223673e-02 2.137793e-04
-2.212726e-02 2.137709e-04
-2.201648e-02 2.123874e-04
-2.190553e-02 2.120003e-04
-2.179586e-02 2.122638e-04
-2.168665e-02 2.120867e-04
-2.157784e-02 2.122649e-04
-2.146878e-02 2.124784e-04
-2.135931e-02 2.123757e-04
-2.124816e-02 2.130497e-04
-2.113615e-02 2.134836e-04
-2.102562e-02 2.130311e-04
-2.091552e-02 2.132715e-04
-2.080612e-02 2.129404e-04
-2.069677e-02 2.113031e-04
-2.058687e-02 2.110464e-04
-2.047722e-02 2.107344e-04
-2.036596e-02 2.112930e-04
-2.025507e-02 2.134776e-04
-2.014522e-02 2.139294e-04
-2.003498e-02 2.145419e-04
-1.992528e-02 2.144439e-04
-1.981490e-02 2.138538e-04
-1.970418e-02 2.138511e-04
-1.959279e-02 2.119115e-04
-1.948096e-02 2.114783e-04
-1.937052e-02 2.125924e-04
-1.925968e-02 2.129345e-04
-1.914924e-02 2.145407e-04
-1.903978e-02 2.148167e-04
-1.892933e-02 2.147277e-04
-1.881812e-02 2.151490e-04
-1.870617e-02 2.142500e-04
-1.859414e-02 2.139716e-04
-1.848278e-02 2.143223e-04
-1.837153e-02 2.140889e-04
-1.826093e-02 2.145299e-04
-1.815003e-02 2.151575e-04
-1.803849e-02 2.158335e-04
-1.792638e-02 2.164152e-04
-1.781368e-02 2.178483e-04
-1.770180e-02 2.178740e-04
-1.758971e-02 2.167618e-04
-1.747836e-02 2.159149e-04
-1.736798e-02 2.151747e-04
-1.725577e-02 2.157039e-04
-1.714249e-02 2.153818e-04
-1.702908e-02 2.156279e-04
-1.691563e-02 2.170525e-04
-1.680246e-02 2.174087e-04
-1.668992e-02 2.186276e-04
-1.657773e-02 2.188550e-04
-1.646477e-02 2.181942e-04
-1.635045e-02 2.184675e-04
-1.623595e-02 2.189270e-04
-1.612156e-02 2.193204e-04
-1.600710e-02 2.202988e-04
-1.589265e-02 2.206435e-04
-1.577767e-02 2.215483e-04
-1.566209e-02 2.222445e-04
-1.554619e-02 2.227948e-04
-1.542993e-02 2.232050e-04
-1.531311e-02 2.233929e-04
-1.519541e-02 2.236760e-04
-1.507748e-02 2.241073e-04
-1.496068e-02 2.238925e-04
-1.484374e-02 2.239088e-04
-1.472609e-02 2.243490e-04
-1.460841e-02 2.246552e-04
-1.449050e-02 2.248979e-04
-1.437207e-02 2.247003e-04
-1.425285e-02 2.247944e-04
-1.413416e-02 2.259657e-04
-1.401670e-02 2.259615e-04
-1.389908e-02 2.257073e-04
-1.378124e-02 2.257511e-04
-1.366251e-02 2.252370e-04
-1.354349e-02 2.252303e-04
-1.342474e-02 2.247885e-04
-1.330643e-02 2.243651e-04
-1.318920e-02 2.249948e-04
-1.307199e-02 2.248974e-04
-1.295411e-02 2.235248e-04
-1.283674e-02 2.230286e-04
-1.271866e-02 2.213028e-04
-1.259937e-02 2.214145e-04
-1.248193e-02 2.239392e-04
-1.236729e-02 2.231601e-04
-1.225178e-02 2.195405e-04
-1.213614e-02 2.180117e-04
-1.202247e-02 2.170669e-04
-1.190986e-02 2.163886e-04
-1.179711e-02 2.142969e-04
-1.168468e-02 2.133559e-04
-1.157273e-02 2.123445e-04
-1.146139e-02 2.116261e-04
-1.135140e-02 2.110797e-04
-1.124166e-02 2.107295e-04
-1.113175e-02 2.094603e-04
-1.102121e-02 2.090888e-04
-1.091110e-02 2.087783e-04
-1.080197e-02 2.083557e-04
-1.069306e-02 2.083291e-04
-1.058455e-02 2.080873e-04
-1.047683e-02 2.079303e-04
-1.036928e-02 2.077664e-04
-1.026142e-02 2.067879e-04
-1.015290e-02 2.068318e-04
-1.004461e-02 2.073298e-04
-9.937286e-03 2.066428e-04
-9.830134e-03 2.050400e-04
-9.724417e-03 2.038814e-04
-9.619297e-03 2.024168e-04
-9.514334e-03 2.017973e-04
-9.409633e-03 1.997395e-04
-9.305424e-03 1.987043e-04
-9.202422e-03 1.978459e-04
-9.099371e-03 1.972945e-04
-8.997127e-03 1.971242e-04
-8.896086e-03 1.966092e-04
-8.794951e-03 1.950260e-04
-8.693704e-03 1.945214e-04
-8.592421e-03 1.937850e-04
-8.491646e-03 1.932186e-04
-8.392110e-03 1.929726e-04
-8.293410e-03 1.923824e-04
-8.195080e-03 1.913632e-04
-8.096727e-03 1.907487e-04
-7.998672e-03 1.895533e-04
-7.901209e-03 1.890257e-04
-7.803712e-03 1.882099e-04
-7.706952e-03 1.874754e-04
-7.611079e-03 1.861946e-04
-7.515763e-03 1.853980e-04
-7.420857e-03 1.838673e-04
-7.325672e-03 1.832319e-04
-7.231113e-03 1.825258e-04
-7.137743e-03 1.818064e-04
-7.044895e-03 1.806778e-04
-6.952505e-03 1.799960e-04
-6.860546e-03 1.794958e-04
-6.769212e-03 1.789423e-04
-6.678374e-03 1.775491e-04
-6.587733e-03 1.769297e-04
-6.497487e-03 1.758698e-04
-6.407051e-03 1.753621e-04
-6.317211e-03 1.749564e-04
-6.228603e-03 1.743093e-04
-6.140045e-03 1.732463e-04
-6.051621e-03 1.727827e-04
-5.963801e-03 1.718390e-04
-5.875916e-03 1.715377e-04
-5.788393e-03 1.713051e-04
-5.701019e-03 1.708983e-04
-5.614079e-03 1.704989e-04
-5.527908e-03 1.701257e-04
-5.441946e-03 1.694381e-04
-5.356078e-03 1.691336e-04
-5.269916e-03 1.684341e-04
-5.183815e-03 1.681472e-04
-5.098371e-03 1.678062e-04
-5.013331e-03 1.674406e-04
-4.928828e-03 1.673205e-04
-4.844405e-03 1.670006e-04
-4.760127e-03 1.663566e-04
-4.676346e-03 1.660529e-04
-4.592130e-03 1.651079e-04
-4.508060e-03 1.646804e-04
-4.424881e-03 1.643490e-04
-4.342011e-03 1.640435e-04
-4.259363e-03 1.635668e-04
-4.176519e-03 1.632907e-04
-4.093905e-03 1.629135e-04
-4.011557e-03 1.628406e-04
-3.929382e-03 1.629272e-04
-3.847710e-03 1.626569e-04
-3.765689e-03 1.619359e-04
-3.683942e-03 1.615125e-04
-3.603021e-03 1.611017e-04
-3.522279e-03 1.608464e-04
-3.441632e-03 1.602961e-04
-3.360647e-03 1.600824e-04
-3.279703e-03 1.595592e-04
-3.199282e-03 1.592735e-04
-3.118880e-03 1.591108e-04
-3.038778e-03 1.588722e-04
-2.959124e-03 1.583509e-04
-2.879654e-03 1.580517e-04
-2.800321e-03 1.574471e-04
-2.720646e-03 1.572198e-04
-2.641122e-03 1.568423e-04
-2.562150e-03 1.565879e-04
-2.483643e-03 1.566534e-04
-2.405496e-03 1.564609e-04
-2.327046e-03 1.560094e-04
-2.248672e-03 1.558006e-04
-2.170717e-03 1.553278e-04
-2.092944e-03 1.550480e-04
-2.015292e-03 1.544726e-04
-1.937592e-03 1.540840e-04
-1.860226e-03 1.535633e-04
-1.783282e-03 1.533312e-04
-1.706576e-03 1.530808e-04
-1.630033e-03 1.528925e-04
-1.553242e-03 1.525319e-04
-1.476639e-03 1.522890e-04
-1.400550e-03 1.518957e-04
-1.324685e-03 1.516201e-04
-1.249003e-03 1.511609e-04
-1.173154e-03 1.508905e-04
-1.097496e-03 1.504607e-04
-1.022329e-03 1.502175e-04
-9.469714e-04 1.497927e-04
-8.718602e-04 1.494916e-04
-7.973479e-04 1.490867e-04
-7.231499e-04 1.487518e-04
-6.490807e-04 1.480368e-04
-5.749802e-04 1.475975e-04
-5.011036e-04 1.467540e-04
-4.279545e-04 1.462146e-04
-3.551906e-04 1.453595e-04
-2.830313e-04 1.446888e-04
-2.108510e-04 1.433337e-04
-1.395282e-04 1.423449e-04
-6.902923e-05 1.403679e-04
2.330696e-06 1.401954e-04
7.280996e-05 1.411271e-04
1.442060e-04 1.418408e-04
2.156530e-04 1.436877e-04
2.871059e-04 1.445498e-04
3.597215e-04 1.455577e-04
4.326526e-04 1.461113e-04
5.057173e-04 1.468767e-04
5.790686e-04 1.473246e-04
6.527354e-04 1.480417e-04
7.269267e-04 1.484124e-04
8.013594e-04 1.490369e-04
8.756574e-04 1.493830e-04
9.505449e-04 1.499291e-04
1.025626e-03 1.502426e-04
1.100583e-03 1.507542e-04
1.175616e-03 1.509837e-04
1.250877e-03 1.512395e-04
1.326639e-03 1.514263e-04
1.402554e-03 1.516905e-04
1.478361e-03 1.519275e-04
1.554306e-03 1.523571e-04
1.630384e-03 1.525920e-04
1.706887e-03 1.531134e-04
1.783544e-03 1.533936e-04
1.860064e-03 1.538219e-04
1.937090e-03 1.540699e-04
2.014369e-03 1.543358e-04
2.091568e-03 1.545930e-04
2.168877e-03 1.551227e-04
2.246276e-03 1.553680e-04
2.324192e-03 1.557779e-04
2.402173e-03 1.559649e-04
2.479927e-03 1.562750e-04
2.558025e-03 1.565938e-04
2.636474e-03 1.568922e-04
2.715398e-03 1.570704e-04
2.794293e-03 1.576123e-04
2.872752e-03 1.577597e-04
2.951804e-03 1.577778e-04
3.031248e-03 1.580202e-04
3.110405e-03 1.585744e-04
3.189892e-03 1.589720e-04
3.269640e-03 1.596406e-04
3.349805e-03 1.599133e-04
3.430148e-03 1.603713e-04
3.510094e-03 1.605159e-04
3.590046e-03 1.609069e-04
3.670424e-03 1.613031e-04
3.751645e-03 1.616110e-04
3.832939e-03 1.617673e-04
3.913912e-03 1.621277e-04
3.995454e-03 1.623788e-04
4.077075e-03 1.629452e-04
4.158413e-03 1.632003e-04
4.239980e-03 1.635258e-04
4.321783e-03 1.637844e-04
4.404290e-03 1.639487e-04
4.487207e-03 1.642548e-04
4.569888e-03 1.648768e-04
4.652565e-03 1.650987e-04
4.735231e-03 1.657343e-04
4.818367e-03 1.660190e-04
4.901835e-03 1.662555e-04
4.985580e-03 1.667323e-04
5.070017e-03 1.675365e-04
5.154512e-03 1.678626e-04
5.239106e-03 1.679672e-04
5.323737e-03 1.680265e-04
5.407874e-03 1.690149e-04
5.492548e-03 1.694615e-04
5.577969e-03 1.694540e-04
5.663585e-03 1.697974e-04
5.749479e-03 1.702866e-04
5.835547e-03 1.705675e-04
5.921847e-03 1.716070e-04
6.008314e-03 1.720835e-04
6.094737e-03 1.728315e-04
6.181917e-03 1.733184e-04
6.269953e-03 1.732453e-04
6.358199e-03 1.735796e-04
6.446161e-03 1.749761e-04
6.533955e-03 1.753786e-04
6.622329e-03 1.761928e-04
6.710903e-03 1.766064e-04
6.799702e-03 1.767111e-04
6.889295e-03 1.772259e-04
6.979177e-03 1.781735e-04
7.069766e-03 1.786944e-04
7.160747e-03 1.794861e-04
7.251670e-03 1.799782e-04
7.343187e-03 1.810372e-04
7.435051e-03 1.816295e-04
7.526841e-03 1.827109e-04
7.619403e-03 1.835641e-04
7.712850e-03 1.844575e-04
7.807428e-03 1.852043e-04
7.901970e-03 1.873349e-04
7.996527e-03 1.883622e-04
8.092395e-03 1.897471e-04
8.188787e-03 1.905639e-04
8.285563e-03 1.914728e-04
8.382778e-03 1.920630e-04
8.480637e-03 1.926230e-04
8.579347e-03 1.930699e-04
8.678513e-03 1.935562e-04
8.777641e-03 1.939705e-04
8.876372e-03 1.957773e-04
8.975386e-03 1.965982e-04
9.076000e-03 1.969542e-04
9.177488e-03 1.976106e-04
9.278896e-03 1.988179e-04
9.380057e-03 1.991040e-04
9.481263e-03 1.998249e-04
9.583800e-03 2.006091e-04
9.686936e-03 2.017921e-04
9.790140e-03 2.025310e-04
9.895006e-03 2.025786e-04
1.000058e-02 2.030277e-04
1.010526e-02 2.050043e-04
1.020944e-02 2.054167e-04
1.031395e-02 2.060116e-04
1.041964e-02 2.066530e-04
1.052653e-02 2.064455e-04
1.063386e-02 2.069113e-04
1.074142e-02 2.085877e-04
1.084955e-02 2.095372e-04
1.095769e-02 2.113724e-04
1.106686e-02 2.126526e-04
1.117678e-02 2.149374e-04
1.128752e-02 2.159490e-04
1.139930e-02 2.170176e-04
1.151071e-02 2.174680e-04
1.162269e-02 2.177666e-04
1.173446e-02 2.177472e-04
1.184661e-02 2.178702e-04
1.195886e-02 2.179778e-04
1.207057e-02 2.183402e-04
1.218352e-02 2.189138e-04
1.229730e-02 2.191469e-04
1.241077e-02 2.193457e-04
1.252426e-02 2.198792e-04
1.263839e-02 2.204590e-04
1.275326e-02 2.216690e-04
1.287392e-02 2.255938e-04
1.299907e-02 2.281499e-04
1.311999e-02 2.265209e-04
1.323762e-02 2.274802e-04
1.335647e-02 2.282477e-04
1.347581e-02 2.295822e-04
1.359423e-02 2.298186e-04
1.371295e-02 2.308444e-04
1.383168e-02 2.312246e-04
1.395113e-02 2.301821e-04
1.407183e-02 2.305490e-04
1.419306e-02 2.306634e-04
1.431411e-02 2.302770e-04
1.443381e-02 2.314680e-04
1.455305e-02 2.319296e-04
1.467280e-02 2.323533e-04
1.479328e-02 2.329442e-04
1.491539e-02 2.327421e-04
1.503669e-02 2.321856e-04
1.515702e-02 2.313601e-04
1.527791e-02 2.310769e-04
1.539826e-02 2.311934e-04
1.551823e-02 2.313164e-04
1.563821e-02 2.316342e-04
1.575805e-02 2.316634e-04
1.587856e-02 2.314965e-04
1.599861e-02 2.311622e-04
1.611812e-02 2.302301e-04
1.623601e-02 2.289136e-04
1.635324e-02 2.263401e-04
1.647120e-02 2.255385e-04
1.658889e-02 2.237849e-04
1.670702e-02 2.237195e-04
1.682457e-02 2.253530e-04
1.694092e-02 2.252334e-04
1.705730e-02 2.239931e-04
1.717311e-02 2.232034e-04
1.728783e-02 2.228410e-04
1.740276e-02 2.225373e-04
1.751790e-02 2.213759e-04
1.763295e-02 2.212090e-04
1.774846e-02 2.208279e-04
1.786367e-02 2.205255e-04
1.797711e-02 2.218103e-04
1.809030e-02 2.221250e-04
1.820379e-02 2.225029e-04
1.831761e-02 2.225289e-04
1.843238e-02 2.210257e-04
1.854609e-02 2.201527e-04
1.865932e-02 2.185366e-04
1.877294e-02 2.181904e-04
1.888628e-02 2.185249e-04
1.899874e-02 2.181219e-04
1.910996e-02 2.182285e-04
1.922276e-02 2.192115e-04
1.933548e-02 2.220602e-04
1.944669e-02 2.218688e-04
1.955919e-02 2.191780e-04
1.967146e-02 2.183627e-04
1.978304e-02 2.180438e-04
1.989462e-02 2.179295e-04
2.000658e-02 2.161543e-04
2.012025e-02 2.165478e-04
2.023372e-02 2.179761e-04
2.034611e-02 2.175385e-04
2.045763e-02 2.177727e-04
2.056840e-02 2.176997e-04
2.067992e-02 2.170779e-04
2.079156e-02 2.169369e-04
2.090310e-02 2.159040e-04
2.101520e-02 2.158775e-04
2.112784e-02 2.149124e-04
2.124085e-02 2.144898e-04
2.135258e-02 2.154626e-04
2.146366e-02 2.157122e-04
2.157439e-02 2.169777e-04
2.168494e-02 2.173225e-04
2.179716e-02 2.162991e-04
2.190948e-02 2.159907e-04
2.202149e-02 2.148241e-04
2.213350e-02 2.141121e-04
2.224450e-02 2.138422e-04
2.235531e-02 2.139201e-04
2.246539e-02 2.153301e-04
2.257626e-02 2.163054e-04
2.268922e-02 2.163396e-04
2.280251e-02 2.165531e-04
2.291516e-02 2.173786e-04
2.302609e-02 2.166419e-04
2.313657e-02 2.153533e-04
2.324752e-02 2.148783e-04
2.335818e-02 2.140551e-04
2.346976e-02 2.146022e-04
2.358234e-02 2.152683e-04
2.369467e-02 2.153644e-04
2.380540e-02 2.174844e-04
2.391496e-02 2.175444e-04
2.402593e-02 2.153488e-04
2.413827e-02 2.150843e-04
2.425041e-02 2.146941e-04
2.436220e-02 2.146329e-04
2.447401e-02 2.144306e-04
2.458508e-02 2.139107e-04
2.469471e-02 2.156543e-04
2.480475e-02 2.165264e-04
2.491577e-02 2.164838e-04
2.502767e-02 2.166967e-04
2.514004e-02 2.165117e-04
2.525070e-02 2.157123e-04
2.536052e-02 2.148956e-04
2.547107e-02 2.150443e-04
2.558251e-02 2.148000e-04
2.569382e-02 2.146419e-04
2.580472e-02 2.140780e-04
2.591636e-02 2.143257e-04
2.602758e-02 2.157287e-04
2.613862e-02 2.158345e-04
2.624992e-02 2.157213e-04
2.636029e-02 2.154189e-04
2.647161e-02 2.138151e-04
2.658273e-02 2.131250e-04
2.669333e-02 2.112530e-04
2.680609e-02 2.118753e-04
2.691814e-02 2.147957e-04
2.702900e-02 2.148406e-04
2.713948e-02 2.156079e-04
2.724967e-02 2.159950e-04
2.736141e-02 2.152820e-04
2.747265e-02 2.147286e-04
2.758452e-02 2.113256e-04
2.769690e-02 2.104138e-04
2.780741e-02 2.110204e-04
2.791875e-02 2.114450e-04
2.802879e-02 2.147984e-04
2.813756e-02 2.155346e-04
2.824853e-02 2.139204e-04
2.836162e-02 2.146085e-04
2.847580e-02 2.155262e-04
2.858783e-02 2.145814e-04
2.869765e-02 2.148508e-04
2.880742e-02 2.149289e-04
2.891770e-02 2.143165e-04
2.902952e-02 2.147328e-04
2.914144e-02 2.157396e-04
2.925446e-02 2.170478e-04
2.936889e-02 2.191571e-04
2.948127e-02 2.186975e-04
2.959237e-02 2.187266e-04
2.970210e-02 2.179180e-04
2.981214e-02 2.151681e-04
2.992485e-02 2.154854e-04
3.003771e-02 2.161353e-04
3.014899e-02 2.157155e-04
3.026086e-02 2.143679e-04
3.037368e-02 2.144551e-04
3.048487e-02 2.165888e-04
3.059514e-02 2.168036e-04
3.070723e-02 2.143657e-04
3.082033e-02 2.138030e-04
3.093238e-02 2.140140e-04
3.104447e-02 2.143970e-04
3.115652e-02 2.155007e-04
3.126807e-02 2.155938e-04
3.137935e-02 2.171240e-04
3.148988e-02 2.172357e-04
3.160126e-02 2.153094e-04
3.171415e-02 2.155250e-04
3.182802e-02 2.144843e-04
3.194080e-02 2.131582e-04
3.205206e-02 2.120370e-04
3.216408e-02 2.123810e-04
3.227630e-02 2.138162e-04
3.238859e-02 2.143923e-04
3.250040e-02 2.160007e-04
3.261197e-02 2.164395e-04
3.272447e-02 2.161159e-04
3.283815e-02 2.164120e-04
3.295175e-02 2.173866e-04
3.306345e-02 2.168951e-04
3.317508e-02 2.164671e-04
3.328606e-02 2.159215e-04
3.339758e-02 2.126658e-04
3.351118e-02 2.127474e-04
3.362342e-02 2.152687e-04
3.373532e-02 2.156811e-04
3.384682e-02 2.175005e-04
3.395707e-02 2.176993e-04
3.406875e-02 2.158867e-04
3.418224e-02 2.163212e-04
3.429730e-02 2.157311e-04
3.441158e-02 2.150586e-04
3.452408e-02 2.153357e-04
3.463678e-02 2.152658e-04
3.474898e-02 2.159486e-04
3.485963e-02 2.155663e-04
3.497006e-02 2.148825e-04
3.508311e-02 2.162025e-04
3.519813e-02 2.173876e-04
3.531254e-02 2.174532e-04
3.542686e-02 2.169551e-04
3.554054e-02 2.163970e-04
3.565331e-02 2.163777e-04
3.576604e-02 2.160485e-04
3.587941e-02 2.140788e-04
3.599309e-02 2.138403e-04
3.610598e-02 2.153004e-04
3.621934e-02 2.161205e-04
3.633234e-02 2.181728e-04
3.644486e-02 2.186207e-04
3.655742e-02 2.197796e-04
3.667021e-02 2.200235e-04
3.678507e-02 2.172650e-04
3.690008e-02 2.166637e-04
3.701378e-02 2.172050e-04
3.712612e-02 2.165968e-04
3.723910e-02 2.146630e-04
3.735254e-02 2.142452e-04
3.746405e-02 2.154602e-04
3.757822e-02 2.171904e-04
3.769362e-02 2.199644e-04
3.780692e-02 2.200012e-04
3.792039e-02 2.198144e-04
3.803235e-02 2.188405e-04
3.814386e-02 2.176971e-04
3.825645e-02 2.179323e-04
3.836950e-02 2.169924e-04
3.848287e-02 2.168536e-04
3.859655e-02 2.159582e-04
3.871199e-02 2.163936e-04
3.882583e-02 2.202891e-04
3.893771e-02 2.208119e-04
3.905112e-02 2.205441e-04
3.916342e-02 2.197862e-04
3.927668e-02 2.152360e-04
3.939189e-02 2.147707e-04
3.950571e-02 2.158210e-04
3.961939e-02 2.158216e-04
3.973122e-02 2.189015e-04
3.984229e-02 2.198441e-04
3.995607e-02 2.187757e-04
4.006949e-02 2.181807e-04
4.018311e-02 2.153727e-04
4.029665e-02 2.143193e-04
4.040946e-02 2.126120e-04
4.052283e-02 2.120374e-04
4.063460e-02 2.131196e-04
4.074711e-02 2.142338e-04
4.086005e-02 2.165972e-04
4.097282e-02 2.173487e-04
4.108723e-02 2.175308e-04
4.120165e-02 2.176189e-04
4.131499e-02 2.188669e-04
4.142701e-02 2.185279e-04
4.153921e-02 2.172683e-04
4.165183e-02 2.167588e-04
4.176361e-02 2.167443e-04
4.187578e-02 2.172656e-04
4.198909e-02 2.176270e-04
4.210303e-02 2.181418e-04
4.221652e-02 2.194945e-04
4.232918e-02 2.194792e-04
4.244119e-02 2.205063e-04
4.255274e-02 2.202917e-04
4.266530e-02 2.180187e-04
4.277819e-02 2.176989e-04
4.289275e-02 2.148365e-04
4.300723e-02 2.137579e-04
4.311800e-02 2.161163e-04
4.322879e-02 2.169765e-04
4.334060e-02 2.176644e-04
4.345364e-02 2.183486e-04
4.356661e-02 2.203548e-04
4.367851e-02 2.207260e-04
4.379059e-02 2.214464e-04
4.390179e-02 2.211774e-04
4.401445e-02 2.188307e-04
4.412597e-02 2.173062e-04
4.423581e-02 2.150543e-04
4.434868e-02 2.157683e-04
4.446214e-02 2.167668e-04
4.457460e-02 2.168126e-04
4.468639e-02 2.180435e-04
4.479726e-02 2.179357e-04
4.490815e-02 2.184369e-04
4.501900e-02 2.185996e-04
4.512969e-02 2.184872e-04
4.524109e-02 2.188737e-04
4.535317e-02 2.188272e-04
4.546485e-02 2.182781e-04
4.557515e-02 2.190722e-04
4.568448e-02 2.190785e-04
4.579552e-02 2.170809e-04
4.590765e-02 2.170231e-04
4.601882e-02 2.176472e-04
4.612981e-02 2.177644e-04
4.624147e-02 2.169756e-04
4.635305e-02 2.163510e-04
4.646295e-02 2.174385e-04
4.657191e-02 2.175657e-04
4.668153e-02 2.168279e-04
4.679198e-02 2.170566e-04
4.690146e-02 2.201292e-04
4.701094e-02 2.212386e-04
4.712169e-02 2.213705e-04
4.723142e-02 2.205044e-04
4.734161e-02 2.173289e-04
4.745131e-02 2.161833e-04
4.755855e-02 2.170713e-04
4.766767e-02 2.185130e-04
4.777947e-02 2.188839e-04
4.789187e-02 2.193827e-04
4.800402e-02 2.203381e-04
4.811393e-02 2.193258e-04
4.822322e-02 2.175371e-04
4.833323e-02 2.170329e-04
4.844222e-02 2.173374e-04
4.855243e-02 2.184683e-04
4.866494e-02 2.185960e-04
4.877551e-02 2.174788e-04
4.888333e-02 2.181339e-04
4.899068e-02 2.180913e-04
4.909750e-02 2.188761e-04
4.920388e-02 2.186012e-04
4.931059e-02 2.172705e-04
4.942063e-02 2.190771e-04
4.953229e-02 2.222177e-04
4.964203e-02 2.222000e-04
4.975205e-02 2.208667e-04
4.986062e-02 2.195217e-04
4.996784e-02 2.180430e-04
5.007669e-02 2.181908e-04
5.018709e-02 2.160129e-04
5.029714e-02 2.153129e-04
5.040556e-02 2.160814e-04
5.051504e-02 2.169913e-04
5.062565e-02 2.184492e-04
5.073506e-02 2.182526e-04
5.084278e-02 2.196886e-04
5.095138e-02 2.207302e-04
5.106191e-02 2.203930e-04
5.117222e-02 2.198365e-04
5.127997e-02 2.225327e-04
5.138539e-02 2.224041e-04
5.149148e-02 2.217697e-04
5.159684e-02 2.210931e-04
5.170333e-02 2.164828e-04
5.181368e-02 2.171407e-04
5.192368e-02 2.195573e-04
5.203193e-02 2.190797e-04
5.214125e-02 2.159712e-04
5.224959e-02 2.145594e-04
5.235492e-02 2.164529e-04
5.246048e-02 2.172651e-04
5.256756e-02 2.161605e-04
