-7.170128e-02 1.274429e-03
-7.100310e-02 1.282772e-03
-7.031005e-02 1.282704e-03
-6.964942e-02 1.336556e-03
-6.902395e-02 1.334849e-03
-6.837652e-02 1.295460e-03
-6.769347e-02 1.301948e-03
-6.698426e-02 1.274401e-03
-6.628745e-02 1.257736e-03
-6.565663e-02 1.321449e-03
-6.504288e-02 1.334152e-03
-6.441707e-02 1.349322e-03
-6.379695e-02 1.350652e-03
-6.312870e-02 1.276131e-03
-6.239787e-02 1.287572e-03
-6.167682e-02 1.333650e-03
-6.097785e-02 1.336997e-03
-6.031790e-02 1.411328e-03
-5.969380e-02 1.415840e-03
-5.904921e-02 1.396309e-03
-5.838096e-02 1.404227e-03
-5.768051e-02 1.370474e-03
-5.696879e-02 1.365079e-03
-5.625502e-02 1.346686e-03
-5.553659e-02 1.342117e-03
-5.485253e-02 1.388764e-03
-5.420180e-02 1.386298e-03
-5.353707e-02 1.354062e-03
-5.284151e-02 1.360960e-03
-5.217076e-02 1.421449e-03
-5.151764e-02 1.432650e-03
-5.081366e-02 1.378987e-03
-5.007805e-02 1.377881e-03
-4.934562e-02 1.382242e-03
-4.863106e-02 1.373855e-03
-4.794904e-02 1.402678e-03
-4.727282e-02 1.409576e-03
-4.658580e-02 1.410713e-03
-4.585781e-02 1.434912e-03
-4.509751e-02 1.450461e-03
-4.438397e-02 1.428789e-03
-4.370309e-02 1.420825e-03
-4.300662e-02 1.427313e-03
-4.229228e-02 1.415557e-03
-4.155371e-02 1.425080e-03
-4.079978e-02 1.428114e-03
-4.005871e-02 1.422279e-03
-3.935609e-02 1.467978e-03
-3.866269e-02 1.478905e-03
-3.796941e-02 1.509434e-03
-3.730696e-02 1.501136e-03
-3.664008e-02 1.472882e-03
-3.590139e-02 1.506587e-03
-3.508511e-02 1.468663e-03
-3.427793e-02 1.449540e-03
-3.353685e-02 1.506615e-03
-3.283685e-02 1.502517e-03
-3.214516e-02 1.504983e-03
-3.142070e-02 1.524711e-03
-3.065676e-02 1.515988e-03
-2.988155e-02 1.520437e-03
-2.909531e-02 1.512094e-03
-2.831976e-02 1.502669e-03
-2.757220e-02 1.523148e-03
-2.682498e-02 1.529488e-03
-2.607230e-02 1.540296e-03
-2.531518e-02 1.547684e-03
-2.454521e-02 1.544460e-03
-2.376135e-02 1.551631e-03
-2.296748e-02 1.554855e-03
-2.217555e-02 1.554004e-03
-2.138953e-02 1.563864e-03
-2.060863e-02 1.565193e-03
-1.983593e-02 1.580173e-03
-1.906618e-02 1.583793e-03
-1.828244e-02 1.570520e-03
-1.748015e-02 1.576871e-03
-1.666944e-02 1.582861e-03
-1.587182e-02 1.576305e-03
-1.509353e-02 1.587949e-03
-1.432208e-02 1.588906e-03
-1.353902e-02 1.572219e-03
-1.275778e-02 1.565116e-03
-1.198109e-02 1.552980e-03
-1.120862e-02 1.545245e-03
-1.043455e-02 1.523438e-03
-9.672650e-03 1.509114e-03
-8.920881e-03 1.483895e-03
-8.186521e-03 1.464362e-03
-7.468774e-03 1.437815e-03
-6.754894e-03 1.425161e-03
-6.043632e-03 1.396528e-03
-5.338401e-03 1.383366e-03
-4.643865e-03 1.362508e-03
-3.960025e-03 1.348575e-03
-3.288132e-03 1.329803e-03
-2.621587e-03 1.319116e-03
-1.965737e-03 1.309256e-03
-1.310456e-03 1.306295e-03
-6.580196e-04 1.300012e-03
-6.834051e-06 1.297290e-03
6.392312e-04 1.297457e-03
1.293148e-03 1.301810e-03
1.949682e-03 1.310913e-03
2.612020e-03 1.318388e-03
3.275837e-03 1.334699e-03
3.947505e-03 1.345286e-03
4.624635e-03 1.365579e-03
5.313370e-03 1.379097e-03
6.008250e-03 1.408493e-03
6.715988e-03 1.427558e-03
7.440224e-03 1.450886e-03
8.174473e-03 1.465299e-03
8.914981e-03 1.494884e-03
9.655147e-03 1.504514e-03
1.040123e-02 1.523669e-03
1.115221e-02 1.534327e-03
1.191024e-02 1.549878e-03
1.267555e-02 1.559851e-03
1.345793e-02 1.559093e-03
1.425419e-02 1.566292e-03
1.505182e-02 1.586395e-03
1.583169e-02 1.583841e-03
1.660986e-02 1.577203e-03
1.738689e-02 1.574129e-03
1.816450e-02 1.564647e-03
1.895370e-02 1.567341e-03
1.975292e-02 1.560514e-03
2.055135e-02 1.558434e-03
2.133908e-02 1.568106e-03
2.211554e-02 1.563979e-03
2.288438e-02 1.565206e-03
2.363979e-02 1.558453e-03
2.440192e-02 1.530865e-03
2.519226e-02 1.537851e-03
2.598306e-02 1.554161e-03
2.675202e-02 1.546083e-03
2.753804e-02 1.497532e-03
2.832611e-02 1.482112e-03
2.906320e-02 1.521939e-03
2.978084e-02 1.524603e-03
3.052043e-02 1.495396e-03
3.128563e-02 1.499422e-03
3.206403e-02 1.490888e-03
3.284004e-02 1.487204e-03
3.359579e-02 1.508445e-03
3.432458e-02 1.499906e-03
3.504290e-02 1.493648e-03
3.575314e-02 1.485749e-03
3.646782e-02 1.458628e-03
3.721481e-02 1.469055e-03
3.798854e-02 1.451227e-03
3.873361e-02 1.427593e-03
3.942951e-02 1.443903e-03
4.011665e-02 1.443742e-03
4.081767e-02 1.422311e-03
4.153349e-02 1.424248e-03
4.225340e-02 1.420645e-03
4.297969e-02 1.423172e-03
4.370745e-02 1.427724e-03
4.443305e-02 1.427284e-03
4.515615e-02 1.432405e-03
4.586821e-02 1.428404e-03
4.654432e-02 1.475059e-03
4.718936e-02 1.473215e-03
4.787821e-02 1.395078e-03
4.860529e-02 1.389122e-03
4.934034e-02 1.361433e-03
5.009143e-02 1.361856e-03
5.079518e-02 1.439803e-03
5.143784e-02 1.430445e-03
5.208584e-02 1.397635e-03
5.276308e-02 1.404124e-03
5.346240e-02 1.383262e-03
5.415853e-02 1.373836e-03
5.483873e-02 1.374215e-03
5.552064e-02 1.374629e-03
5.619344e-02 1.393025e-03
5.684372e-02 1.386873e-03
5.749889e-02 1.359563e-03
5.817488e-02 1.362227e-03
5.886885e-02 1.339659e-03
5.957864e-02 1.340281e-03
6.028865e-02 1.343695e-03
6.097636e-02 1.332280e-03
6.163984e-02 1.338918e-03
6.230024e-02 1.339464e-03
6.295894e-02 1.343826e-03
6.363151e-02 1.352990e-03
6.433721e-02 1.325301e-03
6.503595e-02 1.311902e-03
6.569283e-02 1.342436e-03
6.632513e-02 1.338679e-03
6.696926e-02 1.308524e-03
6.763364e-02 1.309105e-03
6.825309e-02 1.387621e-03
6.881666e-02 1.383078e-03
6.943019e-02 1.285218e-03
7.011835e-02 1.294781e-03
