-4.689616e-02 2.473101e-04
-4.684750e-02 2.171616e-04
-4.677708e-02 2.191240e-04
-4.669793e-02 2.099267e-04
-4.661152e-02 2.112751e-04
-4.652377e-02 2.136324e-04
-4.643495e-02 2.151041e-04
-4.634478e-02 2.161737e-04
-4.625265e-02 2.177440e-04
-4.615629e-02 2.150699e-04
-4.605975e-02 2.139387e-04
-4.596153e-02 2.079797e-04
-4.586178e-02 2.070400e-04
-4.576326e-02 2.064757e-04
-4.566408e-02 2.066703e-04
-4.556656e-02 2.107753e-04
-4.546731e-02 2.132837e-04
-4.536434e-02 2.132546e-04
-4.526177e-02 2.130042e-04
-4.515908e-02 2.121206e-04
-4.505730e-02 2.109810e-04
-4.495682e-02 2.099862e-04
-4.485904e-02 2.082959e-04
-4.476209e-02 2.057466e-04
-4.465973e-02 2.080618e-04
-4.455440e-02 2.087574e-04
-4.444858e-02 2.093085e-04
-4.434438e-02 2.135714e-04
-4.424379e-02 2.126561e-04
-4.414289e-02 2.095728e-04
-4.403969e-02 2.101253e-04
-4.393532e-02 2.097324e-04
-4.383128e-02 2.094016e-04
-4.372582e-02 2.069040e-04
-4.361957e-02 2.064793e-04
-4.351871e-02 2.135170e-04
-4.341905e-02 2.153286e-04
-4.331535e-02 2.136137e-04
-4.320973e-02 2.138608e-04
-4.310353e-02 2.135722e-04
-4.299837e-02 2.131350e-04
-4.289180e-02 2.103815e-04
-4.278501e-02 2.095224e-04
-4.268057e-02 2.102587e-04
-4.257753e-02 2.096846e-04
-4.247452e-02 2.081480e-04
-4.236998e-02 2.082314e-04
-4.226892e-02 2.142332e-04
-4.216914e-02 2.159131e-04
-4.206330e-02 2.105087e-04
-4.195438e-02 2.104059e-04
-4.184614e-02 2.120659e-04
-4.174070e-02 2.109935e-04
-4.163777e-02 2.114081e-04
-4.153343e-02 2.124043e-04
-4.142591e-02 2.098698e-04
-4.131609e-02 2.100538e-04
-4.120764e-02 2.128576e-04
-4.110030e-02 2.134886e-04
-4.099336e-02 2.167247e-04
-4.089198e-02 2.145487e-04
-4.078997e-02 2.066293e-04
-4.067962e-02 2.087869e-04
-4.056641e-02 2.099901e-04
-4.045380e-02 2.097661e-04
-4.034400e-02 2.138219e-04
-4.023640e-02 2.142459e-04
-4.012892e-02 2.156153e-04
-4.002138e-02 2.161443e-04
-3.991291e-02 2.168770e-04
-3.980313e-02 2.179228e-04
-3.969275e-02 2.189865e-04
-3.958322e-02 2.188554e-04
-3.947536e-02 2.212775e-04
-3.936755e-02 2.218176e-04
-3.925725e-02 2.191667e-04
-3.914696e-02 2.185065e-04
-3.903652e-02 2.172355e-04
-3.892403e-02 2.180107e-04
-3.881184e-02 2.198379e-04
-3.869979e-02 2.204043e-04
-3.858788e-02 2.221792e-04
-3.847667e-02 2.220865e-04
-3.836582e-02 2.224269e-04
-3.825570e-02 2.224192e-04
-3.814634e-02 2.236711e-04
-3.803615e-02 2.246226e-04
-3.792143e-02 2.205657e-04
-3.780331e-02 2.211466e-04
-3.768700e-02 2.249154e-04
-3.757311e-02 2.248101e-04
-3.746032e-02 2.263312e-04
-3.734533e-02 2.278795e-04
-3.722806e-02 2.283665e-04
-3.711005e-02 2.292923e-04
-3.699056e-02 2.294156e-04
-3.687115e-02 2.294218e-04
-3.675278e-02 2.320514e-04
-3.663394e-02 2.332848e-04
-3.651571e-02 2.368405e-04
-3.639442e-02 2.399558e-04
-3.626849e-02 2.408510e-04
-3.613977e-02 2.425116e-04
-3.601116e-02 2.473262e-04
-3.588462e-02 2.481582e-04
-3.575713e-02 2.498561e-04
-3.562848e-02 2.511758e-04
-3.549882e-02 2.522008e-04
-3.536597e-02 2.544875e-04
-3.523181e-02 2.586729e-04
-3.509584e-02 2.609126e-04
-3.495858e-02 2.649922e-04
-3.482142e-02 2.667534e-04
-3.468330e-02 2.700391e-04
-3.454406e-02 2.718963e-04
-3.440326e-02 2.754905e-04
-3.425885e-02 2.789653e-04
-3.411084e-02 2.815618e-04
-3.395871e-02 2.849722e-04
-3.380527e-02 2.922695e-04
-3.364899e-02 2.961929e-04
-3.349172e-02 3.054280e-04
-3.333057e-02 3.114762e-04
-3.316635e-02 3.243522e-04
-3.299639e-02 3.324551e-04
-3.281705e-02 3.380822e-04
-3.262887e-02 3.454185e-04
-3.243721e-02 3.599686e-04
-3.223336e-02 3.719890e-04
-3.202514e-02 3.980242e-04
-3.180510e-02 4.149804e-04
-3.157084e-02 4.383718e-04
-3.132342e-02 4.547039e-04
-3.105568e-02 4.679673e-04
-3.078967e-02 4.717633e-04
-3.052519e-02 4.830387e-04
-3.026057e-02 4.871823e-04
-2.998590e-02 4.819059e-04
-2.969578e-02 4.885831e-04
-2.940921e-02 5.131105e-04
-2.909238e-02 5.407204e-04
-2.876193e-02 5.968609e-04
-2.841837e-02 6.250746e-04
-2.804378e-02 6.493790e-04
-2.767822e-02 6.527057e-04
-2.729310e-02 6.293101e-04
-2.687453e-02 6.400385e-04
-2.646783e-02 6.897714e-04
-2.614463e-02 6.585105e-04
-2.578566e-02 5.125012e-04
-2.541804e-02 4.649917e-04
-2.513678e-02 4.784339e-04
-2.486957e-02 4.748885e-04
-2.460217e-02 4.628225e-04
-2.439344e-02 4.232056e-04
-2.417883e-02 3.033304e-04
-2.396798e-02 2.575554e-04
-2.382747e-02 2.479337e-04
-2.369208e-02 2.417381e-04
-2.356395e-02 2.374975e-04
-2.344121e-02 2.327315e-04
-2.332160e-02 2.237794e-04
-2.319473e-02 2.249185e-04
-2.306678e-02 2.262729e-04
-2.294137e-02 2.249164e-04
-2.281781e-02 2.242683e-04
-2.269762e-02 2.223104e-04
-2.258150e-02 2.236162e-04
-2.246578e-02 2.238407e-04
-2.234632e-02 2.190654e-04
-2.222583e-02 2.179776e-04
-2.210606e-02 2.153249e-04
-2.198619e-02 2.144390e-04
-2.187026e-02 2.185779e-04
-2.175558e-02 2.190169e-04
-2.163966e-02 2.181941e-04
-2.152367e-02 2.182316e-04
-2.140573e-02 2.158864e-04
-2.128785e-02 2.150164e-04
-2.117065e-02 2.128907e-04
-2.105355e-02 2.120627e-04
-2.093833e-02 2.129017e-04
-2.082453e-02 2.120503e-04
-2.071193e-02 2.116972e-04
-2.059873e-02 2.122178e-04
-2.048510e-02 2.129689e-04
-2.037073e-02 2.136862e-04
-2.025360e-02 2.118640e-04
-2.013658e-02 2.111532e-04
-2.002248e-02 2.132382e-04
-1.991106e-02 2.123788e-04
-1.980083e-02 2.119737e-04
-1.968853e-02 2.127794e-04
-1.957384e-02 2.110823e-04
-1.945709e-02 2.119942e-04
-1.934131e-02 2.161333e-04
-1.922702e-02 2.167352e-04
-1.911282e-02 2.193777e-04
-1.900066e-02 2.191146e-04
-1.888791e-02 2.165724e-04
-1.877210e-02 2.174995e-04
-1.865240e-02 2.135892e-04
-1.853144e-02 2.126423e-04
-1.841407e-02 2.160420e-04
-1.829629e-02 2.178033e-04
-1.817715e-02 2.212650e-04
-1.805785e-02 2.226214e-04
-1.793773e-02 2.241541e-04
-1.781545e-02 2.259992e-04
-1.769064e-02 2.268867e-04
-1.756673e-02 2.263436e-04
-1.744294e-02 2.250630e-04
-1.731789e-02 2.256580e-04
-1.719351e-02 2.284218e-04
-1.706711e-02 2.306307e-04
-1.693759e-02 2.324299e-04
-1.680547e-02 2.346558e-04
-1.667254e-02 2.385816e-04
-1.653967e-02 2.399600e-04
-1.640599e-02 2.424209e-04
-1.627370e-02 2.421256e-04
-1.614050e-02 2.398315e-04
-1.600680e-02 2.396278e-04
-1.587244e-02 2.388410e-04
-1.573586e-02 2.399113e-04
-1.559902e-02 2.415196e-04
-1.546270e-02 2.417805e-04
-1.532862e-02 2.462255e-04
-1.519541e-02 2.469538e-04
-1.505998e-02 2.453120e-04
-1.491950e-02 2.480761e-04
-1.477708e-02 2.525118e-04
-1.463338e-02 2.548763e-04
-1.448694e-02 2.578432e-04
-1.433970e-02 2.594265e-04
-1.419457e-02 2.663537e-04
-1.404821e-02 2.695911e-04
-1.389652e-02 2.696958e-04
-1.374574e-02 2.688146e-04
-1.359269e-02 2.626833e-04
-1.344808e-02 2.557794e-04
-1.330683e-02 2.431151e-04
-1.317396e-02 2.335231e-04
-1.304975e-02 2.203526e-04
-1.293000e-02 2.129284e-04
-1.281631e-02 2.024280e-04
-1.270207e-02 1.987064e-04
-1.259223e-02 1.957816e-04
-1.248428e-02 1.938626e-04
-1.237854e-02 1.922120e-04
-1.227434e-02 1.906919e-04
-1.217075e-02 1.881754e-04
-1.206888e-02 1.862426e-04
-1.196915e-02 1.837236e-04
-1.186807e-02 1.836315e-04
-1.176479e-02 1.796922e-04
-1.165975e-02 1.790683e-04
-1.155757e-02 1.821244e-04
-1.145675e-02 1.826471e-04
-1.135627e-02 1.853439e-04
-1.125743e-02 1.853399e-04
-1.115819e-02 1.839583e-04
-1.105915e-02 1.833452e-04
-1.095778e-02 1.777394e-04
-1.085654e-02 1.753909e-04
-1.075864e-02 1.744753e-04
-1.066322e-02 1.728927e-04
-1.056955e-02 1.714098e-04
-1.047627e-02 1.706383e-04
-1.038312e-02 1.693358e-04
-1.028958e-02 1.691045e-04
-1.019620e-02 1.680427e-04
-1.010586e-02 1.658244e-04
-1.001818e-02 1.640844e-04
-9.931771e-03 1.624645e-04
-9.845500e-03 1.582214e-04
-9.758732e-03 1.572074e-04
-9.672550e-03 1.559454e-04
-9.586830e-03 1.552220e-04
-9.502295e-03 1.545826e-04
-9.420171e-03 1.529035e-04
-9.339524e-03 1.507081e-04
-9.260629e-03 1.488651e-04
-9.182638e-03 1.452552e-04
-9.104200e-03 1.440245e-04
-9.026428e-03 1.417467e-04
-8.949824e-03 1.404184e-04
-8.874233e-03 1.389332e-04
-8.798581e-03 1.384411e-04
-8.724240e-03 1.387220e-04
-8.652343e-03 1.373534e-04
-8.580979e-03 1.344411e-04
-8.508326e-03 1.339811e-04
-8.435013e-03 1.316321e-04
-8.362903e-03 1.302434e-04
-8.292267e-03 1.288412e-04
-8.222224e-03 1.279794e-04
-8.154052e-03 1.291786e-04
-8.087790e-03 1.284689e-04
-8.021324e-03 1.256651e-04
-7.953216e-03 1.256435e-04
-7.884433e-03 1.244557e-04
-7.816776e-03 1.231797e-04
-7.750562e-03 1.220661e-04
-7.685327e-03 1.212439e-04
-7.621243e-03 1.213286e-04
-7.557564e-03 1.211199e-04
-7.493560e-03 1.195310e-04
-7.429545e-03 1.189653e-04
-7.365891e-03 1.179964e-04
-7.303309e-03 1.168428e-04
-7.242403e-03 1.164499e-04
-7.182334e-03 1.159655e-04
-7.121619e-03 1.135522e-04
-7.060616e-03 1.128544e-04
-7.000554e-03 1.129051e-04
-6.939917e-03 1.132739e-04
-6.878988e-03 1.133747e-04
-6.819617e-03 1.124741e-04
-6.761231e-03 1.116176e-04
-6.703348e-03 1.108546e-04
-6.645711e-03 1.091578e-04
-6.588485e-03 1.084488e-04
-6.531758e-03 1.077138e-04
-6.474735e-03 1.076303e-04
-6.417272e-03 1.062506e-04
-6.360236e-03 1.054980e-04
-6.304962e-03 1.063505e-04
-6.250893e-03 1.057883e-04
-6.196403e-03 1.035374e-04
-6.141610e-03 1.030508e-04
-6.086659e-03 1.014426e-04
-6.031545e-03 1.009603e-04
-5.977261e-03 1.013781e-04
-5.923834e-03 1.010181e-04
-5.871696e-03 1.017796e-04
-5.820555e-03 1.014545e-04
-5.768943e-03 9.976487e-05
-5.715776e-03 9.995233e-05
-5.662289e-03 9.995029e-05
-5.610641e-03 9.898209e-05
-5.559728e-03 9.788546e-05
-5.509136e-03 9.729897e-05
-5.459116e-03 9.625067e-05
-5.408700e-03 9.611256e-05
-5.358509e-03 9.610675e-05
-5.308261e-03 9.600635e-05
-5.257968e-03 9.566096e-05
-5.209764e-03 9.441475e-05
-5.162215e-03 9.204960e-05
-5.113417e-03 9.194396e-05
-5.064343e-03 9.153094e-05
-5.016036e-03 9.092397e-05
-4.968307e-03 8.984662e-05
-4.919697e-03 8.998752e-05
-4.871873e-03 9.169075e-05
-4.825172e-03 9.150348e-05
-4.778365e-03 9.081105e-05
-4.732478e-03 9.013408e-05
-4.686413e-03 8.829201e-05
-4.640780e-03 8.736909e-05
-4.595902e-03 8.572592e-05
-4.550182e-03 8.564082e-05
-4.504463e-03 8.540636e-05
-4.459541e-03 8.472613e-05
-4.415798e-03 8.480950e-05
-4.371917e-03 8.503608e-05
-4.327562e-03 8.487430e-05
-4.283870e-03 8.441835e-05
-4.239891e-03 8.298731e-05
-4.196258e-03 8.226529e-05
-4.153604e-03 8.157160e-05
-4.111311e-03 8.110423e-05
-4.070408e-03 8.212733e-05
-4.029278e-03 8.251950e-05
-3.986693e-03 8.118858e-05
-3.944187e-03 8.077294e-05
-3.902217e-03 8.081337e-05
-3.861027e-03 8.036038e-05
-3.819969e-03 7.901176e-05
-3.779522e-03 7.815864e-05
-3.739738e-03 7.689526e-05
-3.699372e-03 7.679062e-05
-3.659205e-03 7.683325e-05
-3.618872e-03 7.684209e-05
-3.579328e-03 7.818270e-05
-3.541099e-03 7.798184e-05
-3.502204e-03 7.660441e-05
-3.462771e-03 7.643021e-05
-3.423732e-03 7.631008e-05
-3.385432e-03 7.582248e-05
-3.346910e-03 7.409793e-05
-3.307909e-03 7.366365e-05
-3.269722e-03 7.381953e-05
-3.232016e-03 7.368678e-05
-3.194666e-03 7.391020e-05
-3.157545e-03 7.385390e-05
-3.120015e-03 7.329440e-05
-3.083254e-03 7.263071e-05
-3.046669e-03 7.079960e-05
-3.009184e-03 7.068171e-05
-2.972153e-03 7.111381e-05
-2.935924e-03 7.069088e-05
-2.900068e-03 7.014365e-05
-2.863838e-03 7.026667e-05
-2.827475e-03 7.065113e-05
-2.791457e-03 7.058342e-05
-2.755506e-03 7.023852e-05
-2.720006e-03 6.984370e-05
-2.684756e-03 6.916550e-05
-2.649816e-03 6.864178e-05
-2.615512e-03 6.824999e-05
-2.581098e-03 6.826806e-05
-2.546092e-03 6.733587e-05
-2.511026e-03 6.703492e-05
-2.476457e-03 6.727573e-05
-2.442119e-03 6.722433e-05
-2.408030e-03 6.723983e-05
-2.374281e-03 6.704032e-05
-2.340470e-03 6.638151e-05
-2.306680e-03 6.604163e-05
-2.273000e-03 6.528660e-05
-2.239425e-03 6.504125e-05
-2.206815e-03 6.621482e-05
-2.174483e-03 6.647079e-05
-2.141210e-03 6.536244e-05
-2.107942e-03 6.496134e-05
-2.075247e-03 6.480632e-05
-2.042508e-03 6.468872e-05
-2.009495e-03 6.390989e-05
-1.976885e-03 6.347549e-05
-1.944801e-03 6.314422e-05
-1.912852e-03 6.294335e-05
-1.881000e-03 6.278233e-05
-1.849148e-03 6.272393e-05
-1.817752e-03 6.308240e-05
-1.786619e-03 6.305311e-05
-1.755029e-03 6.220827e-05
-1.723187e-03 6.197069e-05
-1.691773e-03 6.202678e-05
-1.660925e-03 6.179186e-05
-1.629932e-03 6.112734e-05
-1.598858e-03 6.093575e-05
-1.568047e-03 6.061021e-05
-1.537204e-03 6.051256e-05
-1.506597e-03 6.063463e-05
-1.476136e-03 6.050824e-05
-1.445745e-03 6.027647e-05
-1.415939e-03 5.992547e-05
-1.386230e-03 5.911654e-05
-1.356043e-03 5.911168e-05
-1.325737e-03 5.912346e-05
-1.295743e-03 5.894163e-05
-1.266076e-03 5.875949e-05
-1.236534e-03 5.861928e-05
-1.207179e-03 5.854178e-05
-1.177821e-03 5.843567e-05
-1.148473e-03 5.815966e-05
-1.119400e-03 5.797547e-05
-1.090195e-03 5.746285e-05
-1.061126e-03 5.719647e-05
-1.032579e-03 5.710734e-05
-1.003993e-03 5.709827e-05
-9.753042e-04 5.690257e-05
-9.466507e-04 5.673388e-05
-9.180994e-04 5.643736e-05
-8.897221e-04 5.630322e-05
-8.614469e-04 5.610099e-05
-8.333399e-04 5.592723e-05
-8.052701e-04 5.571677e-05
-7.773557e-04 5.554742e-05
-7.496816e-04 5.526646e-05
-7.220573e-04 5.513532e-05
-6.946477e-04 5.512950e-05
-6.672427e-04 5.504981e-05
-6.396648e-04 5.454166e-05
-6.122900e-04 5.431160e-05
-5.852192e-04 5.417870e-05
-5.583421e-04 5.401468e-05
-5.313537e-04 5.357643e-05
-5.044268e-04 5.338125e-05
-4.777203e-04 5.300339e-05
-4.511669e-04 5.277529e-05
-4.248329e-04 5.250789e-05
-3.985569e-04 5.230564e-05
-3.724062e-04 5.195426e-05
-3.465409e-04 5.172767e-05
-3.206907e-04 5.131755e-05
-2.949484e-04 5.110461e-05
-2.694591e-04 5.074033e-05
-2.441647e-04 5.049200e-05
-2.190501e-04 5.010252e-05
-1.939901e-04 4.986180e-05
-1.691331e-04 4.953302e-05
-1.444641e-04 4.936969e-05
-1.198554e-04 4.901722e-05
-9.546373e-05 4.876006e-05
-7.112076e-05 4.830969e-05
-4.703886e-05 4.799555e-05
-2.326443e-05 4.743207e-05
7.861398e-07 4.740254e-05
2.459653e-05 4.770141e-05
4.868424e-05 4.791738e-05
7.279515e-05 4.846180e-05
9.693507e-05 4.874054e-05
1.214265e-04 4.911469e-05
1.460352e-04 4.932022e-05
1.706938e-04 4.962253e-05
1.955055e-04 4.982347e-05
2.204542e-04 5.015294e-05
2.456697e-04 5.036309e-05
2.710002e-04 5.075378e-05
2.963585e-04 5.097972e-05
3.219407e-04 5.142825e-05
3.476645e-04 5.167522e-05
3.735090e-04 5.196590e-05
3.995333e-04 5.217869e-05
4.257004e-04 5.253139e-05
4.520752e-04 5.271116e-05
4.785416e-04 5.305623e-05
5.050138e-04 5.325573e-05
5.316438e-04 5.354660e-05
5.583608e-04 5.370369e-05
5.854224e-04 5.376928e-05
6.126408e-04 5.388731e-05
6.396978e-04 5.428071e-05
6.668986e-04 5.443447e-05
6.941935e-04 5.470360e-05
7.214721e-04 5.486487e-05
7.488912e-04 5.507868e-05
7.764447e-04 5.523648e-05
8.042235e-04 5.550931e-05
8.320648e-04 5.564554e-05
8.598435e-04 5.591879e-05
8.876814e-04 5.605273e-05
9.157571e-04 5.602754e-05
9.441996e-04 5.616193e-05
9.725329e-04 5.671588e-05
1.000757e-03 5.692650e-05
1.029378e-03 5.706633e-05
1.058099e-03 5.717688e-05
1.086720e-03 5.743462e-05
1.115363e-03 5.754067e-05
1.144044e-03 5.777322e-05
1.172984e-03 5.793407e-05
1.202110e-03 5.807060e-05
1.231343e-03 5.826315e-05
1.260674e-03 5.863491e-05
1.290107e-03 5.882954e-05
1.319758e-03 5.922819e-05
1.349140e-03 5.921038e-05
1.378384e-03 5.916774e-05
1.408080e-03 5.934266e-05
1.437973e-03 5.949902e-05
1.468019e-03 5.972772e-05
1.498113e-03 6.028055e-05
1.528129e-03 6.043278e-05
1.558443e-03 6.058790e-05
1.588836e-03 6.069133e-05
1.619164e-03 6.085799e-05
1.649767e-03 6.108333e-05
1.680619e-03 6.129262e-05
1.711586e-03 6.135312e-05
1.742510e-03 6.159255e-05
1.773478e-03 6.178788e-05
1.804560e-03 6.237401e-05
1.835680e-03 6.260863e-05
1.866940e-03 6.279273e-05
1.898364e-03 6.295808e-05
1.929987e-03 6.308597e-05
1.961816e-03 6.316981e-05
1.993726e-03 6.326947e-05
2.025684e-03 6.342032e-05
2.057783e-03 6.360331e-05
2.090110e-03 6.380559e-05
2.122403e-03 6.466825e-05
2.154682e-03 6.497218e-05
2.187214e-03 6.515241e-05
2.220030e-03 6.529960e-05
2.252920e-03 6.558583e-05
2.285628e-03 6.566855e-05
2.318417e-03 6.576294e-05
2.351446e-03 6.594088e-05
2.384712e-03 6.629086e-05
2.418307e-03 6.661554e-05
2.452257e-03 6.667367e-05
2.486567e-03 6.691088e-05
2.520745e-03 6.779069e-05
2.554610e-03 6.782732e-05
2.588516e-03 6.786271e-05
2.622418e-03 6.796628e-05
2.656652e-03 6.795995e-05
2.691548e-03 6.835625e-05
2.726485e-03 6.912948e-05
2.761502e-03 6.945529e-05
2.796592e-03 7.023820e-05
2.831757e-03 7.046912e-05
2.867204e-03 7.063943e-05
2.902849e-03 7.091471e-05
2.939100e-03 7.093624e-05
2.975198e-03 7.085282e-05
3.010977e-03 7.088383e-05
3.047154e-03 7.113429e-05
3.083296e-03 7.188814e-05
3.119703e-03 7.221950e-05
3.156207e-03 7.297528e-05
3.192730e-03 7.335690e-05
3.229757e-03 7.357650e-05
3.267091e-03 7.383926e-05
3.305044e-03 7.381539e-05
3.343515e-03 7.411915e-05
3.381992e-03 7.467146e-05
3.420031e-03 7.460727e-05
3.457334e-03 7.565762e-05
3.495175e-03 7.625428e-05
3.533820e-03 7.656898e-05
3.572590e-03 7.686093e-05
3.611882e-03 7.709466e-05
3.651162e-03 7.717369e-05
3.690134e-03 7.761554e-05
3.729017e-03 7.772088e-05
3.768062e-03 7.774220e-05
3.808250e-03 7.832871e-05
3.849061e-03 7.892240e-05
3.889953e-03 7.929151e-05
3.930855e-03 8.060280e-05
3.971009e-03 8.062807e-05
4.011183e-03 8.036063e-05
4.052045e-03 8.067807e-05
4.092982e-03 8.143578e-05
4.134650e-03 8.203567e-05
4.177021e-03 8.253210e-05
4.219315e-03 8.277610e-05
4.261755e-03 8.320950e-05
4.304227e-03 8.338467e-05
4.347041e-03 8.361565e-05
4.390211e-03 8.391446e-05
4.433322e-03 8.452490e-05
4.476946e-03 8.493580e-05
4.521084e-03 8.522124e-05
4.565535e-03 8.562511e-05
4.610033e-03 8.666335e-05
4.654506e-03 8.702272e-05
4.699062e-03 8.821446e-05
4.743994e-03 8.887234e-05
4.789423e-03 8.953705e-05
4.835386e-03 9.009726e-05
4.882176e-03 9.027167e-05
4.929603e-03 9.059119e-05
4.977073e-03 9.140925e-05
5.023633e-03 9.128135e-05
5.069817e-03 9.189735e-05
5.116956e-03 9.269360e-05
5.165040e-03 9.297848e-05
5.213602e-03 9.336846e-05
5.262399e-03 9.405836e-05
5.311544e-03 9.438470e-05
5.360357e-03 9.584317e-05
5.408872e-03 9.631724e-05
5.457940e-03 9.671212e-05
5.507849e-03 9.735858e-05
5.558889e-03 9.763694e-05
5.610236e-03 9.792443e-05
5.660914e-03 9.946507e-05
5.711539e-03 9.985047e-05
5.762262e-03 1.007571e-04
5.812950e-03 1.011992e-04
5.864487e-03 1.010181e-04
5.916920e-03 1.014908e-04
5.970157e-03 1.018485e-04
6.023644e-03 1.021306e-04
6.076937e-03 1.028457e-04
6.130384e-03 1.031952e-04
6.183694e-03 1.043948e-04
6.237503e-03 1.049818e-04
6.292025e-03 1.054254e-04
6.346708e-03 1.058230e-04
6.402251e-03 1.058910e-04
6.458609e-03 1.064085e-04
6.514277e-03 1.085925e-04
6.569633e-03 1.091918e-04
6.625563e-03 1.098991e-04
6.681820e-03 1.101990e-04
6.738879e-03 1.097014e-04
6.797038e-03 1.103298e-04
6.856539e-03 1.102518e-04
6.916585e-03 1.105563e-04
6.975692e-03 1.125427e-04
7.033429e-03 1.124345e-04
7.090877e-03 1.126186e-04
7.150315e-03 1.137236e-04
7.211007e-03 1.147092e-04
7.272182e-03 1.155065e-04
7.333957e-03 1.167181e-04
7.395693e-03 1.171317e-04
7.457000e-03 1.194401e-04
7.518201e-03 1.202128e-04
7.580514e-03 1.200500e-04
7.644441e-03 1.209625e-04
7.709529e-03 1.215594e-04
7.774856e-03 1.217483e-04
7.839292e-03 1.237655e-04
7.903537e-03 1.245419e-04
7.968539e-03 1.259083e-04
8.033413e-03 1.263271e-04
8.099057e-03 1.257244e-04
8.166327e-03 1.264856e-04
8.234253e-03 1.275049e-04
8.303393e-03 1.284208e-04
8.372652e-03 1.307695e-04
8.442684e-03 1.322501e-04
8.513456e-03 1.356318e-04
8.582463e-03 1.357964e-04
8.651240e-03 1.361259e-04
8.721602e-03 1.371988e-04
8.794378e-03 1.361504e-04
8.869831e-03 1.371900e-04
8.944744e-03 1.409899e-04
9.017329e-03 1.411490e-04
9.089817e-03 1.417500e-04
9.163773e-03 1.428455e-04
9.239457e-03 1.435473e-04
9.317091e-03 1.449784e-04
9.396566e-03 1.453272e-04
9.476632e-03 1.456026e-04
9.555629e-03 1.481638e-04
9.633903e-03 1.488499e-04
9.712412e-03 1.503619e-04
9.793747e-03 1.526002e-04
9.877020e-03 1.561682e-04
9.962712e-03 1.589180e-04
1.004964e-02 1.638946e-04
1.013544e-02 1.650066e-04
1.022242e-02 1.661151e-04
1.031009e-02 1.666992e-04
1.039938e-02 1.656527e-04
1.049111e-02 1.669623e-04
1.058370e-02 1.698053e-04
1.067665e-02 1.710649e-04
1.076998e-02 1.732877e-04
1.086446e-02 1.747828e-04
1.095857e-02 1.795617e-04
1.105286e-02 1.811397e-04
1.114997e-02 1.808299e-04
1.124859e-02 1.818635e-04
1.134868e-02 1.822892e-04
1.145045e-02 1.834515e-04
1.155247e-02 1.869614e-04
1.165571e-02 1.889787e-04
1.175933e-02 1.932343e-04
1.186269e-02 1.943381e-04
1.196674e-02 1.962635e-04
1.207036e-02 1.969565e-04
1.217739e-02 1.932022e-04
1.228439e-02 1.918280e-04
1.239127e-02 1.889090e-04
1.249675e-02 1.870270e-04
1.259818e-02 1.878022e-04
1.270138e-02 1.891382e-04
1.280573e-02 1.909249e-04
1.291250e-02 1.927542e-04
1.302115e-02 1.947524e-04
1.313054e-02 1.961816e-04
1.323939e-02 2.018032e-04
1.334903e-02 2.043178e-04
1.346011e-02 2.081200e-04
1.357532e-02 2.119697e-04
1.369325e-02 2.181148e-04
1.382204e-02 2.265233e-04
1.395497e-02 2.429530e-04
1.409857e-02 2.555604e-04
1.424905e-02 2.801176e-04
1.439942e-02 2.889318e-04
1.456267e-02 2.908349e-04
1.472327e-02 2.899230e-04
1.488782e-02 2.807954e-04
1.504991e-02 2.756444e-04
1.520771e-02 2.685959e-04
1.536127e-02 2.638767e-04
1.550775e-02 2.625438e-04
1.565158e-02 2.604737e-04
1.579392e-02 2.581617e-04
1.593453e-02 2.563032e-04
1.607527e-02 2.499333e-04
1.621621e-02 2.477657e-04
1.635480e-02 2.456592e-04
1.649333e-02 2.445163e-04
1.662907e-02 2.460550e-04
1.676342e-02 2.461113e-04
1.689863e-02 2.457722e-04
1.703786e-02 2.480866e-04
1.717891e-02 2.505090e-04
1.731795e-02 2.501657e-04
1.745657e-02 2.499041e-04
1.759243e-02 2.478106e-04
1.772744e-02 2.434926e-04
1.786066e-02 2.411987e-04
1.799372e-02 2.359725e-04
1.812971e-02 2.358650e-04
1.826402e-02 2.374347e-04
1.839366e-02 2.351883e-04
1.851971e-02 2.349382e-04
1.864335e-02 2.330770e-04
1.876692e-02 2.280726e-04
1.889044e-02 2.265530e-04
1.901532e-02 2.200771e-04
1.913954e-02 2.173452e-04
1.926083e-02 2.154463e-04
1.938186e-02 2.146277e-04
1.949985e-02 2.166083e-04
1.961693e-02 2.167806e-04
1.973520e-02 2.152690e-04
1.985537e-02 2.155601e-04
1.997443e-02 2.182498e-04
2.009151e-02 2.183207e-04
2.021045e-02 2.162201e-04
2.032719e-02 2.141475e-04
2.044036e-02 2.134944e-04
2.055390e-02 2.134770e-04
2.066831e-02 2.119770e-04
2.078575e-02 2.129618e-04
2.090378e-02 2.147402e-04
2.102014e-02 2.146644e-04
2.113828e-02 2.122988e-04
2.125526e-02 2.107682e-04
2.136785e-02 2.130220e-04
2.148007e-02 2.136157e-04
2.159451e-02 2.115790e-04
2.171274e-02 2.128301e-04
2.183092e-02 2.164407e-04
2.194828e-02 2.175439e-04
2.206454e-02 2.224442e-04
2.217836e-02 2.227577e-04
2.229409e-02 2.212949e-04
2.241137e-02 2.217031e-04
2.253122e-02 2.176819e-04
2.265433e-02 2.178827e-04
2.277650e-02 2.200380e-04
2.289494e-02 2.188688e-04
2.301084e-02 2.198435e-04
2.312769e-02 2.207618e-04
2.324569e-02 2.222246e-04
2.336512e-02 2.236220e-04
2.348713e-02 2.223449e-04
2.360997e-02 2.223881e-04
2.373313e-02 2.219792e-04
2.385626e-02 2.215014e-04
2.397707e-02 2.240707e-04
2.409935e-02 2.261755e-04
2.422383e-02 2.292165e-04
2.434740e-02 2.297850e-04
2.447162e-02 2.293955e-04
2.460031e-02 2.319419e-04
2.472988e-02 2.375464e-04
2.486304e-02 2.413756e-04
2.499757e-02 2.497336e-04
2.521010e-02 2.998011e-04
2.542630e-02 4.324710e-04
2.565036e-02 4.850632e-04
2.594577e-02 5.142697e-04
2.623013e-02 5.182332e-04
2.654009e-02 4.844999e-04
2.696842e-02 5.425823e-04
2.739779e-02 7.021099e-04
2.777412e-02 7.285141e-04
2.823266e-02 6.651889e-04
2.872668e-02 6.635860e-04
2.918247e-02 7.252519e-04
2.957460e-02 7.093747e-04
2.999946e-02 6.077098e-04
3.039056e-02 5.508011e-04
3.071392e-02 5.058395e-04
3.102546e-02 4.818589e-04
3.130801e-02 4.638619e-04
3.162410e-02 4.780980e-04
3.196059e-02 4.853996e-04
3.226604e-02 4.694951e-04
3.254738e-02 4.635321e-04
3.280222e-02 4.454449e-04
3.305156e-02 4.043688e-04
3.328587e-02 3.800176e-04
3.349824e-02 3.492141e-04
3.370459e-02 3.350072e-04
3.389396e-02 3.249982e-04
3.408130e-02 3.201911e-04
3.426191e-02 3.167765e-04
3.443440e-02 3.106623e-04
3.460289e-02 3.003506e-04
3.476846e-02 2.944743e-04
3.492743e-02 2.892293e-04
3.508321e-02 2.858176e-04
3.524007e-02 2.745665e-04
3.539594e-02 2.699168e-04
3.554459e-02 2.700414e-04
3.569030e-02 2.683475e-04
3.583317e-02 2.673650e-04
3.597411e-02 2.658567e-04
3.611567e-02 2.606263e-04
3.625876e-02 2.592935e-04
3.640232e-02 2.548549e-04
3.654122e-02 2.508065e-04
3.667565e-02 2.479257e-04
3.680873e-02 2.460869e-04
3.693794e-02 2.464705e-04
3.706831e-02 2.472987e-04
3.719998e-02 2.474169e-04
3.733007e-02 2.461726e-04
3.746075e-02 2.417847e-04
3.758758e-02 2.382263e-04
3.771186e-02 2.334460e-04
3.783521e-02 2.311640e-04
3.795630e-02 2.277009e-04
3.807768e-02 2.266321e-04
3.819770e-02 2.259422e-04
3.831806e-02 2.255915e-04
3.843740e-02 2.263557e-04
3.855552e-02 2.262048e-04
3.867353e-02 2.259679e-04
3.878819e-02 2.238769e-04
3.890218e-02 2.200262e-04
3.901860e-02 2.201030e-04
3.913585e-02 2.180817e-04
3.925520e-02 2.183101e-04
3.937616e-02 2.163134e-04
3.949570e-02 2.150357e-04
3.960771e-02 2.239851e-04
3.971605e-02 2.250125e-04
3.982860e-02 2.217013e-04
3.994267e-02 2.214231e-04
4.005952e-02 2.151791e-04
4.017828e-02 2.140852e-04
4.029372e-02 2.165967e-04
4.040726e-02 2.160648e-04
4.051845e-02 2.185241e-04
4.062941e-02 2.195654e-04
4.074398e-02 2.172650e-04
4.086013e-02 2.173918e-04
4.097617e-02 2.170857e-04
4.109061e-02 2.160078e-04
4.120247e-02 2.173140e-04
4.131300e-02 2.166885e-04
4.142398e-02 2.142115e-04
4.153726e-02 2.149831e-04
4.164998e-02 2.180265e-04
4.176217e-02 2.187974e-04
4.187606e-02 2.189170e-04
4.198865e-02 2.181891e-04
4.210023e-02 2.170360e-04
4.221114e-02 2.159281e-04
4.232233e-02 2.124118e-04
4.243263e-02 2.109020e-04
4.254137e-02 2.093128e-04
4.265191e-02 2.098210e-04
4.276261e-02 2.117676e-04
4.287319e-02 2.124079e-04
4.298139e-02 2.173593e-04
4.308679e-02 2.174640e-04
4.319455e-02 2.138265e-04
4.330350e-02 2.129411e-04
4.341304e-02 2.095169e-04
4.352396e-02 2.094015e-04
4.363533e-02 2.091359e-04
4.374538e-02 2.082600e-04
4.385138e-02 2.117812e-04
4.395619e-02 2.123310e-04
4.406237e-02 2.115694e-04
4.417077e-02 2.123342e-04
4.428203e-02 2.096937e-04
4.439150e-02 2.079524e-04
4.449953e-02 2.062888e-04
4.460711e-02 2.054235e-04
4.471226e-02 2.062762e-04
4.481850e-02 2.072382e-04
4.492566e-02 2.083777e-04
4.503504e-02 2.098317e-04
4.514629e-02 2.107803e-04
4.525480e-02 2.097696e-04
4.536148e-02 2.100084e-04
4.546743e-02 2.096567e-04
4.557353e-02 2.092309e-04
4.567954e-02 2.090297e-04
4.578584e-02 2.072023e-04
4.589475e-02 2.081190e-04
4.600378e-02 2.104678e-04
4.611200e-02 2.105363e-04
4.622013e-02 2.108973e-04
4.632701e-02 2.105630e-04
4.643470e-02 2.090470e-04
4.654197e-02 2.082391e-04
4.664851e-02 2.063865e-04
4.675732e-02 2.070771e-04
4.686753e-02 2.066411e-04
4.697811e-02 2.064135e-04
4.708445e-02 2.128360e-04
4.718826e-02 2.139085e-04
4.729460e-02 2.134568e-04
4.740142e-02 2.135774e-04
4.751029e-02 2.096958e-04
