-6.814744e-02 1.324984e-03
-6.747688e-02 1.351167e-03
-6.680113e-02 1.363700e-03
-6.612615e-02 1.399775e-03
-6.546322e-02 1.405544e-03
-6.476996e-02 1.373109e-03
-6.405094e-02 1.376157e-03
-6.333668e-02 1.390514e-03
-6.267007e-02 1.367826e-03
-6.203775e-02 1.361960e-03
-6.139466e-02 1.366306e-03
-6.072887e-02 1.340531e-03
-6.003481e-02 1.347468e-03
-5.933120e-02 1.352884e-03
-5.862610e-02 1.356481e-03
-5.793136e-02 1.381690e-03
-5.725585e-02 1.379229e-03
-5.659407e-02 1.395276e-03
-5.593612e-02 1.398006e-03
-5.525491e-02 1.368898e-03
-5.454468e-02 1.376584e-03
-5.381316e-02 1.360376e-03
-5.307072e-02 1.361098e-03
-5.237760e-02 1.445304e-03
-5.175644e-02 1.431698e-03
-5.111451e-02 1.361375e-03
-5.042871e-02 1.363117e-03
-4.973884e-02 1.359091e-03
-4.904088e-02 1.362497e-03
-4.831544e-02 1.326154e-03
-4.759463e-02 1.310279e-03
-4.693456e-02 1.367425e-03
-4.629257e-02 1.376420e-03
-4.562833e-02 1.366383e-03
-4.495922e-02 1.366428e-03
-4.427773e-02 1.343835e-03
-4.358073e-02 1.345000e-03
-4.288702e-02 1.353713e-03
-4.220111e-02 1.351427e-03
-4.152944e-02 1.370853e-03
-4.086657e-02 1.373304e-03
-4.019066e-02 1.356325e-03
-3.950400e-02 1.356661e-03
-3.881983e-02 1.361754e-03
-3.813569e-02 1.362830e-03
-3.744582e-02 1.358362e-03
-3.676160e-02 1.354119e-03
