-5.026170e-02 5.927900e-04
-5.003038e-02 5.686869e-04
-4.977665e-02 5.731676e-04
-4.951142e-02 5.672842e-04
-4.924141e-02 5.680350e-04
-4.896902e-02 5.652772e-04
-4.869787e-02 5.638438e-04
-4.842582e-02 5.592000e-04
-4.815149e-02 5.585856e-04
-4.787749e-02 5.566030e-04
-4.760032e-02 5.581046e-04
-4.732189e-02 5.610362e-04
-4.704199e-02 5.626744e-04
-4.676049e-02 5.637187e-04
-4.648138e-02 5.629678e-04
-4.620295e-02 5.628726e-04
-4.592236e-02 5.638282e-04
-4.564189e-02 5.666749e-04
-4.536210e-02 5.675974e-04
-4.507866e-02 5.632323e-04
-4.479090e-02 5.639480e-04
-4.450463e-02 5.692621e-04
-4.421869e-02 5.709685e-04
-4.393309e-02 5.754092e-04
-4.364909e-02 5.763648e-04
-4.336350e-02 5.772382e-04
-4.307403e-02 5.795589e-04
-4.278241e-02 5.815256e-04
-4.248999e-02 5.830272e-04
-4.219506e-02 5.839073e-04
-4.189604e-02 5.863646e-04
-4.159781e-02 5.936256e-04
-4.129538e-02 5.990862e-04
-4.099044e-02 6.109937e-04
-4.067959e-02 6.185020e-04
-4.036213e-02 6.283710e-04
-4.004138e-02 6.342493e-04
-3.971425e-02 6.389940e-04
-3.937984e-02 6.447194e-04
-3.904429e-02 6.597126e-04
-3.870329e-02 6.687522e-04
-3.835659e-02 6.833659e-04
-3.799396e-02 6.978068e-04
-3.762337e-02 7.257055e-04
-3.722843e-02 7.503464e-04
-3.682052e-02 7.960100e-04
-3.636152e-02 8.435170e-04
-3.588113e-02 9.411430e-04
-3.524269e-02 1.070627e-03
-3.456363e-02 1.360747e-03
-3.365895e-02 1.601218e-03
-3.260179e-02 2.017676e-03
-3.181748e-02 2.003001e-03
-3.078195e-02 1.541103e-03
-2.980102e-02 1.342952e-03
-2.905620e-02 1.187851e-03
-2.839853e-02 1.079049e-03
-2.784987e-02 9.583440e-04
-2.737653e-02 8.701848e-04
-2.693870e-02 6.830544e-04
-2.650154e-02 6.149043e-04
-2.617089e-02 6.042763e-04
-2.584081e-02 6.001126e-04
-2.551766e-02 5.992186e-04
-2.519679e-02 5.978535e-04
-2.487888e-02 5.998861e-04
-2.455620e-02 6.031625e-04
-2.423203e-02 6.088924e-04
-2.390809e-02 6.111449e-04
-2.357971e-02 6.109189e-04
-2.324758e-02 6.127618e-04
-2.291499e-02 6.162064e-04
-2.258286e-02 6.175032e-04
-2.224913e-02 6.193727e-04
-2.191108e-02 6.223078e-04
-2.157269e-02 6.298993e-04
-2.122770e-02 6.369475e-04
-2.087953e-02 6.502325e-04
-2.052179e-02 6.603852e-04
-2.015405e-02 6.729112e-04
-1.978789e-02 6.768400e-04
-1.941514e-02 6.757012e-04
-1.903419e-02 6.798268e-04
-1.865552e-02 6.961486e-04
-1.824704e-02 7.199022e-04
-1.783026e-02 7.709275e-04
-1.740698e-02 7.935889e-04
-1.695879e-02 8.162011e-04
-1.656920e-02 7.887617e-04
-1.615799e-02 6.754608e-04
-1.576805e-02 6.222884e-04
-1.543695e-02 5.735107e-04
-1.510550e-02 5.558321e-04
-1.480101e-02 5.508403e-04
-1.449243e-02 5.517959e-04
-1.418715e-02 5.607732e-04
-1.388642e-02 5.609780e-04
-1.358183e-02 5.550946e-04
-1.328702e-02 5.474091e-04
-1.299528e-02 5.303283e-04
-1.271492e-02 5.170588e-04
-1.244115e-02 4.920068e-04
-1.217695e-02 4.772632e-04
-1.192412e-02 4.545808e-04
-1.167699e-02 4.432501e-04
-1.144043e-02 4.300627e-04
-1.120945e-02 4.217353e-04
-1.098746e-02 4.129606e-04
-1.077298e-02 4.055205e-04
-1.056225e-02 3.917105e-04
-1.035278e-02 3.857721e-04
-1.014854e-02 3.774307e-04
-9.949989e-03 3.712193e-04
-9.755875e-03 3.619105e-04
-9.563696e-03 3.572007e-04
-9.376864e-03 3.524992e-04
-9.193446e-03 3.489498e-04
-9.012303e-03 3.434028e-04
-8.834802e-03 3.390344e-04
-8.659690e-03 3.308735e-04
-8.486399e-03 3.270254e-04
-8.315269e-03 3.194339e-04
-8.147212e-03 3.146816e-04
-7.983820e-03 3.097471e-04
-7.822475e-03 3.067438e-04
-7.664203e-03 3.030636e-04
-7.508434e-03 3.004016e-04
-7.354372e-03 2.963005e-04
-7.203496e-03 2.927511e-04
-7.053871e-03 2.845458e-04
-6.904815e-03 2.814060e-04
-6.758832e-03 2.782240e-04
-6.615465e-03 2.753572e-04
-6.474829e-03 2.715340e-04
-6.336469e-03 2.689402e-04
-6.199589e-03 2.646026e-04
-6.063959e-03 2.621453e-04
-5.929923e-03 2.579700e-04
-5.798276e-03 2.551736e-04
-5.668222e-03 2.496698e-04
-5.541468e-03 2.455722e-04
-5.417899e-03 2.398785e-04
-5.295128e-03 2.373530e-04
-5.173835e-03 2.324506e-04
-5.053566e-03 2.301982e-04
-4.935915e-03 2.286478e-04
-4.819742e-03 2.270778e-04
-4.704935e-03 2.246523e-04
-4.591949e-03 2.228094e-04
-4.479986e-03 2.197311e-04
-4.368934e-03 2.179564e-04
-4.258906e-03 2.144082e-04
-4.150926e-03 2.120192e-04
-4.044539e-03 2.083554e-04
-3.937811e-03 2.071268e-04
-3.832106e-03 2.051107e-04
-3.728905e-03 2.029947e-04
-3.627638e-03 2.006457e-04
-3.526826e-03 1.994171e-04
-3.426128e-03 1.961907e-04
-3.325886e-03 1.948636e-04
-3.227236e-03 1.935351e-04
-3.129951e-03 1.921319e-04
-3.033577e-03 1.900442e-04
-2.938227e-03 1.886791e-04
-2.844470e-03 1.872575e-04
-2.752533e-03 1.857559e-04
-2.660710e-03 1.820532e-04
-2.568432e-03 1.808928e-04
-2.476837e-03 1.785370e-04
-2.386152e-03 1.772401e-04
-2.296491e-03 1.756104e-04
-2.207171e-03 1.747230e-04
-2.119217e-03 1.742701e-04
-2.033083e-03 1.731097e-04
-1.947974e-03 1.718546e-04
-1.863205e-03 1.711037e-04
-1.777527e-03 1.674978e-04
-1.692076e-03 1.661549e-04
-1.608445e-03 1.652059e-04
-1.525839e-03 1.641598e-04
-1.443574e-03 1.620722e-04
-1.362219e-03 1.607753e-04
-1.282343e-03 1.593959e-04
-1.201899e-03 1.593276e-04
-1.120999e-03 1.586194e-04
-1.042034e-03 1.571177e-04
-9.644338e-04 1.549860e-04
-8.869476e-04 1.542352e-04
-8.095751e-04 1.525711e-04
-7.329992e-04 1.514108e-04
-6.574473e-04 1.496669e-04
-5.818954e-04 1.491209e-04
-5.070262e-04 1.489668e-04
-4.336362e-04 1.479430e-04
-3.608151e-04 1.458250e-04
-2.882215e-04 1.450060e-04
-2.158556e-04 1.433281e-04
-1.450826e-04 1.417060e-04
-7.533361e-05 1.388431e-04
-4.560521e-06 1.384493e-04
6.507474e-05 1.389982e-04
1.355065e-04 1.397492e-04
2.062797e-04 1.414783e-04
2.780769e-04 1.426389e-04
3.502156e-04 1.450757e-04
4.231508e-04 1.465093e-04
4.971100e-04 1.490076e-04
5.709555e-04 1.497585e-04
6.459387e-04 1.497218e-04
7.221737e-04 1.505410e-04
7.984085e-04 1.530452e-04
8.746434e-04 1.538644e-04
9.514472e-04 1.551930e-04
1.028820e-03 1.560122e-04
1.106875e-03 1.569131e-04
1.186751e-03 1.584149e-04
1.267765e-03 1.609306e-04
1.348551e-03 1.616133e-04
1.429338e-03 1.632633e-04
1.510579e-03 1.642190e-04
1.592731e-03 1.656059e-04
1.676134e-03 1.667664e-04
1.760334e-03 1.686645e-04
1.844306e-03 1.693029e-04
1.928505e-03 1.704418e-04
2.014753e-03 1.719879e-04
2.102480e-03 1.740758e-04
2.189980e-03 1.746902e-04
2.277821e-03 1.755631e-04
2.366799e-03 1.766554e-04
2.456688e-03 1.784398e-04
2.547715e-03 1.796685e-04
2.638855e-03 1.826179e-04
2.730224e-03 1.839150e-04
2.822616e-03 1.860904e-04
2.916259e-03 1.875240e-04
3.011155e-03 1.894221e-04
3.106505e-03 1.903778e-04
3.202311e-03 1.919848e-04
3.300506e-03 1.941010e-04
3.399611e-03 1.987578e-04
3.498489e-03 2.001913e-04
3.598505e-03 2.019725e-04
3.699545e-03 2.033378e-04
3.801608e-03 2.057324e-04
3.905037e-03 2.073026e-04
4.010287e-03 2.083162e-04
4.117243e-03 2.098181e-04
4.224314e-03 2.141190e-04
4.332408e-03 2.161670e-04
4.441868e-03 2.195836e-04
4.552806e-03 2.216998e-04
4.665338e-03 2.245859e-04
4.778781e-03 2.262926e-04
4.893929e-03 2.285313e-04
5.010785e-03 2.302379e-04
5.127868e-03 2.342478e-04
5.246089e-03 2.365005e-04
5.366358e-03 2.397035e-04
5.489244e-03 2.422975e-04
5.613268e-03 2.476122e-04
5.739795e-03 2.510255e-04
5.869167e-03 2.553838e-04
6.000928e-03 2.585239e-04
6.134510e-03 2.646052e-04
6.269571e-03 2.675406e-04
6.406566e-03 2.720630e-04
6.544244e-03 2.742475e-04
6.684084e-03 2.771277e-04
6.826085e-03 2.793122e-04
6.969680e-03 2.823019e-04
7.116916e-03 2.857152e-04
7.266200e-03 2.922159e-04
7.416735e-03 2.951513e-04
7.569205e-03 3.000864e-04
7.723950e-03 3.032266e-04
7.880403e-03 3.086430e-04
8.039131e-03 3.121246e-04
8.200248e-03 3.182865e-04
8.364779e-03 3.223824e-04
8.532723e-03 3.275815e-04
8.702716e-03 3.308583e-04
8.874414e-03 3.376171e-04
9.049983e-03 3.421909e-04
9.229078e-03 3.490240e-04
9.410107e-03 3.528377e-04
9.593070e-03 3.596708e-04
9.780130e-03 3.643903e-04
9.971628e-03 3.706541e-04
1.016790e-02 3.757740e-04
1.036612e-02 3.861979e-04
1.056558e-02 3.909082e-04
1.076868e-02 3.985162e-04
1.097781e-02 4.046600e-04
1.119025e-02 4.156085e-04
1.140985e-02 4.240734e-04
1.163594e-02 4.374206e-04
1.186908e-02 4.462268e-04
1.210825e-02 4.606523e-04
1.235516e-02 4.704825e-04
1.260583e-02 4.908050e-04
1.286742e-02 5.049359e-04
1.313993e-02 5.267512e-04
1.342177e-02 5.399264e-04
1.371488e-02 5.569280e-04
1.401390e-02 5.668948e-04
1.432066e-02 5.825404e-04
1.462207e-02 5.846566e-04
1.493122e-02 5.776336e-04
1.523878e-02 5.744696e-04
1.554417e-02 5.683957e-04
1.586220e-02 5.734712e-04
1.617794e-02 5.922623e-04
1.654308e-02 6.286477e-04
1.691401e-02 7.190250e-04
1.732443e-02 7.756170e-04
1.777194e-02 8.722021e-04
1.816938e-02 8.765028e-04
1.862645e-02 7.878705e-04
1.906793e-02 7.470478e-04
1.946640e-02 7.064199e-04
1.986316e-02 6.903775e-04
2.023842e-02 6.816462e-04
2.061914e-02 6.817828e-04
2.099258e-02 6.932718e-04
2.135270e-02 6.897902e-04
2.171749e-02 6.733662e-04
2.207489e-02 6.626485e-04
2.242579e-02 6.427172e-04
2.277454e-02 6.345936e-04
2.311487e-02 6.270026e-04
2.345508e-02 6.238624e-04
2.378869e-02 6.252048e-04
2.411980e-02 6.245221e-04
2.445000e-02 6.250778e-04
2.477929e-02 6.243952e-04
2.511006e-02 6.200296e-04
2.543923e-02 6.175037e-04
2.576807e-02 6.101420e-04
2.609417e-02 6.061826e-04
2.641538e-02 6.042437e-04
2.673625e-02 6.030149e-04
2.705382e-02 6.041965e-04
2.737526e-02 6.072684e-04
2.769965e-02 6.117811e-04
2.811587e-02 6.681683e-04
2.853483e-02 8.203955e-04
2.903285e-02 9.231577e-04
2.954238e-02 1.188132e-03
3.007113e-02 1.294398e-03
3.080321e-02 1.252260e-03
3.191510e-02 1.464975e-03
3.296874e-02 2.150120e-03
3.377751e-02 2.250879e-03
3.504096e-02 1.776044e-03
3.607104e-02 1.464003e-03
3.681155e-02 1.078049e-03
3.750642e-02 9.123686e-04
3.797908e-02 8.237991e-04
3.843512e-02 7.814746e-04
3.884645e-02 7.383878e-04
3.924662e-02 7.162016e-04
3.962439e-02 6.908859e-04
3.999805e-02 6.796904e-04
4.035840e-02 6.717895e-04
4.071056e-02 6.636658e-04
4.105533e-02 6.524423e-04
4.139338e-02 6.447284e-04
4.172540e-02 6.343136e-04
4.205355e-02 6.278967e-04
4.238011e-02 6.127119e-04
4.270166e-02 6.045779e-04
4.301377e-02 5.967957e-04
4.332417e-02 5.926419e-04
4.362888e-02 5.915031e-04
4.393097e-02 5.895234e-04
4.423307e-02 5.831441e-04
4.453494e-02 5.810279e-04
4.483533e-02 5.784861e-04
4.513469e-02 5.766429e-04
4.543132e-02 5.752083e-04
4.572716e-02 5.745257e-04
4.602049e-02 5.776686e-04
4.631007e-02 5.762350e-04
4.660056e-02 5.707305e-04
4.689230e-02 5.695017e-04
4.718222e-02 5.682657e-04
4.747237e-02 5.682657e-04
4.776320e-02 5.679833e-04
4.805289e-02 5.668910e-04
4.833963e-02 5.679309e-04
4.862420e-02 5.673165e-04
4.890889e-02 5.662767e-04
4.919539e-02 5.666863e-04
4.948383e-02 5.637497e-04
4.977398e-02 5.640227e-04
5.006276e-02 5.679083e-04
5.034916e-02 5.675670e-04
5.063430e-02 5.687059e-04
