-4.709660e-02 2.400888e-04
-4.704493e-02 2.202236e-04
-4.697410e-02 2.243083e-04
-4.689384e-02 2.197965e-04
-4.680854e-02 2.215084e-04
-4.671771e-02 2.179283e-04
-4.662327e-02 2.187894e-04
-4.652625e-02 2.161057e-04
-4.642989e-02 2.147489e-04
-4.633408e-02 2.119024e-04
-4.623545e-02 2.122897e-04
-4.613663e-02 2.130275e-04
-4.603687e-02 2.141521e-04
-4.593486e-02 2.135377e-04
-4.583206e-02 2.137900e-04
-4.572941e-02 2.155675e-04
-4.562920e-02 2.147408e-04
-4.553016e-02 2.136111e-04
-4.543068e-02 2.134765e-04
-4.532848e-02 2.085781e-04
-4.522252e-02 2.087936e-04
-4.511667e-02 2.095890e-04
-4.501158e-02 2.097072e-04
-4.490853e-02 2.142461e-04
-4.480791e-02 2.144203e-04
-4.470722e-02 2.139844e-04
-4.460469e-02 2.149324e-04
-4.449826e-02 2.110473e-04
-4.439029e-02 2.102844e-04
-4.428432e-02 2.115052e-04
-4.418151e-02 2.103410e-04
-4.407961e-02 2.086346e-04
-4.397484e-02 2.097425e-04
-4.386979e-02 2.131735e-04
-4.376435e-02 2.146497e-04
-4.365649e-02 2.139017e-04
-4.354915e-02 2.133144e-04
-4.344381e-02 2.150157e-04
-4.334016e-02 2.143235e-04
-4.323667e-02 2.126607e-04
-4.313146e-02 2.133856e-04
-4.302396e-02 2.123880e-04
-4.291464e-02 2.131163e-04
-4.280633e-02 2.160015e-04
-4.269889e-02 2.165156e-04
-4.259191e-02 2.187169e-04
-4.248609e-02 2.185191e-04
-4.237953e-02 2.167241e-04
-4.227203e-02 2.169346e-04
-4.216256e-02 2.142344e-04
-4.205193e-02 2.139501e-04
-4.194262e-02 2.161647e-04
-4.183453e-02 2.162310e-04
-4.172823e-02 2.185854e-04
-4.162213e-02 2.193143e-04
-4.151393e-02 2.178320e-04
-4.140219e-02 2.191218e-04
-4.128828e-02 2.190745e-04
-4.117705e-02 2.177366e-04
-4.106784e-02 2.181830e-04
-4.095806e-02 2.186846e-04
-4.084854e-02 2.196805e-04
-4.073836e-02 2.204339e-04
-4.062684e-02 2.202886e-04
-4.051255e-02 2.215935e-04
-4.039797e-02 2.247205e-04
-4.028642e-02 2.243292e-04
-4.017596e-02 2.250611e-04
-4.006623e-02 2.248929e-04
-3.995378e-02 2.207492e-04
-3.983739e-02 2.216284e-04
-3.972053e-02 2.224597e-04
-3.960382e-02 2.226759e-04
-3.948890e-02 2.262762e-04
-3.937477e-02 2.267834e-04
-3.926079e-02 2.284177e-04
-3.914597e-02 2.298120e-04
-3.902816e-02 2.295593e-04
-3.890818e-02 2.307703e-04
-3.878757e-02 2.321964e-04
-3.866740e-02 2.324447e-04
-3.854745e-02 2.334892e-04
-3.842491e-02 2.350894e-04
-3.830403e-02 2.422918e-04
-3.818320e-02 2.451831e-04
-3.805710e-02 2.444551e-04
-3.792903e-02 2.453718e-04
-3.780048e-02 2.480415e-04
-3.767354e-02 2.480393e-04
-3.754750e-02 2.485877e-04
-3.742034e-02 2.494631e-04
-3.729220e-02 2.502808e-04
-3.715944e-02 2.530064e-04
-3.702485e-02 2.575358e-04
-3.688945e-02 2.599969e-04
-3.675276e-02 2.646868e-04
-3.661731e-02 2.656341e-04
-3.648098e-02 2.677950e-04
-3.634353e-02 2.692525e-04
-3.620416e-02 2.690704e-04
-3.606026e-02 2.717218e-04
-3.591492e-02 2.766726e-04
-3.576650e-02 2.799096e-04
-3.561754e-02 2.879837e-04
-3.546684e-02 2.923103e-04
-3.531290e-02 3.000439e-04
-3.515408e-02 3.057753e-04
-3.498973e-02 3.113384e-04
-3.481930e-02 3.170019e-04
-3.464523e-02 3.266555e-04
-3.446343e-02 3.342998e-04
-3.427867e-02 3.505883e-04
-3.408420e-02 3.627223e-04
-3.388439e-02 3.874890e-04
-3.366562e-02 4.077926e-04
-3.343157e-02 4.403832e-04
-3.317535e-02 4.655149e-04
-3.290460e-02 5.094113e-04
-3.259488e-02 5.486391e-04
-3.225100e-02 6.005576e-04
-3.190988e-02 6.167048e-04
-3.154628e-02 6.241836e-04
-3.105995e-02 7.012060e-04
-3.056463e-02 9.032089e-04
-3.012687e-02 9.416615e-04
-2.955406e-02 8.196994e-04
-2.904003e-02 7.404570e-04
-2.861251e-02 6.648057e-04
-2.826476e-02 5.888626e-04
-2.795488e-02 4.417668e-04
-2.763557e-02 3.951698e-04
-2.740230e-02 4.088715e-04
-2.716206e-02 4.179912e-04
-2.691920e-02 4.405591e-04
-2.668389e-02 4.442017e-04
-2.643365e-02 4.276964e-04
-2.618059e-02 4.234552e-04
-2.593651e-02 4.266970e-04
-2.574701e-02 3.945668e-04
-2.554613e-02 2.867330e-04
-2.535041e-02 2.452905e-04
-2.522018e-02 2.400523e-04
-2.509183e-02 2.370410e-04
-2.496683e-02 2.333246e-04
-2.483807e-02 2.342516e-04
-2.470810e-02 2.348329e-04
-2.458050e-02 2.332994e-04
-2.445623e-02 2.346313e-04
-2.433633e-02 2.328110e-04
-2.421688e-02 2.285217e-04
-2.409613e-02 2.277544e-04
-2.397335e-02 2.230928e-04
-2.384875e-02 2.225228e-04
-2.372646e-02 2.239315e-04
-2.360595e-02 2.233706e-04
-2.348808e-02 2.262384e-04
-2.337017e-02 2.269883e-04
-2.324957e-02 2.246212e-04
-2.312799e-02 2.246602e-04
-2.300469e-02 2.227411e-04
-2.288055e-02 2.225696e-04
-2.275863e-02 2.249258e-04
-2.264014e-02 2.237106e-04
-2.252425e-02 2.246717e-04
-2.240547e-02 2.264372e-04
-2.228351e-02 2.260578e-04
-2.216094e-02 2.265875e-04
-2.203727e-02 2.262234e-04
-2.191453e-02 2.255367e-04
-2.179237e-02 2.254353e-04
-2.167149e-02 2.246374e-04
-2.155169e-02 2.233373e-04
-2.142888e-02 2.246739e-04
-2.130353e-02 2.241293e-04
-2.117612e-02 2.248493e-04
-2.105010e-02 2.292030e-04
-2.092643e-02 2.296638e-04
-2.080379e-02 2.335182e-04
-2.068290e-02 2.338644e-04
-2.056063e-02 2.316321e-04
-2.043675e-02 2.318002e-04
-2.030936e-02 2.264193e-04
-2.017822e-02 2.264208e-04
-2.005057e-02 2.322924e-04
-1.992562e-02 2.330910e-04
-1.980134e-02 2.364114e-04
-1.967426e-02 2.392889e-04
-1.954320e-02 2.415583e-04
-1.940876e-02 2.444246e-04
-1.927120e-02 2.462500e-04
-1.913217e-02 2.477937e-04
-1.899403e-02 2.535796e-04
-1.885603e-02 2.552268e-04
-1.871712e-02 2.583294e-04
-1.857677e-02 2.606578e-04
-1.843287e-02 2.612298e-04
-1.828841e-02 2.617775e-04
-1.814138e-02 2.599960e-04
-1.799820e-02 2.570569e-04
-1.785827e-02 2.532842e-04
-1.771945e-02 2.512550e-04
-1.758266e-02 2.490053e-04
-1.744174e-02 2.503247e-04
-1.729978e-02 2.523101e-04
-1.715468e-02 2.552432e-04
-1.700915e-02 2.636535e-04
-1.686303e-02 2.670680e-04
-1.671527e-02 2.727881e-04
-1.656707e-02 2.751075e-04
-1.641564e-02 2.761577e-04
-1.625560e-02 2.813060e-04
-1.609091e-02 2.878952e-04
-1.591955e-02 2.946433e-04
-1.574612e-02 3.099340e-04
-1.557731e-02 3.126877e-04
-1.540102e-02 3.090299e-04
-1.523771e-02 2.999338e-04
-1.507602e-02 2.761700e-04
-1.492110e-02 2.635503e-04
-1.477471e-02 2.427434e-04
-1.463329e-02 2.319424e-04
-1.450500e-02 2.239409e-04
-1.438014e-02 2.193140e-04
-1.425986e-02 2.148910e-04
-1.414197e-02 2.118703e-04
-1.402730e-02 2.080065e-04
-1.391208e-02 2.069441e-04
-1.379782e-02 2.055897e-04
-1.368515e-02 2.038658e-04
-1.357525e-02 2.037458e-04
-1.346736e-02 2.027707e-04
-1.335965e-02 2.003478e-04
-1.324972e-02 2.007961e-04
-1.313873e-02 2.010156e-04
-1.302458e-02 2.030125e-04
-1.290913e-02 2.056148e-04
-1.279576e-02 2.052981e-04
-1.268495e-02 2.086813e-04
-1.257578e-02 2.086199e-04
-1.246406e-02 2.042175e-04
-1.235213e-02 2.030346e-04
-1.223960e-02 1.994944e-04
-1.212834e-02 1.974644e-04
-1.201946e-02 1.950034e-04
-1.191116e-02 1.937694e-04
-1.180554e-02 1.948158e-04
-1.170183e-02 1.937776e-04
-1.159743e-02 1.897937e-04
-1.149262e-02 1.888658e-04
-1.138801e-02 1.866297e-04
-1.128645e-02 1.839941e-04
-1.118711e-02 1.810411e-04
-1.109007e-02 1.786029e-04
-1.099516e-02 1.746772e-04
-1.089993e-02 1.734494e-04
-1.080493e-02 1.703937e-04
-1.070975e-02 1.691567e-04
-1.061598e-02 1.681053e-04
-1.052649e-02 1.653884e-04
-1.043936e-02 1.623726e-04
-1.035273e-02 1.609852e-04
-1.026670e-02 1.574993e-04
-1.018047e-02 1.563685e-04
-1.009495e-02 1.544192e-04
-1.001001e-02 1.531515e-04
-9.926830e-03 1.525810e-04
-9.845735e-03 1.513306e-04
-9.766337e-03 1.506854e-04
-9.687703e-03 1.499945e-04
-9.608057e-03 1.469415e-04
-9.528681e-03 1.456840e-04
-9.450590e-03 1.437656e-04
-9.373161e-03 1.426774e-04
-9.296824e-03 1.414780e-04
-9.221938e-03 1.399816e-04
-9.148926e-03 1.389683e-04
-9.075771e-03 1.388765e-04
-9.001721e-03 1.376460e-04
-8.928162e-03 1.369126e-04
-8.855278e-03 1.354691e-04
-8.783632e-03 1.342051e-04
-8.713775e-03 1.336819e-04
-8.644608e-03 1.330792e-04
-8.575487e-03 1.314825e-04
-8.505349e-03 1.313365e-04
-8.433902e-03 1.287731e-04
-8.363091e-03 1.276429e-04
-8.294297e-03 1.283365e-04
-8.227492e-03 1.273972e-04
-8.162091e-03 1.266376e-04
-8.097057e-03 1.261430e-04
-8.031508e-03 1.239069e-04
-7.965233e-03 1.233669e-04
-7.898643e-03 1.213643e-04
-7.832899e-03 1.203002e-04
-7.768821e-03 1.201153e-04
-7.706244e-03 1.191485e-04
-7.643978e-03 1.174179e-04
-7.580773e-03 1.173605e-04
-7.518230e-03 1.178527e-04
-7.456123e-03 1.177683e-04
-7.393522e-03 1.167083e-04
-7.331704e-03 1.156964e-04
-7.271333e-03 1.153118e-04
-7.211973e-03 1.147231e-04
-7.152576e-03 1.134529e-04
-7.093252e-03 1.129539e-04
-7.033667e-03 1.106965e-04
-6.973727e-03 1.100973e-04
-6.914888e-03 1.102697e-04
-6.856627e-03 1.098319e-04
-6.799194e-03 1.100053e-04
-6.742772e-03 1.096098e-04
-6.686219e-03 1.082963e-04
-6.629551e-03 1.078911e-04
-6.572555e-03 1.066188e-04
-6.515932e-03 1.059397e-04
-6.460600e-03 1.057963e-04
-6.405908e-03 1.053596e-04
-6.351463e-03 1.045593e-04
-6.296905e-03 1.041961e-04
-6.243168e-03 1.045630e-04
-6.189934e-03 1.045352e-04
-6.135165e-03 1.022888e-04
-6.080762e-03 1.012609e-04
-6.028144e-03 1.009877e-04
-5.976427e-03 1.003473e-04
-5.925411e-03 9.973891e-05
-5.874084e-03 9.957013e-05
-5.822428e-03 9.856116e-05
-5.770701e-03 9.837420e-05
-5.718861e-03 9.766928e-05
-5.667401e-03 9.718761e-05
-5.616957e-03 9.790747e-05
-5.567762e-03 9.741879e-05
-5.518495e-03 9.556829e-05
-5.469050e-03 9.500884e-05
-5.419646e-03 9.352263e-05
-5.369873e-03 9.308059e-05
-5.320695e-03 9.285656e-05
-5.272110e-03 9.254588e-05
-5.223976e-03 9.278153e-05
-5.177034e-03 9.215238e-05
-5.130514e-03 9.075530e-05
-5.083798e-03 9.037025e-05
-5.036834e-03 8.888597e-05
-4.990099e-03 8.809308e-05
-4.943927e-03 8.684437e-05
-4.897837e-03 8.646418e-05
-4.852789e-03 8.714214e-05
-4.808608e-03 8.686829e-05
-4.764209e-03 8.607104e-05
-4.719802e-03 8.578939e-05
-4.675416e-03 8.471203e-05
-4.631418e-03 8.409120e-05
-4.588160e-03 8.360290e-05
-4.545343e-03 8.304858e-05
-4.503277e-03 8.276707e-05
-4.461146e-03 8.281780e-05
-4.418093e-03 8.173325e-05
-4.374805e-03 8.148555e-05
-4.332221e-03 8.165800e-05
-4.290356e-03 8.128760e-05
-4.248967e-03 8.105313e-05
-4.208104e-03 8.054318e-05
-4.167342e-03 7.930149e-05
-4.126514e-03 7.900193e-05
-4.085851e-03 7.844338e-05
-4.044931e-03 7.839542e-05
-4.003980e-03 7.850600e-05
-3.963782e-03 7.809598e-05
-3.924709e-03 7.853584e-05
-3.886103e-03 7.841377e-05
-3.846853e-03 7.700119e-05
-3.807167e-03 7.665058e-05
-3.767300e-03 7.538640e-05
-3.727626e-03 7.491863e-05
-3.688763e-03 7.525078e-05
-3.650427e-03 7.505559e-05
-3.612693e-03 7.523192e-05
-3.575210e-03 7.514473e-05
-3.537471e-03 7.447622e-05
-3.499740e-03 7.423138e-05
-3.461858e-03 7.330129e-05
-3.424047e-03 7.282488e-05
-3.386692e-03 7.227017e-05
-3.349938e-03 7.180867e-05
-3.313518e-03 7.134996e-05
-3.276890e-03 7.130989e-05
-3.240401e-03 7.115874e-05
-3.203774e-03 7.118734e-05
-3.167234e-03 7.141211e-05
-3.131304e-03 7.102950e-05
-3.095543e-03 7.025126e-05
-3.060286e-03 6.976473e-05
-3.025255e-03 6.879210e-05
-2.990234e-03 6.843555e-05
-2.955225e-03 6.771975e-05
-2.919715e-03 6.776306e-05
-2.884508e-03 6.812928e-05
-2.849880e-03 6.791303e-05
-2.815544e-03 6.779871e-05
-2.781320e-03 6.759771e-05
-2.747030e-03 6.693296e-05
-2.713069e-03 6.658753e-05
-2.679035e-03 6.575444e-05
-2.645020e-03 6.544356e-05
-2.611760e-03 6.558889e-05
-2.578895e-03 6.540403e-05
-2.546313e-03 6.536334e-05
-2.513408e-03 6.545317e-05
-2.480238e-03 6.526291e-05
-2.447381e-03 6.509610e-05
-2.414424e-03 6.446822e-05
-2.381867e-03 6.400185e-05
-2.349489e-03 6.324270e-05
-2.317162e-03 6.293852e-05
-2.285450e-03 6.287845e-05
-2.253586e-03 6.294820e-05
-2.221638e-03 6.300052e-05
-2.189711e-03 6.292010e-05
-2.158000e-03 6.305719e-05
-2.126797e-03 6.288760e-05
-2.095377e-03 6.228934e-05
-2.064068e-03 6.200571e-05
-2.032923e-03 6.125195e-05
-2.001677e-03 6.104058e-05
-1.970605e-03 6.074412e-05
-1.939453e-03 6.060315e-05
-1.908737e-03 6.094194e-05
-1.878515e-03 6.085089e-05
-1.848354e-03 6.070066e-05
-1.818333e-03 6.056304e-05
-1.788089e-03 6.003732e-05
-1.757926e-03 5.979868e-05
-1.727842e-03 5.903910e-05
-1.697755e-03 5.876705e-05
-1.668109e-03 5.874574e-05
-1.638318e-03 5.874419e-05
-1.608553e-03 5.878348e-05
-1.579056e-03 5.871676e-05
-1.549476e-03 5.861546e-05
-1.520140e-03 5.843331e-05
-1.490938e-03 5.793145e-05
-1.461943e-03 5.762731e-05
-1.433240e-03 5.727271e-05
-1.404481e-03 5.710149e-05
-1.375810e-03 5.677459e-05
-1.347149e-03 5.672872e-05
-1.318485e-03 5.659775e-05
-1.289996e-03 5.644553e-05
-1.261657e-03 5.648486e-05
-1.233561e-03 5.635331e-05
-1.205555e-03 5.592508e-05
-1.177642e-03 5.571442e-05
-1.149780e-03 5.521256e-05
-1.121778e-03 5.504114e-05
-1.093970e-03 5.489185e-05
-1.066455e-03 5.473755e-05
-1.038973e-03 5.457099e-05
-1.011495e-03 5.450886e-05
-9.842608e-04 5.453599e-05
-9.571969e-04 5.444322e-05
-9.300298e-04 5.401305e-05
-9.028731e-04 5.377873e-05
-8.758116e-04 5.328902e-05
-8.489960e-04 5.303810e-05
-8.225158e-04 5.289943e-05
-7.961005e-04 5.281047e-05
-7.696504e-04 5.270447e-05
-7.432780e-04 5.261946e-05
-7.171064e-04 5.251870e-05
-6.910984e-04 5.238407e-05
-6.650335e-04 5.191515e-05
-6.389095e-04 5.171151e-05
-6.129885e-04 5.148581e-05
-5.873007e-04 5.133499e-05
-5.617012e-04 5.106342e-05
-5.361561e-04 5.093275e-05
-5.105786e-04 5.070726e-05
-4.850892e-04 5.057295e-05
-4.598946e-04 5.049932e-05
-4.348427e-04 5.038701e-05
-4.098476e-04 5.016999e-05
-3.848339e-04 5.003503e-05
-3.598319e-04 4.968062e-05
-3.349877e-04 4.952632e-05
-3.101318e-04 4.926454e-05
-2.853572e-04 4.912131e-05
-2.608170e-04 4.892754e-05
-2.363997e-04 4.878384e-05
-2.120962e-04 4.857457e-05
-1.878043e-04 4.842641e-05
-1.635878e-04 4.814169e-05
-1.396625e-04 4.793040e-05
-1.158416e-04 4.751824e-05
-9.224471e-05 4.723535e-05
-6.869652e-05 4.670761e-05
-4.542217e-05 4.635766e-05
-2.246921e-05 4.572461e-05
7.854170e-07 4.568513e-05
2.378942e-05 4.597450e-05
4.706958e-05 4.618840e-05
7.031841e-05 4.681838e-05
9.367166e-05 4.717080e-05
1.174461e-04 4.762800e-05
1.413006e-04 4.784124e-05
1.652004e-04 4.817844e-05
1.892359e-04 4.838146e-05
2.134570e-04 4.863535e-05
2.378790e-04 4.878077e-05
2.623891e-04 4.903665e-05
2.868377e-04 4.915833e-05
3.115103e-04 4.930951e-05
3.362955e-04 4.943177e-05
3.610098e-04 4.970307e-05
3.858089e-04 4.985167e-05
4.107124e-04 5.009004e-05
4.357807e-04 5.020637e-05
4.609441e-04 5.036997e-05
4.861052e-04 5.049579e-05
5.113998e-04 5.062292e-05
5.367500e-04 5.070217e-05
5.622035e-04 5.094242e-05
5.877672e-04 5.109543e-05
6.132903e-04 5.139581e-05
6.390907e-04 5.160009e-05
6.649944e-04 5.199369e-05
6.908725e-04 5.219041e-05
7.169595e-04 5.238881e-05
7.430837e-04 5.248265e-05
7.694341e-04 5.256505e-05
7.958959e-04 5.266181e-05
8.222254e-04 5.295249e-05
8.487197e-04 5.315621e-05
8.754077e-04 5.339845e-05
9.023812e-04 5.358387e-05
9.293895e-04 5.403953e-05
9.561634e-04 5.413616e-05
9.831183e-04 5.430837e-05
1.010165e-03 5.442539e-05
1.037276e-03 5.443702e-05
1.064562e-03 5.454585e-05
1.091950e-03 5.467763e-05
1.119648e-03 5.483688e-05
1.147342e-03 5.528597e-05
1.175126e-03 5.557584e-05
1.203066e-03 5.611904e-05
1.230693e-03 5.612738e-05
1.258556e-03 5.596839e-05
1.286775e-03 5.612417e-05
1.314889e-03 5.651950e-05
1.343150e-03 5.667306e-05
1.371621e-03 5.674876e-05
1.400070e-03 5.683913e-05
1.428461e-03 5.718392e-05
1.457140e-03 5.748074e-05
1.486208e-03 5.787610e-05
1.515463e-03 5.813138e-05
1.544863e-03 5.837750e-05
1.574073e-03 5.835099e-05
1.603035e-03 5.869013e-05
1.632126e-03 5.880961e-05
1.661378e-03 5.887110e-05
1.690594e-03 5.895103e-05
1.720172e-03 5.879072e-05
1.750255e-03 5.903640e-05
1.780265e-03 5.961777e-05
1.810339e-03 5.986544e-05
1.840421e-03 6.053983e-05
1.870550e-03 6.072840e-05
1.901000e-03 6.071743e-05
1.931426e-03 6.078207e-05
1.961869e-03 6.093425e-05
1.992557e-03 6.113583e-05
2.023605e-03 6.132601e-05
2.054415e-03 6.125143e-05
2.084709e-03 6.167196e-05
2.115597e-03 6.209550e-05
2.146866e-03 6.263475e-05
2.178032e-03 6.285162e-05
2.209602e-03 6.278035e-05
2.241343e-03 6.285682e-05
2.273255e-03 6.302253e-05
2.305043e-03 6.300819e-05
2.336579e-03 6.314967e-05
2.368333e-03 6.333175e-05
2.400229e-03 6.359918e-05
2.432881e-03 6.406122e-05
2.465680e-03 6.509694e-05
2.498036e-03 6.529088e-05
2.530752e-03 6.547410e-05
2.563330e-03 6.545648e-05
2.595906e-03 6.516385e-05
2.628982e-03 6.535989e-05
2.662293e-03 6.551298e-05
2.696131e-03 6.579405e-05
2.729926e-03 6.664605e-05
2.763430e-03 6.686780e-05
2.797019e-03 6.759520e-05
2.830811e-03 6.797911e-05
2.864792e-03 6.847327e-05
2.898728e-03 6.862327e-05
2.933329e-03 6.792755e-05
2.968472e-03 6.790943e-05
3.003331e-03 6.833515e-05
3.038154e-03 6.855898e-05
3.072897e-03 6.931213e-05
3.107933e-03 6.975979e-05
3.143183e-03 7.091417e-05
3.178711e-03 7.149844e-05
3.214812e-03 7.189959e-05
3.250890e-03 7.203075e-05
3.287102e-03 7.217221e-05
3.322958e-03 7.191209e-05
3.358693e-03 7.139396e-05
3.394956e-03 7.162127e-05
3.431384e-03 7.224987e-05
3.468662e-03 7.298870e-05
3.506476e-03 7.387239e-05
3.544192e-03 7.413122e-05
3.581822e-03 7.499165e-05
3.619171e-03 7.502972e-05
3.656554e-03 7.507829e-05
3.694013e-03 7.524373e-05
3.732305e-03 7.459828e-05
3.771143e-03 7.469407e-05
3.809311e-03 7.579287e-05
3.848089e-03 7.655540e-05
3.887105e-03 7.827627e-05
3.925775e-03 7.858020e-05
3.964972e-03 7.854217e-05
4.004354e-03 7.874584e-05
4.044537e-03 7.797920e-05
4.085026e-03 7.788536e-05
4.125483e-03 7.796912e-05
4.166003e-03 7.803884e-05
4.205871e-03 7.902330e-05
4.246320e-03 7.961742e-05
4.286805e-03 8.120356e-05
4.327736e-03 8.215031e-05
4.369829e-03 8.284376e-05
4.411637e-03 8.292300e-05
4.453972e-03 8.257746e-05
4.496238e-03 8.241263e-05
4.538102e-03 8.231186e-05
4.580635e-03 8.267813e-05
4.623180e-03 8.367615e-05
4.666252e-03 8.423658e-05
4.709744e-03 8.509487e-05
4.753796e-03 8.585394e-05
4.797829e-03 8.832305e-05
4.840382e-03 8.832491e-05
4.883589e-03 8.690635e-05
4.927857e-03 8.703332e-05
4.972716e-03 8.639769e-05
5.018786e-03 8.677560e-05
5.064708e-03 8.807505e-05
5.111193e-03 8.899748e-05
5.157602e-03 9.168073e-05
5.203431e-03 9.230217e-05
5.249622e-03 9.378052e-05
5.296158e-03 9.452167e-05
5.344170e-03 9.376394e-05
5.392892e-03 9.378882e-05
5.441991e-03 9.323770e-05
5.491226e-03 9.324674e-05
5.539408e-03 9.502081e-05
5.588155e-03 9.600024e-05
5.637801e-03 9.759114e-05
5.687837e-03 9.840146e-05
5.738517e-03 9.920570e-05
5.789211e-03 9.950289e-05
5.840376e-03 9.954165e-05
5.891415e-03 9.934405e-05
5.942332e-03 9.900398e-05
5.993093e-03 9.892195e-05
6.043741e-03 9.925427e-05
6.096282e-03 1.005134e-04
6.149349e-03 1.027536e-04
6.202675e-03 1.037157e-04
6.256387e-03 1.057447e-04
6.309418e-03 1.059217e-04
6.363061e-03 1.053961e-04
6.416591e-03 1.052821e-04
6.470339e-03 1.049957e-04
6.524961e-03 1.054190e-04
6.580579e-03 1.045314e-04
6.637019e-03 1.047058e-04
6.691886e-03 1.078162e-04
6.747204e-03 1.090564e-04
6.803120e-03 1.114983e-04
6.858479e-03 1.121927e-04
6.915669e-03 1.110774e-04
6.973926e-03 1.113138e-04
7.032754e-03 1.114348e-04
7.091844e-03 1.116400e-04
7.150482e-03 1.125372e-04
7.208940e-03 1.127514e-04
7.266861e-03 1.142397e-04
7.326224e-03 1.154810e-04
7.386516e-03 1.173759e-04
7.446768e-03 1.181906e-04
7.508894e-03 1.177762e-04
7.570893e-03 1.175537e-04
7.632132e-03 1.177495e-04
7.693479e-03 1.178848e-04
7.754724e-03 1.184313e-04
7.818297e-03 1.198587e-04
7.883203e-03 1.216034e-04
7.948073e-03 1.223701e-04
8.012832e-03 1.251465e-04
8.077456e-03 1.260710e-04
8.141928e-03 1.284178e-04
8.205255e-03 1.285740e-04
8.270743e-03 1.253978e-04
8.338426e-03 1.253987e-04
8.405910e-03 1.257478e-04
8.474683e-03 1.268141e-04
8.543306e-03 1.300194e-04
8.611114e-03 1.306881e-04
8.678854e-03 1.331549e-04
8.747060e-03 1.343274e-04
8.816459e-03 1.350890e-04
8.887513e-03 1.361687e-04
8.960419e-03 1.360878e-04
9.031820e-03 1.353385e-04
9.101110e-03 1.367658e-04
9.171556e-03 1.379739e-04
9.243363e-03 1.395886e-04
9.316628e-03 1.410522e-04
9.391016e-03 1.427129e-04
9.466622e-03 1.440434e-04
9.544254e-03 1.443554e-04
9.622541e-03 1.446588e-04
9.699390e-03 1.479057e-04
9.774557e-03 1.482637e-04
9.851335e-03 1.471330e-04
9.930147e-03 1.479520e-04
1.000903e-02 1.495469e-04
1.009122e-02 1.521121e-04
1.017455e-02 1.573445e-04
1.025656e-02 1.582200e-04
1.033913e-02 1.597256e-04
1.042185e-02 1.605709e-04
1.050553e-02 1.613182e-04
1.059133e-02 1.628593e-04
1.068025e-02 1.625714e-04
1.077095e-02 1.635541e-04
1.086117e-02 1.664609e-04
1.095197e-02 1.676213e-04
1.104183e-02 1.724050e-04
1.113291e-02 1.750819e-04
1.122750e-02 1.766845e-04
1.132476e-02 1.788714e-04
1.142455e-02 1.814267e-04
1.152481e-02 1.826511e-04
1.162446e-02 1.863816e-04
1.172511e-02 1.883238e-04
1.182712e-02 1.914245e-04
1.193104e-02 1.934129e-04
1.203697e-02 1.956185e-04
1.214519e-02 1.980494e-04
1.225580e-02 2.015664e-04
1.236440e-02 2.016450e-04
1.247267e-02 2.016566e-04
1.258128e-02 2.018693e-04
1.268989e-02 2.024526e-04
1.280287e-02 2.049953e-04
1.291830e-02 2.079989e-04
1.303415e-02 2.096088e-04
1.315207e-02 2.114287e-04
1.326862e-02 2.112841e-04
1.338241e-02 2.146794e-04
1.349390e-02 2.145224e-04
1.360735e-02 2.108229e-04
1.372205e-02 2.099483e-04
1.383676e-02 2.075273e-04
1.395209e-02 2.072993e-04
1.406619e-02 2.087055e-04
1.417933e-02 2.086443e-04
1.429160e-02 2.107328e-04
1.440412e-02 2.116558e-04
1.451810e-02 2.109892e-04
1.463547e-02 2.127905e-04
1.475427e-02 2.154028e-04
1.487532e-02 2.173809e-04
1.499670e-02 2.223289e-04
1.512047e-02 2.258316e-04
1.524459e-02 2.358444e-04
1.537944e-02 2.459184e-04
1.552039e-02 2.627957e-04
1.567379e-02 2.763510e-04
1.583703e-02 2.975789e-04
1.601186e-02 3.117372e-04
1.619497e-02 3.372343e-04
1.636752e-02 3.405098e-04
1.655550e-02 3.251421e-04
1.673553e-02 3.148363e-04
1.691065e-02 2.931006e-04
1.708386e-02 2.841316e-04
1.724518e-02 2.790834e-04
1.740174e-02 2.740198e-04
1.755299e-02 2.688784e-04
1.770149e-02 2.657365e-04
1.784758e-02 2.610191e-04
1.799261e-02 2.586793e-04
1.813737e-02 2.535696e-04
1.828355e-02 2.526030e-04
1.842795e-02 2.518918e-04
1.857115e-02 2.509108e-04
1.871034e-02 2.548739e-04
1.885080e-02 2.567046e-04
1.899157e-02 2.613112e-04
1.913476e-02 2.647660e-04
1.928457e-02 2.643065e-04
1.943469e-02 2.643434e-04
1.958384e-02 2.650217e-04
1.973061e-02 2.638371e-04
1.987618e-02 2.625561e-04
2.001528e-02 2.578467e-04
2.015345e-02 2.463729e-04
2.029343e-02 2.436598e-04
2.043152e-02 2.401497e-04
2.056716e-02 2.374353e-04
2.069826e-02 2.365419e-04
2.082779e-02 2.352778e-04
2.095424e-02 2.369076e-04
2.108029e-02 2.369240e-04
2.120786e-02 2.344660e-04
2.133622e-02 2.343708e-04
2.146482e-02 2.337197e-04
2.159159e-02 2.323906e-04
2.171781e-02 2.304630e-04
2.184310e-02 2.292164e-04
2.196603e-02 2.287958e-04
2.209011e-02 2.290178e-04
2.221626e-02 2.262306e-04
2.234384e-02 2.263849e-04
2.246883e-02 2.311004e-04
2.259080e-02 2.309899e-04
2.271220e-02 2.324937e-04
2.283220e-02 2.322014e-04
2.295446e-02 2.267170e-04
2.307902e-02 2.261206e-04
2.320302e-02 2.254016e-04
2.332870e-02 2.258393e-04
2.345430e-02 2.272372e-04
2.357747e-02 2.265893e-04
2.369861e-02 2.290246e-04
2.381789e-02 2.287981e-04
2.393829e-02 2.254319e-04
2.405977e-02 2.248703e-04
2.418261e-02 2.210468e-04
2.430776e-02 2.207506e-04
2.443137e-02 2.225424e-04
2.455293e-02 2.222574e-04
2.467230e-02 2.251120e-04
2.479263e-02 2.267177e-04
2.491567e-02 2.275207e-04
2.503942e-02 2.282501e-04
2.516448e-02 2.271920e-04
2.529049e-02 2.270569e-04
2.541362e-02 2.314920e-04
2.553413e-02 2.318166e-04
2.565643e-02 2.297132e-04
2.578020e-02 2.298272e-04
2.590486e-02 2.295187e-04
2.603350e-02 2.318153e-04
2.616364e-02 2.347939e-04
2.629328e-02 2.355641e-04
2.642225e-02 2.388198e-04
2.656340e-02 2.469529e-04
2.670518e-02 2.684779e-04
2.696582e-02 3.477775e-04
2.729276e-02 4.591470e-04
2.754773e-02 4.562465e-04
2.780986e-02 4.344372e-04
2.807512e-02 4.284724e-04
2.832596e-02 4.359895e-04
2.856125e-02 4.287572e-04
2.880288e-02 3.982932e-04
2.913400e-02 4.414853e-04
2.945089e-02 5.870791e-04
2.981314e-02 6.669969e-04
3.026282e-02 7.408818e-04
3.082893e-02 8.374848e-04
3.150678e-02 9.191894e-04
3.201398e-02 8.448704e-04
3.251211e-02 6.545847e-04
3.303780e-02 6.035996e-04
3.347832e-02 6.037286e-04
3.385626e-02 5.662921e-04
3.419619e-02 5.275207e-04
3.449111e-02 4.865439e-04
3.475700e-02 4.190075e-04
3.500903e-02 3.863665e-04
3.522282e-02 3.595536e-04
3.543214e-02 3.467265e-04
3.562752e-02 3.345142e-04
3.581683e-02 3.269381e-04
3.600051e-02 3.164477e-04
3.617567e-02 3.075684e-04
3.634154e-02 2.971443e-04
3.650721e-02 2.932633e-04
3.666907e-02 2.888254e-04
3.682921e-02 2.857939e-04
3.698814e-02 2.794866e-04
3.714286e-02 2.750733e-04
3.729320e-02 2.711155e-04
3.744007e-02 2.676191e-04
3.758289e-02 2.636056e-04
3.773132e-02 2.655270e-04
3.787604e-02 2.770382e-04
3.800897e-02 2.737266e-04
3.814304e-02 2.626549e-04
3.828087e-02 2.612828e-04
3.841827e-02 2.581739e-04
3.855226e-02 2.550048e-04
3.868427e-02 2.504301e-04
3.881803e-02 2.498323e-04
3.895232e-02 2.463015e-04
3.908836e-02 2.457329e-04
3.922338e-02 2.458926e-04
3.935051e-02 2.415529e-04
3.947271e-02 2.377178e-04
3.959616e-02 2.370783e-04
3.972033e-02 2.349729e-04
3.984363e-02 2.336977e-04
3.996690e-02 2.292966e-04
4.009092e-02 2.281651e-04
4.021281e-02 2.285915e-04
4.033258e-02 2.271605e-04
4.045100e-02 2.254701e-04
4.056953e-02 2.252316e-04
4.068844e-02 2.247555e-04
4.080785e-02 2.248837e-04
4.092729e-02 2.243043e-04
4.104505e-02 2.230764e-04
4.116184e-02 2.212761e-04
4.127776e-02 2.198052e-04
4.139103e-02 2.201531e-04
4.150461e-02 2.207586e-04
4.162043e-02 2.187071e-04
4.173810e-02 2.190728e-04
4.185637e-02 2.199080e-04
4.197503e-02 2.204491e-04
4.209452e-02 2.196816e-04
4.221290e-02 2.184219e-04
4.232915e-02 2.184773e-04
4.245344e-02 2.236017e-04
4.257827e-02 2.369062e-04
4.268415e-02 2.303603e-04
4.277644e-02 2.357264e-04
4.287475e-02 2.412584e-04
4.298576e-02 2.345997e-04
4.309097e-02 2.287185e-04
4.319189e-02 2.195347e-04
4.330419e-02 2.227520e-04
4.341397e-02 2.358211e-04
4.351822e-02 2.375200e-04
4.362774e-02 2.343595e-04
4.373525e-02 2.320008e-04
4.384115e-02 2.272878e-04
4.394537e-02 2.245914e-04
4.405263e-02 2.120337e-04
4.416513e-02 2.103676e-04
4.427274e-02 2.138980e-04
4.438138e-02 2.160821e-04
4.449171e-02 2.201833e-04
4.459830e-02 2.194183e-04
4.470361e-02 2.186063e-04
4.480798e-02 2.177509e-04
4.491609e-02 2.091408e-04
4.502911e-02 2.087111e-04
4.514017e-02 2.108230e-04
4.525397e-02 2.135076e-04
4.536986e-02 2.174814e-04
4.547736e-02 2.138918e-04
4.558167e-02 2.100328e-04
4.568855e-02 2.101808e-04
4.579744e-02 2.064328e-04
4.591215e-02 2.085837e-04
4.602697e-02 2.143606e-04
4.614003e-02 2.150744e-04
4.625105e-02 2.204468e-04
4.635936e-02 2.210502e-04
4.646949e-02 2.205245e-04
4.657559e-02 2.179153e-04
4.668035e-02 2.120860e-04
4.678956e-02 2.126651e-04
4.690371e-02 2.060277e-04
4.702136e-02 2.054498e-04
4.713272e-02 2.143469e-04
4.723772e-02 2.140251e-04
4.734403e-02 2.117653e-04
4.745226e-02 2.121076e-04
4.756437e-02 2.057823e-04
4.767880e-02 2.049025e-04
