-4.877525e-02 2.439339e-04
-4.871740e-02 2.188779e-04
-4.864017e-02 2.212286e-04
-4.855702e-02 2.177752e-04
-4.846916e-02 2.196643e-04
-4.837672e-02 2.181494e-04
-4.828146e-02 2.192844e-04
-4.818274e-02 2.158857e-04
-4.808327e-02 2.151135e-04
-4.798448e-02 2.141060e-04
-4.788492e-02 2.139204e-04
-4.778640e-02 2.150997e-04
-4.768720e-02 2.162264e-04
-4.758597e-02 2.159818e-04
-4.748288e-02 2.170090e-04
-4.737771e-02 2.172311e-04
-4.727336e-02 2.168134e-04
-4.716989e-02 2.162980e-04
-4.706752e-02 2.154477e-04
-4.696549e-02 2.136515e-04
-4.686185e-02 2.136830e-04
-4.675687e-02 2.115219e-04
-4.665042e-02 2.119139e-04
-4.654394e-02 2.137689e-04
-4.643844e-02 2.138490e-04
-4.633481e-02 2.163834e-04
-4.623255e-02 2.164769e-04
-4.612898e-02 2.145625e-04
-4.602307e-02 2.149839e-04
-4.591469e-02 2.120138e-04
-4.580650e-02 2.111089e-04
-4.570090e-02 2.128693e-04
-4.559598e-02 2.130876e-04
-4.549098e-02 2.143476e-04
-4.538609e-02 2.147259e-04
-4.527963e-02 2.123309e-04
-4.517134e-02 2.125639e-04
-4.506261e-02 2.124573e-04
-4.495485e-02 2.115395e-04
-4.484889e-02 2.119875e-04
-4.474400e-02 2.117971e-04
-4.463866e-02 2.113161e-04
-4.453189e-02 2.120003e-04
-4.442396e-02 2.111709e-04
-4.431488e-02 2.115637e-04
-4.420674e-02 2.142144e-04
-4.409964e-02 2.142482e-04
-4.399251e-02 2.142925e-04
-4.388750e-02 2.133333e-04
-4.378241e-02 2.105445e-04
-4.367550e-02 2.106293e-04
-4.356753e-02 2.099055e-04
-4.345901e-02 2.099808e-04
-4.335082e-02 2.099362e-04
-4.324199e-02 2.103073e-04
-4.313647e-02 2.168702e-04
-4.303202e-02 2.182892e-04
-4.292414e-02 2.164951e-04
-4.281657e-02 2.159613e-04
-4.270726e-02 2.123862e-04
-4.259731e-02 2.114786e-04
-4.248928e-02 2.113391e-04
-4.238185e-02 2.109296e-04
-4.227667e-02 2.135571e-04
-4.217061e-02 2.147365e-04
-4.206217e-02 2.140403e-04
-4.195246e-02 2.148458e-04
-4.184129e-02 2.146589e-04
-4.173116e-02 2.139673e-04
-4.162211e-02 2.146470e-04
-4.151519e-02 2.136124e-04
-4.140916e-02 2.114268e-04
-4.130090e-02 2.119883e-04
-4.119186e-02 2.122518e-04
-4.108032e-02 2.135575e-04
-4.096824e-02 2.163004e-04
-4.085860e-02 2.161141e-04
-4.074995e-02 2.180526e-04
-4.064163e-02 2.185495e-04
-4.053214e-02 2.171408e-04
-4.042282e-02 2.165276e-04
-4.031180e-02 2.119896e-04
-4.019724e-02 2.121942e-04
-4.008402e-02 2.150217e-04
-3.997139e-02 2.159670e-04
-3.986057e-02 2.215774e-04
-3.975081e-02 2.229667e-04
-3.963882e-02 2.239536e-04
-3.952747e-02 2.239228e-04
-3.941492e-02 2.209834e-04
-3.929971e-02 2.215268e-04
-3.918336e-02 2.211450e-04
-3.906731e-02 2.205268e-04
-3.895349e-02 2.225530e-04
-3.884029e-02 2.232153e-04
-3.872748e-02 2.256979e-04
-3.861346e-02 2.273125e-04
-3.849619e-02 2.272256e-04
-3.837938e-02 2.269187e-04
-3.826311e-02 2.260874e-04
-3.814776e-02 2.252322e-04
-3.803405e-02 2.255946e-04
-3.792004e-02 2.255917e-04
-3.780491e-02 2.236997e-04
-3.768751e-02 2.246748e-04
-3.756909e-02 2.265281e-04
-3.745021e-02 2.274811e-04
-3.733239e-02 2.310309e-04
-3.721665e-02 2.310616e-04
-3.710008e-02 2.297788e-04
-3.698326e-02 2.291601e-04
-3.686532e-02 2.256060e-04
-3.674484e-02 2.261557e-04
-3.662515e-02 2.289908e-04
-3.650505e-02 2.302648e-04
-3.638404e-02 2.331695e-04
-3.626246e-02 2.345685e-04
-3.614141e-02 2.384613e-04
-3.601903e-02 2.406642e-04
-3.589315e-02 2.409394e-04
-3.576478e-02 2.421978e-04
-3.563491e-02 2.432028e-04
-3.550551e-02 2.436059e-04
-3.537669e-02 2.466235e-04
-3.524745e-02 2.479768e-04
-3.511786e-02 2.502071e-04
-3.498608e-02 2.523283e-04
-3.485251e-02 2.552407e-04
-3.471560e-02 2.579345e-04
-3.457671e-02 2.621218e-04
-3.443971e-02 2.628468e-04
-3.430265e-02 2.647574e-04
-3.416310e-02 2.669398e-04
-3.402041e-02 2.687883e-04
-3.387383e-02 2.718068e-04
-3.372605e-02 2.771605e-04
-3.357546e-02 2.807802e-04
-3.342313e-02 2.879243e-04
-3.326784e-02 2.918576e-04
-3.311056e-02 2.994464e-04
-3.295004e-02 3.045124e-04
-3.278368e-02 3.100165e-04
-3.261289e-02 3.146824e-04
-3.243867e-02 3.207241e-04
-3.225729e-02 3.272058e-04
-3.207400e-02 3.420386e-04
-3.187926e-02 3.537583e-04
-3.167942e-02 3.777927e-04
-3.147092e-02 3.921194e-04
-3.124668e-02 4.057073e-04
-3.100692e-02 4.199145e-04
-3.075809e-02 4.459155e-04
-3.050998e-02 4.549173e-04
-3.024932e-02 4.572541e-04
-2.999595e-02 4.537140e-04
-2.973958e-02 4.388909e-04
-2.947801e-02 4.360641e-04
-2.922325e-02 4.397138e-04
-2.895606e-02 4.490502e-04
-2.868572e-02 4.714175e-04
-2.842338e-02 4.747240e-04
-2.815055e-02 4.645319e-04
-2.787017e-02 4.653920e-04
-2.759425e-02 4.752101e-04
-2.731040e-02 4.828118e-04
-2.701707e-02 4.882735e-04
-2.672563e-02 4.897477e-04
-2.643096e-02 4.884958e-04
-2.610727e-02 5.054351e-04
-2.578355e-02 5.543929e-04
-2.536077e-02 6.316977e-04
-2.489974e-02 7.804155e-04
-2.462110e-02 7.243003e-04
-2.425218e-02 4.176489e-04
-2.389571e-02 2.993550e-04
-2.372585e-02 2.825478e-04
-2.356438e-02 2.718575e-04
-2.341382e-02 2.612855e-04
-2.326437e-02 2.568250e-04
-2.311934e-02 2.507757e-04
-2.297719e-02 2.468658e-04
-2.284020e-02 2.446259e-04
-2.270554e-02 2.420807e-04
-2.257324e-02 2.389915e-04
-2.244312e-02 2.368932e-04
-2.231452e-02 2.335920e-04
-2.218510e-02 2.328866e-04
-2.205548e-02 2.314488e-04
-2.192795e-02 2.296882e-04
-2.180387e-02 2.296261e-04
-2.168180e-02 2.283838e-04
-2.156010e-02 2.255335e-04
-2.143767e-02 2.246339e-04
-2.131487e-02 2.215708e-04
-2.119193e-02 2.208549e-04
-2.106982e-02 2.202694e-04
-2.094964e-02 2.189106e-04
-2.083154e-02 2.194260e-04
-2.071400e-02 2.192836e-04
-2.059693e-02 2.188185e-04
-2.047892e-02 2.192175e-04
-2.035982e-02 2.185083e-04
-2.024100e-02 2.177777e-04
-2.012236e-02 2.160753e-04
-2.000563e-02 2.146039e-04
-1.989055e-02 2.140450e-04
-1.977609e-02 2.134771e-04
-1.966171e-02 2.112042e-04
-1.954418e-02 2.122812e-04
-1.942599e-02 2.141705e-04
-1.930757e-02 2.146852e-04
-1.918928e-02 2.163692e-04
-1.907365e-02 2.156700e-04
-1.895893e-02 2.152251e-04
-1.884386e-02 2.152668e-04
-1.872691e-02 2.130414e-04
-1.860706e-02 2.139962e-04
-1.848701e-02 2.154843e-04
-1.836708e-02 2.159432e-04
-1.824877e-02 2.199116e-04
-1.813122e-02 2.205788e-04
-1.801256e-02 2.206239e-04
-1.789451e-02 2.205746e-04
-1.777392e-02 2.170281e-04
-1.765156e-02 2.168267e-04
-1.753060e-02 2.177510e-04
-1.740987e-02 2.179435e-04
-1.729061e-02 2.209216e-04
-1.717037e-02 2.222678e-04
-1.704894e-02 2.240496e-04
-1.692502e-02 2.264836e-04
-1.679908e-02 2.298945e-04
-1.667290e-02 2.312804e-04
-1.654421e-02 2.318309e-04
-1.641605e-02 2.317285e-04
-1.628899e-02 2.323854e-04
-1.616064e-02 2.334010e-04
-1.603072e-02 2.335987e-04
-1.589665e-02 2.358277e-04
-1.576148e-02 2.402315e-04
-1.562622e-02 2.421880e-04
-1.548966e-02 2.463681e-04
-1.535370e-02 2.475342e-04
-1.521743e-02 2.493053e-04
-1.508120e-02 2.499233e-04
-1.494138e-02 2.456449e-04
-1.479914e-02 2.452098e-04
-1.465712e-02 2.444423e-04
-1.451406e-02 2.451109e-04
-1.437251e-02 2.494791e-04
-1.423120e-02 2.509192e-04
-1.408938e-02 2.550227e-04
-1.394618e-02 2.573559e-04
-1.380062e-02 2.589002e-04
-1.365346e-02 2.604174e-04
-1.350299e-02 2.591134e-04
-1.335486e-02 2.568748e-04
-1.320846e-02 2.536038e-04
-1.306889e-02 2.486676e-04
-1.293087e-02 2.384196e-04
-1.279753e-02 2.319228e-04
-1.266943e-02 2.216706e-04
-1.254581e-02 2.152893e-04
-1.242756e-02 2.065310e-04
-1.231266e-02 2.010845e-04
-1.220397e-02 1.963666e-04
-1.209712e-02 1.938311e-04
-1.199156e-02 1.889564e-04
-1.188551e-02 1.874955e-04
-1.178091e-02 1.865452e-04
-1.167556e-02 1.866673e-04
-1.157213e-02 1.894692e-04
-1.147201e-02 1.884801e-04
-1.137221e-02 1.862479e-04
-1.127225e-02 1.852779e-04
-1.117159e-02 1.814559e-04
-1.107071e-02 1.804600e-04
-1.097013e-02 1.788526e-04
-1.087003e-02 1.779976e-04
-1.077187e-02 1.781720e-04
-1.067521e-02 1.773398e-04
-1.057969e-02 1.769484e-04
-1.048563e-02 1.759307e-04
-1.039136e-02 1.727490e-04
-1.029700e-02 1.714207e-04
-1.020266e-02 1.678137e-04
-1.011087e-02 1.652136e-04
-1.002136e-02 1.623875e-04
-9.931964e-03 1.613061e-04
-9.844351e-03 1.606395e-04
-9.758028e-03 1.596239e-04
-9.671745e-03 1.568685e-04
-9.584826e-03 1.560402e-04
-9.499094e-03 1.557475e-04
-9.416143e-03 1.541830e-04
-9.334457e-03 1.519449e-04
-9.254707e-03 1.499780e-04
-9.175812e-03 1.464903e-04
-9.096412e-03 1.455410e-04
-9.017476e-03 1.431073e-04
-8.939085e-03 1.419033e-04
-8.862570e-03 1.416921e-04
-8.786837e-03 1.409513e-04
-8.711942e-03 1.403140e-04
-8.638543e-03 1.393785e-04
-8.565178e-03 1.373534e-04
-8.491872e-03 1.365925e-04
-8.418865e-03 1.344455e-04
-8.346512e-03 1.332792e-04
-8.275538e-03 1.323414e-04
-8.204753e-03 1.317075e-04
-8.135464e-03 1.324549e-04
-8.067039e-03 1.323847e-04
-7.997591e-03 1.304934e-04
-7.928430e-03 1.296392e-04
-7.859747e-03 1.285431e-04
-7.792174e-03 1.274856e-04
-7.725468e-03 1.254995e-04
-7.659499e-03 1.243415e-04
-7.594644e-03 1.229851e-04
-7.529122e-03 1.227277e-04
-7.463589e-03 1.220123e-04
-7.398567e-03 1.216134e-04
-7.333734e-03 1.212728e-04
-7.270030e-03 1.204761e-04
-7.207725e-03 1.201312e-04
-7.146311e-03 1.194713e-04
-7.084742e-03 1.173786e-04
-7.022578e-03 1.168217e-04
-6.960271e-03 1.150564e-04
-6.898196e-03 1.144379e-04
-6.837257e-03 1.146093e-04
-6.777435e-03 1.140018e-04
-6.718382e-03 1.140222e-04
-6.659576e-03 1.138842e-04
-6.600330e-03 1.123301e-04
-6.541384e-03 1.115900e-04
-6.482507e-03 1.096485e-04
-6.423370e-03 1.089538e-04
-6.365600e-03 1.093146e-04
-6.309187e-03 1.087781e-04
-6.253012e-03 1.080898e-04
-6.196320e-03 1.081547e-04
-6.139590e-03 1.078582e-04
-6.083372e-03 1.074439e-04
-6.027184e-03 1.063433e-04
-5.971573e-03 1.054556e-04
-5.917005e-03 1.047405e-04
-5.863059e-03 1.042526e-04
-5.809359e-03 1.033088e-04
-5.755365e-03 1.031441e-04
-5.701192e-03 1.027723e-04
-5.647184e-03 1.025415e-04
-5.593706e-03 1.023884e-04
-5.540993e-03 1.018729e-04
-5.488921e-03 1.015106e-04
-5.437111e-03 1.010843e-04
-5.385200e-03 9.974130e-05
-5.333545e-03 9.924018e-05
-5.281768e-03 9.801191e-05
-5.229836e-03 9.766417e-05
-5.179163e-03 9.842180e-05
-5.129194e-03 9.827113e-05
-5.079128e-03 9.768983e-05
-5.029191e-03 9.727010e-05
-4.979625e-03 9.672924e-05
-4.930280e-03 9.653324e-05
-4.880464e-03 9.520624e-05
-4.831071e-03 9.447298e-05
-4.782241e-03 9.372306e-05
-4.734016e-03 9.309027e-05
-4.686562e-03 9.225901e-05
-4.638846e-03 9.211741e-05
-4.591331e-03 9.206121e-05
-4.543905e-03 9.186187e-05
-4.496440e-03 9.125160e-05
-4.449579e-03 9.079358e-05
-4.402922e-03 9.019861e-05
-4.356738e-03 8.970083e-05
-4.311034e-03 8.877269e-05
-4.265351e-03 8.842529e-05
-4.219708e-03 8.752622e-05
-4.173988e-03 8.724859e-05
-4.129066e-03 8.780858e-05
-4.084490e-03 8.768171e-05
-4.039918e-03 8.733865e-05
-3.996017e-03 8.693136e-05
-3.951938e-03 8.582698e-05
-3.907932e-03 8.538525e-05
-3.864262e-03 8.438929e-05
-3.820736e-03 8.394355e-05
-3.777637e-03 8.341844e-05
-3.734531e-03 8.312018e-05
-3.692032e-03 8.330924e-05
-3.649783e-03 8.334052e-05
-3.607415e-03 8.323074e-05
-3.565254e-03 8.306741e-05
-3.522778e-03 8.240101e-05
-3.480842e-03 8.183730e-05
-3.439673e-03 8.123663e-05
-3.398725e-03 8.088785e-05
-3.358101e-03 8.046156e-05
-3.317269e-03 8.032316e-05
-3.276275e-03 7.967259e-05
-3.235409e-03 7.947033e-05
-3.194659e-03 7.940010e-05
-3.154151e-03 7.923014e-05
-3.113874e-03 7.884066e-05
-3.074250e-03 7.830843e-05
-3.034982e-03 7.742678e-05
-2.995444e-03 7.716636e-05
-2.955957e-03 7.653164e-05
-2.916505e-03 7.638568e-05
-2.877444e-03 7.663028e-05
-2.838802e-03 7.646764e-05
-2.800247e-03 7.644892e-05
-2.762005e-03 7.625411e-05
-2.723880e-03 7.561662e-05
-2.685874e-03 7.531527e-05
-2.647780e-03 7.433288e-05
-2.609571e-03 7.394773e-05
-2.571789e-03 7.359486e-05
-2.534327e-03 7.337593e-05
-2.497136e-03 7.349627e-05
-2.460047e-03 7.347952e-05
-2.422996e-03 7.321794e-05
-2.386183e-03 7.298007e-05
-2.349539e-03 7.260029e-05
-2.312733e-03 7.246222e-05
-2.275964e-03 7.214350e-05
-2.239747e-03 7.179598e-05
-2.203863e-03 7.138574e-05
-2.167956e-03 7.125091e-05
-2.131851e-03 7.081145e-05
-2.095702e-03 7.067921e-05
-2.059954e-03 7.071022e-05
-2.024416e-03 7.059512e-05
-1.989049e-03 7.056218e-05
-1.953912e-03 7.031673e-05
-1.918823e-03 6.971617e-05
-1.883890e-03 6.950210e-05
-1.848821e-03 6.894393e-05
-1.813681e-03 6.878611e-05
-1.778898e-03 6.868147e-05
-1.744329e-03 6.851546e-05
-1.710069e-03 6.857164e-05
-1.675834e-03 6.848403e-05
-1.641514e-03 6.810068e-05
-1.607537e-03 6.784977e-05
-1.573637e-03 6.728160e-05
-1.539771e-03 6.705641e-05
-1.505969e-03 6.678914e-05
-1.472286e-03 6.662111e-05
-1.438983e-03 6.653585e-05
-1.405766e-03 6.645424e-05
-1.372519e-03 6.617909e-05
-1.339157e-03 6.605898e-05
-1.305836e-03 6.579492e-05
-1.272875e-03 6.557390e-05
-1.239935e-03 6.524116e-05
-1.207207e-03 6.499355e-05
-1.174737e-03 6.448976e-05
-1.142204e-03 6.434676e-05
-1.109890e-03 6.431575e-05
-1.077563e-03 6.422539e-05
-1.045279e-03 6.404905e-05
-1.013346e-03 6.386278e-05
-9.815622e-04 6.359506e-05
-9.498587e-04 6.345050e-05
-9.180566e-04 6.312337e-05
-8.863821e-04 6.292862e-05
-8.549385e-04 6.253333e-05
-8.235888e-04 6.233453e-05
-7.924898e-04 6.220083e-05
-7.613432e-04 6.209674e-05
-7.302233e-04 6.185311e-05
-6.993738e-04 6.168769e-05
-6.686391e-04 6.141998e-05
-6.379833e-04 6.127611e-05
-6.072301e-04 6.094457e-05
-5.766149e-04 6.074200e-05
-5.463652e-04 6.055792e-05
-5.162930e-04 6.038493e-05
-4.862835e-04 6.000902e-05
-4.562694e-04 5.979519e-05
-4.263771e-04 5.940593e-05
-3.967504e-04 5.918770e-05
-3.671528e-04 5.885227e-05
-3.378012e-04 5.858328e-05
-3.087234e-04 5.806980e-05
-2.797871e-04 5.779984e-05
-2.510528e-04 5.738712e-05
-2.224310e-04 5.709341e-05
-1.939043e-04 5.643868e-05
-1.657640e-04 5.604877e-05
-1.379753e-04 5.555186e-05
-1.104534e-04 5.521268e-05
-8.297333e-05 5.454679e-05
-5.571021e-05 5.418198e-05
-2.882534e-05 5.356937e-05
-1.641118e-06 5.353705e-05
2.524955e-05 5.391466e-05
5.243958e-05 5.416465e-05
7.966441e-05 5.478188e-05
1.069658e-04 5.512388e-05
1.346954e-04 5.557055e-05
1.627081e-04 5.590206e-05
1.907312e-04 5.659585e-05
2.189678e-04 5.697400e-05
2.475050e-04 5.752252e-05
2.763311e-04 5.781459e-05
3.053869e-04 5.824074e-05
3.344846e-04 5.849794e-05
3.639303e-04 5.885472e-05
3.935013e-04 5.905894e-05
4.230700e-04 5.940776e-05
4.527629e-04 5.960798e-05
4.825672e-04 5.997812e-05
5.126209e-04 6.017912e-05
5.428208e-04 6.049218e-05
5.730718e-04 6.071740e-05
6.034817e-04 6.107760e-05
6.339845e-04 6.126320e-05
6.647564e-04 6.156276e-05
6.955794e-04 6.170161e-05
7.263838e-04 6.188571e-05
7.575143e-04 6.206313e-05
7.888072e-04 6.228447e-05
8.200513e-04 6.241933e-05
8.512886e-04 6.280457e-05
8.825443e-04 6.295471e-05
9.141029e-04 6.310584e-05
9.458402e-04 6.326781e-05
9.775519e-04 6.352168e-05
1.009423e-03 6.370865e-05
1.041408e-03 6.403615e-05
1.073584e-03 6.418075e-05
1.105876e-03 6.438824e-05
1.138201e-03 6.456966e-05
1.170800e-03 6.486021e-05
1.203367e-03 6.494579e-05
1.235806e-03 6.515122e-05
1.268552e-03 6.540934e-05
1.301438e-03 6.589188e-05
1.334515e-03 6.609035e-05
1.367740e-03 6.639471e-05
1.400796e-03 6.649343e-05
1.433951e-03 6.660322e-05
1.467278e-03 6.674572e-05
1.500920e-03 6.687029e-05
1.534744e-03 6.702570e-05
1.568530e-03 6.726987e-05
1.602613e-03 6.744464e-05
1.636605e-03 6.808138e-05
1.670356e-03 6.825863e-05
1.704363e-03 6.832605e-05
1.738729e-03 6.856587e-05
1.773499e-03 6.882097e-05
1.808146e-03 6.884027e-05
1.842587e-03 6.897786e-05
1.877299e-03 6.919064e-05
1.912019e-03 6.976813e-05
1.947098e-03 7.009562e-05
1.982563e-03 7.036014e-05
2.017948e-03 7.050194e-05
2.053571e-03 7.076453e-05
2.089194e-03 7.085963e-05
2.124704e-03 7.104373e-05
2.160164e-03 7.107931e-05
2.195704e-03 7.104249e-05
2.231875e-03 7.131011e-05
2.268205e-03 7.178823e-05
2.304676e-03 7.214204e-05
2.341388e-03 7.272376e-05
2.378023e-03 7.288781e-05
2.414785e-03 7.340735e-05
2.451526e-03 7.358253e-05
2.488375e-03 7.361353e-05
2.525658e-03 7.378522e-05
2.563149e-03 7.391656e-05
2.600808e-03 7.416402e-05
2.638678e-03 7.449725e-05
2.676612e-03 7.465504e-05
2.714331e-03 7.573303e-05
2.752169e-03 7.619349e-05
2.790404e-03 7.652487e-05
2.828720e-03 7.669300e-05
2.867453e-03 7.646433e-05
2.906681e-03 7.657465e-05
2.945973e-03 7.677697e-05
2.985042e-03 7.682007e-05
3.023942e-03 7.751305e-05
3.063020e-03 7.787101e-05
3.102091e-03 7.858609e-05
3.141819e-03 7.923909e-05
3.182261e-03 7.986115e-05
3.222744e-03 8.000062e-05
3.263293e-03 8.028002e-05
3.303465e-03 8.026404e-05
3.343838e-03 8.018810e-05
3.384613e-03 8.040229e-05
3.425519e-03 8.047399e-05
3.467123e-03 8.091978e-05
3.508874e-03 8.191392e-05
3.550692e-03 8.219930e-05
3.592392e-03 8.318569e-05
3.633731e-03 8.343593e-05
3.675485e-03 8.343978e-05
3.717456e-03 8.357116e-05
3.760111e-03 8.311190e-05
3.803605e-03 8.345230e-05
3.846816e-03 8.455302e-05
3.890095e-03 8.498974e-05
3.933585e-03 8.585017e-05
3.977367e-03 8.621721e-05
4.021194e-03 8.715969e-05
4.064935e-03 8.756425e-05
4.109631e-03 8.742599e-05
4.154442e-03 8.744552e-05
4.199276e-03 8.712577e-05
4.244437e-03 8.720669e-05
4.289272e-03 8.797604e-05
4.334760e-03 8.852412e-05
4.380324e-03 8.992134e-05
4.426172e-03 9.071586e-05
4.473122e-03 9.143288e-05
4.520276e-03 9.181625e-05
4.567568e-03 9.230266e-05
4.614860e-03 9.247777e-05
4.662004e-03 9.321223e-05
4.709125e-03 9.333497e-05
4.756724e-03 9.288026e-05
4.805347e-03 9.345581e-05
4.854093e-03 9.484655e-05
4.903002e-03 9.544643e-05
4.952332e-03 9.677580e-05
5.001635e-03 9.724126e-05
5.050921e-03 9.819471e-05
5.100300e-03 9.845842e-05
5.150452e-03 9.790342e-05
5.201086e-03 9.812586e-05
5.251967e-03 9.833389e-05
5.302971e-03 9.848265e-05
5.353773e-03 9.960477e-05
5.404925e-03 1.002221e-04
5.456047e-03 1.016116e-04
5.507590e-03 1.023657e-04
5.560332e-03 1.024588e-04
5.613363e-03 1.025248e-04
5.666404e-03 1.026958e-04
5.719391e-03 1.028633e-04
5.772654e-03 1.032562e-04
5.826314e-03 1.036394e-04
5.879920e-03 1.044029e-04
5.934275e-03 1.051285e-04
5.989113e-03 1.063358e-04
6.044575e-03 1.069968e-04
6.100594e-03 1.079077e-04
6.155586e-03 1.077659e-04
6.210510e-03 1.074885e-04
6.266023e-03 1.077422e-04
6.322484e-03 1.072734e-04
6.380298e-03 1.079209e-04
6.437999e-03 1.094945e-04
6.496101e-03 1.101490e-04
6.554204e-03 1.119682e-04
6.611780e-03 1.124561e-04
6.669275e-03 1.139432e-04
6.727063e-03 1.146557e-04
6.786815e-03 1.137931e-04
6.847072e-03 1.137883e-04
6.906885e-03 1.140790e-04
6.967408e-03 1.146106e-04
7.027412e-03 1.169535e-04
7.087597e-03 1.177433e-04
7.148611e-03 1.185572e-04
7.210371e-03 1.194567e-04
7.273261e-03 1.205225e-04
7.336787e-03 1.212925e-04
7.400588e-03 1.225114e-04
7.463951e-03 1.226872e-04
7.526793e-03 1.240457e-04
7.590285e-03 1.247536e-04
7.655085e-03 1.245448e-04
7.720754e-03 1.251593e-04
7.786993e-03 1.263912e-04
7.854410e-03 1.275483e-04
7.921853e-03 1.302323e-04
7.988322e-03 1.306118e-04
8.055420e-03 1.306137e-04
8.123543e-03 1.310499e-04
8.192307e-03 1.312021e-04
8.261516e-03 1.316998e-04
8.331530e-03 1.317422e-04
8.402611e-03 1.323970e-04
8.473248e-03 1.354581e-04
8.543843e-03 1.365428e-04
8.614955e-03 1.381783e-04
8.686320e-03 1.389192e-04
8.759096e-03 1.386189e-04
8.833809e-03 1.394792e-04
8.909281e-03 1.406131e-04
8.984538e-03 1.410788e-04
9.059706e-03 1.430514e-04
9.135085e-03 1.438957e-04
9.210532e-03 1.455816e-04
9.288014e-03 1.474130e-04
9.367984e-03 1.483451e-04
9.449218e-03 1.492305e-04
9.530279e-03 1.519903e-04
9.610877e-03 1.529079e-04
9.692345e-03 1.545859e-04
9.775055e-03 1.559446e-04
9.858663e-03 1.576247e-04
9.944688e-03 1.596821e-04
1.003256e-02 1.623118e-04
1.012171e-02 1.637956e-04
1.021044e-02 1.686274e-04
1.029861e-02 1.702602e-04
1.038788e-02 1.729800e-04
1.047752e-02 1.741881e-04
1.056976e-02 1.738843e-04
1.066411e-02 1.750528e-04
1.075917e-02 1.764287e-04
1.085571e-02 1.775589e-04
1.095227e-02 1.806821e-04
1.104873e-02 1.819889e-04
1.114585e-02 1.845181e-04
1.124370e-02 1.858722e-04
1.134377e-02 1.866516e-04
1.144524e-02 1.877893e-04
1.154726e-02 1.893222e-04
1.164884e-02 1.896083e-04
1.174992e-02 1.912342e-04
1.185072e-02 1.913876e-04
1.195189e-02 1.912074e-04
1.205440e-02 1.921980e-04
1.215874e-02 1.926223e-04
1.226412e-02 1.934136e-04
1.236924e-02 1.953011e-04
1.247490e-02 1.963043e-04
1.258040e-02 1.993449e-04
1.268754e-02 2.011393e-04
1.279694e-02 2.023745e-04
1.291252e-02 2.067920e-04
1.303040e-02 2.152057e-04
1.315496e-02 2.222389e-04
1.328256e-02 2.375694e-04
1.341644e-02 2.468959e-04
1.355576e-02 2.628136e-04
1.369935e-02 2.707218e-04
1.385244e-02 2.768499e-04
1.400476e-02 2.789533e-04
1.416199e-02 2.766264e-04
1.431528e-02 2.734282e-04
1.446683e-02 2.684314e-04
1.461507e-02 2.646513e-04
1.475865e-02 2.608666e-04
1.490350e-02 2.602701e-04
1.504692e-02 2.610046e-04
1.518982e-02 2.605897e-04
1.533362e-02 2.579924e-04
1.547628e-02 2.567204e-04
1.561779e-02 2.560329e-04
1.575701e-02 2.544152e-04
1.589468e-02 2.514831e-04
1.603215e-02 2.503013e-04
1.616924e-02 2.476541e-04
1.630827e-02 2.475175e-04
1.644576e-02 2.497334e-04
1.657953e-02 2.486282e-04
1.671333e-02 2.464298e-04
1.684446e-02 2.440494e-04
1.697404e-02 2.390865e-04
1.710410e-02 2.375949e-04
1.723380e-02 2.340621e-04
1.736514e-02 2.334471e-04
1.749555e-02 2.333467e-04
1.762142e-02 2.309020e-04
1.774401e-02 2.295556e-04
1.786514e-02 2.281883e-04
1.798619e-02 2.253562e-04
1.810793e-02 2.247540e-04
1.823085e-02 2.202251e-04
1.835379e-02 2.186087e-04
1.847331e-02 2.198509e-04
1.859330e-02 2.202761e-04
1.871209e-02 2.234689e-04
1.882932e-02 2.239764e-04
1.894961e-02 2.211130e-04
1.907153e-02 2.210663e-04
1.919279e-02 2.211613e-04
1.931192e-02 2.199104e-04
1.942998e-02 2.182187e-04
1.954621e-02 2.162103e-04
1.966021e-02 2.143794e-04
1.977593e-02 2.150384e-04
1.989332e-02 2.148809e-04
2.001161e-02 2.153757e-04
2.012889e-02 2.176043e-04
2.024379e-02 2.169785e-04
2.035814e-02 2.161685e-04
2.047295e-02 2.158595e-04
2.058707e-02 2.161817e-04
2.070230e-02 2.172529e-04
2.081961e-02 2.167675e-04
2.093796e-02 2.172138e-04
2.105555e-02 2.205221e-04
2.117218e-02 2.211429e-04
2.128757e-02 2.240730e-04
2.140217e-02 2.246500e-04
2.151962e-02 2.215009e-04
2.163996e-02 2.217997e-04
2.176062e-02 2.221351e-04
2.188089e-02 2.223193e-04
2.200128e-02 2.234606e-04
2.212046e-02 2.231562e-04
2.223754e-02 2.249507e-04
2.235641e-02 2.266703e-04
2.247709e-02 2.284144e-04
2.259971e-02 2.298832e-04
2.272521e-02 2.291868e-04
2.284868e-02 2.280280e-04
2.297141e-02 2.268931e-04
2.309499e-02 2.270073e-04
2.321683e-02 2.293502e-04
2.334244e-02 2.324588e-04
2.347047e-02 2.370478e-04
2.359981e-02 2.391509e-04
2.373134e-02 2.413613e-04
2.386430e-02 2.433299e-04
2.399759e-02 2.482379e-04
2.412971e-02 2.493125e-04
2.426432e-02 2.490814e-04
2.440503e-02 2.526738e-04
2.454760e-02 2.585843e-04
2.470051e-02 2.665434e-04
2.485664e-02 2.832774e-04
2.511251e-02 3.494112e-04
2.537559e-02 5.207080e-04
2.575298e-02 6.510086e-04
2.629608e-02 7.396179e-04
2.671069e-02 6.946091e-04
2.711754e-02 5.794789e-04
2.751227e-02 5.307388e-04
2.783198e-02 5.206268e-04
2.815213e-02 5.164974e-04
2.846208e-02 5.222048e-04
2.876423e-02 5.202620e-04
2.906970e-02 5.112118e-04
2.937853e-02 5.100237e-04
2.968174e-02 5.140526e-04
2.996389e-02 5.028429e-04
3.024820e-02 4.681003e-04
3.053314e-02 4.553231e-04
3.079566e-02 4.574082e-04
3.105324e-02 4.558116e-04
3.131259e-02 4.484630e-04
3.159723e-02 4.609646e-04
3.191306e-02 4.453840e-04
3.220245e-02 4.239774e-04
3.246117e-02 4.138209e-04
3.269472e-02 3.944869e-04
3.290962e-02 3.720666e-04
3.311444e-02 3.584660e-04
3.330925e-02 3.373835e-04
3.350218e-02 3.286501e-04
3.368447e-02 3.233180e-04
3.386261e-02 3.189249e-04
3.403622e-02 3.130085e-04
3.420389e-02 3.073108e-04
3.436676e-02 2.995069e-04
3.452886e-02 2.958226e-04
3.468831e-02 2.900749e-04
3.484544e-02 2.870053e-04
3.500154e-02 2.812341e-04
3.515386e-02 2.768991e-04
3.530075e-02 2.728256e-04
3.544556e-02 2.701062e-04
3.558762e-02 2.671509e-04
3.572867e-02 2.651216e-04
3.586962e-02 2.597226e-04
3.601055e-02 2.581252e-04
3.614864e-02 2.593946e-04
3.628441e-02 2.584768e-04
3.641892e-02 2.570486e-04
3.655039e-02 2.547066e-04
3.668093e-02 2.497534e-04
3.681394e-02 2.491101e-04
3.694696e-02 2.473456e-04
3.707815e-02 2.459484e-04
3.720820e-02 2.439624e-04
3.733480e-02 2.411750e-04
3.745821e-02 2.396311e-04
3.758155e-02 2.390313e-04
3.770467e-02 2.367989e-04
3.782682e-02 2.354085e-04
3.794949e-02 2.306956e-04
3.807231e-02 2.287848e-04
3.819243e-02 2.280341e-04
3.831123e-02 2.272854e-04
3.842830e-02 2.289469e-04
3.854619e-02 2.300387e-04
3.866621e-02 2.286241e-04
3.878691e-02 2.285174e-04
3.890715e-02 2.289708e-04
3.902695e-02 2.285488e-04
3.914570e-02 2.291371e-04
3.926127e-02 2.277524e-04
3.937698e-02 2.245170e-04
3.949549e-02 2.250358e-04
3.961391e-02 2.257664e-04
3.973246e-02 2.261027e-04
3.985119e-02 2.267228e-04
3.996861e-02 2.258475e-04
4.008422e-02 2.264475e-04
4.019925e-02 2.266198e-04
4.031485e-02 2.261344e-04
4.043104e-02 2.263124e-04
4.054934e-02 2.241553e-04
4.066791e-02 2.235494e-04
4.078335e-02 2.262334e-04
4.089758e-02 2.261650e-04
4.101190e-02 2.258249e-04
4.112589e-02 2.258069e-04
4.124134e-02 2.233201e-04
4.135703e-02 2.225576e-04
4.147303e-02 2.207238e-04
4.158952e-02 2.203581e-04
4.170310e-02 2.233444e-04
4.181370e-02 2.226216e-04
4.192446e-02 2.203349e-04
4.203775e-02 2.207310e-04
4.215117e-02 2.216341e-04
4.226446e-02 2.221846e-04
4.237967e-02 2.213591e-04
4.249186e-02 2.192502e-04
4.260100e-02 2.176321e-04
4.271108e-02 2.176202e-04
4.282164e-02 2.168044e-04
4.293299e-02 2.166882e-04
4.304495e-02 2.153634e-04
4.315688e-02 2.151611e-04
4.326717e-02 2.173166e-04
4.337652e-02 2.175292e-04
4.348674e-02 2.174990e-04
4.359567e-02 2.167173e-04
4.370497e-02 2.131012e-04
4.381691e-02 2.130884e-04
4.392941e-02 2.121195e-04
4.404165e-02 2.118936e-04
4.415135e-02 2.154802e-04
4.425983e-02 2.160474e-04
4.436957e-02 2.163404e-04
4.447918e-02 2.163628e-04
4.458936e-02 2.146400e-04
4.470143e-02 2.151570e-04
4.481425e-02 2.153333e-04
4.492472e-02 2.136852e-04
4.503313e-02 2.125387e-04
4.514230e-02 2.128682e-04
4.525093e-02 2.155049e-04
4.536030e-02 2.169108e-04
4.547266e-02 2.150194e-04
4.558490e-02 2.142715e-04
4.569508e-02 2.156474e-04
4.580439e-02 2.153238e-04
4.591220e-02 2.169066e-04
4.601838e-02 2.167905e-04
4.612744e-02 2.124850e-04
4.624005e-02 2.130642e-04
4.635137e-02 2.160079e-04
4.646242e-02 2.169099e-04
4.657291e-02 2.203555e-04
4.668203e-02 2.204723e-04
4.679144e-02 2.203148e-04
4.689846e-02 2.191269e-04
4.700699e-02 2.133290e-04
4.711932e-02 2.135159e-04
4.723166e-02 2.148204e-04
4.734257e-02 2.144363e-04
4.745189e-02 2.152095e-04
4.756110e-02 2.154237e-04
4.766831e-02 2.193557e-04
4.777597e-02 2.207414e-04
4.788797e-02 2.173668e-04
4.799935e-02 2.160794e-04
4.811011e-02 2.143516e-04
4.822106e-02 2.138534e-04
4.832974e-02 2.154600e-04
4.843758e-02 2.155374e-04
4.854577e-02 2.151828e-04
4.865544e-02 2.156563e-04
4.876555e-02 2.162555e-04
4.887552e-02 2.166830e-04
4.898705e-02 2.160953e-04
