-4.847381e-02 2.482740e-04
-4.841625e-02 2.290428e-04
-4.834019e-02 2.329456e-04
-4.825293e-02 2.250125e-04
-4.816057e-02 2.255407e-04
-4.806500e-02 2.225454e-04
-4.796868e-02 2.218966e-04
-4.787210e-02 2.188467e-04
-4.777378e-02 2.187958e-04
-4.767440e-02 2.168813e-04
-4.757082e-02 2.184152e-04
-4.746586e-02 2.203425e-04
-4.736186e-02 2.207658e-04
-4.725767e-02 2.216190e-04
-4.715471e-02 2.211874e-04
-4.705067e-02 2.190385e-04
-4.694724e-02 2.178911e-04
-4.684369e-02 2.136903e-04
-4.673631e-02 2.144834e-04
-4.662889e-02 2.166206e-04
-4.652201e-02 2.167664e-04
-4.641549e-02 2.177375e-04
-4.630929e-02 2.181844e-04
-4.620352e-02 2.209647e-04
-4.609943e-02 2.209481e-04
-4.599211e-02 2.146702e-04
-4.588296e-02 2.135080e-04
-4.577519e-02 2.125973e-04
-4.566590e-02 2.128974e-04
-4.555810e-02 2.162273e-04
-4.545246e-02 2.164303e-04
-4.534763e-02 2.183505e-04
-4.524174e-02 2.196787e-04
-4.513281e-02 2.191507e-04
-4.502287e-02 2.195718e-04
-4.491155e-02 2.176070e-04
-4.480224e-02 2.156887e-04
-4.469579e-02 2.151384e-04
-4.458878e-02 2.149863e-04
-4.448229e-02 2.154235e-04
-4.437388e-02 2.170200e-04
-4.426407e-02 2.199349e-04
-4.415391e-02 2.211971e-04
-4.404182e-02 2.206622e-04
-4.393175e-02 2.192567e-04
-4.382399e-02 2.192044e-04
-4.371614e-02 2.189433e-04
-4.360728e-02 2.165442e-04
-4.349704e-02 2.168014e-04
-4.338660e-02 2.171731e-04
-4.327362e-02 2.188315e-04
-4.316052e-02 2.240849e-04
-4.305089e-02 2.238982e-04
-4.294157e-02 2.230573e-04
-4.283280e-02 2.224316e-04
-4.272321e-02 2.193430e-04
-4.261125e-02 2.193526e-04
-4.249838e-02 2.178592e-04
-4.238482e-02 2.180302e-04
-4.227160e-02 2.199054e-04
-4.215909e-02 2.201635e-04
-4.204901e-02 2.241104e-04
-4.193876e-02 2.256423e-04
-4.182507e-02 2.241813e-04
-4.171048e-02 2.238933e-04
-4.159518e-02 2.219204e-04
-4.148068e-02 2.210293e-04
-4.136833e-02 2.221271e-04
-4.125604e-02 2.224893e-04
-4.114365e-02 2.241743e-04
-4.103038e-02 2.253093e-04
-4.091578e-02 2.253752e-04
-4.079905e-02 2.266719e-04
-4.068141e-02 2.287433e-04
-4.056545e-02 2.281652e-04
-4.044948e-02 2.265481e-04
-4.033408e-02 2.259351e-04
-4.021918e-02 2.259265e-04
-4.010204e-02 2.272725e-04
-3.998413e-02 2.288594e-04
-3.986510e-02 2.301045e-04
-3.974532e-02 2.323211e-04
-3.962440e-02 2.334790e-04
-3.950378e-02 2.371684e-04
-3.938407e-02 2.382589e-04
-3.926289e-02 2.388213e-04
-3.914161e-02 2.390840e-04
-3.901922e-02 2.388722e-04
-3.889257e-02 2.413633e-04
-3.876492e-02 2.457173e-04
-3.863733e-02 2.472554e-04
-3.851013e-02 2.521944e-04
-3.838346e-02 2.533071e-04
-3.825430e-02 2.522379e-04
-3.812433e-02 2.526786e-04
-3.799345e-02 2.524012e-04
-3.786017e-02 2.537440e-04
-3.772549e-02 2.561077e-04
-3.759135e-02 2.566492e-04
-3.745890e-02 2.599975e-04
-3.732368e-02 2.628672e-04
-3.718651e-02 2.675951e-04
-3.704745e-02 2.700673e-04
-3.690468e-02 2.707730e-04
-3.676094e-02 2.719678e-04
-3.661697e-02 2.759181e-04
-3.647260e-02 2.775980e-04
-3.632734e-02 2.797508e-04
-3.617735e-02 2.833739e-04
-3.602517e-02 2.897720e-04
-3.586624e-02 2.957069e-04
-3.570388e-02 3.064502e-04
-3.553887e-02 3.122996e-04
-3.536963e-02 3.214962e-04
-3.519632e-02 3.272642e-04
-3.501891e-02 3.377376e-04
-3.483374e-02 3.462006e-04
-3.464240e-02 3.581094e-04
-3.443027e-02 3.748932e-04
-3.421166e-02 4.106913e-04
-3.397561e-02 4.334249e-04
-3.372064e-02 4.649894e-04
-3.341231e-02 5.089081e-04
-3.309165e-02 6.125295e-04
-3.277214e-02 6.493097e-04
-3.238833e-02 6.418827e-04
-3.191032e-02 6.958440e-04
-3.143555e-02 8.511563e-04
-3.095146e-02 9.113224e-04
-3.035358e-02 8.889953e-04
-2.984092e-02 8.310690e-04
-2.935859e-02 7.209109e-04
-2.897253e-02 6.234904e-04
-2.864892e-02 4.586570e-04
-2.831659e-02 4.044488e-04
-2.807943e-02 4.106397e-04
-2.782612e-02 4.225748e-04
-2.757454e-02 4.586054e-04
-2.733710e-02 4.624316e-04
-2.708563e-02 4.497592e-04
-2.683089e-02 4.477707e-04
-2.657472e-02 4.414929e-04
-2.637356e-02 4.061956e-04
-2.616695e-02 2.972842e-04
-2.596576e-02 2.548185e-04
-2.582993e-02 2.460158e-04
-2.569519e-02 2.418567e-04
-2.556544e-02 2.386783e-04
-2.543737e-02 2.368504e-04
-2.531108e-02 2.347453e-04
-2.518178e-02 2.357934e-04
-2.505114e-02 2.373741e-04
-2.492377e-02 2.360036e-04
-2.479820e-02 2.342927e-04
-2.467449e-02 2.325578e-04
-2.455249e-02 2.306047e-04
-2.442851e-02 2.307735e-04
-2.430318e-02 2.290166e-04
-2.417652e-02 2.294843e-04
-2.404930e-02 2.306987e-04
-2.392271e-02 2.307708e-04
-2.379851e-02 2.340610e-04
-2.367668e-02 2.338189e-04
-2.355439e-02 2.323753e-04
-2.342887e-02 2.334759e-04
-2.330043e-02 2.317246e-04
-2.317132e-02 2.318101e-04
-2.304259e-02 2.326710e-04
-2.291401e-02 2.328885e-04
-2.278775e-02 2.382355e-04
-2.266253e-02 2.395503e-04
-2.253567e-02 2.395484e-04
-2.240850e-02 2.397332e-04
-2.227978e-02 2.376522e-04
-2.214973e-02 2.373647e-04
-2.201988e-02 2.369184e-04
-2.189107e-02 2.364437e-04
-2.176331e-02 2.377367e-04
-2.163590e-02 2.380030e-04
-2.150989e-02 2.401635e-04
-2.138215e-02 2.419799e-04
-2.125080e-02 2.409956e-04
-2.111759e-02 2.414191e-04
-2.098342e-02 2.410454e-04
-2.085128e-02 2.400230e-04
-2.072130e-02 2.407877e-04
-2.059062e-02 2.414813e-04
-2.046030e-02 2.449056e-04
-2.032877e-02 2.468805e-04
-2.019284e-02 2.440902e-04
-2.005341e-02 2.451930e-04
-1.991498e-02 2.499190e-04
-1.977571e-02 2.517600e-04
-1.963766e-02 2.589092e-04
-1.950018e-02 2.614871e-04
-1.935844e-02 2.615853e-04
-1.921375e-02 2.633958e-04
-1.906493e-02 2.625330e-04
-1.891648e-02 2.620172e-04
-1.876860e-02 2.604768e-04
-1.862190e-02 2.592066e-04
-1.847817e-02 2.606404e-04
-1.833346e-02 2.613762e-04
-1.818901e-02 2.638883e-04
-1.804413e-02 2.654028e-04
-1.789519e-02 2.638246e-04
-1.774322e-02 2.650921e-04
-1.759299e-02 2.704691e-04
-1.744085e-02 2.735509e-04
-1.728807e-02 2.810341e-04
-1.713140e-02 2.856576e-04
-1.696987e-02 2.904363e-04
-1.679991e-02 2.975881e-04
-1.662747e-02 3.132868e-04
-1.644372e-02 3.257284e-04
-1.625083e-02 3.463196e-04
-1.607120e-02 3.458103e-04
-1.588378e-02 3.300630e-04
-1.570810e-02 3.173354e-04
-1.553703e-02 2.896658e-04
-1.537217e-02 2.755916e-04
-1.521984e-02 2.575501e-04
-1.507320e-02 2.480053e-04
-1.493647e-02 2.388829e-04
-1.480465e-02 2.326599e-04
-1.468061e-02 2.274263e-04
-1.455989e-02 2.235521e-04
-1.444122e-02 2.162142e-04
-1.432149e-02 2.139087e-04
-1.420314e-02 2.098676e-04
-1.408389e-02 2.092351e-04
-1.396754e-02 2.122917e-04
-1.385182e-02 2.130180e-04
-1.373588e-02 2.154693e-04
-1.361978e-02 2.164631e-04
-1.350308e-02 2.174087e-04
-1.338624e-02 2.178404e-04
-1.326731e-02 2.155579e-04
-1.314701e-02 2.152527e-04
-1.302610e-02 2.134161e-04
-1.290707e-02 2.119093e-04
-1.278946e-02 2.108744e-04
-1.267279e-02 2.099547e-04
-1.255856e-02 2.106523e-04
-1.244410e-02 2.110359e-04
-1.232853e-02 2.102202e-04
-1.221491e-02 2.084591e-04
-1.210189e-02 2.046125e-04
-1.199248e-02 2.013403e-04
-1.188617e-02 1.974074e-04
-1.178281e-02 1.942159e-04
-1.167950e-02 1.861240e-04
-1.157430e-02 1.843508e-04
-1.147267e-02 1.846705e-04
-1.137301e-02 1.836088e-04
-1.127444e-02 1.824792e-04
-1.117899e-02 1.799443e-04
-1.108523e-02 1.757417e-04
-1.099327e-02 1.733891e-04
-1.090152e-02 1.678433e-04
-1.080934e-02 1.661104e-04
-1.071913e-02 1.639151e-04
-1.062884e-02 1.631694e-04
-1.054025e-02 1.639425e-04
-1.045369e-02 1.627743e-04
-1.036867e-02 1.620980e-04
-1.028515e-02 1.611723e-04
-1.020091e-02 1.574243e-04
-1.011796e-02 1.553072e-04
-1.003479e-02 1.496421e-04
-9.951334e-03 1.477795e-04
-9.871125e-03 1.474366e-04
-9.791728e-03 1.468255e-04
-9.713472e-03 1.470328e-04
-9.635332e-03 1.468334e-04
-9.557400e-03 1.466425e-04
-9.480115e-03 1.463839e-04
-9.401474e-03 1.439494e-04
-9.324931e-03 1.418166e-04
-9.250465e-03 1.387978e-04
-9.176360e-03 1.374940e-04
-9.104134e-03 1.370116e-04
-9.031796e-03 1.369055e-04
-8.959009e-03 1.358631e-04
-8.885073e-03 1.359895e-04
-8.811316e-03 1.366584e-04
-8.740082e-03 1.355693e-04
-8.669145e-03 1.335363e-04
-8.599217e-03 1.321998e-04
-8.530333e-03 1.297138e-04
-8.461276e-03 1.289228e-04
-8.392539e-03 1.272603e-04
-8.322894e-03 1.270303e-04
-8.254373e-03 1.282812e-04
-8.187008e-03 1.282104e-04
-8.120172e-03 1.288922e-04
-8.055020e-03 1.281290e-04
-7.989417e-03 1.257331e-04
-7.923644e-03 1.249731e-04
-7.858121e-03 1.227952e-04
-7.793073e-03 1.217258e-04
-7.728852e-03 1.201370e-04
-7.664341e-03 1.195734e-04
-7.601633e-03 1.210232e-04
-7.539976e-03 1.210774e-04
-7.477651e-03 1.205693e-04
-7.415971e-03 1.200002e-04
-7.354199e-03 1.178049e-04
-7.292654e-03 1.168785e-04
-7.231338e-03 1.146890e-04
-7.170273e-03 1.135940e-04
-7.111187e-03 1.138666e-04
-7.052601e-03 1.138186e-04
-6.993545e-03 1.129038e-04
-6.934355e-03 1.126536e-04
-6.875231e-03 1.124898e-04
-6.816546e-03 1.121697e-04
-6.758294e-03 1.115691e-04
-6.701468e-03 1.104948e-04
-6.645147e-03 1.083518e-04
-6.588579e-03 1.075804e-04
-6.532779e-03 1.067303e-04
-6.477020e-03 1.065447e-04
-6.420626e-03 1.053680e-04
-6.364554e-03 1.047541e-04
-6.309412e-03 1.041941e-04
-6.254342e-03 1.039493e-04
-6.200102e-03 1.046546e-04
-6.146790e-03 1.042081e-04
-6.093296e-03 1.026741e-04
-6.039931e-03 1.021841e-04
-5.986715e-03 1.010709e-04
-5.933448e-03 1.006990e-04
-5.880664e-03 1.008467e-04
-5.828103e-03 1.007683e-04
-5.776259e-03 1.013593e-04
-5.725442e-03 1.009547e-04
-5.674654e-03 9.988124e-05
-5.623064e-03 9.984017e-05
-5.571069e-03 9.905985e-05
-5.520390e-03 9.812434e-05
-5.470020e-03 9.640122e-05
-5.420127e-03 9.549370e-05
-5.371921e-03 9.541814e-05
-5.323732e-03 9.538117e-05
-5.275135e-03 9.459836e-05
-5.226637e-03 9.412847e-05
-5.178151e-03 9.285416e-05
-5.130065e-03 9.228285e-05
-5.082905e-03 9.223662e-05
-5.036505e-03 9.176401e-05
-4.989936e-03 9.050940e-05
-4.943995e-03 8.967944e-05
-4.898676e-03 8.806538e-05
-4.852775e-03 8.783449e-05
-4.807263e-03 8.784417e-05
-4.762127e-03 8.750176e-05
-4.717494e-03 8.739282e-05
-4.673512e-03 8.708214e-05
-4.629230e-03 8.604594e-05
-4.585213e-03 8.551388e-05
-4.542168e-03 8.532980e-05
-4.499506e-03 8.503335e-05
-4.456019e-03 8.283217e-05
-4.412005e-03 8.224284e-05
-4.369049e-03 8.237665e-05
-4.326480e-03 8.230298e-05
-4.284261e-03 8.267661e-05
-4.242545e-03 8.250911e-05
-4.200811e-03 8.232139e-05
-4.159213e-03 8.217182e-05
-4.117311e-03 8.093560e-05
-4.075358e-03 8.052125e-05
-4.033778e-03 7.999421e-05
-3.992664e-03 7.941619e-05
-3.952231e-03 7.895201e-05
-3.911822e-03 7.887764e-05
-3.871606e-03 7.928951e-05
-3.831303e-03 7.949128e-05
-3.790864e-03 7.952422e-05
-3.751164e-03 7.909173e-05
-3.711713e-03 7.830506e-05
-3.672680e-03 7.777003e-05
-3.633788e-03 7.651831e-05
-3.594550e-03 7.617130e-05
-3.555621e-03 7.572721e-05
-3.516855e-03 7.557223e-05
-3.478241e-03 7.567916e-05
-3.439614e-03 7.572635e-05
-3.401255e-03 7.601506e-05
-3.363726e-03 7.561954e-05
-3.326206e-03 7.453639e-05
-3.288657e-03 7.406320e-05
-3.251376e-03 7.319837e-05
-3.214333e-03 7.284391e-05
-3.177478e-03 7.217367e-05
-3.140368e-03 7.208471e-05
-3.103351e-03 7.226342e-05
-3.066876e-03 7.200258e-05
-3.030949e-03 7.191538e-05
-2.995145e-03 7.180935e-05
-2.959144e-03 7.118543e-05
-2.923274e-03 7.078569e-05
-2.887301e-03 6.950960e-05
-2.851475e-03 6.905783e-05
-2.816204e-03 6.898725e-05
-2.781031e-03 6.890334e-05
-2.746387e-03 6.928894e-05
-2.711971e-03 6.929033e-05
-2.677207e-03 6.871291e-05
-2.642247e-03 6.852924e-05
-2.607397e-03 6.820614e-05
-2.573153e-03 6.781970e-05
-2.539170e-03 6.718221e-05
-2.505247e-03 6.691601e-05
-2.471425e-03 6.659582e-05
-2.437707e-03 6.641788e-05
-2.404325e-03 6.622993e-05
-2.370785e-03 6.625713e-05
-2.337442e-03 6.666211e-05
-2.304299e-03 6.659738e-05
-2.270885e-03 6.596676e-05
-2.237779e-03 6.564496e-05
-2.204876e-03 6.533582e-05
-2.172134e-03 6.512733e-05
-2.139599e-03 6.464485e-05
-2.107091e-03 6.445512e-05
-2.074676e-03 6.408503e-05
-2.042088e-03 6.396893e-05
-2.009735e-03 6.404053e-05
-1.977838e-03 6.387998e-05
-1.946181e-03 6.383376e-05
-1.914787e-03 6.365931e-05
-1.882993e-03 6.274456e-05
-1.851039e-03 6.250996e-05
-1.819392e-03 6.213212e-05
-1.787856e-03 6.192982e-05
-1.756678e-03 6.196470e-05
-1.725608e-03 6.182750e-05
-1.694640e-03 6.161763e-05
-1.663843e-03 6.152379e-05
-1.632908e-03 6.126476e-05
-1.602114e-03 6.108632e-05
-1.571498e-03 6.065423e-05
-1.541061e-03 6.039125e-05
-1.510862e-03 6.005798e-05
-1.480532e-03 5.993433e-05
-1.450319e-03 5.978582e-05
-1.420458e-03 5.960233e-05
-1.390638e-03 5.916128e-05
-1.360723e-03 5.905912e-05
-1.330832e-03 5.903831e-05
-1.301103e-03 5.893352e-05
-1.271609e-03 5.880951e-05
-1.242390e-03 5.859955e-05
-1.213244e-03 5.813839e-05
-1.184106e-03 5.788878e-05
-1.155127e-03 5.746243e-05
-1.126125e-03 5.740127e-05
-1.097057e-03 5.733739e-05
-1.068165e-03 5.720870e-05
-1.039519e-03 5.704400e-05
-1.011003e-03 5.690659e-05
-9.827067e-04 5.689108e-05
-9.544158e-04 5.680482e-05
-9.260332e-04 5.641332e-05
-8.979222e-04 5.618674e-05
-8.699296e-04 5.575532e-05
-8.419786e-04 5.557462e-05
-8.141402e-04 5.546940e-05
-7.864005e-04 5.537212e-05
-7.588256e-04 5.516673e-05
-7.313411e-04 5.503838e-05
-7.039320e-04 5.480780e-05
-6.764545e-04 5.469147e-05
-6.489840e-04 5.438138e-05
-6.218209e-04 5.415967e-05
-5.948620e-04 5.388425e-05
-5.680145e-04 5.371814e-05
-5.411728e-04 5.346852e-05
-5.143149e-04 5.338812e-05
-4.876774e-04 5.332999e-05
-4.611757e-04 5.322745e-05
-4.346252e-04 5.286124e-05
-4.080562e-04 5.266886e-05
-3.816995e-04 5.248962e-05
-3.555830e-04 5.235270e-05
-3.293725e-04 5.201265e-05
-3.032711e-04 5.182436e-05
-2.774423e-04 5.155891e-05
-2.516831e-04 5.142149e-05
-2.260040e-04 5.117347e-05
-2.004027e-04 5.096817e-05
-1.749034e-04 5.056982e-05
-1.496780e-04 5.033142e-05
-1.246707e-04 5.003289e-05
-9.991518e-05 4.977434e-05
-7.512253e-05 4.918076e-05
-5.058398e-05 4.881915e-05
-2.637843e-05 4.816259e-05
-1.926898e-06 4.808153e-05
2.220440e-05 4.837062e-05
4.670466e-05 4.863719e-05
7.123509e-05 4.931005e-05
9.580613e-05 4.964300e-05
1.207972e-04 5.005729e-05
1.459240e-04 5.028854e-05
1.711007e-04 5.065871e-05
1.964051e-04 5.086873e-05
2.218162e-04 5.127383e-05
2.474420e-04 5.147840e-05
2.732778e-04 5.169508e-05
2.991114e-04 5.184174e-05
3.251456e-04 5.211147e-05
3.512808e-04 5.226954e-05
3.774334e-04 5.248271e-05
4.036626e-04 5.260549e-05
4.299161e-04 5.290586e-05
4.563959e-04 5.307753e-05
4.830671e-04 5.323425e-05
5.096606e-04 5.331627e-05
5.362599e-04 5.353393e-05
5.629276e-04 5.365349e-05
5.898228e-04 5.381008e-05
6.168781e-04 5.396286e-05
6.439079e-04 5.422641e-05
6.711349e-04 5.436558e-05
6.984326e-04 5.463309e-05
7.257502e-04 5.481521e-05
7.531663e-04 5.515614e-05
7.805905e-04 5.528404e-05
8.083211e-04 5.533835e-05
8.361526e-04 5.541867e-05
8.638611e-04 5.563765e-05
8.917344e-04 5.581554e-05
9.197759e-04 5.602871e-05
9.481029e-04 5.620008e-05
9.764147e-04 5.669984e-05
1.004550e-03 5.685067e-05
1.032989e-03 5.698072e-05
1.061596e-03 5.712942e-05
1.090125e-03 5.745886e-05
1.118806e-03 5.766885e-05
1.147753e-03 5.780838e-05
1.176943e-03 5.792584e-05
1.206097e-03 5.831111e-05
1.235042e-03 5.840356e-05
1.264025e-03 5.859810e-05
1.293176e-03 5.876910e-05
1.322710e-03 5.882684e-05
1.352449e-03 5.897056e-05
1.382065e-03 5.935232e-05
1.411924e-03 5.955407e-05
1.441894e-03 5.992742e-05
1.471686e-03 6.003656e-05
1.501597e-03 6.014250e-05
1.531733e-03 6.031559e-05
1.562153e-03 6.055136e-05
1.592741e-03 6.073782e-05
1.623265e-03 6.113315e-05
1.653724e-03 6.123570e-05
1.684204e-03 6.148375e-05
1.714982e-03 6.166741e-05
1.745874e-03 6.198443e-05
1.776764e-03 6.218114e-05
1.808036e-03 6.232728e-05
1.839477e-03 6.248199e-05
1.870824e-03 6.283275e-05
1.902321e-03 6.304902e-05
1.934053e-03 6.325637e-05
1.965951e-03 6.334416e-05
1.997767e-03 6.372436e-05
2.029566e-03 6.393706e-05
2.061561e-03 6.419903e-05
2.093770e-03 6.442077e-05
2.126270e-03 6.479405e-05
2.158673e-03 6.487038e-05
2.191023e-03 6.492658e-05
2.223712e-03 6.506225e-05
2.256490e-03 6.529154e-05
2.289358e-03 6.551676e-05
2.322417e-03 6.582495e-05
2.355699e-03 6.607032e-05
2.389248e-03 6.655991e-05
2.422626e-03 6.663524e-05
2.455808e-03 6.692205e-05
2.489188e-03 6.714460e-05
2.522886e-03 6.723181e-05
2.556784e-03 6.729191e-05
2.590782e-03 6.729316e-05
2.625148e-03 6.760457e-05
2.659704e-03 6.840753e-05
2.694173e-03 6.864575e-05
2.728663e-03 6.901589e-05
2.763339e-03 6.926146e-05
2.798194e-03 6.964321e-05
2.833287e-03 6.982742e-05
2.868505e-03 7.012943e-05
2.903724e-03 7.033379e-05
2.939334e-03 7.051625e-05
2.975128e-03 7.069347e-05
3.010678e-03 7.132716e-05
3.046377e-03 7.164528e-05
3.082284e-03 7.218206e-05
3.118666e-03 7.256118e-05
3.155457e-03 7.293026e-05
3.192039e-03 7.303661e-05
3.228722e-03 7.316374e-05
3.265601e-03 7.332640e-05
3.302540e-03 7.395415e-05
3.339591e-03 7.424784e-05
3.376902e-03 7.435054e-05
3.414601e-03 7.462053e-05
3.452282e-03 7.539956e-05
3.490382e-03 7.582780e-05
3.528866e-03 7.637550e-05
3.566966e-03 7.644571e-05
3.605198e-03 7.670998e-05
3.643764e-03 7.700613e-05
3.682710e-03 7.690537e-05
3.722032e-03 7.709512e-05
3.761330e-03 7.766098e-05
3.800906e-03 7.792440e-05
3.840426e-03 7.874755e-05
3.879901e-03 7.912291e-05
3.919803e-03 7.975510e-05
3.959810e-03 8.004697e-05
4.000116e-03 8.005860e-05
4.040699e-03 8.022952e-05
4.081615e-03 8.014813e-05
4.123070e-03 8.033247e-05
4.164282e-03 8.125130e-05
4.205393e-03 8.163082e-05
4.246801e-03 8.218942e-05
4.288256e-03 8.241950e-05
4.329985e-03 8.291484e-05
4.372133e-03 8.334593e-05
4.414524e-03 8.382459e-05
4.457313e-03 8.412058e-05
4.500332e-03 8.455849e-05
4.543347e-03 8.482750e-05
4.586293e-03 8.568659e-05
4.629413e-03 8.610018e-05
4.673320e-03 8.626240e-05
4.717971e-03 8.676908e-05
4.762666e-03 8.777483e-05
4.807139e-03 8.800366e-05
4.851449e-03 8.891252e-05
4.895953e-03 8.923428e-05
4.940796e-03 8.955941e-05
4.985828e-03 8.991113e-05
5.031700e-03 8.983018e-05
5.078406e-03 9.030361e-05
5.124890e-03 9.164655e-05
5.171656e-03 9.229954e-05
5.218627e-03 9.377039e-05
5.265734e-03 9.425245e-05
5.313395e-03 9.466703e-05
5.361420e-03 9.516264e-05
5.409854e-03 9.585607e-05
5.458833e-03 9.643231e-05
5.508756e-03 9.682422e-05
5.558963e-03 9.713857e-05
5.608933e-03 9.803968e-05
5.659220e-03 9.841975e-05
5.709502e-03 9.948440e-05
5.760144e-03 1.002177e-04
5.811643e-03 1.008283e-04
5.863681e-03 1.013712e-04
5.916703e-03 1.016203e-04
5.969776e-03 1.017437e-04
6.021972e-03 1.031622e-04
6.073699e-03 1.033910e-04
6.125778e-03 1.034395e-04
6.178634e-03 1.037810e-04
6.232052e-03 1.037947e-04
6.286490e-03 1.045516e-04
6.341500e-03 1.060999e-04
6.396136e-03 1.064371e-04
6.450403e-03 1.075882e-04
6.504443e-03 1.078673e-04
6.558888e-03 1.079680e-04
6.614699e-03 1.086752e-04
6.671235e-03 1.094309e-04
6.727855e-03 1.099001e-04
6.784980e-03 1.107780e-04
6.842373e-03 1.112585e-04
6.899148e-03 1.132042e-04
6.955909e-03 1.138962e-04
7.013353e-03 1.146772e-04
7.071442e-03 1.151882e-04
7.130642e-03 1.147580e-04
7.190488e-03 1.151452e-04
7.250512e-03 1.159215e-04
7.311014e-03 1.164873e-04
7.371714e-03 1.181701e-04
7.431508e-03 1.182354e-04
7.490726e-03 1.189291e-04
7.551394e-03 1.200509e-04
7.613416e-03 1.209055e-04
7.676394e-03 1.216189e-04
7.740361e-03 1.219569e-04
7.803654e-03 1.218388e-04
7.866465e-03 1.227720e-04
7.929445e-03 1.232121e-04
7.992528e-03 1.237954e-04
8.057259e-03 1.249960e-04
8.123359e-03 1.260444e-04
8.190153e-03 1.266635e-04
8.256880e-03 1.285019e-04
8.323424e-03 1.292262e-04
8.390505e-03 1.308333e-04
8.456946e-03 1.310317e-04
8.523998e-03 1.300686e-04
8.592296e-03 1.304718e-04
8.661021e-03 1.308788e-04
8.731809e-03 1.320796e-04
8.803165e-03 1.344746e-04
8.873497e-03 1.349020e-04
8.943960e-03 1.358690e-04
9.015166e-03 1.366628e-04
9.086357e-03 1.394129e-04
9.157844e-03 1.405864e-04
9.231194e-03 1.402066e-04
9.306028e-03 1.407653e-04
9.380763e-03 1.424882e-04
9.455142e-03 1.430846e-04
9.529145e-03 1.453575e-04
9.603588e-03 1.464398e-04
9.678878e-03 1.485909e-04
9.755350e-03 1.500796e-04
9.834249e-03 1.495971e-04
9.913838e-03 1.498371e-04
9.992927e-03 1.513351e-04
1.007197e-02 1.516368e-04
1.015092e-02 1.526462e-04
1.023043e-02 1.535575e-04
1.031060e-02 1.555847e-04
1.039353e-02 1.579791e-04
1.047806e-02 1.613666e-04
1.056254e-02 1.625554e-04
1.064829e-02 1.637297e-04
1.073447e-02 1.641816e-04
1.082027e-02 1.660717e-04
1.090633e-02 1.671311e-04
1.099392e-02 1.675337e-04
1.108330e-02 1.687571e-04
1.117447e-02 1.698246e-04
1.126793e-02 1.715932e-04
1.136136e-02 1.758915e-04
1.145463e-02 1.770986e-04
1.154812e-02 1.800944e-04
1.164265e-02 1.820331e-04
1.173959e-02 1.833911e-04
1.183883e-02 1.852547e-04
1.194039e-02 1.872609e-04
1.204527e-02 1.899960e-04
1.215075e-02 1.958774e-04
1.225622e-02 1.979871e-04
1.236179e-02 2.036786e-04
1.246998e-02 2.070146e-04
1.258133e-02 2.110158e-04
1.269372e-02 2.133590e-04
1.281090e-02 2.126890e-04
1.292893e-02 2.129767e-04
1.304500e-02 2.162401e-04
1.316213e-02 2.180532e-04
1.327959e-02 2.225181e-04
1.339856e-02 2.247082e-04
1.352036e-02 2.260617e-04
1.364285e-02 2.272545e-04
1.376739e-02 2.279900e-04
1.389048e-02 2.273984e-04
1.401255e-02 2.265748e-04
1.413214e-02 2.247860e-04
1.425007e-02 2.225904e-04
1.436860e-02 2.218553e-04
1.448758e-02 2.191077e-04
1.460829e-02 2.194532e-04
1.472793e-02 2.221942e-04
1.484675e-02 2.226967e-04
1.496657e-02 2.232789e-04
1.508713e-02 2.239473e-04
1.520600e-02 2.277572e-04
1.532733e-02 2.306042e-04
1.545240e-02 2.322534e-04
1.558575e-02 2.374803e-04
1.572123e-02 2.484513e-04
1.586737e-02 2.591052e-04
1.601733e-02 2.833512e-04
1.617397e-02 2.961334e-04
1.634037e-02 3.142506e-04
1.652586e-02 3.322440e-04
1.672179e-02 3.647849e-04
1.690862e-02 3.705121e-04
1.711582e-02 3.525467e-04
1.730900e-02 3.381663e-04
1.749332e-02 3.141612e-04
1.767167e-02 3.019313e-04
1.783555e-02 2.908428e-04
1.799813e-02 2.860654e-04
1.815534e-02 2.817536e-04
1.831217e-02 2.795766e-04
1.846807e-02 2.751417e-04
1.862012e-02 2.716112e-04
1.876808e-02 2.686371e-04
1.891431e-02 2.665309e-04
1.905955e-02 2.633126e-04
1.920490e-02 2.622300e-04
1.934836e-02 2.613425e-04
1.949538e-02 2.631696e-04
1.964219e-02 2.686170e-04
1.979101e-02 2.714030e-04
1.994094e-02 2.773116e-04
2.008606e-02 2.769279e-04
2.023283e-02 2.741606e-04
2.037795e-02 2.721790e-04
2.052447e-02 2.632493e-04
2.067071e-02 2.598581e-04
2.081443e-02 2.546335e-04
2.095813e-02 2.523851e-04
2.109662e-02 2.548834e-04
2.123048e-02 2.533493e-04
2.136427e-02 2.501437e-04
2.149906e-02 2.495981e-04
2.163419e-02 2.465479e-04
2.176842e-02 2.449140e-04
2.190178e-02 2.418522e-04
2.203480e-02 2.402170e-04
2.216454e-02 2.411844e-04
2.229284e-02 2.409863e-04
2.242158e-02 2.396939e-04
2.255254e-02 2.405572e-04
2.268478e-02 2.417232e-04
2.281565e-02 2.413390e-04
2.294594e-02 2.403178e-04
2.307490e-02 2.388230e-04
2.320357e-02 2.352054e-04
2.333221e-02 2.342009e-04
2.345918e-02 2.341720e-04
2.358853e-02 2.355838e-04
2.371937e-02 2.379145e-04
2.385066e-02 2.390480e-04
2.398155e-02 2.419626e-04
2.410942e-02 2.412028e-04
2.423641e-02 2.405576e-04
2.436234e-02 2.393545e-04
2.448886e-02 2.350647e-04
2.461589e-02 2.341402e-04
2.474417e-02 2.303278e-04
2.487344e-02 2.295559e-04
2.499868e-02 2.332340e-04
2.512225e-02 2.335584e-04
2.524549e-02 2.350273e-04
2.536879e-02 2.352697e-04
2.549316e-02 2.341797e-04
2.561896e-02 2.349624e-04
2.574719e-02 2.331152e-04
2.587441e-02 2.318473e-04
2.599963e-02 2.325250e-04
2.612470e-02 2.326911e-04
2.624697e-02 2.369176e-04
2.637194e-02 2.397259e-04
2.650002e-02 2.423686e-04
2.662848e-02 2.438770e-04
2.675976e-02 2.433761e-04
2.689199e-02 2.437647e-04
2.702436e-02 2.455257e-04
2.716066e-02 2.485370e-04
2.729622e-02 2.571779e-04
2.752818e-02 3.182482e-04
2.776503e-02 4.797275e-04
2.797500e-02 5.209777e-04
2.827544e-02 4.847510e-04
2.857128e-02 4.696248e-04
2.884567e-02 4.650301e-04
2.909748e-02 4.498528e-04
2.934449e-02 4.138490e-04
2.959331e-02 4.019746e-04
2.982482e-02 3.979205e-04
3.017612e-02 4.676679e-04
3.052402e-02 6.667055e-04
3.100290e-02 8.175209e-04
3.160338e-02 1.037543e-03
3.211534e-02 1.063937e-03
3.278862e-02 8.639849e-04
3.342548e-02 7.700950e-04
3.392246e-02 7.428969e-04
3.434321e-02 6.863447e-04
3.474268e-02 5.654689e-04
3.509727e-02 4.959081e-04
3.537158e-02 4.364289e-04
3.562536e-02 4.026648e-04
3.584455e-02 3.678460e-04
3.605799e-02 3.518520e-04
3.625165e-02 3.389593e-04
3.644171e-02 3.321636e-04
3.662582e-02 3.232397e-04
3.680174e-02 3.146730e-04
3.697215e-02 3.002008e-04
3.714077e-02 2.943382e-04
3.730096e-02 2.931679e-04
3.745868e-02 2.912732e-04
3.761610e-02 2.853705e-04
3.777090e-02 2.816681e-04
3.792303e-02 2.758351e-04
3.807394e-02 2.726210e-04
3.822110e-02 2.699903e-04
3.836484e-02 2.673538e-04
3.850663e-02 2.642696e-04
3.864915e-02 2.636072e-04
3.879095e-02 2.619328e-04
3.893323e-02 2.616161e-04
3.907457e-02 2.623060e-04
3.921316e-02 2.605430e-04
3.934997e-02 2.586578e-04
3.948347e-02 2.563479e-04
3.961619e-02 2.512338e-04
3.975059e-02 2.503920e-04
3.988518e-02 2.486651e-04
4.001930e-02 2.477706e-04
4.015210e-02 2.465361e-04
4.028247e-02 2.443013e-04
4.040945e-02 2.437781e-04
4.053538e-02 2.432909e-04
4.066260e-02 2.398160e-04
4.078810e-02 2.375395e-04
4.091354e-02 2.322029e-04
4.103896e-02 2.302739e-04
4.116056e-02 2.303805e-04
4.128096e-02 2.296947e-04
4.139990e-02 2.302237e-04
4.151992e-02 2.307469e-04
4.164008e-02 2.319865e-04
4.175927e-02 2.321617e-04
4.188011e-02 2.307554e-04
4.199947e-02 2.293622e-04
4.211838e-02 2.253683e-04
4.223627e-02 2.233242e-04
4.235072e-02 2.234095e-04
4.246712e-02 2.243047e-04
4.258487e-02 2.245500e-04
4.270298e-02 2.251582e-04
4.282145e-02 2.262523e-04
4.293827e-02 2.256545e-04
4.305442e-02 2.259507e-04
4.316882e-02 2.250143e-04
4.328215e-02 2.233574e-04
4.339685e-02 2.232838e-04
4.351356e-02 2.197635e-04
4.363127e-02 2.193972e-04
4.374666e-02 2.222518e-04
4.386091e-02 2.226084e-04
4.397495e-02 2.248186e-04
4.408690e-02 2.243703e-04
4.419879e-02 2.223840e-04
4.431280e-02 2.229442e-04
4.442876e-02 2.212408e-04
4.454491e-02 2.204351e-04
4.465990e-02 2.201445e-04
4.477317e-02 2.193069e-04
4.488387e-02 2.220993e-04
4.499528e-02 2.235361e-04
4.510818e-02 2.241930e-04
4.522048e-02 2.240619e-04
4.533431e-02 2.211241e-04
4.544972e-02 2.207110e-04
4.556418e-02 2.211760e-04
4.567646e-02 2.203419e-04
4.578841e-02 2.194137e-04
4.590085e-02 2.193801e-04
4.601259e-02 2.196339e-04
4.612468e-02 2.199409e-04
4.623771e-02 2.192433e-04
4.635298e-02 2.200390e-04
4.646884e-02 2.212838e-04
4.658021e-02 2.193424e-04
4.669017e-02 2.163144e-04
4.680128e-02 2.159154e-04
4.691193e-02 2.163924e-04
4.702463e-02 2.178003e-04
4.713909e-02 2.179612e-04
4.725491e-02 2.188431e-04
4.737043e-02 2.217983e-04
4.748380e-02 2.212679e-04
4.759546e-02 2.226520e-04
4.770444e-02 2.218422e-04
4.781581e-02 2.164214e-04
4.792986e-02 2.160797e-04
4.804318e-02 2.155468e-04
4.815761e-02 2.160289e-04
4.827094e-02 2.192012e-04
4.838302e-02 2.192882e-04
4.849440e-02 2.206904e-04
4.860508e-02 2.210720e-04
4.871749e-02 2.200728e-04
