-4.704610e-02 2.424514e-04
-4.699163e-02 2.159013e-04
-4.691662e-02 2.184167e-04
-4.683648e-02 2.167490e-04
-4.675417e-02 2.177651e-04
-4.666583e-02 2.113991e-04
-4.657320e-02 2.116568e-04
-4.647908e-02 2.091127e-04
-4.638366e-02 2.089725e-04
-4.628788e-02 2.079552e-04
-4.619039e-02 2.083291e-04
-4.609662e-02 2.154984e-04
-4.600483e-02 2.171832e-04
-4.590628e-02 2.106213e-04
-4.580526e-02 2.097316e-04
-4.570346e-02 2.067525e-04
-4.560246e-02 2.051900e-04
-4.550306e-02 2.027350e-04
-4.540157e-02 2.031102e-04
-4.530096e-02 2.056370e-04
-4.520072e-02 2.060520e-04
-4.510113e-02 2.082834e-04
-4.500181e-02 2.092120e-04
-4.489912e-02 2.069767e-04
-4.479766e-02 2.054287e-04
-4.469692e-02 2.015418e-04
-4.459262e-02 2.022791e-04
-4.448910e-02 2.056352e-04
-4.438775e-02 2.052642e-04
-4.428808e-02 2.070193e-04
-4.418719e-02 2.086630e-04
-4.408377e-02 2.090232e-04
-4.398012e-02 2.092956e-04
-4.387574e-02 2.096451e-04
-4.377250e-02 2.090862e-04
-4.366991e-02 2.078152e-04
-4.357017e-02 2.056416e-04
-4.347331e-02 2.044247e-04
-4.337188e-02 2.064559e-04
-4.326697e-02 2.062986e-04
-4.316096e-02 2.071875e-04
-4.305520e-02 2.108830e-04
-4.295074e-02 2.114395e-04
-4.284590e-02 2.115655e-04
-4.274216e-02 2.109551e-04
-4.263874e-02 2.098119e-04
-4.253632e-02 2.085209e-04
-4.243439e-02 2.057444e-04
-4.233045e-02 2.062288e-04
-4.222723e-02 2.087673e-04
-4.212402e-02 2.096764e-04
-4.201838e-02 2.089494e-04
-4.191203e-02 2.091168e-04
-4.180735e-02 2.115641e-04
-4.170590e-02 2.105004e-04
-4.160381e-02 2.064855e-04
-4.149823e-02 2.068550e-04
-4.139141e-02 2.058292e-04
-4.128491e-02 2.055497e-04
-4.117906e-02 2.066298e-04
-4.107355e-02 2.068173e-04
-4.097114e-02 2.117256e-04
-4.086988e-02 2.128033e-04
-4.076488e-02 2.095576e-04
-4.065726e-02 2.096755e-04
-4.054876e-02 2.085488e-04
-4.044088e-02 2.080553e-04
-4.033373e-02 2.079128e-04
-4.022637e-02 2.079927e-04
-4.011969e-02 2.101339e-04
-4.001298e-02 2.109228e-04
-3.990728e-02 2.139998e-04
-3.980090e-02 2.155205e-04
-3.969193e-02 2.154236e-04
-3.958415e-02 2.143763e-04
-3.947665e-02 2.119186e-04
-3.936642e-02 2.129535e-04
-3.925492e-02 2.145082e-04
-3.914522e-02 2.139849e-04
-3.903795e-02 2.157405e-04
-3.892929e-02 2.172019e-04
-3.881861e-02 2.178800e-04
-3.870686e-02 2.184606e-04
-3.859498e-02 2.198476e-04
-3.848478e-02 2.196405e-04
-3.837470e-02 2.192785e-04
-3.826554e-02 2.185994e-04
-3.815741e-02 2.192603e-04
-3.804781e-02 2.203806e-04
-3.793615e-02 2.192103e-04
-3.782231e-02 2.200934e-04
-3.770855e-02 2.226763e-04
-3.759587e-02 2.226488e-04
-3.748377e-02 2.235299e-04
-3.737298e-02 2.233645e-04
-3.726160e-02 2.219180e-04
-3.715005e-02 2.214920e-04
-3.703769e-02 2.197728e-04
-3.692335e-02 2.203422e-04
-3.681128e-02 2.248900e-04
-3.669927e-02 2.265013e-04
-3.658393e-02 2.254356e-04
-3.646806e-02 2.250647e-04
-3.635373e-02 2.266107e-04
-3.623994e-02 2.271508e-04
-3.612359e-02 2.252521e-04
-3.600483e-02 2.260219e-04
-3.588624e-02 2.275701e-04
-3.576667e-02 2.287120e-04
-3.564799e-02 2.333625e-04
-3.552774e-02 2.356516e-04
-3.540783e-02 2.425456e-04
-3.528941e-02 2.444597e-04
-3.516542e-02 2.405403e-04
-3.503746e-02 2.415078e-04
-3.490804e-02 2.426624e-04
-3.478244e-02 2.407877e-04
-3.465961e-02 2.392433e-04
-3.452924e-02 2.432090e-04
-3.439695e-02 2.510101e-04
-3.426440e-02 2.536273e-04
-3.413103e-02 2.595439e-04
-3.399700e-02 2.624152e-04
-3.385898e-02 2.647318e-04
-3.372105e-02 2.655193e-04
-3.358287e-02 2.662828e-04
-3.344152e-02 2.684648e-04
-3.329878e-02 2.722006e-04
-3.315368e-02 2.745822e-04
-3.300827e-02 2.806956e-04
-3.285823e-02 2.860460e-04
-3.270383e-02 2.936383e-04
-3.254624e-02 2.982874e-04
-3.238550e-02 3.070879e-04
-3.222316e-02 3.112391e-04
-3.205739e-02 3.158799e-04
-3.188796e-02 3.197514e-04
-3.171756e-02 3.288857e-04
-3.153360e-02 3.398368e-04
-3.134132e-02 3.563748e-04
-3.113826e-02 3.692448e-04
-3.092721e-02 3.931134e-04
-3.070349e-02 4.093688e-04
-3.047020e-02 4.370427e-04
-3.023978e-02 4.452789e-04
-2.999463e-02 4.435505e-04
-2.974707e-02 4.437481e-04
-2.949962e-02 4.445553e-04
-2.925239e-02 4.453010e-04
-2.900203e-02 4.421597e-04
-2.874929e-02 4.424496e-04
-2.849770e-02 4.468105e-04
-2.823580e-02 4.546192e-04
-2.797327e-02 4.735077e-04
-2.770705e-02 4.825280e-04
-2.742784e-02 4.858956e-04
-2.713949e-02 4.918876e-04
-2.684870e-02 5.045534e-04
-2.656490e-02 5.055778e-04
-2.627010e-02 4.919278e-04
-2.596584e-02 4.927429e-04
-2.567320e-02 5.124239e-04
-2.533383e-02 5.476036e-04
-2.498072e-02 6.223885e-04
-2.458783e-02 6.722040e-04
-2.414113e-02 7.209277e-04
-2.385435e-02 6.435650e-04
-2.353532e-02 3.756607e-04
-2.322211e-02 2.754966e-04
-2.306865e-02 2.640656e-04
-2.291884e-02 2.577640e-04
-2.277667e-02 2.519452e-04
-2.263556e-02 2.492093e-04
-2.249827e-02 2.479750e-04
-2.236339e-02 2.457396e-04
-2.223036e-02 2.426833e-04
-2.210171e-02 2.392929e-04
-2.197378e-02 2.319419e-04
-2.184818e-02 2.278918e-04
-2.172816e-02 2.250221e-04
-2.160725e-02 2.245219e-04
-2.148491e-02 2.207608e-04
-2.136096e-02 2.200692e-04
-2.123951e-02 2.223504e-04
-2.112109e-02 2.216477e-04
-2.100364e-02 2.213049e-04
-2.088808e-02 2.200510e-04
-2.077227e-02 2.169655e-04
-2.065700e-02 2.155330e-04
-2.054046e-02 2.085961e-04
-2.042166e-02 2.074618e-04
-2.030756e-02 2.121743e-04
-2.019637e-02 2.118351e-04
-2.008398e-02 2.089479e-04
-1.997087e-02 2.086310e-04
-1.985900e-02 2.098271e-04
-1.974716e-02 2.102448e-04
-1.963317e-02 2.086031e-04
-1.952058e-02 2.071792e-04
-1.940949e-02 2.049199e-04
-1.929796e-02 2.043730e-04
-1.918688e-02 2.036153e-04
-1.907427e-02 2.039799e-04
-1.896309e-02 2.074097e-04
-1.885389e-02 2.077399e-04
-1.874305e-02 2.067127e-04
-1.863053e-02 2.073608e-04
-1.851744e-02 2.074112e-04
-1.840592e-02 2.064841e-04
-1.829536e-02 2.055095e-04
-1.818453e-02 2.050392e-04
-1.807484e-02 2.056694e-04
-1.796395e-02 2.068927e-04
-1.785205e-02 2.086049e-04
-1.773771e-02 2.106803e-04
-1.762103e-02 2.133390e-04
-1.750745e-02 2.124576e-04
-1.739509e-02 2.112446e-04
-1.728049e-02 2.121570e-04
-1.716511e-02 2.133855e-04
-1.704893e-02 2.140044e-04
-1.693137e-02 2.134372e-04
-1.681239e-02 2.143651e-04
-1.669439e-02 2.193793e-04
-1.657846e-02 2.199559e-04
-1.646210e-02 2.199966e-04
-1.634347e-02 2.213715e-04
-1.622206e-02 2.205325e-04
-1.609969e-02 2.204986e-04
-1.597755e-02 2.208377e-04
-1.585345e-02 2.224322e-04
-1.572788e-02 2.244256e-04
-1.560165e-02 2.255439e-04
-1.547505e-02 2.288887e-04
-1.534856e-02 2.300513e-04
-1.522183e-02 2.319949e-04
-1.509571e-02 2.323304e-04
-1.496766e-02 2.300497e-04
-1.483676e-02 2.306158e-04
-1.470402e-02 2.291836e-04
-1.457096e-02 2.291606e-04
-1.444012e-02 2.336350e-04
-1.430956e-02 2.351009e-04
-1.417744e-02 2.356473e-04
-1.404382e-02 2.367404e-04
-1.390963e-02 2.388234e-04
-1.377276e-02 2.408392e-04
-1.363335e-02 2.422484e-04
-1.349599e-02 2.418446e-04
-1.336214e-02 2.465459e-04
-1.322870e-02 2.479958e-04
-1.308943e-02 2.432261e-04
-1.294745e-02 2.431541e-04
-1.280650e-02 2.437140e-04
-1.267091e-02 2.406977e-04
-1.253552e-02 2.326641e-04
-1.240577e-02 2.260734e-04
-1.228084e-02 2.159095e-04
-1.216117e-02 2.093956e-04
-1.204702e-02 2.012310e-04
-1.193617e-02 1.963112e-04
-1.182972e-02 1.892018e-04
-1.172308e-02 1.867624e-04
-1.162010e-02 1.861075e-04
-1.151778e-02 1.852186e-04
-1.141609e-02 1.838385e-04
-1.131782e-02 1.815337e-04
-1.122224e-02 1.795904e-04
-1.112538e-02 1.796474e-04
-1.102687e-02 1.776984e-04
-1.092868e-02 1.768094e-04
-1.083094e-02 1.743951e-04
-1.073340e-02 1.734066e-04
-1.063815e-02 1.744781e-04
-1.054414e-02 1.738715e-04
-1.045062e-02 1.730147e-04
-1.035819e-02 1.722814e-04
-1.026416e-02 1.682049e-04
-1.017030e-02 1.666422e-04
-1.007817e-02 1.645340e-04
-9.987149e-03 1.631096e-04
-9.897389e-03 1.612571e-04
-9.809279e-03 1.595983e-04
-9.722916e-03 1.579087e-04
-9.636995e-03 1.568164e-04
-9.551767e-03 1.549698e-04
-9.467090e-03 1.541844e-04
-9.382316e-03 1.524114e-04
-9.298973e-03 1.509219e-04
-9.216528e-03 1.476879e-04
-9.134576e-03 1.462279e-04
-9.056072e-03 1.479312e-04
-8.978897e-03 1.475417e-04
-8.899419e-03 1.426503e-04
-8.819846e-03 1.411399e-04
-8.742364e-03 1.404215e-04
-8.665398e-03 1.398523e-04
-8.589049e-03 1.398157e-04
-8.515521e-03 1.381140e-04
-8.444808e-03 1.375443e-04
-8.374419e-03 1.371446e-04
-8.302054e-03 1.327345e-04
-8.228595e-03 1.316206e-04
-8.156347e-03 1.305759e-04
-8.085351e-03 1.296258e-04
-8.015436e-03 1.292695e-04
-7.946685e-03 1.284477e-04
-7.879085e-03 1.275854e-04
-7.812019e-03 1.269541e-04
-7.745256e-03 1.257062e-04
-7.678415e-03 1.251306e-04
-7.610940e-03 1.224988e-04
-7.544355e-03 1.211838e-04
-7.479927e-03 1.211183e-04
-7.415766e-03 1.209341e-04
-7.351499e-03 1.206958e-04
-7.288852e-03 1.196400e-04
-7.226992e-03 1.175550e-04
-7.163602e-03 1.177245e-04
-7.099996e-03 1.178350e-04
-7.037807e-03 1.168621e-04
-6.975777e-03 1.144467e-04
-6.914406e-03 1.133381e-04
-6.854847e-03 1.136995e-04
-6.796183e-03 1.132956e-04
-6.737416e-03 1.115672e-04
-6.677927e-03 1.113795e-04
-6.618196e-03 1.104553e-04
-6.558693e-03 1.098333e-04
-6.500323e-03 1.100098e-04
-6.443437e-03 1.093328e-04
-6.386608e-03 1.075532e-04
-6.330011e-03 1.067720e-04
-6.273491e-03 1.051237e-04
-6.217083e-03 1.044659e-04
-6.161483e-03 1.035823e-04
-6.105661e-03 1.033988e-04
-6.050967e-03 1.047746e-04
-5.997197e-03 1.045712e-04
-5.942467e-03 1.024204e-04
-5.888037e-03 1.016065e-04
-5.835189e-03 1.023622e-04
-5.783033e-03 1.022215e-04
-5.729267e-03 9.875305e-05
-5.674847e-03 9.789784e-05
-5.622151e-03 9.840164e-05
-5.569431e-03 9.846061e-05
-5.517411e-03 9.979709e-05
-5.466973e-03 9.946348e-05
-5.416448e-03 9.839454e-05
-5.366012e-03 9.795527e-05
-5.314978e-03 9.610075e-05
-5.263652e-03 9.560997e-05
-5.212714e-03 9.452293e-05
-5.162507e-03 9.369213e-05
-5.113987e-03 9.420174e-05
-5.065260e-03 9.437930e-05
-5.016299e-03 9.448462e-05
-4.967792e-03 9.437689e-05
-4.919082e-03 9.409136e-05
-4.870903e-03 9.367136e-05
-4.822380e-03 9.157285e-05
-4.774770e-03 9.026910e-05
-4.728390e-03 8.870151e-05
-4.680943e-03 8.865500e-05
-4.633947e-03 8.928426e-05
-4.587993e-03 8.900555e-05
-4.542095e-03 8.832374e-05
-4.495556e-03 8.846066e-05
-4.448724e-03 8.868179e-05
-4.403007e-03 8.809369e-05
-4.357575e-03 8.659393e-05
-4.312741e-03 8.569407e-05
-4.268743e-03 8.458959e-05
-4.224597e-03 8.416480e-05
-4.180724e-03 8.344896e-05
-4.136410e-03 8.356920e-05
-4.091912e-03 8.391300e-05
-4.047907e-03 8.374461e-05
-4.004391e-03 8.377173e-05
-3.961965e-03 8.312718e-05
-3.919911e-03 8.196069e-05
-3.877657e-03 8.166144e-05
-3.835268e-03 8.060540e-05
-3.792807e-03 8.015794e-05
-3.750962e-03 7.995063e-05
-3.709801e-03 7.957462e-05
-3.669054e-03 7.951840e-05
-3.627861e-03 7.976709e-05
-3.586421e-03 7.974189e-05
-3.545827e-03 7.922430e-05
-3.505769e-03 7.868175e-05
-3.465679e-03 7.839880e-05
-3.425186e-03 7.695037e-05
-3.384722e-03 7.651666e-05
-3.345066e-03 7.665533e-05
-3.305743e-03 7.650520e-05
-3.266694e-03 7.683062e-05
-3.228053e-03 7.670337e-05
-3.189761e-03 7.664137e-05
-3.151664e-03 7.650185e-05
-3.112779e-03 7.479863e-05
-3.073611e-03 7.425358e-05
-3.035100e-03 7.384250e-05
-2.997068e-03 7.350749e-05
-2.959402e-03 7.346322e-05
-2.922026e-03 7.327460e-05
-2.884855e-03 7.281343e-05
-2.847661e-03 7.266136e-05
-2.810482e-03 7.226607e-05
-2.773306e-03 7.202432e-05
-2.736629e-03 7.218932e-05
-2.700596e-03 7.196065e-05
-2.664299e-03 7.088786e-05
-2.627899e-03 7.056189e-05
-2.591749e-03 7.033614e-05
-2.555954e-03 7.004224e-05
-2.520418e-03 6.938924e-05
-2.484682e-03 6.927414e-05
-2.449003e-03 6.904937e-05
-2.413359e-03 6.885298e-05
-2.378111e-03 6.897039e-05
-2.343438e-03 6.876119e-05
-2.308594e-03 6.815355e-05
-2.273951e-03 6.781413e-05
-2.239746e-03 6.734134e-05
-2.205309e-03 6.730994e-05
-2.170855e-03 6.719174e-05
-2.136467e-03 6.701695e-05
-2.102517e-03 6.726220e-05
-2.069016e-03 6.717254e-05
-2.035361e-03 6.666793e-05
-2.001883e-03 6.637949e-05
-1.968447e-03 6.589671e-05
-1.934951e-03 6.575832e-05
-1.901710e-03 6.554712e-05
-1.869075e-03 6.510695e-05
-1.836809e-03 6.450240e-05
-1.803845e-03 6.461597e-05
-1.770660e-03 6.456437e-05
-1.738012e-03 6.431138e-05
-1.705463e-03 6.401613e-05
-1.672948e-03 6.388978e-05
-1.640735e-03 6.379870e-05
-1.608690e-03 6.366477e-05
-1.576676e-03 6.334312e-05
-1.544717e-03 6.310784e-05
-1.512973e-03 6.281622e-05
-1.481482e-03 6.264593e-05
-1.450244e-03 6.259585e-05
-1.419051e-03 6.255137e-05
-1.387401e-03 6.190097e-05
-1.355805e-03 6.163392e-05
-1.324707e-03 6.148667e-05
-1.293914e-03 6.125019e-05
-1.263266e-03 6.083553e-05
-1.232427e-03 6.071838e-05
-1.201693e-03 6.057094e-05
-1.171191e-03 6.046112e-05
-1.140569e-03 6.018227e-05
-1.110033e-03 6.002976e-05
-1.079931e-03 6.009951e-05
-1.050126e-03 5.994535e-05
-1.020285e-03 5.945511e-05
-9.902089e-04 5.933851e-05
-9.601910e-04 5.911335e-05
-9.304226e-04 5.896323e-05
-9.008723e-04 5.890930e-05
-8.715981e-04 5.872442e-05
-8.421848e-04 5.819937e-05
-8.127633e-04 5.801479e-05
-7.837305e-04 5.792954e-05
-7.548613e-04 5.780049e-05
-7.260466e-04 5.753309e-05
-6.972714e-04 5.733516e-05
-6.685681e-04 5.690704e-05
-6.399218e-04 5.679653e-05
-6.113693e-04 5.664630e-05
-5.830663e-04 5.644265e-05
-5.548434e-04 5.622268e-05
-5.267226e-04 5.608184e-05
-4.987550e-04 5.573306e-05
-4.709579e-04 5.550496e-05
-4.433128e-04 5.512517e-05
-4.156456e-04 5.492696e-05
-3.881189e-04 5.461204e-05
-3.609635e-04 5.435070e-05
-3.338138e-04 5.383823e-05
-3.067802e-04 5.358347e-05
-2.800657e-04 5.320368e-05
-2.535843e-04 5.292675e-05
-2.272643e-04 5.242683e-05
-2.011264e-04 5.206679e-05
-1.751846e-04 5.139621e-05
-1.495747e-04 5.102645e-05
-1.242165e-04 5.041976e-05
-9.900343e-05 5.011394e-05
-7.393883e-05 4.969961e-05
-4.912832e-05 4.940287e-05
-2.457773e-05 4.880243e-05
2.234842e-07 4.874445e-05
2.475203e-05 4.901798e-05
4.956717e-05 4.922877e-05
7.438348e-05 4.979529e-05
9.929144e-05 5.012130e-05
1.245707e-04 5.059931e-05
1.500774e-04 5.090870e-05
1.756131e-04 5.152883e-05
2.013762e-04 5.188883e-05
2.273841e-04 5.247994e-05
2.536833e-04 5.279558e-05
2.802923e-04 5.315404e-05
3.069837e-04 5.340432e-05
3.338457e-04 5.401876e-05
3.607727e-04 5.427963e-05
3.878331e-04 5.457806e-05
4.150130e-04 5.475736e-05
4.423519e-04 5.498991e-05
4.699913e-04 5.517884e-05
4.977374e-04 5.552431e-05
5.254824e-04 5.572311e-05
5.533922e-04 5.600049e-05
5.814087e-04 5.616454e-05
6.096224e-04 5.650483e-05
6.380334e-04 5.674628e-05
6.664525e-04 5.719006e-05
6.948589e-04 5.726419e-05
7.233082e-04 5.739701e-05
7.518781e-04 5.759512e-05
7.806790e-04 5.776078e-05
8.095761e-04 5.787825e-05
8.386404e-04 5.814565e-05
8.677533e-04 5.827149e-05
8.968083e-04 5.849823e-05
9.259201e-04 5.861403e-05
9.551271e-04 5.877682e-05
9.847737e-04 5.901897e-05
1.014678e-03 5.926161e-05
1.044414e-03 5.932834e-05
1.074182e-03 5.968646e-05
1.103964e-03 5.982476e-05
1.133708e-03 6.004762e-05
1.163659e-03 6.025203e-05
1.193794e-03 6.051171e-05
1.224157e-03 6.065905e-05
1.254656e-03 6.083931e-05
1.285059e-03 6.092897e-05
1.315489e-03 6.113315e-05
1.346031e-03 6.127357e-05
1.376927e-03 6.130386e-05
1.408065e-03 6.146013e-05
1.438906e-03 6.215584e-05
1.469825e-03 6.236727e-05
1.501022e-03 6.248883e-05
1.532238e-03 6.262925e-05
1.563596e-03 6.278334e-05
1.594973e-03 6.285007e-05
1.626444e-03 6.311704e-05
1.658077e-03 6.331099e-05
1.689774e-03 6.350478e-05
1.721652e-03 6.368337e-05
1.753827e-03 6.368338e-05
1.786356e-03 6.380854e-05
1.818763e-03 6.435905e-05
1.850951e-03 6.451268e-05
1.883224e-03 6.504157e-05
1.915632e-03 6.531323e-05
1.948243e-03 6.548571e-05
1.980966e-03 6.561617e-05
2.013841e-03 6.572663e-05
2.047029e-03 6.586462e-05
2.080307e-03 6.609681e-05
2.113513e-03 6.622609e-05
2.146817e-03 6.642065e-05
2.180522e-03 6.673137e-05
2.214504e-03 6.738792e-05
2.248317e-03 6.752431e-05
2.282117e-03 6.766966e-05
2.316382e-03 6.790794e-05
2.350802e-03 6.830994e-05
2.384987e-03 6.840586e-05
2.419198e-03 6.862738e-05
2.453680e-03 6.886928e-05
2.488506e-03 6.922828e-05
2.523555e-03 6.949214e-05
2.558863e-03 6.953090e-05
2.594839e-03 6.994671e-05
2.630746e-03 7.121798e-05
2.666029e-03 7.120424e-05
2.701167e-03 7.140558e-05
2.736259e-03 7.154738e-05
2.771952e-03 7.121039e-05
2.808135e-03 7.138301e-05
2.844276e-03 7.166206e-05
2.880799e-03 7.199205e-05
2.917539e-03 7.254435e-05
2.954516e-03 7.278483e-05
2.991324e-03 7.373129e-05
3.028097e-03 7.415045e-05
3.065870e-03 7.392876e-05
3.103900e-03 7.400376e-05
3.141295e-03 7.499015e-05
3.178568e-03 7.527130e-05
3.216443e-03 7.504457e-05
3.254859e-03 7.518475e-05
3.293104e-03 7.586030e-05
3.331186e-03 7.610845e-05
3.369487e-03 7.643206e-05
3.408152e-03 7.676641e-05
3.447419e-03 7.698232e-05
3.487156e-03 7.734448e-05
3.527635e-03 7.681931e-05
3.568197e-03 7.667978e-05
3.607615e-03 7.820297e-05
3.646913e-03 7.857190e-05
3.686385e-03 7.930346e-05
3.726431e-03 8.001804e-05
3.767441e-03 8.070309e-05
3.808520e-03 8.099325e-05
3.849728e-03 8.127813e-05
3.891064e-03 8.145812e-05
3.932568e-03 8.167904e-05
3.974198e-03 8.172258e-05
4.015884e-03 8.175297e-05
4.058678e-03 8.253846e-05
4.102135e-03 8.393049e-05
4.144973e-03 8.406353e-05
4.187434e-03 8.474373e-05
4.230394e-03 8.528859e-05
4.273726e-03 8.618004e-05
4.316940e-03 8.631196e-05
4.360497e-03 8.610856e-05
4.404568e-03 8.646099e-05
4.448967e-03 8.689440e-05
4.493965e-03 8.741018e-05
4.539679e-03 8.798245e-05
4.585899e-03 8.849622e-05
4.631566e-03 9.051165e-05
4.676669e-03 9.077433e-05
4.722144e-03 9.088143e-05
4.767827e-03 9.116712e-05
4.814396e-03 9.048523e-05
4.861687e-03 9.067153e-05
4.908987e-03 9.151762e-05
4.956433e-03 9.191314e-05
5.003739e-03 9.289567e-05
5.051352e-03 9.343355e-05
5.098975e-03 9.491025e-05
5.147122e-03 9.562566e-05
5.196935e-03 9.484179e-05
5.246975e-03 9.482441e-05
5.296412e-03 9.613927e-05
5.345491e-03 9.640119e-05
5.394712e-03 9.652715e-05
5.444437e-03 9.687528e-05
5.493986e-03 9.813492e-05
5.544149e-03 9.882126e-05
5.595307e-03 9.906988e-05
5.646804e-03 9.949529e-05
5.698700e-03 1.000096e-04
5.751011e-03 1.004434e-04
5.804170e-03 1.006126e-04
5.857079e-03 1.005272e-04
5.909084e-03 1.014148e-04
5.961506e-03 1.018449e-04
6.014238e-03 1.025256e-04
6.068062e-03 1.035627e-04
6.122654e-03 1.051615e-04
6.176827e-03 1.054875e-04
6.231197e-03 1.064637e-04
6.285794e-03 1.069539e-04
6.340752e-03 1.073066e-04
6.395451e-03 1.072773e-04
6.450904e-03 1.059363e-04
6.508874e-03 1.068170e-04
6.566976e-03 1.090520e-04
6.624074e-03 1.093995e-04
6.680893e-03 1.112458e-04
6.737891e-03 1.120225e-04
6.795523e-03 1.127008e-04
6.853359e-03 1.130678e-04
6.911706e-03 1.132344e-04
6.971334e-03 1.139071e-04
7.031895e-03 1.142304e-04
7.092473e-03 1.145106e-04
7.153538e-03 1.149062e-04
7.215705e-03 1.157163e-04
7.276903e-03 1.191445e-04
7.337474e-03 1.200019e-04
7.398708e-03 1.212751e-04
7.460651e-03 1.219911e-04
7.524600e-03 1.206426e-04
7.589000e-03 1.205904e-04
7.652668e-03 1.216614e-04
7.716277e-03 1.220125e-04
7.780408e-03 1.225749e-04
7.845886e-03 1.235908e-04
7.910981e-03 1.265830e-04
7.977264e-03 1.283745e-04
8.046496e-03 1.284269e-04
8.116476e-03 1.287161e-04
8.185231e-03 1.315718e-04
8.252080e-03 1.316329e-04
8.319988e-03 1.305330e-04
8.389577e-03 1.311503e-04
8.459101e-03 1.324738e-04
8.529880e-03 1.337052e-04
8.602017e-03 1.348582e-04
8.675213e-03 1.357199e-04
8.748165e-03 1.385270e-04
8.821418e-03 1.399005e-04
8.896645e-03 1.409519e-04
8.972090e-03 1.414681e-04
9.047128e-03 1.430379e-04
9.122459e-03 1.437788e-04
9.198954e-03 1.438931e-04
9.278508e-03 1.455672e-04
9.358772e-03 1.490420e-04
9.439649e-03 1.508563e-04
9.520628e-03 1.557143e-04
9.601415e-03 1.573520e-04
9.684170e-03 1.592203e-04
9.767013e-03 1.599524e-04
9.851776e-03 1.581715e-04
9.940090e-03 1.594393e-04
1.002924e-02 1.615901e-04
1.011692e-02 1.617000e-04
1.020344e-02 1.639421e-04
1.029184e-02 1.658829e-04
1.038123e-02 1.702706e-04
1.047123e-02 1.722285e-04
1.056304e-02 1.739900e-04
1.065596e-02 1.752939e-04
1.075116e-02 1.751137e-04
1.084667e-02 1.749903e-04
1.094193e-02 1.750986e-04
1.103940e-02 1.766974e-04
1.113750e-02 1.807595e-04
1.123489e-02 1.818116e-04
1.133217e-02 1.842089e-04
1.143093e-02 1.859565e-04
1.153235e-02 1.863731e-04
1.163318e-02 1.859097e-04
1.173425e-02 1.842403e-04
1.183413e-02 1.831712e-04
1.193238e-02 1.829246e-04
1.203227e-02 1.838234e-04
1.213283e-02 1.858944e-04
1.223568e-02 1.880267e-04
1.234102e-02 1.890751e-04
1.244870e-02 1.905929e-04
1.255429e-02 1.983221e-04
1.265963e-02 2.012166e-04
1.276857e-02 2.032584e-04
1.288306e-02 2.073186e-04
1.300007e-02 2.151922e-04
1.312737e-02 2.242349e-04
1.325900e-02 2.412885e-04
1.339701e-02 2.512641e-04
1.354174e-02 2.677597e-04
1.368540e-02 2.726750e-04
1.383723e-02 2.727318e-04
1.398700e-02 2.718733e-04
1.413950e-02 2.659117e-04
1.428873e-02 2.618123e-04
1.443539e-02 2.536750e-04
1.458239e-02 2.509556e-04
1.472484e-02 2.510001e-04
1.486431e-02 2.488777e-04
1.500136e-02 2.470849e-04
1.513639e-02 2.455667e-04
1.527158e-02 2.420031e-04
1.540738e-02 2.411042e-04
1.554216e-02 2.393756e-04
1.568006e-02 2.406355e-04
1.581746e-02 2.449803e-04
1.595042e-02 2.435384e-04
1.608217e-02 2.415906e-04
1.621385e-02 2.411646e-04
1.634564e-02 2.397758e-04
1.647710e-02 2.390709e-04
1.661078e-02 2.342876e-04
1.674435e-02 2.325183e-04
1.687498e-02 2.315978e-04
1.700336e-02 2.299158e-04
1.712972e-02 2.286135e-04
1.725530e-02 2.273568e-04
1.738069e-02 2.242424e-04
1.750619e-02 2.234882e-04
1.762960e-02 2.256976e-04
1.775190e-02 2.258395e-04
1.787546e-02 2.232427e-04
1.799642e-02 2.207395e-04
1.811442e-02 2.187202e-04
1.823199e-02 2.174293e-04
1.834834e-02 2.159046e-04
1.846541e-02 2.160812e-04
1.858378e-02 2.152223e-04
1.870124e-02 2.143825e-04
1.881920e-02 2.103943e-04
1.893657e-02 2.086097e-04
1.904920e-02 2.115670e-04
1.916021e-02 2.113573e-04
1.927249e-02 2.086685e-04
1.938663e-02 2.090974e-04
1.950043e-02 2.108521e-04
1.961474e-02 2.117919e-04
1.973012e-02 2.134216e-04
1.984308e-02 2.125661e-04
1.995437e-02 2.121514e-04
2.006457e-02 2.113491e-04
2.017567e-02 2.076167e-04
2.029001e-02 2.079260e-04
2.040474e-02 2.081686e-04
2.051857e-02 2.079969e-04
2.063230e-02 2.084636e-04
2.074702e-02 2.092392e-04
2.086079e-02 2.121848e-04
2.097264e-02 2.121011e-04
2.108449e-02 2.118840e-04
2.119792e-02 2.124579e-04
2.131346e-02 2.105629e-04
2.143089e-02 2.112962e-04
2.154818e-02 2.143677e-04
2.166752e-02 2.167279e-04
2.178690e-02 2.223808e-04
2.190136e-02 2.214536e-04
2.201527e-02 2.197967e-04
2.213189e-02 2.205233e-04
2.225095e-02 2.185104e-04
2.237175e-02 2.191249e-04
2.249319e-02 2.197663e-04
2.261510e-02 2.202800e-04
2.273673e-02 2.230081e-04
2.285819e-02 2.239103e-04
2.297883e-02 2.269257e-04
2.310211e-02 2.292745e-04
2.323035e-02 2.275820e-04
2.336126e-02 2.288832e-04
2.349045e-02 2.353496e-04
2.362061e-02 2.382622e-04
2.375374e-02 2.422903e-04
2.388895e-02 2.450043e-04
2.402475e-02 2.506069e-04
2.416547e-02 2.555825e-04
2.430991e-02 2.631849e-04
2.447209e-02 2.761730e-04
2.464025e-02 3.022706e-04
2.505655e-02 4.607016e-04
2.555286e-02 7.699032e-04
2.593502e-02 8.131579e-04
2.645759e-02 6.960501e-04
2.692244e-02 6.191881e-04
2.729649e-02 5.573416e-04
2.767605e-02 5.375942e-04
2.801679e-02 5.477889e-04
2.834983e-02 5.475532e-04
2.868525e-02 5.429592e-04
2.900126e-02 5.296706e-04
2.931393e-02 5.001600e-04
2.961434e-02 4.821992e-04
2.989611e-02 4.613744e-04
3.017756e-02 4.530402e-04
3.044771e-02 4.489420e-04
3.074061e-02 4.616892e-04
3.105165e-02 4.668785e-04
3.132720e-02 4.474797e-04
3.158953e-02 4.171262e-04
3.185532e-02 4.082985e-04
3.211174e-02 3.976807e-04
3.234152e-02 3.778417e-04
3.255652e-02 3.474281e-04
3.276668e-02 3.331038e-04
3.295837e-02 3.242841e-04
3.314787e-02 3.202274e-04
3.333182e-02 3.193516e-04
3.350439e-02 3.122198e-04
3.367308e-02 2.976253e-04
3.384260e-02 2.928674e-04
3.400809e-02 2.863677e-04
3.417097e-02 2.820605e-04
3.433000e-02 2.766065e-04
3.448407e-02 2.720382e-04
3.463418e-02 2.669073e-04
3.478256e-02 2.640253e-04
3.492775e-02 2.602832e-04
3.507290e-02 2.589117e-04
3.521932e-02 2.529933e-04
3.536494e-02 2.500328e-04
3.550553e-02 2.502580e-04
3.564269e-02 2.486120e-04
3.577746e-02 2.480052e-04
3.591337e-02 2.484646e-04
3.605055e-02 2.485401e-04
3.618372e-02 2.461718e-04
3.631510e-02 2.416138e-04
3.644572e-02 2.395145e-04
3.657558e-02 2.349411e-04
3.670346e-02 2.317804e-04
3.682883e-02 2.272468e-04
3.695298e-02 2.251948e-04
3.707369e-02 2.260832e-04
3.719378e-02 2.260461e-04
3.731446e-02 2.240791e-04
3.743555e-02 2.236145e-04
3.755603e-02 2.233393e-04
3.767643e-02 2.228825e-04
3.779555e-02 2.237817e-04
3.791380e-02 2.238874e-04
3.803334e-02 2.228661e-04
3.815372e-02 2.230072e-04
3.827368e-02 2.232282e-04
3.839404e-02 2.235498e-04
3.851401e-02 2.250981e-04
3.863133e-02 2.237560e-04
3.874716e-02 2.225438e-04
3.886171e-02 2.216429e-04
3.897644e-02 2.188537e-04
3.909254e-02 2.186695e-04
3.921033e-02 2.161324e-04
3.932941e-02 2.159944e-04
3.944692e-02 2.173780e-04
3.957456e-02 2.236373e-04
3.970788e-02 2.315653e-04
3.983027e-02 2.281648e-04
3.993958e-02 2.404580e-04
4.003368e-02 2.357819e-04
4.013415e-02 2.130260e-04
4.024802e-02 2.128473e-04
4.036183e-02 2.116400e-04
4.047471e-02 2.106542e-04
4.058319e-02 2.152761e-04
4.069122e-02 2.163696e-04
4.080214e-02 2.145861e-04
4.091162e-02 2.133786e-04
4.102204e-02 2.092710e-04
4.113468e-02 2.091295e-04
4.124717e-02 2.081760e-04
4.135697e-02 2.062163e-04
4.146227e-02 2.082802e-04
4.156850e-02 2.092887e-04
4.167601e-02 2.099436e-04
4.178530e-02 2.115278e-04
4.189737e-02 2.113120e-04
4.200742e-02 2.100267e-04
4.211761e-02 2.069888e-04
4.222728e-02 2.055761e-04
4.233449e-02 2.049386e-04
4.244221e-02 2.047289e-04
4.254881e-02 2.060062e-04
4.265663e-02 2.074708e-04
4.276492e-02 2.107569e-04
4.287240e-02 2.114590e-04
4.298225e-02 2.102675e-04
4.309217e-02 2.098907e-04
4.320107e-02 2.097512e-04
4.330675e-02 2.077685e-04
4.341044e-02 2.055864e-04
4.351744e-02 2.065042e-04
4.362601e-02 2.064480e-04
4.373523e-02 2.070972e-04
4.384552e-02 2.078995e-04
4.395329e-02 2.066792e-04
4.405902e-02 2.058847e-04
4.416477e-02 2.056098e-04
4.427005e-02 2.056350e-04
4.437716e-02 2.064580e-04
4.448561e-02 2.065175e-04
4.459464e-02 2.071633e-04
4.470334e-02 2.102936e-04
4.481264e-02 2.117898e-04
4.492252e-02 2.141715e-04
4.502971e-02 2.134104e-04
4.513631e-02 2.122825e-04
4.524371e-02 2.120695e-04
4.535259e-02 2.090260e-04
4.546108e-02 2.079833e-04
4.556857e-02 2.067601e-04
4.567724e-02 2.070236e-04
4.578556e-02 2.091081e-04
4.589230e-02 2.089081e-04
4.599793e-02 2.093965e-04
4.610352e-02 2.095500e-04
4.621116e-02 2.065462e-04
4.632125e-02 2.066456e-04
4.643049e-02 2.083420e-04
4.653877e-02 2.086520e-04
4.664771e-02 2.091861e-04
4.675583e-02 2.088849e-04
4.686040e-02 2.131580e-04
4.696372e-02 2.139400e-04
4.707106e-02 2.093801e-04
4.718082e-02 2.088979e-04
4.729120e-02 2.065433e-04
4.739929e-02 2.046018e-04
4.750563e-02 2.028694e-04
4.761311e-02 2.029287e-04
4.771930e-02 2.044519e-04
