-5.186876e-02 2.287467e-04
-5.178026e-02 2.140261e-04
-5.167932e-02 2.159177e-04
-5.157598e-02 2.171273e-04
-5.147512e-02 2.163725e-04
-5.137337e-02 2.136302e-04
-5.126900e-02 2.142122e-04
-5.116180e-02 2.103097e-04
-5.105284e-02 2.099658e-04
-5.094625e-02 2.129653e-04
-5.084049e-02 2.132526e-04
-5.073552e-02 2.153494e-04
-5.063043e-02 2.164643e-04
-5.052321e-02 2.159963e-04
-5.041516e-02 2.163174e-04
-5.030505e-02 2.145820e-04
-5.019599e-02 2.133233e-04
-5.009133e-02 2.163423e-04
-4.999024e-02 2.152799e-04
-4.988780e-02 2.100772e-04
-4.978045e-02 2.108678e-04
-4.967183e-02 2.109368e-04
-4.956242e-02 2.117145e-04
-4.945313e-02 2.148834e-04
-4.934637e-02 2.145134e-04
-4.924011e-02 2.135194e-04
-4.913409e-02 2.130214e-04
-4.902663e-02 2.092332e-04
-4.891720e-02 2.087632e-04
-4.880819e-02 2.081790e-04
-4.870626e-02 2.040102e-04
-4.861254e-02 2.060787e-04
-4.851280e-02 2.104269e-04
-4.840712e-02 2.134031e-04
-4.830113e-02 2.146522e-04
-4.819278e-02 2.133578e-04
-4.808512e-02 2.124796e-04
-4.797768e-02 2.104276e-04
-4.787000e-02 2.095480e-04
-4.776400e-02 2.098989e-04
-4.765844e-02 2.100393e-04
-4.755208e-02 2.098705e-04
-4.745211e-02 2.059654e-04
-4.735929e-02 2.062541e-04
-4.725888e-02 2.109208e-04
-4.715267e-02 2.142090e-04
-4.704837e-02 2.139584e-04
-4.694252e-02 2.106811e-04
-4.683535e-02 2.105837e-04
-4.672771e-02 2.095514e-04
-4.661914e-02 2.097418e-04
-4.651126e-02 2.122184e-04
-4.640415e-02 2.126557e-04
-4.629859e-02 2.156746e-04
-4.619826e-02 2.136238e-04
-4.610492e-02 2.196209e-04
-4.601004e-02 2.224174e-04
-4.590411e-02 2.117607e-04
-4.579498e-02 2.101475e-04
-4.568827e-02 2.105074e-04
-4.558229e-02 2.101988e-04
-4.547802e-02 2.113905e-04
-4.537243e-02 2.126147e-04
-4.526485e-02 2.126883e-04
-4.515656e-02 2.128424e-04
-4.504823e-02 2.131914e-04
-4.494097e-02 2.129669e-04
-4.483610e-02 2.163297e-04
-4.473521e-02 2.151620e-04
-4.463173e-02 2.084061e-04
-4.452365e-02 2.087277e-04
-4.441562e-02 2.089059e-04
-4.430763e-02 2.089485e-04
-4.420120e-02 2.116767e-04
-4.409607e-02 2.115907e-04
-4.399082e-02 2.111662e-04
-4.388551e-02 2.113455e-04
-4.377817e-02 2.092839e-04
-4.367019e-02 2.089360e-04
-4.356297e-02 2.084555e-04
-4.345735e-02 2.073247e-04
-4.335406e-02 2.080824e-04
-4.324938e-02 2.089056e-04
-4.314422e-02 2.103820e-04
-4.303806e-02 2.118005e-04
-4.292952e-02 2.118043e-04
-4.282243e-02 2.109404e-04
-4.271669e-02 2.115723e-04
-4.261196e-02 2.111892e-04
-4.250761e-02 2.099743e-04
-4.240230e-02 2.101180e-04
-4.229605e-02 2.089340e-04
-4.218883e-02 2.088037e-04
-4.208319e-02 2.110927e-04
-4.197861e-02 2.115722e-04
-4.187418e-02 2.131573e-04
-4.177035e-02 2.133658e-04
-4.166460e-02 2.115244e-04
-4.155787e-02 2.114375e-04
-4.145083e-02 2.098583e-04
-4.134375e-02 2.093114e-04
-4.123805e-02 2.100865e-04
-4.113287e-02 2.097611e-04
-4.102881e-02 2.107002e-04
-4.092484e-02 2.112653e-04
-4.082286e-02 2.169627e-04
-4.072236e-02 2.181244e-04
-4.061696e-02 2.123734e-04
-4.051082e-02 2.107481e-04
-4.040676e-02 2.096940e-04
-4.030231e-02 2.092554e-04
-4.019774e-02 2.078150e-04
-4.009235e-02 2.080666e-04
-3.998592e-02 2.070459e-04
-3.987843e-02 2.073190e-04
-3.977204e-02 2.107141e-04
-3.966716e-02 2.110409e-04
-3.956413e-02 2.142536e-04
-3.946250e-02 2.145654e-04
-3.935684e-02 2.086845e-04
-3.924865e-02 2.078048e-04
-3.914164e-02 2.073686e-04
-3.903545e-02 2.070051e-04
-3.893063e-02 2.090592e-04
-3.882667e-02 2.092876e-04
-3.872282e-02 2.093244e-04
-3.861756e-02 2.101845e-04
-3.851065e-02 2.098221e-04
-3.840376e-02 2.093975e-04
-3.829876e-02 2.113688e-04
-3.819780e-02 2.099460e-04
-3.809734e-02 2.068528e-04
-3.799317e-02 2.079663e-04
-3.788696e-02 2.084643e-04
-3.777979e-02 2.092261e-04
-3.767303e-02 2.112277e-04
-3.756782e-02 2.110101e-04
-3.746393e-02 2.125912e-04
-3.736058e-02 2.125488e-04
-3.725578e-02 2.100243e-04
-3.715078e-02 2.095232e-04
-3.704476e-02 2.072171e-04
-3.693800e-02 2.068342e-04
-3.683323e-02 2.083224e-04
-3.672874e-02 2.086970e-04
-3.662501e-02 2.110008e-04
-3.652099e-02 2.117139e-04
-3.641492e-02 2.102857e-04
-3.630882e-02 2.100814e-04
-3.620271e-02 2.095036e-04
-3.609781e-02 2.085681e-04
-3.599379e-02 2.082236e-04
-3.588969e-02 2.081502e-04
-3.578603e-02 2.078867e-04
-3.568052e-02 2.089017e-04
-3.557434e-02 2.106011e-04
-3.546849e-02 2.107263e-04
-3.536271e-02 2.111950e-04
-3.525895e-02 2.104395e-04
-3.515498e-02 2.087850e-04
-3.505054e-02 2.084707e-04
-3.494589e-02 2.064400e-04
-3.484007e-02 2.064086e-04
-3.473461e-02 2.069376e-04
-3.462908e-02 2.068940e-04
-3.452532e-02 2.097267e-04
-3.442265e-02 2.103745e-04
-3.431847e-02 2.096522e-04
-3.421323e-02 2.100185e-04
-3.410629e-02 2.089660e-04
-3.400028e-02 2.080228e-04
-3.389610e-02 2.076527e-04
-3.379238e-02 2.072383e-04
-3.368977e-02 2.079243e-04
-3.358528e-02 2.090136e-04
-3.347899e-02 2.090434e-04
-3.337324e-02 2.090149e-04
-3.326744e-02 2.096439e-04
-3.316324e-02 2.089130e-04
-3.306038e-02 2.083240e-04
-3.295751e-02 2.081126e-04
-3.285342e-02 2.054851e-04
-3.274679e-02 2.057859e-04
-3.264053e-02 2.072467e-04
-3.253518e-02 2.075018e-04
-3.243110e-02 2.102983e-04
-3.232872e-02 2.102865e-04
-3.222540e-02 2.094879e-04
-3.212078e-02 2.099798e-04
-3.201520e-02 2.089528e-04
-3.190986e-02 2.084422e-04
-3.180504e-02 2.079035e-04
-3.170061e-02 2.071917e-04
-3.159722e-02 2.069347e-04
-3.149326e-02 2.074588e-04
-3.138875e-02 2.079904e-04
-3.128370e-02 2.085103e-04
-3.117762e-02 2.090457e-04
-3.107292e-02 2.084128e-04
-3.096960e-02 2.081706e-04
-3.086666e-02 2.078595e-04
-3.076377e-02 2.070844e-04
-3.065947e-02 2.073674e-04
-3.055436e-02 2.068015e-04
-3.044888e-02 2.071025e-04
-3.034373e-02 2.092747e-04
-3.024003e-02 2.091853e-04
-3.013707e-02 2.093791e-04
-3.003422e-02 2.093826e-04
-2.993008e-02 2.072337e-04
-2.982461e-02 2.069734e-04
-2.971939e-02 2.066562e-04
-2.961486e-02 2.064018e-04
-2.951121e-02 2.071452e-04
-2.940820e-02 2.070250e-04
-2.930528e-02 2.076142e-04
-2.920156e-02 2.083034e-04
-2.909699e-02 2.079973e-04
-2.899191e-02 2.081856e-04
-2.888675e-02 2.085557e-04
-2.878264e-02 2.077706e-04
-2.867952e-02 2.072330e-04
-2.857656e-02 2.072267e-04
-2.847298e-02 2.069660e-04
-2.836802e-02 2.076974e-04
-2.826286e-02 2.086004e-04
-2.815839e-02 2.085132e-04
-2.805457e-02 2.093697e-04
-2.795140e-02 2.090111e-04
-2.784759e-02 2.069693e-04
-2.774344e-02 2.067232e-04
-2.763894e-02 2.054598e-04
-2.753372e-02 2.054375e-04
-2.742891e-02 2.068458e-04
-2.732488e-02 2.068860e-04
-2.722215e-02 2.083819e-04
-2.711985e-02 2.086679e-04
-2.701639e-02 2.075363e-04
-2.691109e-02 2.079468e-04
-2.680543e-02 2.084816e-04
-2.670164e-02 2.078380e-04
-2.659834e-02 2.076558e-04
-2.649510e-02 2.075527e-04
-2.639196e-02 2.066420e-04
-2.628775e-02 2.069559e-04
-2.618308e-02 2.070663e-04
-2.607791e-02 2.071287e-04
-2.597309e-02 2.079051e-04
-2.587001e-02 2.074269e-04
-2.576737e-02 2.068395e-04
-2.566445e-02 2.068006e-04
-2.556062e-02 2.059606e-04
-2.545574e-02 2.062855e-04
-2.535089e-02 2.064386e-04
-2.524629e-02 2.063354e-04
-2.514296e-02 2.081529e-04
-2.503999e-02 2.083051e-04
-2.493678e-02 2.083282e-04
-2.483343e-02 2.087070e-04
-2.472818e-02 2.073760e-04
-2.462295e-02 2.068834e-04
-2.451910e-02 2.070345e-04
-2.441581e-02 2.067527e-04
-2.431310e-02 2.069271e-04
-2.420971e-02 2.071121e-04
-2.410600e-02 2.070891e-04
-2.400208e-02 2.074860e-04
-2.389744e-02 2.073839e-04
-2.379323e-02 2.070913e-04
-2.368934e-02 2.076077e-04
-2.358611e-02 2.074021e-04
-2.348337e-02 2.068674e-04
-2.337977e-02 2.071869e-04
-2.327566e-02 2.072043e-04
-2.317065e-02 2.074623e-04
-2.306587e-02 2.085397e-04
-2.296286e-02 2.081422e-04
-2.285984e-02 2.078049e-04
-2.275636e-02 2.079598e-04
-2.265244e-02 2.068689e-04
-2.254814e-02 2.067036e-04
-2.244390e-02 2.063393e-04
-2.234000e-02 2.059975e-04
-2.223702e-02 2.065575e-04
-2.213361e-02 2.067283e-04
-2.203025e-02 2.072790e-04
-2.192718e-02 2.075883e-04
-2.182269e-02 2.068845e-04
-2.171786e-02 2.068397e-04
-2.161372e-02 2.070761e-04
-2.151046e-02 2.066332e-04
-2.140810e-02 2.069238e-04
-2.130457e-02 2.074560e-04
-2.119973e-02 2.067757e-04
-2.109501e-02 2.067458e-04
-2.099052e-02 2.070520e-04
-2.088655e-02 2.068574e-04
-2.078280e-02 2.074853e-04
-2.068006e-02 2.071065e-04
-2.057745e-02 2.054905e-04
-2.047367e-02 2.056174e-04
-2.036963e-02 2.055534e-04
-2.026492e-02 2.056545e-04
-2.016069e-02 2.067413e-04
-2.005764e-02 2.067058e-04
-1.995466e-02 2.074987e-04
-1.985153e-02 2.078711e-04
-1.974779e-02 2.070979e-04
-1.964356e-02 2.071147e-04
-1.953916e-02 2.068803e-04
-1.943502e-02 2.063542e-04
-1.933196e-02 2.066806e-04
-1.922948e-02 2.067279e-04
-1.912675e-02 2.064409e-04
-1.902326e-02 2.067926e-04
-1.891880e-02 2.069372e-04
-1.881451e-02 2.068941e-04
-1.871076e-02 2.069135e-04
-1.860776e-02 2.064733e-04
-1.850512e-02 2.058494e-04
-1.840150e-02 2.059337e-04
-1.829744e-02 2.054499e-04
-1.819312e-02 2.057140e-04
-1.808879e-02 2.072092e-04
-1.798510e-02 2.073645e-04
-1.788207e-02 2.081202e-04
-1.777983e-02 2.079172e-04
-1.767724e-02 2.067623e-04
-1.757342e-02 2.068038e-04
-1.746907e-02 2.060409e-04
-1.736528e-02 2.057150e-04
-1.726197e-02 2.056128e-04
-1.715899e-02 2.053723e-04
-1.705611e-02 2.056347e-04
-1.695265e-02 2.060760e-04
-1.684910e-02 2.063628e-04
-1.674555e-02 2.064660e-04
-1.664189e-02 2.065746e-04
-1.653839e-02 2.062337e-04
-1.643535e-02 2.060460e-04
-1.633294e-02 2.058778e-04
-1.622996e-02 2.052284e-04
-1.612622e-02 2.054556e-04
-1.602270e-02 2.057056e-04
-1.591913e-02 2.058353e-04
-1.581586e-02 2.067093e-04
-1.571284e-02 2.065914e-04
-1.560994e-02 2.064597e-04
-1.550770e-02 2.062999e-04
-1.540454e-02 2.043391e-04
-1.530054e-02 2.041397e-04
-1.519679e-02 2.047749e-04
-1.509336e-02 2.048063e-04
-1.499090e-02 2.057094e-04
-1.488836e-02 2.060742e-04
-1.478542e-02 2.064132e-04
-1.468190e-02 2.066077e-04
-1.457789e-02 2.063502e-04
-1.447442e-02 2.062209e-04
-1.437063e-02 2.061239e-04
-1.426738e-02 2.057643e-04
-1.416526e-02 2.058689e-04
-1.406289e-02 2.060600e-04
-1.396001e-02 2.057462e-04
-1.385616e-02 2.059389e-04
-1.375229e-02 2.064475e-04
-1.364953e-02 2.062425e-04
-1.354697e-02 2.059979e-04
-1.344498e-02 2.055691e-04
-1.334257e-02 2.044583e-04
-1.323933e-02 2.045562e-04
-1.313620e-02 2.042423e-04
-1.303274e-02 2.043301e-04
-1.292978e-02 2.054114e-04
-1.282674e-02 2.055703e-04
-1.272398e-02 2.064839e-04
-1.262212e-02 2.065562e-04
-1.251903e-02 2.054876e-04
-1.241541e-02 2.054154e-04
-1.231225e-02 2.052004e-04
-1.220944e-02 2.049200e-04
-1.210706e-02 2.048715e-04
-1.200489e-02 2.047229e-04
-1.190289e-02 2.045698e-04
-1.179990e-02 2.048242e-04
-1.169652e-02 2.048707e-04
-1.159358e-02 2.048964e-04
-1.149031e-02 2.051755e-04
-1.138759e-02 2.049400e-04
-1.128555e-02 2.046416e-04
-1.118351e-02 2.045370e-04
-1.108126e-02 2.038839e-04
-1.097773e-02 2.041316e-04
-1.087431e-02 2.049985e-04
-1.077188e-02 2.049936e-04
-1.066973e-02 2.054366e-04
-1.056793e-02 2.053893e-04
-1.046555e-02 2.050852e-04
-1.036295e-02 2.051100e-04
-1.026022e-02 2.041896e-04
-1.015736e-02 2.039378e-04
-1.005504e-02 2.041490e-04
-9.952466e-03 2.041049e-04
-9.850083e-03 2.043094e-04
-9.748209e-03 2.043553e-04
-9.645812e-03 2.043833e-04
-9.543100e-03 2.045832e-04
-9.440390e-03 2.043681e-04
-9.337885e-03 2.041672e-04
-9.235780e-03 2.042757e-04
-9.133440e-03 2.041774e-04
-9.031385e-03 2.043791e-04
-8.929732e-03 2.044889e-04
-8.827661e-03 2.040999e-04
-8.725210e-03 2.041875e-04
-8.622451e-03 2.046887e-04
-8.520168e-03 2.045826e-04
-8.418486e-03 2.045129e-04
-8.316942e-03 2.044040e-04
-8.215256e-03 2.038654e-04
-8.112770e-03 2.038745e-04
-8.010100e-03 2.035965e-04
-7.907944e-03 2.034659e-04
-7.805629e-03 2.036082e-04
-7.703557e-03 2.035142e-04
-7.602198e-03 2.036711e-04
-7.500694e-03 2.038141e-04
-7.398792e-03 2.035448e-04
-7.296282e-03 2.035347e-04
-7.193865e-03 2.036608e-04
-7.092236e-03 2.035100e-04
-6.990879e-03 2.035427e-04
-6.889448e-03 2.035990e-04
-6.787351e-03 2.034170e-04
-6.685060e-03 2.034685e-04
-6.583120e-03 2.034278e-04
-6.481315e-03 2.033323e-04
-6.379810e-03 2.035667e-04
-6.278072e-03 2.035134e-04
-6.176267e-03 2.032532e-04
-6.074885e-03 2.031823e-04
-5.972876e-03 2.027062e-04
-5.870471e-03 2.027725e-04
-5.768728e-03 2.032937e-04
-5.667403e-03 2.032310e-04
-5.566243e-03 2.033337e-04
-5.464636e-03 2.033621e-04
-5.362865e-03 2.031662e-04
-5.261219e-03 2.032968e-04
-5.159304e-03 2.032140e-04
-5.057668e-03 2.030180e-04
-4.955945e-03 2.030972e-04
-4.854357e-03 2.030448e-04
-4.753222e-03 2.028859e-04
-4.651940e-03 2.029166e-04
-4.550608e-03 2.029185e-04
-4.448722e-03 2.029757e-04
-4.346726e-03 2.029514e-04
-4.245412e-03 2.028089e-04
-4.143874e-03 2.028041e-04
-4.042336e-03 2.028023e-04
-3.941221e-03 2.027364e-04
-3.839941e-03 2.028124e-04
-3.738570e-03 2.028725e-04
-3.636804e-03 2.028546e-04
-3.535124e-03 2.029480e-04
-3.434061e-03 2.028882e-04
-3.333042e-03 2.027977e-04
-3.232004e-03 2.027769e-04
-3.130387e-03 2.025202e-04
-3.028658e-03 2.024952e-04
-2.927472e-03 2.025669e-04
-2.826472e-03 2.024811e-04
-2.725588e-03 2.024365e-04
-2.624192e-03 2.024528e-04
-2.522700e-03 2.023395e-04
-2.421601e-03 2.023388e-04
-2.320500e-03 2.023350e-04
-2.219439e-03 2.023093e-04
-2.118039e-03 2.024361e-04
-2.016740e-03 2.024211e-04
-1.915867e-03 2.023242e-04
-1.814934e-03 2.023249e-04
-1.713874e-03 2.021137e-04
-1.612312e-03 2.020640e-04
-1.510910e-03 2.021952e-04
-1.410064e-03 2.021848e-04
-1.308769e-03 2.021737e-04
-1.207479e-03 2.021669e-04
-1.106662e-03 2.021707e-04
-1.005835e-03 2.021777e-04
-9.049209e-04 2.020518e-04
-8.036032e-04 2.019738e-04
-7.023899e-04 2.019317e-04
-6.015885e-04 2.019442e-04
-5.008161e-04 2.020270e-04
-4.001388e-04 2.019999e-04
-2.989615e-04 2.018546e-04
-1.977645e-04 2.018367e-04
-9.709535e-05 2.018178e-04
3.588916e-06 2.018511e-04
1.042836e-04 2.018400e-04
2.054704e-04 2.018876e-04
3.066573e-04 2.019561e-04
4.074090e-04 2.019945e-04
5.086516e-04 2.020465e-04
6.098769e-04 2.020548e-04
7.106276e-04 2.021051e-04
8.114793e-04 2.021840e-04
9.124285e-04 2.022402e-04
1.013773e-03 2.022226e-04
1.115087e-03 2.022259e-04
1.215999e-03 2.022613e-04
1.317344e-03 2.024034e-04
1.418661e-03 2.024378e-04
1.519610e-03 2.023816e-04
1.620652e-03 2.024172e-04
1.721730e-03 2.024560e-04
1.823192e-03 2.024249e-04
1.924552e-03 2.025083e-04
2.025429e-03 2.025243e-04
2.126407e-03 2.024010e-04
2.227595e-03 2.024823e-04
2.329211e-03 2.027605e-04
2.430757e-03 2.028185e-04
2.531899e-03 2.028864e-04
2.633404e-03 2.028527e-04
2.734873e-03 2.028187e-04
2.835984e-03 2.028680e-04
2.937189e-03 2.028507e-04
3.038442e-03 2.028736e-04
3.140155e-03 2.029366e-04
3.241810e-03 2.029238e-04
3.342915e-03 2.030381e-04
3.443995e-03 2.030646e-04
3.545115e-03 2.030724e-04
3.646846e-03 2.031658e-04
3.748724e-03 2.031791e-04
3.850082e-03 2.031478e-04
3.951984e-03 2.029213e-04
4.053833e-03 2.028083e-04
4.154972e-03 2.029129e-04
4.256250e-03 2.030350e-04
4.357638e-03 2.031920e-04
4.459641e-03 2.033407e-04
4.561781e-03 2.035233e-04
4.663307e-03 2.034968e-04
4.764728e-03 2.035989e-04
4.865890e-03 2.034815e-04
4.967639e-03 2.029468e-04
5.069730e-03 2.029595e-04
5.171358e-03 2.029982e-04
5.273676e-03 2.031496e-04
5.375955e-03 2.036359e-04
5.477506e-03 2.036512e-04
5.578992e-03 2.038014e-04
5.680447e-03 2.038369e-04
5.782551e-03 2.036248e-04
5.884921e-03 2.037080e-04
5.986981e-03 2.036827e-04
6.088865e-03 2.035676e-04
6.190317e-03 2.039707e-04
6.292170e-03 2.040791e-04
6.394152e-03 2.041637e-04
6.495971e-03 2.043744e-04
6.598466e-03 2.046076e-04
6.700931e-03 2.046736e-04
6.803200e-03 2.044081e-04
6.905189e-03 2.041437e-04
7.006763e-03 2.041031e-04
7.108881e-03 2.041380e-04
7.211200e-03 2.039028e-04
7.313477e-03 2.040710e-04
7.415794e-03 2.044717e-04
7.518023e-03 2.045634e-04
7.620453e-03 2.052584e-04
7.722424e-03 2.052335e-04
7.824299e-03 2.045494e-04
7.926992e-03 2.045160e-04
8.029689e-03 2.044184e-04
8.132266e-03 2.045894e-04
8.234901e-03 2.049669e-04
8.337092e-03 2.048369e-04
8.439381e-03 2.050860e-04
8.541690e-03 2.051873e-04
8.643917e-03 2.048307e-04
8.746376e-03 2.048426e-04
8.848980e-03 2.046352e-04
8.952050e-03 2.045617e-04
9.054916e-03 2.046993e-04
9.156966e-03 2.045374e-04
9.259338e-03 2.043222e-04
9.362317e-03 2.046100e-04
9.465075e-03 2.050053e-04
9.567911e-03 2.051944e-04
9.670762e-03 2.056924e-04
9.773701e-03 2.056438e-04
9.876423e-03 2.058709e-04
9.978385e-03 2.057778e-04
1.008130e-02 2.047018e-04
1.018490e-02 2.047236e-04
1.028797e-02 2.048981e-04
1.039112e-02 2.050118e-04
1.049396e-02 2.058489e-04
1.059677e-02 2.058490e-04
1.069953e-02 2.059210e-04
1.080202e-02 2.060690e-04
1.090490e-02 2.058553e-04
1.100805e-02 2.059477e-04
1.111192e-02 2.057949e-04
1.121575e-02 2.057156e-04
1.131843e-02 2.066186e-04
1.142061e-02 2.066389e-04
1.152313e-02 2.061234e-04
1.162692e-02 2.064133e-04
1.173093e-02 2.068296e-04
1.183431e-02 2.068831e-04
1.193827e-02 2.068583e-04
1.204158e-02 2.064583e-04
1.214392e-02 2.061754e-04
1.224663e-02 2.062933e-04
1.234983e-02 2.058050e-04
1.245390e-02 2.058736e-04
1.255778e-02 2.063923e-04
1.266090e-02 2.064097e-04
1.276398e-02 2.073251e-04
1.286675e-02 2.074706e-04
1.296965e-02 2.068679e-04
1.307300e-02 2.069181e-04
1.317671e-02 2.064453e-04
1.328125e-02 2.064879e-04
1.338556e-02 2.069891e-04
1.348868e-02 2.067381e-04
1.359130e-02 2.068768e-04
1.369416e-02 2.070749e-04
1.379820e-02 2.064545e-04
1.390267e-02 2.064877e-04
1.400659e-02 2.066950e-04
1.411076e-02 2.066299e-04
1.421465e-02 2.068965e-04
1.431751e-02 2.066553e-04
1.442036e-02 2.060158e-04
1.452414e-02 2.063460e-04
1.462876e-02 2.066491e-04
1.473322e-02 2.066650e-04
1.483689e-02 2.072483e-04
1.494030e-02 2.073028e-04
1.504326e-02 2.082058e-04
1.514656e-02 2.084489e-04
1.525091e-02 2.073645e-04
1.535517e-02 2.072046e-04
1.545974e-02 2.070333e-04
1.556446e-02 2.070596e-04
1.566833e-02 2.077456e-04
1.577157e-02 2.076081e-04
1.587465e-02 2.074977e-04
1.597865e-02 2.077318e-04
1.608313e-02 2.075915e-04
1.618751e-02 2.077674e-04
1.629202e-02 2.080332e-04
1.639611e-02 2.078671e-04
1.650020e-02 2.081563e-04
1.660367e-02 2.078796e-04
1.670676e-02 2.069591e-04
1.681160e-02 2.073985e-04
1.691669e-02 2.082012e-04
1.702101e-02 2.083069e-04
1.712541e-02 2.084513e-04
1.722938e-02 2.082421e-04
1.733311e-02 2.088356e-04
1.743665e-02 2.089275e-04
1.754075e-02 2.074449e-04
1.764544e-02 2.072649e-04
1.775021e-02 2.066390e-04
1.785515e-02 2.062384e-04
1.795879e-02 2.073104e-04
1.806183e-02 2.076239e-04
1.816581e-02 2.077302e-04
1.827036e-02 2.081180e-04
1.837525e-02 2.078660e-04
1.848012e-02 2.077718e-04
1.858462e-02 2.081381e-04
1.868900e-02 2.079140e-04
1.879286e-02 2.081480e-04
1.889648e-02 2.083635e-04
1.900121e-02 2.078853e-04
1.910669e-02 2.081660e-04
1.921168e-02 2.089838e-04
1.931614e-02 2.089622e-04
1.942034e-02 2.093439e-04
1.952436e-02 2.090884e-04
1.962833e-02 2.084517e-04
1.973257e-02 2.086665e-04
1.983769e-02 2.077997e-04
1.994284e-02 2.075064e-04
2.004771e-02 2.079517e-04
2.015235e-02 2.079803e-04
2.025557e-02 2.096623e-04
2.035891e-02 2.103446e-04
2.046349e-02 2.101683e-04
2.056878e-02 2.102437e-04
2.067471e-02 2.093751e-04
2.077977e-02 2.088183e-04
2.088447e-02 2.086365e-04
2.098892e-02 2.084119e-04
2.109237e-02 2.086522e-04
2.119643e-02 2.091064e-04
2.130119e-02 2.092169e-04
2.140685e-02 2.095183e-04
2.151282e-02 2.098425e-04
2.161762e-02 2.095387e-04
2.172253e-02 2.092921e-04
2.182650e-02 2.086351e-04
2.193010e-02 2.066313e-04
2.203517e-02 2.067911e-04
2.214044e-02 2.068841e-04
2.224668e-02 2.072124e-04
2.235267e-02 2.085531e-04
2.245737e-02 2.085462e-04
2.256087e-02 2.105167e-04
2.266395e-02 2.109769e-04
2.276914e-02 2.095280e-04
2.287471e-02 2.092264e-04
2.298025e-02 2.076257e-04
2.308629e-02 2.070646e-04
2.319077e-02 2.081263e-04
2.329476e-02 2.085017e-04
2.339849e-02 2.099714e-04
2.350234e-02 2.105720e-04
2.360841e-02 2.093312e-04
2.371485e-02 2.091082e-04
2.382048e-02 2.090597e-04
2.392528e-02 2.085484e-04
2.402902e-02 2.088991e-04
2.413312e-02 2.089509e-04
2.423778e-02 2.081461e-04
2.434383e-02 2.089740e-04
2.445020e-02 2.115559e-04
2.455547e-02 2.118378e-04
2.466046e-02 2.123106e-04
2.476428e-02 2.117811e-04
2.486815e-02 2.102347e-04
2.497334e-02 2.101897e-04
2.507962e-02 2.082711e-04
2.518556e-02 2.076677e-04
2.529026e-02 2.080703e-04
2.539486e-02 2.081579e-04
2.549924e-02 2.095692e-04
2.560341e-02 2.099584e-04
2.570767e-02 2.100999e-04
2.581298e-02 2.104899e-04
2.591959e-02 2.093936e-04
2.602531e-02 2.087451e-04
2.612980e-02 2.089859e-04
2.623432e-02 2.090950e-04
2.633917e-02 2.096520e-04
2.644414e-02 2.099249e-04
2.654879e-02 2.104171e-04
2.665408e-02 2.109794e-04
2.676027e-02 2.110396e-04
2.686613e-02 2.105728e-04
2.697142e-02 2.102108e-04
2.707536e-02 2.095525e-04
2.717964e-02 2.079514e-04
2.728518e-02 2.081346e-04
2.739059e-02 2.080629e-04
2.749676e-02 2.084871e-04
2.760299e-02 2.095607e-04
2.770852e-02 2.092480e-04
2.781237e-02 2.112033e-04
2.791529e-02 2.116405e-04
2.802026e-02 2.102356e-04
2.812645e-02 2.104619e-04
2.823259e-02 2.103922e-04
2.833834e-02 2.101382e-04
2.844338e-02 2.106246e-04
2.854859e-02 2.106168e-04
2.865320e-02 2.115935e-04
2.875703e-02 2.117639e-04
2.886220e-02 2.100148e-04
2.896847e-02 2.100447e-04
2.907543e-02 2.097802e-04
2.918142e-02 2.091079e-04
2.928549e-02 2.096447e-04
2.938920e-02 2.096175e-04
2.949320e-02 2.090458e-04
2.959907e-02 2.096772e-04
2.970575e-02 2.100883e-04
2.981200e-02 2.102628e-04
2.991821e-02 2.116016e-04
3.002329e-02 2.114006e-04
3.012764e-02 2.112572e-04
3.023191e-02 2.111609e-04
3.033684e-02 2.097947e-04
3.044309e-02 2.098063e-04
3.054946e-02 2.096304e-04
3.065524e-02 2.094914e-04
3.076096e-02 2.099696e-04
3.086554e-02 2.094489e-04
3.096914e-02 2.088268e-04
3.107407e-02 2.094030e-04
3.118030e-02 2.088566e-04
3.128726e-02 2.088233e-04
3.139357e-02 2.098411e-04
3.149894e-02 2.099321e-04
3.160391e-02 2.108509e-04
3.170848e-02 2.109420e-04
3.181344e-02 2.113444e-04
3.191886e-02 2.117656e-04
3.202525e-02 2.105157e-04
3.213206e-02 2.103189e-04
3.223750e-02 2.120611e-04
3.234252e-02 2.121398e-04
3.244771e-02 2.120329e-04
3.255229e-02 2.119050e-04
3.265798e-02 2.104828e-04
3.276478e-02 2.106409e-04
3.287168e-02 2.101370e-04
3.297854e-02 2.099389e-04
3.308401e-02 2.117276e-04
3.318820e-02 2.113207e-04
3.329233e-02 2.102984e-04
3.339789e-02 2.110784e-04
3.350475e-02 2.118836e-04
3.361156e-02 2.121447e-04
3.371817e-02 2.124025e-04
3.382344e-02 2.116909e-04
3.392766e-02 2.114797e-04
3.403227e-02 2.113566e-04
3.413796e-02 2.092182e-04
3.424514e-02 2.096255e-04
3.435217e-02 2.110124e-04
3.445810e-02 2.108567e-04
3.456360e-02 2.119455e-04
3.466852e-02 2.119941e-04
3.477323e-02 2.116937e-04
3.487848e-02 2.116263e-04
3.498507e-02 2.092141e-04
3.509227e-02 2.089951e-04
3.519879e-02 2.095133e-04
3.530498e-02 2.094994e-04
3.541052e-02 2.113179e-04
3.551557e-02 2.116704e-04
3.562090e-02 2.113623e-04
3.572673e-02 2.115486e-04
3.583293e-02 2.114556e-04
3.594021e-02 2.117877e-04
3.604784e-02 2.121444e-04
3.615338e-02 2.113089e-04
3.625807e-02 2.111944e-04
3.636323e-02 2.114306e-04
3.646844e-02 2.111883e-04
3.657500e-02 2.119076e-04
3.668237e-02 2.125374e-04
3.678937e-02 2.122444e-04
3.689614e-02 2.118134e-04
3.700137e-02 2.110286e-04
3.710514e-02 2.112867e-04
3.720982e-02 2.119234e-04
3.731647e-02 2.112030e-04
3.742434e-02 2.116782e-04
3.753182e-02 2.128643e-04
3.763896e-02 2.128026e-04
3.774503e-02 2.144290e-04
3.784934e-02 2.142580e-04
3.795408e-02 2.130868e-04
3.805985e-02 2.132877e-04
3.816716e-02 2.121057e-04
3.827561e-02 2.123754e-04
3.838344e-02 2.133774e-04
3.848936e-02 2.125897e-04
3.859395e-02 2.126052e-04
3.869905e-02 2.126247e-04
3.880480e-02 2.115989e-04
3.891144e-02 2.120528e-04
3.901941e-02 2.118946e-04
3.912712e-02 2.116856e-04
3.923317e-02 2.130770e-04
3.933814e-02 2.129249e-04
3.944271e-02 2.131671e-04
3.954890e-02 2.139419e-04
3.965662e-02 2.135470e-04
3.976359e-02 2.132432e-04
3.987097e-02 2.125238e-04
3.997781e-02 2.119440e-04
4.008284e-02 2.125544e-04
4.018737e-02 2.124742e-04
4.029273e-02 2.108754e-04
4.040004e-02 2.111900e-04
4.050795e-02 2.110794e-04
4.061559e-02 2.111642e-04
4.072241e-02 2.127668e-04
4.082815e-02 2.126987e-04
4.093502e-02 2.114160e-04
4.104282e-02 2.115110e-04
4.114959e-02 2.126969e-04
4.125687e-02 2.134309e-04
4.136505e-02 2.139619e-04
4.147198e-02 2.131100e-04
4.157748e-02 2.131226e-04
4.168256e-02 2.131685e-04
4.178849e-02 2.126966e-04
4.189552e-02 2.131887e-04
4.200327e-02 2.125666e-04
4.211115e-02 2.124285e-04
4.221882e-02 2.124149e-04
4.232629e-02 2.120102e-04
4.243171e-02 2.143178e-04
4.253626e-02 2.149177e-04
4.264284e-02 2.140132e-04
4.275072e-02 2.144675e-04
4.285903e-02 2.142078e-04
4.296679e-02 2.137892e-04
4.307336e-02 2.146361e-04
4.317894e-02 2.140644e-04
4.328386e-02 2.135882e-04
4.338968e-02 2.142499e-04
4.349672e-02 2.140631e-04
4.361044e-02 2.179989e-04
4.373001e-02 2.200050e-04
4.384180e-02 2.160607e-04
4.394713e-02 2.150491e-04
4.405257e-02 2.144695e-04
4.415832e-02 2.123616e-04
4.426530e-02 2.126313e-04
4.437345e-02 2.114332e-04
4.448202e-02 2.112497e-04
4.458986e-02 2.127456e-04
4.469733e-02 2.130653e-04
4.480334e-02 2.155865e-04
4.491118e-02 2.175930e-04
4.502266e-02 2.170794e-04
4.513263e-02 2.156890e-04
4.524167e-02 2.133931e-04
4.535035e-02 2.126493e-04
4.545766e-02 2.136778e-04
4.556447e-02 2.137449e-04
4.566965e-02 2.158378e-04
4.577469e-02 2.165111e-04
4.588154e-02 2.153619e-04
4.599004e-02 2.156427e-04
4.609920e-02 2.153154e-04
4.620653e-02 2.143902e-04
4.631576e-02 2.086847e-04
4.642776e-02 2.082969e-04
4.653684e-02 2.128917e-04
4.664420e-02 2.135207e-04
4.675158e-02 2.144180e-04
4.686021e-02 2.151924e-04
4.696929e-02 2.165751e-04
4.707607e-02 2.159793e-04
4.718129e-02 2.169001e-04
4.728583e-02 2.168229e-04
4.739267e-02 2.135893e-04
4.750150e-02 2.136183e-04
4.761173e-02 2.105622e-04
4.772356e-02 2.104275e-04
4.783190e-02 2.158808e-04
4.793768e-02 2.160108e-04
4.804309e-02 2.169782e-04
4.814764e-02 2.171124e-04
4.825521e-02 2.132944e-04
4.836420e-02 2.127755e-04
4.847223e-02 2.121282e-04
4.858124e-02 2.124833e-04
4.868933e-02 2.149987e-04
4.879660e-02 2.151166e-04
4.890358e-02 2.159262e-04
4.901941e-02 2.218111e-04
4.914493e-02 2.228464e-04
4.926167e-02 2.179634e-04
4.936954e-02 2.183490e-04
4.947524e-02 2.171776e-04
4.957954e-02 2.162494e-04
4.968437e-02 2.159441e-04
4.978984e-02 2.140318e-04
4.989754e-02 2.149785e-04
5.000546e-02 2.172534e-04
5.011246e-02 2.175245e-04
5.022039e-02 2.175592e-04
5.033225e-02 2.199360e-04
5.044739e-02 2.202384e-04
5.055712e-02 2.170934e-04
5.066349e-02 2.139676e-04
5.077247e-02 2.141178e-04
5.088083e-02 2.155697e-04
5.098846e-02 2.159458e-04
5.109463e-02 2.202435e-04
5.119924e-02 2.208552e-04
5.130497e-02 2.198707e-04
5.141095e-02 2.196642e-04
5.151821e-02 2.169551e-04
5.162645e-02 2.162802e-04
5.173777e-02 2.092964e-04
5.185183e-02 2.087048e-04
5.196169e-02 2.148379e-04
