-4.842009e-02 2.519397e-04
-4.836960e-02 2.236847e-04
-4.829573e-02 2.272834e-04
-4.821169e-02 2.202114e-04
-4.812227e-02 2.212067e-04
-4.802894e-02 2.183074e-04
-4.793272e-02 2.189717e-04
-4.783695e-02 2.207737e-04
-4.774058e-02 2.217845e-04
-4.764251e-02 2.217399e-04
-4.754322e-02 2.221597e-04
-4.744156e-02 2.193629e-04
-4.733942e-02 2.189570e-04
-4.723632e-02 2.162414e-04
-4.713210e-02 2.159328e-04
-4.702776e-02 2.157000e-04
-4.692287e-02 2.159417e-04
-4.682029e-02 2.196678e-04
-4.671751e-02 2.211341e-04
-4.661316e-02 2.226028e-04
-4.650800e-02 2.233261e-04
-4.640017e-02 2.208889e-04
-4.629332e-02 2.197289e-04
-4.618659e-02 2.175138e-04
-4.607962e-02 2.168428e-04
-4.597537e-02 2.186739e-04
-4.587139e-02 2.191678e-04
-4.576534e-02 2.170751e-04
-4.565661e-02 2.176282e-04
-4.554763e-02 2.187259e-04
-4.543938e-02 2.189789e-04
-4.533074e-02 2.190271e-04
-4.522433e-02 2.177079e-04
-4.511807e-02 2.151165e-04
-4.501082e-02 2.147779e-04
-4.490445e-02 2.145124e-04
-4.479669e-02 2.152602e-04
-4.468865e-02 2.168956e-04
-4.457942e-02 2.179092e-04
-4.446942e-02 2.194349e-04
-4.436046e-02 2.196497e-04
-4.425060e-02 2.195559e-04
-4.414270e-02 2.183421e-04
-4.403531e-02 2.150017e-04
-4.392713e-02 2.142797e-04
-4.381864e-02 2.117743e-04
-4.370760e-02 2.121169e-04
-4.359735e-02 2.144031e-04
-4.348739e-02 2.153435e-04
-4.337719e-02 2.175564e-04
-4.326901e-02 2.171422e-04
-4.316106e-02 2.171927e-04
-4.305186e-02 2.179680e-04
-4.294178e-02 2.178421e-04
-4.283148e-02 2.179237e-04
-4.272032e-02 2.166991e-04
-4.260732e-02 2.170633e-04
-4.249517e-02 2.194804e-04
-4.238404e-02 2.200226e-04
-4.227334e-02 2.230561e-04
-4.216352e-02 2.236188e-04
-4.205248e-02 2.223148e-04
-4.194176e-02 2.216556e-04
-4.183017e-02 2.183654e-04
-4.171611e-02 2.183639e-04
-4.160226e-02 2.187285e-04
-4.148885e-02 2.188912e-04
-4.137750e-02 2.227585e-04
-4.126595e-02 2.242702e-04
-4.115339e-02 2.276281e-04
-4.104063e-02 2.289541e-04
-4.092532e-02 2.275124e-04
-4.081096e-02 2.264152e-04
-4.069682e-02 2.237160e-04
-4.058079e-02 2.235728e-04
-4.046684e-02 2.266438e-04
-4.035371e-02 2.275612e-04
-4.023855e-02 2.275924e-04
-4.012208e-02 2.283926e-04
-4.000549e-02 2.295494e-04
-3.988818e-02 2.304025e-04
-3.976906e-02 2.297611e-04
-3.964952e-02 2.294701e-04
-3.953026e-02 2.291565e-04
-3.941222e-02 2.286269e-04
-3.929459e-02 2.278546e-04
-3.917506e-02 2.287185e-04
-3.905621e-02 2.331197e-04
-3.893584e-02 2.356225e-04
-3.881342e-02 2.382694e-04
-3.868831e-02 2.408462e-04
-3.856125e-02 2.447661e-04
-3.843431e-02 2.457687e-04
-3.830656e-02 2.472156e-04
-3.818036e-02 2.471413e-04
-3.805332e-02 2.455466e-04
-3.792353e-02 2.466260e-04
-3.779283e-02 2.490621e-04
-3.766029e-02 2.510577e-04
-3.752696e-02 2.543169e-04
-3.739315e-02 2.557734e-04
-3.725920e-02 2.595654e-04
-3.712380e-02 2.614309e-04
-3.698692e-02 2.641410e-04
-3.684947e-02 2.658132e-04
-3.670960e-02 2.674222e-04
-3.656670e-02 2.698263e-04
-3.642221e-02 2.728161e-04
-3.627554e-02 2.752031e-04
-3.612873e-02 2.816051e-04
-3.597870e-02 2.854470e-04
-3.582667e-02 2.927835e-04
-3.567275e-02 2.969447e-04
-3.551516e-02 3.023721e-04
-3.535195e-02 3.076926e-04
-3.518246e-02 3.131834e-04
-3.500622e-02 3.192478e-04
-3.482840e-02 3.322553e-04
-3.464526e-02 3.401349e-04
-3.445867e-02 3.562602e-04
-3.425286e-02 3.730762e-04
-3.403815e-02 4.049107e-04
-3.381401e-02 4.225409e-04
-3.357102e-02 4.417870e-04
-3.330181e-02 4.645420e-04
-3.302392e-02 5.115711e-04
-3.270546e-02 5.528909e-04
-3.235047e-02 6.066552e-04
-3.198402e-02 6.319675e-04
-3.159398e-02 6.630298e-04
-3.109428e-02 7.407385e-04
-3.057131e-02 9.174269e-04
-3.014738e-02 9.218563e-04
-2.960119e-02 7.335753e-04
-2.908483e-02 6.478343e-04
-2.869239e-02 6.132044e-04
-2.837350e-02 5.565201e-04
-2.807469e-02 4.325891e-04
-2.775828e-02 3.979642e-04
-2.751634e-02 4.261896e-04
-2.726794e-02 4.407554e-04
-2.699913e-02 4.488709e-04
-2.672693e-02 4.538955e-04
-2.646278e-02 4.795056e-04
-2.626716e-02 4.475247e-04
-2.604432e-02 3.132233e-04
-2.582486e-02 2.624759e-04
-2.568194e-02 2.494105e-04
-2.554051e-02 2.441595e-04
-2.540607e-02 2.412263e-04
-2.527384e-02 2.388465e-04
-2.514430e-02 2.376019e-04
-2.501613e-02 2.363444e-04
-2.488963e-02 2.347148e-04
-2.476384e-02 2.336991e-04
-2.463820e-02 2.311162e-04
-2.451032e-02 2.312007e-04
-2.438308e-02 2.325266e-04
-2.425668e-02 2.328129e-04
-2.413026e-02 2.344517e-04
-2.400592e-02 2.338026e-04
-2.388287e-02 2.332503e-04
-2.376103e-02 2.323288e-04
-2.363900e-02 2.294611e-04
-2.351381e-02 2.300086e-04
-2.338647e-02 2.279995e-04
-2.325865e-02 2.278702e-04
-2.313191e-02 2.292993e-04
-2.300523e-02 2.297754e-04
-2.288038e-02 2.350078e-04
-2.275667e-02 2.362285e-04
-2.263060e-02 2.347965e-04
-2.250469e-02 2.341833e-04
-2.237779e-02 2.308157e-04
-2.224817e-02 2.309102e-04
-2.211927e-02 2.324053e-04
-2.199213e-02 2.321919e-04
-2.186528e-02 2.329290e-04
-2.173917e-02 2.327598e-04
-2.161408e-02 2.330950e-04
-2.148789e-02 2.338812e-04
-2.135971e-02 2.327515e-04
-2.122975e-02 2.330888e-04
-2.109902e-02 2.327899e-04
-2.096847e-02 2.328810e-04
-2.083843e-02 2.339749e-04
-2.070911e-02 2.339401e-04
-2.058108e-02 2.368635e-04
-2.045168e-02 2.387488e-04
-2.032167e-02 2.420312e-04
-2.018919e-02 2.446910e-04
-2.005298e-02 2.458400e-04
-1.991666e-02 2.459753e-04
-1.977955e-02 2.450899e-04
-1.964326e-02 2.446075e-04
-1.950872e-02 2.461772e-04
-1.937022e-02 2.491165e-04
-1.923061e-02 2.563805e-04
-1.908841e-02 2.605797e-04
-1.894155e-02 2.634804e-04
-1.879541e-02 2.640907e-04
-1.864804e-02 2.637362e-04
-1.850104e-02 2.630203e-04
-1.835463e-02 2.620833e-04
-1.820998e-02 2.610428e-04
-1.806575e-02 2.598058e-04
-1.791878e-02 2.610229e-04
-1.777136e-02 2.626389e-04
-1.762157e-02 2.646458e-04
-1.747122e-02 2.692884e-04
-1.731868e-02 2.718874e-04
-1.716496e-02 2.771621e-04
-1.701130e-02 2.793834e-04
-1.685571e-02 2.823206e-04
-1.669439e-02 2.868091e-04
-1.652817e-02 2.921977e-04
-1.634935e-02 3.017544e-04
-1.616538e-02 3.185810e-04
-1.598200e-02 3.242856e-04
-1.579230e-02 3.295677e-04
-1.561662e-02 3.225968e-04
-1.543817e-02 2.987646e-04
-1.527186e-02 2.833328e-04
-1.511707e-02 2.606359e-04
-1.496657e-02 2.498914e-04
-1.482671e-02 2.367559e-04
-1.469124e-02 2.293883e-04
-1.456418e-02 2.229727e-04
-1.443896e-02 2.192540e-04
-1.431867e-02 2.172041e-04
-1.420130e-02 2.150078e-04
-1.408457e-02 2.099713e-04
-1.396682e-02 2.087564e-04
-1.384926e-02 2.064392e-04
-1.373114e-02 2.059477e-04
-1.361464e-02 2.064496e-04
-1.349773e-02 2.068723e-04
-1.338303e-02 2.117320e-04
-1.326835e-02 2.131707e-04
-1.315259e-02 2.153862e-04
-1.303556e-02 2.172301e-04
-1.291433e-02 2.161617e-04
-1.279393e-02 2.152940e-04
-1.267400e-02 2.128312e-04
-1.255733e-02 2.099894e-04
-1.244304e-02 2.060753e-04
-1.232829e-02 2.046590e-04
-1.221611e-02 2.050629e-04
-1.210572e-02 2.044123e-04
-1.199472e-02 2.016042e-04
-1.188534e-02 1.996248e-04
-1.177589e-02 1.947414e-04
-1.166846e-02 1.917752e-04
-1.156340e-02 1.867237e-04
-1.146049e-02 1.836147e-04
-1.136127e-02 1.811422e-04
-1.126346e-02 1.791558e-04
-1.116600e-02 1.742735e-04
-1.106955e-02 1.721550e-04
-1.097486e-02 1.698506e-04
-1.088030e-02 1.689540e-04
-1.078739e-02 1.685529e-04
-1.069766e-02 1.664992e-04
-1.060920e-02 1.629339e-04
-1.052093e-02 1.613192e-04
-1.043407e-02 1.592197e-04
-1.034792e-02 1.582515e-04
-1.026141e-02 1.549774e-04
-1.017588e-02 1.532092e-04
-1.009191e-02 1.514446e-04
-1.000809e-02 1.507265e-04
-9.926203e-03 1.513755e-04
-9.845442e-03 1.509340e-04
-9.764946e-03 1.501512e-04
-9.686137e-03 1.486516e-04
-9.608076e-03 1.457601e-04
-9.530179e-03 1.448190e-04
-9.452310e-03 1.427851e-04
-9.374111e-03 1.422568e-04
-9.297187e-03 1.423615e-04
-9.222189e-03 1.412412e-04
-9.148733e-03 1.407044e-04
-9.074884e-03 1.407470e-04
-9.000962e-03 1.407393e-04
-8.928107e-03 1.399015e-04
-8.854533e-03 1.363970e-04
-8.781590e-03 1.349437e-04
-8.709854e-03 1.334160e-04
-8.638510e-03 1.326351e-04
-8.568534e-03 1.322321e-04
-8.499246e-03 1.316726e-04
-8.430187e-03 1.304984e-04
-8.360529e-03 1.302541e-04
-8.291175e-03 1.300964e-04
-8.223006e-03 1.295049e-04
-8.154771e-03 1.277600e-04
-8.087737e-03 1.264116e-04
-8.021377e-03 1.242530e-04
-7.955077e-03 1.234410e-04
-7.890314e-03 1.232686e-04
-7.825855e-03 1.230237e-04
-7.761284e-03 1.221576e-04
-7.696883e-03 1.215762e-04
-7.632333e-03 1.197331e-04
-7.568179e-03 1.189950e-04
-7.504822e-03 1.187144e-04
-7.443012e-03 1.176880e-04
-7.381621e-03 1.150800e-04
-7.320268e-03 1.141187e-04
-7.259921e-03 1.131286e-04
-7.198466e-03 1.132799e-04
-7.137239e-03 1.140945e-04
-7.077095e-03 1.138915e-04
-7.017263e-03 1.138472e-04
-6.958598e-03 1.131320e-04
-6.900087e-03 1.118231e-04
-6.841545e-03 1.113720e-04
-6.782988e-03 1.096610e-04
-6.725013e-03 1.086942e-04
-6.667776e-03 1.072409e-04
-6.609903e-03 1.069519e-04
-6.553024e-03 1.078177e-04
-6.496949e-03 1.077919e-04
-6.440615e-03 1.076935e-04
-6.385325e-03 1.070331e-04
-6.330653e-03 1.058162e-04
-6.276099e-03 1.053070e-04
-6.221822e-03 1.043537e-04
-6.167052e-03 1.041624e-04
-6.112284e-03 1.036461e-04
-6.058614e-03 1.029427e-04
-6.006115e-03 1.029369e-04
-5.953476e-03 1.030190e-04
-5.900623e-03 1.032795e-04
-5.848506e-03 1.029320e-04
-5.796263e-03 1.013606e-04
-5.744298e-03 1.006268e-04
-5.692793e-03 9.935373e-05
-5.641392e-03 9.869670e-05
-5.590686e-03 9.803731e-05
-5.540470e-03 9.763906e-05
-5.490305e-03 9.698277e-05
-5.440256e-03 9.667851e-05
-5.390916e-03 9.664751e-05
-5.342073e-03 9.633779e-05
-5.293008e-03 9.510737e-05
-5.244487e-03 9.420966e-05
-5.196407e-03 9.246413e-05
-5.148730e-03 9.172114e-05
-5.101937e-03 9.112986e-05
-5.055595e-03 9.064681e-05
-5.009477e-03 9.001900e-05
-4.963260e-03 8.985336e-05
-4.916968e-03 8.892523e-05
-4.870760e-03 8.854087e-05
-4.825145e-03 8.846336e-05
-4.780318e-03 8.784222e-05
-4.735690e-03 8.645767e-05
-4.691358e-03 8.590025e-05
-4.647349e-03 8.520958e-05
-4.603200e-03 8.504533e-05
-4.559409e-03 8.485931e-05
-4.515755e-03 8.471004e-05
-4.472519e-03 8.499487e-05
-4.429656e-03 8.475793e-05
-4.386748e-03 8.402856e-05
-4.344178e-03 8.367757e-05
-4.301656e-03 8.278390e-05
-4.259515e-03 8.223344e-05
-4.217398e-03 8.105074e-05
-4.174993e-03 8.079820e-05
-4.133388e-03 8.111986e-05
-4.092040e-03 8.108149e-05
-4.050842e-03 8.122681e-05
-4.010048e-03 8.092555e-05
-3.969664e-03 8.077073e-05
-3.929556e-03 8.065883e-05
-3.888802e-03 7.957160e-05
-3.847982e-03 7.921885e-05
-3.807551e-03 7.858330e-05
-3.767463e-03 7.814802e-05
-3.728117e-03 7.817709e-05
-3.688905e-03 7.810663e-05
-3.649712e-03 7.794194e-05
-3.610640e-03 7.770435e-05
-3.571590e-03 7.708401e-05
-3.532866e-03 7.677055e-05
-3.494055e-03 7.604422e-05
-3.455610e-03 7.556357e-05
-3.417753e-03 7.492220e-05
-3.379817e-03 7.473944e-05
-3.341952e-03 7.435191e-05
-3.304120e-03 7.409163e-05
-3.266700e-03 7.405761e-05
-3.229554e-03 7.398185e-05
-3.192303e-03 7.359858e-05
-3.155397e-03 7.325385e-05
-3.118366e-03 7.236321e-05
-3.081539e-03 7.192022e-05
-3.045384e-03 7.153463e-05
-3.009528e-03 7.121584e-05
-2.973869e-03 7.065973e-05
-2.937869e-03 7.056800e-05
-2.901797e-03 7.019701e-05
-2.865936e-03 7.003229e-05
-2.830213e-03 7.006613e-05
-2.795006e-03 6.976802e-05
-2.760132e-03 6.922742e-05
-2.725295e-03 6.901047e-05
-2.690581e-03 6.861519e-05
-2.655838e-03 6.839768e-05
-2.621207e-03 6.798428e-05
-2.586746e-03 6.782651e-05
-2.552557e-03 6.784191e-05
-2.518571e-03 6.772584e-05
-2.484451e-03 6.743403e-05
-2.450498e-03 6.722852e-05
-2.416904e-03 6.700181e-05
-2.383528e-03 6.678975e-05
-2.350245e-03 6.635766e-05
-2.316805e-03 6.620668e-05
-2.283384e-03 6.582260e-05
-2.250112e-03 6.568498e-05
-2.216972e-03 6.577067e-05
-2.184156e-03 6.560724e-05
-2.151717e-03 6.553361e-05
-2.119432e-03 6.541432e-05
-2.086956e-03 6.476327e-05
-2.054299e-03 6.454973e-05
-2.021694e-03 6.404662e-05
-1.989349e-03 6.379710e-05
-1.957344e-03 6.366998e-05
-1.925525e-03 6.351221e-05
-1.893734e-03 6.335769e-05
-1.862042e-03 6.324190e-05
-1.830529e-03 6.297837e-05
-1.799085e-03 6.284165e-05
-1.767686e-03 6.253550e-05
-1.736322e-03 6.231888e-05
-1.705034e-03 6.184510e-05
-1.673945e-03 6.164007e-05
-1.642950e-03 6.146084e-05
-1.612156e-03 6.127563e-05
-1.581708e-03 6.110511e-05
-1.551236e-03 6.105838e-05
-1.520714e-03 6.084524e-05
-1.490191e-03 6.068588e-05
-1.459676e-03 6.025688e-05
-1.429444e-03 6.001501e-05
-1.399462e-03 5.976078e-05
-1.369638e-03 5.957451e-05
-1.339828e-03 5.930441e-05
-1.309998e-03 5.921946e-05
-1.280303e-03 5.898501e-05
-1.250588e-03 5.891246e-05
-1.220942e-03 5.882526e-05
-1.191525e-03 5.857617e-05
-1.162304e-03 5.821070e-05
-1.133280e-03 5.803972e-05
-1.104242e-03 5.775801e-05
-1.075323e-03 5.758446e-05
-1.046583e-03 5.718143e-05
-1.017822e-03 5.704890e-05
-9.892958e-04 5.707215e-05
-9.607935e-04 5.698832e-05
-9.322751e-04 5.672918e-05
-9.039968e-04 5.656933e-05
-8.758542e-04 5.635169e-05
-8.478648e-04 5.618141e-05
-8.198163e-04 5.582111e-05
-7.918211e-04 5.565889e-05
-7.641148e-04 5.547869e-05
-7.364503e-04 5.538870e-05
-7.088032e-04 5.516781e-05
-6.811247e-04 5.503219e-05
-6.535519e-04 5.483252e-05
-6.262053e-04 5.469976e-05
-5.989968e-04 5.456109e-05
-5.719577e-04 5.440957e-05
-5.448199e-04 5.402905e-05
-5.176961e-04 5.388322e-05
-4.908009e-04 5.365457e-05
-4.640518e-04 5.348437e-05
-4.374177e-04 5.320341e-05
-4.107220e-04 5.306697e-05
-3.841562e-04 5.290552e-05
-3.578121e-04 5.278667e-05
-3.314251e-04 5.258384e-05
-3.051471e-04 5.244501e-05
-2.790733e-04 5.220086e-05
-2.530796e-04 5.206484e-05
-2.271636e-04 5.181682e-05
-2.013335e-04 5.160585e-05
-1.756473e-04 5.126081e-05
-1.501978e-04 5.106481e-05
-1.248004e-04 5.060835e-05
-9.962357e-05 5.031157e-05
-7.453023e-05 4.981484e-05
-4.973161e-05 4.946388e-05
-2.524626e-05 4.880143e-05
-4.870890e-07 4.873508e-05
2.399594e-05 4.899116e-05
4.882241e-05 4.922981e-05
7.364075e-05 4.988885e-05
9.848579e-05 5.020930e-05
1.237358e-04 5.061609e-05
1.491459e-04 5.085923e-05
1.746140e-04 5.124683e-05
2.001924e-04 5.145266e-05
2.259494e-04 5.172598e-05
2.519513e-04 5.190058e-05
2.780333e-04 5.225069e-05
3.040491e-04 5.240780e-05
3.303481e-04 5.257126e-05
3.567654e-04 5.270143e-05
3.831293e-04 5.295336e-05
4.095606e-04 5.308451e-05
4.361020e-04 5.326474e-05
4.628489e-04 5.338016e-05
4.897547e-04 5.343561e-05
5.166674e-04 5.353223e-05
5.435314e-04 5.388088e-05
5.705440e-04 5.409567e-05
5.977700e-04 5.454230e-05
6.249775e-04 5.469242e-05
6.522221e-04 5.484164e-05
6.797835e-04 5.501058e-05
7.074922e-04 5.523337e-05
7.350466e-04 5.529592e-05
7.626300e-04 5.542113e-05
7.904454e-04 5.560533e-05
8.184523e-04 5.600924e-05
8.464198e-04 5.613142e-05
8.743129e-04 5.638335e-05
9.023535e-04 5.656264e-05
9.305913e-04 5.673123e-05
9.591250e-04 5.689201e-05
9.877817e-04 5.713278e-05
1.016415e-03 5.728292e-05
1.045281e-03 5.753051e-05
1.074162e-03 5.762979e-05
1.102921e-03 5.789335e-05
1.131943e-03 5.814659e-05
1.161094e-03 5.863494e-05
1.190391e-03 5.881834e-05
1.219849e-03 5.905934e-05
1.249189e-03 5.915596e-05
1.278710e-03 5.912321e-05
1.308332e-03 5.917187e-05
1.338090e-03 5.930469e-05
1.368092e-03 5.949993e-05
1.398026e-03 5.993208e-05
1.428139e-03 6.011289e-05
1.458400e-03 6.036657e-05
1.488651e-03 6.053340e-05
1.518981e-03 6.086471e-05
1.549342e-03 6.100303e-05
1.580048e-03 6.104399e-05
1.610792e-03 6.108195e-05
1.641418e-03 6.115365e-05
1.672280e-03 6.132179e-05
1.703217e-03 6.166479e-05
1.734507e-03 6.191608e-05
1.765982e-03 6.230603e-05
1.797486e-03 6.254792e-05
1.829116e-03 6.324707e-05
1.860529e-03 6.336850e-05
1.892118e-03 6.317277e-05
1.923837e-03 6.318115e-05
1.955556e-03 6.320634e-05
1.987815e-03 6.345329e-05
2.020167e-03 6.398409e-05
2.052585e-03 6.430037e-05
2.085033e-03 6.512479e-05
2.117289e-03 6.530691e-05
2.150015e-03 6.527720e-05
2.182856e-03 6.533624e-05
2.215573e-03 6.546220e-05
2.248624e-03 6.561865e-05
2.281873e-03 6.572272e-05
2.315160e-03 6.587217e-05
2.348338e-03 6.646737e-05
2.381684e-03 6.678225e-05
2.415274e-03 6.750345e-05
2.448863e-03 6.776310e-05
2.482699e-03 6.781736e-05
2.516771e-03 6.797852e-05
2.551061e-03 6.806184e-05
2.585587e-03 6.814083e-05
2.620131e-03 6.833183e-05
2.654545e-03 6.841524e-05
2.688946e-03 6.892769e-05
2.723834e-03 6.940502e-05
2.758786e-03 7.036234e-05
2.793689e-03 7.067698e-05
2.829110e-03 7.068473e-05
2.864752e-03 7.072411e-05
2.900515e-03 7.063540e-05
2.936095e-03 7.059021e-05
2.971687e-03 7.070995e-05
3.007924e-03 7.114060e-05
3.044239e-03 7.193901e-05
3.080552e-03 7.222574e-05
3.117047e-03 7.271991e-05
3.153980e-03 7.306117e-05
3.191105e-03 7.368681e-05
3.227812e-03 7.376049e-05
3.264751e-03 7.357942e-05
3.301902e-03 7.364129e-05
3.339284e-03 7.370638e-05
3.377213e-03 7.405976e-05
3.415156e-03 7.473996e-05
3.453316e-03 7.511598e-05
3.491743e-03 7.571479e-05
3.530671e-03 7.612607e-05
3.569544e-03 7.735731e-05
3.607917e-03 7.760477e-05
3.646995e-03 7.741030e-05
3.686322e-03 7.748967e-05
3.725607e-03 7.748580e-05
3.765386e-03 7.778159e-05
3.805269e-03 7.842885e-05
3.845713e-03 7.888990e-05
3.886088e-03 8.028439e-05
3.926079e-03 8.066461e-05
3.966869e-03 8.069641e-05
4.007928e-03 8.087020e-05
4.048758e-03 8.142831e-05
4.089699e-03 8.169551e-05
4.131110e-03 8.165093e-05
4.173094e-03 8.186614e-05
4.215049e-03 8.251312e-05
4.256838e-03 8.275850e-05
4.298698e-03 8.332288e-05
4.340840e-03 8.369546e-05
4.383295e-03 8.452469e-05
4.425990e-03 8.496822e-05
4.469017e-03 8.532672e-05
4.512740e-03 8.575626e-05
4.556956e-03 8.612876e-05
4.600666e-03 8.607592e-05
4.644207e-03 8.621076e-05
4.688077e-03 8.645683e-05
4.732226e-03 8.700371e-05
4.776894e-03 8.751390e-05
4.821597e-03 8.854098e-05
4.866747e-03 8.917932e-05
4.912547e-03 8.986727e-05
4.958674e-03 9.018752e-05
5.005006e-03 9.073595e-05
5.051187e-03 9.096464e-05
5.097725e-03 9.134640e-05
5.144685e-03 9.173788e-05
5.191633e-03 9.249560e-05
5.239338e-03 9.322324e-05
5.287657e-03 9.421931e-05
5.336607e-03 9.482614e-05
5.385652e-03 9.635234e-05
5.434402e-03 9.685422e-05
5.483686e-03 9.736081e-05
5.533091e-03 9.761730e-05
5.583038e-03 9.779759e-05
5.633775e-03 9.833903e-05
5.685044e-03 9.858127e-05
5.737288e-03 9.911655e-05
5.789112e-03 1.013041e-04
5.840243e-03 1.018108e-04
5.891748e-03 1.025928e-04
5.943366e-03 1.029432e-04
5.995890e-03 1.027971e-04
6.048769e-03 1.029591e-04
6.101899e-03 1.025967e-04
6.155844e-03 1.029560e-04
6.209698e-03 1.041071e-04
6.263749e-03 1.044964e-04
6.317699e-03 1.057492e-04
6.371936e-03 1.065145e-04
6.426755e-03 1.080775e-04
6.481645e-03 1.086858e-04
6.537152e-03 1.089358e-04
6.593350e-03 1.094416e-04
6.650156e-03 1.098311e-04
6.706621e-03 1.096158e-04
6.762891e-03 1.093491e-04
6.819825e-03 1.097988e-04
6.876720e-03 1.115306e-04
6.934058e-03 1.124249e-04
6.992104e-03 1.133067e-04
7.051196e-03 1.142534e-04
7.110993e-03 1.157048e-04
7.170714e-03 1.160214e-04
7.230803e-03 1.162924e-04
7.289995e-03 1.160095e-04
7.349269e-03 1.150887e-04
7.409980e-03 1.156170e-04
7.470784e-03 1.173656e-04
7.532720e-03 1.186803e-04
7.595459e-03 1.205445e-04
7.658363e-03 1.213147e-04
7.721392e-03 1.232449e-04
7.784061e-03 1.235539e-04
7.847400e-03 1.232985e-04
7.910765e-03 1.233881e-04
7.974639e-03 1.232522e-04
8.039874e-03 1.240247e-04
8.105773e-03 1.245925e-04
8.173155e-03 1.256892e-04
8.239890e-03 1.298169e-04
8.306329e-03 1.309450e-04
8.373586e-03 1.327150e-04
8.439614e-03 1.327956e-04
8.506863e-03 1.314868e-04
8.575634e-03 1.319309e-04
8.645435e-03 1.309425e-04
8.716348e-03 1.312558e-04
8.786385e-03 1.335890e-04
8.857048e-03 1.346182e-04
8.927409e-03 1.379799e-04
8.997766e-03 1.393715e-04
9.069399e-03 1.411109e-04
9.140718e-03 1.415509e-04
9.213764e-03 1.404263e-04
9.287720e-03 1.405696e-04
9.362268e-03 1.394378e-04
9.438378e-03 1.397735e-04
9.513440e-03 1.424632e-04
9.588948e-03 1.438882e-04
9.664979e-03 1.469721e-04
9.741044e-03 1.481058e-04
9.818223e-03 1.499598e-04
9.896682e-03 1.514012e-04
9.977089e-03 1.515795e-04
1.005669e-02 1.511574e-04
1.013613e-02 1.502427e-04
1.021761e-02 1.509271e-04
1.029833e-02 1.541185e-04
1.038010e-02 1.561051e-04
1.046355e-02 1.594172e-04
1.054885e-02 1.617316e-04
1.063573e-02 1.649175e-04
1.072230e-02 1.658782e-04
1.080966e-02 1.672173e-04
1.089663e-02 1.672294e-04
1.098407e-02 1.665000e-04
1.107351e-02 1.676643e-04
1.116339e-02 1.701607e-04
1.125572e-02 1.725297e-04
1.134951e-02 1.773321e-04
1.144558e-02 1.804450e-04
1.154291e-02 1.863187e-04
1.163944e-02 1.876956e-04
1.173770e-02 1.886537e-04
1.183761e-02 1.902400e-04
1.193868e-02 1.926920e-04
1.204187e-02 1.948448e-04
1.214835e-02 1.960836e-04
1.225873e-02 1.988859e-04
1.236798e-02 2.077944e-04
1.247711e-02 2.109317e-04
1.258894e-02 2.151427e-04
1.269969e-02 2.157163e-04
1.281169e-02 2.152595e-04
1.292589e-02 2.167109e-04
1.304367e-02 2.155980e-04
1.316277e-02 2.160029e-04
1.328145e-02 2.169835e-04
1.340084e-02 2.177579e-04
1.351996e-02 2.203468e-04
1.363785e-02 2.202332e-04
1.375562e-02 2.201438e-04
1.387239e-02 2.198060e-04
1.398940e-02 2.192772e-04
1.410557e-02 2.185832e-04
1.422243e-02 2.146415e-04
1.434025e-02 2.137974e-04
1.445653e-02 2.140067e-04
1.457396e-02 2.144626e-04
1.469103e-02 2.163410e-04
1.480784e-02 2.171487e-04
1.492373e-02 2.209125e-04
1.504389e-02 2.248267e-04
1.516766e-02 2.305385e-04
1.529679e-02 2.358365e-04
1.542860e-02 2.451946e-04
1.556886e-02 2.536493e-04
1.571236e-02 2.717492e-04
1.586540e-02 2.835961e-04
1.602676e-02 3.025978e-04
1.620439e-02 3.195697e-04
1.639229e-02 3.508814e-04
1.657362e-02 3.582645e-04
1.677083e-02 3.509567e-04
1.695569e-02 3.409065e-04
1.713801e-02 3.172352e-04
1.731511e-02 3.051610e-04
1.747967e-02 2.926721e-04
1.764006e-02 2.860824e-04
1.779462e-02 2.785394e-04
1.794975e-02 2.761834e-04
1.810244e-02 2.726312e-04
1.825335e-02 2.702815e-04
1.840190e-02 2.676906e-04
1.854942e-02 2.657705e-04
1.869314e-02 2.668264e-04
1.883441e-02 2.660938e-04
1.897628e-02 2.630619e-04
1.911939e-02 2.627116e-04
1.926439e-02 2.595579e-04
1.941271e-02 2.604284e-04
1.955955e-02 2.642848e-04
1.970612e-02 2.655133e-04
1.985310e-02 2.682573e-04
1.999643e-02 2.666832e-04
2.013963e-02 2.625680e-04
2.028061e-02 2.601066e-04
2.042084e-02 2.554586e-04
2.056140e-02 2.539877e-04
2.070009e-02 2.520014e-04
2.083634e-02 2.498136e-04
2.097031e-02 2.475462e-04
2.110434e-02 2.464247e-04
2.123602e-02 2.472748e-04
2.136568e-02 2.467076e-04
2.149547e-02 2.458439e-04
2.162479e-02 2.452654e-04
2.175571e-02 2.400641e-04
2.188697e-02 2.384030e-04
2.201646e-02 2.367577e-04
2.214506e-02 2.353028e-04
2.227102e-02 2.356934e-04
2.239650e-02 2.358588e-04
2.252131e-02 2.374248e-04
2.264805e-02 2.391487e-04
2.277718e-02 2.408528e-04
2.290503e-02 2.407079e-04
2.303384e-02 2.377759e-04
2.316226e-02 2.361552e-04
2.328825e-02 2.357323e-04
2.341335e-02 2.353653e-04
2.353813e-02 2.348761e-04
2.366377e-02 2.352139e-04
2.379141e-02 2.337114e-04
2.392051e-02 2.340692e-04
2.404842e-02 2.361641e-04
2.417386e-02 2.354385e-04
2.429975e-02 2.326790e-04
2.442410e-02 2.304407e-04
2.454615e-02 2.280929e-04
2.466897e-02 2.280199e-04
2.479227e-02 2.278834e-04
2.491758e-02 2.290609e-04
2.504312e-02 2.310764e-04
2.516836e-02 2.316233e-04
2.529264e-02 2.347530e-04
2.541561e-02 2.347718e-04
2.553831e-02 2.352973e-04
2.565962e-02 2.349720e-04
2.578260e-02 2.313025e-04
2.590763e-02 2.312066e-04
2.603308e-02 2.311046e-04
2.616147e-02 2.328514e-04
2.628930e-02 2.377484e-04
2.641603e-02 2.385159e-04
2.654294e-02 2.403470e-04
2.667020e-02 2.415315e-04
2.679810e-02 2.437408e-04
2.692927e-02 2.464920e-04
2.706367e-02 2.496761e-04
2.728111e-02 3.007673e-04
2.750021e-02 4.389543e-04
2.770192e-02 4.782461e-04
2.797646e-02 4.657544e-04
2.825035e-02 4.602154e-04
2.851483e-02 4.606660e-04
2.876454e-02 4.525860e-04
2.901684e-02 4.274235e-04
2.925894e-02 4.122460e-04
2.949015e-02 3.865457e-04
2.982778e-02 4.412770e-04
3.014967e-02 6.195822e-04
3.050748e-02 7.042894e-04
3.096632e-02 7.709633e-04
3.153680e-02 8.627946e-04
3.221801e-02 9.367494e-04
3.273684e-02 8.661154e-04
3.324287e-02 6.873665e-04
3.376335e-02 6.317081e-04
3.422946e-02 5.679224e-04
3.462913e-02 5.042907e-04
3.493946e-02 4.770611e-04
3.520906e-02 4.435052e-04
3.544910e-02 3.996145e-04
3.567884e-02 3.776079e-04
3.588663e-02 3.543395e-04
3.609021e-02 3.434371e-04
3.627973e-02 3.351972e-04
3.646215e-02 3.279661e-04
3.663962e-02 3.161644e-04
3.681202e-02 3.084460e-04
3.697848e-02 2.970149e-04
3.714441e-02 2.929902e-04
3.730553e-02 2.909006e-04
3.746346e-02 2.882473e-04
3.761931e-02 2.832068e-04
3.777128e-02 2.790565e-04
3.791836e-02 2.756962e-04
3.806478e-02 2.737144e-04
3.821013e-02 2.700412e-04
3.835355e-02 2.679316e-04
3.849668e-02 2.635586e-04
3.864089e-02 2.626466e-04
3.878307e-02 2.624877e-04
3.892316e-02 2.611748e-04
3.906198e-02 2.596439e-04
3.919895e-02 2.576286e-04
3.933476e-02 2.540294e-04
3.946855e-02 2.518781e-04
3.960098e-02 2.481971e-04
3.973567e-02 2.482263e-04
3.987060e-02 2.488381e-04
4.000218e-02 2.470645e-04
4.013206e-02 2.440317e-04
4.026118e-02 2.421476e-04
4.038723e-02 2.420357e-04
4.051106e-02 2.409860e-04
4.063586e-02 2.364690e-04
4.076016e-02 2.345415e-04
4.088396e-02 2.308763e-04
4.100776e-02 2.295564e-04
4.112857e-02 2.299808e-04
4.124773e-02 2.291444e-04
4.136600e-02 2.283207e-04
4.148558e-02 2.285009e-04
4.160478e-02 2.296683e-04
4.172320e-02 2.299352e-04
4.184401e-02 2.275566e-04
4.196454e-02 2.265424e-04
4.208335e-02 2.257401e-04
4.220134e-02 2.249643e-04
4.231764e-02 2.256426e-04
4.243420e-02 2.257365e-04
4.254977e-02 2.276555e-04
4.266448e-02 2.281323e-04
4.278192e-02 2.249020e-04
4.289970e-02 2.239359e-04
4.301628e-02 2.240844e-04
4.313192e-02 2.235792e-04
4.324650e-02 2.231025e-04
4.336034e-02 2.221897e-04
4.347328e-02 2.211810e-04
4.358799e-02 2.221848e-04
4.370352e-02 2.236218e-04
4.381890e-02 2.240499e-04
4.393506e-02 2.247824e-04
4.404952e-02 2.240365e-04
4.416183e-02 2.247206e-04
4.427375e-02 2.247318e-04
4.438674e-02 2.229605e-04
4.450001e-02 2.221889e-04
4.461351e-02 2.196948e-04
4.472841e-02 2.199422e-04
4.484333e-02 2.214364e-04
4.495761e-02 2.215936e-04
4.507076e-02 2.230665e-04
4.518249e-02 2.227427e-04
4.529482e-02 2.208261e-04
4.540743e-02 2.199952e-04
4.552004e-02 2.176907e-04
4.563497e-02 2.185464e-04
4.575044e-02 2.208509e-04
4.586370e-02 2.203629e-04
4.597554e-02 2.205276e-04
4.608701e-02 2.203623e-04
4.619763e-02 2.213215e-04
4.630853e-02 2.215299e-04
4.642189e-02 2.180168e-04
4.653564e-02 2.172821e-04
4.664934e-02 2.153308e-04
4.676344e-02 2.148700e-04
4.687556e-02 2.177046e-04
4.698613e-02 2.178016e-04
4.709664e-02 2.173559e-04
4.720882e-02 2.182092e-04
4.732150e-02 2.197633e-04
4.743470e-02 2.203298e-04
4.755018e-02 2.180991e-04
4.766522e-02 2.173220e-04
4.777922e-02 2.177040e-04
4.789221e-02 2.172428e-04
4.800335e-02 2.182233e-04
4.811507e-02 2.189266e-04
4.822697e-02 2.205796e-04
4.833954e-02 2.212684e-04
4.845459e-02 2.190425e-04
4.856877e-02 2.180130e-04
