-4.524402e-02 9.170444e-04
-4.478592e-02 9.163333e-04
-4.432485e-02 9.168551e-04
-4.386624e-02 9.224116e-04
-4.340777e-02 9.243265e-04
-4.294823e-02 9.250725e-04
-4.249268e-02 9.229574e-04
-4.203492e-02 9.161833e-04
-4.157593e-02 9.154709e-04
-4.111607e-02 9.120321e-04
-4.065181e-02 9.124445e-04
-4.019265e-02 9.193195e-04
-3.973512e-02 9.208059e-04
-3.927412e-02 9.219057e-04
-3.881628e-02 9.214015e-04
-3.835845e-02 9.200203e-04
-3.789650e-02 9.209928e-04
-3.743666e-02 9.244113e-04
-3.697359e-02 9.275744e-04
-3.650673e-02 9.328493e-04
-3.604539e-02 9.324546e-04
-3.558376e-02 9.308783e-04
-3.512082e-02 9.300744e-04
-3.465832e-02 9.257391e-04
-3.419188e-02 9.265355e-04
-3.372423e-02 9.295376e-04
-3.325736e-02 9.311675e-04
-3.278952e-02 9.340924e-04
-3.232226e-02 9.337908e-04
-3.185602e-02 9.346807e-04
-3.138935e-02 9.352665e-04
-3.092209e-02 9.331033e-04
-3.045615e-02 9.325551e-04
-2.998784e-02 9.299043e-04
-2.951753e-02 9.291352e-04
-2.904864e-02 9.293621e-04
-2.858139e-02 9.284607e-04
-2.811697e-02 9.278728e-04
-2.765432e-02 9.276108e-04
-2.719089e-02 9.283985e-04
-2.672442e-02 9.294957e-04
-2.625692e-02 9.308276e-04
-2.578936e-02 9.313438e-04
-2.532357e-02 9.328959e-04
-2.486021e-02 9.319942e-04
-2.439583e-02 9.306186e-04
-2.393254e-02 9.304843e-04
-2.346743e-02 9.270740e-04
-2.300200e-02 9.250281e-04
-2.253934e-02 9.211742e-04
-2.207634e-02 9.199912e-04
-2.161274e-02 9.185114e-04
-2.115092e-02 9.179195e-04
-2.069104e-02 9.195056e-04
-2.022829e-02 9.207936e-04
-1.976785e-02 9.254066e-04
-1.930596e-02 9.279285e-04
-1.883923e-02 9.296689e-04
-1.837747e-02 9.283277e-04
-1.791664e-02 9.261582e-04
-1.745498e-02 9.248660e-04
-1.699588e-02 9.227619e-04
-1.653782e-02 9.213937e-04
-1.607622e-02 9.145059e-04
-1.561463e-02 9.130179e-04
-1.515543e-02 9.128628e-04
-1.469399e-02 9.131610e-04
-1.423455e-02 9.173235e-04
-1.377464e-02 9.190970e-04
-1.331440e-02 9.206925e-04
-1.285696e-02 9.205929e-04
-1.239672e-02 9.184371e-04
-1.193520e-02 9.174264e-04
-1.147489e-02 9.166256e-04
-1.101662e-02 9.151084e-04
-1.056100e-02 9.125276e-04
-1.010879e-02 9.105381e-04
-9.654828e-03 9.048210e-04
-9.200881e-03 9.017616e-04
-8.748479e-03 8.958290e-04
-8.297822e-03 8.926504e-04
-7.852320e-03 8.897216e-04
-7.409445e-03 8.870959e-04
-6.966602e-03 8.825464e-04
-6.527061e-03 8.798855e-04
-6.088672e-03 8.743936e-04
-5.651393e-03 8.707922e-04
-5.217931e-03 8.645283e-04
-4.788064e-03 8.601267e-04
-4.359309e-03 8.523706e-04
-3.936535e-03 8.469131e-04
-3.516702e-03 8.366212e-04
-3.101069e-03 8.294747e-04
-2.690109e-03 8.149354e-04
-2.286642e-03 8.052286e-04
-1.887307e-03 7.876190e-04
-1.497594e-03 7.763526e-04
-1.114886e-03 7.566590e-04
-7.377776e-04 7.454836e-04
-3.697561e-04 7.269439e-04
5.317090e-06 7.246590e-04
3.730468e-04 7.323264e-04
7.475991e-04 7.401402e-04
1.122038e-03 7.617752e-04
1.505624e-03 7.742409e-04
1.898383e-03 7.936044e-04
2.297473e-03 8.043631e-04
2.702856e-03 8.212810e-04
3.112629e-03 8.299852e-04
3.530625e-03 8.429412e-04
3.950629e-03 8.497360e-04
4.376400e-03 8.590447e-04
4.806543e-03 8.640910e-04
5.239122e-03 8.714124e-04
5.673630e-03 8.751970e-04
6.112650e-03 8.808240e-04
6.551845e-03 8.839166e-04
6.993316e-03 8.887359e-04
7.438413e-03 8.916823e-04
7.886276e-03 8.952598e-04
8.338026e-03 8.988793e-04
8.789535e-03 9.065993e-04
9.239612e-03 9.095039e-04
9.693144e-03 9.145701e-04
1.014922e-02 9.169291e-04
1.060852e-02 9.181216e-04
1.107058e-02 9.202153e-04
1.153291e-02 9.228177e-04
1.199610e-02 9.242739e-04
1.246088e-02 9.284767e-04
1.292297e-02 9.293929e-04
1.338632e-02 9.298610e-04
1.385026e-02 9.293781e-04
1.431257e-02 9.279587e-04
1.477647e-02 9.284049e-04
1.524358e-02 9.271158e-04
1.570767e-02 9.258518e-04
1.616971e-02 9.257525e-04
1.663346e-02 9.257357e-04
1.709718e-02 9.257338e-04
1.756358e-02 9.273362e-04
1.802899e-02 9.306156e-04
1.849696e-02 9.333235e-04
1.896719e-02 9.398903e-04
1.943292e-02 9.405824e-04
1.989919e-02 9.416260e-04
2.036602e-02 9.413103e-04
2.083259e-02 9.380303e-04
2.130035e-02 9.375746e-04
2.176950e-02 9.368394e-04
2.223840e-02 9.374442e-04
2.270684e-02 9.398908e-04
2.317689e-02 9.407136e-04
2.364489e-02 9.435582e-04
2.411247e-02 9.443335e-04
2.458408e-02 9.426392e-04
2.505432e-02 9.422373e-04
2.552587e-02 9.389424e-04
2.600065e-02 9.386741e-04
2.647409e-02 9.401634e-04
2.694691e-02 9.403194e-04
2.741648e-02 9.433139e-04
2.788743e-02 9.452215e-04
2.836230e-02 9.468482e-04
2.883666e-02 9.481587e-04
2.931178e-02 9.505415e-04
2.978738e-02 9.506557e-04
3.026197e-02 9.497820e-04
3.073668e-02 9.495430e-04
3.121207e-02 9.506333e-04
3.168792e-02 9.523423e-04
3.216356e-02 9.574601e-04
3.263967e-02 9.585463e-04
3.311791e-02 9.580170e-04
3.359327e-02 9.561010e-04
3.406677e-02 9.509954e-04
3.453826e-02 9.479571e-04
3.500904e-02 9.435651e-04
3.547982e-02 9.430125e-04
3.595052e-02 9.416339e-04
3.642431e-02 9.419739e-04
3.689573e-02 9.440164e-04
3.736640e-02 9.442942e-04
3.783993e-02 9.431345e-04
3.830723e-02 9.399980e-04
3.877309e-02 9.336685e-04
3.924270e-02 9.326179e-04
3.970966e-02 9.312961e-04
4.017845e-02 9.319118e-04
4.064868e-02 9.340249e-04
4.111677e-02 9.345156e-04
4.158372e-02 9.377672e-04
4.205069e-02 9.379226e-04
4.251720e-02 9.391014e-04
4.298339e-02 9.393279e-04
4.345151e-02 9.339093e-04
4.391965e-02 9.319795e-04
4.438857e-02 9.281625e-04
4.485751e-02 9.278128e-04
4.532182e-02 9.345527e-04
