-5.200358e-02 2.309998e-04
-5.191916e-02 2.119718e-04
-5.181782e-02 2.150057e-04
-5.171214e-02 2.161742e-04
-5.160724e-02 2.164189e-04
-5.150124e-02 2.160874e-04
-5.139614e-02 2.154268e-04
-5.129126e-02 2.131403e-04
-5.118768e-02 2.115324e-04
-5.108500e-02 2.085794e-04
-5.097742e-02 2.101730e-04
-5.086739e-02 2.105053e-04
-5.075863e-02 2.101397e-04
-5.065197e-02 2.125954e-04
-5.054652e-02 2.127538e-04
-5.044051e-02 2.130642e-04
-5.033359e-02 2.137223e-04
-5.022502e-02 2.119881e-04
-5.011614e-02 2.115451e-04
-5.000818e-02 2.118397e-04
-4.990859e-02 2.066425e-04
-4.981685e-02 2.052834e-04
-4.971613e-02 2.104572e-04
-4.960747e-02 2.123938e-04
-4.949961e-02 2.126103e-04
-4.939223e-02 2.131994e-04
-4.928412e-02 2.138440e-04
-4.917518e-02 2.142276e-04
-4.906687e-02 2.136911e-04
-4.895925e-02 2.133473e-04
-4.885302e-02 2.126759e-04
-4.874758e-02 2.121135e-04
-4.864102e-02 2.125805e-04
-4.853640e-02 2.179241e-04
-4.843346e-02 2.188344e-04
-4.832657e-02 2.139495e-04
-4.821822e-02 2.130712e-04
-4.811181e-02 2.138773e-04
-4.800496e-02 2.141420e-04
-4.789689e-02 2.128677e-04
-4.778863e-02 2.128163e-04
-4.767871e-02 2.106822e-04
-4.756759e-02 2.106301e-04
-4.745781e-02 2.119090e-04
-4.734920e-02 2.116662e-04
-4.724253e-02 2.142433e-04
-4.713679e-02 2.143290e-04
-4.702958e-02 2.121409e-04
-4.692120e-02 2.123474e-04
-4.681189e-02 2.113670e-04
-4.670309e-02 2.107068e-04
-4.659459e-02 2.101664e-04
-4.648692e-02 2.094750e-04
-4.638133e-02 2.102249e-04
-4.627489e-02 2.110048e-04
-4.616774e-02 2.119736e-04
-4.606125e-02 2.116356e-04
-4.595523e-02 2.114742e-04
-4.585044e-02 2.109626e-04
-4.574472e-02 2.087911e-04
-4.563740e-02 2.089716e-04
-4.553067e-02 2.096421e-04
-4.542435e-02 2.096282e-04
-4.531803e-02 2.095778e-04
-4.521043e-02 2.100381e-04
-4.510264e-02 2.110137e-04
-4.499538e-02 2.113383e-04
-4.488805e-02 2.121298e-04
-4.478328e-02 2.108822e-04
-4.467947e-02 2.097913e-04
-4.457780e-02 2.080972e-04
-4.447796e-02 2.056247e-04
-4.437207e-02 2.083661e-04
-4.426274e-02 2.102340e-04
-4.415458e-02 2.099158e-04
-4.404853e-02 2.125493e-04
-4.394382e-02 2.129789e-04
-4.383837e-02 2.137499e-04
-4.373225e-02 2.144352e-04
-4.362421e-02 2.123444e-04
-4.351679e-02 2.112199e-04
-4.341090e-02 2.106367e-04
-4.330407e-02 2.106964e-04
-4.319912e-02 2.139745e-04
-4.309643e-02 2.140885e-04
-4.299204e-02 2.115885e-04
-4.288619e-02 2.115621e-04
-4.278000e-02 2.117218e-04
-4.267321e-02 2.121437e-04
-4.256564e-02 2.112214e-04
-4.245920e-02 2.102099e-04
-4.235409e-02 2.096170e-04
-4.224882e-02 2.092182e-04
-4.214368e-02 2.083570e-04
-4.203788e-02 2.087323e-04
-4.193245e-02 2.103829e-04
-4.182769e-02 2.105719e-04
-4.172218e-02 2.106410e-04
-4.161599e-02 2.110767e-04
-4.151002e-02 2.118518e-04
-4.140562e-02 2.111842e-04
-4.130091e-02 2.088086e-04
-4.119495e-02 2.084170e-04
-4.108828e-02 2.061465e-04
-4.098042e-02 2.063175e-04
-4.087330e-02 2.088069e-04
-4.076719e-02 2.091085e-04
-4.066189e-02 2.105075e-04
-4.055939e-02 2.093244e-04
-4.045778e-02 2.075262e-04
-4.035240e-02 2.088574e-04
-4.024491e-02 2.090187e-04
-4.013836e-02 2.087886e-04
-4.003232e-02 2.089889e-04
-3.992637e-02 2.090049e-04
-3.982133e-02 2.113523e-04
-3.971676e-02 2.119184e-04
-3.961185e-02 2.121354e-04
-3.950633e-02 2.125797e-04
-3.939951e-02 2.116399e-04
-3.929297e-02 2.108436e-04
-3.918664e-02 2.089821e-04
-3.908098e-02 2.081960e-04
-3.897622e-02 2.082961e-04
-3.887130e-02 2.084283e-04
-3.876657e-02 2.083295e-04
-3.866035e-02 2.091903e-04
-3.855411e-02 2.115329e-04
-3.844780e-02 2.121240e-04
-3.834072e-02 2.124861e-04
-3.823612e-02 2.114199e-04
-3.813326e-02 2.113525e-04
-3.803034e-02 2.113657e-04
-3.792657e-02 2.107842e-04
-3.782175e-02 2.112002e-04
-3.771549e-02 2.091559e-04
-3.760872e-02 2.087304e-04
-3.750378e-02 2.106119e-04
-3.739928e-02 2.107347e-04
-3.729410e-02 2.099382e-04
-3.718957e-02 2.095531e-04
-3.708393e-02 2.074315e-04
-3.697738e-02 2.072124e-04
-3.687137e-02 2.067067e-04
-3.676550e-02 2.064451e-04
-3.666406e-02 2.131320e-04
-3.656548e-02 2.135342e-04
-3.646456e-02 2.107304e-04
-3.636115e-02 2.115067e-04
-3.625574e-02 2.103453e-04
-3.615025e-02 2.099727e-04
-3.604374e-02 2.080203e-04
-3.593801e-02 2.068502e-04
-3.583391e-02 2.055384e-04
-3.572894e-02 2.055921e-04
-3.562500e-02 2.074484e-04
-3.552026e-02 2.083077e-04
-3.541441e-02 2.088469e-04
-3.530989e-02 2.085224e-04
-3.520512e-02 2.079675e-04
-3.509950e-02 2.082763e-04
-3.499457e-02 2.094951e-04
-3.489116e-02 2.090200e-04
-3.478786e-02 2.078845e-04
-3.468239e-02 2.084943e-04
-3.457626e-02 2.090987e-04
-3.447067e-02 2.092808e-04
-3.436537e-02 2.102746e-04
-3.426030e-02 2.104977e-04
-3.415494e-02 2.114379e-04
-3.405162e-02 2.105484e-04
-3.394852e-02 2.076400e-04
-3.384343e-02 2.077907e-04
-3.373783e-02 2.073760e-04
-3.363181e-02 2.072050e-04
-3.352578e-02 2.067451e-04
-3.342037e-02 2.064984e-04
-3.331655e-02 2.092641e-04
-3.321320e-02 2.099783e-04
-3.310911e-02 2.099338e-04
-3.300520e-02 2.098068e-04
-3.290055e-02 2.082062e-04
-3.279476e-02 2.080241e-04
-3.268982e-02 2.089240e-04
-3.258621e-02 2.087377e-04
-3.248214e-02 2.074742e-04
-3.237787e-02 2.071371e-04
-3.227411e-02 2.078167e-04
-3.217009e-02 2.082159e-04
-3.206569e-02 2.079059e-04
-3.196029e-02 2.083942e-04
-3.185467e-02 2.093843e-04
-3.175034e-02 2.086824e-04
-3.164629e-02 2.072033e-04
-3.154256e-02 2.067619e-04
-3.144006e-02 2.075824e-04
-3.133664e-02 2.084346e-04
-3.123048e-02 2.070334e-04
-3.112374e-02 2.068781e-04
-3.101869e-02 2.084825e-04
-3.091450e-02 2.085502e-04
-3.081120e-02 2.102360e-04
-3.070816e-02 2.103993e-04
-3.060396e-02 2.089148e-04
-3.049983e-02 2.086228e-04
-3.039503e-02 2.074644e-04
-3.028963e-02 2.074033e-04
-3.018508e-02 2.078799e-04
-3.008140e-02 2.075402e-04
-2.997846e-02 2.078522e-04
-2.987461e-02 2.082308e-04
-2.977020e-02 2.083637e-04
-2.966625e-02 2.084235e-04
-2.956170e-02 2.075991e-04
-2.945715e-02 2.073086e-04
-2.935220e-02 2.066437e-04
-2.924769e-02 2.061498e-04
-2.914505e-02 2.071225e-04
-2.904192e-02 2.077649e-04
-2.893803e-02 2.082745e-04
-2.883396e-02 2.082775e-04
-2.872936e-02 2.073851e-04
-2.862424e-02 2.076520e-04
-2.851883e-02 2.086800e-04
-2.841495e-02 2.081277e-04
-2.831163e-02 2.067209e-04
-2.820854e-02 2.060722e-04
-2.810580e-02 2.048611e-04
-2.800101e-02 2.053776e-04
-2.789590e-02 2.062855e-04
-2.779149e-02 2.064773e-04
-2.768742e-02 2.075925e-04
-2.758411e-02 2.075397e-04
-2.748064e-02 2.079000e-04
-2.737754e-02 2.078039e-04
-2.727427e-02 2.064611e-04
-2.717002e-02 2.065678e-04
-2.706553e-02 2.064690e-04
-2.696054e-02 2.064493e-04
-2.685654e-02 2.080391e-04
-2.675361e-02 2.082546e-04
-2.665025e-02 2.089454e-04
-2.654700e-02 2.091361e-04
-2.644290e-02 2.074813e-04
-2.633856e-02 2.070335e-04
-2.623465e-02 2.065142e-04
-2.613047e-02 2.062118e-04
-2.602662e-02 2.059269e-04
-2.592332e-02 2.057740e-04
-2.582064e-02 2.063866e-04
-2.571708e-02 2.071400e-04
-2.561284e-02 2.089050e-04
-2.550895e-02 2.093358e-04
-2.540468e-02 2.091189e-04
-2.530119e-02 2.085776e-04
-2.519779e-02 2.072444e-04
-2.509404e-02 2.066995e-04
-2.499091e-02 2.062226e-04
-2.488796e-02 2.062226e-04
-2.478445e-02 2.060755e-04
-2.467989e-02 2.066602e-04
-2.457523e-02 2.073520e-04
-2.447126e-02 2.071839e-04
-2.436792e-02 2.077458e-04
-2.426525e-02 2.072562e-04
-2.416207e-02 2.050306e-04
-2.405865e-02 2.046518e-04
-2.395562e-02 2.042551e-04
-2.385187e-02 2.045407e-04
-2.374778e-02 2.055277e-04
-2.364394e-02 2.057351e-04
-2.354128e-02 2.075178e-04
-2.343870e-02 2.081149e-04
-2.333520e-02 2.082312e-04
-2.323155e-02 2.080772e-04
-2.312714e-02 2.063874e-04
-2.302309e-02 2.058508e-04
-2.291893e-02 2.049655e-04
-2.281470e-02 2.046884e-04
-2.271207e-02 2.057987e-04
-2.260939e-02 2.062271e-04
-2.250636e-02 2.068374e-04
-2.240344e-02 2.069930e-04
-2.230020e-02 2.069000e-04
-2.219643e-02 2.069080e-04
-2.209214e-02 2.060770e-04
-2.198848e-02 2.056774e-04
-2.188509e-02 2.057720e-04
-2.178171e-02 2.057981e-04
-2.167932e-02 2.067418e-04
-2.157667e-02 2.072357e-04
-2.147339e-02 2.075612e-04
-2.136949e-02 2.077696e-04
-2.126526e-02 2.077906e-04
-2.116220e-02 2.073777e-04
-2.105942e-02 2.066940e-04
-2.095704e-02 2.062061e-04
-2.085429e-02 2.050067e-04
-2.075050e-02 2.051989e-04
-2.064712e-02 2.056446e-04
-2.054388e-02 2.057213e-04
-2.044055e-02 2.057930e-04
-2.033649e-02 2.059814e-04
-2.023290e-02 2.072913e-04
-2.013083e-02 2.071308e-04
-2.002788e-02 2.060069e-04
-1.992432e-02 2.059755e-04
-1.982091e-02 2.053690e-04
-1.971707e-02 2.054067e-04
-1.961364e-02 2.061876e-04
-1.951022e-02 2.061785e-04
-1.940724e-02 2.068738e-04
-1.930486e-02 2.070434e-04
-1.920197e-02 2.066677e-04
-1.909904e-02 2.065552e-04
-1.899537e-02 2.057743e-04
-1.889141e-02 2.056630e-04
-1.878805e-02 2.055854e-04
-1.868512e-02 2.053036e-04
-1.858298e-02 2.058403e-04
-1.848017e-02 2.061605e-04
-1.837702e-02 2.065034e-04
-1.827410e-02 2.067738e-04
-1.817001e-02 2.063592e-04
-1.806597e-02 2.061795e-04
-1.796297e-02 2.066213e-04
-1.786042e-02 2.065062e-04
-1.775779e-02 2.060586e-04
-1.765477e-02 2.058565e-04
-1.755188e-02 2.055276e-04
-1.744860e-02 2.059238e-04
-1.734492e-02 2.063513e-04
-1.724171e-02 2.062227e-04
-1.713848e-02 2.066162e-04
-1.703568e-02 2.065055e-04
-1.693320e-02 2.059687e-04
-1.683050e-02 2.059109e-04
-1.672753e-02 2.052986e-04
-1.662357e-02 2.053928e-04
-1.651989e-02 2.061252e-04
-1.641702e-02 2.061829e-04
-1.631392e-02 2.067429e-04
-1.621104e-02 2.068107e-04
-1.610855e-02 2.068572e-04
-1.600614e-02 2.068230e-04
-1.590314e-02 2.057360e-04
-1.579935e-02 2.055328e-04
-1.569577e-02 2.052968e-04
-1.559265e-02 2.052079e-04
-1.549001e-02 2.057530e-04
-1.538785e-02 2.056661e-04
-1.528518e-02 2.053666e-04
-1.518178e-02 2.057038e-04
-1.507853e-02 2.061262e-04
-1.497560e-02 2.060802e-04
-1.487252e-02 2.056829e-04
-1.476927e-02 2.053640e-04
-1.466662e-02 2.054900e-04
-1.456436e-02 2.055810e-04
-1.446152e-02 2.056314e-04
-1.435829e-02 2.058795e-04
-1.425504e-02 2.057574e-04
-1.415179e-02 2.057121e-04
-1.404880e-02 2.060047e-04
-1.394580e-02 2.058318e-04
-1.384309e-02 2.058440e-04
-1.374101e-02 2.057606e-04
-1.363850e-02 2.048399e-04
-1.353544e-02 2.048399e-04
-1.343200e-02 2.049694e-04
-1.332841e-02 2.051001e-04
-1.322576e-02 2.062357e-04
-1.312364e-02 2.063201e-04
-1.302142e-02 2.063840e-04
-1.291877e-02 2.063864e-04
-1.281580e-02 2.058567e-04
-1.271293e-02 2.058852e-04
-1.260921e-02 2.053259e-04
-1.250571e-02 2.049915e-04
-1.240345e-02 2.053597e-04
-1.230119e-02 2.054965e-04
-1.219885e-02 2.057445e-04
-1.209646e-02 2.058645e-04
-1.199375e-02 2.056668e-04
-1.189043e-02 2.056847e-04
-1.178693e-02 2.054422e-04
-1.168390e-02 2.053512e-04
-1.158081e-02 2.057739e-04
-1.147809e-02 2.057054e-04
-1.137591e-02 2.056434e-04
-1.127346e-02 2.057864e-04
-1.117075e-02 2.057496e-04
-1.106741e-02 2.058321e-04
-1.096399e-02 2.059242e-04
-1.086137e-02 2.057560e-04
-1.075905e-02 2.057946e-04
-1.065701e-02 2.056466e-04
-1.055446e-02 2.051729e-04
-1.045144e-02 2.052867e-04
-1.034854e-02 2.050348e-04
-1.024573e-02 2.048946e-04
-1.014303e-02 2.046930e-04
-1.003983e-02 2.046375e-04
-9.937086e-03 2.052352e-04
-9.835029e-03 2.053172e-04
-9.732414e-03 2.053918e-04
-9.629567e-03 2.055579e-04
-9.526741e-03 2.052770e-04
-9.424060e-03 2.050886e-04
-9.321537e-03 2.048309e-04
-9.218363e-03 2.048504e-04
-9.115468e-03 2.053702e-04
-9.013335e-03 2.053793e-04
-8.911065e-03 2.051751e-04
-8.808455e-03 2.053051e-04
-8.705275e-03 2.054951e-04
-8.602211e-03 2.054950e-04
-8.499666e-03 2.055822e-04
-8.397378e-03 2.054587e-04
-8.295198e-03 2.052959e-04
-8.192549e-03 2.052396e-04
-8.089904e-03 2.050885e-04
-7.987555e-03 2.051351e-04
-7.884458e-03 2.047901e-04
-7.781177e-03 2.047755e-04
-7.678762e-03 2.054014e-04
-7.576554e-03 2.055018e-04
-7.474247e-03 2.056161e-04
-7.371658e-03 2.055477e-04
-7.268890e-03 2.050600e-04
-7.166460e-03 2.049606e-04
-7.063973e-03 2.045889e-04
-6.961335e-03 2.045444e-04
-6.858640e-03 2.050976e-04
-6.756048e-03 2.052353e-04
-6.653770e-03 2.053652e-04
-6.551555e-03 2.053735e-04
-6.449198e-03 2.051604e-04
-6.346312e-03 2.051227e-04
-6.243296e-03 2.048050e-04
-6.140850e-03 2.046284e-04
-6.038127e-03 2.044521e-04
-5.935343e-03 2.044263e-04
-5.833288e-03 2.047984e-04
-5.731201e-03 2.049518e-04
-5.628957e-03 2.051165e-04
-5.526197e-03 2.052064e-04
-5.423193e-03 2.050501e-04
-5.320674e-03 2.049820e-04
-5.218342e-03 2.051034e-04
-5.116277e-03 2.049873e-04
-5.013779e-03 2.047180e-04
-4.911037e-03 2.047677e-04
-4.808699e-03 2.048064e-04
-4.706271e-03 2.048741e-04
-4.603935e-03 2.052132e-04
-4.501297e-03 2.052369e-04
-4.398616e-03 2.052324e-04
-4.296592e-03 2.051170e-04
-4.194070e-03 2.047417e-04
-4.091334e-03 2.047343e-04
-3.988997e-03 2.046045e-04
-3.886515e-03 2.046450e-04
-3.784138e-03 2.049317e-04
-3.681420e-03 2.049606e-04
-3.578717e-03 2.050672e-04
-3.476570e-03 2.050519e-04
-3.374425e-03 2.050133e-04
-3.272265e-03 2.050078e-04
-3.169525e-03 2.047983e-04
-3.066665e-03 2.047945e-04
-2.964335e-03 2.048933e-04
-2.862126e-03 2.048563e-04
-2.759999e-03 2.048893e-04
-2.657411e-03 2.048980e-04
-2.554798e-03 2.048795e-04
-2.452666e-03 2.048635e-04
-2.350508e-03 2.047769e-04
-2.248257e-03 2.048012e-04
-2.145491e-03 2.047843e-04
-2.042779e-03 2.047463e-04
-1.940660e-03 2.048567e-04
-1.838567e-03 2.048811e-04
-1.736402e-03 2.048288e-04
-1.633742e-03 2.048285e-04
-1.531052e-03 2.047796e-04
-1.428815e-03 2.047692e-04
-1.326189e-03 2.048646e-04
-1.223562e-03 2.048990e-04
-1.121361e-03 2.049300e-04
-1.019230e-03 2.048993e-04
-9.171182e-04 2.048470e-04
-8.144984e-04 2.048544e-04
-7.117939e-04 2.047341e-04
-6.095106e-04 2.047167e-04
-5.073398e-04 2.048554e-04
-4.052225e-04 2.048734e-04
-3.025679e-04 2.048028e-04
-1.999400e-04 2.047843e-04
-9.783073e-05 2.047360e-04
4.221727e-06 2.047159e-04
1.061999e-04 2.046968e-04
2.087503e-04 2.047861e-04
3.113680e-04 2.048572e-04
4.135308e-04 2.048886e-04
5.161974e-04 2.049109e-04
6.188338e-04 2.049008e-04
7.210118e-04 2.048621e-04
8.232248e-04 2.048690e-04
9.254226e-04 2.049136e-04
1.028046e-03 2.049063e-04
1.130700e-03 2.048359e-04
1.233035e-03 2.048977e-04
1.335836e-03 2.050670e-04
1.438511e-03 2.050522e-04
1.540697e-03 2.050503e-04
1.642902e-03 2.050607e-04
1.745144e-03 2.050278e-04
1.847841e-03 2.050099e-04
1.950555e-03 2.049314e-04
2.052868e-03 2.049418e-04
2.155219e-03 2.049110e-04
2.257581e-03 2.049075e-04
2.360280e-03 2.051118e-04
2.462919e-03 2.051492e-04
2.565167e-03 2.051299e-04
2.667989e-03 2.051883e-04
2.770941e-03 2.051344e-04
2.873339e-03 2.050621e-04
2.975619e-03 2.050583e-04
3.077971e-03 2.050993e-04
3.180789e-03 2.052094e-04
3.283575e-03 2.052296e-04
3.385934e-03 2.052219e-04
3.488364e-03 2.052616e-04
3.590850e-03 2.052791e-04
3.693840e-03 2.053088e-04
3.796779e-03 2.054759e-04
3.899056e-03 2.054182e-04
4.001841e-03 2.051871e-04
4.104706e-03 2.051516e-04
4.207090e-03 2.050800e-04
4.309626e-03 2.051462e-04
4.412159e-03 2.053361e-04
4.515185e-03 2.054200e-04
4.618176e-03 2.057082e-04
4.720418e-03 2.056422e-04
4.822671e-03 2.054399e-04
4.925043e-03 2.054379e-04
5.027998e-03 2.052376e-04
5.131011e-03 2.052009e-04
5.233617e-03 2.050032e-04
5.336829e-03 2.050177e-04
5.439794e-03 2.054715e-04
5.542158e-03 2.055535e-04
5.644569e-03 2.057018e-04
5.747010e-03 2.057727e-04
5.850150e-03 2.055814e-04
5.953342e-03 2.055438e-04
6.056129e-03 2.053365e-04
6.158842e-03 2.052171e-04
6.261277e-03 2.053509e-04
6.364172e-03 2.053959e-04
6.467067e-03 2.055202e-04
6.569713e-03 2.056947e-04
6.672912e-03 2.060354e-04
6.775999e-03 2.060908e-04
6.878799e-03 2.059436e-04
6.981414e-03 2.057796e-04
7.083815e-03 2.056827e-04
7.186700e-03 2.056585e-04
7.289676e-03 2.054386e-04
7.392373e-03 2.054713e-04
7.495082e-03 2.055406e-04
7.597940e-03 2.056539e-04
7.701157e-03 2.061455e-04
7.804242e-03 2.062436e-04
7.906947e-03 2.063714e-04
8.009852e-03 2.062568e-04
8.112813e-03 2.058434e-04
8.215467e-03 2.057905e-04
8.318458e-03 2.050855e-04
8.421817e-03 2.050522e-04
8.525129e-03 2.058120e-04
8.628241e-03 2.059655e-04
8.730872e-03 2.064151e-04
8.833335e-03 2.064765e-04
8.936019e-03 2.062788e-04
9.039385e-03 2.063365e-04
9.143056e-03 2.059892e-04
9.245988e-03 2.057007e-04
9.349201e-03 2.052050e-04
9.452626e-03 2.051540e-04
9.555142e-03 2.057528e-04
9.657711e-03 2.060005e-04
9.760637e-03 2.060935e-04
9.864293e-03 2.062847e-04
9.968063e-03 2.066260e-04
1.007109e-02 2.065836e-04
1.017453e-02 2.065524e-04
1.027756e-02 2.062919e-04
1.038001e-02 2.057609e-04
1.048288e-02 2.058307e-04
1.058591e-02 2.057784e-04
1.068973e-02 2.059524e-04
1.079345e-02 2.065939e-04
1.089673e-02 2.068407e-04
1.099993e-02 2.076440e-04
1.110234e-02 2.074535e-04
1.120544e-02 2.065436e-04
1.130901e-02 2.064946e-04
1.141222e-02 2.061885e-04
1.151559e-02 2.061829e-04
1.161905e-02 2.060452e-04
1.172302e-02 2.060309e-04
1.182624e-02 2.072517e-04
1.192875e-02 2.075458e-04
1.203227e-02 2.074606e-04
1.213574e-02 2.073985e-04
1.223911e-02 2.066214e-04
1.234272e-02 2.064917e-04
1.244624e-02 2.062805e-04
1.255000e-02 2.060615e-04
1.265312e-02 2.065012e-04
1.275576e-02 2.066493e-04
1.285896e-02 2.068994e-04
1.296269e-02 2.073017e-04
1.306660e-02 2.073172e-04
1.317023e-02 2.071484e-04
1.327366e-02 2.070128e-04
1.337706e-02 2.066708e-04
1.348043e-02 2.057877e-04
1.358361e-02 2.056347e-04
1.368644e-02 2.057831e-04
1.378990e-02 2.062140e-04
1.389426e-02 2.066930e-04
1.399838e-02 2.067227e-04
1.410179e-02 2.072170e-04
1.420545e-02 2.072707e-04
1.430902e-02 2.075939e-04
1.441184e-02 2.075514e-04
1.451501e-02 2.068695e-04
1.461850e-02 2.068146e-04
1.472261e-02 2.064021e-04
1.482705e-02 2.064568e-04
1.493079e-02 2.070188e-04
1.503423e-02 2.070453e-04
1.513720e-02 2.078961e-04
1.524029e-02 2.079858e-04
1.534377e-02 2.075635e-04
1.544722e-02 2.076712e-04
1.555145e-02 2.074618e-04
1.565580e-02 2.074631e-04
1.575990e-02 2.071046e-04
1.586355e-02 2.067062e-04
1.596635e-02 2.070221e-04
1.606971e-02 2.071946e-04
1.617332e-02 2.072695e-04
1.627695e-02 2.075906e-04
1.638111e-02 2.075906e-04
1.648511e-02 2.074871e-04
1.658919e-02 2.078366e-04
1.669275e-02 2.076524e-04
1.679597e-02 2.069237e-04
1.689968e-02 2.066707e-04
1.700344e-02 2.058864e-04
1.710752e-02 2.060824e-04
1.721159e-02 2.066622e-04
1.731566e-02 2.068749e-04
1.741999e-02 2.078139e-04
1.752375e-02 2.078061e-04
1.762704e-02 2.077712e-04
1.773021e-02 2.076818e-04
1.783371e-02 2.068621e-04
1.793834e-02 2.069579e-04
1.804306e-02 2.070777e-04
1.814684e-02 2.068414e-04
1.825054e-02 2.070975e-04
1.835456e-02 2.073783e-04
1.845805e-02 2.082523e-04
1.856145e-02 2.085160e-04
1.866552e-02 2.081362e-04
1.877019e-02 2.080699e-04
1.887506e-02 2.075334e-04
1.897915e-02 2.071524e-04
1.908282e-02 2.075727e-04
1.918622e-02 2.075587e-04
1.928941e-02 2.070878e-04
1.939373e-02 2.076013e-04
1.949818e-02 2.088106e-04
1.960276e-02 2.090340e-04
1.970747e-02 2.094164e-04
1.981092e-02 2.090772e-04
1.991430e-02 2.082315e-04
2.001776e-02 2.079681e-04
2.012175e-02 2.071465e-04
2.022668e-02 2.074197e-04
2.033123e-02 2.080224e-04
2.043539e-02 2.080008e-04
2.053921e-02 2.084969e-04
2.064331e-02 2.085581e-04
2.074711e-02 2.092170e-04
2.085001e-02 2.091934e-04
2.095417e-02 2.078097e-04
2.105881e-02 2.075998e-04
2.116325e-02 2.065669e-04
2.126792e-02 2.063331e-04
2.137182e-02 2.069630e-04
2.147623e-02 2.072085e-04
2.158024e-02 2.085465e-04
2.168325e-02 2.087078e-04
2.178744e-02 2.079647e-04
2.189241e-02 2.081656e-04
2.199738e-02 2.079389e-04
2.210158e-02 2.073947e-04
2.220517e-02 2.069025e-04
2.230911e-02 2.066500e-04
2.241254e-02 2.067829e-04
2.251656e-02 2.074614e-04
2.262127e-02 2.081914e-04
2.272573e-02 2.083033e-04
2.283104e-02 2.079868e-04
2.293598e-02 2.076526e-04
2.303937e-02 2.085053e-04
2.314283e-02 2.085594e-04
2.324694e-02 2.075956e-04
2.335136e-02 2.077082e-04
2.345582e-02 2.079316e-04
2.356064e-02 2.082208e-04
2.366568e-02 2.094379e-04
2.377013e-02 2.095270e-04
2.387366e-02 2.105405e-04
2.397686e-02 2.107142e-04
2.408128e-02 2.091735e-04
2.418659e-02 2.088732e-04
2.429158e-02 2.085782e-04
2.439606e-02 2.084475e-04
2.450093e-02 2.082232e-04
2.460552e-02 2.079788e-04
2.470889e-02 2.085486e-04
2.481281e-02 2.090837e-04
2.491711e-02 2.099383e-04
2.502180e-02 2.101904e-04
2.512749e-02 2.092177e-04
2.523258e-02 2.087923e-04
2.533690e-02 2.088847e-04
2.544115e-02 2.088778e-04
2.554558e-02 2.093628e-04
2.564958e-02 2.092772e-04
2.575350e-02 2.083663e-04
2.585915e-02 2.087946e-04
2.596516e-02 2.094016e-04
2.606962e-02 2.089775e-04
2.617332e-02 2.090719e-04
2.627689e-02 2.090295e-04
2.638139e-02 2.081500e-04
2.648605e-02 2.079265e-04
2.659048e-02 2.068916e-04
2.669643e-02 2.074316e-04
2.680235e-02 2.089722e-04
2.690744e-02 2.087378e-04
2.701149e-02 2.098050e-04
2.711496e-02 2.101247e-04
2.721904e-02 2.107900e-04
2.732334e-02 2.111547e-04
2.742884e-02 2.093563e-04
2.753435e-02 2.087180e-04
2.763911e-02 2.082238e-04
2.774452e-02 2.081631e-04
2.784911e-02 2.093859e-04
2.795275e-02 2.095457e-04
2.805730e-02 2.092745e-04
2.816256e-02 2.096051e-04
2.826776e-02 2.098240e-04
2.837301e-02 2.099266e-04
2.847835e-02 2.100545e-04
2.858368e-02 2.098118e-04
2.868810e-02 2.106531e-04
2.879151e-02 2.106294e-04
2.889558e-02 2.094448e-04
2.900119e-02 2.099377e-04
2.910747e-02 2.109942e-04
2.921325e-02 2.110816e-04
2.931868e-02 2.111262e-04
2.942296e-02 2.104508e-04
2.952644e-02 2.098946e-04
2.963087e-02 2.099744e-04
2.973650e-02 2.081890e-04
2.984223e-02 2.078880e-04
2.994791e-02 2.079158e-04
3.005416e-02 2.082660e-04
3.015879e-02 2.111361e-04
3.026228e-02 2.114814e-04
3.036666e-02 2.109621e-04
3.047179e-02 2.109407e-04
3.057759e-02 2.097527e-04
3.068373e-02 2.098076e-04
3.079015e-02 2.102728e-04
3.089533e-02 2.096902e-04
3.099909e-02 2.096204e-04
3.110326e-02 2.098360e-04
3.120819e-02 2.091557e-04
3.131411e-02 2.092149e-04
3.142009e-02 2.092839e-04
3.152554e-02 2.092818e-04
3.163111e-02 2.090835e-04
3.173557e-02 2.083418e-04
3.183963e-02 2.077211e-04
3.194514e-02 2.083716e-04
3.205052e-02 2.096293e-04
3.215585e-02 2.100591e-04
3.226161e-02 2.105358e-04
3.236773e-02 2.106345e-04
3.247291e-02 2.124736e-04
3.257646e-02 2.124493e-04
3.268163e-02 2.104958e-04
3.278730e-02 2.100901e-04
3.289253e-02 2.088886e-04
3.299902e-02 2.092137e-04
3.310536e-02 2.103686e-04
3.321135e-02 2.102852e-04
3.331655e-02 2.113664e-04
3.342090e-02 2.115326e-04
3.352599e-02 2.115638e-04
3.363165e-02 2.119205e-04
3.373808e-02 2.108353e-04
3.384475e-02 2.105876e-04
3.395054e-02 2.113589e-04
3.405585e-02 2.110559e-04
3.416061e-02 2.111229e-04
3.426543e-02 2.114725e-04
3.437031e-02 2.123393e-04
3.447586e-02 2.130491e-04
3.458358e-02 2.122044e-04
3.469111e-02 2.117872e-04
3.479689e-02 2.127464e-04
3.490156e-02 2.121411e-04
3.500611e-02 2.106763e-04
3.511043e-02 2.103037e-04
3.521511e-02 2.086760e-04
3.532220e-02 2.095337e-04
3.542964e-02 2.121399e-04
3.553585e-02 2.123479e-04
3.564150e-02 2.130727e-04
3.574598e-02 2.126325e-04
3.585048e-02 2.113747e-04
3.595624e-02 2.113922e-04
3.606280e-02 2.101126e-04
3.616956e-02 2.100584e-04
3.627635e-02 2.106500e-04
3.638267e-02 2.105815e-04
3.648779e-02 2.116008e-04
3.659233e-02 2.116245e-04
3.669700e-02 2.114947e-04
3.680284e-02 2.118725e-04
3.691038e-02 2.101236e-04
3.701739e-02 2.094702e-04
3.712346e-02 2.092236e-04
3.722975e-02 2.092660e-04
3.733556e-02 2.109805e-04
3.744060e-02 2.111363e-04
3.754532e-02 2.112990e-04
3.765202e-02 2.122520e-04
3.775945e-02 2.136609e-04
3.786555e-02 2.136588e-04
3.797198e-02 2.131021e-04
3.807707e-02 2.120977e-04
3.818171e-02 2.108598e-04
3.828770e-02 2.112224e-04
3.839399e-02 2.109221e-04
3.850101e-02 2.112507e-04
3.860883e-02 2.108359e-04
3.871697e-02 2.105930e-04
3.882284e-02 2.136883e-04
3.892678e-02 2.139253e-04
3.903263e-02 2.121866e-04
3.913973e-02 2.123041e-04
3.924660e-02 2.121975e-04
3.935339e-02 2.121068e-04
3.945977e-02 2.125273e-04
3.956645e-02 2.125631e-04
3.967191e-02 2.146659e-04
3.977639e-02 2.151177e-04
3.988292e-02 2.137572e-04
3.999024e-02 2.137398e-04
4.009724e-02 2.134142e-04
4.020362e-02 2.129210e-04
4.030969e-02 2.120625e-04
4.041546e-02 2.112837e-04
4.052007e-02 2.110429e-04
4.062598e-02 2.120182e-04
4.073255e-02 2.136170e-04
4.083924e-02 2.142676e-04
4.094780e-02 2.137836e-04
4.105541e-02 2.130446e-04
4.116112e-02 2.133683e-04
4.126624e-02 2.131380e-04
4.137171e-02 2.119384e-04
4.147790e-02 2.116550e-04
4.158431e-02 2.104917e-04
4.169209e-02 2.111701e-04
4.180102e-02 2.119110e-04
4.190874e-02 2.114518e-04
4.201366e-02 2.140447e-04
4.211811e-02 2.146908e-04
4.222412e-02 2.138633e-04
4.233041e-02 2.134408e-04
4.243743e-02 2.110423e-04
4.254555e-02 2.111229e-04
4.265393e-02 2.117114e-04
4.276102e-02 2.111470e-04
4.286568e-02 2.128136e-04
4.297052e-02 2.135196e-04
4.307593e-02 2.145332e-04
4.318351e-02 2.159110e-04
4.329307e-02 2.164506e-04
4.340039e-02 2.156026e-04
4.350705e-02 2.143525e-04
4.361305e-02 2.135030e-04
4.371855e-02 2.127737e-04
4.382487e-02 2.129984e-04
4.393252e-02 2.105915e-04
4.404295e-02 2.111029e-04
4.415239e-02 2.141640e-04
4.425968e-02 2.142565e-04
4.436624e-02 2.157108e-04
4.447138e-02 2.153869e-04
4.457749e-02 2.136892e-04
4.468394e-02 2.132753e-04
4.479066e-02 2.108452e-04
4.489949e-02 2.112317e-04
4.500719e-02 2.141773e-04
4.511413e-02 2.144827e-04
4.522185e-02 2.140084e-04
4.533213e-02 2.156586e-04
4.544454e-02 2.175224e-04
4.555347e-02 2.161102e-04
4.566124e-02 2.132809e-04
4.576916e-02 2.123460e-04
4.587647e-02 2.107725e-04
4.598413e-02 2.101347e-04
4.608915e-02 2.127778e-04
4.619400e-02 2.139233e-04
4.630033e-02 2.146630e-04
4.640744e-02 2.153984e-04
4.651616e-02 2.155601e-04
4.662631e-02 2.164789e-04
4.673728e-02 2.168646e-04
4.684433e-02 2.143602e-04
4.694809e-02 2.128805e-04
4.705330e-02 2.135047e-04
4.716026e-02 2.123067e-04
4.726906e-02 2.129670e-04
4.737739e-02 2.163811e-04
4.748420e-02 2.166996e-04
4.759058e-02 2.174864e-04
4.769537e-02 2.168139e-04
4.780002e-02 2.151918e-04
4.791086e-02 2.180310e-04
4.802732e-02 2.165597e-04
4.813866e-02 2.132516e-04
4.824471e-02 2.136628e-04
4.835100e-02 2.139573e-04
4.845531e-02 2.172964e-04
4.856027e-02 2.188905e-04
4.866764e-02 2.192820e-04
4.877446e-02 2.187933e-04
4.888247e-02 2.154452e-04
4.899063e-02 2.146208e-04
4.909846e-02 2.136784e-04
4.920588e-02 2.130911e-04
4.931229e-02 2.123411e-04
4.942003e-02 2.128789e-04
4.952702e-02 2.156405e-04
4.963432e-02 2.165199e-04
4.974302e-02 2.165930e-04
4.985049e-02 2.161676e-04
4.995700e-02 2.165605e-04
5.006124e-02 2.153343e-04
5.016572e-02 2.123219e-04
5.027250e-02 2.126092e-04
5.037920e-02 2.127255e-04
5.048872e-02 2.144606e-04
5.060008e-02 2.162027e-04
5.071237e-02 2.170852e-04
5.082373e-02 2.210727e-04
5.092958e-02 2.194990e-04
5.103424e-02 2.179183e-04
5.113869e-02 2.172080e-04
5.124531e-02 2.107897e-04
5.135474e-02 2.101751e-04
5.146148e-02 2.129753e-04
5.156796e-02 2.135363e-04
5.167306e-02 2.173886e-04
5.177810e-02 2.190381e-04
5.188688e-02 2.182303e-04
5.199841e-02 2.195959e-04
