-4.398642e-02 9.095425e-04
-4.354389e-02 8.976280e-04
-4.309317e-02 8.987399e-04
-4.264179e-02 8.993645e-04
-4.219094e-02 8.987777e-04
-4.174037e-02 8.989673e-04
-4.128897e-02 9.000221e-04
-4.083877e-02 9.035823e-04
-4.038688e-02 9.058767e-04
-3.993163e-02 9.066425e-04
-3.947643e-02 9.063904e-04
-3.902125e-02 9.070808e-04
-3.857005e-02 9.054285e-04
-3.812052e-02 9.022416e-04
-3.767076e-02 9.012309e-04
-3.722130e-02 8.989219e-04
-3.676890e-02 8.993591e-04
-3.631547e-02 9.002119e-04
-3.586254e-02 9.007157e-04
-3.541017e-02 9.017040e-04
-3.496023e-02 9.001173e-04
-3.451229e-02 8.990693e-04
-3.406619e-02 8.980837e-04
-3.361915e-02 8.951305e-04
-3.317148e-02 8.944395e-04
-3.272513e-02 8.933489e-04
-3.227851e-02 8.926238e-04
-3.183065e-02 8.898854e-04
-3.138621e-02 8.873341e-04
-3.094406e-02 8.827237e-04
-3.050209e-02 8.809567e-04
-3.006312e-02 8.810495e-04
-2.962251e-02 8.815830e-04
-2.917995e-02 8.811381e-04
-2.873692e-02 8.817421e-04
-2.829465e-02 8.833646e-04
-2.785266e-02 8.837853e-04
-2.741085e-02 8.852512e-04
-2.696453e-02 8.879934e-04
-2.651774e-02 8.961466e-04
-2.606845e-02 9.010612e-04
-2.561554e-02 9.073038e-04
-2.515963e-02 9.108522e-04
-2.470108e-02 9.176942e-04
-2.424208e-02 9.209292e-04
-2.378205e-02 9.268159e-04
-2.332108e-02 9.295052e-04
-2.285715e-02 9.320424e-04
-2.239136e-02 9.335579e-04
-2.192223e-02 9.335986e-04
-2.145562e-02 9.326137e-04
-2.098953e-02 9.293474e-04
-2.052673e-02 9.261970e-04
-2.006609e-02 9.210491e-04
-1.960693e-02 9.178062e-04
-1.914848e-02 9.113742e-04
-1.869318e-02 9.076658e-04
-1.824099e-02 9.011565e-04
-1.779085e-02 8.975756e-04
-1.734363e-02 8.924992e-04
-1.689733e-02 8.896388e-04
-1.645300e-02 8.863378e-04
-1.601010e-02 8.847779e-04
-1.556849e-02 8.812564e-04
-1.512730e-02 8.792558e-04
-1.468690e-02 8.763473e-04
-1.424809e-02 8.748227e-04
-1.381176e-02 8.733917e-04
-1.337597e-02 8.725530e-04
-1.294077e-02 8.712109e-04
-1.250372e-02 8.713632e-04
-1.206603e-02 8.720245e-04
-1.163002e-02 8.717254e-04
-1.120267e-02 8.840112e-04
-1.078368e-02 8.834115e-04
-1.035626e-02 8.676699e-04
-9.922705e-03 8.652087e-04
-9.490440e-03 8.618303e-04
-9.060915e-03 8.594387e-04
-8.633199e-03 8.545074e-04
-8.205424e-03 8.523029e-04
-7.779232e-03 8.488273e-04
-7.354630e-03 8.470857e-04
-6.931124e-03 8.453535e-04
-6.509420e-03 8.436472e-04
-6.089313e-03 8.402900e-04
-5.671720e-03 8.371173e-04
-5.254338e-03 8.299233e-04
-4.840156e-03 8.258661e-04
-4.429105e-03 8.185600e-04
-4.019707e-03 8.149359e-04
-3.613840e-03 8.107607e-04
-3.208821e-03 8.083090e-04
-2.805007e-03 8.047313e-04
-2.402994e-03 8.028005e-04
-2.003183e-03 7.998882e-04
-1.604205e-03 7.983384e-04
-1.206306e-03 7.958321e-04
-8.080626e-04 7.948249e-04
-4.101767e-04 7.933652e-04
-1.252121e-05 7.932996e-04
3.837955e-04 7.936878e-04
7.818791e-04 7.946205e-04
1.180661e-03 7.969126e-04
1.579751e-03 7.983572e-04
1.978792e-03 8.012450e-04
2.380116e-03 8.032167e-04
2.782556e-03 8.068254e-04
3.186391e-03 8.093999e-04
3.592496e-03 8.139978e-04
4.001474e-03 8.173814e-04
4.411252e-03 8.242148e-04
4.824779e-03 8.284733e-04
5.241665e-03 8.359547e-04
5.659843e-03 8.398789e-04
6.080330e-03 8.456678e-04
6.503220e-03 8.487326e-04
6.928607e-03 8.530737e-04
7.354213e-03 8.552316e-04
7.782009e-03 8.588727e-04
8.212049e-03 8.615319e-04
8.643165e-03 8.658218e-04
9.076256e-03 8.680780e-04
9.511293e-03 8.724124e-04
9.948045e-03 8.754772e-04
1.038617e-02 8.803881e-04
1.082572e-02 8.825349e-04
1.126700e-02 8.856085e-04
1.170786e-02 8.869413e-04
1.215166e-02 8.870803e-04
1.259613e-02 8.875381e-04
1.304049e-02 8.876715e-04
1.348618e-02 8.880374e-04
1.393200e-02 8.901902e-04
1.437775e-02 8.914078e-04
1.482342e-02 8.935566e-04
1.527227e-02 8.957427e-04
1.572257e-02 9.007425e-04
1.617477e-02 9.041685e-04
1.662800e-02 9.105919e-04
1.708238e-02 9.135978e-04
1.753940e-02 9.175455e-04
1.799886e-02 9.199250e-04
1.845994e-02 9.252091e-04
1.892526e-02 9.301533e-04
1.939323e-02 9.380467e-04
1.986588e-02 9.431821e-04
2.034190e-02 9.532648e-04
2.081783e-02 9.573571e-04
2.129715e-02 9.616297e-04
2.177642e-02 9.626218e-04
2.225685e-02 9.634566e-04
2.273574e-02 9.633557e-04
2.321814e-02 9.586738e-04
2.369905e-02 9.560926e-04
2.417623e-02 9.536865e-04
2.465098e-02 9.508391e-04
2.512475e-02 9.459882e-04
2.559484e-02 9.425484e-04
2.606273e-02 9.352489e-04
2.652882e-02 9.310403e-04
2.699328e-02 9.220888e-04
2.745698e-02 9.189146e-04
2.791747e-02 9.168375e-04
2.837543e-02 9.145698e-04
2.883051e-02 9.116802e-04
2.928585e-02 9.102987e-04
2.974064e-02 9.087610e-04
3.019651e-02 9.093533e-04
3.065301e-02 9.085699e-04
3.111256e-02 9.096207e-04
3.157249e-02 9.132821e-04
3.203211e-02 9.149113e-04
3.249063e-02 9.198859e-04
3.294940e-02 9.218240e-04
3.340947e-02 9.250115e-04
3.387246e-02 9.273954e-04
3.433881e-02 9.298014e-04
3.480488e-02 9.310052e-04
3.527004e-02 9.344616e-04
3.573498e-02 9.350713e-04
3.620140e-02 9.357328e-04
3.666686e-02 9.359117e-04
3.713376e-02 9.326178e-04
3.760333e-02 9.330385e-04
3.807222e-02 9.353305e-04
3.854188e-02 9.361026e-04
3.901369e-02 9.360852e-04
3.948305e-02 9.351243e-04
3.995053e-02 9.341708e-04
4.041998e-02 9.344945e-04
4.089033e-02 9.353068e-04
4.136073e-02 9.361437e-04
4.183190e-02 9.357859e-04
4.230338e-02 9.353372e-04
4.277308e-02 9.370505e-04
4.324034e-02 9.367117e-04
4.370849e-02 9.357082e-04
4.417608e-02 9.350063e-04
.108880e-03 1.718298e-04
