-4.893393e-02 2.403192e-04
-4.886821e-02 2.191055e-04
-4.878655e-02 2.207655e-04
-4.870036e-02 2.177365e-04
-4.861193e-02 2.182981e-04
-4.852048e-02 2.156633e-04
-4.842577e-02 2.166457e-04
-4.832910e-02 2.153145e-04
-4.823039e-02 2.160595e-04
-4.813005e-02 2.153832e-04
-4.802986e-02 2.147568e-04
-4.793015e-02 2.137886e-04
-4.783074e-02 2.135523e-04
-4.773073e-02 2.118979e-04
-4.762807e-02 2.128869e-04
-4.752355e-02 2.133335e-04
-4.741951e-02 2.132016e-04
-4.731579e-02 2.125719e-04
-4.721276e-02 2.119316e-04
-4.711127e-02 2.127241e-04
-4.700916e-02 2.130911e-04
-4.690591e-02 2.121851e-04
-4.680280e-02 2.120614e-04
-4.669781e-02 2.093691e-04
-4.659112e-02 2.094160e-04
-4.648571e-02 2.108886e-04
-4.638234e-02 2.101917e-04
-4.628004e-02 2.100386e-04
-4.617603e-02 2.107233e-04
-4.607018e-02 2.095480e-04
-4.596334e-02 2.100005e-04
-4.585693e-02 2.119650e-04
-4.575206e-02 2.117440e-04
-4.564708e-02 2.117319e-04
-4.554309e-02 2.111324e-04
-4.544016e-02 2.104251e-04
-4.533533e-02 2.113061e-04
-4.522827e-02 2.100311e-04
-4.511931e-02 2.104245e-04
-4.501038e-02 2.115657e-04
-4.490367e-02 2.109297e-04
-4.479925e-02 2.137899e-04
-4.469492e-02 2.147754e-04
-4.458882e-02 2.137871e-04
-4.448175e-02 2.140194e-04
-4.437317e-02 2.121302e-04
-4.426496e-02 2.109325e-04
-4.415921e-02 2.117068e-04
-4.405435e-02 2.117395e-04
-4.394919e-02 2.113312e-04
-4.384313e-02 2.117273e-04
-4.373587e-02 2.116501e-04
-4.362705e-02 2.125668e-04
-4.351776e-02 2.135279e-04
-4.340960e-02 2.131986e-04
-4.330227e-02 2.136908e-04
-4.319644e-02 2.126808e-04
-4.309149e-02 2.113298e-04
-4.298532e-02 2.118594e-04
-4.287849e-02 2.130379e-04
-4.277132e-02 2.136690e-04
-4.266220e-02 2.113555e-04
-4.255343e-02 2.103084e-04
-4.244740e-02 2.119728e-04
-4.234173e-02 2.120677e-04
-4.223524e-02 2.109682e-04
-4.212895e-02 2.107395e-04
-4.202130e-02 2.078447e-04
-4.191271e-02 2.073673e-04
-4.180478e-02 2.079338e-04
-4.169776e-02 2.075978e-04
-4.159341e-02 2.103318e-04
-4.148925e-02 2.112017e-04
-4.138362e-02 2.111533e-04
-4.127566e-02 2.122437e-04
-4.116542e-02 2.114877e-04
-4.105712e-02 2.103408e-04
-4.095026e-02 2.103567e-04
-4.084473e-02 2.095683e-04
-4.074015e-02 2.081635e-04
-4.063376e-02 2.087508e-04
-4.052738e-02 2.104231e-04
-4.041943e-02 2.116833e-04
-4.030975e-02 2.123053e-04
-4.020198e-02 2.116693e-04
-4.009555e-02 2.121335e-04
-3.998904e-02 2.123503e-04
-3.988176e-02 2.124811e-04
-3.977400e-02 2.128188e-04
-3.966520e-02 2.112164e-04
-3.955483e-02 2.115840e-04
-3.944528e-02 2.139615e-04
-3.933606e-02 2.143195e-04
-3.922754e-02 2.164683e-04
-3.912028e-02 2.167797e-04
-3.901254e-02 2.168472e-04
-3.890463e-02 2.169695e-04
-3.879499e-02 2.152454e-04
-3.868381e-02 2.155558e-04
-3.857208e-02 2.146877e-04
-3.846012e-02 2.145133e-04
-3.834912e-02 2.156217e-04
-3.823915e-02 2.151006e-04
-3.813019e-02 2.153325e-04
-3.801943e-02 2.167907e-04
-3.790626e-02 2.176633e-04
-3.779286e-02 2.181227e-04
-3.767984e-02 2.191981e-04
-3.756756e-02 2.191430e-04
-3.745668e-02 2.213462e-04
-3.734598e-02 2.217377e-04
-3.723365e-02 2.201308e-04
-3.711961e-02 2.208738e-04
-3.700431e-02 2.208352e-04
-3.688990e-02 2.202938e-04
-3.677614e-02 2.207204e-04
-3.666176e-02 2.212567e-04
-3.654837e-02 2.235586e-04
-3.643543e-02 2.241125e-04
-3.632022e-02 2.218532e-04
-3.620250e-02 2.222421e-04
-3.608569e-02 2.248544e-04
-3.596951e-02 2.257149e-04
-3.585237e-02 2.273383e-04
-3.573578e-02 2.275922e-04
-3.561987e-02 2.285611e-04
-3.550239e-02 2.298530e-04
-3.538403e-02 2.319611e-04
-3.526389e-02 2.334603e-04
-3.514152e-02 2.338946e-04
-3.501973e-02 2.340086e-04
-3.489902e-02 2.360906e-04
-3.477757e-02 2.372770e-04
-3.465444e-02 2.386612e-04
-3.452885e-02 2.406476e-04
-3.440150e-02 2.423237e-04
-3.427294e-02 2.436589e-04
-3.414368e-02 2.462263e-04
-3.401397e-02 2.470875e-04
-3.388489e-02 2.505562e-04
-3.375687e-02 2.515112e-04
-3.362534e-02 2.492671e-04
-3.349124e-02 2.500158e-04
-3.335705e-02 2.510060e-04
-3.322056e-02 2.527450e-04
-3.308446e-02 2.582189e-04
-3.294839e-02 2.598117e-04
-3.281165e-02 2.631378e-04
-3.267363e-02 2.654592e-04
-3.253275e-02 2.671503e-04
-3.238789e-02 2.701424e-04
-3.223906e-02 2.728546e-04
-3.208912e-02 2.745179e-04
-3.194048e-02 2.802495e-04
-3.178892e-02 2.840645e-04
-3.163507e-02 2.908308e-04
-3.147731e-02 2.952027e-04
-3.131531e-02 3.002945e-04
-3.115054e-02 3.041811e-04
-3.098227e-02 3.102968e-04
-3.080843e-02 3.158752e-04
-3.063429e-02 3.296831e-04
-3.045053e-02 3.404395e-04
-3.025904e-02 3.574057e-04
-3.005838e-02 3.684929e-04
-2.984746e-02 3.821971e-04
-2.963075e-02 3.910963e-04
-2.940570e-02 4.018993e-04
-2.917900e-02 4.067826e-04
-2.895133e-02 4.202810e-04
-2.873495e-02 4.183954e-04
-2.851058e-02 3.982008e-04
-2.828280e-02 3.929747e-04
-2.806060e-02 3.877585e-04
-2.783377e-02 3.881076e-04
-2.760943e-02 3.933098e-04
-2.738483e-02 3.958508e-04
-2.715966e-02 4.034412e-04
-2.693736e-02 4.044832e-04
-2.670943e-02 3.963953e-04
-2.647809e-02 3.955352e-04
-2.624972e-02 3.981027e-04
-2.602118e-02 3.985630e-04
-2.579044e-02 3.962985e-04
-2.556496e-02 3.928539e-04
-2.534140e-02 3.864634e-04
-2.511237e-02 3.874219e-04
-2.488463e-02 3.936392e-04
-2.465216e-02 3.987650e-04
-2.441510e-02 4.037875e-04
-2.417845e-02 4.053508e-04
-2.394013e-02 4.069222e-04
-2.360454e-02 4.651794e-04
-2.326704e-02 6.235723e-04
-2.305328e-02 6.071437e-04
-2.273626e-02 3.902047e-04
-2.241778e-02 3.127861e-04
-2.222850e-02 3.138414e-04
-2.205374e-02 3.055338e-04
-2.188157e-02 2.855292e-04
-2.171273e-02 2.763277e-04
-2.155648e-02 2.717993e-04
-2.140208e-02 2.686833e-04
-2.124854e-02 2.615721e-04
-2.109787e-02 2.576493e-04
-2.095083e-02 2.537429e-04
-2.080643e-02 2.507716e-04
-2.066656e-02 2.490742e-04
-2.052767e-02 2.478723e-04
-2.038961e-02 2.459056e-04
-2.025229e-02 2.444059e-04
-2.011489e-02 2.401836e-04
-1.997989e-02 2.375529e-04
-1.984761e-02 2.347929e-04
-1.971846e-02 2.319259e-04
-1.959242e-02 2.299813e-04
-1.946705e-02 2.288856e-04
-1.934185e-02 2.252447e-04
-1.921697e-02 2.237478e-04
-1.909360e-02 2.221008e-04
-1.897181e-02 2.202459e-04
-1.885253e-02 2.193314e-04
-1.873614e-02 2.175688e-04
-1.861973e-02 2.134201e-04
-1.850199e-02 2.127232e-04
-1.838433e-02 2.100686e-04
-1.826591e-02 2.095677e-04
-1.814993e-02 2.122572e-04
-1.803527e-02 2.121393e-04
-1.792146e-02 2.132697e-04
-1.780946e-02 2.128839e-04
-1.769601e-02 2.094191e-04
-1.758102e-02 2.090931e-04
-1.746543e-02 2.079611e-04
-1.735023e-02 2.073342e-04
-1.723694e-02 2.079717e-04
-1.712540e-02 2.071486e-04
-1.701472e-02 2.063115e-04
-1.690230e-02 2.067745e-04
-1.678870e-02 2.061454e-04
-1.667527e-02 2.060954e-04
-1.656116e-02 2.055871e-04
-1.644714e-02 2.053673e-04
-1.633457e-02 2.063943e-04
-1.622257e-02 2.064292e-04
-1.611061e-02 2.066035e-04
-1.599635e-02 2.077511e-04
-1.588104e-02 2.091921e-04
-1.576529e-02 2.102457e-04
-1.564867e-02 2.117268e-04
-1.553264e-02 2.119117e-04
-1.541687e-02 2.136439e-04
-1.530198e-02 2.137461e-04
-1.518645e-02 2.121165e-04
-1.506944e-02 2.124136e-04
-1.495150e-02 2.116715e-04
-1.483148e-02 2.123537e-04
-1.471208e-02 2.153429e-04
-1.459449e-02 2.156306e-04
-1.447684e-02 2.171562e-04
-1.435845e-02 2.181652e-04
-1.423918e-02 2.186536e-04
-1.411763e-02 2.201945e-04
-1.399357e-02 2.202720e-04
-1.386808e-02 2.208448e-04
-1.374317e-02 2.234413e-04
-1.361983e-02 2.237339e-04
-1.349656e-02 2.246835e-04
-1.337079e-02 2.265330e-04
-1.324299e-02 2.291565e-04
-1.311305e-02 2.314075e-04
-1.298132e-02 2.337715e-04
-1.285107e-02 2.337352e-04
-1.272082e-02 2.336364e-04
-1.259071e-02 2.331842e-04
-1.245951e-02 2.301619e-04
-1.232960e-02 2.286119e-04
-1.219928e-02 2.244687e-04
-1.206752e-02 2.238654e-04
-1.193810e-02 2.252179e-04
-1.181126e-02 2.241590e-04
-1.168534e-02 2.227755e-04
-1.156288e-02 2.202043e-04
-1.144099e-02 2.140231e-04
-1.132214e-02 2.096791e-04
-1.120511e-02 2.007263e-04
-1.109041e-02 1.963837e-04
-1.097978e-02 1.918019e-04
-1.087229e-02 1.882692e-04
-1.076886e-02 1.844501e-04
-1.066720e-02 1.820059e-04
-1.056791e-02 1.791711e-04
-1.046893e-02 1.777180e-04
-1.037043e-02 1.745338e-04
-1.027403e-02 1.723632e-04
-1.018015e-02 1.705336e-04
-1.008747e-02 1.691595e-04
-9.995811e-03 1.676763e-04
-9.904634e-03 1.668605e-04
-9.813798e-03 1.645082e-04
-9.722336e-03 1.640373e-04
-9.632207e-03 1.649558e-04
-9.544574e-03 1.635610e-04
-9.457654e-03 1.609080e-04
-9.372398e-03 1.591746e-04
-9.287627e-03 1.557491e-04
-9.202535e-03 1.547121e-04
-9.118107e-03 1.523307e-04
-9.034534e-03 1.509593e-04
-8.952939e-03 1.504536e-04
-8.872281e-03 1.495014e-04
-8.792807e-03 1.488535e-04
-8.714630e-03 1.480438e-04
-8.636377e-03 1.456710e-04
-8.557922e-03 1.449342e-04
-8.479252e-03 1.430623e-04
-8.402356e-03 1.413289e-04
-8.327099e-03 1.386917e-04
-8.252350e-03 1.374368e-04
-8.179409e-03 1.369717e-04
-8.106457e-03 1.366226e-04
-8.033334e-03 1.353911e-04
-7.961147e-03 1.345703e-04
-7.889172e-03 1.331413e-04
-7.818010e-03 1.321433e-04
-7.747804e-03 1.304517e-04
-7.679417e-03 1.287496e-04
-7.612108e-03 1.258218e-04
-7.543559e-03 1.253379e-04
-7.475699e-03 1.251615e-04
-7.408470e-03 1.248876e-04
-7.341707e-03 1.249030e-04
-7.276094e-03 1.242198e-04
-7.210972e-03 1.236019e-04
-7.147166e-03 1.225909e-04
-7.083890e-03 1.201902e-04
-7.019808e-03 1.198107e-04
-6.955650e-03 1.186306e-04
-6.891508e-03 1.180319e-04
-6.828176e-03 1.177373e-04
-6.766154e-03 1.170047e-04
-6.705371e-03 1.174699e-04
-6.645023e-03 1.173781e-04
-6.584140e-03 1.157815e-04
-6.523364e-03 1.151432e-04
-6.462710e-03 1.135756e-04
-6.402264e-03 1.127300e-04
-6.343208e-03 1.127095e-04
-6.285429e-03 1.120896e-04
-6.227781e-03 1.105911e-04
-6.169508e-03 1.104250e-04
-6.111490e-03 1.108026e-04
-6.053647e-03 1.108376e-04
-5.995606e-03 1.101807e-04
-5.938677e-03 1.092753e-04
-5.882474e-03 1.079713e-04
-5.826567e-03 1.071771e-04
-5.771137e-03 1.057789e-04
-5.715767e-03 1.053835e-04
-5.660668e-03 1.051307e-04
-5.605842e-03 1.048792e-04
-5.551209e-03 1.041022e-04
-5.496711e-03 1.037422e-04
-5.442730e-03 1.036066e-04
-5.389633e-03 1.028857e-04
-5.337009e-03 1.016821e-04
-5.284773e-03 1.011553e-04
-5.232356e-03 9.939491e-05
-5.179360e-03 9.910647e-05
-5.126770e-03 9.935184e-05
-5.074736e-03 9.910996e-05
-5.023458e-03 9.931922e-05
-4.973031e-03 9.888325e-05
-4.922795e-03 9.799191e-05
-4.871912e-03 9.792539e-05
-4.820781e-03 9.733553e-05
-4.770521e-03 9.673293e-05
-4.720211e-03 9.533474e-05
-4.670090e-03 9.471895e-05
-4.621323e-03 9.490109e-05
-4.572748e-03 9.485157e-05
-4.524215e-03 9.478568e-05
-4.475720e-03 9.473965e-05
-4.426978e-03 9.419904e-05
-4.378684e-03 9.360651e-05
-4.330838e-03 9.271338e-05
-4.283281e-03 9.234431e-05
-4.235880e-03 9.192370e-05
-4.188764e-03 9.160177e-05
-4.141986e-03 9.091972e-05
-4.094947e-03 9.083113e-05
-4.048117e-03 9.093382e-05
-4.001716e-03 9.058883e-05
-3.955637e-03 9.017320e-05
-3.910356e-03 8.966860e-05
-3.865258e-03 8.857463e-05
-3.820053e-03 8.824380e-05
-3.774980e-03 8.787386e-05
-3.730101e-03 8.762428e-05
-3.685189e-03 8.653918e-05
-3.640370e-03 8.609204e-05
-3.596413e-03 8.628774e-05
-3.552609e-03 8.614834e-05
-3.508705e-03 8.559916e-05
-3.465180e-03 8.529056e-05
-3.421592e-03 8.464613e-05
-3.378081e-03 8.436797e-05
-3.334930e-03 8.387194e-05
-3.292129e-03 8.348269e-05
-3.250120e-03 8.372296e-05
-3.208228e-03 8.362512e-05
-3.165971e-03 8.274955e-05
-3.123754e-03 8.252366e-05
-3.081579e-03 8.196705e-05
-3.039640e-03 8.162509e-05
-2.997889e-03 8.129593e-05
-2.956458e-03 8.098642e-05
-2.915563e-03 8.071321e-05
-2.874949e-03 8.044674e-05
-2.834442e-03 7.988676e-05
-2.793637e-03 7.975518e-05
-2.752881e-03 7.947497e-05
-2.712626e-03 7.918167e-05
-2.672529e-03 7.892709e-05
-2.632659e-03 7.869903e-05
-2.593108e-03 7.829794e-05
-2.553723e-03 7.805449e-05
-2.514428e-03 7.753132e-05
-2.474837e-03 7.741551e-05
-2.435311e-03 7.720572e-05
-2.396301e-03 7.692561e-05
-2.357669e-03 7.677732e-05
-2.319315e-03 7.655768e-05
-2.280886e-03 7.611165e-05
-2.242531e-03 7.590685e-05
-2.204354e-03 7.534686e-05
-2.166205e-03 7.512853e-05
-2.128210e-03 7.477974e-05
-2.090168e-03 7.458081e-05
-2.052450e-03 7.457202e-05
-2.015191e-03 7.439548e-05
-1.977709e-03 7.381329e-05
-1.940215e-03 7.361117e-05
-1.903088e-03 7.338252e-05
-1.866087e-03 7.322487e-05
-1.829252e-03 7.306599e-05
-1.792501e-03 7.285930e-05
-1.755933e-03 7.259061e-05
-1.719636e-03 7.242936e-05
-1.683347e-03 7.199408e-05
-1.647044e-03 7.184534e-05
-1.610588e-03 7.144678e-05
-1.574365e-03 7.116335e-05
-1.538673e-03 7.098895e-05
-1.503084e-03 7.086339e-05
-1.467646e-03 7.076457e-05
-1.432164e-03 7.065854e-05
-1.396627e-03 7.027294e-05
-1.361328e-03 7.008737e-05
-1.326070e-03 6.990523e-05
-1.290985e-03 6.973575e-05
-1.256192e-03 6.948579e-05
-1.221520e-03 6.932255e-05
-1.186901e-03 6.895633e-05
-1.152224e-03 6.876500e-05
-1.117669e-03 6.843661e-05
-1.083279e-03 6.831220e-05
-1.049035e-03 6.820820e-05
-1.015029e-03 6.802748e-05
-9.809838e-04 6.771581e-05
-9.470698e-04 6.752447e-05
-9.134448e-04 6.721832e-05
-8.798847e-04 6.706904e-05
-8.463559e-04 6.670669e-05
-8.127912e-04 6.650727e-05
-7.794133e-04 6.626635e-05
-7.463162e-04 6.610163e-05
-7.133826e-04 6.591673e-05
-6.806336e-04 6.573950e-05
-6.477743e-04 6.531079e-05
-6.149753e-04 6.511973e-05
-5.824595e-04 6.481358e-05
-5.501363e-04 6.458758e-05
-5.179442e-04 6.417873e-05
-4.857579e-04 6.394107e-05
-4.538048e-04 6.367109e-05
-4.221766e-04 6.346605e-05
-3.904799e-04 6.302103e-05
-3.589468e-04 6.276197e-05
-3.277131e-04 6.230274e-05
-2.966662e-04 6.202512e-05
-2.657655e-04 6.149807e-05
-2.350991e-04 6.108464e-05
-2.047020e-04 6.038771e-05
-1.747191e-04 5.997138e-05
-1.449867e-04 5.923372e-05
-1.157232e-04 5.868673e-05
-8.658030e-05 5.758684e-05
-5.777042e-05 5.699592e-05
-2.954880e-05 5.609234e-05
-9.965028e-07 5.597449e-05
2.714389e-05 5.631115e-05
5.589924e-05 5.673256e-05
8.461398e-05 5.794956e-05
1.135144e-04 5.857655e-05
1.430425e-04 5.949705e-05
1.728119e-04 5.997448e-05
2.028633e-04 6.060628e-05
2.331886e-04 6.099839e-05
2.638295e-04 6.156049e-05
2.947755e-04 6.186161e-05
3.259142e-04 6.237473e-05
3.570599e-04 6.264791e-05
3.885328e-04 6.309986e-05
4.201889e-04 6.337323e-05
4.519252e-04 6.376082e-05
4.837322e-04 6.394290e-05
5.156866e-04 6.420258e-05
5.479809e-04 6.441235e-05
5.803797e-04 6.481945e-05
6.127239e-04 6.502103e-05
6.452538e-04 6.527144e-05
6.780065e-04 6.549527e-05
7.110179e-04 6.593461e-05
7.440641e-04 6.611428e-05
7.771196e-04 6.634877e-05
8.103805e-04 6.646592e-05
8.437168e-04 6.666467e-05
8.771041e-04 6.685721e-05
9.106191e-04 6.717889e-05
9.442721e-04 6.737770e-05
9.781596e-04 6.779520e-05
1.012124e-03 6.799203e-05
1.046046e-03 6.835248e-05
1.079992e-03 6.849689e-05
1.114112e-03 6.860929e-05
1.148629e-03 6.879495e-05
1.183313e-03 6.903336e-05
1.217855e-03 6.912790e-05
1.252605e-03 6.930420e-05
1.287507e-03 6.945863e-05
1.322235e-03 6.991404e-05
1.357046e-03 7.012751e-05
1.392112e-03 7.029612e-05
1.427514e-03 7.046344e-05
1.463055e-03 7.069753e-05
1.498470e-03 7.080179e-05
1.533963e-03 7.095974e-05
1.569583e-03 7.109251e-05
1.605379e-03 7.143688e-05
1.641335e-03 7.165761e-05
1.677311e-03 7.196768e-05
1.713723e-03 7.224257e-05
1.750318e-03 7.269956e-05
1.786626e-03 7.278992e-05
1.822977e-03 7.296906e-05
1.859364e-03 7.305526e-05
1.896125e-03 7.294623e-05
1.933328e-03 7.317220e-05
1.970508e-03 7.355977e-05
2.007771e-03 7.374884e-05
2.045010e-03 7.431276e-05
2.082418e-03 7.451500e-05
2.119831e-03 7.506518e-05
2.157268e-03 7.537868e-05
2.195343e-03 7.547189e-05
2.233555e-03 7.558821e-05
2.271752e-03 7.565023e-05
2.310184e-03 7.581418e-05
2.348479e-03 7.649825e-05
2.386960e-03 7.675113e-05
2.425664e-03 7.708105e-05
2.464429e-03 7.734103e-05
2.503395e-03 7.772820e-05
2.542519e-03 7.796245e-05
2.582022e-03 7.827632e-05
2.621566e-03 7.841453e-05
2.660980e-03 7.871877e-05
2.700734e-03 7.892466e-05
2.740618e-03 7.927928e-05
2.780536e-03 7.953509e-05
2.820675e-03 7.987795e-05
2.861298e-03 8.029155e-05
2.902272e-03 8.116182e-05
2.942968e-03 8.130998e-05
2.983676e-03 8.139331e-05
3.024708e-03 8.161725e-05
3.065820e-03 8.210367e-05
3.107201e-03 8.232727e-05
3.149080e-03 8.211812e-05
3.191237e-03 8.232040e-05
3.233432e-03 8.313030e-05
3.275607e-03 8.341113e-05
3.317667e-03 8.406614e-05
3.359890e-03 8.439961e-05
3.402638e-03 8.444806e-05
3.446135e-03 8.479858e-05
3.489961e-03 8.522686e-05
3.533486e-03 8.531583e-05
3.576971e-03 8.595146e-05
3.620435e-03 8.616915e-05
3.663802e-03 8.661099e-05
3.707482e-03 8.695773e-05
3.751754e-03 8.693060e-05
3.796950e-03 8.735602e-05
3.842214e-03 8.842645e-05
3.887218e-03 8.877471e-05
3.932388e-03 8.946622e-05
3.977387e-03 8.961428e-05
4.022816e-03 8.964877e-05
4.068960e-03 9.009162e-05
4.115312e-03 9.063230e-05
4.161861e-03 9.094553e-05
4.208468e-03 9.172069e-05
4.255449e-03 9.209834e-05
4.302444e-03 9.312305e-05
4.349332e-03 9.355264e-05
4.396824e-03 9.409375e-05
4.444522e-03 9.441391e-05
4.492724e-03 9.410578e-05
4.541448e-03 9.430879e-05
4.590197e-03 9.483009e-05
4.639404e-03 9.516122e-05
4.688416e-03 9.640636e-05
4.736796e-03 9.660516e-05
4.785555e-03 9.688902e-05
4.835301e-03 9.758416e-05
4.885643e-03 9.815003e-05
4.936142e-03 9.844793e-05
4.986905e-03 9.883551e-05
5.037689e-03 9.885178e-05
5.088396e-03 9.902832e-05
5.139146e-03 9.925145e-05
5.190214e-03 9.934198e-05
5.242471e-03 1.000871e-04
5.295460e-03 1.013161e-04
5.348506e-03 1.017973e-04
5.401160e-03 1.034019e-04
5.453636e-03 1.037305e-04
5.506438e-03 1.041022e-04
5.559235e-03 1.043747e-04
5.613016e-03 1.034983e-04
5.667767e-03 1.037631e-04
5.722561e-03 1.048163e-04
5.777840e-03 1.054907e-04
5.832841e-03 1.074267e-04
5.887353e-03 1.078292e-04
5.942397e-03 1.080579e-04
5.998608e-03 1.086916e-04
6.055488e-03 1.093416e-04
6.112454e-03 1.097740e-04
6.170043e-03 1.103487e-04
6.227589e-03 1.105328e-04
6.284395e-03 1.118584e-04
6.341589e-03 1.125693e-04
6.399383e-03 1.135421e-04
6.458482e-03 1.145183e-04
6.518541e-03 1.156325e-04
6.578263e-03 1.159871e-04
6.638471e-03 1.161643e-04
6.698512e-03 1.161288e-04
6.758496e-03 1.165640e-04
6.819028e-03 1.170533e-04
6.879953e-03 1.173130e-04
6.942517e-03 1.182272e-04
7.005339e-03 1.203407e-04
7.068313e-03 1.213535e-04
7.131484e-03 1.238345e-04
7.193691e-03 1.241521e-04
7.257203e-03 1.233268e-04
7.321531e-03 1.235219e-04
7.386033e-03 1.233029e-04
7.452209e-03 1.242308e-04
7.518892e-03 1.259613e-04
7.585645e-03 1.264504e-04
7.651830e-03 1.287575e-04
7.717809e-03 1.296361e-04
7.784998e-03 1.305517e-04
7.853035e-03 1.313949e-04
7.922095e-03 1.315305e-04
7.991913e-03 1.320349e-04
8.062200e-03 1.326531e-04
8.132854e-03 1.329120e-04
8.203140e-03 1.342551e-04
8.274839e-03 1.357649e-04
8.347884e-03 1.382317e-04
8.421771e-03 1.396345e-04
8.496305e-03 1.419232e-04
8.571570e-03 1.431866e-04
8.647529e-03 1.455353e-04
8.723544e-03 1.462119e-04
8.800474e-03 1.465757e-04
8.877648e-03 1.470505e-04
8.955175e-03 1.477805e-04
9.034778e-03 1.492875e-04
9.116039e-03 1.512749e-04
9.197690e-03 1.522346e-04
9.279392e-03 1.542326e-04
9.361475e-03 1.551814e-04
9.443430e-03 1.580320e-04
9.526254e-03 1.593593e-04
9.610855e-03 1.600914e-04
9.697165e-03 1.615936e-04
9.785036e-03 1.637780e-04
9.873003e-03 1.646335e-04
9.960540e-03 1.670985e-04
1.004872e-02 1.683717e-04
1.013730e-02 1.712321e-04
1.022751e-02 1.729947e-04
1.032074e-02 1.728584e-04
1.041482e-02 1.735501e-04
1.050946e-02 1.751823e-04
1.060395e-02 1.756875e-04
1.069775e-02 1.775634e-04
1.079172e-02 1.783413e-04
1.088657e-02 1.790254e-04
1.098551e-02 1.814709e-04
1.108617e-02 1.854112e-04
1.118822e-02 1.879053e-04
1.129192e-02 1.920679e-04
1.139728e-02 1.945626e-04
1.150365e-02 2.005619e-04
1.161368e-02 2.049435e-04
1.172701e-02 2.108483e-04
1.184656e-02 2.164075e-04
1.197033e-02 2.248406e-04
1.209657e-02 2.296522e-04
1.222652e-02 2.368197e-04
1.235507e-02 2.385596e-04
1.248662e-02 2.392722e-04
1.261944e-02 2.403072e-04
1.275358e-02 2.400437e-04
1.288890e-02 2.406569e-04
1.302450e-02 2.418875e-04
1.316154e-02 2.428529e-04
1.329796e-02 2.466264e-04
1.343120e-02 2.464109e-04
1.356510e-02 2.456412e-04
1.369791e-02 2.447259e-04
1.383067e-02 2.413113e-04
1.396366e-02 2.402209e-04
1.409715e-02 2.363683e-04
1.422807e-02 2.331113e-04
1.435450e-02 2.315998e-04
1.448037e-02 2.310361e-04
1.460543e-02 2.308358e-04
1.472962e-02 2.302484e-04
1.485537e-02 2.268907e-04
1.498029e-02 2.252021e-04
1.510273e-02 2.237816e-04
1.522388e-02 2.221878e-04
1.534299e-02 2.211816e-04
1.546242e-02 2.213018e-04
1.558210e-02 2.212171e-04
1.570178e-02 2.211851e-04
1.582215e-02 2.207607e-04
1.594186e-02 2.202200e-04
1.605986e-02 2.207044e-04
1.617599e-02 2.197515e-04
1.629229e-02 2.168233e-04
1.640889e-02 2.156533e-04
1.652546e-02 2.124943e-04
1.664320e-02 2.123435e-04
1.676059e-02 2.132971e-04
1.687586e-02 2.123792e-04
1.698894e-02 2.126524e-04
1.710171e-02 2.125652e-04
1.721434e-02 2.125730e-04
1.732733e-02 2.125076e-04
1.744222e-02 2.092254e-04
1.755764e-02 2.086526e-04
1.767232e-02 2.090745e-04
1.778663e-02 2.090150e-04
1.789878e-02 2.116505e-04
1.801051e-02 2.123517e-04
1.812256e-02 2.137741e-04
1.823566e-02 2.146207e-04
1.835193e-02 2.117011e-04
1.846771e-02 2.106327e-04
1.858093e-02 2.119078e-04
1.869332e-02 2.118675e-04
1.880573e-02 2.125062e-04
1.891778e-02 2.125256e-04
1.903032e-02 2.109481e-04
1.914644e-02 2.125339e-04
1.926318e-02 2.158922e-04
1.937904e-02 2.162655e-04
1.949446e-02 2.180489e-04
1.960811e-02 2.179224e-04
1.972145e-02 2.189063e-04
1.983730e-02 2.207748e-04
1.995633e-02 2.198233e-04
2.007752e-02 2.207854e-04
2.019886e-02 2.232291e-04
2.032236e-02 2.250968e-04
2.044512e-02 2.315333e-04
2.056802e-02 2.342338e-04
2.069411e-02 2.372872e-04
2.082294e-02 2.400422e-04
2.095514e-02 2.411506e-04
2.108897e-02 2.425243e-04
2.122428e-02 2.438420e-04
2.136289e-02 2.459423e-04
2.150159e-02 2.516542e-04
2.163838e-02 2.529019e-04
2.177701e-02 2.533218e-04
2.192091e-02 2.566313e-04
2.206774e-02 2.619021e-04
2.221722e-02 2.654184e-04
2.236932e-02 2.697806e-04
2.252237e-02 2.719196e-04
2.267545e-02 2.778011e-04
2.283310e-02 2.822550e-04
2.299427e-02 2.887706e-04
2.317616e-02 3.039019e-04
2.336466e-02 3.361133e-04
2.354939e-02 3.455103e-04
2.375071e-02 3.426345e-04
2.412595e-02 4.461761e-04
2.455618e-02 6.419506e-04
2.484389e-02 6.259279e-04
2.518632e-02 4.906725e-04
2.552088e-02 4.380264e-04
2.577500e-02 4.272242e-04
2.602280e-02 4.195644e-04
2.626281e-02 4.095474e-04
2.650257e-02 4.057801e-04
2.673369e-02 4.097257e-04
2.696682e-02 4.117666e-04
2.719801e-02 4.207254e-04
2.743546e-02 4.282563e-04
2.768322e-02 4.320182e-04
2.793059e-02 4.331415e-04
2.817978e-02 4.348368e-04
2.842071e-02 4.305237e-04
2.866034e-02 4.189893e-04
2.889718e-02 4.125816e-04
2.913003e-02 4.015924e-04
2.936473e-02 3.992874e-04
2.959205e-02 4.051432e-04
2.982978e-02 4.134908e-04
3.008941e-02 4.016890e-04
3.034464e-02 3.948488e-04
3.058712e-02 3.954631e-04
3.082638e-02 3.937483e-04
3.106491e-02 3.902174e-04
3.128363e-02 3.765204e-04
3.149055e-02 3.583215e-04
3.168606e-02 3.454243e-04
3.187137e-02 3.278050e-04
3.205204e-02 3.186750e-04
3.222281e-02 3.085417e-04
3.239413e-02 3.052265e-04
3.256322e-02 2.997519e-04
3.272837e-02 2.950111e-04
3.288807e-02 2.910331e-04
3.304560e-02 2.887017e-04
3.320045e-02 2.867100e-04
3.335221e-02 2.841485e-04
3.350484e-02 2.766458e-04
3.365597e-02 2.730564e-04
3.380305e-02 2.687718e-04
3.394711e-02 2.650513e-04
3.408633e-02 2.628330e-04
3.422298e-02 2.608492e-04
3.435940e-02 2.557351e-04
3.449781e-02 2.550838e-04
3.463612e-02 2.543855e-04
3.477446e-02 2.541567e-04
3.491021e-02 2.568310e-04
3.504273e-02 2.558460e-04
3.517507e-02 2.534042e-04
3.530645e-02 2.516040e-04
3.543777e-02 2.467495e-04
3.556938e-02 2.455143e-04
3.570027e-02 2.442004e-04
3.582924e-02 2.425874e-04
3.595584e-02 2.411340e-04
3.608177e-02 2.402138e-04
3.620443e-02 2.431362e-04
3.632552e-02 2.429139e-04
3.644961e-02 2.373056e-04
3.657261e-02 2.349547e-04
3.669471e-02 2.307728e-04
3.681703e-02 2.293952e-04
3.693634e-02 2.296936e-04
3.705468e-02 2.292220e-04
3.717165e-02 2.302123e-04
3.728940e-02 2.307199e-04
3.740876e-02 2.294622e-04
3.752830e-02 2.294323e-04
3.764760e-02 2.297578e-04
3.776411e-02 2.282077e-04
3.788014e-02 2.255664e-04
3.799526e-02 2.240729e-04
3.810957e-02 2.204179e-04
3.822739e-02 2.212091e-04
3.834541e-02 2.230598e-04
3.846328e-02 2.233257e-04
3.858022e-02 2.256177e-04
3.869304e-02 2.242747e-04
3.880500e-02 2.228373e-04
3.891816e-02 2.230507e-04
3.903336e-02 2.194055e-04
3.914856e-02 2.180904e-04
3.926321e-02 2.153386e-04
3.937991e-02 2.152767e-04
3.949389e-02 2.196554e-04
3.960541e-02 2.200495e-04
3.971742e-02 2.211493e-04
3.982965e-02 2.216752e-04
3.994259e-02 2.210899e-04
4.005491e-02 2.205032e-04
4.016758e-02 2.182998e-04
4.028037e-02 2.172852e-04
4.039160e-02 2.170903e-04
4.050092e-02 2.161742e-04
4.060936e-02 2.151090e-04
4.072036e-02 2.162574e-04
4.083211e-02 2.190000e-04
4.094408e-02 2.201207e-04
4.105687e-02 2.210392e-04
4.116854e-02 2.203995e-04
4.127955e-02 2.197240e-04
4.138709e-02 2.176963e-04
4.149340e-02 2.141135e-04
4.160155e-02 2.139252e-04
4.171123e-02 2.116682e-04
4.182379e-02 2.125894e-04
4.193472e-02 2.170369e-04
4.204323e-02 2.171751e-04
4.215138e-02 2.181575e-04
4.225858e-02 2.176460e-04
4.236718e-02 2.138893e-04
4.247693e-02 2.135174e-04
4.258832e-02 2.105457e-04
4.270069e-02 2.100688e-04
4.280949e-02 2.138980e-04
4.291631e-02 2.140878e-04
4.302291e-02 2.149890e-04
4.313084e-02 2.158232e-04
4.324090e-02 2.146173e-04
4.335088e-02 2.144296e-04
4.346192e-02 2.121451e-04
4.357208e-02 2.107979e-04
4.368056e-02 2.106625e-04
4.378841e-02 2.102448e-04
4.389589e-02 2.089212e-04
4.400636e-02 2.099590e-04
4.411601e-02 2.142168e-04
4.422543e-02 2.158941e-04
4.433577e-02 2.190108e-04
4.444502e-02 2.194813e-04
4.455621e-02 2.183644e-04
4.466432e-02 2.161017e-04
4.477127e-02 2.109120e-04
4.488214e-02 2.114038e-04
4.499335e-02 2.122100e-04
4.510553e-02 2.127901e-04
4.521685e-02 2.158385e-04
4.532605e-02 2.159483e-04
4.543441e-02 2.184637e-04
4.554083e-02 2.182041e-04
4.564864e-02 2.143361e-04
4.575940e-02 2.147149e-04
4.587055e-02 2.151180e-04
4.598102e-02 2.145629e-04
4.609023e-02 2.151311e-04
4.619850e-02 2.150644e-04
4.630556e-02 2.177054e-04
4.641277e-02 2.187423e-04
4.652225e-02 2.170156e-04
4.663356e-02 2.174942e-04
4.674587e-02 2.171337e-04
4.685577e-02 2.152581e-04
4.696355e-02 2.135986e-04
4.707008e-02 2.125421e-04
4.717525e-02 2.118717e-04
4.728350e-02 2.134810e-04
4.739504e-02 2.132992e-04
4.750673e-02 2.133365e-04
4.761631e-02 2.161406e-04
4.772441e-02 2.162557e-04
4.783262e-02 2.163913e-04
4.794010e-02 2.157093e-04
4.804889e-02 2.116395e-04
4.815935e-02 2.114623e-04
4.826939e-02 2.124702e-04
4.837932e-02 2.127770e-04
4.848811e-02 2.147207e-04
4.859504e-02 2.143035e-04
4.870129e-02 2.142938e-04
4.880963e-02 2.152495e-04
4.891971e-02 2.149850e-04
4.902962e-02 2.150746e-04
4.914105e-02 2.136028e-04
4.925172e-02 2.126237e-04
4.936052e-02 2.122090e-04
