-5.198330e-02 2.315079e-04
-5.189509e-02 2.107882e-04
-5.179260e-02 2.116336e-04
-5.168864e-02 2.115445e-04
-5.158463e-02 2.118358e-04
-5.148062e-02 2.134381e-04
-5.137582e-02 2.144836e-04
-5.126951e-02 2.140728e-04
-5.116886e-02 2.105236e-04
-5.107478e-02 2.116222e-04
-5.097431e-02 2.155592e-04
-5.086717e-02 2.153529e-04
-5.076123e-02 2.148615e-04
-5.065586e-02 2.144724e-04
-5.054900e-02 2.152286e-04
-5.044068e-02 2.157058e-04
-5.033214e-02 2.160061e-04
-5.022394e-02 2.165835e-04
-5.011766e-02 2.156321e-04
-5.001254e-02 2.149151e-04
-4.990654e-02 2.148935e-04
-4.980429e-02 2.210485e-04
-4.970468e-02 2.219833e-04
-4.959689e-02 2.118018e-04
-4.948496e-02 2.106194e-04
-4.937683e-02 2.128574e-04
-4.927055e-02 2.125470e-04
-4.916441e-02 2.119192e-04
-4.905716e-02 2.120706e-04
-4.894916e-02 2.112410e-04
-4.884083e-02 2.114231e-04
-4.873175e-02 2.106777e-04
-4.862275e-02 2.103594e-04
-4.852073e-02 2.219231e-04
-4.842878e-02 2.200419e-04
-4.833452e-02 2.101578e-04
-4.823064e-02 2.123789e-04
-4.812231e-02 2.111019e-04
-4.801351e-02 2.106300e-04
-4.790542e-02 2.105027e-04
-4.779794e-02 2.103700e-04
-4.769066e-02 2.111095e-04
-4.758444e-02 2.107390e-04
-4.747909e-02 2.103612e-04
-4.737213e-02 2.111948e-04
-4.726493e-02 2.131111e-04
-4.716036e-02 2.119342e-04
-4.705647e-02 2.098102e-04
-4.694968e-02 2.110724e-04
-4.684229e-02 2.135647e-04
-4.673780e-02 2.127244e-04
-4.663267e-02 2.101143e-04
-4.652422e-02 2.111644e-04
-4.641482e-02 2.117147e-04
-4.630602e-02 2.115626e-04
-4.619908e-02 2.142637e-04
-4.609368e-02 2.140246e-04
-4.598853e-02 2.137858e-04
-4.588472e-02 2.131901e-04
-4.578340e-02 2.165021e-04
-4.568208e-02 2.176947e-04
-4.557601e-02 2.122750e-04
-4.546845e-02 2.112105e-04
-4.536372e-02 2.129641e-04
-4.525940e-02 2.130653e-04
-4.515404e-02 2.116264e-04
-4.504715e-02 2.123145e-04
-4.493875e-02 2.117078e-04
-4.483006e-02 2.116592e-04
-4.472156e-02 2.126216e-04
-4.461487e-02 2.118761e-04
-4.451249e-02 2.161874e-04
-4.441147e-02 2.169220e-04
-4.430591e-02 2.113801e-04
-4.419725e-02 2.109630e-04
-4.408873e-02 2.100484e-04
-4.398058e-02 2.097732e-04
-4.387319e-02 2.110560e-04
-4.376700e-02 2.108052e-04
-4.366173e-02 2.108595e-04
-4.355633e-02 2.109586e-04
-4.344974e-02 2.092456e-04
-4.334160e-02 2.092798e-04
-4.323431e-02 2.108210e-04
-4.312954e-02 2.101475e-04
-4.302573e-02 2.098567e-04
-4.292073e-02 2.104676e-04
-4.281473e-02 2.113139e-04
-4.270856e-02 2.117210e-04
-4.260129e-02 2.102115e-04
-4.249303e-02 2.102673e-04
-4.238550e-02 2.116450e-04
-4.227956e-02 2.108979e-04
-4.217486e-02 2.108940e-04
-4.207023e-02 2.111373e-04
-4.196462e-02 2.101782e-04
-4.185913e-02 2.097549e-04
-4.175292e-02 2.081485e-04
-4.164439e-02 2.089592e-04
-4.153679e-02 2.119432e-04
-4.143165e-02 2.115316e-04
-4.132786e-02 2.126477e-04
-4.122330e-02 2.132293e-04
-4.111657e-02 2.112402e-04
-4.100940e-02 2.110748e-04
-4.090171e-02 2.105468e-04
-4.079482e-02 2.098809e-04
-4.068982e-02 2.103828e-04
-4.058737e-02 2.090351e-04
-4.048796e-02 2.103915e-04
-4.038556e-02 2.123946e-04
-4.027854e-02 2.102708e-04
-4.017083e-02 2.102110e-04
-4.006353e-02 2.107388e-04
-3.995781e-02 2.099867e-04
-3.985290e-02 2.100327e-04
-3.974856e-02 2.097042e-04
-3.964448e-02 2.084370e-04
-3.953877e-02 2.089616e-04
-3.943189e-02 2.084694e-04
-3.932413e-02 2.085374e-04
-3.921754e-02 2.106881e-04
-3.911257e-02 2.107798e-04
-3.900693e-02 2.107335e-04
-3.890155e-02 2.105653e-04
-3.879570e-02 2.085075e-04
-3.868905e-02 2.082417e-04
-3.858275e-02 2.080712e-04
-3.847586e-02 2.080735e-04
-3.836990e-02 2.096317e-04
-3.826518e-02 2.097346e-04
-3.816126e-02 2.113428e-04
-3.805753e-02 2.118057e-04
-3.795178e-02 2.105266e-04
-3.784583e-02 2.101873e-04
-3.774023e-02 2.090344e-04
-3.763433e-02 2.087979e-04
-3.752949e-02 2.099063e-04
-3.742555e-02 2.094839e-04
-3.732217e-02 2.092552e-04
-3.721700e-02 2.105320e-04
-3.710983e-02 2.115513e-04
-3.700332e-02 2.115312e-04
-3.689741e-02 2.117017e-04
-3.679284e-02 2.109615e-04
-3.668914e-02 2.103453e-04
-3.658578e-02 2.096307e-04
-3.648214e-02 2.071851e-04
-3.637619e-02 2.079733e-04
-3.626937e-02 2.087129e-04
-3.616265e-02 2.089207e-04
-3.605659e-02 2.113824e-04
-3.595234e-02 2.111799e-04
-3.584840e-02 2.103292e-04
-3.574424e-02 2.101507e-04
-3.563922e-02 2.082033e-04
-3.553314e-02 2.078504e-04
-3.542724e-02 2.071717e-04
-3.532120e-02 2.072948e-04
-3.521616e-02 2.101030e-04
-3.511262e-02 2.102198e-04
-3.500880e-02 2.092897e-04
-3.490396e-02 2.095673e-04
-3.479872e-02 2.096700e-04
-3.469349e-02 2.094153e-04
-3.458736e-02 2.072148e-04
-3.448199e-02 2.062501e-04
-3.437881e-02 2.072228e-04
-3.427536e-02 2.077371e-04
-3.417058e-02 2.077209e-04
-3.406526e-02 2.080375e-04
-3.396019e-02 2.085568e-04
-3.385461e-02 2.090521e-04
-3.374856e-02 2.096217e-04
-3.364330e-02 2.090580e-04
-3.353882e-02 2.087788e-04
-3.343503e-02 2.085452e-04
-3.333060e-02 2.076193e-04
-3.322482e-02 2.081012e-04
-3.311910e-02 2.087523e-04
-3.301363e-02 2.088325e-04
-3.290948e-02 2.112565e-04
-3.280613e-02 2.113637e-04
-3.270189e-02 2.101853e-04
-3.259783e-02 2.099469e-04
-3.249267e-02 2.074835e-04
-3.238602e-02 2.074960e-04
-3.227932e-02 2.082332e-04
-3.217394e-02 2.077074e-04
-3.207070e-02 2.090425e-04
-3.196746e-02 2.095266e-04
-3.186387e-02 2.102803e-04
-3.175978e-02 2.105688e-04
-3.165403e-02 2.086171e-04
-3.154807e-02 2.083203e-04
-3.144317e-02 2.092410e-04
-3.133982e-02 2.086467e-04
-3.123612e-02 2.072188e-04
-3.113154e-02 2.072383e-04
-3.102718e-02 2.068778e-04
-3.092192e-02 2.072852e-04
-3.081647e-02 2.080952e-04
-3.071142e-02 2.078664e-04
-3.060706e-02 2.083903e-04
-3.050405e-02 2.080525e-04
-3.040046e-02 2.069260e-04
-3.029657e-02 2.066994e-04
-3.019275e-02 2.054011e-04
-3.008731e-02 2.059062e-04
-2.998163e-02 2.069235e-04
-2.987628e-02 2.068139e-04
-2.977191e-02 2.081347e-04
-2.966869e-02 2.081959e-04
-2.956552e-02 2.084443e-04
-2.946215e-02 2.086577e-04
-2.935674e-02 2.066448e-04
-2.925088e-02 2.061910e-04
-2.914654e-02 2.066754e-04
-2.904253e-02 2.066475e-04
-2.893937e-02 2.079864e-04
-2.883619e-02 2.082033e-04
-2.873299e-02 2.087858e-04
-2.862965e-02 2.093676e-04
-2.852394e-02 2.078395e-04
-2.841784e-02 2.075284e-04
-2.831338e-02 2.086135e-04
-2.821053e-02 2.080318e-04
-2.810892e-02 2.084736e-04
-2.800653e-02 2.088180e-04
-2.790288e-02 2.076732e-04
-2.779824e-02 2.081403e-04
-2.769331e-02 2.089627e-04
-2.758899e-02 2.088925e-04
-2.748454e-02 2.092614e-04
-2.738119e-02 2.087286e-04
-2.727851e-02 2.075679e-04
-2.717475e-02 2.078030e-04
-2.707015e-02 2.070629e-04
-2.696488e-02 2.069129e-04
-2.685997e-02 2.070870e-04
-2.675590e-02 2.069265e-04
-2.665222e-02 2.079227e-04
-2.654916e-02 2.079137e-04
-2.644609e-02 2.070960e-04
-2.634237e-02 2.071937e-04
-2.623836e-02 2.069941e-04
-2.613391e-02 2.069102e-04
-2.602929e-02 2.063998e-04
-2.592528e-02 2.061287e-04
-2.582215e-02 2.068432e-04
-2.571932e-02 2.069245e-04
-2.561553e-02 2.063311e-04
-2.551095e-02 2.065914e-04
-2.540658e-02 2.068801e-04
-2.530241e-02 2.068647e-04
-2.519850e-02 2.072775e-04
-2.509519e-02 2.067913e-04
-2.499217e-02 2.059322e-04
-2.488888e-02 2.060671e-04
-2.478507e-02 2.063507e-04
-2.468058e-02 2.068596e-04
-2.457570e-02 2.068402e-04
-2.447134e-02 2.065193e-04
-2.436838e-02 2.079474e-04
-2.426560e-02 2.080631e-04
-2.416226e-02 2.074398e-04
-2.405891e-02 2.075023e-04
-2.395500e-02 2.067415e-04
-2.385060e-02 2.067658e-04
-2.374602e-02 2.073361e-04
-2.364223e-02 2.070729e-04
-2.353961e-02 2.075282e-04
-2.343691e-02 2.077473e-04
-2.333371e-02 2.075323e-04
-2.322958e-02 2.077329e-04
-2.312470e-02 2.070513e-04
-2.302016e-02 2.068893e-04
-2.291581e-02 2.075534e-04
-2.281257e-02 2.071290e-04
-2.271016e-02 2.065516e-04
-2.260718e-02 2.066849e-04
-2.250391e-02 2.065608e-04
-2.239992e-02 2.069473e-04
-2.229556e-02 2.074026e-04
-2.219158e-02 2.070536e-04
-2.208813e-02 2.069630e-04
-2.198536e-02 2.068094e-04
-2.188218e-02 2.064951e-04
-2.177878e-02 2.065122e-04
-2.167536e-02 2.057332e-04
-2.157114e-02 2.059264e-04
-2.146717e-02 2.068565e-04
-2.136346e-02 2.067512e-04
-2.126009e-02 2.070396e-04
-2.115757e-02 2.069214e-04
-2.105492e-02 2.063802e-04
-2.095172e-02 2.065109e-04
-2.084738e-02 2.057425e-04
-2.074244e-02 2.058242e-04
-2.063827e-02 2.065586e-04
-2.053486e-02 2.063695e-04
-2.043230e-02 2.072512e-04
-2.032991e-02 2.071785e-04
-2.022732e-02 2.066390e-04
-2.012393e-02 2.072083e-04
-2.001909e-02 2.071703e-04
-1.991466e-02 2.069130e-04
-1.981106e-02 2.067851e-04
-1.970813e-02 2.063324e-04
-1.960614e-02 2.066425e-04
-1.950324e-02 2.070223e-04
-1.939926e-02 2.062926e-04
-1.929524e-02 2.063350e-04
-1.919139e-02 2.067279e-04
-1.908762e-02 2.068211e-04
-1.898400e-02 2.080996e-04
-1.888116e-02 2.080836e-04
-1.877831e-02 2.072252e-04
-1.867519e-02 2.070794e-04
-1.857194e-02 2.064768e-04
-1.846778e-02 2.065336e-04
-1.836367e-02 2.067970e-04
-1.826047e-02 2.066351e-04
-1.815715e-02 2.067902e-04
-1.805409e-02 2.066951e-04
-1.795116e-02 2.058600e-04
-1.784726e-02 2.061390e-04
-1.774315e-02 2.065731e-04
-1.763930e-02 2.062967e-04
-1.753578e-02 2.060862e-04
-1.743282e-02 2.059604e-04
-1.733023e-02 2.062454e-04
-1.722736e-02 2.065172e-04
-1.712372e-02 2.067701e-04
-1.702017e-02 2.068106e-04
-1.691647e-02 2.058960e-04
-1.681266e-02 2.056316e-04
-1.670983e-02 2.065210e-04
-1.660720e-02 2.064363e-04
-1.650416e-02 2.055268e-04
-1.640099e-02 2.055643e-04
-1.629707e-02 2.052085e-04
-1.619276e-02 2.053156e-04
-1.608930e-02 2.062341e-04
-1.598654e-02 2.061385e-04
-1.588389e-02 2.060533e-04
-1.578119e-02 2.057679e-04
-1.567862e-02 2.051710e-04
-1.557538e-02 2.056290e-04
-1.547161e-02 2.059950e-04
-1.536801e-02 2.060180e-04
-1.526405e-02 2.062449e-04
-1.516060e-02 2.060194e-04
-1.505837e-02 2.066550e-04
-1.495615e-02 2.068831e-04
-1.485340e-02 2.066390e-04
-1.474989e-02 2.067268e-04
-1.464598e-02 2.063163e-04
-1.454281e-02 2.060098e-04
-1.443955e-02 2.057905e-04
-1.433618e-02 2.057797e-04
-1.423351e-02 2.061440e-04
-1.413113e-02 2.060973e-04
-1.402853e-02 2.055838e-04
-1.392477e-02 2.058130e-04
-1.382096e-02 2.063625e-04
-1.371793e-02 2.063695e-04
-1.361486e-02 2.063194e-04
-1.351246e-02 2.058989e-04
-1.341002e-02 2.054265e-04
-1.330703e-02 2.055795e-04
-1.320413e-02 2.053625e-04
-1.310094e-02 2.054567e-04
-1.299760e-02 2.054664e-04
-1.289411e-02 2.052790e-04
-1.279114e-02 2.056236e-04
-1.268898e-02 2.055402e-04
-1.258627e-02 2.051781e-04
-1.248320e-02 2.052689e-04
-1.238014e-02 2.047651e-04
-1.227683e-02 2.047358e-04
-1.217380e-02 2.051273e-04
-1.207119e-02 2.050192e-04
-1.196918e-02 2.057283e-04
-1.186684e-02 2.058966e-04
-1.176382e-02 2.052053e-04
-1.166057e-02 2.053686e-04
-1.155672e-02 2.055987e-04
-1.145326e-02 2.054506e-04
-1.135057e-02 2.055494e-04
-1.124829e-02 2.053388e-04
-1.114612e-02 2.049358e-04
-1.104308e-02 2.050325e-04
-1.094015e-02 2.054822e-04
-1.083755e-02 2.057262e-04
-1.073442e-02 2.055239e-04
-1.063164e-02 2.052382e-04
-1.052887e-02 2.052214e-04
-1.042602e-02 2.052626e-04
-1.032361e-02 2.053440e-04
-1.022126e-02 2.053405e-04
-1.011871e-02 2.050091e-04
-1.001534e-02 2.051076e-04
-9.912034e-03 2.055035e-04
-9.809557e-03 2.054313e-04
-9.706861e-03 2.056418e-04
-9.604238e-03 2.056735e-04
-9.501975e-03 2.055844e-04
-9.399767e-03 2.055188e-04
-9.297196e-03 2.047302e-04
-9.193783e-03 2.046730e-04
-9.090623e-03 2.049396e-04
-8.988333e-03 2.047929e-04
-8.886257e-03 2.047429e-04
-8.784103e-03 2.047720e-04
-8.681479e-03 2.048443e-04
-8.578635e-03 2.050022e-04
-8.475907e-03 2.048588e-04
-8.373364e-03 2.046962e-04
-8.271102e-03 2.047137e-04
-8.168496e-03 2.046474e-04
-8.066132e-03 2.048649e-04
-7.964178e-03 2.049754e-04
-7.861354e-03 2.046068e-04
-7.758282e-03 2.046232e-04
-7.655663e-03 2.046503e-04
-7.553507e-03 2.043825e-04
-7.451686e-03 2.042003e-04
-7.349231e-03 2.042377e-04
-7.246905e-03 2.045552e-04
-7.144951e-03 2.047241e-04
-7.042610e-03 2.045488e-04
-6.940194e-03 2.045301e-04
-6.837417e-03 2.046475e-04
-6.734766e-03 2.046142e-04
-6.632672e-03 2.046762e-04
-6.530674e-03 2.046406e-04
-6.428658e-03 2.045108e-04
-6.325983e-03 2.045811e-04
-6.223392e-03 2.049167e-04
-6.121288e-03 2.050237e-04
-6.018464e-03 2.048954e-04
-5.915770e-03 2.047711e-04
-5.813750e-03 2.047730e-04
-5.711884e-03 2.046803e-04
-5.610081e-03 2.045272e-04
-5.507640e-03 2.045768e-04
-5.404989e-03 2.043651e-04
-5.302740e-03 2.043255e-04
-5.200592e-03 2.043813e-04
-5.098543e-03 2.043417e-04
-4.996206e-03 2.045247e-04
-4.894014e-03 2.045034e-04
-4.792113e-03 2.041546e-04
-4.689967e-03 2.041762e-04
-4.587770e-03 2.041510e-04
-4.485164e-03 2.041090e-04
-4.382768e-03 2.043424e-04
-4.281015e-03 2.043187e-04
-4.178844e-03 2.043295e-04
-4.076563e-03 2.043994e-04
-3.974501e-03 2.041843e-04
-3.872301e-03 2.041892e-04
-3.770096e-03 2.041950e-04
-3.667669e-03 2.040528e-04
-3.565387e-03 2.039008e-04
-3.463508e-03 2.038820e-04
-3.361729e-03 2.039976e-04
-3.259916e-03 2.040601e-04
-3.157500e-03 2.040017e-04
-3.055019e-03 2.040205e-04
-2.953048e-03 2.041523e-04
-2.851240e-03 2.041014e-04
-2.749562e-03 2.041750e-04
-2.647421e-03 2.042008e-04
-2.545168e-03 2.040847e-04
-2.443271e-03 2.041069e-04
-2.341342e-03 2.041146e-04
-2.239432e-03 2.041056e-04
-2.137112e-03 2.041675e-04
-2.034824e-03 2.041703e-04
-1.933073e-03 2.043021e-04
-1.831377e-03 2.043168e-04
-1.729503e-03 2.040610e-04
-1.627130e-03 2.039914e-04
-1.524831e-03 2.039244e-04
-1.422988e-03 2.039050e-04
-1.320742e-03 2.039506e-04
-1.218485e-03 2.039734e-04
-1.116741e-03 2.041207e-04
-1.015069e-03 2.041311e-04
-9.133469e-04 2.040788e-04
-8.111263e-04 2.040817e-04
-7.088140e-04 2.039372e-04
-6.069903e-04 2.038698e-04
-5.053127e-04 2.039257e-04
-4.036943e-04 2.039104e-04
-3.015712e-04 2.037975e-04
-1.993866e-04 2.038166e-04
-9.768582e-05 2.038188e-04
3.999931e-06 2.038418e-04
1.056984e-04 2.037976e-04
2.079041e-04 2.038399e-04
3.100727e-04 2.039551e-04
4.117493e-04 2.039788e-04
5.139216e-04 2.039900e-04
6.161065e-04 2.040017e-04
7.178634e-04 2.039765e-04
8.196516e-04 2.039862e-04
9.214305e-04 2.040289e-04
1.023710e-03 2.040666e-04
1.126064e-03 2.040457e-04
1.227951e-03 2.040353e-04
1.330198e-03 2.041763e-04
1.432441e-03 2.042244e-04
1.534220e-03 2.043600e-04
1.636011e-03 2.044158e-04
1.737951e-03 2.043209e-04
1.840323e-03 2.042677e-04
1.942646e-03 2.042016e-04
2.044554e-03 2.042065e-04
2.146468e-03 2.042084e-04
2.248351e-03 2.041896e-04
2.350632e-03 2.042441e-04
2.452942e-03 2.042812e-04
2.554893e-03 2.042114e-04
2.657397e-03 2.042404e-04
2.759903e-03 2.043173e-04
2.861878e-03 2.043041e-04
2.963794e-03 2.043657e-04
3.065662e-03 2.043595e-04
3.168008e-03 2.043198e-04
3.270437e-03 2.043563e-04
3.372466e-03 2.043543e-04
3.474612e-03 2.044248e-04
3.576823e-03 2.045140e-04
3.679477e-03 2.045335e-04
3.781941e-03 2.049021e-04
3.883841e-03 2.049743e-04
3.986407e-03 2.048403e-04
4.088964e-03 2.047868e-04
4.191150e-03 2.044826e-04
4.293464e-03 2.044498e-04
4.395625e-03 2.046145e-04
4.498199e-03 2.046431e-04
4.600676e-03 2.048820e-04
4.702717e-03 2.049849e-04
4.804933e-03 2.049791e-04
4.907175e-03 2.049923e-04
5.010006e-03 2.048211e-04
5.112884e-03 2.047874e-04
5.215030e-03 2.051401e-04
5.317490e-03 2.051766e-04
5.420099e-03 2.050297e-04
5.522293e-03 2.050075e-04
5.624556e-03 2.048303e-04
5.727065e-03 2.049130e-04
5.830139e-03 2.049755e-04
5.933113e-03 2.049385e-04
6.035465e-03 2.050974e-04
6.137718e-03 2.050946e-04
6.239868e-03 2.052574e-04
6.342432e-03 2.052854e-04
6.445456e-03 2.045988e-04
6.548256e-03 2.044959e-04
6.651225e-03 2.047019e-04
6.754213e-03 2.047887e-04
6.856585e-03 2.052809e-04
6.958833e-03 2.053828e-04
7.061056e-03 2.057064e-04
7.163777e-03 2.058417e-04
7.267045e-03 2.053072e-04
7.369936e-03 2.051681e-04
7.472543e-03 2.052529e-04
7.575001e-03 2.051938e-04
7.677748e-03 2.053219e-04
7.780424e-03 2.053247e-04
7.882603e-03 2.053848e-04
7.985756e-03 2.057107e-04
8.089224e-03 2.060889e-04
8.192073e-03 2.061334e-04
8.294992e-03 2.061392e-04
8.397642e-03 2.059793e-04
8.500517e-03 2.059364e-04
8.603298e-03 2.058640e-04
8.705769e-03 2.054028e-04
8.808677e-03 2.054997e-04
8.911638e-03 2.056800e-04
9.015270e-03 2.058667e-04
9.118620e-03 2.068532e-04
9.220964e-03 2.068859e-04
9.323952e-03 2.066862e-04
9.426866e-03 2.065686e-04
9.529707e-03 2.055803e-04
9.632910e-03 2.054414e-04
9.735990e-03 2.052593e-04
9.839979e-03 2.054580e-04
9.943657e-03 2.065258e-04
1.004603e-02 2.064076e-04
1.014871e-02 2.063476e-04
1.025176e-02 2.065454e-04
1.035487e-02 2.062004e-04
1.045802e-02 2.060930e-04
1.056130e-02 2.055562e-04
1.066498e-02 2.053157e-04
1.076809e-02 2.055794e-04
1.087075e-02 2.056781e-04
1.097338e-02 2.059940e-04
1.107631e-02 2.062874e-04
1.118029e-02 2.061321e-04
1.128456e-02 2.062513e-04
1.138815e-02 2.069353e-04
1.149102e-02 2.067498e-04
1.159392e-02 2.061917e-04
1.169728e-02 2.059912e-04
1.180049e-02 2.057007e-04
1.190369e-02 2.058738e-04
1.200750e-02 2.061293e-04
1.211170e-02 2.064616e-04
1.221536e-02 2.075062e-04
1.231831e-02 2.074559e-04
1.242143e-02 2.070393e-04
1.252500e-02 2.068740e-04
1.262831e-02 2.068362e-04
1.273145e-02 2.070079e-04
1.283562e-02 2.065690e-04
1.293996e-02 2.065116e-04
1.304328e-02 2.072558e-04
1.314640e-02 2.073981e-04
1.324937e-02 2.080395e-04
1.335262e-02 2.081610e-04
1.345644e-02 2.075687e-04
1.356022e-02 2.076195e-04
1.366412e-02 2.075655e-04
1.376780e-02 2.074119e-04
1.387179e-02 2.072384e-04
1.397542e-02 2.069575e-04
1.407827e-02 2.067017e-04
1.418232e-02 2.070508e-04
1.428664e-02 2.075649e-04
1.439053e-02 2.077699e-04
1.449455e-02 2.081166e-04
1.459797e-02 2.078810e-04
1.470185e-02 2.072430e-04
1.480549e-02 2.068722e-04
1.490839e-02 2.063102e-04
1.501219e-02 2.066535e-04
1.511641e-02 2.069054e-04
1.522091e-02 2.068767e-04
1.532502e-02 2.074279e-04
1.542842e-02 2.074786e-04
1.553219e-02 2.077975e-04
1.563564e-02 2.077246e-04
1.573904e-02 2.068119e-04
1.584302e-02 2.068279e-04
1.594727e-02 2.064248e-04
1.605212e-02 2.063572e-04
1.615633e-02 2.072232e-04
1.625968e-02 2.072920e-04
1.636324e-02 2.071206e-04
1.646705e-02 2.072102e-04
1.657100e-02 2.080176e-04
1.667517e-02 2.084416e-04
1.677979e-02 2.080695e-04
1.688461e-02 2.077665e-04
1.698889e-02 2.078282e-04
1.709228e-02 2.076051e-04
1.719534e-02 2.075472e-04
1.729898e-02 2.078753e-04
1.740360e-02 2.079335e-04
1.750859e-02 2.081748e-04
1.761336e-02 2.084247e-04
1.771776e-02 2.082894e-04
1.782143e-02 2.091150e-04
1.792485e-02 2.089777e-04
1.802856e-02 2.081330e-04
1.813251e-02 2.082637e-04
1.823738e-02 2.078778e-04
1.834256e-02 2.079213e-04
1.844686e-02 2.087179e-04
1.855068e-02 2.087116e-04
1.865423e-02 2.091205e-04
1.875785e-02 2.090207e-04
1.886183e-02 2.081472e-04
1.896627e-02 2.083974e-04
1.907167e-02 2.082884e-04
1.917687e-02 2.081247e-04
1.928137e-02 2.080239e-04
1.938532e-02 2.076535e-04
1.948877e-02 2.074616e-04
1.959302e-02 2.075933e-04
1.969726e-02 2.079834e-04
1.980152e-02 2.084192e-04
1.990655e-02 2.083480e-04
2.001148e-02 2.082590e-04
2.011643e-02 2.087521e-04
2.022068e-02 2.085045e-04
2.032418e-02 2.082623e-04
2.042766e-02 2.081563e-04
2.053142e-02 2.073772e-04
2.063677e-02 2.077698e-04
2.074240e-02 2.084174e-04
2.084694e-02 2.082888e-04
2.095127e-02 2.090888e-04
2.105503e-02 2.090327e-04
2.115872e-02 2.081781e-04
2.126295e-02 2.081837e-04
2.136750e-02 2.076372e-04
2.147296e-02 2.077002e-04
2.157829e-02 2.081009e-04
2.168280e-02 2.080349e-04
2.178689e-02 2.093376e-04
2.189062e-02 2.095960e-04
2.199434e-02 2.095572e-04
2.209867e-02 2.099129e-04
2.220417e-02 2.089518e-04
2.230981e-02 2.084058e-04
2.241458e-02 2.083419e-04
2.251883e-02 2.082918e-04
2.262252e-02 2.090854e-04
2.272633e-02 2.094427e-04
2.283122e-02 2.094300e-04
2.293670e-02 2.097798e-04
2.304203e-02 2.102100e-04
2.314697e-02 2.098498e-04
2.325156e-02 2.094458e-04
2.335535e-02 2.091052e-04
2.345895e-02 2.084618e-04
2.356306e-02 2.085327e-04
2.366808e-02 2.080143e-04
2.377407e-02 2.084188e-04
2.387945e-02 2.097753e-04
2.398378e-02 2.096295e-04
2.408773e-02 2.098563e-04
2.419201e-02 2.098485e-04
2.429665e-02 2.092228e-04
2.440111e-02 2.091783e-04
2.450658e-02 2.081684e-04
2.461265e-02 2.081704e-04
2.471765e-02 2.091878e-04
2.482190e-02 2.091041e-04
2.492565e-02 2.096932e-04
2.502976e-02 2.098285e-04
2.513461e-02 2.089506e-04
2.523963e-02 2.090187e-04
2.534488e-02 2.088339e-04
2.545035e-02 2.089020e-04
2.555634e-02 2.090093e-04
2.566124e-02 2.083925e-04
2.576433e-02 2.089119e-04
2.586836e-02 2.093792e-04
2.597337e-02 2.090318e-04
2.607874e-02 2.094037e-04
2.618433e-02 2.100702e-04
2.628929e-02 2.099298e-04
2.639436e-02 2.101300e-04
2.649856e-02 2.096726e-04
2.660210e-02 2.086901e-04
2.670667e-02 2.089475e-04
2.681184e-02 2.086452e-04
2.691794e-02 2.088076e-04
2.702372e-02 2.097824e-04
2.712864e-02 2.098971e-04
2.723326e-02 2.115018e-04
2.733727e-02 2.117108e-04
2.744180e-02 2.106256e-04
2.754669e-02 2.104463e-04
2.765211e-02 2.090413e-04
2.775851e-02 2.088315e-04
2.786441e-02 2.090699e-04
2.796936e-02 2.088662e-04
2.807381e-02 2.099107e-04
2.817835e-02 2.103340e-04
2.828303e-02 2.104696e-04
2.838808e-02 2.107396e-04
2.849390e-02 2.101970e-04
2.860020e-02 2.099973e-04
2.870630e-02 2.097585e-04
2.881058e-02 2.088604e-04
2.891394e-02 2.078934e-04
2.901857e-02 2.083077e-04
2.912387e-02 2.091375e-04
2.922975e-02 2.097903e-04
2.933589e-02 2.103950e-04
2.944156e-02 2.103322e-04
2.954668e-02 2.110667e-04
2.965105e-02 2.105899e-04
2.975515e-02 2.096981e-04
2.985933e-02 2.097058e-04
2.996515e-02 2.077876e-04
3.007271e-02 2.081472e-04
3.017892e-02 2.106103e-04
3.028365e-02 2.106068e-04
3.038802e-02 2.111901e-04
3.049262e-02 2.112462e-04
3.059814e-02 2.098579e-04
3.070395e-02 2.098148e-04
3.081078e-02 2.087788e-04
3.091754e-02 2.083660e-04
3.102238e-02 2.096333e-04
3.112678e-02 2.098245e-04
3.123100e-02 2.106656e-04
3.133610e-02 2.112146e-04
3.144164e-02 2.119914e-04
3.154717e-02 2.125426e-04
3.165413e-02 2.116739e-04
3.176032e-02 2.108961e-04
3.186574e-02 2.108039e-04
3.197075e-02 2.105219e-04
3.207508e-02 2.100820e-04
3.218003e-02 2.102934e-04
3.228531e-02 2.103148e-04
3.239188e-02 2.108094e-04
3.249858e-02 2.119712e-04
3.260395e-02 2.118787e-04
3.270976e-02 2.116800e-04
3.281484e-02 2.111691e-04
3.291921e-02 2.101420e-04
3.302460e-02 2.103868e-04
3.313091e-02 2.095264e-04
3.323839e-02 2.096257e-04
3.334525e-02 2.109221e-04
3.345093e-02 2.109652e-04
3.355604e-02 2.128431e-04
3.366024e-02 2.129763e-04
3.376489e-02 2.117883e-04
3.387062e-02 2.120018e-04
3.397779e-02 2.101627e-04
3.408485e-02 2.091411e-04
3.419057e-02 2.085297e-04
3.429626e-02 2.085686e-04
3.440063e-02 2.108512e-04
3.450489e-02 2.116054e-04
3.461096e-02 2.114865e-04
3.471801e-02 2.120331e-04
3.482512e-02 2.126435e-04
3.493180e-02 2.123152e-04
3.503783e-02 2.124843e-04
3.514180e-02 2.115953e-04
3.524547e-02 2.096171e-04
3.535160e-02 2.103719e-04
3.545883e-02 2.114195e-04
3.556630e-02 2.119413e-04
3.567336e-02 2.132823e-04
3.577937e-02 2.131400e-04
3.588492e-02 2.135276e-04
3.598984e-02 2.130042e-04
3.609529e-02 2.106769e-04
3.620114e-02 2.103724e-04
3.630755e-02 2.093975e-04
3.641509e-02 2.097258e-04
3.652161e-02 2.115281e-04
3.662790e-02 2.120319e-04
3.673302e-02 2.153747e-04
3.683721e-02 2.157237e-04
3.694367e-02 2.128999e-04
3.705047e-02 2.123820e-04
3.715736e-02 2.108044e-04
3.726463e-02 2.104645e-04
3.737139e-02 2.111761e-04
3.747766e-02 2.111415e-04
3.758265e-02 2.123798e-04
3.768816e-02 2.128517e-04
3.779418e-02 2.133096e-04
3.790057e-02 2.139804e-04
3.800895e-02 2.125241e-04
3.811626e-02 2.113584e-04
3.822233e-02 2.109886e-04
3.832802e-02 2.106293e-04
3.843284e-02 2.102863e-04
3.853900e-02 2.109659e-04
3.864605e-02 2.113611e-04
3.875444e-02 2.120182e-04
3.886254e-02 2.143216e-04
3.896799e-02 2.138496e-04
3.907330e-02 2.135830e-04
3.917851e-02 2.134258e-04
3.928474e-02 2.104744e-04
3.939185e-02 2.099379e-04
3.949853e-02 2.091627e-04
3.960725e-02 2.098209e-04
3.971474e-02 2.136948e-04
3.981964e-02 2.138248e-04
3.992514e-02 2.140051e-04
4.003106e-02 2.143219e-04
4.013743e-02 2.136533e-04
4.024426e-02 2.136903e-04
4.035181e-02 2.125818e-04
4.045940e-02 2.119145e-04
4.056579e-02 2.120551e-04
4.067194e-02 2.122490e-04
4.077721e-02 2.142523e-04
4.088243e-02 2.149467e-04
4.098934e-02 2.148881e-04
4.109720e-02 2.154442e-04
4.120583e-02 2.149054e-04
4.131516e-02 2.151364e-04
4.142525e-02 2.145123e-04
4.153237e-02 2.122155e-04
4.163645e-02 2.109251e-04
4.174184e-02 2.115409e-04
4.184854e-02 2.118915e-04
4.195653e-02 2.128036e-04
4.206442e-02 2.147183e-04
4.217125e-02 2.147748e-04
4.227816e-02 2.148058e-04
4.238422e-02 2.140137e-04
4.248972e-02 2.127326e-04
4.259624e-02 2.131706e-04
4.270437e-02 2.125098e-04
4.281296e-02 2.125480e-04
4.292050e-02 2.135847e-04
4.302784e-02 2.138331e-04
4.313437e-02 2.158699e-04
4.323958e-02 2.155181e-04
4.334545e-02 2.134404e-04
4.345199e-02 2.133897e-04
4.355950e-02 2.116522e-04
4.366748e-02 2.113088e-04
4.377585e-02 2.104981e-04
4.388458e-02 2.104285e-04
4.399043e-02 2.142482e-04
4.409615e-02 2.152485e-04
4.420259e-02 2.168028e-04
4.430814e-02 2.171253e-04
4.441572e-02 2.146578e-04
4.452476e-02 2.146391e-04
4.463326e-02 2.162906e-04
4.473966e-02 2.156242e-04
4.484506e-02 2.146087e-04
4.495094e-02 2.145222e-04
4.505698e-02 2.140029e-04
4.516475e-02 2.145625e-04
4.527400e-02 2.136445e-04
4.538497e-02 2.146274e-04
4.549672e-02 2.168555e-04
4.560394e-02 2.149396e-04
4.570823e-02 2.136839e-04
4.581361e-02 2.138834e-04
4.591969e-02 2.132613e-04
4.602759e-02 2.138383e-04
4.613656e-02 2.136538e-04
4.624504e-02 2.135829e-04
4.635216e-02 2.156517e-04
4.645802e-02 2.156440e-04
4.656383e-02 2.165349e-04
4.667255e-02 2.186100e-04
4.678502e-02 2.173019e-04
4.689521e-02 2.151642e-04
4.700274e-02 2.136629e-04
4.711070e-02 2.136636e-04
4.721795e-02 2.148155e-04
4.732360e-02 2.142684e-04
4.742976e-02 2.127245e-04
4.753732e-02 2.130199e-04
4.764483e-02 2.131400e-04
4.775334e-02 2.137860e-04
4.786225e-02 2.149003e-04
4.797063e-02 2.146840e-04
4.807792e-02 2.158988e-04
4.818373e-02 2.157445e-04
4.828919e-02 2.167079e-04
4.839532e-02 2.174469e-04
4.850331e-02 2.155555e-04
4.861178e-02 2.151571e-04
4.871933e-02 2.155874e-04
4.882617e-02 2.150250e-04
4.893200e-02 2.151394e-04
4.903733e-02 2.151748e-04
4.914436e-02 2.132659e-04
4.925337e-02 2.137719e-04
4.936606e-02 2.082333e-04
4.948263e-02 2.085759e-04
4.959436e-02 2.176124e-04
4.970039e-02 2.171461e-04
4.980633e-02 2.160136e-04
4.991297e-02 2.163320e-04
5.002005e-02 2.165150e-04
5.012861e-02 2.174764e-04
5.023875e-02 2.183483e-04
5.034680e-02 2.174093e-04
5.045284e-02 2.173337e-04
5.055801e-02 2.167812e-04
5.066319e-02 2.152289e-04
5.077151e-02 2.162638e-04
5.088169e-02 2.160354e-04
5.098992e-02 2.150761e-04
5.109734e-02 2.145759e-04
5.120490e-02 2.144814e-04
5.131044e-02 2.167759e-04
5.141487e-02 2.169273e-04
5.152055e-02 2.152433e-04
5.162840e-02 2.156493e-04
5.173701e-02 2.155121e-04
5.184497e-02 2.153599e-04
5.195260e-02 2.162857e-04
