-4.854004e-02 2.502940e-04
-4.848628e-02 2.285323e-04
-4.841264e-02 2.323645e-04
-4.832773e-02 2.241089e-04
-4.823684e-02 2.250423e-04
-4.814042e-02 2.192731e-04
-4.804130e-02 2.187906e-04
-4.794377e-02 2.193098e-04
-4.784564e-02 2.198651e-04
-4.774607e-02 2.190144e-04
-4.764381e-02 2.200288e-04
-4.753984e-02 2.199585e-04
-4.743626e-02 2.199995e-04
-4.733093e-02 2.171992e-04
-4.722401e-02 2.171394e-04
-4.711754e-02 2.185646e-04
-4.701269e-02 2.181075e-04
-4.690838e-02 2.169139e-04
-4.680325e-02 2.169725e-04
-4.669763e-02 2.163117e-04
-4.658970e-02 2.171655e-04
-4.648085e-02 2.179914e-04
-4.637260e-02 2.182214e-04
-4.626350e-02 2.182752e-04
-4.615587e-02 2.174188e-04
-4.604951e-02 2.163453e-04
-4.594272e-02 2.162142e-04
-4.583547e-02 2.150827e-04
-4.572614e-02 2.156358e-04
-4.561586e-02 2.156183e-04
-4.550589e-02 2.157240e-04
-4.539762e-02 2.188345e-04
-4.529138e-02 2.187372e-04
-4.518441e-02 2.180720e-04
-4.507799e-02 2.175007e-04
-4.497088e-02 2.139607e-04
-4.486106e-02 2.143234e-04
-4.475125e-02 2.153678e-04
-4.464098e-02 2.157264e-04
-4.453070e-02 2.167109e-04
-4.442218e-02 2.163092e-04
-4.431487e-02 2.180355e-04
-4.420665e-02 2.192016e-04
-4.409669e-02 2.187230e-04
-4.398684e-02 2.184893e-04
-4.387612e-02 2.163966e-04
-4.376464e-02 2.158061e-04
-4.365467e-02 2.166955e-04
-4.354630e-02 2.163493e-04
-4.343843e-02 2.162106e-04
-4.332899e-02 2.171010e-04
-4.321718e-02 2.164492e-04
-4.310459e-02 2.166873e-04
-4.299264e-02 2.175922e-04
-4.288148e-02 2.174437e-04
-4.277133e-02 2.187128e-04
-4.266224e-02 2.182291e-04
-4.255403e-02 2.183228e-04
-4.244519e-02 2.190227e-04
-4.233355e-02 2.171135e-04
-4.221924e-02 2.180336e-04
-4.210555e-02 2.208083e-04
-4.199407e-02 2.204790e-04
-4.188310e-02 2.203995e-04
-4.177132e-02 2.205510e-04
-4.165966e-02 2.211709e-04
-4.154813e-02 2.216137e-04
-4.143516e-02 2.204407e-04
-4.132079e-02 2.208556e-04
-4.120569e-02 2.216218e-04
-4.109143e-02 2.213918e-04
-4.097926e-02 2.233702e-04
-4.086711e-02 2.240671e-04
-4.075445e-02 2.251580e-04
-4.064187e-02 2.251984e-04
-4.052822e-02 2.235279e-04
-4.041129e-02 2.251946e-04
-4.029293e-02 2.283125e-04
-4.017656e-02 2.282572e-04
-4.006054e-02 2.278348e-04
-3.994505e-02 2.273640e-04
-3.983115e-02 2.287067e-04
-3.971480e-02 2.303464e-04
-3.959566e-02 2.302659e-04
-3.947581e-02 2.309783e-04
-3.935488e-02 2.311651e-04
-3.923346e-02 2.315286e-04
-3.911382e-02 2.363981e-04
-3.899521e-02 2.375470e-04
-3.887452e-02 2.363903e-04
-3.875190e-02 2.371381e-04
-3.862797e-02 2.370238e-04
-3.850012e-02 2.390025e-04
-3.837160e-02 2.434007e-04
-3.824402e-02 2.447456e-04
-3.811773e-02 2.506198e-04
-3.799293e-02 2.518507e-04
-3.786450e-02 2.501815e-04
-3.773323e-02 2.512904e-04
-3.760128e-02 2.522766e-04
-3.746834e-02 2.532287e-04
-3.733325e-02 2.522909e-04
-3.719593e-02 2.529419e-04
-3.706088e-02 2.585379e-04
-3.692487e-02 2.614626e-04
-3.678660e-02 2.668065e-04
-3.664748e-02 2.692522e-04
-3.650526e-02 2.698548e-04
-3.636009e-02 2.718505e-04
-3.621330e-02 2.747164e-04
-3.606356e-02 2.771426e-04
-3.591350e-02 2.833894e-04
-3.576105e-02 2.874497e-04
-3.560681e-02 2.957276e-04
-3.544724e-02 3.019071e-04
-3.528208e-02 3.109209e-04
-3.511012e-02 3.182789e-04
-3.493417e-02 3.308542e-04
-3.475513e-02 3.372362e-04
-3.457126e-02 3.469128e-04
-3.437649e-02 3.564431e-04
-3.417700e-02 3.750389e-04
-3.395802e-02 3.938908e-04
-3.372739e-02 4.283963e-04
-3.348024e-02 4.508149e-04
-3.321623e-02 4.833210e-04
-3.290117e-02 5.257155e-04
-3.257030e-02 6.170738e-04
-3.225068e-02 6.422917e-04
-3.187484e-02 6.187364e-04
-3.139676e-02 6.723335e-04
-3.092927e-02 8.384472e-04
-3.047849e-02 8.883856e-04
-2.990639e-02 8.282354e-04
-2.939136e-02 7.723835e-04
-2.892641e-02 6.973092e-04
-2.855661e-02 6.130823e-04
-2.823191e-02 4.544372e-04
-2.789869e-02 4.018579e-04
-2.765793e-02 4.103014e-04
-2.740596e-02 4.205823e-04
-2.714870e-02 4.419165e-04
-2.687434e-02 4.599575e-04
-2.659471e-02 4.995631e-04
-2.638368e-02 4.725831e-04
-2.616774e-02 3.894327e-04
-2.596534e-02 3.509035e-04
-2.578098e-02 2.743306e-04
-2.560018e-02 2.450630e-04
-2.546611e-02 2.415327e-04
-2.533550e-02 2.381861e-04
-2.520707e-02 2.334028e-04
-2.507797e-02 2.320989e-04
-2.495087e-02 2.309033e-04
-2.482095e-02 2.321652e-04
-2.469090e-02 2.354611e-04
-2.456351e-02 2.347275e-04
-2.443647e-02 2.333235e-04
-2.431184e-02 2.316882e-04
-2.418846e-02 2.300733e-04
-2.406448e-02 2.298537e-04
-2.393933e-02 2.263891e-04
-2.381216e-02 2.263563e-04
-2.368677e-02 2.292376e-04
-2.356030e-02 2.306007e-04
-2.343441e-02 2.353739e-04
-2.331059e-02 2.361648e-04
-2.318658e-02 2.380561e-04
-2.306373e-02 2.380471e-04
-2.293796e-02 2.340469e-04
-2.281136e-02 2.331135e-04
-2.268393e-02 2.282268e-04
-2.255340e-02 2.283307e-04
-2.242470e-02 2.316693e-04
-2.229732e-02 2.317467e-04
-2.217217e-02 2.356753e-04
-2.204729e-02 2.372329e-04
-2.191972e-02 2.379585e-04
-2.179251e-02 2.380123e-04
-2.166271e-02 2.329202e-04
-2.153301e-02 2.310264e-04
-2.140657e-02 2.311949e-04
-2.127886e-02 2.316907e-04
-2.115180e-02 2.341919e-04
-2.102409e-02 2.357960e-04
-2.089407e-02 2.364123e-04
-2.076246e-02 2.375918e-04
-2.062857e-02 2.379679e-04
-2.049523e-02 2.377933e-04
-2.036345e-02 2.389734e-04
-2.023188e-02 2.392691e-04
-2.009984e-02 2.392962e-04
-1.996645e-02 2.397777e-04
-1.983255e-02 2.403149e-04
-1.969580e-02 2.425368e-04
-1.955906e-02 2.487154e-04
-1.942009e-02 2.522850e-04
-1.927775e-02 2.575478e-04
-1.913512e-02 2.596398e-04
-1.899173e-02 2.631799e-04
-1.884979e-02 2.635810e-04
-1.870397e-02 2.582040e-04
-1.855526e-02 2.576397e-04
-1.840731e-02 2.574244e-04
-1.825833e-02 2.583064e-04
-1.811137e-02 2.650787e-04
-1.796673e-02 2.661471e-04
-1.782135e-02 2.668563e-04
-1.767483e-02 2.677994e-04
-1.752633e-02 2.671096e-04
-1.737372e-02 2.689443e-04
-1.721880e-02 2.702379e-04
-1.706173e-02 2.723431e-04
-1.690639e-02 2.810351e-04
-1.674691e-02 2.866502e-04
-1.658428e-02 2.981009e-04
-1.641067e-02 3.088628e-04
-1.623035e-02 3.264199e-04
-1.604902e-02 3.333508e-04
-1.585650e-02 3.339320e-04
-1.567734e-02 3.256673e-04
-1.549642e-02 2.999321e-04
-1.532548e-02 2.851058e-04
-1.516753e-02 2.665308e-04
-1.501608e-02 2.559391e-04
-1.487547e-02 2.435303e-04
-1.473758e-02 2.374218e-04
-1.460612e-02 2.311671e-04
-1.447990e-02 2.254534e-04
-1.435797e-02 2.168247e-04
-1.423892e-02 2.122931e-04
-1.412430e-02 2.070892e-04
-1.400728e-02 2.066471e-04
-1.388987e-02 2.055212e-04
-1.377059e-02 2.062550e-04
-1.365298e-02 2.102776e-04
-1.353580e-02 2.114690e-04
-1.341907e-02 2.155245e-04
-1.330465e-02 2.152971e-04
-1.318882e-02 2.123453e-04
-1.307153e-02 2.124412e-04
-1.295144e-02 2.088303e-04
-1.283028e-02 2.081937e-04
-1.271133e-02 2.092904e-04
-1.259383e-02 2.088154e-04
-1.247849e-02 2.111115e-04
-1.236547e-02 2.102499e-04
-1.225171e-02 2.066527e-04
-1.213895e-02 2.050353e-04
-1.202598e-02 2.002031e-04
-1.191524e-02 1.971220e-04
-1.180544e-02 1.908273e-04
-1.169743e-02 1.874920e-04
-1.159469e-02 1.862752e-04
-1.149252e-02 1.854954e-04
-1.139186e-02 1.858325e-04
-1.129324e-02 1.844653e-04
-1.119428e-02 1.801339e-04
-1.109708e-02 1.777666e-04
-1.100073e-02 1.732584e-04
-1.090645e-02 1.704025e-04
-1.081501e-02 1.665388e-04
-1.072401e-02 1.648814e-04
-1.063509e-02 1.637440e-04
-1.054636e-02 1.629925e-04
-1.045801e-02 1.615834e-04
-1.036998e-02 1.611115e-04
-1.028253e-02 1.607840e-04
-1.019776e-02 1.590604e-04
-1.011362e-02 1.559043e-04
-1.003141e-02 1.536120e-04
-9.951056e-03 1.497290e-04
-9.869859e-03 1.488362e-04
-9.788894e-03 1.467474e-04
-9.707632e-03 1.459709e-04
-9.627874e-03 1.463509e-04
-9.549933e-03 1.455954e-04
-9.472120e-03 1.442485e-04
-9.395123e-03 1.432776e-04
-9.319438e-03 1.422100e-04
-9.244698e-03 1.412564e-04
-9.169211e-03 1.373579e-04
-9.093651e-03 1.359984e-04
-9.019894e-03 1.352330e-04
-8.945630e-03 1.350723e-04
-8.872725e-03 1.369045e-04
-8.801381e-03 1.368107e-04
-8.729166e-03 1.356102e-04
-8.657829e-03 1.346551e-04
-8.587598e-03 1.333259e-04
-8.517114e-03 1.329987e-04
-8.446171e-03 1.313207e-04
-8.376086e-03 1.300209e-04
-8.307562e-03 1.290343e-04
-8.240327e-03 1.280821e-04
-8.174121e-03 1.271519e-04
-8.107588e-03 1.270122e-04
-8.040095e-03 1.254975e-04
-7.972417e-03 1.250668e-04
-7.905729e-03 1.250358e-04
-7.840288e-03 1.242755e-04
-7.775797e-03 1.237504e-04
-7.712030e-03 1.229571e-04
-7.648293e-03 1.208177e-04
-7.584929e-03 1.199892e-04
-7.521905e-03 1.187009e-04
-7.458147e-03 1.186813e-04
-7.395213e-03 1.195455e-04
-7.334007e-03 1.188187e-04
-7.272862e-03 1.169023e-04
-7.212064e-03 1.158451e-04
-7.151972e-03 1.141025e-04
-7.091573e-03 1.138148e-04
-7.031177e-03 1.130232e-04
-6.971723e-03 1.121739e-04
-6.912369e-03 1.103968e-04
-6.852828e-03 1.098720e-04
-6.794767e-03 1.104533e-04
-6.737593e-03 1.101282e-04
-6.680698e-03 1.096903e-04
-6.623998e-03 1.092655e-04
-6.566845e-03 1.073458e-04
-6.509536e-03 1.068947e-04
-6.452441e-03 1.063963e-04
-6.396392e-03 1.055924e-04
-6.341513e-03 1.049026e-04
-6.286921e-03 1.044820e-04
-6.232620e-03 1.037980e-04
-6.177777e-03 1.037332e-04
-6.123237e-03 1.040666e-04
-6.069405e-03 1.039033e-04
-6.015243e-03 1.029056e-04
-5.962099e-03 1.019360e-04
-5.909645e-03 1.007692e-04
-5.856955e-03 1.004909e-04
-5.804918e-03 1.004192e-04
-5.752888e-03 1.003892e-04
-5.700356e-03 9.946690e-05
-5.647886e-03 9.896063e-05
-5.596582e-03 9.950557e-05
-5.546210e-03 9.927760e-05
-5.495353e-03 9.820756e-05
-5.445412e-03 9.727255e-05
-5.396204e-03 9.552285e-05
-5.346945e-03 9.492295e-05
-5.298085e-03 9.392119e-05
-5.248777e-03 9.370045e-05
-5.199615e-03 9.334066e-05
-5.151536e-03 9.268872e-05
-5.104380e-03 9.241523e-05
-5.057561e-03 9.211498e-05
-5.010540e-03 9.128921e-05
-4.963838e-03 9.080056e-05
-4.917149e-03 8.911481e-05
-4.870807e-03 8.829866e-05
-4.825582e-03 8.789563e-05
-4.780279e-03 8.767762e-05
-4.735617e-03 8.814618e-05
-4.691744e-03 8.796200e-05
-4.647068e-03 8.644129e-05
-4.602258e-03 8.597364e-05
-4.557825e-03 8.497188e-05
-4.513487e-03 8.455474e-05
-4.469648e-03 8.423115e-05
-4.426450e-03 8.361538e-05
-4.383821e-03 8.285986e-05
-4.341105e-03 8.275214e-05
-4.298545e-03 8.271168e-05
-4.256089e-03 8.263523e-05
-4.213613e-03 8.270265e-05
-4.171765e-03 8.235163e-05
-4.129934e-03 8.109022e-05
-4.088041e-03 8.067308e-05
-4.046648e-03 8.034949e-05
-4.005483e-03 7.998684e-05
-3.964443e-03 7.919518e-05
-3.923434e-03 7.899918e-05
-3.882432e-03 7.876001e-05
-3.841504e-03 7.863018e-05
-3.801250e-03 7.909134e-05
-3.761652e-03 7.886255e-05
-3.722015e-03 7.816112e-05
-3.682737e-03 7.769236e-05
-3.643578e-03 7.658789e-05
-3.603952e-03 7.636648e-05
-3.564549e-03 7.613033e-05
-3.525528e-03 7.591974e-05
-3.486607e-03 7.578774e-05
-3.448105e-03 7.549010e-05
-3.410270e-03 7.548816e-05
-3.372538e-03 7.542538e-05
-3.334452e-03 7.466001e-05
-3.296390e-03 7.426841e-05
-3.258564e-03 7.357879e-05
-3.221133e-03 7.319444e-05
-3.184310e-03 7.314051e-05
-3.147646e-03 7.302652e-05
-3.110691e-03 7.250091e-05
-3.073899e-03 7.221408e-05
-3.037440e-03 7.169673e-05
-3.001024e-03 7.148467e-05
-2.964790e-03 7.119983e-05
-2.928674e-03 7.092933e-05
-2.892688e-03 7.039856e-05
-2.857209e-03 6.999962e-05
-2.821998e-03 6.960031e-05
-2.786657e-03 6.953524e-05
-2.751558e-03 6.949648e-05
-2.716675e-03 6.935348e-05
-2.681629e-03 6.868500e-05
-2.646543e-03 6.837458e-05
-2.611864e-03 6.819265e-05
-2.577565e-03 6.799179e-05
-2.543260e-03 6.742362e-05
-2.509167e-03 6.709070e-05
-2.475113e-03 6.648056e-05
-2.440972e-03 6.631331e-05
-2.407218e-03 6.623968e-05
-2.373656e-03 6.609737e-05
-2.340428e-03 6.626014e-05
-2.307311e-03 6.616172e-05
-2.274056e-03 6.565810e-05
-2.240964e-03 6.546836e-05
-2.207837e-03 6.512910e-05
-2.174804e-03 6.495060e-05
-2.141951e-03 6.450687e-05
-2.109289e-03 6.423204e-05
-2.076941e-03 6.399177e-05
-2.044536e-03 6.385225e-05
-2.012419e-03 6.394718e-05
-1.980585e-03 6.389923e-05
-1.948603e-03 6.352174e-05
-1.916768e-03 6.329794e-05
-1.884928e-03 6.290619e-05
-1.853021e-03 6.280476e-05
-1.821308e-03 6.260518e-05
-1.789901e-03 6.234849e-05
-1.758753e-03 6.206559e-05
-1.727525e-03 6.192677e-05
-1.696377e-03 6.167430e-05
-1.665402e-03 6.156309e-05
-1.634328e-03 6.131953e-05
-1.603390e-03 6.114962e-05
-1.572743e-03 6.092873e-05
-1.542364e-03 6.068738e-05
-1.512170e-03 6.032310e-05
-1.481803e-03 6.021309e-05
-1.451446e-03 5.992475e-05
-1.421320e-03 5.976350e-05
-1.391230e-03 5.937446e-05
-1.361208e-03 5.919306e-05
-1.331330e-03 5.915157e-05
-1.301645e-03 5.902038e-05
-1.272158e-03 5.876074e-05
-1.242859e-03 5.855426e-05
-1.213683e-03 5.818610e-05
-1.184342e-03 5.807339e-05
-1.155080e-03 5.789332e-05
-1.126161e-03 5.770150e-05
-1.097200e-03 5.731384e-05
-1.068281e-03 5.714822e-05
-1.039685e-03 5.700871e-05
-1.011264e-03 5.685315e-05
-9.829225e-04 5.655281e-05
-9.543949e-04 5.647921e-05
-9.258835e-04 5.630328e-05
-8.976959e-04 5.612258e-05
-8.697380e-04 5.600317e-05
-8.420018e-04 5.582732e-05
-8.142422e-04 5.551037e-05
-7.864491e-04 5.541596e-05
-7.588080e-04 5.519700e-05
-7.312596e-04 5.506238e-05
-7.037601e-04 5.476979e-05
-6.762245e-04 5.461170e-05
-6.488306e-04 5.440980e-05
-6.217081e-04 5.424855e-05
-5.946865e-04 5.396928e-05
-5.677357e-04 5.382611e-05
-5.407397e-04 5.355547e-05
-5.138249e-04 5.340902e-05
-4.872001e-04 5.328307e-05
-4.606438e-04 5.319657e-05
-4.341073e-04 5.298925e-05
-4.075858e-04 5.283367e-05
-3.811850e-04 5.260364e-05
-3.550244e-04 5.244865e-05
-3.288498e-04 5.219233e-05
-3.027414e-04 5.205995e-05
-2.767954e-04 5.176543e-05
-2.509852e-04 5.157778e-05
-2.252736e-04 5.122125e-05
-1.996003e-04 5.100055e-05
-1.741080e-04 5.069070e-05
-1.489092e-04 5.047246e-05
-1.238624e-04 5.012001e-05
-9.901987e-05 4.987049e-05
-7.415062e-05 4.931983e-05
-4.954011e-05 4.897097e-05
-2.525796e-05 4.834152e-05
-7.472330e-07 4.825977e-05
2.346878e-05 4.850428e-05
4.804913e-05 4.875189e-05
7.263643e-05 4.941081e-05
9.727014e-05 4.974238e-05
1.222763e-04 5.023261e-05
1.473463e-04 5.044795e-05
1.725404e-04 5.064952e-05
1.979470e-04 5.084977e-05
2.234451e-04 5.125294e-05
2.491637e-04 5.146023e-05
2.750112e-04 5.181967e-05
3.008180e-04 5.199484e-05
3.268941e-04 5.223034e-05
3.530281e-04 5.235020e-05
3.791459e-04 5.251298e-05
4.054006e-04 5.265390e-05
4.317215e-04 5.293490e-05
4.582535e-04 5.309048e-05
4.849700e-04 5.321444e-05
5.116471e-04 5.330758e-05
5.383044e-04 5.359844e-05
5.650244e-04 5.374093e-05
5.919521e-04 5.399469e-05
6.189030e-04 5.410018e-05
6.458991e-04 5.411375e-05
6.732456e-04 5.425502e-05
7.006165e-04 5.460601e-05
7.279248e-04 5.476867e-05
7.553421e-04 5.503833e-05
7.828372e-04 5.518222e-05
8.105201e-04 5.547818e-05
8.383041e-04 5.564568e-05
8.661450e-04 5.580652e-05
8.940728e-04 5.591675e-05
9.220632e-04 5.611829e-05
9.503461e-04 5.628960e-05
9.786685e-04 5.669838e-05
1.006911e-03 5.687424e-05
1.035379e-03 5.720186e-05
1.063913e-03 5.735907e-05
1.092447e-03 5.757805e-05
1.121113e-03 5.773572e-05
1.150002e-03 5.780160e-05
1.179202e-03 5.793368e-05
1.208405e-03 5.829585e-05
1.237406e-03 5.838413e-05
1.266395e-03 5.864995e-05
1.295543e-03 5.884180e-05
1.325052e-03 5.899671e-05
1.354841e-03 5.922075e-05
1.384604e-03 5.966452e-05
1.414431e-03 5.978178e-05
1.444304e-03 6.002870e-05
1.474066e-03 6.013157e-05
1.503960e-03 6.019514e-05
1.534070e-03 6.034736e-05
1.564546e-03 6.038958e-05
1.595210e-03 6.051812e-05
1.625714e-03 6.091345e-05
1.656214e-03 6.105367e-05
1.686716e-03 6.143931e-05
1.717479e-03 6.165017e-05
1.748399e-03 6.197116e-05
1.779244e-03 6.212547e-05
1.810476e-03 6.214361e-05
1.841966e-03 6.230515e-05
1.873442e-03 6.254158e-05
1.905044e-03 6.270273e-05
1.936680e-03 6.309418e-05
1.968531e-03 6.327752e-05
2.000381e-03 6.378724e-05
2.032089e-03 6.397213e-05
2.064045e-03 6.407229e-05
2.096176e-03 6.421340e-05
2.128695e-03 6.420233e-05
2.161310e-03 6.425598e-05
2.193682e-03 6.456410e-05
2.226343e-03 6.475930e-05
2.258942e-03 6.540224e-05
2.291534e-03 6.571782e-05
2.324545e-03 6.589695e-05
2.357938e-03 6.619029e-05
2.391638e-03 6.674411e-05
2.425133e-03 6.682111e-05
2.458431e-03 6.711178e-05
2.491720e-03 6.721154e-05
2.525177e-03 6.720961e-05
2.559168e-03 6.743810e-05
2.593252e-03 6.791691e-05
2.627448e-03 6.824778e-05
2.662022e-03 6.879605e-05
2.696694e-03 6.905362e-05
2.731304e-03 6.961366e-05
2.765875e-03 6.979156e-05
2.800689e-03 6.987877e-05
2.835705e-03 6.993613e-05
2.870770e-03 7.001191e-05
2.906023e-03 7.024615e-05
2.941616e-03 7.059672e-05
2.977485e-03 7.088972e-05
3.013105e-03 7.185090e-05
3.048647e-03 7.214949e-05
3.084596e-03 7.229677e-05
3.120768e-03 7.238430e-05
3.157143e-03 7.228903e-05
3.193855e-03 7.255526e-05
3.230772e-03 7.295398e-05
3.267808e-03 7.316946e-05
3.305017e-03 7.375549e-05
3.342237e-03 7.397318e-05
3.379229e-03 7.467857e-05
3.416239e-03 7.494368e-05
3.453638e-03 7.503088e-05
3.491664e-03 7.533565e-05
3.530133e-03 7.544405e-05
3.568567e-03 7.556430e-05
3.607153e-03 7.593068e-05
3.645860e-03 7.613633e-05
3.684537e-03 7.646965e-05
3.723814e-03 7.695101e-05
3.763159e-03 7.817575e-05
3.802493e-03 7.850220e-05
3.842172e-03 7.883143e-05
3.881968e-03 7.912685e-05
3.922062e-03 7.975105e-05
3.961933e-03 7.984216e-05
4.001856e-03 7.970652e-05
4.042427e-03 8.004766e-05
4.083086e-03 8.084995e-05
4.124180e-03 8.128936e-05
4.165735e-03 8.174366e-05
4.207575e-03 8.218922e-05
4.249496e-03 8.329101e-05
4.290862e-03 8.335635e-05
4.332349e-03 8.365286e-05
4.374128e-03 8.393527e-05
4.416227e-03 8.386938e-05
4.459353e-03 8.434604e-05
4.502836e-03 8.507273e-05
4.546144e-03 8.534313e-05
4.589310e-03 8.632549e-05
4.632573e-03 8.673700e-05
4.676261e-03 8.750067e-05
4.719933e-03 8.776739e-05
4.764134e-03 8.729648e-05
4.808910e-03 8.747299e-05
4.853639e-03 8.804273e-05
4.898626e-03 8.828210e-05
4.943814e-03 8.861384e-05
4.989098e-03 8.891064e-05
5.034365e-03 9.010208e-05
5.080160e-03 9.085024e-05
5.126535e-03 9.161958e-05
5.173239e-03 9.209397e-05
5.220387e-03 9.266952e-05
5.268296e-03 9.320559e-05
5.316606e-03 9.402664e-05
5.364803e-03 9.438045e-05
5.412787e-03 9.571339e-05
5.460967e-03 9.631187e-05
5.510021e-03 9.688448e-05
5.559852e-03 9.755878e-05
5.610316e-03 9.800644e-05
5.661541e-03 9.848880e-05
5.712862e-03 9.967019e-05
5.763592e-03 9.987455e-05
5.814508e-03 1.001307e-04
5.865792e-03 1.004435e-04
5.917502e-03 1.009826e-04
5.970325e-03 1.018479e-04
6.023362e-03 1.035086e-04
6.075711e-03 1.036921e-04
6.127982e-03 1.043296e-04
6.181342e-03 1.050687e-04
6.234887e-03 1.068099e-04
6.287513e-03 1.070303e-04
6.341246e-03 1.062018e-04
6.396061e-03 1.065532e-04
6.450954e-03 1.069951e-04
6.506105e-03 1.073097e-04
6.561432e-03 1.078911e-04
6.617321e-03 1.082892e-04
6.673061e-03 1.096451e-04
6.728537e-03 1.101226e-04
6.784631e-03 1.108384e-04
6.841555e-03 1.115972e-04
6.899124e-03 1.122077e-04
6.957028e-03 1.126283e-04
7.015389e-03 1.130334e-04
7.074224e-03 1.133080e-04
7.132628e-03 1.147916e-04
7.190957e-03 1.154353e-04
7.249961e-03 1.160998e-04
7.309732e-03 1.167998e-04
7.370940e-03 1.167910e-04
7.432743e-03 1.171492e-04
7.493729e-03 1.190619e-04
7.554294e-03 1.194979e-04
7.615886e-03 1.189940e-04
7.678052e-03 1.189937e-04
7.739605e-03 1.200206e-04
7.802347e-03 1.212642e-04
7.866509e-03 1.228127e-04
7.931215e-03 1.237028e-04
7.995901e-03 1.257415e-04
8.060399e-03 1.263631e-04
8.125657e-03 1.268204e-04
8.191121e-03 1.269331e-04
8.256424e-03 1.275154e-04
8.322098e-03 1.281187e-04
8.389138e-03 1.280016e-04
8.457460e-03 1.287338e-04
8.525309e-03 1.310651e-04
8.594233e-03 1.325503e-04
8.663509e-03 1.360870e-04
8.732133e-03 1.367799e-04
8.801421e-03 1.375937e-04
8.870837e-03 1.381498e-04
8.941677e-03 1.373292e-04
9.013561e-03 1.376587e-04
9.086715e-03 1.369717e-04
9.160439e-03 1.370717e-04
9.232607e-03 1.394185e-04
9.305711e-03 1.406308e-04
9.378725e-03 1.441448e-04
9.451393e-03 1.453946e-04
9.525725e-03 1.460958e-04
9.600997e-03 1.469118e-04
9.678513e-03 1.459911e-04
9.756391e-03 1.458822e-04
9.833039e-03 1.470721e-04
9.911136e-03 1.483718e-04
9.989530e-03 1.514860e-04
1.006813e-02 1.525222e-04
1.014754e-02 1.540604e-04
1.022850e-02 1.557460e-04
1.031147e-02 1.576573e-04
1.039395e-02 1.580601e-04
1.047714e-02 1.573992e-04
1.056058e-02 1.573141e-04
1.064335e-02 1.582114e-04
1.072842e-02 1.597017e-04
1.081473e-02 1.618109e-04
1.090299e-02 1.639609e-04
1.099263e-02 1.676341e-04
1.108319e-02 1.695137e-04
1.117434e-02 1.744147e-04
1.126453e-02 1.756187e-04
1.135619e-02 1.758532e-04
1.144908e-02 1.764328e-04
1.154276e-02 1.767331e-04
1.163906e-02 1.786474e-04
1.173685e-02 1.814809e-04
1.183774e-02 1.843580e-04
1.193949e-02 1.916268e-04
1.204128e-02 1.942925e-04
1.214496e-02 1.978291e-04
1.225039e-02 2.001543e-04
1.235705e-02 2.045475e-04
1.246611e-02 2.072806e-04
1.257868e-02 2.090403e-04
1.269303e-02 2.110234e-04
1.280877e-02 2.150347e-04
1.292479e-02 2.166704e-04
1.304038e-02 2.211179e-04
1.315635e-02 2.229478e-04
1.327396e-02 2.252868e-04
1.339364e-02 2.270588e-04
1.351604e-02 2.274755e-04
1.363817e-02 2.277688e-04
1.376240e-02 2.259394e-04
1.388503e-02 2.243345e-04
1.400498e-02 2.234780e-04
1.412432e-02 2.228027e-04
1.424299e-02 2.220276e-04
1.436280e-02 2.221161e-04
1.448296e-02 2.217998e-04
1.460201e-02 2.213181e-04
1.472159e-02 2.191010e-04
1.484036e-02 2.178165e-04
1.495740e-02 2.179507e-04
1.507756e-02 2.198873e-04
1.519814e-02 2.237107e-04
1.532125e-02 2.266010e-04
1.544601e-02 2.318604e-04
1.557923e-02 2.384938e-04
1.571491e-02 2.528130e-04
1.585700e-02 2.621365e-04
1.600523e-02 2.788427e-04
1.616245e-02 2.902945e-04
1.632824e-02 3.067316e-04
1.651362e-02 3.244278e-04
1.670935e-02 3.562904e-04
1.689633e-02 3.619923e-04
1.710032e-02 3.495563e-04
1.729162e-02 3.379564e-04
1.747666e-02 3.173592e-04
1.765439e-02 3.055534e-04
1.781888e-02 2.935948e-04
1.798169e-02 2.882865e-04
1.814066e-02 2.799633e-04
1.829861e-02 2.759642e-04
1.845237e-02 2.719222e-04
1.860435e-02 2.697688e-04
1.875177e-02 2.713752e-04
1.889642e-02 2.702943e-04
1.904232e-02 2.661934e-04
1.918926e-02 2.653504e-04
1.933380e-02 2.659821e-04
1.947915e-02 2.666986e-04
1.962617e-02 2.659099e-04
1.977513e-02 2.664202e-04
1.992213e-02 2.711403e-04
2.006787e-02 2.724387e-04
2.021578e-02 2.734334e-04
2.036169e-02 2.725992e-04
2.050850e-02 2.677236e-04
2.065373e-02 2.650230e-04
2.079698e-02 2.608333e-04
2.093942e-02 2.584777e-04
2.107952e-02 2.558792e-04
2.121466e-02 2.523126e-04
2.134832e-02 2.457876e-04
2.148317e-02 2.441572e-04
2.161637e-02 2.414209e-04
2.175018e-02 2.408021e-04
2.188244e-02 2.416799e-04
2.201513e-02 2.419237e-04
2.214757e-02 2.430704e-04
2.227778e-02 2.424719e-04
2.240676e-02 2.428610e-04
2.253457e-02 2.423022e-04
2.266429e-02 2.384564e-04
2.279499e-02 2.376664e-04
2.292503e-02 2.356413e-04
2.305669e-02 2.355542e-04
2.318717e-02 2.373144e-04
2.331650e-02 2.375730e-04
2.344358e-02 2.420399e-04
2.356963e-02 2.430415e-04
2.369835e-02 2.422889e-04
2.382713e-02 2.420618e-04
2.395718e-02 2.383856e-04
2.408765e-02 2.373203e-04
2.421720e-02 2.359154e-04
2.434612e-02 2.347124e-04
2.447221e-02 2.361505e-04
2.459643e-02 2.358738e-04
2.472087e-02 2.356372e-04
2.484669e-02 2.363899e-04
2.497389e-02 2.352737e-04
2.510013e-02 2.342991e-04
2.522618e-02 2.319194e-04
2.535214e-02 2.306864e-04
2.547570e-02 2.312889e-04
2.559877e-02 2.315245e-04
2.572185e-02 2.321756e-04
2.584678e-02 2.335269e-04
2.597385e-02 2.346142e-04
2.610163e-02 2.354526e-04
2.622929e-02 2.370862e-04
2.635549e-02 2.364703e-04
2.648007e-02 2.374842e-04
2.660432e-02 2.379743e-04
2.673038e-02 2.363351e-04
2.686112e-02 2.385434e-04
2.699353e-02 2.427790e-04
2.713079e-02 2.472375e-04
2.726927e-02 2.566459e-04
2.749853e-02 3.146181e-04
2.773058e-02 4.710028e-04
2.793467e-02 5.097847e-04
2.822305e-02 4.769711e-04
2.850887e-02 4.642798e-04
2.877993e-02 4.552644e-04
2.903734e-02 4.438597e-04
2.928845e-02 4.208842e-04
2.953310e-02 4.087293e-04
2.976459e-02 3.969548e-04
3.010806e-02 4.592479e-04
3.044138e-02 6.488577e-04
3.087885e-02 7.801984e-04
3.143251e-02 9.549094e-04
3.196596e-02 1.006001e-03
3.265380e-02 8.865093e-04
3.325148e-02 7.892784e-04
3.373828e-02 7.043916e-04
3.420418e-02 6.603250e-04
3.464398e-02 5.822249e-04
3.501162e-02 5.116811e-04
3.529594e-02 4.545210e-04
3.555597e-02 4.193437e-04
3.578527e-02 3.742031e-04
3.600853e-02 3.543083e-04
3.620604e-02 3.404796e-04
3.639844e-02 3.324358e-04
3.658132e-02 3.260099e-04
3.675637e-02 3.185542e-04
3.692725e-02 3.049174e-04
3.709783e-02 3.002525e-04
3.726316e-02 2.971325e-04
3.742334e-02 2.929305e-04
3.758112e-02 2.841190e-04
3.773547e-02 2.788937e-04
3.788501e-02 2.724269e-04
3.803481e-02 2.698782e-04
3.818123e-02 2.684905e-04
3.832732e-02 2.681527e-04
3.847434e-02 2.666510e-04
3.862004e-02 2.653371e-04
3.876329e-02 2.647596e-04
3.890383e-02 2.629221e-04
3.904337e-02 2.594668e-04
3.918064e-02 2.564985e-04
3.931596e-02 2.515429e-04
3.945247e-02 2.508137e-04
3.958842e-02 2.497293e-04
3.972444e-02 2.493803e-04
3.985955e-02 2.508567e-04
3.999239e-02 2.500391e-04
4.012377e-02 2.492427e-04
4.025263e-02 2.470984e-04
4.038039e-02 2.429879e-04
4.050705e-02 2.411765e-04
4.063392e-02 2.358042e-04
4.076091e-02 2.339379e-04
4.088527e-02 2.339987e-04
4.100873e-02 2.334849e-04
4.112976e-02 2.352192e-04
4.124942e-02 2.350274e-04
4.136937e-02 2.340313e-04
4.148960e-02 2.335247e-04
4.161132e-02 2.296552e-04
4.173276e-02 2.284048e-04
4.185294e-02 2.278869e-04
4.197247e-02 2.273181e-04
4.209097e-02 2.265778e-04
4.220978e-02 2.264962e-04
4.232581e-02 2.309067e-04
4.244156e-02 2.320083e-04
4.256065e-02 2.295166e-04
4.267848e-02 2.281750e-04
4.279572e-02 2.254167e-04
4.291301e-02 2.244463e-04
4.303012e-02 2.228847e-04
4.314608e-02 2.216394e-04
4.325897e-02 2.224669e-04
4.337271e-02 2.229754e-04
4.348712e-02 2.232838e-04
4.360262e-02 2.243494e-04
4.372007e-02 2.240701e-04
4.383542e-02 2.227167e-04
4.394999e-02 2.210966e-04
4.406342e-02 2.198281e-04
4.417504e-02 2.184677e-04
4.428830e-02 2.189609e-04
4.440135e-02 2.206760e-04
4.451592e-02 2.218983e-04
4.463237e-02 2.221679e-04
4.474682e-02 2.213650e-04
4.485992e-02 2.222058e-04
4.497274e-02 2.223368e-04
4.508626e-02 2.206740e-04
4.519809e-02 2.190625e-04
4.530936e-02 2.155394e-04
4.542432e-02 2.161900e-04
4.553878e-02 2.188303e-04
4.565305e-02 2.199557e-04
4.576852e-02 2.219140e-04
4.588212e-02 2.215026e-04
4.599389e-02 2.225762e-04
4.610425e-02 2.221186e-04
4.621476e-02 2.205857e-04
4.632665e-02 2.205560e-04
4.643989e-02 2.182422e-04
4.655412e-02 2.183047e-04
4.666782e-02 2.193603e-04
4.678025e-02 2.189808e-04
4.689116e-02 2.212971e-04
4.700167e-02 2.218970e-04
4.711312e-02 2.211703e-04
4.722487e-02 2.210901e-04
4.733866e-02 2.174546e-04
4.745471e-02 2.172060e-04
4.756967e-02 2.183639e-04
4.768283e-02 2.179927e-04
4.779488e-02 2.196235e-04
4.790712e-02 2.203284e-04
4.801945e-02 2.213012e-04
4.813194e-02 2.217504e-04
4.824598e-02 2.204152e-04
4.836049e-02 2.199172e-04
4.847528e-02 2.181037e-04
4.858942e-02 2.173586e-04
4.870232e-02 2.181682e-04
