-4.909848e-02 2.373045e-04
-4.903098e-02 2.135118e-04
-4.894571e-02 2.153503e-04
-4.885709e-02 2.147947e-04
-4.876685e-02 2.158678e-04
-4.867343e-02 2.143831e-04
-4.857934e-02 2.142296e-04
-4.848373e-02 2.104763e-04
-4.838555e-02 2.106696e-04
-4.828627e-02 2.093791e-04
-4.818537e-02 2.096049e-04
-4.808454e-02 2.103129e-04
-4.798412e-02 2.106069e-04
-4.788551e-02 2.144300e-04
-4.778612e-02 2.162719e-04
-4.768170e-02 2.138082e-04
-4.757738e-02 2.128529e-04
-4.747394e-02 2.108687e-04
-4.737062e-02 2.100777e-04
-4.726854e-02 2.099226e-04
-4.716621e-02 2.097243e-04
-4.706523e-02 2.113900e-04
-4.696391e-02 2.124770e-04
-4.685943e-02 2.110264e-04
-4.675310e-02 2.116096e-04
-4.664683e-02 2.125184e-04
-4.654254e-02 2.116499e-04
-4.643968e-02 2.116266e-04
-4.633695e-02 2.112593e-04
-4.623322e-02 2.085868e-04
-4.612761e-02 2.090379e-04
-4.602161e-02 2.096253e-04
-4.591542e-02 2.099498e-04
-4.580962e-02 2.123101e-04
-4.570604e-02 2.118271e-04
-4.560373e-02 2.117961e-04
-4.550057e-02 2.122977e-04
-4.539493e-02 2.095597e-04
-4.528880e-02 2.085868e-04
-4.518206e-02 2.048951e-04
-4.507379e-02 2.047638e-04
-4.496703e-02 2.076804e-04
-4.486113e-02 2.082189e-04
-4.475686e-02 2.116486e-04
-4.465267e-02 2.128338e-04
-4.454626e-02 2.124211e-04
-4.444151e-02 2.109914e-04
-4.433663e-02 2.068162e-04
-4.422997e-02 2.066640e-04
-4.412381e-02 2.070569e-04
-4.401828e-02 2.068136e-04
-4.391310e-02 2.074956e-04
-4.380700e-02 2.082947e-04
-4.370122e-02 2.102362e-04
-4.359422e-02 2.116613e-04
-4.348619e-02 2.139091e-04
-4.338032e-02 2.131348e-04
-4.327528e-02 2.123582e-04
-4.317157e-02 2.115728e-04
-4.306800e-02 2.104329e-04
-4.296301e-02 2.108738e-04
-4.285564e-02 2.073434e-04
-4.274582e-02 2.075477e-04
-4.263942e-02 2.138200e-04
-4.253456e-02 2.148568e-04
-4.242822e-02 2.152481e-04
-4.232321e-02 2.148867e-04
-4.221677e-02 2.115316e-04
-4.210962e-02 2.107511e-04
-4.200107e-02 2.070279e-04
-4.189182e-02 2.061048e-04
-4.178799e-02 2.117958e-04
-4.168587e-02 2.128198e-04
-4.158111e-02 2.112503e-04
-4.147352e-02 2.120897e-04
-4.136465e-02 2.122770e-04
-4.125668e-02 2.120880e-04
-4.114771e-02 2.106741e-04
-4.104026e-02 2.092460e-04
-4.093450e-02 2.072870e-04
-4.082877e-02 2.065622e-04
-4.072421e-02 2.064866e-04
-4.061727e-02 2.075963e-04
-4.050972e-02 2.096445e-04
-4.040345e-02 2.098892e-04
-4.029737e-02 2.108657e-04
-4.019061e-02 2.116198e-04
-4.008245e-02 2.121720e-04
-3.997648e-02 2.110597e-04
-3.987031e-02 2.068453e-04
-3.976186e-02 2.067016e-04
-3.965409e-02 2.074321e-04
-3.954548e-02 2.079096e-04
-3.943847e-02 2.118968e-04
-3.933328e-02 2.125244e-04
-3.922755e-02 2.133622e-04
-3.912390e-02 2.124135e-04
-3.901893e-02 2.083578e-04
-3.891055e-02 2.089422e-04
-3.880114e-02 2.080625e-04
-3.869242e-02 2.073335e-04
-3.858640e-02 2.098157e-04
-3.848079e-02 2.101730e-04
-3.837594e-02 2.124143e-04
-3.827020e-02 2.140393e-04
-3.816143e-02 2.143266e-04
-3.805335e-02 2.140220e-04
-3.794532e-02 2.124466e-04
-3.783830e-02 2.112705e-04
-3.773353e-02 2.117511e-04
-3.762841e-02 2.118452e-04
-3.752150e-02 2.091300e-04
-3.741215e-02 2.098980e-04
-3.730309e-02 2.125020e-04
-3.719396e-02 2.134779e-04
-3.708461e-02 2.166157e-04
-3.697753e-02 2.163821e-04
-3.687051e-02 2.149986e-04
-3.676347e-02 2.145040e-04
-3.665512e-02 2.109252e-04
-3.654374e-02 2.111633e-04
-3.643425e-02 2.149755e-04
-3.632607e-02 2.158505e-04
-3.621586e-02 2.157219e-04
-3.610498e-02 2.160798e-04
-3.599487e-02 2.175312e-04
-3.588437e-02 2.182908e-04
-3.577179e-02 2.169383e-04
-3.565902e-02 2.162669e-04
-3.554637e-02 2.146153e-04
-3.543391e-02 2.141955e-04
-3.532369e-02 2.167359e-04
-3.521336e-02 2.177167e-04
-3.510150e-02 2.187210e-04
-3.498930e-02 2.192891e-04
-3.487665e-02 2.192774e-04
-3.476201e-02 2.204737e-04
-3.464669e-02 2.226808e-04
-3.453390e-02 2.216531e-04
-3.442124e-02 2.190196e-04
-3.430741e-02 2.190724e-04
-3.419352e-02 2.199581e-04
-3.407732e-02 2.216717e-04
-3.396099e-02 2.253765e-04
-3.384530e-02 2.263308e-04
-3.372912e-02 2.281774e-04
-3.361460e-02 2.275370e-04
-3.350005e-02 2.257069e-04
-3.338239e-02 2.272144e-04
-3.326231e-02 2.273743e-04
-3.314085e-02 2.282583e-04
-3.301923e-02 2.313005e-04
-3.289699e-02 2.327769e-04
-3.277637e-02 2.387043e-04
-3.265553e-02 2.409763e-04
-3.253188e-02 2.426058e-04
-3.240727e-02 2.434370e-04
-3.228009e-02 2.414934e-04
-3.215209e-02 2.416192e-04
-3.202569e-02 2.455567e-04
-3.189921e-02 2.470328e-04
-3.177041e-02 2.463430e-04
-3.163930e-02 2.474891e-04
-3.150869e-02 2.515078e-04
-3.137448e-02 2.547607e-04
-3.123719e-02 2.586748e-04
-3.110044e-02 2.601108e-04
-3.096244e-02 2.620290e-04
-3.082429e-02 2.628109e-04
-3.068538e-02 2.647158e-04
-3.054233e-02 2.679066e-04
-3.039827e-02 2.740684e-04
-3.025078e-02 2.783438e-04
-3.009894e-02 2.829458e-04
-2.994357e-02 2.863228e-04
-2.978622e-02 2.924365e-04
-2.963044e-02 2.940831e-04
-2.947196e-02 2.952492e-04
-2.930796e-02 2.990002e-04
-2.914183e-02 3.047203e-04
-2.896555e-02 3.128776e-04
-2.878638e-02 3.307061e-04
-2.860162e-02 3.400019e-04
-2.840925e-02 3.531486e-04
-2.822053e-02 3.561533e-04
-2.802679e-02 3.561417e-04
-2.783095e-02 3.573921e-04
-2.762956e-02 3.529396e-04
-2.742464e-02 3.534866e-04
-2.722461e-02 3.617702e-04
-2.702668e-02 3.634904e-04
-2.682490e-02 3.618472e-04
-2.662473e-02 3.597830e-04
-2.642525e-02 3.552819e-04
-2.622557e-02 3.542602e-04
-2.602731e-02 3.537979e-04
-2.583059e-02 3.527165e-04
-2.563379e-02 3.508960e-04
-2.544022e-02 3.483201e-04
-2.524754e-02 3.412592e-04
-2.505194e-02 3.404723e-04
-2.485910e-02 3.428983e-04
-2.466316e-02 3.451456e-04
-2.446627e-02 3.498772e-04
-2.427261e-02 3.501086e-04
-2.407697e-02 3.487544e-04
-2.388666e-02 3.450891e-04
-2.369658e-02 3.339300e-04
-2.350291e-02 3.320717e-04
-2.331383e-02 3.345713e-04
-2.312102e-02 3.372307e-04
-2.292657e-02 3.419517e-04
-2.272531e-02 3.481813e-04
-2.251622e-02 3.524436e-04
-2.230046e-02 3.579733e-04
-2.208747e-02 3.793011e-04
-2.183670e-02 4.097497e-04
-2.158962e-02 4.990359e-04
-2.141787e-02 4.858930e-04
-2.117116e-02 3.241979e-04
-2.092734e-02 2.638797e-04
-2.078163e-02 2.602374e-04
-2.063655e-02 2.588988e-04
-2.049149e-02 2.561758e-04
-2.034692e-02 2.549284e-04
-2.020313e-02 2.517816e-04
-2.006149e-02 2.493646e-04
-1.992274e-02 2.474870e-04
-1.978441e-02 2.462090e-04
-1.964736e-02 2.448426e-04
-1.950946e-02 2.451873e-04
-1.937081e-02 2.448907e-04
-1.923104e-02 2.454523e-04
-1.909084e-02 2.472065e-04
-1.895132e-02 2.474518e-04
-1.881307e-02 2.492809e-04
-1.867483e-02 2.499325e-04
-1.853466e-02 2.485199e-04
-1.839591e-02 2.468119e-04
-1.825658e-02 2.411705e-04
-1.811809e-02 2.389575e-04
-1.798227e-02 2.381232e-04
-1.784955e-02 2.359802e-04
-1.772017e-02 2.346820e-04
-1.759215e-02 2.334048e-04
-1.746406e-02 2.297639e-04
-1.733595e-02 2.281499e-04
-1.720849e-02 2.248134e-04
-1.708209e-02 2.232815e-04
-1.695757e-02 2.221645e-04
-1.683389e-02 2.212546e-04
-1.671127e-02 2.212962e-04
-1.658930e-02 2.209355e-04
-1.646711e-02 2.187072e-04
-1.634530e-02 2.176734e-04
-1.622393e-02 2.155168e-04
-1.610297e-02 2.141902e-04
-1.598382e-02 2.135799e-04
-1.586652e-02 2.125374e-04
-1.575007e-02 2.118339e-04
-1.563331e-02 2.117748e-04
-1.551542e-02 2.088916e-04
-1.539647e-02 2.084926e-04
-1.527881e-02 2.095466e-04
-1.516364e-02 2.081392e-04
-1.504976e-02 2.064135e-04
-1.493602e-02 2.059805e-04
-1.482292e-02 2.058380e-04
-1.470981e-02 2.057893e-04
-1.459561e-02 2.045824e-04
-1.448153e-02 2.040859e-04
-1.436840e-02 2.034852e-04
-1.425681e-02 2.023412e-04
-1.414709e-02 2.022889e-04
-1.403747e-02 2.019312e-04
-1.392744e-02 2.003050e-04
-1.381786e-02 1.997267e-04
-1.370796e-02 1.983321e-04
-1.359671e-02 1.986465e-04
-1.348665e-02 2.007082e-04
-1.337900e-02 1.999974e-04
-1.327152e-02 1.982980e-04
-1.316387e-02 1.977853e-04
-1.305666e-02 1.970858e-04
-1.294832e-02 1.972346e-04
-1.283906e-02 1.961602e-04
-1.273020e-02 1.958008e-04
-1.262136e-02 1.955712e-04
-1.251320e-02 1.950912e-04
-1.240701e-02 1.962712e-04
-1.230133e-02 1.963912e-04
-1.219387e-02 1.937599e-04
-1.208530e-02 1.932129e-04
-1.197696e-02 1.921415e-04
-1.186885e-02 1.918733e-04
-1.176226e-02 1.936356e-04
-1.165589e-02 1.941395e-04
-1.154848e-02 1.945452e-04
-1.144127e-02 1.945866e-04
-1.133338e-02 1.927885e-04
-1.122423e-02 1.928868e-04
-1.111557e-02 1.939564e-04
-1.100803e-02 1.933961e-04
-1.090015e-02 1.913230e-04
-1.079250e-02 1.906933e-04
-1.068589e-02 1.913636e-04
-1.057806e-02 1.923436e-04
-1.046920e-02 1.925780e-04
-1.036144e-02 1.919984e-04
-1.025443e-02 1.916457e-04
-1.014748e-02 1.912210e-04
-1.004083e-02 1.906055e-04
-9.934967e-03 1.901690e-04
-9.828546e-03 1.880311e-04
-9.722491e-03 1.870406e-04
-9.616951e-03 1.858355e-04
-9.511649e-03 1.852728e-04
-9.407873e-03 1.855247e-04
-9.306164e-03 1.843723e-04
-9.205175e-03 1.823707e-04
-9.105601e-03 1.805473e-04
-9.005968e-03 1.754361e-04
-8.908128e-03 1.727602e-04
-8.812419e-03 1.695026e-04
-8.718221e-03 1.674301e-04
-8.626328e-03 1.648511e-04
-8.537030e-03 1.623622e-04
-8.450209e-03 1.595855e-04
-8.363151e-03 1.585073e-04
-8.276526e-03 1.562677e-04
-8.192709e-03 1.539894e-04
-8.110080e-03 1.496482e-04
-8.029101e-03 1.470932e-04
-7.950705e-03 1.448344e-04
-7.873547e-03 1.432798e-04
-7.797551e-03 1.403345e-04
-7.721224e-03 1.394730e-04
-7.645292e-03 1.377388e-04
-7.569974e-03 1.365546e-04
-7.496412e-03 1.362165e-04
-7.425362e-03 1.347729e-04
-7.354779e-03 1.320379e-04
-7.284553e-03 1.308409e-04
-7.214977e-03 1.280894e-04
-7.145042e-03 1.273151e-04
-7.076249e-03 1.270709e-04
-7.007654e-03 1.266874e-04
-6.940145e-03 1.274471e-04
-6.874324e-03 1.268799e-04
-6.808447e-03 1.252139e-04
-6.742666e-03 1.245551e-04
-6.676715e-03 1.229037e-04
-6.611502e-03 1.218687e-04
-6.546997e-03 1.196985e-04
-6.482875e-03 1.186871e-04
-6.420447e-03 1.187065e-04
-6.357880e-03 1.186330e-04
-6.295649e-03 1.189992e-04
-6.234345e-03 1.187358e-04
-6.172522e-03 1.175809e-04
-6.111139e-03 1.169022e-04
-6.050107e-03 1.151486e-04
-5.989589e-03 1.142083e-04
-5.930116e-03 1.133421e-04
-5.870995e-03 1.126641e-04
-5.812394e-03 1.116622e-04
-5.753734e-03 1.114891e-04
-5.695208e-03 1.112330e-04
-5.637262e-03 1.107930e-04
-5.579655e-03 1.105494e-04
-5.523094e-03 1.098349e-04
-5.467150e-03 1.084553e-04
-5.411633e-03 1.077019e-04
-5.356318e-03 1.059483e-04
-5.300072e-03 1.057307e-04
-5.244027e-03 1.054732e-04
-5.188896e-03 1.049749e-04
-5.134473e-03 1.051626e-04
-5.080553e-03 1.049299e-04
-5.026965e-03 1.044358e-04
-4.973826e-03 1.039886e-04
-4.920315e-03 1.021285e-04
-4.866981e-03 1.013528e-04
-4.814511e-03 1.006397e-04
-4.762141e-03 1.001853e-04
-4.710244e-03 9.972327e-05
-4.658479e-03 9.961345e-05
-4.606623e-03 9.952905e-05
-4.554924e-03 9.940620e-05
-4.503385e-03 9.895084e-05
-4.452448e-03 9.842488e-05
-4.401920e-03 9.764593e-05
-4.351636e-03 9.708609e-05
-4.301751e-03 9.620529e-05
-4.252194e-03 9.582232e-05
-4.202921e-03 9.523297e-05
-4.153489e-03 9.511551e-05
-4.104266e-03 9.549475e-05
-4.055448e-03 9.539009e-05
-4.006643e-03 9.475647e-05
-3.958304e-03 9.424795e-05
-3.910615e-03 9.391854e-05
-3.862979e-03 9.363930e-05
-3.815271e-03 9.274969e-05
-3.767662e-03 9.249739e-05
-3.719971e-03 9.200932e-05
-3.672591e-03 9.164868e-05
-3.626133e-03 9.183469e-05
-3.580104e-03 9.164425e-05
-3.534133e-03 9.121409e-05
-3.488093e-03 9.097700e-05
-3.441667e-03 8.968307e-05
-3.395432e-03 8.922573e-05
-3.349649e-03 8.870764e-05
-3.304205e-03 8.831703e-05
-3.259211e-03 8.831345e-05
-3.214548e-03 8.811428e-05
-3.170017e-03 8.744383e-05
-3.125343e-03 8.728758e-05
-3.080737e-03 8.696593e-05
-3.036181e-03 8.670138e-05
-2.991923e-03 8.646827e-05
-2.948511e-03 8.599495e-05
-2.905267e-03 8.528247e-05
-2.861806e-03 8.515606e-05
-2.818425e-03 8.461352e-05
-2.775172e-03 8.434146e-05
-2.732198e-03 8.405081e-05
-2.689302e-03 8.378413e-05
-2.646757e-03 8.363106e-05
-2.604702e-03 8.339545e-05
-2.562807e-03 8.300832e-05
-2.521042e-03 8.279147e-05
-2.479020e-03 8.207217e-05
-2.437016e-03 8.180217e-05
-2.395496e-03 8.154640e-05
-2.354014e-03 8.143200e-05
-2.312787e-03 8.154051e-05
-2.271770e-03 8.134177e-05
-2.230794e-03 8.085820e-05
-2.190055e-03 8.065178e-05
-2.149268e-03 8.030020e-05
-2.108528e-03 8.014523e-05
-2.068092e-03 7.991659e-05
-2.028010e-03 7.962152e-05
-1.988230e-03 7.930761e-05
-1.948464e-03 7.907930e-05
-1.908886e-03 7.876196e-05
-1.869469e-03 7.865910e-05
-1.829813e-03 7.797730e-05
-1.790207e-03 7.770137e-05
-1.750905e-03 7.773555e-05
-1.711892e-03 7.757533e-05
-1.673202e-03 7.737575e-05
-1.634586e-03 7.725995e-05
-1.595855e-03 7.674840e-05
-1.557119e-03 7.646352e-05
-1.518568e-03 7.598487e-05
-1.480261e-03 7.577080e-05
-1.442208e-03 7.588710e-05
-1.404346e-03 7.581406e-05
-1.366468e-03 7.529476e-05
-1.328617e-03 7.509107e-05
-1.290949e-03 7.483142e-05
-1.253239e-03 7.466194e-05
-1.215576e-03 7.427298e-05
-1.178323e-03 7.398872e-05
-1.141321e-03 7.361893e-05
-1.104367e-03 7.345698e-05
-1.067427e-03 7.330696e-05
-1.030603e-03 7.318323e-05
-9.941087e-04 7.311154e-05
-9.578010e-04 7.297342e-05
-9.213971e-04 7.242893e-05
-8.848167e-04 7.224040e-05
-8.484545e-04 7.208212e-05
-8.125367e-04 7.185692e-05
-7.767755e-04 7.149291e-05
-7.410851e-04 7.131915e-05
-7.053007e-04 7.094818e-05
-6.695778e-04 7.077742e-05
-6.341984e-04 7.060690e-05
-5.990290e-04 7.041926e-05
-5.639674e-04 7.007823e-05
-5.289697e-04 6.982222e-05
-4.940787e-04 6.929105e-05
-4.594105e-04 6.906100e-05
-4.247586e-04 6.870858e-05
-3.903062e-04 6.846151e-05
-3.561961e-04 6.808560e-05
-3.223598e-04 6.778564e-05
-2.887359e-04 6.730704e-05
-2.552767e-04 6.694497e-05
-2.219220e-04 6.611610e-05
-1.890441e-04 6.562263e-05
-1.564981e-04 6.480600e-05
-1.245926e-04 6.412765e-05
-9.286916e-05 6.278524e-05
-6.182106e-05 6.190140e-05
-3.137283e-05 6.018151e-05
-2.713608e-07 5.996436e-05
3.002719e-05 6.067647e-05
6.114607e-05 6.135053e-05
9.230903e-05 6.312477e-05
1.236368e-04 6.394640e-05
1.558579e-04 6.498597e-05
1.884144e-04 6.556289e-05
2.213272e-04 6.632650e-05
2.544221e-04 6.671095e-05
2.878175e-04 6.727689e-05
3.215796e-04 6.760855e-05
3.556005e-04 6.809617e-05
3.895924e-04 6.834641e-05
4.239138e-04 6.875217e-05
4.584173e-04 6.900817e-05
4.928977e-04 6.949846e-05
5.275300e-04 6.976635e-05
5.623748e-04 7.015587e-05
5.974701e-04 7.035072e-05
6.327348e-04 7.060807e-05
6.680308e-04 7.081521e-05
7.035404e-04 7.103480e-05
7.391369e-04 7.116619e-05
7.748844e-04 7.154968e-05
8.106445e-04 7.169580e-05
8.463432e-04 7.193417e-05
8.824665e-04 7.217661e-05
9.188057e-04 7.248898e-05
9.551123e-04 7.268013e-05
9.914944e-04 7.308464e-05
1.027825e-03 7.320003e-05
1.064513e-03 7.320406e-05
1.101358e-03 7.330039e-05
1.138053e-03 7.354069e-05
1.175107e-03 7.384277e-05
1.212321e-03 7.441445e-05
1.249622e-03 7.457074e-05
1.287023e-03 7.483727e-05
1.324340e-03 7.498464e-05
1.361932e-03 7.522003e-05
1.399616e-03 7.536008e-05
1.437371e-03 7.534651e-05
1.475309e-03 7.545185e-05
1.513290e-03 7.567277e-05
1.551691e-03 7.590075e-05
1.590109e-03 7.650395e-05
1.628506e-03 7.681119e-05
1.667004e-03 7.749308e-05
1.705391e-03 7.767243e-05
1.744249e-03 7.767991e-05
1.783337e-03 7.782066e-05
1.822394e-03 7.796988e-05
1.861673e-03 7.805088e-05
1.900969e-03 7.824859e-05
1.940266e-03 7.842723e-05
1.979549e-03 7.894731e-05
2.019136e-03 7.931711e-05
2.059225e-03 7.980857e-05
2.099457e-03 8.007212e-05
2.139772e-03 8.036474e-05
2.180073e-03 8.046241e-05
2.220335e-03 8.079960e-05
2.260626e-03 8.082835e-05
2.301087e-03 8.062588e-05
2.342054e-03 8.096649e-05
2.383407e-03 8.157785e-05
2.424795e-03 8.182034e-05
2.466041e-03 8.242109e-05
2.507327e-03 8.266178e-05
2.548706e-03 8.317726e-05
2.590373e-03 8.342257e-05
2.632708e-03 8.299133e-05
2.675264e-03 8.308100e-05
2.717580e-03 8.372821e-05
2.759866e-03 8.394370e-05
2.802281e-03 8.464436e-05
2.844676e-03 8.488501e-05
2.887114e-03 8.516213e-05
2.930319e-03 8.560617e-05
2.973984e-03 8.607499e-05
3.017552e-03 8.630299e-05
3.061481e-03 8.633766e-05
3.105363e-03 8.632237e-05
3.149238e-03 8.661729e-05
3.193548e-03 8.698539e-05
3.237803e-03 8.776831e-05
3.282246e-03 8.816247e-05
3.326987e-03 8.875934e-05
3.372203e-03 8.913776e-05
3.417740e-03 8.965510e-05
3.463021e-03 8.980872e-05
3.508333e-03 9.052195e-05
3.553660e-03 9.078802e-05
3.599364e-03 9.055547e-05
3.645513e-03 9.073965e-05
3.691901e-03 9.085399e-05
3.739264e-03 9.135536e-05
3.786678e-03 9.266345e-05
3.833455e-03 9.287686e-05
3.880312e-03 9.368882e-05
3.927189e-03 9.399401e-05
3.974326e-03 9.405408e-05
4.022090e-03 9.445313e-05
4.070558e-03 9.438725e-05
4.119295e-03 9.439551e-05
4.167510e-03 9.529021e-05
4.215809e-03 9.579139e-05
4.264301e-03 9.686044e-05
4.313164e-03 9.746867e-05
4.363210e-03 9.755715e-05
4.413563e-03 9.777548e-05
4.463722e-03 9.833553e-05
4.513574e-03 9.835367e-05
4.563344e-03 9.854358e-05
4.613936e-03 9.897026e-05
4.664728e-03 9.982304e-05
4.715718e-03 1.003833e-04
4.767464e-03 1.010595e-04
4.819647e-03 1.015676e-04
4.871820e-03 1.026122e-04
4.923684e-03 1.028026e-04
4.976073e-03 1.024538e-04
5.029340e-03 1.027138e-04
5.082530e-03 1.035667e-04
5.135687e-03 1.039928e-04
5.189385e-03 1.046670e-04
5.243277e-03 1.050287e-04
5.296958e-03 1.059880e-04
5.350967e-03 1.065308e-04
5.405301e-03 1.074958e-04
5.460067e-03 1.079544e-04
5.515866e-03 1.075094e-04
5.572147e-03 1.077833e-04
5.628389e-03 1.086077e-04
5.684951e-03 1.090971e-04
5.741823e-03 1.103513e-04
5.798636e-03 1.107703e-04
5.855158e-03 1.119990e-04
5.912677e-03 1.128847e-04
5.971726e-03 1.128000e-04
6.030951e-03 1.130273e-04
6.089609e-03 1.145972e-04
6.148191e-03 1.151178e-04
6.207581e-03 1.156539e-04
6.267464e-03 1.161466e-04
6.327488e-03 1.168404e-04
6.388998e-03 1.179832e-04
6.451366e-03 1.197234e-04
6.513914e-03 1.202914e-04
6.576494e-03 1.218171e-04
6.638574e-03 1.222300e-04
6.700955e-03 1.233399e-04
6.763916e-03 1.240905e-04
6.828079e-03 1.237010e-04
6.893246e-03 1.241649e-04
6.958614e-03 1.251203e-04
7.024897e-03 1.258402e-04
7.091006e-03 1.281345e-04
7.156710e-03 1.288887e-04
7.222970e-03 1.300541e-04
7.290274e-03 1.310995e-04
7.359516e-03 1.312696e-04
7.429186e-03 1.315929e-04
7.498564e-03 1.324727e-04
7.569039e-03 1.332630e-04
7.639440e-03 1.355859e-04
7.708917e-03 1.360496e-04
7.779120e-03 1.361286e-04
7.851693e-03 1.375765e-04
7.925713e-03 1.397073e-04
8.000299e-03 1.408223e-04
8.075556e-03 1.422641e-04
8.151148e-03 1.429847e-04
8.226638e-03 1.451571e-04
8.303609e-03 1.466254e-04
8.382061e-03 1.482405e-04
8.462148e-03 1.499978e-04
8.543749e-03 1.529212e-04
8.626840e-03 1.548792e-04
8.710278e-03 1.591523e-04
8.793983e-03 1.608510e-04
8.879270e-03 1.629246e-04
8.967243e-03 1.650526e-04
9.057472e-03 1.672128e-04
9.149922e-03 1.695435e-04
9.244358e-03 1.733521e-04
9.341054e-03 1.760965e-04
9.437950e-03 1.827144e-04
9.535638e-03 1.855720e-04
9.636972e-03 1.874188e-04
9.741320e-03 1.896272e-04
9.846485e-03 1.944144e-04
9.952270e-03 1.967646e-04
1.006099e-02 1.984019e-04
1.016978e-02 1.990345e-04
1.027870e-02 2.013305e-04
1.038871e-02 2.028291e-04
1.049986e-02 2.043116e-04
1.061124e-02 2.049869e-04
1.072352e-02 2.053687e-04
1.083610e-02 2.053941e-04
1.094801e-02 2.065984e-04
1.105868e-02 2.065650e-04
1.117030e-02 2.056611e-04
1.128213e-02 2.054751e-04
1.139378e-02 2.044770e-04
1.150650e-02 2.047652e-04
1.161891e-02 2.060733e-04
1.173117e-02 2.061588e-04
1.184317e-02 2.068567e-04
1.195374e-02 2.065293e-04
1.206475e-02 2.056512e-04
1.217548e-02 2.051752e-04
1.228621e-02 2.030551e-04
1.239846e-02 2.032051e-04
1.251017e-02 2.045326e-04
1.261957e-02 2.033481e-04
1.272781e-02 2.020485e-04
1.283682e-02 2.023182e-04
1.294590e-02 2.029385e-04
1.305542e-02 2.034202e-04
1.316703e-02 2.020298e-04
1.327827e-02 2.013201e-04
1.338748e-02 2.019383e-04
1.349646e-02 2.017318e-04
1.360488e-02 2.020957e-04
1.371334e-02 2.025204e-04
1.382312e-02 2.015188e-04
1.393437e-02 2.020443e-04
1.404584e-02 2.039088e-04
1.415671e-02 2.042367e-04
1.426657e-02 2.060408e-04
1.437509e-02 2.058811e-04
1.448433e-02 2.042281e-04
1.459551e-02 2.045160e-04
1.470771e-02 2.036676e-04
1.482099e-02 2.042842e-04
1.493380e-02 2.075297e-04
1.504535e-02 2.079480e-04
1.515672e-02 2.085894e-04
1.526846e-02 2.090415e-04
1.538000e-02 2.106363e-04
1.549317e-02 2.118910e-04
1.560904e-02 2.108953e-04
1.572466e-02 2.106693e-04
1.583888e-02 2.123567e-04
1.595371e-02 2.133258e-04
1.606920e-02 2.157212e-04
1.618423e-02 2.163257e-04
1.630007e-02 2.158296e-04
1.641839e-02 2.168329e-04
1.653765e-02 2.180714e-04
1.665645e-02 2.185350e-04
1.677496e-02 2.203206e-04
1.689320e-02 2.208079e-04
1.701254e-02 2.211538e-04
1.713356e-02 2.223006e-04
1.725540e-02 2.232812e-04
1.738019e-02 2.254146e-04
1.750639e-02 2.289745e-04
1.763234e-02 2.297725e-04
1.775813e-02 2.322559e-04
1.788183e-02 2.321982e-04
1.800710e-02 2.302808e-04
1.813514e-02 2.312698e-04
1.826485e-02 2.303377e-04
1.839514e-02 2.303516e-04
1.852390e-02 2.329601e-04
1.865528e-02 2.351476e-04
1.878669e-02 2.412060e-04
1.891894e-02 2.442068e-04
1.905546e-02 2.463516e-04
1.919607e-02 2.496040e-04
1.933858e-02 2.545127e-04
1.948192e-02 2.567842e-04
1.962565e-02 2.624545e-04
1.976697e-02 2.626806e-04
1.991140e-02 2.581761e-04
2.005596e-02 2.569867e-04
2.019926e-02 2.558040e-04
2.034400e-02 2.562433e-04
2.048852e-02 2.587834e-04
2.063124e-02 2.586376e-04
2.077292e-02 2.589671e-04
2.091453e-02 2.590494e-04
2.105692e-02 2.579991e-04
2.120233e-02 2.590753e-04
2.134767e-02 2.622220e-04
2.149343e-02 2.639487e-04
2.164154e-02 2.657979e-04
2.179101e-02 2.672988e-04
2.193790e-02 2.747345e-04
2.209510e-02 2.836086e-04
2.225605e-02 3.019915e-04
2.253137e-02 3.766947e-04
2.287079e-02 4.772944e-04
2.311855e-02 4.590948e-04
2.337038e-02 4.033150e-04
2.361861e-02 3.810615e-04
2.383215e-02 3.754862e-04
2.403603e-02 3.676683e-04
2.423637e-02 3.518473e-04
2.443757e-02 3.461798e-04
2.463163e-02 3.424487e-04
2.482454e-02 3.408687e-04
2.501478e-02 3.409033e-04
2.521211e-02 3.451623e-04
2.540905e-02 3.589611e-04
2.560740e-02 3.648197e-04
2.581512e-02 3.640619e-04
2.602379e-02 3.643605e-04
2.622928e-02 3.705114e-04
2.643700e-02 3.735458e-04
2.664724e-02 3.778616e-04
2.685321e-02 3.773625e-04
2.706254e-02 3.717774e-04
2.727029e-02 3.688403e-04
2.747633e-02 3.620635e-04
2.768524e-02 3.613484e-04
2.789071e-02 3.651060e-04
2.809644e-02 3.660931e-04
2.830185e-02 3.694253e-04
2.851917e-02 3.782449e-04
2.875636e-02 3.710137e-04
2.897687e-02 3.584421e-04
2.917596e-02 3.577890e-04
2.938648e-02 3.644279e-04
2.961052e-02 3.602924e-04
2.981110e-02 3.442316e-04
2.999500e-02 3.275853e-04
3.017687e-02 3.208267e-04
3.035004e-02 3.165254e-04
3.052083e-02 3.135385e-04
3.068994e-02 3.091673e-04
3.085697e-02 3.063493e-04
3.102178e-02 3.010123e-04
3.118204e-02 2.959449e-04
3.133795e-02 2.891723e-04
3.149028e-02 2.849766e-04
3.164084e-02 2.762815e-04
3.179172e-02 2.733425e-04
3.193998e-02 2.705727e-04
3.208511e-02 2.677091e-04
3.222566e-02 2.663351e-04
3.236298e-02 2.638898e-04
3.249944e-02 2.585161e-04
3.263552e-02 2.559993e-04
3.277139e-02 2.494098e-04
3.290892e-02 2.483693e-04
3.304362e-02 2.511119e-04
3.317427e-02 2.496783e-04
3.330361e-02 2.468956e-04
3.343179e-02 2.451863e-04
3.355808e-02 2.435875e-04
3.368584e-02 2.435613e-04
3.381514e-02 2.409683e-04
3.394177e-02 2.387675e-04
3.406643e-02 2.359552e-04
3.418914e-02 2.337795e-04
3.431078e-02 2.303926e-04
3.443275e-02 2.293711e-04
3.455194e-02 2.302741e-04
3.467102e-02 2.302141e-04
3.479021e-02 2.298741e-04
3.490840e-02 2.294591e-04
3.502583e-02 2.295573e-04
3.514218e-02 2.289470e-04
3.525826e-02 2.285725e-04
3.537358e-02 2.279849e-04
3.548976e-02 2.240529e-04
3.560767e-02 2.236811e-04
3.572473e-02 2.240842e-04
3.584285e-02 2.245577e-04
3.596012e-02 2.272861e-04
3.607265e-02 2.257277e-04
3.618473e-02 2.229857e-04
3.629978e-02 2.237797e-04
3.641541e-02 2.241692e-04
3.652973e-02 2.235211e-04
3.664399e-02 2.218118e-04
3.675868e-02 2.211502e-04
3.687149e-02 2.224709e-04
3.698321e-02 2.226002e-04
3.709623e-02 2.216225e-04
3.721154e-02 2.226418e-04
3.732803e-02 2.226457e-04
3.744142e-02 2.207774e-04
3.755271e-02 2.190876e-04
3.766340e-02 2.178255e-04
3.777285e-02 2.164055e-04
3.788199e-02 2.160030e-04
3.799227e-02 2.129885e-04
3.810411e-02 2.128348e-04
3.821598e-02 2.131513e-04
3.832842e-02 2.136112e-04
3.843904e-02 2.171188e-04
3.854704e-02 2.168140e-04
3.865683e-02 2.129808e-04
3.876784e-02 2.120382e-04
3.887668e-02 2.130374e-04
3.898591e-02 2.139118e-04
3.909773e-02 2.128080e-04
3.920802e-02 2.114899e-04
3.931496e-02 2.125926e-04
3.942223e-02 2.131876e-04
3.952950e-02 2.148543e-04
3.963777e-02 2.157629e-04
3.974839e-02 2.143728e-04
3.985826e-02 2.137132e-04
3.996871e-02 2.117099e-04
4.007960e-02 2.112559e-04
4.018743e-02 2.142809e-04
4.029307e-02 2.140472e-04
4.039866e-02 2.134755e-04
4.050730e-02 2.148062e-04
4.061766e-02 2.156332e-04
4.072770e-02 2.160378e-04
4.083713e-02 2.182048e-04
4.094360e-02 2.172171e-04
4.105090e-02 2.138878e-04
4.115893e-02 2.131193e-04
4.126707e-02 2.099936e-04
4.137947e-02 2.111381e-04
4.149165e-02 2.146903e-04
4.160006e-02 2.139959e-04
4.170676e-02 2.149224e-04
4.181392e-02 2.155348e-04
4.192180e-02 2.168426e-04
4.202935e-02 2.171098e-04
4.213907e-02 2.134046e-04
4.225012e-02 2.128709e-04
4.236104e-02 2.116015e-04
4.247190e-02 2.108184e-04
4.258006e-02 2.131561e-04
4.268921e-02 2.148737e-04
4.280093e-02 2.161773e-04
4.290964e-02 2.148522e-04
4.301701e-02 2.126100e-04
4.312591e-02 2.127216e-04
4.323503e-02 2.126480e-04
4.334347e-02 2.119242e-04
4.345122e-02 2.110949e-04
4.355886e-02 2.110219e-04
4.366643e-02 2.109315e-04
4.377593e-02 2.120541e-04
4.388682e-02 2.136696e-04
4.399686e-02 2.137476e-04
4.410773e-02 2.117535e-04
4.421858e-02 2.107357e-04
4.432498e-02 2.153423e-04
4.442913e-02 2.159436e-04
4.453684e-02 2.116943e-04
4.464690e-02 2.115685e-04
4.475673e-02 2.124029e-04
4.486596e-02 2.123496e-04
4.497357e-02 2.141053e-04
4.508049e-02 2.143250e-04
4.518750e-02 2.147688e-04
4.529539e-02 2.151544e-04
4.540619e-02 2.113827e-04
4.551835e-02 2.111317e-04
4.562857e-02 2.144751e-04
4.573578e-02 2.138829e-04
4.584112e-02 2.145747e-04
4.594735e-02 2.153659e-04
4.605507e-02 2.150655e-04
4.616363e-02 2.151614e-04
4.627335e-02 2.135030e-04
4.638337e-02 2.133785e-04
4.649290e-02 2.146396e-04
4.660060e-02 2.139866e-04
4.670716e-02 2.132328e-04
4.681557e-02 2.140679e-04
4.692507e-02 2.145601e-04
4.703293e-02 2.134612e-04
4.714024e-02 2.113426e-04
4.724861e-02 2.115059e-04
4.735725e-02 2.115078e-04
4.746466e-02 2.107661e-04
4.757023e-02 2.125553e-04
4.767592e-02 2.132712e-04
4.778299e-02 2.121608e-04
4.789119e-02 2.124447e-04
4.799988e-02 2.124273e-04
4.810908e-02 2.124410e-04
4.821829e-02 2.124827e-04
4.832548e-02 2.115776e-04
4.843108e-02 2.125126e-04
4.853667e-02 2.128382e-04
4.864378e-02 2.103887e-04
4.875301e-02 2.107815e-04
4.886111e-02 2.137503e-04
4.896884e-02 2.142943e-04
4.907627e-02 2.162687e-04
4.918070e-02 2.154651e-04
4.928605e-02 2.124985e-04
