9.900000e+37 9.900000e+37
9.900000e+37 9.900000e+37
9.900000e+37 9.900000e+37
9.900000e+37 9.900000e+37
9.900000e+37 9.900000e+37
9.900000e+37 9.900000e+37
9.900000e+37 9.900000e+37
9.900000e+37 9.900000e+37
9.900000e+37 9.900000e+37
9.900000e+37 9.900000e+37
9.900000e+37 9.900000e+37
9.900000e+37 9.900000e+37
9.900000e+37 9.900000e+37
9.900000e+37 9.900000e+37
9.900000e+37 9.900000e+37
9.900000e+37 9.900000e+37
9.900000e+37 9.900000e+37
9.900000e+37 9.900000e+37
9.900000e+37 9.900000e+37
9.900000e+37 9.900000e+37
9.900000e+37 9.900000e+37
9.900000e+37 9.900000e+37
7.425000e+37 9.900000e+37
4.950000e+37 9.900000e+37
4.950000e+37 9.900000e+37
2.475000e+37 9.900000e+37
-1.164962e-01 2.822774e-03
-1.150842e-01 2.841121e-03
-1.136680e-01 2.847112e-03
-1.122468e-01 2.855333e-03
-1.108137e-01 2.865480e-03
-1.093722e-01 2.871136e-03
-1.079348e-01 2.873821e-03
-1.064980e-01 2.890845e-03
-1.050505e-01 2.900175e-03
-1.035945e-01 2.911763e-03
-1.021299e-01 2.921066e-03
-1.006591e-01 2.927776e-03
-9.918644e-02 2.934546e-03
-9.771226e-02 2.959789e-03
-9.623816e-02 2.965612e-03
-9.476577e-02 2.984670e-03
-9.328142e-02 2.998701e-03
-9.177981e-02 2.999830e-03
-9.026694e-02 3.006976e-03
-8.874787e-02 3.025589e-03
-8.723826e-02 3.029929e-03
-8.573293e-02 3.049203e-03
-8.421793e-02 3.058638e-03
-8.269148e-02 3.056501e-03
-8.115322e-02 3.062800e-03
-7.960933e-02 3.080153e-03
-7.807427e-02 3.084462e-03
-7.653822e-02 3.094820e-03
-7.499357e-02 3.100345e-03
-7.344989e-02 3.107891e-03
-7.189615e-02 3.116623e-03
-7.032749e-02 3.125424e-03
-6.876147e-02 3.130424e-03
-6.719524e-02 3.144006e-03
-6.562252e-02 3.149370e-03
-6.405219e-02 3.158666e-03
-6.247228e-02 3.167734e-03
-6.087516e-02 3.173798e-03
-5.928034e-02 3.178065e-03
-5.768665e-02 3.191817e-03
-5.608994e-02 3.195108e-03
-5.449152e-02 3.201393e-03
-5.287999e-02 3.211517e-03
-5.126731e-02 3.227967e-03
-4.965830e-02 3.235198e-03
-4.803773e-02 3.245800e-03
-4.640697e-02 3.252198e-03
-4.477506e-02 3.268072e-03
-4.313203e-02 3.280453e-03
-4.148747e-02 3.302339e-03
-3.983521e-02 3.318441e-03
-3.816612e-02 3.345189e-03
-3.647592e-02 3.363872e-03
-3.477914e-02 3.404884e-03
-3.307538e-02 3.423811e-03
-3.136261e-02 3.450922e-03
-2.964015e-02 3.466457e-03
-2.789721e-02 3.485915e-03
-2.617934e-02 3.481677e-03
-2.444927e-02 3.449532e-03
-2.273665e-02 3.423698e-03
-2.104146e-02 3.370757e-03
-1.935219e-02 3.348206e-03
-1.768037e-02 3.324843e-03
-1.601983e-02 3.313278e-03
-1.436879e-02 3.296914e-03
-1.272507e-02 3.283020e-03
-1.109493e-02 3.257187e-03
-9.476488e-03 3.240913e-03
-7.861993e-03 3.212140e-03
-6.266737e-03 3.193717e-03
-4.681017e-03 3.158312e-03
-3.107049e-03 3.135524e-03
-1.552048e-03 3.092630e-03
2.022101e-05 3.088208e-03
1.578640e-03 3.106571e-03
3.147393e-03 3.123435e-03
4.716429e-03 3.168602e-03
6.301202e-03 3.190889e-03
7.905432e-03 3.220402e-03
9.523694e-03 3.239431e-03
1.115054e-02 3.268103e-03
1.278667e-02 3.283952e-03
1.443865e-02 3.311432e-03
1.609203e-02 3.325786e-03
1.775676e-02 3.346835e-03
1.945008e-02 3.367949e-03
2.114691e-02 3.410471e-03
2.287408e-02 3.443906e-03
2.461988e-02 3.516049e-03
2.635000e-02 3.536483e-03
2.810941e-02 3.544602e-03
2.986486e-02 3.541297e-03
3.162994e-02 3.516025e-03
3.338026e-02 3.498081e-03
3.512004e-02 3.455290e-03
3.684286e-02 3.433475e-03
3.855032e-02 3.408866e-03
4.024960e-02 3.391360e-03
4.193671e-02 3.362964e-03
4.361970e-02 3.350288e-03
4.528977e-02 3.326529e-03
4.695854e-02 3.317208e-03
4.862117e-02 3.311594e-03
5.026669e-02 3.302906e-03
5.190887e-02 3.284289e-03
5.355449e-02 3.276055e-03
5.518840e-02 3.262816e-03
5.682287e-02 3.258404e-03
5.846199e-02 3.248316e-03
6.009190e-02 3.242697e-03
6.171029e-02 3.246253e-03
6.332432e-02 3.241380e-03
6.493970e-02 3.225583e-03
6.655348e-02 3.218950e-03
6.816242e-02 3.198900e-03
6.976682e-02 3.188972e-03
7.136198e-02 3.186445e-03
7.294662e-02 3.182681e-03
7.452907e-02 3.175855e-03
7.611207e-02 3.170255e-03
7.769450e-02 3.146096e-03
7.927868e-02 3.138462e-03
8.085681e-02 3.136870e-03
8.241557e-02 3.128089e-03
8.396607e-02 3.117427e-03
8.551804e-02 3.111061e-03
8.706708e-02 3.088896e-03
8.861808e-02 3.082106e-03
9.017169e-02 3.068263e-03
9.171351e-02 3.059546e-03
9.324270e-02 3.056330e-03
9.476605e-02 3.048333e-03
9.628254e-02 3.037536e-03
9.779517e-02 3.031335e-03
9.930757e-02 3.005365e-03
1.008149e-01 2.992996e-03
1.023150e-01 2.979806e-03
1.038025e-01 2.970758e-03
1.052779e-01 2.965703e-03
1.067616e-01 2.965582e-03
1.082471e-01 2.953314e-03
1.097196e-01 2.941183e-03
1.111834e-01 2.931185e-03
1.126353e-01 2.923723e-03
1.140780e-01 2.918481e-03
1.155194e-01 2.912666e-03
1.169675e-01 2.885375e-03
2.475000e+37 9.900000e+37
4.950000e+37 9.900000e+37
4.950000e+37 9.900000e+37
7.425000e+37 9.900000e+37
9.900000e+37 9.900000e+37
9.900000e+37 9.900000e+37
9.900000e+37 9.900000e+37
9.900000e+37 9.900000e+37
9.900000e+37 9.900000e+37
9.900000e+37 9.900000e+37
9.900000e+37 9.900000e+37
9.900000e+37 9.900000e+37
9.900000e+37 9.900000e+37
9.900000e+37 9.900000e+37
9.900000e+37 9.900000e+37
9.900000e+37 9.900000e+37
9.900000e+37 9.900000e+37
9.900000e+37 9.900000e+37
9.900000e+37 9.900000e+37
9.900000e+37 9.900000e+37
9.900000e+37 9.900000e+37
9.900000e+37 9.900000e+37
9.900000e+37 9.900000e+37
9.900000e+37 9.900000e+37
9.900000e+37 9.900000e+37
9.900000e+37 9.900000e+37
