-4.841922e-02 2.481905e-04
-4.835838e-02 2.291162e-04
-4.828202e-02 2.312900e-04
-4.819800e-02 2.244219e-04
-4.810993e-02 2.246888e-04
-4.801662e-02 2.175321e-04
-4.791816e-02 2.180100e-04
-4.782004e-02 2.190892e-04
-4.772071e-02 2.202046e-04
-4.761905e-02 2.194102e-04
-4.751642e-02 2.194155e-04
-4.741452e-02 2.206289e-04
-4.731312e-02 2.210737e-04
-4.720939e-02 2.184409e-04
-4.710544e-02 2.176180e-04
-4.699962e-02 2.130190e-04
-4.689173e-02 2.125980e-04
-4.678646e-02 2.149988e-04
-4.668193e-02 2.154222e-04
-4.657817e-02 2.178850e-04
-4.647431e-02 2.185359e-04
-4.636961e-02 2.189203e-04
-4.626382e-02 2.200101e-04
-4.615467e-02 2.182848e-04
-4.604678e-02 2.169097e-04
-4.593960e-02 2.134529e-04
-4.583161e-02 2.127002e-04
-4.572586e-02 2.143762e-04
-4.561956e-02 2.150243e-04
-4.551354e-02 2.172900e-04
-4.540669e-02 2.189039e-04
-4.529745e-02 2.194201e-04
-4.518983e-02 2.186354e-04
-4.508190e-02 2.167584e-04
-4.497327e-02 2.164976e-04
-4.486572e-02 2.167554e-04
-4.475895e-02 2.163836e-04
-4.465196e-02 2.149924e-04
-4.454231e-02 2.157938e-04
-4.443321e-02 2.189218e-04
-4.432432e-02 2.202117e-04
-4.421346e-02 2.213427e-04
-4.410438e-02 2.206834e-04
-4.399630e-02 2.196971e-04
-4.388861e-02 2.191112e-04
-4.378084e-02 2.173615e-04
-4.367153e-02 2.173703e-04
-4.356148e-02 2.162019e-04
-4.344986e-02 2.170241e-04
-4.333917e-02 2.208587e-04
-4.322874e-02 2.220924e-04
-4.311683e-02 2.239158e-04
-4.300689e-02 2.233899e-04
-4.289738e-02 2.217971e-04
-4.278816e-02 2.210535e-04
-4.267804e-02 2.174902e-04
-4.256526e-02 2.175030e-04
-4.245352e-02 2.192680e-04
-4.234200e-02 2.200652e-04
-4.222891e-02 2.205034e-04
-4.211579e-02 2.206859e-04
-4.200428e-02 2.230305e-04
-4.189337e-02 2.235062e-04
-4.178072e-02 2.219154e-04
-4.166725e-02 2.215372e-04
-4.155288e-02 2.190126e-04
-4.143729e-02 2.191266e-04
-4.132305e-02 2.216592e-04
-4.120953e-02 2.221374e-04
-4.109562e-02 2.236621e-04
-4.098170e-02 2.242245e-04
-4.086862e-02 2.263346e-04
-4.075409e-02 2.279613e-04
-4.063696e-02 2.281395e-04
-4.052010e-02 2.277345e-04
-4.040242e-02 2.252697e-04
-4.028451e-02 2.248242e-04
-4.016832e-02 2.272852e-04
-4.005165e-02 2.284621e-04
-3.993546e-02 2.316670e-04
-3.981767e-02 2.337848e-04
-3.969731e-02 2.353795e-04
-3.957711e-02 2.355300e-04
-3.945684e-02 2.358213e-04
-3.933491e-02 2.372378e-04
-3.921188e-02 2.393390e-04
-3.908893e-02 2.400486e-04
-3.896522e-02 2.416613e-04
-3.883907e-02 2.437158e-04
-3.871250e-02 2.478042e-04
-3.858447e-02 2.501550e-04
-3.845416e-02 2.528832e-04
-3.832456e-02 2.530923e-04
-3.819477e-02 2.533665e-04
-3.806528e-02 2.536278e-04
-3.793594e-02 2.546043e-04
-3.780500e-02 2.559165e-04
-3.767120e-02 2.557548e-04
-3.753427e-02 2.575835e-04
-3.739829e-02 2.632608e-04
-3.726143e-02 2.658292e-04
-3.712281e-02 2.700165e-04
-3.698370e-02 2.714423e-04
-3.684293e-02 2.726482e-04
-3.670140e-02 2.739083e-04
-3.655697e-02 2.736035e-04
-3.640801e-02 2.762189e-04
-3.625933e-02 2.828864e-04
-3.610715e-02 2.873962e-04
-3.595226e-02 2.954161e-04
-3.579352e-02 3.001982e-04
-3.563211e-02 3.090237e-04
-3.546633e-02 3.152227e-04
-3.529634e-02 3.253996e-04
-3.512105e-02 3.322415e-04
-3.493839e-02 3.402209e-04
-3.474353e-02 3.504489e-04
-3.454523e-02 3.718038e-04
-3.432994e-02 3.897081e-04
-3.410706e-02 4.267813e-04
-3.386524e-02 4.508592e-04
-3.360488e-02 4.867600e-04
-3.328086e-02 5.384341e-04
-3.293551e-02 6.487297e-04
-3.260079e-02 6.822271e-04
-3.220117e-02 6.645441e-04
-3.167491e-02 7.343214e-04
-3.115752e-02 9.429764e-04
-3.072057e-02 9.684170e-04
-3.014359e-02 8.061884e-04
-2.961298e-02 7.211849e-04
-2.918788e-02 6.607763e-04
-2.884643e-02 5.888664e-04
-2.853579e-02 4.421584e-04
-2.821073e-02 3.979172e-04
-2.797447e-02 4.212409e-04
-2.773299e-02 4.327756e-04
-2.748269e-02 4.501003e-04
-2.723367e-02 4.549290e-04
-2.697727e-02 4.561302e-04
-2.673719e-02 4.473930e-04
-2.649317e-02 4.181383e-04
-2.629387e-02 3.807235e-04
-2.610171e-02 2.870163e-04
-2.591220e-02 2.516906e-04
-2.577823e-02 2.463272e-04
-2.564583e-02 2.431189e-04
-2.551586e-02 2.383219e-04
-2.538526e-02 2.372967e-04
-2.525634e-02 2.372390e-04
-2.512784e-02 2.369665e-04
-2.499934e-02 2.370818e-04
-2.487370e-02 2.354115e-04
-2.474973e-02 2.326484e-04
-2.462653e-02 2.311989e-04
-2.450373e-02 2.278602e-04
-2.437769e-02 2.282855e-04
-2.425233e-02 2.306202e-04
-2.412733e-02 2.315495e-04
-2.400037e-02 2.317356e-04
-2.387471e-02 2.310431e-04
-2.375141e-02 2.321767e-04
-2.362935e-02 2.318363e-04
-2.350684e-02 2.301272e-04
-2.338186e-02 2.306757e-04
-2.325495e-02 2.290370e-04
-2.312607e-02 2.299357e-04
-2.299794e-02 2.336547e-04
-2.287054e-02 2.345520e-04
-2.274229e-02 2.364962e-04
-2.261581e-02 2.361454e-04
-2.249096e-02 2.369747e-04
-2.236497e-02 2.379618e-04
-2.223657e-02 2.366887e-04
-2.210733e-02 2.364049e-04
-2.197729e-02 2.343401e-04
-2.184720e-02 2.339495e-04
-2.171918e-02 2.372020e-04
-2.159130e-02 2.383034e-04
-2.146456e-02 2.423415e-04
-2.133822e-02 2.435538e-04
-2.120823e-02 2.408198e-04
-2.107749e-02 2.399503e-04
-2.094604e-02 2.364068e-04
-2.081261e-02 2.366362e-04
-2.068016e-02 2.389069e-04
-2.054667e-02 2.403540e-04
-2.041445e-02 2.474049e-04
-2.028221e-02 2.499768e-04
-2.014862e-02 2.539123e-04
-2.001482e-02 2.554476e-04
-1.987754e-02 2.538762e-04
-1.973723e-02 2.547654e-04
-1.959531e-02 2.545818e-04
-1.945199e-02 2.556883e-04
-1.931043e-02 2.616646e-04
-1.916838e-02 2.641181e-04
-1.902192e-02 2.645995e-04
-1.887563e-02 2.646949e-04
-1.872970e-02 2.645340e-04
-1.858345e-02 2.646714e-04
-1.843573e-02 2.626078e-04
-1.828827e-02 2.613429e-04
-1.814231e-02 2.603973e-04
-1.799719e-02 2.598990e-04
-1.785273e-02 2.605655e-04
-1.770357e-02 2.636500e-04
-1.755471e-02 2.717087e-04
-1.740188e-02 2.769983e-04
-1.724400e-02 2.832531e-04
-1.708235e-02 2.873597e-04
-1.691851e-02 2.951640e-04
-1.675021e-02 3.010378e-04
-1.657829e-02 3.113149e-04
-1.639931e-02 3.192500e-04
-1.621334e-02 3.308555e-04
-1.603277e-02 3.318256e-04
-1.584348e-02 3.186573e-04
-1.566451e-02 3.077057e-04
-1.549384e-02 2.911426e-04
-1.533477e-02 2.778315e-04
-1.518622e-02 2.585355e-04
-1.504385e-02 2.482512e-04
-1.490991e-02 2.346030e-04
-1.477904e-02 2.278435e-04
-1.465561e-02 2.205443e-04
-1.453193e-02 2.180666e-04
-1.441122e-02 2.161309e-04
-1.429096e-02 2.148565e-04
-1.417445e-02 2.175898e-04
-1.405978e-02 2.177573e-04
-1.394389e-02 2.161934e-04
-1.382849e-02 2.153371e-04
-1.371209e-02 2.120866e-04
-1.359329e-02 2.123646e-04
-1.347465e-02 2.125700e-04
-1.335520e-02 2.131337e-04
-1.323705e-02 2.168772e-04
-1.311743e-02 2.188004e-04
-1.299755e-02 2.237123e-04
-1.288169e-02 2.233600e-04
-1.276269e-02 2.179636e-04
-1.264471e-02 2.154134e-04
-1.252730e-02 2.084397e-04
-1.241105e-02 2.052338e-04
-1.229894e-02 2.032399e-04
-1.218723e-02 2.020048e-04
-1.207672e-02 2.006411e-04
-1.196809e-02 1.992983e-04
-1.186060e-02 1.974782e-04
-1.175543e-02 1.954342e-04
-1.164963e-02 1.894121e-04
-1.154527e-02 1.863791e-04
-1.144356e-02 1.816183e-04
-1.134479e-02 1.781353e-04
-1.124890e-02 1.732777e-04
-1.115279e-02 1.714227e-04
-1.105961e-02 1.711892e-04
-1.096777e-02 1.705331e-04
-1.087559e-02 1.687669e-04
-1.078368e-02 1.679709e-04
-1.069261e-02 1.664885e-04
-1.060382e-02 1.645758e-04
-1.051646e-02 1.616364e-04
-1.043089e-02 1.592846e-04
-1.034728e-02 1.560545e-04
-1.026330e-02 1.553240e-04
-1.017960e-02 1.537524e-04
-1.009574e-02 1.532777e-04
-1.001268e-02 1.538553e-04
-9.931320e-03 1.530456e-04
-9.850827e-03 1.516427e-04
-9.771932e-03 1.501772e-04
-9.693920e-03 1.475807e-04
-9.616412e-03 1.461418e-04
-9.539911e-03 1.438452e-04
-9.462950e-03 1.434887e-04
-9.385162e-03 1.416483e-04
-9.307686e-03 1.408035e-04
-9.232581e-03 1.418596e-04
-9.158851e-03 1.414124e-04
-9.085495e-03 1.407943e-04
-9.013423e-03 1.397996e-04
-8.941370e-03 1.370675e-04
-8.868895e-03 1.361500e-04
-8.796400e-03 1.335956e-04
-8.724164e-03 1.327032e-04
-8.653021e-03 1.325391e-04
-8.582358e-03 1.321977e-04
-8.512945e-03 1.328236e-04
-8.444906e-03 1.322223e-04
-8.376864e-03 1.305462e-04
-8.308539e-03 1.299341e-04
-8.239768e-03 1.275121e-04
-8.172045e-03 1.261860e-04
-8.105394e-03 1.242909e-04
-8.038845e-03 1.235458e-04
-7.973154e-03 1.233636e-04
-7.908172e-03 1.228765e-04
-7.843996e-03 1.223960e-04
-7.780300e-03 1.219356e-04
-7.716739e-03 1.208835e-04
-7.652531e-03 1.207259e-04
-7.588313e-03 1.202855e-04
-7.525458e-03 1.194730e-04
-7.463138e-03 1.185531e-04
-7.401546e-03 1.177870e-04
-7.340460e-03 1.160470e-04
-7.279947e-03 1.150760e-04
-7.220398e-03 1.139890e-04
-7.159590e-03 1.141956e-04
-7.098719e-03 1.146742e-04
-7.039174e-03 1.142050e-04
-6.979971e-03 1.134712e-04
-6.921172e-03 1.129645e-04
-6.862857e-03 1.127877e-04
-6.805652e-03 1.120592e-04
-6.748329e-03 1.094066e-04
-6.690648e-03 1.086664e-04
-6.633959e-03 1.082673e-04
-6.577257e-03 1.079830e-04
-6.520700e-03 1.074483e-04
-6.464545e-03 1.071606e-04
-6.408557e-03 1.070404e-04
-6.353352e-03 1.065291e-04
-6.298950e-03 1.060388e-04
-6.245445e-03 1.053231e-04
-6.191844e-03 1.031743e-04
-6.137646e-03 1.026178e-04
-6.083464e-03 1.011130e-04
-6.029554e-03 1.005451e-04
-5.976723e-03 1.007628e-04
-5.923836e-03 1.008747e-04
-5.871433e-03 1.023711e-04
-5.820268e-03 1.021684e-04
-5.768518e-03 1.002404e-04
-5.716619e-03 9.963634e-05
-5.665136e-03 9.865200e-05
-5.613952e-03 9.798260e-05
-5.562828e-03 9.623596e-05
-5.512067e-03 9.552077e-05
-5.462420e-03 9.574635e-05
-5.412966e-03 9.571420e-05
-5.364001e-03 9.607654e-05
-5.315816e-03 9.573823e-05
-5.267279e-03 9.421135e-05
-5.218743e-03 9.353301e-05
-5.170591e-03 9.229752e-05
-5.122987e-03 9.164975e-05
-5.075789e-03 9.052883e-05
-5.028973e-03 8.989566e-05
-4.982959e-03 8.980869e-05
-4.937171e-03 8.964250e-05
-4.891593e-03 8.918910e-05
-4.845971e-03 8.905237e-05
-4.800416e-03 8.878497e-05
-4.755408e-03 8.823994e-05
-4.710539e-03 8.696573e-05
-4.666350e-03 8.621857e-05
-4.622752e-03 8.545049e-05
-4.578946e-03 8.529943e-05
-4.535194e-03 8.464450e-05
-4.491549e-03 8.434455e-05
-4.448391e-03 8.432324e-05
-4.405097e-03 8.428078e-05
-4.361899e-03 8.432491e-05
-4.319758e-03 8.382170e-05
-4.277676e-03 8.252551e-05
-4.235796e-03 8.193682e-05
-4.194228e-03 8.112915e-05
-4.152461e-03 8.095907e-05
-4.110823e-03 8.039328e-05
-4.069175e-03 8.019587e-05
-4.027976e-03 8.039739e-05
-3.987019e-03 8.021441e-05
-3.946132e-03 7.982631e-05
-3.905927e-03 7.938706e-05
-3.865778e-03 7.855830e-05
-3.825627e-03 7.826046e-05
-3.785521e-03 7.720636e-05
-3.745468e-03 7.679481e-05
-3.706033e-03 7.668242e-05
-3.666678e-03 7.659384e-05
-3.627741e-03 7.704725e-05
-3.589177e-03 7.688192e-05
-3.550417e-03 7.609907e-05
-3.511795e-03 7.583843e-05
-3.473120e-03 7.531143e-05
-3.434770e-03 7.492753e-05
-3.396694e-03 7.403233e-05
-3.358731e-03 7.364240e-05
-3.321363e-03 7.355326e-05
-3.283915e-03 7.346873e-05
-3.246727e-03 7.366848e-05
-3.210025e-03 7.354893e-05
-3.173205e-03 7.302121e-05
-3.136472e-03 7.277865e-05
-3.099532e-03 7.203316e-05
-3.062845e-03 7.161273e-05
-3.026698e-03 7.107019e-05
-2.990660e-03 7.080930e-05
-2.954988e-03 7.069691e-05
-2.919282e-03 7.058103e-05
-2.883680e-03 7.043488e-05
-2.848250e-03 7.037511e-05
-2.812629e-03 7.015698e-05
-2.777386e-03 6.985202e-05
-2.742426e-03 6.921066e-05
-2.707816e-03 6.876910e-05
-2.673552e-03 6.811999e-05
-2.638960e-03 6.799007e-05
-2.604412e-03 6.770365e-05
-2.570114e-03 6.754241e-05
-2.536046e-03 6.747692e-05
-2.502078e-03 6.739352e-05
-2.468070e-03 6.735013e-05
-2.434423e-03 6.711783e-05
-2.400932e-03 6.647647e-05
-2.367670e-03 6.610746e-05
-2.334660e-03 6.550291e-05
-2.301374e-03 6.536192e-05
-2.268160e-03 6.509310e-05
-2.235039e-03 6.502916e-05
-2.201897e-03 6.506158e-05
-2.169085e-03 6.487517e-05
-2.136591e-03 6.463879e-05
-2.104350e-03 6.440092e-05
-2.072270e-03 6.400757e-05
-2.040045e-03 6.386539e-05
-2.007663e-03 6.321082e-05
-1.975459e-03 6.295505e-05
-1.943608e-03 6.283371e-05
-1.911866e-03 6.272459e-05
-1.880244e-03 6.285720e-05
-1.848775e-03 6.281320e-05
-1.817387e-03 6.258843e-05
-1.786143e-03 6.242102e-05
-1.754935e-03 6.201604e-05
-1.723843e-03 6.171662e-05
-1.692878e-03 6.109860e-05
-1.661888e-03 6.097419e-05
-1.630934e-03 6.091790e-05
-1.600206e-03 6.076207e-05
-1.569870e-03 6.075044e-05
-1.539625e-03 6.069115e-05
-1.509431e-03 6.061171e-05
-1.479287e-03 6.047097e-05
-1.449014e-03 5.986720e-05
-1.418947e-03 5.960865e-05
-1.389050e-03 5.917529e-05
-1.359147e-03 5.902239e-05
-1.329346e-03 5.898799e-05
-1.299791e-03 5.882728e-05
-1.270449e-03 5.851144e-05
-1.241131e-03 5.838309e-05
-1.211915e-03 5.819707e-05
-1.182715e-03 5.804201e-05
-1.153585e-03 5.773083e-05
-1.124808e-03 5.748618e-05
-1.096086e-03 5.711531e-05
-1.067369e-03 5.697860e-05
-1.038933e-03 5.685071e-05
-1.010533e-03 5.678305e-05
-9.821238e-04 5.657960e-05
-9.536912e-04 5.644340e-05
-9.253212e-04 5.617107e-05
-8.972135e-04 5.599244e-05
-8.693298e-04 5.586919e-05
-8.415887e-04 5.573922e-05
-8.136852e-04 5.531712e-05
-7.857794e-04 5.516619e-05
-7.582286e-04 5.512937e-05
-7.308137e-04 5.503450e-05
-7.033093e-04 5.462178e-05
-6.757434e-04 5.443596e-05
-6.483435e-04 5.419823e-05
-6.211954e-04 5.403559e-05
-5.942317e-04 5.389114e-05
-5.673968e-04 5.376187e-05
-5.404738e-04 5.345812e-05
-5.135960e-04 5.332130e-05
-4.869897e-04 5.319148e-05
-4.605041e-04 5.307220e-05
-4.340346e-04 5.276798e-05
-4.075653e-04 5.258691e-05
-3.812850e-04 5.240022e-05
-3.552031e-04 5.228554e-05
-3.290505e-04 5.204595e-05
-3.029663e-04 5.191828e-05
-2.771363e-04 5.179039e-05
-2.515023e-04 5.162647e-05
-2.258532e-04 5.114593e-05
-2.002297e-04 5.088845e-05
-1.747999e-04 5.049806e-05
-1.496254e-04 5.027356e-05
-1.246620e-04 5.000200e-05
-9.994813e-05 4.975457e-05
-7.519247e-05 4.918417e-05
-5.074312e-05 4.879951e-05
-2.659893e-05 4.803250e-05
-2.142617e-06 4.795141e-05
2.196677e-05 4.828509e-05
4.646485e-05 4.857958e-05
7.102906e-05 4.927009e-05
9.557935e-05 4.957663e-05
1.205079e-04 4.998684e-05
1.455757e-04 5.021866e-05
1.707200e-04 5.054618e-05
1.960489e-04 5.077503e-05
2.214880e-04 5.122665e-05
2.470617e-04 5.139998e-05
2.727945e-04 5.161497e-05
2.985689e-04 5.178736e-05
3.245615e-04 5.209951e-05
3.506493e-04 5.226937e-05
3.767684e-04 5.249223e-05
4.029257e-04 5.259547e-05
4.291609e-04 5.275244e-05
4.556802e-04 5.290752e-05
4.823110e-04 5.315169e-05
5.089035e-04 5.328863e-05
5.355981e-04 5.349858e-05
5.623356e-04 5.360007e-05
5.891984e-04 5.387652e-05
6.161680e-04 5.404044e-05
6.431736e-04 5.423229e-05
6.703624e-04 5.433738e-05
6.976290e-04 5.449895e-05
7.249629e-04 5.467134e-05
7.524012e-04 5.497568e-05
7.797758e-04 5.504728e-05
8.073464e-04 5.512785e-05
8.351897e-04 5.532084e-05
8.630700e-04 5.558633e-05
8.909237e-04 5.566586e-05
9.187670e-04 5.590422e-05
9.469943e-04 5.614400e-05
9.753725e-04 5.655735e-05
1.003608e-03 5.669707e-05
1.032107e-03 5.686121e-05
1.060667e-03 5.695750e-05
1.089087e-03 5.724431e-05
1.117707e-03 5.746755e-05
1.146505e-03 5.778924e-05
1.175455e-03 5.791735e-05
1.204535e-03 5.805582e-05
1.233629e-03 5.819276e-05
1.262766e-03 5.850095e-05
1.291917e-03 5.862051e-05
1.321299e-03 5.879010e-05
1.350878e-03 5.896988e-05
1.380445e-03 5.926638e-05
1.410321e-03 5.947725e-05
1.440280e-03 5.992419e-05
1.470066e-03 6.006321e-05
1.499961e-03 6.026931e-05
1.529999e-03 6.042919e-05
1.560348e-03 6.058231e-05
1.590812e-03 6.070669e-05
1.621242e-03 6.088110e-05
1.651761e-03 6.099761e-05
1.682280e-03 6.132123e-05
1.713117e-03 6.154537e-05
1.744089e-03 6.194400e-05
1.774936e-03 6.209693e-05
1.805902e-03 6.256066e-05
1.836947e-03 6.277589e-05
1.868295e-03 6.263443e-05
1.899903e-03 6.274047e-05
1.931510e-03 6.303696e-05
1.963368e-03 6.320782e-05
1.995293e-03 6.356951e-05
2.027050e-03 6.368490e-05
2.058848e-03 6.393724e-05
2.090832e-03 6.414021e-05
2.123157e-03 6.437886e-05
2.155658e-03 6.457053e-05
2.188159e-03 6.485928e-05
2.220818e-03 6.496998e-05
2.253593e-03 6.508593e-05
2.286286e-03 6.516726e-05
2.318989e-03 6.537529e-05
2.351994e-03 6.563040e-05
2.385243e-03 6.618039e-05
2.418489e-03 6.637788e-05
2.451841e-03 6.650190e-05
2.485511e-03 6.673840e-05
2.519222e-03 6.732752e-05
2.552996e-03 6.748578e-05
2.587017e-03 6.751512e-05
2.621069e-03 6.763607e-05
2.655160e-03 6.816289e-05
2.689531e-03 6.852133e-05
2.724096e-03 6.893605e-05
2.758774e-03 6.915371e-05
2.793694e-03 6.935525e-05
2.828948e-03 6.953334e-05
2.864134e-03 7.014119e-05
2.899073e-03 7.030732e-05
2.934302e-03 7.055408e-05
2.969912e-03 7.087261e-05
3.005585e-03 7.138615e-05
3.041338e-03 7.161916e-05
3.077316e-03 7.189047e-05
3.113760e-03 7.216958e-05
3.150199e-03 7.295248e-05
3.186435e-03 7.321175e-05
3.223071e-03 7.326761e-05
3.259850e-03 7.337327e-05
3.296688e-03 7.384647e-05
3.333848e-03 7.421120e-05
3.371306e-03 7.444763e-05
3.408806e-03 7.455715e-05
3.446461e-03 7.459979e-05
3.484583e-03 7.479213e-05
3.522545e-03 7.559048e-05
3.560385e-03 7.590676e-05
3.598784e-03 7.614130e-05
3.637660e-03 7.651241e-05
3.676575e-03 7.718679e-05
3.715683e-03 7.754468e-05
3.755081e-03 7.805240e-05
3.794526e-03 7.815615e-05
3.833884e-03 7.858866e-05
3.873208e-03 7.883056e-05
3.913148e-03 7.877400e-05
3.953472e-03 7.898437e-05
3.993635e-03 7.953667e-05
4.034145e-03 7.994409e-05
4.075042e-03 8.042856e-05
4.116057e-03 8.056288e-05
4.157012e-03 8.103697e-05
4.198261e-03 8.149366e-05
4.239776e-03 8.231807e-05
4.281127e-03 8.251757e-05
4.322975e-03 8.255621e-05
4.365503e-03 8.297960e-05
4.407825e-03 8.418496e-05
4.450494e-03 8.471109e-05
4.493576e-03 8.548383e-05
4.536312e-03 8.567081e-05
4.579108e-03 8.609073e-05
4.622126e-03 8.637573e-05
4.665970e-03 8.611908e-05
4.710250e-03 8.628951e-05
4.754464e-03 8.654530e-05
4.799149e-03 8.692063e-05
4.843855e-03 8.792640e-05
4.888732e-03 8.826969e-05
4.933530e-03 8.935472e-05
4.978542e-03 8.999422e-05
5.024306e-03 9.086064e-05
5.070039e-03 9.115592e-05
5.116172e-03 9.096602e-05
5.163203e-03 9.143762e-05
5.210463e-03 9.236393e-05
5.258100e-03 9.279542e-05
5.305927e-03 9.367741e-05
5.353924e-03 9.422307e-05
5.401715e-03 9.607801e-05
5.449767e-03 9.690381e-05
5.499356e-03 9.700393e-05
5.549241e-03 9.721926e-05
5.599377e-03 9.702935e-05
5.650126e-03 9.719563e-05
5.700377e-03 9.849123e-05
5.750816e-03 9.920233e-05
5.801617e-03 1.005699e-04
5.852791e-03 1.012859e-04
5.904929e-03 1.020508e-04
5.957636e-03 1.026704e-04
6.010751e-03 1.033215e-04
6.063479e-03 1.033229e-04
6.116113e-03 1.034837e-04
6.168979e-03 1.035391e-04
6.221997e-03 1.034435e-04
6.275499e-03 1.038397e-04
6.328851e-03 1.055864e-04
6.382743e-03 1.065427e-04
6.437607e-03 1.071764e-04
6.492798e-03 1.076012e-04
6.548106e-03 1.085857e-04
6.603720e-03 1.089736e-04
6.659681e-03 1.094727e-04
6.715173e-03 1.095186e-04
6.770877e-03 1.097055e-04
6.827592e-03 1.103823e-04
6.884475e-03 1.115664e-04
6.942429e-03 1.126365e-04
7.000917e-03 1.147178e-04
7.059310e-03 1.152522e-04
7.118137e-03 1.160126e-04
7.176193e-03 1.159806e-04
7.234383e-03 1.156686e-04
7.293781e-03 1.162789e-04
7.354278e-03 1.165805e-04
7.415488e-03 1.171212e-04
7.476824e-03 1.179681e-04
7.538572e-03 1.185206e-04
7.600016e-03 1.205631e-04
7.661704e-03 1.212786e-04
7.724058e-03 1.221577e-04
7.785853e-03 1.223036e-04
7.848809e-03 1.212327e-04
7.913143e-03 1.216779e-04
7.977599e-03 1.222477e-04
8.042960e-03 1.229963e-04
8.108626e-03 1.245621e-04
8.174799e-03 1.252555e-04
8.240440e-03 1.280703e-04
8.305759e-03 1.290615e-04
8.372309e-03 1.302562e-04
8.438997e-03 1.307733e-04
8.507127e-03 1.293063e-04
8.576400e-03 1.294647e-04
8.645311e-03 1.305073e-04
8.715006e-03 1.311706e-04
8.784062e-03 1.340793e-04
8.852995e-03 1.352311e-04
8.923093e-03 1.364909e-04
8.993998e-03 1.374300e-04
9.066371e-03 1.381139e-04
9.139704e-03 1.389421e-04
9.213169e-03 1.404905e-04
9.286609e-03 1.408377e-04
9.360408e-03 1.412116e-04
9.434657e-03 1.418052e-04
9.508016e-03 1.449276e-04
9.582358e-03 1.466438e-04
9.658852e-03 1.483876e-04
9.735821e-03 1.493073e-04
9.813807e-03 1.495999e-04
9.892535e-03 1.501518e-04
9.971420e-03 1.514230e-04
1.005040e-02 1.517303e-04
1.012929e-02 1.527470e-04
1.020839e-02 1.534442e-04
1.028823e-02 1.547297e-04
1.037107e-02 1.569978e-04
1.045506e-02 1.607651e-04
1.053912e-02 1.621541e-04
1.062479e-02 1.632975e-04
1.071016e-02 1.632973e-04
1.079502e-02 1.641511e-04
1.088111e-02 1.654176e-04
1.096834e-02 1.670510e-04
1.105735e-02 1.687144e-04
1.114868e-02 1.701127e-04
1.124127e-02 1.713814e-04
1.133375e-02 1.744315e-04
1.142766e-02 1.761442e-04
1.152260e-02 1.792003e-04
1.161654e-02 1.799406e-04
1.171187e-02 1.796882e-04
1.181076e-02 1.817346e-04
1.191089e-02 1.860527e-04
1.201419e-02 1.895287e-04
1.211959e-02 1.949722e-04
1.222595e-02 1.975144e-04
1.233288e-02 2.036362e-04
1.244101e-02 2.062798e-04
1.255091e-02 2.106852e-04
1.266061e-02 2.124278e-04
1.277511e-02 2.100533e-04
1.289268e-02 2.110557e-04
1.300996e-02 2.135265e-04
1.312926e-02 2.156348e-04
1.324769e-02 2.229367e-04
1.336599e-02 2.251715e-04
1.348669e-02 2.273947e-04
1.360667e-02 2.280654e-04
1.372905e-02 2.267744e-04
1.385118e-02 2.261696e-04
1.397290e-02 2.243034e-04
1.409437e-02 2.234851e-04
1.421583e-02 2.212410e-04
1.433778e-02 2.204217e-04
1.445605e-02 2.243090e-04
1.457195e-02 2.245933e-04
1.468907e-02 2.233837e-04
1.480647e-02 2.231244e-04
1.492559e-02 2.203944e-04
1.504723e-02 2.209425e-04
1.516881e-02 2.217215e-04
1.529378e-02 2.240446e-04
1.541823e-02 2.313795e-04
1.554728e-02 2.364527e-04
1.567804e-02 2.477016e-04
1.581753e-02 2.573108e-04
1.596321e-02 2.747213e-04
1.611966e-02 2.875050e-04
1.628649e-02 3.046630e-04
1.647003e-02 3.208915e-04
1.666324e-02 3.498145e-04
1.685106e-02 3.564811e-04
1.705271e-02 3.519952e-04
1.724095e-02 3.428135e-04
1.742810e-02 3.203239e-04
1.761003e-02 3.090921e-04
1.777871e-02 2.987283e-04
1.794430e-02 2.931416e-04
1.810620e-02 2.837894e-04
1.826407e-02 2.776143e-04
1.841574e-02 2.708864e-04
1.856603e-02 2.680079e-04
1.871290e-02 2.657254e-04
1.886006e-02 2.650803e-04
1.900673e-02 2.650874e-04
1.915472e-02 2.658980e-04
1.930254e-02 2.673921e-04
1.944862e-02 2.668856e-04
1.959286e-02 2.685696e-04
1.973818e-02 2.694548e-04
1.988434e-02 2.705555e-04
2.003039e-02 2.712492e-04
2.017944e-02 2.691854e-04
2.032906e-02 2.687995e-04
2.047758e-02 2.685107e-04
2.062294e-02 2.665064e-04
2.076628e-02 2.643050e-04
2.090724e-02 2.617189e-04
2.104583e-02 2.585353e-04
2.118085e-02 2.555985e-04
2.131641e-02 2.474707e-04
2.145260e-02 2.449268e-04
2.158601e-02 2.415180e-04
2.172131e-02 2.414266e-04
2.185479e-02 2.442327e-04
2.198640e-02 2.437886e-04
2.211657e-02 2.450030e-04
2.224489e-02 2.446617e-04
2.237407e-02 2.422886e-04
2.250303e-02 2.413023e-04
2.263436e-02 2.354981e-04
2.276778e-02 2.346697e-04
2.289818e-02 2.364700e-04
2.302788e-02 2.363621e-04
2.315641e-02 2.380391e-04
2.328373e-02 2.382372e-04
2.341046e-02 2.397647e-04
2.353824e-02 2.409415e-04
2.366966e-02 2.390470e-04
2.380064e-02 2.381177e-04
2.393116e-02 2.353775e-04
2.406101e-02 2.339892e-04
2.418881e-02 2.335648e-04
2.431602e-02 2.327350e-04
2.444095e-02 2.342575e-04
2.456598e-02 2.351744e-04
2.469256e-02 2.360103e-04
2.481876e-02 2.360942e-04
2.494668e-02 2.325478e-04
2.507349e-02 2.306014e-04
2.519759e-02 2.297100e-04
2.532191e-02 2.291994e-04
2.544492e-02 2.299736e-04
2.556884e-02 2.310955e-04
2.569297e-02 2.338442e-04
2.581911e-02 2.360421e-04
2.594812e-02 2.382612e-04
2.607508e-02 2.378428e-04
2.620063e-02 2.381121e-04
2.632671e-02 2.381948e-04
2.645236e-02 2.391582e-04
2.657709e-02 2.392764e-04
2.670349e-02 2.368320e-04
2.683492e-02 2.389632e-04
2.696735e-02 2.441087e-04
2.710341e-02 2.481573e-04
2.724029e-02 2.570793e-04
2.746588e-02 3.136279e-04
2.769447e-02 4.656977e-04
2.789797e-02 5.046565e-04
2.818418e-02 4.749662e-04
2.846684e-02 4.628004e-04
2.873419e-02 4.561417e-04
2.899032e-02 4.470269e-04
2.924464e-02 4.228886e-04
2.948990e-02 4.087516e-04
2.972079e-02 3.934791e-04
3.006170e-02 4.533383e-04
3.039185e-02 6.372320e-04
3.080921e-02 7.563588e-04
3.133893e-02 9.033669e-04
3.188757e-02 9.679756e-04
3.258220e-02 9.002271e-04
3.317035e-02 8.118125e-04
3.367026e-02 7.135810e-04
3.414431e-02 6.617234e-04
3.458570e-02 5.729815e-04
3.496471e-02 5.044693e-04
3.525778e-02 4.573233e-04
3.552032e-02 4.220290e-04
3.575191e-02 3.769415e-04
3.597572e-02 3.560215e-04
3.617349e-02 3.398013e-04
3.636712e-02 3.314673e-04
3.655008e-02 3.261304e-04
3.672636e-02 3.197510e-04
3.689926e-02 3.077733e-04
3.706867e-02 3.017898e-04
3.723270e-02 2.951986e-04
3.739524e-02 2.919351e-04
3.755447e-02 2.872416e-04
3.770825e-02 2.822814e-04
3.785842e-02 2.745434e-04
3.800888e-02 2.715515e-04
3.815513e-02 2.703027e-04
3.830202e-02 2.705989e-04
3.845019e-02 2.702857e-04
3.859540e-02 2.684056e-04
3.873807e-02 2.663728e-04
3.887926e-02 2.647515e-04
3.901882e-02 2.629725e-04
3.915568e-02 2.603506e-04
3.929187e-02 2.542128e-04
3.942834e-02 2.525104e-04
3.956360e-02 2.497810e-04
3.969972e-02 2.493062e-04
3.983445e-02 2.512340e-04
3.996779e-02 2.511062e-04
4.010067e-02 2.505500e-04
4.023014e-02 2.479620e-04
4.035819e-02 2.431868e-04
4.048471e-02 2.408894e-04
4.060955e-02 2.373163e-04
4.073483e-02 2.362903e-04
4.086069e-02 2.333660e-04
4.098558e-02 2.317414e-04
4.110650e-02 2.329371e-04
4.122651e-02 2.328129e-04
4.134626e-02 2.328982e-04
4.146532e-02 2.321966e-04
4.158652e-02 2.267073e-04
4.170912e-02 2.258773e-04
4.183044e-02 2.265433e-04
4.195004e-02 2.257601e-04
4.206868e-02 2.243027e-04
4.218679e-02 2.234565e-04
4.230157e-02 2.266773e-04
4.241703e-02 2.279405e-04
4.253440e-02 2.283002e-04
4.265143e-02 2.285414e-04
4.276962e-02 2.272874e-04
4.288678e-02 2.262211e-04
4.300546e-02 2.215769e-04
4.312383e-02 2.197226e-04
4.323697e-02 2.224433e-04
4.335046e-02 2.233293e-04
4.346472e-02 2.245074e-04
4.357838e-02 2.248674e-04
4.369276e-02 2.246556e-04
4.380886e-02 2.256127e-04
4.392627e-02 2.269585e-04
4.404061e-02 2.256057e-04
4.415398e-02 2.225845e-04
4.426693e-02 2.212332e-04
4.437806e-02 2.205046e-04
4.449202e-02 2.216391e-04
4.460761e-02 2.220784e-04
4.472210e-02 2.218754e-04
4.483661e-02 2.221280e-04
4.495164e-02 2.225449e-04
4.506535e-02 2.250836e-04
4.517521e-02 2.236883e-04
4.528514e-02 2.197020e-04
4.539740e-02 2.193680e-04
4.551080e-02 2.165508e-04
4.562588e-02 2.168323e-04
4.574041e-02 2.193298e-04
4.585651e-02 2.211780e-04
4.597315e-02 2.245732e-04
4.608481e-02 2.227991e-04
4.619511e-02 2.201229e-04
4.630611e-02 2.192792e-04
4.641754e-02 2.162516e-04
4.652974e-02 2.159207e-04
4.664313e-02 2.130083e-04
4.675800e-02 2.128359e-04
4.687067e-02 2.168226e-04
4.698318e-02 2.181751e-04
4.709518e-02 2.219540e-04
4.720505e-02 2.220272e-04
4.731725e-02 2.183220e-04
4.743202e-02 2.182323e-04
4.754667e-02 2.182150e-04
4.766043e-02 2.179711e-04
4.777523e-02 2.163798e-04
4.788989e-02 2.157347e-04
4.800066e-02 2.196183e-04
4.811103e-02 2.207770e-04
4.822301e-02 2.213003e-04
4.833645e-02 2.220544e-04
4.845130e-02 2.217796e-04
4.856440e-02 2.209205e-04
4.867984e-02 2.154243e-04
4.879654e-02 2.142010e-04
4.890797e-02 2.187627e-04
