-5.012571e-02 2.572226e-04
-5.006620e-02 2.315703e-04
-4.998530e-02 2.349006e-04
-4.989484e-02 2.281195e-04
-4.980052e-02 2.283240e-04
-4.970277e-02 2.240841e-04
-4.960333e-02 2.235591e-04
-4.950377e-02 2.210889e-04
-4.940114e-02 2.220466e-04
-4.929805e-02 2.239468e-04
-4.919269e-02 2.256951e-04
-4.908471e-02 2.261610e-04
-4.897605e-02 2.270470e-04
-4.886545e-02 2.262915e-04
-4.875622e-02 2.252010e-04
-4.864823e-02 2.251106e-04
-4.854037e-02 2.250033e-04
-4.843421e-02 2.267134e-04
-4.832771e-02 2.275343e-04
-4.821723e-02 2.231639e-04
-4.810526e-02 2.221777e-04
-4.799410e-02 2.207732e-04
-4.788225e-02 2.209777e-04
-4.777097e-02 2.233323e-04
-4.766128e-02 2.232247e-04
-4.755285e-02 2.241748e-04
-4.744350e-02 2.250641e-04
-4.733245e-02 2.246840e-04
-4.722083e-02 2.245839e-04
-4.710841e-02 2.229814e-04
-4.699565e-02 2.229132e-04
-4.688369e-02 2.240464e-04
-4.677321e-02 2.235693e-04
-4.666341e-02 2.242287e-04
-4.655417e-02 2.241216e-04
-4.644528e-02 2.235516e-04
-4.633355e-02 2.250565e-04
-4.621851e-02 2.237263e-04
-4.610405e-02 2.226011e-04
-4.599129e-02 2.223310e-04
-4.588047e-02 2.213767e-04
-4.577078e-02 2.214569e-04
-4.565973e-02 2.223050e-04
-4.554731e-02 2.215450e-04
-4.543376e-02 2.219554e-04
-4.532066e-02 2.238556e-04
-4.520733e-02 2.243691e-04
-4.509389e-02 2.256042e-04
-4.498203e-02 2.253998e-04
-4.487019e-02 2.248332e-04
-4.475731e-02 2.252421e-04
-4.464251e-02 2.240035e-04
-4.452736e-02 2.237644e-04
-4.441426e-02 2.256646e-04
-4.430104e-02 2.264170e-04
-4.418613e-02 2.256569e-04
-4.407154e-02 2.248710e-04
-4.395788e-02 2.242139e-04
-4.384501e-02 2.238050e-04
-4.373259e-02 2.242720e-04
-4.361789e-02 2.258089e-04
-4.350127e-02 2.259990e-04
-4.338453e-02 2.261358e-04
-4.326949e-02 2.293661e-04
-4.315446e-02 2.302142e-04
-4.303896e-02 2.318042e-04
-4.292496e-02 2.318042e-04
-4.280946e-02 2.293489e-04
-4.269193e-02 2.296897e-04
-4.257280e-02 2.288449e-04
-4.245424e-02 2.282032e-04
-4.233750e-02 2.285832e-04
-4.222053e-02 2.288568e-04
-4.210412e-02 2.305670e-04
-4.198613e-02 2.318211e-04
-4.186700e-02 2.334088e-04
-4.174719e-02 2.347038e-04
-4.162464e-02 2.346363e-04
-4.150335e-02 2.338657e-04
-4.138388e-02 2.338657e-04
-4.126429e-02 2.339341e-04
-4.114585e-02 2.360243e-04
-4.102592e-02 2.373399e-04
-4.090428e-02 2.381503e-04
-4.078106e-02 2.397179e-04
-4.065612e-02 2.412289e-04
-4.053176e-02 2.414334e-04
-4.040751e-02 2.431023e-04
-4.028155e-02 2.447346e-04
-4.015559e-02 2.483450e-04
-4.002941e-02 2.497816e-04
-3.990083e-02 2.497816e-04
-3.976850e-02 2.516882e-04
-3.963469e-02 2.545305e-04
-3.950248e-02 2.549394e-04
-3.937060e-02 2.566393e-04
-3.923759e-02 2.579343e-04
-3.910435e-02 2.621330e-04
-3.897054e-02 2.639948e-04
-3.883434e-02 2.641848e-04
-3.869633e-02 2.653477e-04
-3.855683e-02 2.661078e-04
-3.841551e-02 2.671044e-04
-3.827544e-02 2.719659e-04
-3.813549e-02 2.740106e-04
-3.799235e-02 2.754197e-04
-3.784807e-02 2.766196e-04
-3.770289e-02 2.773797e-04
-3.755315e-02 2.803895e-04
-3.740250e-02 2.872301e-04
-3.724969e-02 2.905860e-04
-3.709517e-02 2.970638e-04
-3.693679e-02 3.021075e-04
-3.677579e-02 3.117400e-04
-3.660921e-02 3.185558e-04
-3.643683e-02 3.290480e-04
-3.625910e-02 3.360646e-04
-3.607659e-02 3.463255e-04
-3.588703e-02 3.542607e-04
-3.569121e-02 3.658517e-04
-3.547775e-02 3.800718e-04
-3.526042e-02 4.130775e-04
-3.502694e-02 4.351608e-04
-3.477241e-02 4.631506e-04
-3.447225e-02 5.007259e-04
-3.416060e-02 5.841435e-04
-3.382733e-02 6.271711e-04
-3.343432e-02 6.469329e-04
-3.296747e-02 6.973304e-04
-3.250062e-02 8.371935e-04
-3.201568e-02 8.993539e-04
-3.142788e-02 9.008649e-04
-3.091949e-02 8.538356e-04
-3.041657e-02 7.350736e-04
-3.001048e-02 6.341105e-04
-2.967698e-02 4.716458e-04
-2.933984e-02 4.153474e-04
-2.909931e-02 4.202878e-04
-2.884011e-02 4.326446e-04
-2.858137e-02 4.677406e-04
-2.833992e-02 4.706032e-04
-2.808220e-02 4.531789e-04
-2.782164e-02 4.486308e-04
-2.756210e-02 4.358997e-04
-2.735684e-02 3.986867e-04
-2.715498e-02 3.010177e-04
-2.695791e-02 2.626245e-04
-2.681944e-02 2.538941e-04
-2.668097e-02 2.510996e-04
-2.654420e-02 2.461889e-04
-2.640811e-02 2.440078e-04
-2.627510e-02 2.439677e-04
-2.614436e-02 2.425989e-04
-2.601636e-02 2.424089e-04
-2.588869e-02 2.421352e-04
-2.576149e-02 2.421352e-04
-2.563246e-02 2.428917e-04
-2.550104e-02 2.410442e-04
-2.537155e-02 2.395447e-04
-2.524150e-02 2.353116e-04
-2.511156e-02 2.337289e-04
-2.498526e-02 2.344889e-04
-2.485964e-02 2.343521e-04
-2.473516e-02 2.358722e-04
-2.460738e-02 2.380689e-04
-2.447870e-02 2.426660e-04
-2.434933e-02 2.450516e-04
-2.421586e-02 2.448627e-04
-2.408444e-02 2.435677e-04
-2.395461e-02 2.435298e-04
-2.382444e-02 2.437313e-04
-2.369621e-02 2.465816e-04
-2.356878e-02 2.471289e-04
-2.343827e-02 2.435186e-04
-2.330525e-02 2.433833e-04
-2.317167e-02 2.421035e-04
-2.303843e-02 2.417627e-04
-2.290451e-02 2.405722e-04
-2.276945e-02 2.408431e-04
-2.263723e-02 2.454035e-04
-2.250764e-02 2.454719e-04
-2.237713e-02 2.441418e-04
-2.224514e-02 2.442115e-04
-2.211247e-02 2.433049e-04
-2.197809e-02 2.443273e-04
-2.184166e-02 2.437606e-04
-2.170478e-02 2.438288e-04
-2.157018e-02 2.487223e-04
-2.143489e-02 2.509140e-04
-2.130051e-02 2.575647e-04
-2.116659e-02 2.596852e-04
-2.102778e-02 2.574050e-04
-2.088600e-02 2.580001e-04
-2.074320e-02 2.579910e-04
-2.059950e-02 2.588771e-04
-2.045613e-02 2.618990e-04
-2.031106e-02 2.640119e-04
-2.016541e-02 2.699298e-04
-2.001989e-02 2.720135e-04
-1.986981e-02 2.691633e-04
-1.971768e-02 2.693685e-04
-1.956680e-02 2.720287e-04
-1.941672e-02 2.721254e-04
-1.926653e-02 2.722525e-04
-1.911747e-02 2.719798e-04
-1.896876e-02 2.728028e-04
-1.881868e-02 2.739365e-04
-1.866837e-02 2.756467e-04
-1.851488e-02 2.781777e-04
-1.835888e-02 2.810280e-04
-1.819765e-02 2.847925e-04
-1.803551e-02 2.937634e-04
-1.787394e-02 2.970350e-04
-1.770861e-02 2.998681e-04
-1.753396e-02 3.064795e-04
-1.735566e-02 3.199478e-04
-1.716701e-02 3.310633e-04
-1.696891e-02 3.449346e-04
-1.678424e-02 3.418563e-04
-1.659320e-02 3.226646e-04
-1.641365e-02 3.084249e-04
-1.624741e-02 2.912112e-04
-1.609153e-02 2.792153e-04
-1.594316e-02 2.593757e-04
-1.579751e-02 2.505872e-04
-1.565950e-02 2.378560e-04
-1.552546e-02 2.308786e-04
-1.539962e-02 2.251781e-04
-1.527389e-02 2.227457e-04
-1.515202e-02 2.224870e-04
-1.503244e-02 2.213283e-04
-1.491365e-02 2.194396e-04
-1.479293e-02 2.199167e-04
-1.467175e-02 2.213040e-04
-1.455011e-02 2.220922e-04
-1.442723e-02 2.213322e-04
-1.430457e-02 2.209217e-04
-1.418430e-02 2.237719e-04
-1.406312e-02 2.250300e-04
-1.394058e-02 2.262743e-04
-1.381826e-02 2.268877e-04
-1.369447e-02 2.269736e-04
-1.357158e-02 2.264702e-04
-1.344687e-02 2.211497e-04
-1.332433e-02 2.179346e-04
-1.320656e-02 2.169845e-04
-1.309051e-02 2.153185e-04
-1.297513e-02 2.118707e-04
-1.286237e-02 2.093488e-04
-1.275007e-02 2.031160e-04
-1.263606e-02 2.018892e-04
-1.252239e-02 1.997887e-04
-1.241259e-02 1.967211e-04
-1.230722e-02 1.948209e-04
-1.220550e-02 1.919478e-04
-1.210469e-02 1.854873e-04
-1.200274e-02 1.835898e-04
-1.190261e-02 1.813965e-04
-1.180567e-02 1.789428e-04
-1.170930e-02 1.737253e-04
-1.161121e-02 1.728777e-04
-1.151564e-02 1.740178e-04
-1.142325e-02 1.725129e-04
-1.133256e-02 1.711828e-04
-1.124244e-02 1.701274e-04
-1.115108e-02 1.651469e-04
-1.105971e-02 1.635793e-04
-1.096982e-02 1.616905e-04
-1.088175e-02 1.599184e-04
-1.079585e-02 1.591870e-04
-1.071119e-02 1.581780e-04
-1.062836e-02 1.577980e-04
-1.054598e-02 1.573875e-04
-1.046223e-02 1.539672e-04
-1.037803e-02 1.527966e-04
-1.029509e-02 1.516622e-04
-1.021385e-02 1.504354e-04
-1.013374e-02 1.494796e-04
-1.005387e-02 1.490039e-04
-9.976041e-03 1.505241e-04
-9.899464e-03 1.503189e-04
-9.820954e-03 1.465185e-04
-9.741761e-03 1.455608e-04
-9.664503e-03 1.461309e-04
-9.589292e-03 1.449068e-04
-9.514081e-03 1.415288e-04
-9.438643e-03 1.406428e-04
-9.364001e-03 1.400304e-04
-9.289474e-03 1.397463e-04
-9.215971e-03 1.401263e-04
-9.143490e-03 1.396475e-04
-9.070442e-03 1.373673e-04
-8.996142e-03 1.371078e-04
-8.922524e-03 1.375428e-04
-8.851751e-03 1.361796e-04
-8.784164e-03 1.376906e-04
-8.717146e-03 1.378951e-04
-8.646486e-03 1.329088e-04
-8.574576e-03 1.318644e-04
-8.504258e-03 1.311043e-04
-8.434964e-03 1.302150e-04
-8.366581e-03 1.292650e-04
-8.299221e-03 1.281315e-04
-8.232544e-03 1.261398e-04
-8.166095e-03 1.254582e-04
-8.099987e-03 1.245997e-04
-8.034335e-03 1.240205e-04
-7.969024e-03 1.225003e-04
-7.903939e-03 1.218163e-04
-7.839538e-03 1.210562e-04
-7.774909e-03 1.207519e-04
-7.711419e-03 1.218130e-04
-7.649521e-03 1.214040e-04
-7.586599e-03 1.185709e-04
-7.523450e-03 1.176849e-04
-7.461437e-03 1.175567e-04
-7.399540e-03 1.174459e-04
-7.337756e-03 1.168758e-04
-7.276768e-03 1.161918e-04
-7.216349e-03 1.152417e-04
-7.157637e-03 1.137191e-04
-7.099494e-03 1.104568e-04
-7.034524e-03 1.135239e-04
-6.963979e-03 1.131759e-04
-6.897643e-03 1.105369e-04
-6.837452e-03 1.130071e-04
-6.780902e-03 1.117074e-04
-6.724921e-03 1.090471e-04
-6.666436e-03 1.094417e-04
-6.608180e-03 1.109241e-04
-6.551857e-03 1.104470e-04
-6.494966e-03 1.081805e-04
-6.437505e-03 1.077034e-04
-6.382207e-03 1.103877e-04
-6.314279e-03 1.189508e-04
-6.230079e-03 1.151505e-04
-6.158965e-03 1.059156e-04
-6.102870e-03 1.053456e-04
-6.047571e-03 1.045178e-04
-5.992956e-03 1.033708e-04
-5.939022e-03 1.026892e-04
-5.884179e-03 9.965581e-05
-5.826832e-03 1.000707e-04
-5.770055e-03 1.017809e-04
-5.716918e-03 1.002075e-04
-5.665829e-03 9.925744e-05
-5.616334e-03 9.782586e-05
-5.565587e-03 9.178880e-05
-5.507899e-03 9.390171e-05
-5.443953e-03 8.936877e-05
-5.379438e-03 8.807376e-05
-5.317085e-03 8.838283e-05
-5.257349e-03 8.694431e-05
-5.199889e-03 8.637426e-05
-5.142314e-03 8.623744e-05
-5.089291e-03 9.345810e-05
-5.041503e-03 9.278420e-05
-4.994738e-03 9.262395e-05
-4.947973e-03 9.269211e-05
-4.900298e-03 9.171225e-05
-4.853192e-03 9.101828e-05
-4.806996e-03 9.025821e-05
-4.761142e-03 8.977937e-05
-4.715287e-03 8.844925e-05
-4.669319e-03 8.791811e-05
-4.623692e-03 8.702183e-05
-4.579316e-03 8.606761e-05
-4.535965e-03 8.512325e-05
-4.492614e-03 8.478246e-05
-4.448807e-03 8.339281e-05
-4.404319e-03 8.330358e-05
-4.362901e-03 8.786399e-05
-4.321371e-03 8.957415e-05
-4.273240e-03 8.330357e-05
-4.221469e-03 8.311398e-05
-4.172088e-03 8.659152e-05
-4.125664e-03 8.618258e-05
-4.080151e-03 8.688540e-05
-4.037254e-03 8.556859e-05
-3.994586e-03 8.195826e-05
-3.951235e-03 8.106897e-05
-3.909021e-03 8.049892e-05
-3.866466e-03 8.049892e-05
-3.823229e-03 7.935882e-05
-3.782267e-03 7.747542e-05
-3.745060e-03 7.850449e-05
-3.704895e-03 8.075371e-05
-3.659951e-03 7.934461e-05
-3.615234e-03 7.870516e-05
-3.570859e-03 7.718502e-05
-3.526711e-03 7.650096e-05
-3.483815e-03 7.669098e-05
-3.442511e-03 7.569711e-05
-3.405304e-03 7.975844e-05
-3.370601e-03 7.982660e-05
-3.333621e-03 7.623802e-05
-3.292773e-03 7.726040e-05
-3.249991e-03 7.716768e-05
-3.208688e-03 7.625014e-05
-3.168408e-03 7.511004e-05
-3.129836e-03 7.367351e-05
-3.092856e-03 7.234338e-05
-3.054739e-03 7.244822e-05
-3.016280e-03 7.217807e-05
-2.978618e-03 7.170097e-05
-2.942549e-03 7.330123e-05
-2.906139e-03 7.408395e-05
-2.866542e-03 7.066363e-05
-2.827060e-03 6.936391e-05
-2.791901e-03 7.297424e-05
-2.756969e-03 7.403651e-05
-2.718738e-03 7.149074e-05
-2.681986e-03 6.978679e-05
-2.648648e-03 7.073115e-05
-2.616789e-03 7.018588e-05
-2.584474e-03 6.817696e-05
-2.549771e-03 6.888507e-05
-2.513929e-03 6.869505e-05
-2.478770e-03 6.821621e-05
-2.443839e-03 6.726613e-05
-2.409021e-03 6.676423e-05
-2.375569e-03 6.764678e-05
-2.341548e-03 6.839652e-05
-2.306161e-03 6.846405e-05
-2.271002e-03 6.835302e-05
-2.236640e-03 6.911309e-05
-2.201823e-03 6.966034e-05
-2.165298e-03 6.833022e-05
-2.130139e-03 6.693978e-05
-2.096915e-03 6.630907e-05
-2.063576e-03 6.624091e-05
-2.030010e-03 6.567429e-05
-1.996786e-03 6.526534e-05
-1.964244e-03 6.551259e-05
-1.932726e-03 6.498591e-05
-1.902460e-03 6.536594e-05
-1.871397e-03 6.598160e-05
-1.838286e-03 6.427144e-05
-1.805858e-03 6.316009e-05
-1.774795e-03 6.235424e-05
-1.743050e-03 6.255872e-05
-1.711191e-03 6.317456e-05
-1.680128e-03 6.291853e-05
-1.649520e-03 6.272850e-05
-1.617889e-03 6.327576e-05
-1.585802e-03 6.403583e-05
-1.553487e-03 6.435803e-05
-1.520604e-03 6.430537e-05
-1.489314e-03 6.341931e-05
-1.458934e-03 6.247496e-05
-1.427985e-03 6.247496e-05
-1.396467e-03 6.176181e-05
-1.364608e-03 6.171001e-05
-1.333204e-03 6.209005e-05
-1.302596e-03 6.174802e-05
-1.272216e-03 6.117797e-05
-1.242064e-03 6.075390e-05
-1.212366e-03 6.033494e-05
-1.182441e-03 6.040310e-05
-1.152289e-03 6.044202e-05
-1.122364e-03 6.031909e-05
-1.092325e-03 5.955902e-05
-1.061945e-03 5.949061e-05
-1.031565e-03 5.930059e-05
-1.001640e-03 5.887851e-05
-9.723981e-04 5.884532e-05
-9.433834e-04 5.877716e-05
-9.134585e-04 5.707730e-05
-8.837612e-04 5.632756e-05
-8.552017e-04 5.635045e-05
-8.259595e-04 5.676956e-05
-7.968310e-04 5.790967e-05
-7.683853e-04 5.790967e-05
-7.392569e-04 5.676956e-05
-7.106974e-04 5.594150e-05
-6.838446e-04 5.648523e-05
-6.563091e-04 5.716681e-05
-6.272945e-04 5.660019e-05
-5.988488e-04 5.605493e-05
-5.707444e-04 5.531775e-05
-5.421849e-04 5.532543e-05
-5.138529e-04 5.551545e-05
-4.863175e-04 5.510501e-05
-4.590096e-04 5.434495e-05
-4.311328e-04 5.433875e-05
-4.034835e-04 5.470161e-05
-3.760618e-04 5.476977e-05
-3.484126e-04 5.478694e-05
-3.215598e-04 5.431454e-05
-2.951622e-04 5.355447e-05
-2.684232e-04 5.348607e-05
-2.421393e-04 5.405612e-05
-2.156279e-04 5.432429e-05
-1.884338e-04 5.393052e-05
-1.619224e-04 5.345341e-05
-1.356385e-04 5.250905e-05
-1.091271e-04 5.230457e-05
-8.295705e-05 5.250260e-05
-5.746968e-05 5.216943e-05
-3.220987e-05 5.140348e-05
-7.177629e-06 5.099879e-05
1.774083e-05 5.004295e-05
4.368333e-05 5.025285e-05
6.951205e-05 5.100957e-05
9.522703e-05 5.128226e-05
1.217385e-04 5.090568e-05
1.490464e-04 5.124977e-05
1.753304e-04 5.372034e-05
2.008178e-04 5.413085e-05
2.272155e-04 5.375077e-05
2.546373e-04 5.415506e-05
2.821729e-04 5.508579e-05
3.090258e-04 5.508579e-05
3.361062e-04 5.491521e-05
3.630729e-04 5.478458e-05
3.900396e-04 5.421447e-05
4.176889e-04 5.441971e-05
4.452245e-04 5.517987e-05
4.724187e-04 5.517342e-05
4.992716e-04 5.572064e-05
5.264658e-04 5.619780e-05
5.549116e-04 5.544223e-05
5.833575e-04 5.516956e-05
6.111206e-04 5.575800e-05
6.387700e-04 5.590202e-05
6.667607e-04 5.552194e-05
6.950927e-04 5.551425e-05
7.216043e-04 5.851710e-05
7.468642e-04 5.892610e-05
7.731481e-04 5.835942e-05
8.005699e-04 5.883658e-05
8.292433e-04 5.830081e-05
8.581443e-04 5.824330e-05
8.871591e-04 5.767318e-05
9.162876e-04 5.753636e-05
9.449610e-04 5.791644e-05
9.734068e-04 5.783810e-05
1.002308e-03 5.686386e-05
1.031436e-03 5.672753e-05
1.060337e-03 5.694162e-05
1.090149e-03 5.756676e-05
1.119732e-03 5.946716e-05
1.148519e-03 5.967240e-05
1.177989e-03 5.910229e-05
1.208370e-03 5.936256e-05
1.238977e-03 5.970714e-05
1.269471e-03 5.984348e-05
1.299624e-03 6.078795e-05
1.329549e-03 6.099245e-05
1.360270e-03 6.046354e-05
1.390878e-03 6.020451e-05
1.420007e-03 6.172482e-05
1.448908e-03 6.205202e-05
1.478833e-03 6.124951e-05
1.508644e-03 6.097684e-05
1.538227e-03 6.059905e-05
1.569063e-03 6.121255e-05
1.600467e-03 6.220282e-05
1.631302e-03 6.221893e-05
1.662251e-03 6.183885e-05
1.692859e-03 6.149678e-05
1.722329e-03 6.244698e-05
1.752482e-03 6.311377e-05
1.783203e-03 6.400901e-05
1.814152e-03 6.455435e-05
1.845556e-03 6.555949e-05
1.875937e-03 6.530517e-05
1.906203e-03 6.454501e-05
1.937948e-03 6.516074e-05
1.971401e-03 6.402050e-05
2.005194e-03 6.372726e-05
2.037736e-03 6.500030e-05
2.069027e-03 6.479580e-05
2.100203e-03 6.441801e-05
2.132859e-03 6.516784e-05
2.166994e-03 6.503276e-05
2.200333e-03 6.450701e-05
2.233444e-03 6.317673e-05
2.269058e-03 6.411147e-05
2.304103e-03 6.765468e-05
2.335849e-03 6.704118e-05
2.367481e-03 6.553003e-05
2.401274e-03 6.627986e-05
2.435523e-03 6.785856e-05
2.469544e-03 6.829260e-05
2.504589e-03 6.753243e-05
2.538952e-03 6.684829e-05
2.570470e-03 6.969888e-05
2.603695e-03 7.165315e-05
2.640675e-03 7.081743e-05
2.676858e-03 7.013577e-05
2.711220e-03 7.154160e-05
2.745469e-03 7.197935e-05
2.780628e-03 7.140924e-05
2.815673e-03 7.113558e-05
2.851060e-03 6.980530e-05
2.887015e-03 6.957304e-05
2.922971e-03 6.893423e-05
2.959382e-03 6.907056e-05
2.994541e-03 7.179981e-05
3.030610e-03 7.333244e-05
3.068841e-03 7.371252e-05
3.106162e-03 7.330203e-05
3.140866e-03 7.653270e-05
3.175115e-03 7.731922e-05
3.212322e-03 7.456823e-05
3.250212e-03 7.409106e-05
3.286850e-03 7.484663e-05
3.323716e-03 7.525564e-05
3.362289e-03 7.383034e-05
3.401771e-03 7.386455e-05
3.440571e-03 7.481475e-05
3.479485e-03 7.522523e-05
3.517603e-03 7.769575e-05
3.555151e-03 7.813721e-05
3.594065e-03 7.708628e-05
3.634458e-03 7.769977e-05
3.674624e-03 8.008099e-05
3.711262e-03 7.882078e-05
3.744146e-03 8.129129e-05
3.778850e-03 8.327531e-05
3.817308e-03 8.251515e-05
3.854174e-03 8.117784e-05
3.890357e-03 7.859743e-05
3.930181e-03 7.996076e-05
3.972054e-03 8.064078e-05
4.012106e-03 7.979378e-05
4.049199e-03 8.207425e-05
4.087885e-03 8.385302e-05
4.130099e-03 8.290283e-05
4.173222e-03 8.299355e-05
4.216119e-03 8.362778e-05
4.258788e-03 8.383227e-05
4.301229e-03 8.477674e-05
4.345832e-03 8.641274e-05
4.392370e-03 8.806471e-05
4.434810e-03 8.620191e-05
4.476569e-03 8.183101e-05
4.522651e-03 8.273948e-05
4.568165e-03 8.621399e-05
4.611744e-03 8.641849e-05
4.654413e-03 8.849634e-05
4.695944e-03 8.856450e-05
4.739864e-03 8.510258e-05
4.786515e-03 8.549497e-05
4.831915e-03 8.834556e-05
4.876631e-03 8.896129e-05
4.924079e-03 8.611069e-05
4.973234e-03 8.598874e-05
5.018747e-03 9.171740e-05
5.063122e-03 9.321706e-05
5.111253e-03 9.147923e-05
5.159497e-03 9.092250e-05
5.205124e-03 9.339301e-05
5.251661e-03 9.482970e-05
5.299792e-03 9.615998e-05
5.348491e-03 9.684783e-05
5.397418e-03 9.837389e-05
5.446003e-03 9.885105e-05
5.495954e-03 9.790657e-05
5.545905e-03 9.756574e-05
5.596311e-03 9.622402e-05
5.647628e-03 9.628921e-05
5.698830e-03 9.628921e-05
5.750715e-03 9.656485e-05
5.801690e-03 9.885104e-05
5.854144e-03 1.006915e-04
5.908078e-03 1.033361e-04
5.962239e-03 1.044267e-04
6.016968e-03 1.069075e-04
6.069422e-03 1.064373e-04
6.122901e-03 1.030166e-04
6.179223e-03 1.034955e-04
6.235432e-03 1.050158e-04
6.288911e-03 1.037802e-04
6.339999e-03 1.043331e-04
6.395639e-03 1.074006e-04
6.456172e-03 1.081779e-04
6.512836e-03 1.061409e-04
6.565176e-03 1.072811e-04
6.620361e-03 1.094019e-04
6.678277e-03 1.107322e-04
6.737331e-03 1.117391e-04
6.796726e-03 1.139692e-04
6.855097e-03 1.143100e-04
6.913923e-03 1.149305e-04
6.971269e-03 1.142669e-04
7.025203e-03 1.176877e-04
7.077884e-03 1.181666e-04
7.134435e-03 1.130355e-04
7.198039e-03 1.152651e-04
7.262441e-03 1.201329e-04
7.321495e-03 1.188377e-04
7.380662e-03 1.150598e-04
7.443470e-03 1.158778e-04
7.505710e-03 1.195390e-04
7.565674e-03 1.194968e-04
7.627458e-03 1.158861e-04
7.693225e-03 1.169807e-04
7.757968e-03 1.217317e-04
7.822256e-03 1.229969e-04
7.887339e-03 1.251846e-04
7.949351e-03 1.242984e-04
8.011022e-03 1.228709e-04
8.077472e-03 1.252284e-04
8.146083e-03 1.276989e-04
8.213897e-03 1.281094e-04
8.280120e-03 1.319102e-04
8.343838e-03 1.315961e-04
8.408125e-03 1.297748e-04
8.476851e-03 1.319561e-04
8.550127e-03 1.309269e-04
8.620673e-03 1.289228e-04
8.686781e-03 1.302531e-04
8.755052e-03 1.320318e-04
8.825369e-03 1.335522e-04
8.896825e-03 1.345955e-04
8.969078e-03 1.361742e-04
9.040761e-03 1.365832e-04
9.112672e-03 1.373387e-04
9.186517e-03 1.387702e-04
9.260818e-03 1.425172e-04
9.333526e-03 1.429173e-04
9.407258e-03 1.417771e-04
9.482013e-03 1.417860e-04
9.554720e-03 1.452239e-04
9.627428e-03 1.466554e-04
9.704801e-03 1.428775e-04
9.784677e-03 1.430138e-04
9.863188e-03 1.462044e-04
9.939877e-03 1.462696e-04
1.001623e-02 1.464596e-04
1.009701e-02 1.491962e-04
1.017780e-02 1.567978e-04
1.025585e-02 1.576770e-04
1.033380e-02 1.602952e-04
1.041481e-02 1.632945e-04
1.050106e-02 1.635269e-04
1.058344e-02 1.612904e-04
1.066354e-02 1.582497e-04
1.074876e-02 1.602337e-04
1.083592e-02 1.625142e-04
1.092342e-02 1.633121e-04
1.101115e-02 1.651621e-04
1.110126e-02 1.674797e-04
1.119229e-02 1.723910e-04
1.128605e-02 1.757993e-04
1.138163e-02 1.829109e-04
1.146822e-02 1.800814e-04
1.155389e-02 1.730499e-04
1.165289e-02 1.782653e-04
1.175620e-02 1.855521e-04
1.185588e-02 1.862337e-04
1.195794e-02 1.841559e-04
1.206330e-02 1.853828e-04
1.216514e-02 1.953771e-04
1.226527e-02 1.979679e-04
1.237120e-02 1.947373e-04
1.248555e-02 1.986369e-04
1.259786e-02 2.128898e-04
1.270606e-02 2.152610e-04
1.282258e-02 2.080338e-04
1.294478e-02 2.091245e-04
1.306004e-02 2.245234e-04
1.316882e-02 2.261926e-04
1.328704e-02 2.142201e-04
1.341334e-02 2.147674e-04
1.353520e-02 2.236993e-04
1.365490e-02 2.253001e-04
1.378154e-02 2.182308e-04
1.391114e-02 2.177537e-04
1.403266e-02 2.307142e-04
1.414986e-02 2.328060e-04
1.427036e-02 2.322358e-04
1.438767e-02 2.301150e-04
1.450521e-02 2.238437e-04
1.463151e-02 2.265312e-04
1.475929e-02 2.315569e-04
1.487887e-02 2.287621e-04
1.499368e-02 2.289510e-04
1.511133e-02 2.307234e-04
1.523206e-02 2.313999e-04
1.535130e-02 2.307612e-04
1.547282e-02 2.242998e-04
1.560549e-02 2.286783e-04
1.574021e-02 2.374201e-04
1.587891e-02 2.426102e-04
1.602171e-02 2.502312e-04
1.618135e-02 2.633873e-04
1.634042e-02 3.019459e-04
1.650836e-02 3.212275e-04
1.669497e-02 3.425119e-04
1.689352e-02 3.573578e-04
1.710129e-02 3.832033e-04
1.728300e-02 3.763422e-04
1.747814e-02 3.350441e-04
1.767077e-02 3.191613e-04
1.784725e-02 3.030676e-04
1.801747e-02 2.935198e-04
1.817449e-02 2.878186e-04
1.833868e-02 2.900763e-04
1.850902e-02 2.860854e-04
1.866365e-02 2.748343e-04
1.880531e-02 2.652968e-04
1.895516e-02 2.671373e-04
1.910501e-02 2.722375e-04
1.924656e-02 2.691018e-04
1.938856e-02 2.606164e-04
1.954001e-02 2.632427e-04
1.968884e-02 2.738849e-04
1.983357e-02 2.752532e-04
1.998171e-02 2.733528e-04
2.012952e-02 2.720849e-04
2.027334e-02 2.752286e-04
2.041705e-02 2.766601e-04
2.056827e-02 2.691455e-04
2.071755e-02 2.652875e-04
2.086012e-02 2.647174e-04
2.100178e-02 2.639648e-04
2.114947e-02 2.518023e-04
2.129364e-02 2.449609e-04
2.142528e-02 2.468853e-04
2.155545e-02 2.470217e-04
2.168903e-02 2.426267e-04
2.182660e-02 2.434482e-04
2.196120e-02 2.497195e-04
2.209194e-02 2.496511e-04
2.222552e-02 2.447101e-04
2.236081e-02 2.436162e-04
2.248973e-02 2.512143e-04
2.261432e-02 2.516915e-04
2.274563e-02 2.418689e-04
2.287864e-02 2.393468e-04
2.300665e-02 2.415712e-04
2.313989e-02 2.455310e-04
2.327904e-02 2.457211e-04
2.341115e-02 2.412159e-04
2.353767e-02 2.380459e-04
2.366886e-02 2.400227e-04
2.379869e-02 2.477673e-04
2.392454e-02 2.481763e-04
2.405686e-02 2.394208e-04
2.419409e-02 2.392141e-04
2.432642e-02 2.458655e-04
2.445033e-02 2.431974e-04
2.457253e-02 2.386364e-04
2.470111e-02 2.404888e-04
2.483344e-02 2.394092e-04
2.495974e-02 2.357282e-04
2.508001e-02 2.364277e-04
2.520562e-02 2.398983e-04
2.533875e-02 2.360975e-04
2.546676e-02 2.316505e-04
2.558702e-02 2.322207e-04
2.571025e-02 2.338787e-04
2.583723e-02 2.322542e-04
2.596137e-02 2.302773e-04
2.608369e-02 2.278217e-04
2.621306e-02 2.311619e-04
2.634289e-02 2.405632e-04
2.646509e-02 2.393890e-04
2.658661e-02 2.363483e-04
2.671576e-02 2.394993e-04
2.684638e-02 2.457947e-04
2.697040e-02 2.444314e-04
2.709363e-02 2.419757e-04
2.723210e-02 2.502238e-04
2.737627e-02 2.646279e-04
2.759064e-02 3.120600e-04
2.780512e-02 4.426172e-04
2.800913e-02 4.833236e-04
2.828779e-02 4.717312e-04
2.856701e-02 4.672327e-04
2.884248e-02 4.611789e-04
2.910236e-02 4.502723e-04
2.935405e-02 4.352317e-04
2.959800e-02 4.251867e-04
2.984229e-02 3.949705e-04
3.018899e-02 4.456654e-04
3.051020e-02 6.290535e-04
3.089627e-02 7.329162e-04
3.138918e-02 8.429925e-04
3.195241e-02 9.257465e-04
3.265195e-02 9.319743e-04
3.322803e-02 8.602936e-04
3.375519e-02 7.388584e-04
3.424241e-02 6.711283e-04
3.468344e-02 5.601452e-04
3.508498e-02 4.957386e-04
3.539481e-02 4.703215e-04
3.565389e-02 4.313985e-04
3.587850e-02 3.807747e-04
3.610174e-02 3.616881e-04
3.630656e-02 3.406189e-04
3.650784e-02 3.309272e-04
3.669023e-02 3.341578e-04
3.685954e-02 3.274532e-04
3.703067e-02 3.057887e-04
3.720749e-02 3.009854e-04
3.737521e-02 3.028983e-04
3.753223e-02 2.975813e-04
3.768937e-02 2.836959e-04
3.785196e-02 2.819806e-04
3.801103e-02 2.819806e-04
3.815793e-02 2.746603e-04
3.829446e-02 2.716196e-04
3.843863e-02 2.747248e-04
3.858848e-02 2.738948e-04
3.873310e-02 2.708273e-04
3.887556e-02 2.669064e-04
3.902086e-02 2.672108e-04
3.916866e-02 2.628398e-04
3.930987e-02 2.572983e-04
3.944254e-02 2.561580e-04
3.957658e-02 2.562146e-04
3.971425e-02 2.503462e-04
3.985250e-02 2.489147e-04
3.998528e-02 2.540149e-04
4.011523e-02 2.541512e-04
4.024938e-02 2.484580e-04
4.038410e-02 2.467549e-04
4.051973e-02 2.395334e-04
4.065308e-02 2.352379e-04
4.077494e-02 2.424857e-04
4.089555e-02 2.446671e-04
4.102401e-02 2.376780e-04
4.115111e-02 2.343378e-04
4.127286e-02 2.348392e-04
4.139335e-02 2.342731e-04
4.151533e-02 2.293320e-04
4.163776e-02 2.278269e-04
4.175507e-02 2.321979e-04
4.187215e-02 2.333148e-04
4.199140e-02 2.328167e-04
4.211690e-02 2.367022e-04
4.224753e-02 2.398608e-04
4.236631e-02 2.339006e-04
4.247669e-02 2.304799e-04
4.258887e-02 2.303431e-04
4.270448e-02 2.242618e-04
4.282600e-02 2.253145e-04
4.294684e-02 2.293912e-04
4.306199e-02 2.277552e-04
4.317725e-02 2.230329e-04
4.329524e-02 2.229647e-04
4.340948e-02 2.298817e-04
4.352179e-02 2.312173e-04
4.363819e-02 2.272264e-04
4.375402e-02 2.251410e-04
4.386917e-02 2.205148e-04
4.398762e-02 2.211283e-04
4.410686e-02 2.215061e-04
4.422383e-02 2.202791e-04
4.433579e-02 2.260478e-04
4.444377e-02 2.257365e-04
4.455232e-02 2.230760e-04
4.466622e-02 2.253336e-04
4.478342e-02 2.260938e-04
4.489777e-02 2.243520e-04
4.501531e-02 2.142501e-04
4.513808e-02 2.140456e-04
4.525778e-02 2.193965e-04
4.536826e-02 2.158013e-04
4.546987e-02 2.197921e-04
4.557671e-02 2.243758e-04
4.569653e-02 2.154440e-04
4.581907e-02 2.135693e-04
4.593263e-02 2.233597e-04
4.603992e-02 2.234279e-04
4.614995e-02 2.199087e-04
4.626340e-02 2.206890e-04
4.637729e-02 2.212592e-04
4.648903e-02 2.201645e-04
4.659974e-02 2.188342e-04
4.671466e-02 2.205800e-04
4.683197e-02 2.214593e-04
4.694542e-02 2.197551e-04
4.705408e-02 2.229664e-04
4.716388e-02 2.248068e-04
4.727800e-02 2.235670e-04
4.739110e-02 2.225058e-04
4.750204e-02 2.223158e-04
4.761400e-02 2.228631e-04
4.772710e-02 2.224830e-04
4.784567e-02 2.253145e-04
4.796378e-02 2.339247e-04
4.807073e-02 2.306527e-04
4.817780e-02 2.222326e-04
4.828988e-02 2.221942e-04
4.840161e-02 2.218141e-04
4.851346e-02 2.217456e-04
4.862679e-02 2.190851e-04
4.874092e-02 2.183058e-04
4.885379e-02 2.182439e-04
4.896803e-02 2.193346e-04
