-5.212374e-02 2.288752e-04
-5.201462e-02 2.208648e-04
-5.190656e-02 2.170470e-04
-5.180301e-02 2.139457e-04
-5.169705e-02 2.145629e-04
-5.158910e-02 2.137655e-04
-5.148167e-02 2.131659e-04
-5.137596e-02 2.135553e-04
-5.126865e-02 2.146554e-04
-5.116311e-02 2.206603e-04
-5.105861e-02 2.218940e-04
-5.095012e-02 2.186602e-04
-5.084230e-02 2.173959e-04
-5.073419e-02 2.133995e-04
-5.062490e-02 2.126634e-04
-5.051542e-02 2.111179e-04
-5.040792e-02 2.093809e-04
-5.030215e-02 2.066449e-04
-5.019356e-02 2.073613e-04
-5.008589e-02 2.109015e-04
-4.997829e-02 2.118442e-04
-4.988004e-02 2.299967e-04
-4.980145e-02 2.250675e-04
-4.971991e-02 2.073257e-04
-4.962329e-02 2.099541e-04
-4.951404e-02 1.954137e-04
-4.938291e-02 2.033332e-04
-4.923658e-02 1.999345e-04
-4.909762e-02 1.939906e-04
-4.897896e-02 2.114051e-04
-4.887107e-02 2.114872e-04
-4.876443e-02 2.137791e-04
-4.865853e-02 2.141621e-04
-4.855475e-02 2.195757e-04
-4.846872e-02 2.108508e-04
-4.839841e-02 2.120618e-04
-4.830972e-02 2.235452e-04
-4.819764e-02 2.163583e-04
-4.808101e-02 2.162008e-04
-4.795570e-02 2.013837e-04
-4.782101e-02 2.019412e-04
-4.768995e-02 2.102689e-04
-4.756669e-02 2.086245e-04
-4.745054e-02 2.150964e-04
-4.734075e-02 2.136029e-04
-4.723238e-02 2.118106e-04
-4.712424e-02 2.107323e-04
-4.702436e-02 2.214516e-04
-4.692461e-02 2.255252e-04
-4.681480e-02 2.201246e-04
-4.670265e-02 2.195832e-04
-4.659106e-02 2.198605e-04
-4.648264e-02 2.180637e-04
-4.638215e-02 2.254869e-04
-4.630018e-02 2.170241e-04
-4.622292e-02 2.013773e-04
-4.612637e-02 2.070566e-04
-4.600394e-02 1.797800e-04
-4.586672e-02 1.790731e-04
-4.574203e-02 1.986397e-04
-4.562428e-02 2.015728e-04
-4.550891e-02 2.129179e-04
-4.540325e-02 2.111663e-04
-4.529837e-02 2.076029e-04
-4.518918e-02 2.086185e-04
-4.508106e-02 2.132112e-04
-4.497547e-02 2.136282e-04
-4.486654e-02 2.092272e-04
-4.475643e-02 2.083487e-04
-4.464955e-02 2.120963e-04
-4.454308e-02 2.132129e-04
-4.443593e-02 2.143968e-04
-4.432832e-02 2.150971e-04
-4.421826e-02 2.129250e-04
-4.410902e-02 2.113562e-04
-4.400224e-02 2.111219e-04
-4.389736e-02 2.101912e-04
-4.379538e-02 2.132507e-04
-4.369229e-02 2.150233e-04
-4.358317e-02 2.090921e-04
-4.347100e-02 2.087921e-04
-4.336344e-02 2.156651e-04
-4.326005e-02 2.153476e-04
-4.315412e-02 2.102543e-04
-4.304722e-02 2.092938e-04
-4.294355e-02 2.119863e-04
-4.284054e-02 2.125618e-04
-4.273365e-02 2.084965e-04
-4.262246e-02 2.096183e-04
-4.251152e-02 2.123620e-04
-4.240328e-02 2.117300e-04
-4.229785e-02 2.146811e-04
-4.219298e-02 2.151165e-04
-4.208697e-02 2.144153e-04
-4.198129e-02 2.142603e-04
-4.187428e-02 2.116235e-04
-4.176684e-02 2.109299e-04
-4.166359e-02 2.167945e-04
-4.156169e-02 2.180924e-04
-4.145424e-02 2.116205e-04
-4.134672e-02 2.093339e-04
-4.125242e-02 2.250679e-04
-4.115504e-02 2.322731e-04
-4.103841e-02 2.201817e-04
-4.092405e-02 2.147784e-04
-4.081562e-02 2.104344e-04
-4.070786e-02 2.084594e-04
-4.060457e-02 2.096065e-04
-4.049917e-02 2.112814e-04
-4.039042e-02 2.103280e-04
-4.028095e-02 2.101277e-04
-4.017211e-02 2.106340e-04
-4.006436e-02 2.104471e-04
-3.995780e-02 2.119109e-04
-3.985304e-02 2.113625e-04
-3.974806e-02 2.102682e-04
-3.964283e-02 2.100215e-04
-3.953845e-02 2.099499e-04
-3.943267e-02 2.107611e-04
-3.932485e-02 2.095849e-04
-3.921685e-02 2.089766e-04
-3.910995e-02 2.091249e-04
-3.900667e-02 2.072880e-04
-3.890482e-02 2.053337e-04
-3.879920e-02 2.068945e-04
-3.869202e-02 2.078556e-04
-3.858512e-02 2.080355e-04
-3.847934e-02 2.104150e-04
-3.837472e-02 2.102888e-04
-3.826921e-02 2.084557e-04
-3.816220e-02 2.089790e-04
-3.805532e-02 2.106431e-04
-3.794789e-02 2.115745e-04
-3.783939e-02 2.131929e-04
-3.773193e-02 2.131598e-04
-3.762560e-02 2.141654e-04
-3.752163e-02 2.131114e-04
-3.741715e-02 2.093136e-04
-3.731123e-02 2.085179e-04
-3.720557e-02 2.067429e-04
-3.709887e-02 2.070140e-04
-3.699258e-02 2.092520e-04
-3.688649e-02 2.099462e-04
-3.678003e-02 2.104733e-04
-3.667516e-02 2.097087e-04
-3.657094e-02 2.086624e-04
-3.646646e-02 2.081517e-04
-3.636142e-02 2.057838e-04
-3.626229e-02 2.016664e-04
-3.616576e-02 1.945653e-04
-3.605528e-02 2.003549e-04
-3.594078e-02 2.105099e-04
-3.583436e-02 2.093323e-04
-3.572990e-02 2.085165e-04
-3.562475e-02 2.086358e-04
-3.551964e-02 2.090291e-04
-3.541512e-02 2.085257e-04
-3.531218e-02 2.097464e-04
-3.520782e-02 2.113262e-04
-3.509840e-02 2.080923e-04
-3.499001e-02 2.063127e-04
-3.488588e-02 2.076981e-04
-3.478050e-02 2.089559e-04
-3.467460e-02 2.115911e-04
-3.456817e-02 2.125710e-04
-3.446054e-02 2.133058e-04
-3.435557e-02 2.122702e-04
-3.425104e-02 2.101207e-04
-3.414609e-02 2.095876e-04
-3.404101e-02 2.086538e-04
-3.393424e-02 2.093236e-04
-3.382718e-02 2.098836e-04
-3.372138e-02 2.093255e-04
-3.361839e-02 2.124704e-04
-3.351629e-02 2.127772e-04
-3.341258e-02 2.109229e-04
-3.331009e-02 2.098087e-04
-3.321165e-02 2.142595e-04
-3.310855e-02 2.186593e-04
-3.299469e-02 2.121352e-04
-3.288338e-02 2.082595e-04
-3.277842e-02 2.081122e-04
-3.267389e-02 2.075206e-04
-3.257006e-02 2.070525e-04
-3.246407e-02 2.084593e-04
-3.235782e-02 2.119088e-04
-3.225356e-02 2.119526e-04
-3.214652e-02 2.082155e-04
-3.203821e-02 2.076265e-04
-3.193221e-02 2.090468e-04
-3.182717e-02 2.089819e-04
-3.172296e-02 2.101891e-04
-3.161827e-02 2.106275e-04
-3.151197e-02 2.091659e-04
-3.140478e-02 2.094551e-04
-3.129795e-02 2.108552e-04
-3.119188e-02 2.109094e-04
-3.108789e-02 2.153422e-04
-3.098580e-02 2.158001e-04
-3.087992e-02 2.099541e-04
-3.077145e-02 2.094121e-04
-3.066309e-02 2.081022e-04
-3.055458e-02 2.074350e-04
-3.044871e-02 2.099771e-04
-3.034462e-02 2.101050e-04
-3.024040e-02 2.110372e-04
-3.013571e-02 2.116539e-04
-3.003068e-02 2.119988e-04
-2.992587e-02 2.119884e-04
-2.981861e-02 2.078650e-04
-2.971279e-02 2.052389e-04
-2.961054e-02 2.039153e-04
-2.950447e-02 2.060060e-04
-2.939721e-02 2.098369e-04
-2.929185e-02 2.100899e-04
-2.918649e-02 2.116052e-04
-2.908079e-02 2.123564e-04
-2.897345e-02 2.109167e-04
-2.886741e-02 2.096248e-04
-2.876228e-02 2.075669e-04
-2.865642e-02 2.069789e-04
-2.855185e-02 2.074878e-04
-2.844651e-02 2.084108e-04
-2.834019e-02 2.101284e-04
-2.823428e-02 2.105048e-04
-2.812909e-02 2.119620e-04
-2.802432e-02 2.122354e-04
-2.791870e-02 2.115824e-04
-2.782092e-02 2.063668e-04
-2.772714e-02 1.985601e-04
-2.761955e-02 2.043004e-04
-2.750463e-02 2.080253e-04
-2.739453e-02 2.064775e-04
-2.728759e-02 2.082011e-04
-2.718137e-02 2.083872e-04
-2.707725e-02 2.115960e-04
-2.697302e-02 2.128126e-04
-2.686570e-02 2.110338e-04
-2.675847e-02 2.100544e-04
-2.665169e-02 2.081007e-04
-2.654585e-02 2.071200e-04
-2.644070e-02 2.063261e-04
-2.633418e-02 2.068624e-04
-2.622885e-02 2.095519e-04
-2.612443e-02 2.099795e-04
-2.601875e-02 2.090824e-04
-2.591127e-02 2.095544e-04
-2.580466e-02 2.123039e-04
-2.570452e-02 2.097044e-04
-2.560906e-02 2.102938e-04
-2.550696e-02 2.144946e-04
-2.539296e-02 2.071583e-04
-2.527762e-02 2.053228e-04
-2.516874e-02 2.101864e-04
-2.506216e-02 2.105561e-04
-2.495583e-02 2.120035e-04
-2.485012e-02 2.118645e-04
-2.474442e-02 2.114877e-04
-2.463939e-02 2.112291e-04
-2.453333e-02 2.095636e-04
-2.442702e-02 2.091088e-04
-2.432071e-02 2.070355e-04
-2.421297e-02 2.071429e-04
-2.410625e-02 2.091309e-04
-2.400007e-02 2.092295e-04
-2.389433e-02 2.102195e-04
-2.378986e-02 2.100951e-04
-2.368408e-02 2.075720e-04
-2.357711e-02 2.073788e-04
-2.347060e-02 2.084023e-04
-2.336521e-02 2.081030e-04
-2.326062e-02 2.078240e-04
-2.315582e-02 2.078498e-04
-2.305168e-02 2.090202e-04
-2.294588e-02 2.101583e-04
-2.283743e-02 2.089349e-04
-2.272901e-02 2.087597e-04
-2.262116e-02 2.099928e-04
-2.251522e-02 2.092908e-04
-2.241049e-02 2.085719e-04
-2.230524e-02 2.086347e-04
-2.219996e-02 2.087800e-04
-2.209385e-02 2.093339e-04
-2.198694e-02 2.095354e-04
-2.188018e-02 2.092301e-04
-2.177370e-02 2.088679e-04
-2.166854e-02 2.082375e-04
-2.156487e-02 2.097682e-04
-2.146039e-02 2.108092e-04
-2.135301e-02 2.080731e-04
-2.124462e-02 2.076958e-04
-2.113775e-02 2.091936e-04
-2.103070e-02 2.095545e-04
-2.092379e-02 2.107913e-04
-2.081863e-02 2.104709e-04
-2.071366e-02 2.098931e-04
-2.060863e-02 2.097242e-04
-2.050248e-02 2.081816e-04
-2.039672e-02 2.073892e-04
-2.029142e-02 2.051628e-04
-2.018400e-02 2.056358e-04
-2.007760e-02 2.086430e-04
-1.997213e-02 2.088763e-04
-1.986614e-02 2.086403e-04
-1.976090e-02 2.083846e-04
-1.965529e-02 2.078513e-04
-1.954887e-02 2.081521e-04
-1.944240e-02 2.081192e-04
-1.933586e-02 2.081457e-04
-1.922982e-02 2.090312e-04
-1.912400e-02 2.089290e-04
-1.901861e-02 2.093763e-04
-1.891423e-02 2.092206e-04
-1.880901e-02 2.074082e-04
-1.870201e-02 2.078280e-04
-1.859440e-02 2.087708e-04
-1.848861e-02 2.080208e-04
-1.838382e-02 2.068213e-04
-1.827854e-02 2.066888e-04
-1.817344e-02 2.066345e-04
-1.806740e-02 2.069006e-04
-1.796086e-02 2.068148e-04
-1.785547e-02 2.063748e-04
-1.775097e-02 2.074178e-04
-1.764518e-02 2.085683e-04
-1.753828e-02 2.091225e-04
-1.743249e-02 2.086593e-04
-1.732713e-02 2.080993e-04
-1.722079e-02 2.081981e-04
-1.711432e-02 2.082452e-04
-1.700849e-02 2.081570e-04
-1.690336e-02 2.090795e-04
-1.679862e-02 2.091831e-04
-1.669288e-02 2.086009e-04
-1.658715e-02 2.083850e-04
-1.648309e-02 2.097704e-04
-1.637919e-02 2.101736e-04
-1.627322e-02 2.078562e-04
-1.616631e-02 2.073088e-04
-1.606028e-02 2.072745e-04
-1.595495e-02 2.071265e-04
-1.584964e-02 2.075367e-04
-1.574408e-02 2.078380e-04
-1.563862e-02 2.080512e-04
-1.553315e-02 2.081321e-04
-1.542720e-02 2.075527e-04
-1.532104e-02 2.071886e-04
-1.521537e-02 2.070117e-04
-1.511046e-02 2.067754e-04
-1.500613e-02 2.070835e-04
-1.490104e-02 2.076500e-04
-1.479434e-02 2.073211e-04
-1.468796e-02 2.070098e-04
-1.458253e-02 2.069264e-04
-1.447737e-02 2.067304e-04
-1.437245e-02 2.065831e-04
-1.426697e-02 2.065831e-04
-1.416158e-02 2.067477e-04
-1.405617e-02 2.071057e-04
-1.395001e-02 2.076464e-04
-1.384555e-02 2.068218e-04
-1.374171e-02 2.047582e-04
-1.363596e-02 2.051579e-04
-1.353039e-02 2.065646e-04
-1.342473e-02 2.068422e-04
-1.331852e-02 2.067215e-04
-1.321259e-02 2.067959e-04
-1.310685e-02 2.073120e-04
-1.300173e-02 2.071216e-04
-1.289646e-02 2.071039e-04
-1.279138e-02 2.069801e-04
-1.268683e-02 2.067244e-04
-1.258210e-02 2.067342e-04
-1.247789e-02 2.076197e-04
-1.237325e-02 2.079144e-04
-1.226693e-02 2.059521e-04
-1.216080e-02 2.054190e-04
-1.205583e-02 2.066624e-04
-1.195129e-02 2.068582e-04
-1.184693e-02 2.069241e-04
-1.174223e-02 2.071508e-04
-1.163711e-02 2.070694e-04
-1.153221e-02 2.069034e-04
-1.142700e-02 2.059094e-04
-1.132157e-02 2.054005e-04
-1.121778e-02 2.067211e-04
-1.111505e-02 2.068364e-04
-1.101083e-02 2.054404e-04
-1.090538e-02 2.056761e-04
-1.080002e-02 2.057033e-04
-1.069480e-02 2.056300e-04
-1.058945e-02 2.052135e-04
-1.048466e-02 2.044469e-04
-1.038081e-02 2.038846e-04
-1.027710e-02 2.038693e-04
-1.017331e-02 2.036883e-04
-1.006888e-02 2.040094e-04
-9.964023e-03 2.049659e-04
-9.860186e-03 2.047011e-04
-9.756926e-03 2.041489e-04
-9.653088e-03 2.042975e-04
-9.549252e-03 2.047121e-04
-9.445497e-03 2.045322e-04
-9.341300e-03 2.033031e-04
-9.237375e-03 2.029729e-04
-9.133439e-03 2.027973e-04
-9.029188e-03 2.029257e-04
-8.925807e-03 2.039624e-04
-8.822964e-03 2.040126e-04
-8.719895e-03 2.037762e-04
-8.617023e-03 2.032952e-04
-8.514227e-03 2.020928e-04
-8.410735e-03 2.023520e-04
-8.306735e-03 2.022268e-04
-8.203207e-03 2.018988e-04
-8.100044e-03 2.023563e-04
-7.997317e-03 2.022616e-04
-7.895029e-03 2.019594e-04
-7.792554e-03 2.019621e-04
-7.689795e-03 2.014952e-04
-7.587090e-03 2.010199e-04
-7.484941e-03 2.006363e-04
-7.383379e-03 2.004195e-04
-7.282161e-03 2.011480e-04
-7.181411e-03 2.011300e-04
-7.079966e-03 1.991555e-04
-6.977853e-03 1.988457e-04
-6.876481e-03 1.992216e-04
-6.775078e-03 1.991025e-04
-6.673830e-03 1.990346e-04
-6.573598e-03 1.986711e-04
-6.473520e-03 1.979180e-04
-6.373636e-03 1.975295e-04
-6.273291e-03 1.964224e-04
-6.172603e-03 1.962306e-04
-6.072863e-03 1.965309e-04
-5.973550e-03 1.963823e-04
-5.874256e-03 1.960006e-04
-5.774702e-03 1.957517e-04
-5.675404e-03 1.954937e-04
-5.576594e-03 1.953741e-04
-5.477180e-03 1.947718e-04
-5.378220e-03 1.942837e-04
-5.280090e-03 1.935706e-04
-5.181982e-03 1.932999e-04
-5.084337e-03 1.933193e-04
-4.986535e-03 1.931565e-04
-4.888648e-03 1.925689e-04
-4.791607e-03 1.921122e-04
-4.694817e-03 1.912629e-04
-4.597560e-03 1.912357e-04
-4.500083e-03 1.915140e-04
-4.403531e-03 1.910598e-04
-4.307695e-03 1.902634e-04
-4.211705e-03 1.900688e-04
-4.115759e-03 1.896018e-04
-4.019521e-03 1.893506e-04
-3.923616e-03 1.892128e-04
-3.828542e-03 1.889223e-04
-3.733306e-03 1.885582e-04
-3.638479e-03 1.881820e-04
-3.544317e-03 1.875309e-04
-3.449954e-03 1.874172e-04
-3.355570e-03 1.870665e-04
-3.261036e-03 1.867752e-04
-3.166752e-03 1.863864e-04
-3.073110e-03 1.861154e-04
-2.979878e-03 1.860460e-04
-2.886908e-03 1.858646e-04
-2.793433e-03 1.852221e-04
-2.700088e-03 1.849132e-04
-2.607403e-03 1.844540e-04
-2.514914e-03 1.841708e-04
-2.422713e-03 1.838666e-04
-2.330289e-03 1.836413e-04
-2.237997e-03 1.832388e-04
-2.146290e-03 1.829927e-04
-2.054736e-03 1.825651e-04
-1.963267e-03 1.823601e-04
-1.871524e-03 1.820218e-04
-1.779992e-03 1.817732e-04
-1.689096e-03 1.814535e-04
-1.598462e-03 1.811807e-04
-1.507948e-03 1.806227e-04
-1.417085e-03 1.803850e-04
-1.326490e-03 1.801720e-04
-1.236531e-03 1.799586e-04
-1.146288e-03 1.795710e-04
-1.056191e-03 1.793439e-04
-9.666325e-04 1.789332e-04
-8.773666e-04 1.786095e-04
-7.883306e-04 1.780941e-04
-6.990925e-04 1.777878e-04
-6.099706e-04 1.771333e-04
-5.215320e-04 1.767295e-04
-4.334079e-04 1.761324e-04
-3.457444e-04 1.756410e-04
-2.579370e-04 1.746972e-04
-1.706379e-04 1.740705e-04
-8.411148e-05 1.728824e-04
2.896456e-06 1.727708e-04
8.937762e-05 1.732667e-04
1.767187e-04 1.737511e-04
2.640297e-04 1.750884e-04
3.511480e-04 1.756912e-04
4.392700e-04 1.763600e-04
5.275952e-04 1.767235e-04
6.158148e-04 1.772429e-04
7.042456e-04 1.775568e-04
7.928759e-04 1.780956e-04
8.822408e-04 1.784873e-04
9.718562e-04 1.791547e-04
1.060972e-03 1.793383e-04
1.150646e-03 1.795952e-04
1.240603e-03 1.798571e-04
1.330316e-03 1.803125e-04
1.420075e-03 1.805044e-04
1.510003e-03 1.807563e-04
1.600593e-03 1.809983e-04
1.691360e-03 1.813728e-04
1.781858e-03 1.815918e-04
1.872502e-03 1.819539e-04
1.963302e-03 1.821777e-04
2.054665e-03 1.825516e-04
2.146180e-03 1.827779e-04
2.237358e-03 1.832779e-04
2.329089e-03 1.835395e-04
2.421122e-03 1.837617e-04
2.512989e-03 1.839925e-04
2.604951e-03 1.844760e-04
2.696969e-03 1.846845e-04
2.789449e-03 1.851939e-04
2.882136e-03 1.855017e-04
2.974699e-03 1.858641e-04
3.067497e-03 1.861362e-04
3.160866e-03 1.859385e-04
3.254909e-03 1.860183e-04
3.348481e-03 1.870239e-04
3.441515e-03 1.873165e-04
3.535306e-03 1.875764e-04
3.629501e-03 1.879128e-04
3.723556e-03 1.883721e-04
3.817942e-03 1.887370e-04
3.912549e-03 1.893823e-04
4.007761e-03 1.897188e-04
4.103065e-03 1.904963e-04
4.197950e-03 1.907827e-04
4.293106e-03 1.911256e-04
4.388707e-03 1.915162e-04
4.485045e-03 1.920993e-04
4.581264e-03 1.922382e-04
4.677125e-03 1.924940e-04
4.773594e-03 1.926887e-04
4.870284e-03 1.928612e-04
4.966791e-03 1.930753e-04
5.063438e-03 1.934355e-04
5.160427e-03 1.937705e-04
5.258292e-03 1.939743e-04
5.356656e-03 1.943488e-04
5.454600e-03 1.953545e-04
5.552328e-03 1.955868e-04
5.650084e-03 1.961876e-04
5.748365e-03 1.964525e-04
5.847053e-03 1.965106e-04
5.945873e-03 1.968777e-04
6.045485e-03 1.973214e-04
6.145274e-03 1.975888e-04
6.244446e-03 1.986139e-04
6.343593e-03 1.989684e-04
6.443021e-03 1.994838e-04
6.542841e-03 1.996323e-04
6.643277e-03 1.990174e-04
6.743893e-03 1.991745e-04
6.844640e-03 1.993922e-04
6.945468e-03 1.995187e-04
7.046412e-03 2.004294e-04
7.147207e-03 2.006692e-04
7.247658e-03 2.011518e-04
7.349182e-03 2.016954e-04
7.451387e-03 2.020723e-04
7.553199e-03 2.022468e-04
7.655123e-03 2.025453e-04
7.756973e-03 2.026086e-04
7.859209e-03 2.029059e-04
7.961558e-03 2.030825e-04
8.064410e-03 2.019662e-04
8.167760e-03 2.018644e-04
8.269997e-03 2.034379e-04
8.372706e-03 2.040077e-04
8.475997e-03 2.046168e-04
8.578772e-03 2.048030e-04
8.682170e-03 2.050563e-04
8.785470e-03 2.050907e-04
8.888564e-03 2.047555e-04
8.992508e-03 2.051462e-04
9.096717e-03 2.057896e-04
9.200961e-03 2.057614e-04
9.304970e-03 2.060783e-04
9.408980e-03 2.064725e-04
9.513631e-03 2.072795e-04
9.617728e-03 2.072380e-04
9.721699e-03 2.065442e-04
9.826189e-03 2.066056e-04
9.930746e-03 2.066637e-04
1.003566e-02 2.066174e-04
1.014026e-02 2.070258e-04
1.024442e-02 2.071948e-04
1.034879e-02 2.073199e-04
1.045368e-02 2.076765e-04
1.055954e-02 2.078270e-04
1.066616e-02 2.083356e-04
1.077227e-02 2.098046e-04
1.087619e-02 2.090183e-04
1.097953e-02 2.078090e-04
1.108436e-02 2.079859e-04
1.118953e-02 2.078994e-04
1.129509e-02 2.083783e-04
1.140138e-02 2.092827e-04
1.150705e-02 2.092394e-04
1.161219e-02 2.092045e-04
1.171705e-02 2.090211e-04
1.182192e-02 2.084881e-04
1.192768e-02 2.085480e-04
1.203443e-02 2.070769e-04
1.214111e-02 2.067801e-04
1.224681e-02 2.083442e-04
1.235200e-02 2.085965e-04
1.245664e-02 2.094143e-04
1.256149e-02 2.098357e-04
1.266701e-02 2.098764e-04
1.277323e-02 2.100167e-04
1.288009e-02 2.093393e-04
1.298630e-02 2.089938e-04
1.309227e-02 2.084448e-04
1.319796e-02 2.080778e-04
1.330357e-02 2.079709e-04
1.340985e-02 2.083387e-04
1.351558e-02 2.094917e-04
1.362173e-02 2.098719e-04
1.372842e-02 2.100335e-04
1.383461e-02 2.100828e-04
1.394113e-02 2.097014e-04
1.404695e-02 2.091523e-04
1.415275e-02 2.084438e-04
1.425913e-02 2.085349e-04
1.436485e-02 2.090949e-04
1.447102e-02 2.095666e-04
1.457790e-02 2.096867e-04
1.468564e-02 2.099575e-04
1.479303e-02 2.113033e-04
1.489869e-02 2.110385e-04
1.500469e-02 2.105279e-04
1.511071e-02 2.103503e-04
1.521654e-02 2.093639e-04
1.532349e-02 2.096828e-04
1.543043e-02 2.105761e-04
1.553755e-02 2.107144e-04
1.564424e-02 2.118264e-04
1.574995e-02 2.119300e-04
1.585611e-02 2.114716e-04
1.596243e-02 2.114027e-04
1.607023e-02 2.095379e-04
1.617828e-02 2.090161e-04
1.628476e-02 2.093901e-04
1.639123e-02 2.092370e-04
1.649734e-02 2.094218e-04
1.660324e-02 2.096422e-04
1.670883e-02 2.107593e-04
1.681429e-02 2.110867e-04
1.692144e-02 2.099765e-04
1.702916e-02 2.099161e-04
1.713635e-02 2.098212e-04
1.724330e-02 2.096398e-04
1.734968e-02 2.100797e-04
1.745654e-02 2.102381e-04
1.756323e-02 2.109571e-04
1.766898e-02 2.109328e-04
1.777546e-02 2.104289e-04
1.788230e-02 2.104602e-04
1.798893e-02 2.101016e-04
1.809549e-02 2.099342e-04
1.820152e-02 2.103625e-04
1.830754e-02 2.102275e-04
1.841412e-02 2.089242e-04
1.852150e-02 2.092120e-04
1.862939e-02 2.099436e-04
1.873801e-02 2.106545e-04
1.884623e-02 2.125129e-04
1.895197e-02 2.116946e-04
1.905657e-02 2.113167e-04
1.916281e-02 2.118719e-04
1.927038e-02 2.112045e-04
1.937757e-02 2.110307e-04
1.948483e-02 2.104413e-04
1.959215e-02 2.102578e-04
1.969894e-02 2.114099e-04
1.980517e-02 2.114932e-04
1.991138e-02 2.109622e-04
2.002016e-02 2.123122e-04
2.013040e-02 2.136067e-04
2.023843e-02 2.124529e-04
2.034471e-02 2.121803e-04
2.045009e-02 2.118376e-04
2.055577e-02 2.111994e-04
2.066226e-02 2.114561e-04
2.076898e-02 2.109910e-04
2.087629e-02 2.111843e-04
2.098362e-02 2.116920e-04
2.109196e-02 2.121908e-04
2.120027e-02 2.136340e-04
2.130696e-02 2.134679e-04
2.141458e-02 2.122515e-04
2.152186e-02 2.116104e-04
2.162844e-02 2.101841e-04
2.173609e-02 2.103104e-04
2.184380e-02 2.105643e-04
2.195185e-02 2.105730e-04
2.205869e-02 2.126074e-04
2.216466e-02 2.131002e-04
2.227139e-02 2.131869e-04
2.237807e-02 2.131834e-04
2.248594e-02 2.119906e-04
2.259463e-02 2.120513e-04
2.270296e-02 2.119990e-04
2.281052e-02 2.112286e-04
2.291666e-02 2.114778e-04
2.302239e-02 2.116148e-04
2.312859e-02 2.112199e-04
2.323563e-02 2.115855e-04
2.334414e-02 2.109695e-04
2.345296e-02 2.109416e-04
2.356073e-02 2.118195e-04
2.366716e-02 2.113353e-04
2.377365e-02 2.098993e-04
2.388128e-02 2.097789e-04
2.398987e-02 2.078671e-04
2.409887e-02 2.077079e-04
2.420614e-02 2.109162e-04
2.431275e-02 2.116737e-04
2.441980e-02 2.122376e-04
2.452648e-02 2.122208e-04
2.463272e-02 2.129166e-04
2.473931e-02 2.130864e-04
2.484693e-02 2.118489e-04
2.495466e-02 2.117592e-04
2.506258e-02 2.111910e-04
2.517043e-02 2.109414e-04
2.527829e-02 2.110205e-04
2.538691e-02 2.115053e-04
2.549417e-02 2.143075e-04
2.559977e-02 2.140278e-04
2.570633e-02 2.116647e-04
2.581414e-02 2.118572e-04
2.592182e-02 2.126180e-04
2.602871e-02 2.124206e-04
2.613588e-02 2.121916e-04
2.624297e-02 2.120526e-04
2.634928e-02 2.121476e-04
2.645684e-02 2.129345e-04
2.656530e-02 2.136225e-04
2.667372e-02 2.135515e-04
2.678258e-02 2.126220e-04
2.689056e-02 2.120457e-04
2.699745e-02 2.130605e-04
2.710305e-02 2.126571e-04
2.720925e-02 2.097328e-04
2.731719e-02 2.097203e-04
2.742491e-02 2.100284e-04
2.753295e-02 2.100376e-04
2.764053e-02 2.108416e-04
2.774744e-02 2.110196e-04
2.785425e-02 2.124849e-04
2.796101e-02 2.129842e-04
2.806909e-02 2.113680e-04
2.817789e-02 2.112236e-04
2.828641e-02 2.113011e-04
2.839409e-02 2.105347e-04
2.850029e-02 2.108719e-04
2.860583e-02 2.108851e-04
2.871166e-02 2.104344e-04
2.881886e-02 2.110892e-04
2.892694e-02 2.122569e-04
2.903471e-02 2.125032e-04
2.914238e-02 2.125458e-04
2.924945e-02 2.121956e-04
2.935619e-02 2.117809e-04
2.946374e-02 2.118382e-04
2.957129e-02 2.120250e-04
2.967780e-02 2.117581e-04
2.978489e-02 2.108329e-04
2.989370e-02 2.115288e-04
3.000132e-02 2.146391e-04
3.010720e-02 2.147110e-04
3.021312e-02 2.148409e-04
3.031888e-02 2.144986e-04
3.042568e-02 2.118040e-04
3.053334e-02 2.116351e-04
3.064190e-02 2.104500e-04
3.075129e-02 2.105210e-04
3.085914e-02 2.124860e-04
3.096607e-02 2.126402e-04
3.107168e-02 2.152563e-04
3.117674e-02 2.155713e-04
3.128392e-02 2.129149e-04
3.139159e-02 2.125437e-04
3.149889e-02 2.121199e-04
3.160574e-02 2.116897e-04
3.171230e-02 2.117603e-04
3.181854e-02 2.115938e-04
3.192369e-02 2.121364e-04
3.203032e-02 2.132156e-04
3.213813e-02 2.142427e-04
3.224576e-02 2.142134e-04
3.235384e-02 2.133822e-04
3.246140e-02 2.130569e-04
3.256911e-02 2.126963e-04
3.267540e-02 2.117177e-04
3.278086e-02 2.096015e-04
3.288742e-02 2.095059e-04
3.299381e-02 2.095175e-04
3.310175e-02 2.101628e-04
3.320993e-02 2.115589e-04
3.331732e-02 2.118710e-04
3.342623e-02 2.110176e-04
3.353363e-02 2.098166e-04
3.363738e-02 2.117895e-04
3.374211e-02 2.130892e-04
3.385013e-02 2.111881e-04
3.396045e-02 2.115905e-04
3.406949e-02 2.148493e-04
3.417463e-02 2.139749e-04
3.427866e-02 2.133989e-04
3.438381e-02 2.138647e-04
3.449017e-02 2.139568e-04
3.459743e-02 2.145325e-04
3.470610e-02 2.129628e-04
3.481603e-02 2.128584e-04
3.492548e-02 2.133786e-04
3.503114e-02 2.115803e-04
3.513418e-02 2.109312e-04
3.523899e-02 2.117549e-04
3.534532e-02 2.123043e-04
3.545349e-02 2.136093e-04
3.556189e-02 2.160666e-04
3.566842e-02 2.158343e-04
3.577603e-02 2.134041e-04
3.588320e-02 2.119804e-04
3.598849e-02 2.111573e-04
3.609568e-02 2.122855e-04
3.620475e-02 2.130951e-04
3.631222e-02 2.124300e-04
3.641840e-02 2.119358e-04
3.652501e-02 2.120216e-04
3.663146e-02 2.125371e-04
3.673762e-02 2.122621e-04
3.684326e-02 2.123674e-04
3.694906e-02 2.127872e-04
3.705651e-02 2.112000e-04
3.716392e-02 2.106036e-04
3.727143e-02 2.095799e-04
3.738075e-02 2.103034e-04
3.748847e-02 2.141889e-04
3.759339e-02 2.136182e-04
3.769818e-02 2.122532e-04
3.780487e-02 2.131888e-04
3.791284e-02 2.136492e-04
3.802014e-02 2.134122e-04
3.812848e-02 2.118189e-04
3.823548e-02 2.104401e-04
3.833990e-02 2.101145e-04
3.844607e-02 2.110514e-04
3.855319e-02 2.120688e-04
3.866106e-02 2.125976e-04
3.876985e-02 2.125532e-04
3.887803e-02 2.124670e-04
3.898556e-02 2.141412e-04
3.909128e-02 2.136638e-04
3.919594e-02 2.132955e-04
3.930199e-02 2.139946e-04
3.940936e-02 2.137311e-04
3.951699e-02 2.135046e-04
3.962466e-02 2.128205e-04
3.973238e-02 2.128955e-04
3.983920e-02 2.154149e-04
3.994488e-02 2.156360e-04
4.005170e-02 2.135256e-04
4.015943e-02 2.133128e-04
4.026667e-02 2.135493e-04
4.037443e-02 2.136570e-04
4.048260e-02 2.132775e-04
4.058885e-02 2.122834e-04
4.069368e-02 2.118982e-04
4.080009e-02 2.127038e-04
4.090738e-02 2.142787e-04
4.101513e-02 2.151268e-04
4.112426e-02 2.143593e-04
4.123321e-02 2.139666e-04
4.134121e-02 2.144413e-04
4.145014e-02 2.148702e-04
4.155907e-02 2.160517e-04
4.166397e-02 2.143556e-04
4.176873e-02 2.106858e-04
4.187708e-02 2.115170e-04
4.198609e-02 2.119201e-04
4.209387e-02 2.113229e-04
4.219921e-02 2.137182e-04
4.230441e-02 2.141974e-04
4.241049e-02 2.140402e-04
4.251568e-02 2.137427e-04
4.262280e-02 2.105105e-04
4.273275e-02 2.110446e-04
4.284475e-02 2.082966e-04
4.295607e-02 2.069006e-04
4.306019e-02 2.150476e-04
4.316254e-02 2.166157e-04
4.326815e-02 2.154890e-04
4.337518e-02 2.162217e-04
4.348439e-02 2.146306e-04
4.359326e-02 2.138576e-04
4.370115e-02 2.141608e-04
4.380847e-02 2.139320e-04
4.391496e-02 2.138738e-04
4.402151e-02 2.135931e-04
4.413194e-02 2.063578e-04
4.424510e-02 2.056711e-04
4.435364e-02 2.114401e-04
4.445964e-02 2.120046e-04
4.456769e-02 2.109728e-04
4.467524e-02 2.103078e-04
4.477894e-02 2.140847e-04
4.488243e-02 2.153140e-04
4.498979e-02 2.122618e-04
4.510144e-02 2.134472e-04
4.521303e-02 2.168400e-04
4.532075e-02 2.160316e-04
4.542647e-02 2.179390e-04
4.553074e-02 2.177518e-04
4.563577e-02 2.151569e-04
4.574220e-02 2.150711e-04
4.584988e-02 2.127514e-04
4.595865e-02 2.122751e-04
4.606717e-02 2.113508e-04
4.617618e-02 2.115878e-04
4.628297e-02 2.159084e-04
4.638777e-02 2.162726e-04
4.649494e-02 2.141534e-04
4.660388e-02 2.144533e-04
4.671254e-02 2.149572e-04
4.682237e-02 2.155498e-04
4.693297e-02 2.159112e-04
4.704105e-02 2.148261e-04
4.714665e-02 2.159587e-04
4.725141e-02 2.158683e-04
4.735811e-02 2.132058e-04
4.746762e-02 2.139400e-04
4.757647e-02 2.162830e-04
4.768531e-02 2.171187e-04
4.779480e-02 2.183629e-04
4.790206e-02 2.171815e-04
4.800795e-02 2.161703e-04
4.811495e-02 2.167597e-04
4.822637e-02 2.118312e-04
4.833724e-02 2.097254e-04
4.844242e-02 2.125722e-04
4.854845e-02 2.141168e-04
4.865468e-02 2.180953e-04
4.876126e-02 2.194469e-04
4.886892e-02 2.213871e-04
4.897437e-02 2.210590e-04
4.908231e-02 2.168398e-04
4.919175e-02 2.162209e-04
4.930002e-02 2.156318e-04
4.940778e-02 2.151184e-04
4.951695e-02 2.113511e-04
4.962690e-02 2.101736e-04
4.973149e-02 2.158194e-04
4.983522e-02 2.176246e-04
4.994295e-02 2.159950e-04
5.005175e-02 2.160506e-04
5.016080e-02 2.166175e-04
5.026731e-02 2.153042e-04
5.037237e-02 2.132772e-04
5.047938e-02 2.137237e-04
5.058610e-02 2.154445e-04
5.069408e-02 2.165206e-04
5.080398e-02 2.163080e-04
5.091455e-02 2.169322e-04
5.102377e-02 2.217609e-04
5.112870e-02 2.209285e-04
5.123392e-02 2.173163e-04
5.134009e-02 2.165907e-04
5.144763e-02 2.122827e-04
5.155732e-02 2.117275e-04
5.166531e-02 2.130084e-04
5.177285e-02 2.134804e-04
5.187974e-02 2.166644e-04
5.198542e-02 2.170784e-04
