-9.396350e-02 3.725404e-04
-9.377555e-02 3.842225e-04
-9.360154e-02 3.799730e-04
-9.342790e-02 3.687314e-04
-9.323905e-02 3.738946e-04
-9.304127e-02 3.732213e-04
-9.284303e-02 3.732599e-04
-9.264716e-02 3.773705e-04
-9.245756e-02 3.733616e-04
-9.227758e-02 3.782454e-04
-9.210072e-02 3.798477e-04
-9.191787e-02 3.743882e-04
-9.172598e-02 3.778176e-04
-9.152714e-02 3.758149e-04
-9.133217e-02 3.727801e-04
-9.114608e-02 3.790683e-04
-9.096535e-02 3.781378e-04
-9.078605e-02 3.779345e-04
-9.060178e-02 3.808403e-04
-9.040680e-02 3.711836e-04
-9.020774e-02 3.701255e-04
-9.001391e-02 3.758286e-04
-8.982515e-02 3.748572e-04
-8.964308e-02 3.832229e-04
-8.946548e-02 3.835682e-04
-8.928170e-02 3.742894e-04
-8.908825e-02 3.767190e-04
-8.888781e-02 3.765720e-04
-8.868790e-02 3.762366e-04
-8.849634e-02 3.844833e-04
-8.831424e-02 3.817147e-04
-8.813570e-02 3.799941e-04
-8.795255e-02 3.821634e-04
-8.776197e-02 3.756804e-04
-8.756468e-02 3.774152e-04
-8.736667e-02 3.810482e-04
-8.717649e-02 3.776170e-04
-8.699471e-02 3.822073e-04
-8.681590e-02 3.820522e-04
-8.663409e-02 3.765674e-04
-8.644085e-02 3.797668e-04
-8.623962e-02 3.753731e-04
-8.604033e-02 3.743345e-04
-8.584753e-02 3.822244e-04
-8.566099e-02 3.813425e-04
-8.547808e-02 3.849009e-04
-8.529679e-02 3.852240e-04
-8.511139e-02 3.793367e-04
-8.491947e-02 3.811013e-04
-8.472148e-02 3.759334e-04
-8.452157e-02 3.752110e-04
-8.432755e-02 3.829571e-04
-8.414286e-02 3.801837e-04
-8.396328e-02 3.809510e-04
-8.378061e-02 3.830692e-04
-8.358895e-02 3.740532e-04
-8.338917e-02 3.756424e-04
-8.318986e-02 3.808064e-04
-8.299781e-02 3.783311e-04
-8.281019e-02 3.836383e-04
-8.262692e-02 3.829069e-04
-8.244473e-02 3.778743e-04
-8.225416e-02 3.811385e-04
-8.205707e-02 3.792339e-04
-8.185878e-02 3.792690e-04
-8.166239e-02 3.825458e-04
-8.147150e-02 3.803933e-04
-8.128882e-02 3.882622e-04
-8.110759e-02 3.902098e-04
-8.091556e-02 3.774179e-04
-8.071294e-02 3.774817e-04
-8.051018e-02 3.775678e-04
-8.031221e-02 3.764216e-04
-8.012292e-02 3.875938e-04
-7.994051e-02 3.875238e-04
-7.975541e-02 3.829026e-04
-7.956419e-02 3.848891e-04
-7.936778e-02 3.817833e-04
-7.916912e-02 3.819955e-04
-7.897262e-02 3.861198e-04
-7.878301e-02 3.834857e-04
-7.859949e-02 3.862692e-04
-7.841504e-02 3.878376e-04
-7.822496e-02 3.829037e-04
-7.802741e-02 3.855954e-04
-7.782640e-02 3.873353e-04
-7.762875e-02 3.859575e-04
-7.743582e-02 3.899399e-04
-7.724962e-02 3.873564e-04
-7.706405e-02 3.861315e-04
-7.687290e-02 3.890255e-04
-7.667597e-02 3.824935e-04
-7.647420e-02 3.830696e-04
-7.627309e-02 3.857611e-04
-7.607726e-02 3.835273e-04
-7.589022e-02 3.921146e-04
-7.570671e-02 3.930515e-04
-7.551821e-02 3.872320e-04
-7.532302e-02 3.891978e-04
-7.512116e-02 3.834585e-04
-7.491397e-02 3.828453e-04
-7.471268e-02 3.910664e-04
-7.452399e-02 3.882208e-04
-7.434020e-02 3.884683e-04
-7.415226e-02 3.910427e-04
-7.395659e-02 3.853799e-04
-7.375521e-02 3.867375e-04
-7.355221e-02 3.878022e-04
-7.335280e-02 3.860431e-04
-7.316008e-02 3.922507e-04
-7.297359e-02 3.907794e-04
-7.278777e-02 3.878271e-04
-7.259481e-02 3.910200e-04
-7.239453e-02 3.877359e-04
-7.219080e-02 3.886151e-04
-7.198823e-02 3.929639e-04
-7.179217e-02 3.906363e-04
-7.160413e-02 3.974386e-04
-7.141822e-02 3.986235e-04
-7.121975e-02 3.859289e-04
-7.101291e-02 3.864015e-04
-7.080899e-02 3.876661e-04
-7.060545e-02 3.878970e-04
-7.040743e-02 3.978604e-04
-7.021736e-02 3.966217e-04
-7.002881e-02 3.957291e-04
-6.983484e-02 3.986852e-04
-6.963393e-02 3.952068e-04
-6.942882e-02 3.964967e-04
-6.922340e-02 3.995778e-04
-6.902145e-02 3.967891e-04
-6.882539e-02 3.989012e-04
-6.863396e-02 3.987091e-04
-6.844166e-02 3.967563e-04
-6.824335e-02 3.996434e-04
-6.803870e-02 3.971631e-04
-6.783201e-02 3.974917e-04
-6.762637e-02 4.001467e-04
-6.742827e-02 3.966050e-04
-6.723782e-02 3.994747e-04
-6.704661e-02 4.009759e-04
-6.684955e-02 3.954799e-04
-6.664526e-02 3.978186e-04
-6.643678e-02 3.973698e-04
-6.622952e-02 3.964795e-04
-6.602775e-02 4.030803e-04
-6.583240e-02 4.016235e-04
-6.563956e-02 4.017425e-04
-6.544413e-02 4.033373e-04
-6.523890e-02 3.964753e-04
-6.502774e-02 3.975927e-04
-6.481896e-02 3.996305e-04
-6.461563e-02 3.970723e-04
-6.442024e-02 4.033342e-04
-6.422888e-02 4.031433e-04
-6.403521e-02 3.987136e-04
-6.383410e-02 4.016212e-04
-6.362542e-02 3.969547e-04
-6.341507e-02 3.962872e-04
-6.320978e-02 4.029387e-04
-6.300913e-02 4.006993e-04
-6.281371e-02 4.031663e-04
-6.261861e-02 4.056901e-04
-6.241868e-02 4.046965e-04
-6.221529e-02 4.064070e-04
-6.200610e-02 4.015614e-04
-6.179705e-02 3.997371e-04
-6.159543e-02 4.070056e-04
-6.140042e-02 4.056847e-04
-6.120691e-02 4.044877e-04
-6.101024e-02 4.059340e-04
-6.080752e-02 3.999202e-04
-6.059811e-02 4.017416e-04
-6.038786e-02 4.053806e-04
-6.018250e-02 4.037679e-04
-5.998272e-02 4.085119e-04
-5.978717e-02 4.076972e-04
-5.959093e-02 4.043113e-04
-5.938861e-02 4.067187e-04
-5.917617e-02 4.016088e-04
-5.896152e-02 4.011338e-04
-5.875541e-02 4.090106e-04
-5.855655e-02 4.074455e-04
-5.836119e-02 4.089782e-04
-5.816464e-02 4.102442e-04
-5.796291e-02 4.050217e-04
-5.775555e-02 4.065496e-04
-5.754390e-02 4.035704e-04
-5.733437e-02 4.012193e-04
-5.713258e-02 4.076965e-04
-5.693112e-02 4.079562e-04
-5.672990e-02 4.089876e-04
-5.653000e-02 4.104180e-04
-5.632307e-02 4.027525e-04
-5.611015e-02 4.035652e-04
-5.589940e-02 4.094160e-04
-5.569468e-02 4.079301e-04
-5.549456e-02 4.114252e-04
-5.529844e-02 4.103033e-04
-5.510066e-02 4.044755e-04
-5.489537e-02 4.068579e-04
-5.468446e-02 4.041435e-04
-5.447290e-02 4.035452e-04
-5.426594e-02 4.094938e-04
-5.406680e-02 4.069728e-04
-5.387212e-02 4.073718e-04
-5.367495e-02 4.090061e-04
-5.347089e-02 4.021366e-04
-5.326107e-02 4.030948e-04
-5.304781e-02 4.050936e-04
-5.283929e-02 4.029852e-04
-5.264037e-02 4.080903e-04
-5.244381e-02 4.085029e-04
-5.224707e-02 4.093642e-04
-5.204667e-02 4.118830e-04
-5.183815e-02 4.051905e-04
-5.162663e-02 4.046024e-04
-5.141922e-02 4.099090e-04
-5.121715e-02 4.085909e-04
-5.101923e-02 4.119246e-04
-5.082315e-02 4.119989e-04
-5.062316e-02 4.055883e-04
-5.041221e-02 4.080294e-04
-5.019736e-02 4.083428e-04
-4.998662e-02 4.078242e-04
-4.977880e-02 4.112176e-04
-4.957690e-02 4.089122e-04
-4.937965e-02 4.102262e-04
-4.918139e-02 4.113009e-04
-4.897809e-02 4.059431e-04
-4.876846e-02 4.077937e-04
-4.855560e-02 4.075654e-04
-4.834596e-02 4.055540e-04
-4.814287e-02 4.108120e-04
-4.794416e-02 4.100875e-04
-4.774655e-02 4.098880e-04
-4.754579e-02 4.117025e-04
-4.733802e-02 4.051496e-04
-4.712665e-02 4.049402e-04
-4.691718e-02 4.075184e-04
-4.671075e-02 4.066330e-04
-4.650656e-02 4.130867e-04
-4.630714e-02 4.125242e-04
-4.610720e-02 4.048706e-04
-4.590017e-02 4.064104e-04
-4.569010e-02 4.055706e-04
-4.547969e-02 4.054815e-04
-4.527205e-02 4.099308e-04
-4.507102e-02 4.075313e-04
-4.487503e-02 4.093341e-04
-4.467784e-02 4.106991e-04
-4.447467e-02 4.044059e-04
-4.426215e-02 4.059252e-04
-4.404803e-02 4.075474e-04
-4.384081e-02 4.058299e-04
-4.363821e-02 4.087227e-04
-4.343984e-02 4.072417e-04
-4.324422e-02 4.076829e-04
-4.304701e-02 4.087853e-04
-4.284375e-02 4.018066e-04
-4.263573e-02 4.021221e-04
-4.242736e-02 4.024059e-04
-4.222290e-02 4.001664e-04
-4.202621e-02 4.067980e-04
-4.183424e-02 4.063688e-04
-4.163905e-02 3.998504e-04
-4.143817e-02 4.008918e-04
-4.123348e-02 3.974657e-04
-4.102703e-02 3.972806e-04
-4.082295e-02 4.006952e-04
-4.062469e-02 3.984577e-04
-4.042790e-02 3.997404e-04
-4.023311e-02 3.989740e-04
-4.003913e-02 3.931643e-04
-3.983892e-02 3.948521e-04
-3.963449e-02 3.924406e-04
-3.943148e-02 3.907225e-04
-3.923304e-02 3.936685e-04
-3.904031e-02 3.912788e-04
-3.885180e-02 3.917349e-04
-3.866016e-02 3.937905e-04
-3.846205e-02 3.886091e-04
-3.825771e-02 3.887163e-04
-3.805410e-02 3.902925e-04
-3.785726e-02 3.885646e-04
-3.766592e-02 3.928904e-04
-3.747761e-02 3.926421e-04
-3.728661e-02 3.874954e-04
-3.709137e-02 3.881603e-04
-3.689323e-02 3.851850e-04
-3.669269e-02 3.855400e-04
-3.649434e-02 3.901324e-04
-3.630218e-02 3.880891e-04
-3.611419e-02 3.893110e-04
-3.592673e-02 3.894268e-04
-3.573593e-02 3.842091e-04
-3.553926e-02 3.858288e-04
-3.533981e-02 3.857136e-04
-3.514093e-02 3.853344e-04
-3.494624e-02 3.912178e-04
-3.475688e-02 3.901577e-04
-3.456612e-02 3.898065e-04
-3.437201e-02 3.916777e-04
-3.417551e-02 3.879468e-04
-3.397572e-02 3.886023e-04
-3.377618e-02 3.908573e-04
-3.358014e-02 3.895463e-04
-3.338861e-02 3.934984e-04
-3.319850e-02 3.940577e-04
-3.300709e-02 3.934117e-04
-3.281436e-02 3.939732e-04
-3.261749e-02 3.885668e-04
-3.241318e-02 3.893358e-04
-3.220960e-02 3.927567e-04
-3.201263e-02 3.917861e-04
-3.181958e-02 3.955767e-04
-3.162844e-02 3.958055e-04
-3.143471e-02 3.921473e-04
-3.123642e-02 3.935478e-04
-3.103562e-02 3.932754e-04
-3.083494e-02 3.931056e-04
-3.063598e-02 3.954747e-04
-3.044202e-02 3.933412e-04
-3.025150e-02 3.931225e-04
-3.005986e-02 3.937084e-04
-2.986474e-02 3.895630e-04
-2.966540e-02 3.905871e-04
-2.946410e-02 3.901861e-04
-2.926470e-02 3.889062e-04
-2.906941e-02 3.921558e-04
-2.887807e-02 3.909659e-04
-2.868472e-02 3.892253e-04
-2.848919e-02 3.898960e-04
-2.829266e-02 3.851336e-04
-2.809345e-02 3.850507e-04
-2.789581e-02 3.874858e-04
-2.770092e-02 3.866984e-04
-2.750979e-02 3.908403e-04
-2.732076e-02 3.910495e-04
-2.712964e-02 3.880918e-04
-2.693459e-02 3.894028e-04
-2.673642e-02 3.877859e-04
-2.653547e-02 3.871115e-04
-2.633730e-02 3.899221e-04
-2.614498e-02 3.891858e-04
-2.595456e-02 3.902965e-04
-2.576286e-02 3.914655e-04
-2.556745e-02 3.885593e-04
-2.536848e-02 3.896347e-04
-2.516946e-02 3.925314e-04
-2.497344e-02 3.917818e-04
-2.478028e-02 3.944194e-04
-2.458833e-02 3.946468e-04
-2.439472e-02 3.925291e-04
-2.419795e-02 3.936544e-04
-2.399811e-02 3.916997e-04
-2.379770e-02 3.913336e-04
-2.360004e-02 3.948613e-04
-2.340492e-02 3.946138e-04
-2.321154e-02 3.967892e-04
-2.301894e-02 3.971046e-04
-2.282001e-02 3.924089e-04
-2.261649e-02 3.934858e-04
-2.241512e-02 3.950890e-04
-2.221616e-02 3.942018e-04
-2.202005e-02 3.965292e-04
-2.182589e-02 3.961840e-04
-2.163176e-02 3.952757e-04
-2.143493e-02 3.965902e-04
-2.123543e-02 3.957720e-04
-2.103417e-02 3.965454e-04
-2.083267e-02 3.983013e-04
-2.063077e-02 3.973597e-04
-2.043173e-02 3.995131e-04
-2.023522e-02 4.005767e-04
-2.003687e-02 4.004654e-04
-1.983529e-02 4.023527e-04
-1.963077e-02 4.027076e-04
-1.942561e-02 4.032186e-04
-1.922099e-02 4.055398e-04
-1.901879e-02 4.049393e-04
-1.881924e-02 4.076633e-04
-1.861919e-02 4.089384e-04
-1.841597e-02 4.071927e-04
-1.820854e-02 4.090696e-04
-1.799981e-02 4.121025e-04
-1.779136e-02 4.130316e-04
-1.758481e-02 4.187597e-04
-1.738046e-02 4.195217e-04
-1.717500e-02 4.198056e-04
-1.696704e-02 4.214052e-04
-1.675269e-02 4.205069e-04
-1.653621e-02 4.214700e-04
-1.632208e-02 4.227483e-04
-1.610972e-02 4.221419e-04
-1.589989e-02 4.247297e-04
-1.569182e-02 4.245963e-04
-1.548336e-02 4.235843e-04
-1.527214e-02 4.248960e-04
-1.505733e-02 4.224982e-04
-1.484299e-02 4.213521e-04
-1.463071e-02 4.216241e-04
-1.441794e-02 4.200980e-04
-1.420792e-02 4.204234e-04
-1.400162e-02 4.202182e-04
-1.379328e-02 4.162857e-04
-1.358283e-02 4.161276e-04
-1.337205e-02 4.151358e-04
-1.316288e-02 4.138108e-04
-1.295653e-02 4.148045e-04
-1.275407e-02 4.128388e-04
-1.255226e-02 4.084766e-04
-1.234874e-02 4.079226e-04
-1.214408e-02 4.045023e-04
-1.193891e-02 4.035690e-04
-1.173477e-02 4.026885e-04
-1.153401e-02 4.003526e-04
-1.133641e-02 3.991325e-04
-1.114030e-02 3.978068e-04
-1.094437e-02 3.944306e-04
-1.074745e-02 3.937976e-04
-1.054954e-02 3.904079e-04
-1.035236e-02 3.887474e-04
-1.015433e-02 3.875792e-04
-9.959502e-03 3.852237e-04
-9.770164e-03 3.829530e-04
-9.582057e-03 3.813943e-04
-9.393766e-03 3.767356e-04
-9.204770e-03 3.754912e-04
-9.015585e-03 3.717016e-04
-8.828124e-03 3.693007e-04
-8.643534e-03 3.674490e-04
-8.461776e-03 3.650719e-04
-8.282289e-03 3.622728e-04
-8.101333e-03 3.605213e-04
-7.920213e-03 3.554075e-04
-7.741031e-03 3.540367e-04
-7.562663e-03 3.515909e-04
-7.387228e-03 3.489548e-04
-7.214614e-03 3.463248e-04
-7.045371e-03 3.433592e-04
-6.878090e-03 3.383985e-04
-6.711930e-03 3.359357e-04
-6.546139e-03 3.297319e-04
-6.380921e-03 3.271471e-04
-6.217505e-03 3.229748e-04
-6.057230e-03 3.195898e-04
-5.900226e-03 3.156323e-04
-5.745533e-03 3.128207e-04
-5.592017e-03 3.069872e-04
-5.439152e-03 3.044897e-04
-5.287173e-03 2.990456e-04
-5.137314e-03 2.958110e-04
-4.987886e-03 2.911950e-04
-4.841036e-03 2.879677e-04
-4.699417e-03 2.840430e-04
-4.559443e-03 2.816407e-04
-4.420303e-03 2.763458e-04
-4.282468e-03 2.736578e-04
-4.146124e-03 2.686761e-04
-4.012094e-03 2.654899e-04
-3.880573e-03 2.608331e-04
-3.751444e-03 2.577156e-04
-3.624471e-03 2.526556e-04
-3.496518e-03 2.502965e-04
-3.370078e-03 2.463174e-04
-3.247448e-03 2.437374e-04
-3.126295e-03 2.390395e-04
-3.007261e-03 2.360746e-04
-2.890659e-03 2.318928e-04
-2.776008e-03 2.292157e-04
-2.663236e-03 2.249168e-04
-2.551555e-03 2.227112e-04
-2.441116e-03 2.186617e-04
-2.332078e-03 2.163604e-04
-2.224899e-03 2.130667e-04
-2.119844e-03 2.106066e-04
-2.016478e-03 2.065916e-04
-1.914405e-03 2.043673e-04
-1.813484e-03 2.001183e-04
-1.713405e-03 1.980798e-04
-1.614794e-03 1.948686e-04
-1.517704e-03 1.927996e-04
-1.420804e-03 1.897503e-04
-1.325444e-03 1.877147e-04
-1.232732e-03 1.840660e-04
-1.141245e-03 1.820174e-04
-1.051139e-03 1.786349e-04
-9.622797e-04 1.766684e-04
-8.745551e-04 1.730980e-04
-7.881949e-04 1.709926e-04
-7.037215e-04 1.683031e-04
-6.208260e-04 1.663843e-04
-5.389423e-04 1.627395e-04
-4.572883e-04 1.605683e-04
-3.768247e-04 1.565632e-04
-2.990252e-04 1.542543e-04
-2.228640e-04 1.505750e-04
-1.477900e-04 1.486122e-04
-7.428705e-05 1.457161e-04
4.493148e-07 1.454288e-04
7.379217e-05 1.468760e-04
1.486528e-04 1.483288e-04
2.234960e-04 1.523310e-04
2.995437e-04 1.544975e-04
3.770162e-04 1.581351e-04
4.560331e-04 1.603729e-04
5.367847e-04 1.636958e-04
6.190435e-04 1.657976e-04
7.027121e-04 1.692817e-04
7.876523e-04 1.713010e-04
8.738759e-04 1.747658e-04
9.613966e-04 1.767935e-04
1.051710e-03 1.800485e-04
1.143596e-03 1.821782e-04
1.235721e-03 1.854397e-04
1.329016e-03 1.873173e-04
1.423248e-03 1.909742e-04
1.518609e-03 1.929683e-04
1.615282e-03 1.963159e-04
1.713837e-03 1.986547e-04
1.814309e-03 2.019436e-04
1.917932e-03 2.040855e-04
2.022813e-03 2.079054e-04
2.127190e-03 2.099005e-04
2.232586e-03 2.137337e-04
2.339606e-03 2.160900e-04
2.448408e-03 2.196642e-04
2.559362e-03 2.222424e-04
2.672211e-03 2.262425e-04
2.786938e-03 2.288111e-04
2.902519e-03 2.345052e-04
3.018902e-03 2.370425e-04
3.137284e-03 2.407568e-04
3.257846e-03 2.434016e-04
3.380556e-03 2.471657e-04
3.505636e-03 2.499430e-04
3.632670e-03 2.543959e-04
3.761167e-03 2.568791e-04
3.890433e-03 2.624773e-04
4.021267e-03 2.654383e-04
4.156319e-03 2.700521e-04
4.293706e-03 2.731329e-04
4.431605e-03 2.774496e-04
4.571428e-03 2.801610e-04
4.712854e-03 2.850200e-04
4.855615e-03 2.875700e-04
4.999328e-03 2.930750e-04
5.144869e-03 2.961542e-04
5.293414e-03 2.996761e-04
5.445276e-03 3.029462e-04
5.599230e-03 3.085374e-04
5.756670e-03 3.112158e-04
5.915079e-03 3.169850e-04
6.071775e-03 3.194460e-04
6.230235e-03 3.233387e-04
6.391695e-03 3.265389e-04
6.556134e-03 3.304680e-04
6.723295e-03 3.335157e-04
6.892465e-03 3.386286e-04
7.062126e-03 3.407706e-04
7.232149e-03 3.460984e-04
7.403319e-03 3.487092e-04
7.576736e-03 3.522162e-04
7.752352e-03 3.547979e-04
7.931553e-03 3.560123e-04
8.112950e-03 3.577640e-04
8.293989e-03 3.632030e-04
8.474456e-03 3.648270e-04
8.658023e-03 3.688312e-04
8.843363e-03 3.713450e-04
9.029081e-03 3.730560e-04
9.217753e-03 3.754558e-04
9.408555e-03 3.785548e-04
9.599391e-03 3.796869e-04
9.789659e-03 3.838039e-04
9.979249e-03 3.848701e-04
1.016973e-02 3.863345e-04
1.036290e-02 3.884816e-04
1.055874e-02 3.899596e-04
1.076050e-02 3.922575e-04
1.096362e-02 3.963596e-04
1.116188e-02 3.966925e-04
1.135869e-02 4.000038e-04
1.155617e-02 4.016064e-04
1.175505e-02 4.037513e-04
1.195649e-02 4.060646e-04
1.216155e-02 4.064809e-04
1.236827e-02 4.076168e-04
1.257410e-02 4.122232e-04
1.277871e-02 4.131628e-04
1.298299e-02 4.163188e-04
1.318801e-02 4.179053e-04
1.339610e-02 4.172224e-04
1.360701e-02 4.186585e-04
1.381964e-02 4.197808e-04
1.403198e-02 4.200125e-04
1.424206e-02 4.243924e-04
1.445019e-02 4.248140e-04
1.466233e-02 4.246848e-04
1.487700e-02 4.261545e-04
1.509112e-02 4.257767e-04
1.530679e-02 4.265797e-04
1.552285e-02 4.281732e-04
1.573580e-02 4.268705e-04
1.594608e-02 4.277651e-04
1.615583e-02 4.277722e-04
1.636592e-02 4.272338e-04
1.658099e-02 4.281020e-04
1.679978e-02 4.243302e-04
1.701508e-02 4.228178e-04
1.722791e-02 4.227296e-04
1.743719e-02 4.205778e-04
1.764293e-02 4.204723e-04
1.784719e-02 4.195465e-04
1.805360e-02 4.134207e-04
1.826315e-02 4.130809e-04
1.847304e-02 4.115633e-04
1.868197e-02 4.104344e-04
1.888842e-02 4.114128e-04
1.909057e-02 4.092035e-04
1.929033e-02 4.070644e-04
1.949180e-02 4.073175e-04
1.969565e-02 4.040944e-04
1.990136e-02 4.040458e-04
2.010674e-02 4.044564e-04
2.031003e-02 4.033517e-04
2.051448e-02 4.034155e-04
2.071586e-02 4.015876e-04
2.091222e-02 3.998434e-04
2.111078e-02 4.005607e-04
2.131228e-02 3.976300e-04
2.151597e-02 3.979094e-04
2.171914e-02 3.995597e-04
2.191928e-02 3.983117e-04
2.211542e-02 4.015673e-04
2.231002e-02 4.018032e-04
2.250648e-02 3.993169e-04
2.270859e-02 4.000085e-04
2.291321e-02 3.977566e-04
2.311623e-02 3.977948e-04
2.331815e-02 3.997305e-04
2.351663e-02 3.983797e-04
2.371207e-02 3.996824e-04
2.390627e-02 3.994126e-04
2.410219e-02 3.958097e-04
2.430158e-02 3.965760e-04
2.450310e-02 3.951543e-04
2.470563e-02 3.952389e-04
2.490562e-02 3.996765e-04
2.510064e-02 3.983118e-04
2.529398e-02 3.973103e-04
2.548871e-02 3.977770e-04
2.568612e-02 3.946326e-04
2.588663e-02 3.953510e-04
2.609171e-02 3.947101e-04
2.629379e-02 3.926886e-04
2.648823e-02 3.948656e-04
2.668170e-02 3.950628e-04
2.687534e-02 3.953310e-04
2.706946e-02 3.957121e-04
2.726758e-02 3.900015e-04
2.746841e-02 3.895888e-04
2.766830e-02 3.900254e-04
2.786621e-02 3.889845e-04
2.805972e-02 3.935107e-04
2.825521e-02 3.945345e-04
2.845216e-02 3.948785e-04
2.864904e-02 3.967473e-04
2.884989e-02 3.953583e-04
2.905190e-02 3.955532e-04
2.925261e-02 3.982640e-04
2.944967e-02 3.970713e-04
2.964400e-02 3.983029e-04
2.983801e-02 3.985595e-04
3.003369e-02 3.965048e-04
3.023362e-02 3.983022e-04
3.043784e-02 3.961918e-04
3.064218e-02 3.955053e-04
3.084313e-02 3.992215e-04
3.103982e-02 3.980218e-04
3.123403e-02 3.988008e-04
3.143063e-02 4.005059e-04
3.163145e-02 3.982402e-04
3.183562e-02 3.994252e-04
3.204367e-02 4.012963e-04
3.224866e-02 4.001449e-04
3.244548e-02 4.055735e-04
3.263768e-02 4.047284e-04
3.283210e-02 3.986146e-04
3.303021e-02 3.986469e-04
3.323086e-02 3.944477e-04
3.343494e-02 3.950176e-04
3.363773e-02 3.987724e-04
3.383922e-02 3.975157e-04
3.403754e-02 3.993048e-04
3.422971e-02 3.980802e-04
3.442232e-02 3.939707e-04
3.462011e-02 3.955802e-04
3.482259e-02 3.922822e-04
3.502553e-02 3.913697e-04
3.522541e-02 3.939136e-04
3.542124e-02 3.924130e-04
3.561246e-02 3.958778e-04
3.580296e-02 3.966961e-04
3.599752e-02 3.922394e-04
3.619631e-02 3.931547e-04
3.639790e-02 3.910578e-04
3.659846e-02 3.896889e-04
3.679406e-02 3.941188e-04
3.698531e-02 3.931230e-04
3.717574e-02 3.917283e-04
3.736966e-02 3.933121e-04
3.757117e-02 3.900052e-04
3.777683e-02 3.913401e-04
3.797935e-02 3.953671e-04
3.817826e-02 3.946329e-04
3.837371e-02 3.984308e-04
3.856633e-02 3.980834e-04
3.875994e-02 3.954562e-04
3.895856e-02 3.975492e-04
3.916118e-02 3.966468e-04
3.936515e-02 3.971395e-04
3.956765e-02 4.009765e-04
3.976868e-02 3.996394e-04
3.996563e-02 4.026954e-04
4.015956e-02 4.038146e-04
4.035839e-02 3.988264e-04
4.056281e-02 4.003645e-04
4.076987e-02 4.002475e-04
4.097675e-02 4.000956e-04
4.117906e-02 4.072286e-04
4.137683e-02 4.070899e-04
4.157330e-02 4.088416e-04
4.176981e-02 4.094955e-04
4.197177e-02 4.022914e-04
4.218156e-02 4.043655e-04
4.239212e-02 4.088108e-04
4.259792e-02 4.075674e-04
4.279853e-02 4.127071e-04
4.299431e-02 4.116767e-04
4.319115e-02 4.070742e-04
4.339610e-02 4.102626e-04
4.361084e-02 4.079765e-04
4.382672e-02 4.078757e-04
4.403699e-02 4.117832e-04
4.424157e-02 4.097392e-04
4.444077e-02 4.131143e-04
4.464051e-02 4.146529e-04
4.484451e-02 4.117633e-04
4.505327e-02 4.136086e-04
4.526712e-02 4.101572e-04
4.548439e-02 4.090880e-04
4.569532e-02 4.167387e-04
4.589679e-02 4.156860e-04
4.609637e-02 4.158894e-04
4.629816e-02 4.172804e-04
4.650715e-02 4.092341e-04
4.672230e-02 4.100073e-04
4.693675e-02 4.132861e-04
4.714822e-02 4.126883e-04
4.735512e-02 4.186032e-04
4.755550e-02 4.168494e-04
4.775487e-02 4.136839e-04
4.796039e-02 4.162191e-04
4.817152e-02 4.139533e-04
4.838552e-02 4.148478e-04
4.859956e-02 4.172575e-04
4.880818e-02 4.148901e-04
4.901052e-02 4.187176e-04
4.921204e-02 4.196093e-04
4.942038e-02 4.160042e-04
4.963383e-02 4.177763e-04
4.984902e-02 4.144776e-04
5.006392e-02 4.131166e-04
5.027250e-02 4.199704e-04
5.047598e-02 4.193394e-04
5.067838e-02 4.194118e-04
5.088136e-02 4.197965e-04
5.108900e-02 4.130191e-04
5.130192e-02 4.137841e-04
5.151549e-02 4.148275e-04
5.173029e-02 4.140475e-04
5.194035e-02 4.198109e-04
5.214105e-02 4.181667e-04
5.234178e-02 4.135757e-04
5.254766e-02 4.149966e-04
5.275782e-02 4.118560e-04
5.297022e-02 4.120619e-04
5.318191e-02 4.138135e-04
5.338821e-02 4.112305e-04
5.358873e-02 4.136593e-04
5.378983e-02 4.148902e-04
5.399509e-02 4.114253e-04
5.420408e-02 4.123982e-04
5.441638e-02 4.095991e-04
5.462933e-02 4.089708e-04
5.483724e-02 4.155514e-04
5.503951e-02 4.145597e-04
5.524288e-02 4.152455e-04
5.544717e-02 4.160297e-04
5.565439e-02 4.080404e-04
5.586872e-02 4.094758e-04
5.608368e-02 4.124182e-04
5.629468e-02 4.110825e-04
5.649995e-02 4.170378e-04
5.669976e-02 4.158712e-04
5.690037e-02 4.112511e-04
5.710785e-02 4.137421e-04
5.732098e-02 4.111443e-04
5.753947e-02 4.115440e-04
5.775576e-02 4.164176e-04
5.796180e-02 4.139004e-04
5.816317e-02 4.146468e-04
5.836472e-02 4.150157e-04
5.856841e-02 4.124679e-04
5.877735e-02 4.146765e-04
5.899224e-02 4.109430e-04
5.920566e-02 4.087108e-04
5.941202e-02 4.141825e-04
5.961286e-02 4.128504e-04
5.981122e-02 4.132494e-04
6.001219e-02 4.149518e-04
6.021986e-02 4.085804e-04
6.043357e-02 4.098868e-04
6.064643e-02 4.148980e-04
6.085261e-02 4.127109e-04
6.105365e-02 4.151436e-04
6.125191e-02 4.143614e-04
6.145521e-02 4.089938e-04
6.166394e-02 4.103157e-04
6.187318e-02 4.079215e-04
6.208462e-02 4.083896e-04
6.229420e-02 4.128355e-04
6.249743e-02 4.105887e-04
6.269673e-02 4.109587e-04
6.289571e-02 4.109047e-04
6.309711e-02 4.066761e-04
6.330676e-02 4.082609e-04
6.352123e-02 4.046669e-04
6.373282e-02 4.034804e-04
6.393848e-02 4.099823e-04
6.413855e-02 4.089788e-04
6.433605e-02 4.104215e-04
6.453389e-02 4.111358e-04
6.473681e-02 4.047011e-04
6.494570e-02 4.059451e-04
6.515620e-02 4.067317e-04
6.536259e-02 4.045648e-04
6.556349e-02 4.076747e-04
6.576093e-02 4.067420e-04
6.595850e-02 4.039620e-04
6.616152e-02 4.062158e-04
6.637017e-02 4.031422e-04
6.658171e-02 4.037580e-04
6.679086e-02 4.094004e-04
6.699312e-02 4.073152e-04
6.719420e-02 4.086309e-04
6.739300e-02 4.077021e-04
6.758952e-02 4.037848e-04
6.779372e-02 4.070269e-04
6.800519e-02 4.038182e-04
6.821682e-02 4.027675e-04
6.842322e-02 4.086543e-04
6.862228e-02 4.063240e-04
6.881624e-02 4.084363e-04
6.901106e-02 4.097172e-04
6.921256e-02 4.020177e-04
6.942332e-02 4.029874e-04
6.963652e-02 4.016798e-04
6.984480e-02 4.000696e-04
7.004493e-02 4.091040e-04
7.023807e-02 4.081962e-04
7.042955e-02 4.084207e-04
7.062513e-02 4.109476e-04
7.083117e-02 4.006240e-04
7.104151e-02 3.994556e-04
7.124858e-02 4.016158e-04
7.145023e-02 3.991507e-04
7.164564e-02 4.026309e-04
7.183712e-02 4.015366e-04
7.203054e-02 3.952879e-04
7.223273e-02 3.982628e-04
7.244062e-02 3.970580e-04
7.264679e-02 3.955976e-04
7.285097e-02 3.998731e-04
7.304890e-02 3.976640e-04
7.323911e-02 3.994612e-04
7.343040e-02 4.007604e-04
7.362937e-02 3.914027e-04
7.383613e-02 3.927525e-04
7.404400e-02 3.946436e-04
7.424699e-02 3.923695e-04
7.444180e-02 3.998282e-04
7.463151e-02 3.994190e-04
7.482228e-02 3.964766e-04
7.502066e-02 3.981958e-04
7.522549e-02 3.922052e-04
7.543048e-02 3.919271e-04
7.563370e-02 3.940701e-04
7.582996e-02 3.906902e-04
7.601765e-02 3.955345e-04
7.620478e-02 3.969630e-04
7.639934e-02 3.886674e-04
7.660081e-02 3.898053e-04
7.680459e-02 3.891414e-04
7.700661e-02 3.878509e-04
7.720366e-02 3.924957e-04
7.739440e-02 3.904008e-04
7.758272e-02 3.886032e-04
7.777465e-02 3.901149e-04
7.797080e-02 3.873196e-04
7.817072e-02 3.885567e-04
7.837237e-02 3.891150e-04
7.857350e-02 3.890047e-04
7.877181e-02 3.983524e-04
7.896240e-02 3.970515e-04
7.914992e-02 3.935766e-04
7.934015e-02 3.939626e-04
7.953644e-02 3.847949e-04
7.973967e-02 3.857031e-04
7.994230e-02 3.892406e-04
8.013847e-02 3.866043e-04
8.032592e-02 3.939788e-04
8.051247e-02 3.943105e-04
8.070404e-02 3.867721e-04
8.089957e-02 3.882200e-04
8.109888e-02 3.860003e-04
8.129879e-02 3.855648e-04
8.149672e-02 3.876464e-04
8.168984e-02 3.855328e-04
8.187745e-02 3.888308e-04
8.206480e-02 3.898772e-04
8.225577e-02 3.867998e-04
8.245171e-02 3.886610e-04
8.265258e-02 3.856739e-04
8.285304e-02 3.843577e-04
8.304980e-02 3.868422e-04
8.324048e-02 3.841003e-04
8.342599e-02 3.850462e-04
8.361372e-02 3.867160e-04
8.380590e-02 3.840051e-04
8.400361e-02 3.863421e-04
8.420940e-02 3.842021e-04
8.441076e-02 3.807874e-04
8.459854e-02 3.891721e-04
8.478013e-02 3.884337e-04
8.496236e-02 3.852975e-04
8.515053e-02 3.877667e-04
8.534667e-02 3.812105e-04
8.554707e-02 3.814414e-04
8.574473e-02 3.867154e-04
8.593567e-02 3.845388e-04
8.612199e-02 3.862459e-04
8.630954e-02 3.858542e-04
8.649854e-02 3.822863e-04
8.669013e-02 3.843042e-04
8.688670e-02 3.816470e-04
8.708432e-02 3.813127e-04
8.727941e-02 3.845665e-04
8.746991e-02 3.829980e-04
8.765541e-02 3.869348e-04
8.784022e-02 3.879500e-04
8.802950e-02 3.833762e-04
8.822365e-02 3.846334e-04
8.842265e-02 3.800885e-04
8.862065e-02 3.778452e-04
8.881082e-02 3.845581e-04
8.899617e-02 3.840935e-04
8.918020e-02 3.849779e-04
8.936535e-02 3.859612e-04
8.955912e-02 3.791210e-04
8.976003e-02 3.809583e-04
8.996022e-02 3.824110e-04
9.015404e-02 3.790797e-04
9.033868e-02 3.853012e-04
9.051701e-02 3.837233e-04
9.069736e-02 3.759357e-04
9.088708e-02 3.788254e-04
9.108273e-02 3.769128e-04
9.128141e-02 3.780618e-04
9.148032e-02 3.808750e-04
9.167179e-02 3.756849e-04
9.185092e-02 3.818168e-04
9.202941e-02 3.853610e-04
9.221792e-02 3.785905e-04
9.241199e-02 3.794615e-04
9.261090e-02 3.738633e-04
9.281009e-02 3.720069e-04
9.300028e-02 3.817645e-04
9.318313e-02 3.809109e-04
9.336466e-02 3.807478e-04
9.354891e-02 3.823192e-04
9.374181e-02 3.723639e-04
9.394113e-02 3.726032e-04
9.413757e-02 3.780288e-04
