-7.480992e-02 3.275509e-04
-7.467632e-02 3.173704e-04
-7.453781e-02 3.162417e-04
-7.440242e-02 3.182287e-04
-7.426349e-02 3.215065e-04
-7.411385e-02 3.139971e-04
-7.395782e-02 3.151196e-04
-7.380006e-02 3.141779e-04
-7.364219e-02 3.139023e-04
-7.348651e-02 3.167933e-04
-7.333521e-02 3.147892e-04
-7.318620e-02 3.130401e-04
-7.303524e-02 3.140069e-04
-7.287966e-02 3.090127e-04
-7.271782e-02 3.109575e-04
-7.255591e-02 3.174217e-04
-7.239868e-02 3.169552e-04
-7.224675e-02 3.233282e-04
-7.209788e-02 3.237865e-04
-7.194441e-02 3.173921e-04
-7.178630e-02 3.174490e-04
-7.162325e-02 3.093998e-04
-7.145888e-02 3.077192e-04
-7.129868e-02 3.111683e-04
-7.114340e-02 3.094647e-04
-7.099326e-02 3.121252e-04
-7.084193e-02 3.137972e-04
-7.068601e-02 3.107686e-04
-7.052358e-02 3.131536e-04
-7.035795e-02 3.144601e-04
-7.019767e-02 3.121463e-04
-7.004268e-02 3.145114e-04
-6.989030e-02 3.138074e-04
-6.973792e-02 3.130558e-04
-6.958203e-02 3.148892e-04
-6.942095e-02 3.101438e-04
-6.925573e-02 3.109279e-04
-6.909350e-02 3.181128e-04
-6.893778e-02 3.163683e-04
-6.878491e-02 3.162885e-04
-6.863182e-02 3.168279e-04
-6.847346e-02 3.107265e-04
-6.830998e-02 3.115968e-04
-6.814455e-02 3.095584e-04
-6.798321e-02 3.063642e-04
-6.783064e-02 3.121462e-04
-6.768084e-02 3.121500e-04
-6.752836e-02 3.077014e-04
-6.736804e-02 3.112217e-04
-6.720318e-02 3.134540e-04
-6.703915e-02 3.137639e-04
-6.687820e-02 3.209409e-04
-6.672449e-02 3.191847e-04
-6.657298e-02 3.167955e-04
-6.642055e-02 3.164956e-04
-6.626393e-02 3.086810e-04
-6.610041e-02 3.095854e-04
-6.593598e-02 3.105842e-04
-6.577542e-02 3.090336e-04
-6.561926e-02 3.132161e-04
-6.546586e-02 3.130678e-04
-6.531363e-02 3.134243e-04
-6.515663e-02 3.164147e-04
-6.499288e-02 3.134424e-04
-6.482782e-02 3.127298e-04
-6.466614e-02 3.164000e-04
-6.451152e-02 3.139166e-04
-6.436117e-02 3.141323e-04
-6.420931e-02 3.151192e-04
-6.405282e-02 3.113458e-04
-6.389023e-02 3.136531e-04
-6.372498e-02 3.144340e-04
-6.356291e-02 3.128010e-04
-6.340672e-02 3.180870e-04
-6.325456e-02 3.171360e-04
-6.310117e-02 3.123927e-04
-6.294481e-02 3.128827e-04
-6.278227e-02 3.051203e-04
-6.261601e-02 3.045670e-04
-6.245475e-02 3.101746e-04
-6.229961e-02 3.085081e-04
-6.214999e-02 3.130946e-04
-6.199788e-02 3.158141e-04
-6.184043e-02 3.144629e-04
-6.168004e-02 3.161720e-04
-6.151633e-02 3.154055e-04
-6.135590e-02 3.131640e-04
-6.119807e-02 3.124352e-04
-6.104305e-02 3.104797e-04
-6.089163e-02 3.098597e-04
-6.073731e-02 3.113741e-04
-6.057820e-02 3.075666e-04
-6.041496e-02 3.082461e-04
-6.025248e-02 3.114090e-04
-6.009421e-02 3.104443e-04
-5.993973e-02 3.140767e-04
-5.978812e-02 3.136743e-04
-5.963483e-02 3.109694e-04
-5.947706e-02 3.126929e-04
-5.931479e-02 3.088156e-04
-5.915299e-02 3.071429e-04
-5.899698e-02 3.121634e-04
-5.884269e-02 3.125088e-04
-5.869007e-02 3.162218e-04
-5.853745e-02 3.179879e-04
-5.837767e-02 3.121744e-04
-5.821508e-02 3.117713e-04
-5.805426e-02 3.124223e-04
-5.789708e-02 3.104761e-04
-5.774409e-02 3.120863e-04
-5.759285e-02 3.111975e-04
-5.743867e-02 3.038505e-04
-5.727781e-02 3.056249e-04
-5.711491e-02 3.071349e-04
-5.695257e-02 3.073399e-04
-5.679473e-02 3.165834e-04
-5.664198e-02 3.168649e-04
-5.649054e-02 3.186321e-04
-5.633785e-02 3.200097e-04
-5.617757e-02 3.111468e-04
-5.601332e-02 3.099144e-04
-5.585255e-02 3.123140e-04
-5.569794e-02 3.099050e-04
-5.554634e-02 3.093733e-04
-5.539422e-02 3.094830e-04
-5.523963e-02 3.044992e-04
-5.507819e-02 3.068249e-04
-5.491508e-02 3.104988e-04
-5.475309e-02 3.107213e-04
-5.459515e-02 3.180866e-04
-5.444366e-02 3.172963e-04
-5.429307e-02 3.165799e-04
-5.414221e-02 3.164826e-04
-5.398339e-02 3.041389e-04
-5.381853e-02 3.033174e-04
-5.365806e-02 3.071773e-04
-5.350040e-02 3.068745e-04
-5.334667e-02 3.125984e-04
-5.319503e-02 3.129880e-04
-5.304078e-02 3.097446e-04
-5.288301e-02 3.111159e-04
-5.272131e-02 3.095616e-04
-5.256063e-02 3.084000e-04
-5.240432e-02 3.112832e-04
-5.225218e-02 3.098162e-04
-5.210180e-02 3.086924e-04
-5.194791e-02 3.099726e-04
-5.178889e-02 3.049659e-04
-5.162678e-02 3.054233e-04
-5.146702e-02 3.106023e-04
-5.131214e-02 3.095584e-04
-5.116052e-02 3.132827e-04
-5.100891e-02 3.146162e-04
-5.085378e-02 3.112814e-04
-5.069537e-02 3.120578e-04
-5.053448e-02 3.100717e-04
-5.037518e-02 3.079772e-04
-5.022109e-02 3.108468e-04
-5.006947e-02 3.108197e-04
-4.991635e-02 3.094149e-04
-4.976032e-02 3.106506e-04
-4.960178e-02 3.087091e-04
-4.944207e-02 3.087105e-04
-4.928436e-02 3.120588e-04
-4.913003e-02 3.108147e-04
-4.897844e-02 3.119201e-04
-4.882666e-02 3.128584e-04
-4.867081e-02 3.087098e-04
-4.851180e-02 3.091136e-04
-4.835104e-02 3.085081e-04
-4.819209e-02 3.072131e-04
-4.803942e-02 3.129255e-04
-4.788851e-02 3.139244e-04
-4.773545e-02 3.130989e-04
-4.758037e-02 3.135882e-04
-4.742200e-02 3.094802e-04
-4.726268e-02 3.089951e-04
-4.710281e-02 3.079062e-04
-4.694597e-02 3.057054e-04
-4.679393e-02 3.064340e-04
-4.664211e-02 3.065644e-04
-4.649001e-02 3.064637e-04
-4.633321e-02 3.088357e-04
-4.617291e-02 3.096299e-04
-4.601427e-02 3.093470e-04
-4.585792e-02 3.123728e-04
-4.570545e-02 3.111398e-04
-4.555420e-02 3.109258e-04
-4.540209e-02 3.113587e-04
-4.524688e-02 3.061988e-04
-4.508819e-02 3.064303e-04
-4.492906e-02 3.063489e-04
-4.477131e-02 3.050727e-04
-4.461795e-02 3.088390e-04
-4.446722e-02 3.090329e-04
-4.431566e-02 3.081836e-04
-4.416073e-02 3.098962e-04
-4.399994e-02 3.060550e-04
-4.383929e-02 3.045890e-04
-4.368369e-02 3.077668e-04
-4.353052e-02 3.074487e-04
-4.337912e-02 3.095201e-04
-4.322583e-02 3.109837e-04
-4.306821e-02 3.078462e-04
-4.290820e-02 3.085648e-04
-4.274821e-02 3.117528e-04
-4.259157e-02 3.108979e-04
-4.243879e-02 3.138045e-04
-4.228792e-02 3.137096e-04
-4.213402e-02 3.083945e-04
-4.197616e-02 3.084414e-04
-4.181591e-02 3.046363e-04
-4.165602e-02 3.034721e-04
-4.150084e-02 3.080656e-04
-4.134874e-02 3.078787e-04
-4.119781e-02 3.104831e-04
-4.104442e-02 3.128923e-04
-4.088690e-02 3.115108e-04
-4.072720e-02 3.123221e-04
-4.056693e-02 3.136106e-04
-4.040913e-02 3.121618e-04
-4.025455e-02 3.135139e-04
-4.010274e-02 3.127702e-04
-3.994854e-02 3.078876e-04
-3.978949e-02 3.090345e-04
-3.962950e-02 3.094841e-04
-3.946978e-02 3.094868e-04
-3.931253e-02 3.136180e-04
-3.915663e-02 3.138674e-04
-3.900137e-02 3.156176e-04
-3.884774e-02 3.156982e-04
-3.869053e-02 3.099761e-04
-3.852996e-02 3.099233e-04
-3.836795e-02 3.085336e-04
-3.820613e-02 3.079236e-04
-3.804926e-02 3.132988e-04
-3.789411e-02 3.141951e-04
-3.773874e-02 3.163014e-04
-3.758052e-02 3.183302e-04
-3.741851e-02 3.176293e-04
-3.725555e-02 3.183758e-04
-3.709238e-02 3.213088e-04
-3.693351e-02 3.197864e-04
-3.677686e-02 3.180502e-04
-3.661917e-02 3.180537e-04
-3.645905e-02 3.140253e-04
-3.629408e-02 3.150605e-04
-3.612911e-02 3.179440e-04
-3.596551e-02 3.185821e-04
-3.580404e-02 3.238670e-04
-3.564535e-02 3.240999e-04
-3.548531e-02 3.237015e-04
-3.532200e-02 3.255183e-04
-3.515564e-02 3.242491e-04
-3.498847e-02 3.242728e-04
-3.482201e-02 3.255129e-04
-3.465694e-02 3.246809e-04
-3.449414e-02 3.261542e-04
-3.433161e-02 3.269625e-04
-3.416554e-02 3.245281e-04
-3.399529e-02 3.261639e-04
-3.382536e-02 3.300044e-04
-3.365630e-02 3.308610e-04
-3.348797e-02 3.344515e-04
-3.332081e-02 3.345836e-04
-3.315375e-02 3.351165e-04
-3.298514e-02 3.366970e-04
-3.281297e-02 3.351832e-04
-3.263814e-02 3.362355e-04
-3.246315e-02 3.401694e-04
-3.229054e-02 3.401669e-04
-3.212076e-02 3.436120e-04
-3.195183e-02 3.443522e-04
-3.177946e-02 3.406842e-04
-3.160584e-02 3.396547e-04
-3.143135e-02 3.353888e-04
-3.125872e-02 3.332030e-04
-3.108820e-02 3.318979e-04
-3.092161e-02 3.290689e-04
-3.075839e-02 3.255753e-04
-3.059325e-02 3.254686e-04
-3.042632e-02 3.221629e-04
-3.025778e-02 3.219390e-04
-3.009099e-02 3.242410e-04
-2.992692e-02 3.229899e-04
-2.976619e-02 3.250616e-04
-2.960742e-02 3.250693e-04
-2.944481e-02 3.199089e-04
-2.927991e-02 3.194244e-04
-2.911534e-02 3.174209e-04
-2.895144e-02 3.163034e-04
-2.879062e-02 3.183554e-04
-2.863091e-02 3.179939e-04
-2.847178e-02 3.179441e-04
-2.831076e-02 3.194843e-04
-2.814675e-02 3.187794e-04
-2.798228e-02 3.188037e-04
-2.781814e-02 3.206377e-04
-2.765631e-02 3.199174e-04
-2.749769e-02 3.220508e-04
-2.733894e-02 3.228955e-04
-2.717623e-02 3.186481e-04
-2.700867e-02 3.196037e-04
-2.684111e-02 3.223009e-04
-2.667456e-02 3.231037e-04
-2.650919e-02 3.285215e-04
-2.634507e-02 3.297222e-04
-2.618048e-02 3.310165e-04
-2.601367e-02 3.328176e-04
-2.584314e-02 3.316279e-04
-2.567075e-02 3.318657e-04
-2.549920e-02 3.339356e-04
-2.532885e-02 3.344075e-04
-2.516021e-02 3.385523e-04
-2.499022e-02 3.408612e-04
-2.481544e-02 3.405991e-04
-2.463763e-02 3.423344e-04
-2.445941e-02 3.451885e-04
-2.428372e-02 3.447010e-04
-2.411059e-02 3.476268e-04
-2.393750e-02 3.481855e-04
-2.376239e-02 3.463790e-04
-2.358574e-02 3.471220e-04
-2.340585e-02 3.450920e-04
-2.322445e-02 3.452733e-04
-2.304562e-02 3.487301e-04
-2.286811e-02 3.491752e-04
-2.269208e-02 3.528761e-04
-2.251483e-02 3.544599e-04
-2.233429e-02 3.533960e-04
-2.215143e-02 3.548868e-04
-2.196785e-02 3.578317e-04
-2.178503e-02 3.584433e-04
-2.160263e-02 3.622069e-04
-2.141937e-02 3.640857e-04
-2.123464e-02 3.654867e-04
-2.104466e-02 3.691502e-04
-2.085140e-02 3.738529e-04
-2.065247e-02 3.784253e-04
-2.045386e-02 3.916394e-04
-2.025465e-02 3.972678e-04
-2.005100e-02 4.070210e-04
-1.984616e-02 4.112591e-04
-1.963550e-02 4.117823e-04
-1.941727e-02 4.165264e-04
-1.919609e-02 4.247983e-04
-1.896499e-02 4.331329e-04
-1.873374e-02 4.560014e-04
-1.849407e-02 4.698708e-04
-1.824652e-02 4.952209e-04
-1.798919e-02 5.102260e-04
-1.771664e-02 5.285182e-04
-1.743548e-02 5.403073e-04
-1.714881e-02 5.618406e-04
-1.687123e-02 5.641216e-04
-1.658533e-02 5.565453e-04
-1.630830e-02 5.477429e-04
-1.602972e-02 5.208152e-04
-1.575937e-02 5.069172e-04
-1.549691e-02 4.832931e-04
-1.524217e-02 4.701463e-04
-1.500155e-02 4.552959e-04
-1.476738e-02 4.460707e-04
-1.454242e-02 4.358359e-04
-1.431635e-02 4.322289e-04
-1.409141e-02 4.241558e-04
-1.386824e-02 4.207682e-04
-1.364942e-02 4.186073e-04
-1.343329e-02 4.162157e-04
-1.321962e-02 4.152150e-04
-1.300810e-02 4.135616e-04
-1.279699e-02 4.080528e-04
-1.258441e-02 4.069520e-04
-1.237226e-02 4.046113e-04
-1.216127e-02 4.025141e-04
-1.195424e-02 4.032982e-04
-1.174975e-02 4.025990e-04
-1.154405e-02 4.001562e-04
-1.133568e-02 4.008886e-04
-1.112631e-02 3.997182e-04
-1.091529e-02 4.002874e-04
-1.070543e-02 4.038140e-04
-1.049686e-02 4.043072e-04
-1.028942e-02 4.075528e-04
-1.008034e-02 4.091471e-04
-9.868903e-03 4.096782e-04
-9.658265e-03 4.099465e-04
-9.444629e-03 4.072316e-04
-9.234889e-03 4.039195e-04
-9.029054e-03 3.996702e-04
-8.829517e-03 3.943533e-04
-8.632102e-03 3.831264e-04
-8.436098e-03 3.777226e-04
-8.241502e-03 3.651304e-04
-8.052814e-03 3.575615e-04
-7.869380e-03 3.453083e-04
-7.692058e-03 3.372250e-04
-7.521517e-03 3.272969e-04
-7.356682e-03 3.202865e-04
-7.195895e-03 3.063042e-04
-7.038537e-03 2.992086e-04
-6.885581e-03 2.868501e-04
-6.735909e-03 2.800467e-04
-6.592532e-03 2.717055e-04
-6.455066e-03 2.655364e-04
-6.322024e-03 2.567388e-04
-6.192606e-03 2.513864e-04
-6.066483e-03 2.410276e-04
-5.942720e-03 2.358796e-04
-5.822431e-03 2.273810e-04
-5.705968e-03 2.217218e-04
-5.594329e-03 2.140866e-04
-5.486818e-03 2.091609e-04
-5.382371e-03 2.005979e-04
-5.279103e-03 1.968016e-04
-5.178234e-03 1.909704e-04
-5.078753e-03 1.880345e-04
-4.982390e-03 1.843433e-04
-4.889085e-03 1.811763e-04
-4.798699e-03 1.772545e-04
-4.709892e-03 1.746575e-04
-4.622240e-03 1.693946e-04
-4.535436e-03 1.672268e-04
-4.449664e-03 1.635415e-04
-4.365442e-03 1.612825e-04
-4.284217e-03 1.593778e-04
-4.205066e-03 1.574441e-04
-4.127326e-03 1.544272e-04
-4.049901e-03 1.529442e-04
-3.972605e-03 1.490572e-04
-3.896292e-03 1.472744e-04
-3.821311e-03 1.445453e-04
-3.747748e-03 1.427111e-04
-3.675830e-03 1.408867e-04
-3.604819e-03 1.396835e-04
-3.534997e-03 1.377865e-04
-3.465201e-03 1.370876e-04
-3.395681e-03 1.356072e-04
-3.326523e-03 1.346736e-04
-3.258662e-03 1.342514e-04
-3.192641e-03 1.331803e-04
-3.126670e-03 1.307871e-04
-3.061081e-03 1.296939e-04
-2.996105e-03 1.271826e-04
-2.931400e-03 1.261154e-04
-2.867589e-03 1.246427e-04
-2.804576e-03 1.234650e-04
-2.742733e-03 1.221516e-04
-2.681575e-03 1.214357e-04
-2.620787e-03 1.200682e-04
-2.559717e-03 1.197443e-04
-2.498650e-03 1.192997e-04
-2.438408e-03 1.186447e-04
-2.379183e-03 1.180692e-04
-2.321048e-03 1.172070e-04
-2.263267e-03 1.154030e-04
-2.205287e-03 1.147177e-04
-2.147482e-03 1.131158e-04
-2.090175e-03 1.123964e-04
-2.033199e-03 1.113708e-04
-1.976583e-03 1.107854e-04
-1.921096e-03 1.106188e-04
-1.866212e-03 1.101960e-04
-1.811460e-03 1.092427e-04
-1.756551e-03 1.088462e-04
-1.701632e-03 1.077349e-04
-1.647399e-03 1.070711e-04
-1.593875e-03 1.064086e-04
-1.541018e-03 1.057699e-04
-1.488378e-03 1.047515e-04
-1.435753e-03 1.043739e-04
-1.383680e-03 1.038488e-04
-1.331833e-03 1.035244e-04
-1.280099e-03 1.028133e-04
-1.228526e-03 1.023219e-04
-1.177347e-03 1.016181e-04
-1.126961e-03 1.010281e-04
-1.077018e-03 1.001267e-04
-1.027150e-03 9.975623e-05
-9.771221e-04 9.883462e-05
-9.272369e-04 9.841636e-05
-8.779502e-04 9.787769e-05
-8.291103e-04 9.741521e-05
-7.807172e-04 9.687653e-05
-7.324574e-04 9.647146e-05
-6.843914e-04 9.567194e-05
-6.367223e-04 9.527716e-05
-5.890473e-04 9.452848e-05
-5.416461e-04 9.409364e-05
-4.948693e-04 9.356854e-05
-4.485460e-04 9.310675e-05
-4.024142e-04 9.214372e-05
-3.563660e-04 9.162247e-05
-3.106124e-04 9.066983e-05
-2.655620e-04 9.002969e-05
-2.209247e-04 8.894150e-05
-1.770949e-04 8.806506e-05
-1.334484e-04 8.626349e-05
-9.032876e-05 8.530584e-05
-4.803868e-05 8.366469e-05
-5.162649e-06 8.343903e-05
3.694991e-05 8.405161e-05
7.996169e-05 8.470889e-05
1.228087e-04 8.677678e-05
1.659528e-04 8.781532e-05
2.102433e-04 8.912719e-05
2.549062e-04 8.982480e-05
2.999080e-04 9.086171e-05
3.452381e-04 9.143243e-05
3.911056e-04 9.212038e-05
4.375612e-04 9.259481e-05
4.843314e-04 9.338570e-05
5.312686e-04 9.389661e-05
5.786571e-04 9.492154e-05
6.260562e-04 9.529800e-05
6.734865e-04 9.593363e-05
7.213392e-04 9.641640e-05
7.695191e-04 9.721094e-05
8.180679e-04 9.758554e-05
8.670577e-04 9.788880e-05
9.162540e-04 9.825443e-05
9.654955e-04 9.919250e-05
1.014828e-03 9.958525e-05
1.064791e-03 1.000028e-04
1.115238e-03 1.004444e-04
1.165762e-03 1.011653e-04
1.216885e-03 1.016461e-04
1.268313e-03 1.024724e-04
1.319698e-03 1.028832e-04
1.371141e-03 1.039272e-04
1.422862e-03 1.044708e-04
1.475458e-03 1.049201e-04
1.528726e-03 1.054865e-04
1.582049e-03 1.065698e-04
1.635507e-03 1.070407e-04
1.689129e-03 1.080755e-04
1.743123e-03 1.085237e-04
1.797392e-03 1.093060e-04
1.851893e-03 1.098746e-04
1.907460e-03 1.100962e-04
1.963706e-03 1.105856e-04
2.019975e-03 1.114886e-04
2.076303e-03 1.118486e-04
2.132491e-03 1.130811e-04
2.189502e-03 1.138632e-04
2.247009e-03 1.152025e-04
2.305158e-03 1.162243e-04
2.364028e-03 1.178597e-04
2.423176e-03 1.186166e-04
2.482944e-03 1.201398e-04
2.542635e-03 1.206437e-04
2.602466e-03 1.213569e-04
2.663214e-03 1.219979e-04
2.724735e-03 1.224871e-04
2.786997e-03 1.232726e-04
2.849884e-03 1.244091e-04
2.912966e-03 1.249353e-04
2.976138e-03 1.267222e-04
3.040237e-03 1.279250e-04
3.104796e-03 1.300198e-04
3.170229e-03 1.312986e-04
3.236813e-03 1.329265e-04
3.304567e-03 1.340310e-04
3.372854e-03 1.362051e-04
3.440554e-03 1.368196e-04
3.508938e-03 1.379089e-04
3.578830e-03 1.392079e-04
3.649507e-03 1.409830e-04
3.721637e-03 1.424948e-04
3.794886e-03 1.448242e-04
3.869124e-03 1.460555e-04
3.943432e-03 1.493486e-04
4.017946e-03 1.508571e-04
4.093701e-03 1.529759e-04
4.171213e-03 1.547929e-04
4.250903e-03 1.568031e-04
4.332294e-03 1.585537e-04
4.413996e-03 1.623036e-04
4.497031e-03 1.642280e-04
4.580496e-03 1.688408e-04
4.665483e-03 1.716379e-04
4.752922e-03 1.753170e-04
4.843374e-03 1.784492e-04
4.936564e-03 1.832750e-04
5.030633e-03 1.855496e-04
5.125183e-03 1.903750e-04
5.221994e-03 1.934718e-04
5.320886e-03 1.985995e-04
5.423537e-03 2.024245e-04
5.529303e-03 2.078440e-04
5.639683e-03 2.128363e-04
5.752906e-03 2.227979e-04
5.868101e-03 2.275868e-04
5.984917e-03 2.373500e-04
6.105175e-03 2.429346e-04
6.229603e-03 2.514846e-04
6.360344e-03 2.579975e-04
6.496795e-03 2.665445e-04
6.636112e-03 2.716898e-04
6.778025e-03 2.827079e-04
6.923456e-03 2.888047e-04
7.071815e-03 2.997926e-04
7.226376e-03 3.074772e-04
7.387103e-03 3.185252e-04
7.555327e-03 3.265502e-04
7.728567e-03 3.404423e-04
7.904075e-03 3.472489e-04
8.083154e-03 3.601816e-04
8.266170e-03 3.672064e-04
8.456250e-03 3.763646e-04
8.652558e-03 3.834199e-04
8.854970e-03 3.914040e-04
9.059183e-03 3.953611e-04
9.264355e-03 4.047522e-04
9.469979e-03 4.078431e-04
9.677296e-03 4.135875e-04
9.884559e-03 4.161795e-04
1.009804e-02 4.145977e-04
1.031258e-02 4.146738e-04
1.052640e-02 4.145014e-04
1.073618e-02 4.120052e-04
1.094379e-02 4.086972e-04
1.115185e-02 4.072282e-04
1.135909e-02 4.045508e-04
1.156717e-02 4.046384e-04
1.177727e-02 4.030291e-04
1.198881e-02 4.033222e-04
1.219669e-02 4.086882e-04
1.240176e-02 4.089268e-04
1.260631e-02 4.104617e-04
1.281447e-02 4.126187e-04
1.302615e-02 4.127417e-04
1.324098e-02 4.152309e-04
1.345713e-02 4.199367e-04
1.367147e-02 4.205484e-04
1.388607e-02 4.234111e-04
1.410130e-02 4.248325e-04
1.431641e-02 4.273711e-04
1.453688e-02 4.309060e-04
1.476143e-02 4.339299e-04
1.498833e-02 4.370176e-04
1.521560e-02 4.449729e-04
1.544819e-02 4.510295e-04
1.568230e-02 4.670664e-04
1.592818e-02 4.799414e-04
1.618124e-02 5.019482e-04
1.644755e-02 5.178301e-04
1.672468e-02 5.438677e-04
1.700620e-02 5.551059e-04
1.729623e-02 5.720916e-04
1.757310e-02 5.710844e-04
1.785777e-02 5.574260e-04
1.813675e-02 5.490766e-04
1.841678e-02 5.220002e-04
1.868856e-02 5.072911e-04
1.894697e-02 4.887532e-04
1.919299e-02 4.739960e-04
1.942902e-02 4.497744e-04
1.965912e-02 4.381347e-04
1.987956e-02 4.219331e-04
2.010174e-02 4.171341e-04
2.031895e-02 4.136423e-04
2.053193e-02 4.098564e-04
2.073972e-02 4.064244e-04
2.094169e-02 4.011473e-04
2.114106e-02 3.908699e-04
2.133914e-02 3.869376e-04
2.153728e-02 3.759293e-04
2.173498e-02 3.716947e-04
2.192714e-02 3.705551e-04
2.211455e-02 3.672939e-04
2.229743e-02 3.643832e-04
2.247944e-02 3.628163e-04
2.266166e-02 3.581091e-04
2.284679e-02 3.576654e-04
2.303275e-02 3.550716e-04
2.321534e-02 3.526018e-04
2.339525e-02 3.515233e-04
2.357401e-02 3.504435e-04
2.374990e-02 3.508892e-04
2.392712e-02 3.518540e-04
2.410728e-02 3.496448e-04
2.428985e-02 3.498196e-04
2.447053e-02 3.534764e-04
2.464651e-02 3.524553e-04
2.482210e-02 3.516104e-04
2.499663e-02 3.506694e-04
2.517222e-02 3.449370e-04
2.535075e-02 3.446343e-04
2.553015e-02 3.423359e-04
2.570888e-02 3.406394e-04
2.588375e-02 3.424014e-04
2.605484e-02 3.412405e-04
2.622460e-02 3.402428e-04
2.639568e-02 3.406793e-04
2.657051e-02 3.369346e-04
2.674512e-02 3.354577e-04
2.691642e-02 3.355895e-04
2.708512e-02 3.340714e-04
2.725146e-02 3.338000e-04
2.741695e-02 3.327481e-04
2.758307e-02 3.288042e-04
2.775144e-02 3.291858e-04
2.792163e-02 3.284691e-04
2.808983e-02 3.270291e-04
2.825433e-02 3.279631e-04
2.841646e-02 3.268769e-04
2.857813e-02 3.246347e-04
2.874186e-02 3.246230e-04
2.890810e-02 3.204377e-04
2.907527e-02 3.199303e-04
2.924084e-02 3.224006e-04
2.940423e-02 3.219919e-04
2.956456e-02 3.247417e-04
2.972540e-02 3.260373e-04
2.988814e-02 3.264636e-04
3.005445e-02 3.283128e-04
3.022329e-02 3.292424e-04
3.038937e-02 3.283728e-04
3.055361e-02 3.290393e-04
3.071561e-02 3.279417e-04
3.087774e-02 3.259057e-04
3.104229e-02 3.266250e-04
3.120940e-02 3.231252e-04
3.138101e-02 3.241221e-04
3.155126e-02 3.291783e-04
3.172008e-02 3.305866e-04
3.188673e-02 3.380951e-04
3.205206e-02 3.400081e-04
3.222116e-02 3.403188e-04
3.239701e-02 3.444875e-04
3.257666e-02 3.484350e-04
3.275352e-02 3.481769e-04
3.292884e-02 3.500275e-04
3.310334e-02 3.497267e-04
3.327771e-02 3.491248e-04
3.345276e-02 3.497949e-04
3.363178e-02 3.463621e-04
3.381279e-02 3.463284e-04
3.399232e-02 3.473749e-04
3.416881e-02 3.459196e-04
3.434245e-02 3.466211e-04
3.451296e-02 3.445171e-04
3.468319e-02 3.391269e-04
3.485548e-02 3.388801e-04
3.502927e-02 3.356902e-04
3.520400e-02 3.350959e-04
3.537680e-02 3.379146e-04
3.554605e-02 3.368036e-04
3.571163e-02 3.385574e-04
3.587768e-02 3.390101e-04
3.604795e-02 3.332569e-04
3.621900e-02 3.321169e-04
3.639029e-02 3.285591e-04
3.656027e-02 3.264870e-04
3.672580e-02 3.293699e-04
3.688819e-02 3.285218e-04
3.704991e-02 3.260394e-04
3.721587e-02 3.276942e-04
3.738523e-02 3.266032e-04
3.755506e-02 3.260460e-04
3.772232e-02 3.288034e-04
3.788530e-02 3.276746e-04
3.804702e-02 3.278725e-04
3.820813e-02 3.275688e-04
3.837152e-02 3.216621e-04
3.853772e-02 3.212212e-04
3.870403e-02 3.198065e-04
3.886985e-02 3.185672e-04
3.903144e-02 3.221965e-04
3.918983e-02 3.220248e-04
3.934886e-02 3.217190e-04
3.950950e-02 3.225754e-04
3.967299e-02 3.189728e-04
3.983828e-02 3.187628e-04
4.000233e-02 3.202763e-04
4.016339e-02 3.185977e-04
4.031997e-02 3.214125e-04
4.047596e-02 3.225128e-04
4.063673e-02 3.176261e-04
4.080033e-02 3.175524e-04
4.096511e-02 3.165586e-04
4.112934e-02 3.158753e-04
4.128868e-02 3.209313e-04
4.144410e-02 3.203969e-04
4.160038e-02 3.174803e-04
4.176023e-02 3.181385e-04
4.192236e-02 3.161664e-04
4.208568e-02 3.166022e-04
4.224915e-02 3.187739e-04
4.240879e-02 3.172648e-04
4.256378e-02 3.196426e-04
4.271824e-02 3.201847e-04
4.287605e-02 3.161054e-04
4.303805e-02 3.167277e-04
4.320260e-02 3.142426e-04
4.336591e-02 3.130310e-04
4.352609e-02 3.160490e-04
4.368270e-02 3.149940e-04
4.383643e-02 3.156800e-04
4.399372e-02 3.180666e-04
4.415601e-02 3.163380e-04
4.432068e-02 3.167088e-04
4.448452e-02 3.191406e-04
4.464391e-02 3.177837e-04
4.479955e-02 3.202647e-04
4.495331e-02 3.200416e-04
4.511130e-02 3.135881e-04
4.527355e-02 3.138186e-04
4.543661e-02 3.119117e-04
4.559893e-02 3.107815e-04
4.575735e-02 3.141496e-04
4.591440e-02 3.141074e-04
4.607036e-02 3.158116e-04
4.622837e-02 3.180916e-04
4.639085e-02 3.182013e-04
4.655440e-02 3.188908e-04
4.671881e-02 3.181641e-04
4.687796e-02 3.147450e-04
4.703115e-02 3.152197e-04
4.718577e-02 3.158279e-04
4.734283e-02 3.134602e-04
4.750345e-02 3.151723e-04
4.766800e-02 3.145711e-04
4.783335e-02 3.148398e-04
4.799550e-02 3.197097e-04
4.815253e-02 3.183814e-04
4.830603e-02 3.205693e-04
4.846114e-02 3.218812e-04
4.862208e-02 3.158041e-04
4.878536e-02 3.154579e-04
4.895021e-02 3.119002e-04
4.911299e-02 3.093693e-04
4.926972e-02 3.135606e-04
4.942485e-02 3.141100e-04
4.958010e-02 3.142534e-04
4.974158e-02 3.176099e-04
4.990779e-02 3.190480e-04
5.007171e-02 3.186212e-04
5.023339e-02 3.211677e-04
5.039021e-02 3.191817e-04
5.054522e-02 3.178850e-04
5.070115e-02 3.179619e-04
5.085939e-02 3.131249e-04
5.102217e-02 3.141156e-04
5.118761e-02 3.124296e-04
5.135249e-02 3.110575e-04
5.151117e-02 3.175867e-04
5.166525e-02 3.176090e-04
5.182072e-02 3.165718e-04
5.198084e-02 3.189883e-04
5.214626e-02 3.156454e-04
5.231260e-02 3.149952e-04
5.247486e-02 3.200085e-04
5.263149e-02 3.180024e-04
5.278598e-02 3.160015e-04
5.294321e-02 3.173563e-04
5.310331e-02 3.163508e-04
5.326687e-02 3.180657e-04
5.343525e-02 3.160083e-04
5.360126e-02 3.138593e-04
5.375866e-02 3.210586e-04
5.391086e-02 3.200963e-04
5.406431e-02 3.153357e-04
5.422327e-02 3.173578e-04
5.438766e-02 3.139445e-04
5.455344e-02 3.135511e-04
5.471575e-02 3.194363e-04
5.487271e-02 3.183507e-04
5.502560e-02 3.209358e-04
5.517935e-02 3.223848e-04
5.533845e-02 3.174683e-04
5.550254e-02 3.182575e-04
5.566917e-02 3.162330e-04
5.583427e-02 3.150096e-04
5.599555e-02 3.191387e-04
5.615238e-02 3.179488e-04
5.630745e-02 3.163733e-04
5.646583e-02 3.177986e-04
5.662801e-02 3.154073e-04
5.679460e-02 3.167553e-04
5.696180e-02 3.194959e-04
5.712310e-02 3.173772e-04
5.728073e-02 3.188186e-04
5.743609e-02 3.179791e-04
5.759181e-02 3.138649e-04
5.775332e-02 3.158727e-04
5.791799e-02 3.161867e-04
5.808358e-02 3.164134e-04
5.824533e-02 3.234338e-04
5.840103e-02 3.227706e-04
5.855554e-02 3.229132e-04
5.871153e-02 3.238516e-04
5.887334e-02 3.179715e-04
5.903875e-02 3.180116e-04
5.920403e-02 3.171241e-04
5.936657e-02 3.151539e-04
5.952433e-02 3.176344e-04
5.968004e-02 3.168549e-04
5.983720e-02 3.122563e-04
6.000031e-02 3.145863e-04
6.016717e-02 3.159758e-04
6.033457e-02 3.168056e-04
6.049717e-02 3.259080e-04
6.065249e-02 3.248113e-04
6.080627e-02 3.243442e-04
6.096295e-02 3.254814e-04
6.112530e-02 3.191955e-04
6.129023e-02 3.189133e-04
6.145578e-02 3.182789e-04
6.161944e-02 3.169210e-04
6.177760e-02 3.211184e-04
6.193253e-02 3.206901e-04
6.208720e-02 3.199420e-04
6.224666e-02 3.221114e-04
6.241119e-02 3.196815e-04
6.257749e-02 3.203008e-04
6.274210e-02 3.248332e-04
6.290040e-02 3.226943e-04
6.305534e-02 3.235801e-04
6.321113e-02 3.243989e-04
6.337225e-02 3.165387e-04
6.353885e-02 3.165549e-04
6.370599e-02 3.157087e-04
6.386930e-02 3.135309e-04
6.402630e-02 3.179632e-04
6.418029e-02 3.177574e-04
6.433656e-02 3.145782e-04
6.449844e-02 3.167985e-04
6.466462e-02 3.145990e-04
6.483316e-02 3.152296e-04
6.499892e-02 3.216209e-04
6.515875e-02 3.199218e-04
6.531336e-02 3.238905e-04
6.546725e-02 3.253273e-04
6.562871e-02 3.179381e-04
6.579658e-02 3.191283e-04
6.596465e-02 3.208686e-04
6.612827e-02 3.188112e-04
6.628795e-02 3.196581e-04
6.644425e-02 3.174987e-04
6.659992e-02 3.125540e-04
6.676037e-02 3.140652e-04
6.692442e-02 3.122661e-04
6.709158e-02 3.134742e-04
6.725784e-02 3.194854e-04
6.741932e-02 3.187797e-04
6.757598e-02 3.236322e-04
6.773040e-02 3.235969e-04
6.788862e-02 3.171866e-04
6.805233e-02 3.186144e-04
6.821980e-02 3.163511e-04
6.838743e-02 3.156427e-04
6.855043e-02 3.226110e-04
6.870691e-02 3.212111e-04
6.886118e-02 3.197867e-04
6.901807e-02 3.208450e-04
6.917958e-02 3.160661e-04
6.934752e-02 3.177772e-04
6.951569e-02 3.221860e-04
6.967782e-02 3.205886e-04
6.983661e-02 3.229451e-04
6.999241e-02 3.220005e-04
7.014804e-02 3.184387e-04
7.030858e-02 3.201026e-04
7.047518e-02 3.145892e-04
7.064494e-02 3.140603e-04
7.080927e-02 3.216478e-04
7.096598e-02 3.202479e-04
7.112040e-02 3.214197e-04
7.127661e-02 3.229209e-04
7.143763e-02 3.178649e-04
7.160387e-02 3.191814e-04
7.177094e-02 3.214661e-04
7.193418e-02 3.195612e-04
7.209151e-02 3.241192e-04
7.224464e-02 3.236792e-04
7.240044e-02 3.180392e-04
7.256195e-02 3.194302e-04
7.272794e-02 3.170239e-04
7.289466e-02 3.165952e-04
7.305709e-02 3.213314e-04
7.321416e-02 3.198126e-04
7.336967e-02 3.181925e-04
7.352754e-02 3.185920e-04
7.368901e-02 3.137215e-04
7.385590e-02 3.156414e-04
7.402493e-02 3.185818e-04
7.418945e-02 3.169440e-04
7.434740e-02 3.221530e-04
7.450178e-02 3.218844e-04
7.465693e-02 3.198361e-04
7.481904e-02 3.228310e-04
7.498702e-02 3.213702e-04
7.515375e-02 3.205256e-04
