-6.746894e-02 3.069410e-04
-6.730501e-02 2.712147e-04
-6.714205e-02 2.578055e-04
-6.699637e-02 2.495240e-04
-6.684995e-02 2.463040e-04
-6.674568e-02 3.075598e-04
-6.665863e-02 3.200093e-04
-6.652391e-02 2.753819e-04
-6.634584e-02 2.852424e-04
-6.614905e-02 2.814866e-04
-6.597254e-02 2.679807e-04
-6.584489e-02 3.116624e-04
-6.574861e-02 3.086425e-04
-6.564311e-02 2.849874e-04
-6.553106e-02 2.803758e-04
-6.539283e-02 2.241443e-04
-6.518249e-02 2.470492e-04
-6.497579e-02 3.189568e-04
-6.484347e-02 3.002257e-04
-6.475227e-02 3.147338e-04
-6.465955e-02 3.208653e-04
-6.453195e-02 2.793353e-04
-6.436392e-02 2.879676e-04
-6.416768e-02 2.651519e-04
-6.397545e-02 2.552623e-04
-6.382822e-02 3.025591e-04
-6.375609e-02 2.746437e-04
-6.368692e-02 2.022030e-04
-6.351813e-02 2.357356e-04
-6.332251e-02 2.841264e-04
-6.314482e-02 2.908523e-04
-6.296107e-02 2.994499e-04
-6.280800e-02 2.841814e-04
-6.269734e-02 3.122759e-04
-6.261449e-02 3.057579e-04
-6.251020e-02 2.540037e-04
-6.235028e-02 2.687707e-04
-6.216313e-02 2.621405e-04
-6.196851e-02 2.642590e-04
-6.178841e-02 2.945443e-04
-6.164585e-02 2.820326e-04
-6.154374e-02 3.146347e-04
-6.145571e-02 3.187605e-04
-6.132904e-02 2.660786e-04
-6.114945e-02 2.787734e-04
-6.094758e-02 2.769668e-04
-6.076762e-02 2.631891e-04
-6.063216e-02 2.988856e-04
-6.053198e-02 2.906405e-04
-6.044013e-02 2.816364e-04
-6.031593e-02 2.977681e-04
-6.014017e-02 2.568830e-04
-5.993768e-02 2.581355e-04
-5.975483e-02 2.963940e-04
-5.960979e-02 2.875097e-04
-5.950275e-02 3.243102e-04
-5.941254e-02 3.273774e-04
-5.929577e-02 2.913041e-04
-5.913598e-02 3.034286e-04
-5.894219e-02 2.805289e-04
-5.875181e-02 2.710194e-04
-5.859646e-02 3.028061e-04
-5.847193e-02 2.958140e-04
-5.836592e-02 3.071775e-04
-5.824983e-02 3.173131e-04
-5.809879e-02 2.873850e-04
-5.792122e-02 2.924775e-04
-5.774216e-02 3.040990e-04
-5.758627e-02 2.944075e-04
-5.745510e-02 3.085924e-04
-5.736383e-02 2.898126e-04
-5.728322e-02 2.554605e-04
-5.713350e-02 2.844629e-04
-5.692845e-02 2.748671e-04
-5.673264e-02 2.659891e-04
-5.656987e-02 2.943581e-04
-5.643612e-02 2.870336e-04
-5.632758e-02 3.089906e-04
-5.623458e-02 3.067650e-04
-5.611085e-02 2.491726e-04
-5.593446e-02 2.608290e-04
-5.574679e-02 2.743996e-04
-5.557568e-02 2.693766e-04
-5.543064e-02 2.987308e-04
-5.531519e-02 2.915977e-04
-5.521182e-02 2.918827e-04
-5.508693e-02 3.048743e-04
-5.493800e-02 3.009606e-04
-5.476407e-02 3.145243e-04
-5.456255e-02 3.063291e-04
-5.440322e-02 2.781038e-04
-5.430281e-02 3.001132e-04
-5.421237e-02 3.019295e-04
-5.409492e-02 2.596042e-04
-5.394598e-02 2.634024e-04
-5.376905e-02 2.269372e-04
-5.356543e-02 2.291718e-04
-5.339657e-02 2.936818e-04
-5.328353e-02 2.840535e-04
-5.319180e-02 2.927282e-04
-5.307106e-02 3.132380e-04
-5.288969e-02 2.694350e-04
-5.269211e-02 2.633333e-04
-5.252070e-02 2.898562e-04
-5.237218e-02 2.857187e-04
-5.224847e-02 3.154503e-04
-5.216146e-02 3.041970e-04
-5.207075e-02 2.668673e-04
-5.192302e-02 2.875529e-04
-5.172336e-02 2.604158e-04
-5.152637e-02 2.491596e-04
-5.137824e-02 2.975303e-04
-5.126116e-02 2.961580e-04
-5.114715e-02 2.974934e-04
-5.102570e-02 3.016758e-04
-5.088088e-02 2.742032e-04
-5.070898e-02 2.813489e-04
-5.053083e-02 2.907863e-04
-5.037190e-02 2.826787e-04
-5.024710e-02 3.168479e-04
-5.015594e-02 3.090204e-04
-5.005433e-02 2.699708e-04
-4.990540e-02 2.842231e-04
-4.974633e-02 3.068922e-04
-4.957971e-02 3.196009e-04
-4.938202e-02 3.032549e-04
-4.922076e-02 2.755341e-04
-4.912154e-02 3.041609e-04
-4.902823e-02 3.108061e-04
-4.890284e-02 2.733896e-04
-4.873940e-02 2.829125e-04
-4.856288e-02 2.874742e-04
-4.838821e-02 2.871690e-04
-4.823124e-02 3.159129e-04
-4.812247e-02 2.981548e-04
-4.804352e-02 2.984264e-04
-4.791903e-02 3.258038e-04
-4.771989e-02 2.777540e-04
-4.751769e-02 2.622484e-04
-4.734981e-02 2.762717e-04
-4.720325e-02 2.685672e-04
-4.709178e-02 3.054655e-04
-4.699054e-02 3.126549e-04
-4.686468e-02 2.917232e-04
-4.672055e-02 2.951163e-04
-4.654844e-02 2.598664e-04
-4.635951e-02 2.573639e-04
-4.620546e-02 3.067386e-04
-4.607345e-02 3.111702e-04
-4.593420e-02 3.113457e-04
-4.580938e-02 3.019442e-04
-4.568589e-02 2.779889e-04
-4.552680e-02 2.915331e-04
-4.534048e-02 2.838657e-04
-4.515945e-02 2.779322e-04
-4.501356e-02 3.198227e-04
-4.490653e-02 3.116616e-04
-4.480398e-02 2.964905e-04
-4.467617e-02 3.061494e-04
-4.451619e-02 2.795302e-04
-4.434337e-02 2.776258e-04
-4.417035e-02 2.720346e-04
-4.400426e-02 2.658654e-04
-4.387677e-02 3.153797e-04
-4.377789e-02 3.159590e-04
-4.366630e-02 2.940897e-04
-4.352433e-02 3.045690e-04
-4.335126e-02 2.814987e-04
-4.316476e-02 2.804799e-04
-4.299698e-02 3.090613e-04
-4.286868e-02 2.964450e-04
-4.276175e-02 2.969554e-04
-4.263877e-02 3.067498e-04
-4.248152e-02 2.769855e-04
-4.230249e-02 2.792832e-04
-4.212126e-02 2.819739e-04
-4.195465e-02 2.741811e-04
-4.182658e-02 3.165492e-04
-4.172290e-02 3.172193e-04
-4.160606e-02 2.971966e-04
-4.146506e-02 3.044388e-04
-4.129793e-02 2.831887e-04
-4.111379e-02 2.858330e-04
-4.093952e-02 3.074529e-04
-4.080281e-02 2.925476e-04
-4.068917e-02 2.898027e-04
-4.056999e-02 2.914088e-04
-4.043446e-02 2.685206e-04
-4.026717e-02 2.801027e-04
-4.007988e-02 2.790145e-04
-3.990968e-02 2.683902e-04
-3.977470e-02 2.974189e-04
-3.966611e-02 2.920901e-04
-3.956343e-02 2.871403e-04
-3.943277e-02 3.021155e-04
-3.925778e-02 2.700379e-04
-3.906616e-02 2.684247e-04
-3.889210e-02 2.930891e-04
-3.875108e-02 2.821902e-04
-3.863421e-02 2.943864e-04
-3.852464e-02 2.943206e-04
-3.839751e-02 2.625771e-04
-3.823354e-02 2.734063e-04
-3.805518e-02 2.793795e-04
-3.788809e-02 2.739373e-04
-3.774445e-02 2.980100e-04
-3.762770e-02 2.913099e-04
-3.752082e-02 2.891297e-04
-3.740296e-02 2.949215e-04
-3.724707e-02 2.478500e-04
-3.705101e-02 2.549289e-04
-3.687333e-02 3.050608e-04
-3.673670e-02 2.985664e-04
-3.661592e-02 3.068848e-04
-3.650317e-02 3.050763e-04
-3.638392e-02 2.892850e-04
-3.623938e-02 2.987368e-04
-3.606399e-02 2.756500e-04
-3.588218e-02 2.712573e-04
-3.572104e-02 2.914345e-04
-3.559831e-02 2.755141e-04
-3.549404e-02 2.622147e-04
-3.535600e-02 2.770196e-04
-3.520267e-02 2.925353e-04
-3.504453e-02 3.017452e-04
-3.486710e-02 2.952411e-04
-3.469967e-02 2.869021e-04
-3.455745e-02 3.056189e-04
-3.443426e-02 3.009656e-04
-3.431999e-02 3.028743e-04
-3.419745e-02 3.085214e-04
-3.405108e-02 2.846352e-04
-3.388904e-02 2.854067e-04
-3.370721e-02 2.546813e-04
-3.350639e-02 2.549593e-04
-3.334579e-02 3.250431e-04
-3.323136e-02 3.225421e-04
-3.311505e-02 3.101434e-04
-3.297907e-02 3.175527e-04
-3.281195e-02 2.858306e-04
-3.261933e-02 2.889430e-04
-3.243493e-02 3.115151e-04
-3.228192e-02 3.015880e-04
-3.215421e-02 3.160657e-04
-3.205057e-02 3.068711e-04
-3.193442e-02 2.606336e-04
-3.175579e-02 2.813804e-04
-3.155436e-02 3.010410e-04
-3.136571e-02 3.004870e-04
-3.119066e-02 3.215517e-04
-3.104211e-02 3.132878e-04
-3.091454e-02 3.252174e-04
-3.078805e-02 3.288678e-04
-3.064979e-02 3.218928e-04
-3.048380e-02 3.360339e-04
-3.028691e-02 3.211301e-04
-3.009329e-02 3.138077e-04
-2.991983e-02 3.272923e-04
-2.976324e-02 3.219519e-04
-2.963164e-02 3.490478e-04
-2.949898e-02 3.584809e-04
-2.932533e-02 3.161548e-04
-2.912484e-02 3.179632e-04
-2.892786e-02 3.287854e-04
-2.875243e-02 3.197778e-04
-2.860140e-02 3.353283e-04
-2.845842e-02 3.361242e-04
-2.831384e-02 3.356927e-04
-2.814272e-02 3.514380e-04
-2.793512e-02 3.345008e-04
-2.771054e-02 3.385563e-04
-2.749788e-02 3.695918e-04
-2.732127e-02 3.591990e-04
-2.717407e-02 3.822495e-04
-2.701812e-02 3.957585e-04
-2.683063e-02 3.777471e-04
-2.661098e-02 3.906851e-04
-2.637893e-02 4.058755e-04
-2.614290e-02 4.125407e-04
-2.591705e-02 4.480631e-04
-2.571978e-02 4.448507e-04
-2.553432e-02 4.555746e-04
-2.531209e-02 4.814785e-04
-2.504754e-02 4.830155e-04
-2.476185e-02 4.962302e-04
-2.446891e-02 5.208136e-04
-2.414501e-02 5.482314e-04
-2.384809e-02 6.689935e-04
-2.362072e-02 6.709062e-04
-2.336971e-02 6.369373e-04
-2.313223e-02 6.165631e-04
-2.282652e-02 4.497339e-04
-2.250461e-02 3.993271e-04
-2.226614e-02 3.949291e-04
-2.206110e-02 3.731781e-04
-2.189410e-02 3.765410e-04
-2.173834e-02 3.700270e-04
-2.158067e-02 3.486465e-04
-2.140066e-02 3.553606e-04
-2.119572e-02 3.325933e-04
-2.099492e-02 3.219009e-04
-2.082703e-02 3.469004e-04
-2.068102e-02 3.428087e-04
-2.054236e-02 3.436542e-04
-2.039622e-02 3.484403e-04
-2.023008e-02 3.285157e-04
-2.003032e-02 3.414684e-04
-1.981197e-02 3.465108e-04
-1.962817e-02 3.276413e-04
-1.948899e-02 3.522348e-04
-1.936056e-02 3.545587e-04
-1.921617e-02 3.317867e-04
-1.904376e-02 3.405198e-04
-1.885305e-02 3.340904e-04
-1.866046e-02 3.319715e-04
-1.847832e-02 3.436574e-04
-1.832826e-02 3.295482e-04
-1.821515e-02 3.518070e-04
-1.809198e-02 3.658683e-04
-1.791353e-02 3.130650e-04
-1.771866e-02 3.038426e-04
-1.753733e-02 3.007610e-04
-1.736990e-02 2.913246e-04
-1.722885e-02 3.089802e-04
-1.710263e-02 3.064760e-04
-1.697500e-02 2.972138e-04
-1.683394e-02 3.019185e-04
-1.666737e-02 2.745493e-04
-1.647937e-02 2.776392e-04
-1.631110e-02 3.170735e-04
-1.617027e-02 3.146700e-04
-1.602712e-02 3.040725e-04
-1.589517e-02 2.927660e-04
-1.576735e-02 2.682885e-04
-1.560733e-02 2.795737e-04
-1.542940e-02 2.811146e-04
-1.525620e-02 2.788369e-04
-1.510314e-02 3.059415e-04
-1.497306e-02 3.019478e-04
-1.484735e-02 2.981189e-04
-1.471806e-02 2.988800e-04
-1.458872e-02 3.009004e-04
-1.442728e-02 3.208548e-04
-1.422534e-02 3.089079e-04
-1.404702e-02 2.904436e-04
-1.390703e-02 3.052617e-04
-1.378563e-02 2.993734e-04
-1.366763e-02 2.864658e-04
-1.352660e-02 2.957261e-04
-1.336472e-02 2.864856e-04
-1.319107e-02 2.894293e-04
-1.302352e-02 3.079013e-04
-1.287928e-02 3.013617e-04
-1.276041e-02 3.253462e-04
-1.264529e-02 3.317474e-04
-1.249651e-02 2.935915e-04
-1.232873e-02 2.911999e-04
-1.215755e-02 2.789158e-04
-1.197688e-02 2.801620e-04
-1.181233e-02 3.103752e-04
-1.166788e-02 3.092430e-04
-1.153706e-02 3.287456e-04
-1.141086e-02 3.330236e-04
-1.126353e-02 3.121625e-04
-1.109340e-02 3.183429e-04
-1.090742e-02 3.065290e-04
-1.072086e-02 3.026406e-04
-1.055987e-02 3.347759e-04
-1.042977e-02 3.268521e-04
-1.030033e-02 3.057820e-04
-1.014656e-02 3.136797e-04
-9.976073e-03 3.078111e-04
-9.800293e-03 3.088648e-04
-9.629847e-03 3.206404e-04
-9.487457e-03 3.080839e-04
-9.355622e-03 2.908096e-04
-9.227858e-03 2.821376e-04
-9.104871e-03 2.660382e-04
-8.965113e-03 2.702744e-04
-8.806643e-03 2.509509e-04
-8.645735e-03 2.454379e-04
-8.509013e-03 2.724039e-04
-8.401684e-03 2.644273e-04
-8.303797e-03 2.560776e-04
-8.199589e-03 2.568926e-04
-8.087022e-03 2.451157e-04
-7.959086e-03 2.494618e-04
-7.813412e-03 2.320428e-04
-7.681011e-03 2.184750e-04
-7.576329e-03 2.268897e-04
-7.489465e-03 2.192526e-04
-7.403682e-03 1.998829e-04
-7.296833e-03 2.055119e-04
-7.175386e-03 1.968796e-04
-7.052890e-03 1.943928e-04
-6.940836e-03 2.048336e-04
-6.845228e-03 1.987493e-04
-6.762972e-03 2.040516e-04
-6.682698e-03 2.047779e-04
-6.590267e-03 1.880067e-04
-6.481134e-03 1.920086e-04
-6.365702e-03 1.911001e-04
-6.257049e-03 1.866838e-04
-6.161339e-03 1.961350e-04
-6.082403e-03 1.889366e-04
-6.010043e-03 1.798504e-04
-5.923137e-03 1.858256e-04
-5.821732e-03 1.783181e-04
-5.719198e-03 1.762858e-04
-5.621589e-03 1.788301e-04
-5.528881e-03 1.768124e-04
-5.447565e-03 1.901307e-04
-5.378281e-03 1.877293e-04
-5.303266e-03 1.715625e-04
-5.216404e-03 1.728253e-04
-5.122596e-03 1.647959e-04
-5.023002e-03 1.653644e-04
-4.930973e-03 1.808818e-04
-4.855732e-03 1.763709e-04
-4.787768e-03 1.746963e-04
-4.717602e-03 1.754237e-04
-4.637488e-03 1.607343e-04
-4.546426e-03 1.616049e-04
-4.452747e-03 1.597359e-04
-4.365298e-03 1.557575e-04
-4.286927e-03 1.598001e-04
-4.221604e-03 1.534427e-04
-4.160677e-03 1.431212e-04
-4.086166e-03 1.475333e-04
-4.003203e-03 1.457306e-04
-3.917737e-03 1.465792e-04
-3.832867e-03 1.499189e-04
-3.757834e-03 1.452316e-04
-3.691895e-03 1.473386e-04
-3.626842e-03 1.475687e-04
-3.556528e-03 1.405237e-04
-3.478910e-03 1.423805e-04
-3.396269e-03 1.380234e-04
-3.314659e-03 1.358362e-04
-3.240367e-03 1.420415e-04
-3.172410e-03 1.400733e-04
-3.110136e-03 1.440491e-04
-3.051068e-03 1.439490e-04
-2.984686e-03 1.315302e-04
-2.909488e-03 1.323295e-04
-2.832531e-03 1.316246e-04
-2.761503e-03 1.278186e-04
-2.699567e-03 1.323639e-04
-2.642301e-03 1.312067e-04
-2.586112e-03 1.297872e-04
-2.526477e-03 1.313392e-04
-2.460368e-03 1.248948e-04
-2.389660e-03 1.253251e-04
-2.318881e-03 1.264017e-04
-2.253746e-03 1.234096e-04
-2.195513e-03 1.275571e-04
-2.141746e-03 1.263474e-04
-2.087105e-03 1.205750e-04
-2.028192e-03 1.210798e-04
-1.964059e-03 1.137165e-04
-1.895963e-03 1.131377e-04
-1.831310e-03 1.173320e-04
-1.775597e-03 1.137880e-04
-1.726561e-03 1.150515e-04
-1.677217e-03 1.156916e-04
-1.623371e-03 1.099907e-04
-1.563752e-03 1.113912e-04
-1.501245e-03 1.104782e-04
-1.441873e-03 1.082708e-04
-1.388261e-03 1.117145e-04
-1.338156e-03 1.108568e-04
-1.288593e-03 1.093815e-04
-1.238589e-03 1.091132e-04
-1.184625e-03 1.025500e-04
-1.128166e-03 1.016849e-04
-1.074045e-03 1.023925e-04
-1.023360e-03 1.005730e-04
-9.761958e-04 1.014210e-04
-9.308113e-04 1.003879e-04
-8.841226e-04 9.533213e-05
-8.351877e-04 9.513265e-05
-7.847884e-04 9.214928e-05
-7.349798e-04 9.071890e-05
-6.875264e-04 9.066497e-05
-6.422603e-04 8.933536e-05
-5.998217e-04 9.034459e-05
-5.584008e-04 9.009925e-05
-5.153542e-04 8.672104e-05
-4.718018e-04 8.580498e-05
-4.283631e-04 8.345526e-05
-3.858990e-04 8.202349e-05
-3.450164e-04 8.129218e-05
-3.050330e-04 8.048476e-05
-2.658409e-04 7.894466e-05
-2.268357e-04 7.827886e-05
-1.877167e-04 7.623385e-05
-1.489713e-04 7.507011e-05
-1.112551e-04 7.357001e-05
-7.452634e-05 7.265033e-05
-3.871881e-05 7.160017e-05
-2.275451e-06 7.161312e-05
3.387436e-05 7.210580e-05
7.053469e-05 7.260052e-05
1.069699e-04 7.432255e-05
1.437463e-04 7.514835e-05
1.813999e-04 7.598050e-05
2.202544e-04 7.700027e-05
2.600417e-04 7.827749e-05
3.010184e-04 7.945089e-05
3.423316e-04 8.277337e-05
3.823036e-04 8.316560e-05
4.225922e-04 8.310516e-05
4.655461e-04 8.445630e-05
5.097044e-04 8.619286e-05
5.551749e-04 8.783263e-05
6.014496e-04 9.104172e-05
6.465790e-04 9.151371e-05
6.906909e-04 9.451091e-05
7.339905e-04 9.510593e-05
7.780606e-04 9.547577e-05
8.256324e-04 9.770709e-05
8.771899e-04 9.727369e-05
9.293564e-04 9.748223e-05
9.809626e-04 9.899046e-05
1.029860e-03 9.791164e-05
1.075513e-03 1.010861e-04
1.122418e-03 1.029765e-04
1.172191e-03 1.026820e-04
1.226562e-03 1.053512e-04
1.284072e-03 1.075095e-04
1.340711e-03 1.074614e-04
1.396194e-03 1.092668e-04
1.447096e-03 1.074637e-04
1.494441e-03 1.083709e-04
1.546237e-03 1.113641e-04
1.604533e-03 1.088658e-04
1.665612e-03 1.096311e-04
1.726177e-03 1.126052e-04
1.783928e-03 1.119928e-04
1.838062e-03 1.162998e-04
1.889668e-03 1.163395e-04
1.943321e-03 1.130514e-04
2.005335e-03 1.168738e-04
2.072171e-03 1.203561e-04
2.139401e-03 1.218699e-04
2.203563e-03 1.303024e-04
2.260415e-03 1.289188e-04
2.315442e-03 1.281331e-04
2.373266e-03 1.291943e-04
2.435093e-03 1.254292e-04
2.504893e-03 1.292030e-04
2.580101e-03 1.306804e-04
2.652799e-03 1.297094e-04
2.717021e-03 1.410895e-04
2.771724e-03 1.394935e-04
2.828408e-03 1.317828e-04
2.893456e-03 1.340114e-04
2.965417e-03 1.287104e-04
3.044295e-03 1.309410e-04
3.127305e-03 1.312044e-04
3.202202e-03 1.264470e-04
3.259852e-03 1.411050e-04
3.317460e-03 1.463438e-04
3.387742e-03 1.396348e-04
3.468371e-03 1.430544e-04
3.552184e-03 1.472758e-04
3.630718e-03 1.460114e-04
3.706136e-03 1.476814e-04
3.775643e-03 1.447432e-04
3.836720e-03 1.505970e-04
3.901239e-03 1.547718e-04
3.980745e-03 1.414597e-04
4.070099e-03 1.425552e-04
4.154335e-03 1.540875e-04
4.233010e-03 1.549182e-04
4.311660e-03 1.572624e-04
4.385616e-03 1.552959e-04
4.452365e-03 1.630918e-04
4.520794e-03 1.668878e-04
4.600678e-03 1.570574e-04
4.692303e-03 1.606122e-04
4.786476e-03 1.662274e-04
4.876352e-03 1.651902e-04
4.956712e-03 1.781694e-04
5.025135e-03 1.761452e-04
5.092751e-03 1.718748e-04
5.170499e-03 1.764041e-04
5.262185e-03 1.658176e-04
5.364024e-03 1.680795e-04
5.463126e-03 1.788895e-04
5.546097e-03 1.731263e-04
5.624074e-03 1.654464e-04
5.706734e-03 1.654805e-04
5.786862e-03 1.697798e-04
5.878027e-03 1.779440e-04
5.984283e-03 1.767987e-04
6.091394e-03 1.769446e-04
6.189583e-03 1.909143e-04
6.272944e-03 1.865011e-04
6.348780e-03 1.867249e-04
6.435475e-03 1.938345e-04
6.537201e-03 1.885817e-04
6.650733e-03 1.937589e-04
6.770228e-03 1.982066e-04
6.877553e-03 1.925212e-04
6.961377e-03 2.157823e-04
7.035152e-03 2.181562e-04
7.121071e-03 2.045724e-04
7.230263e-03 2.136131e-04
7.354104e-03 2.143470e-04
7.482326e-03 2.172359e-04
7.602704e-03 2.401066e-04
7.704450e-03 2.371391e-04
7.797281e-03 2.420894e-04
7.892730e-03 2.454468e-04
8.004482e-03 2.274002e-04
8.139293e-03 2.341478e-04
8.281363e-03 2.408580e-04
8.422086e-03 2.430816e-04
8.547958e-03 2.738993e-04
8.655753e-03 2.741913e-04
8.762529e-03 2.766934e-04
8.878089e-03 2.828591e-04
9.019011e-03 2.578413e-04
9.183094e-03 2.626890e-04
9.341612e-03 2.853626e-04
9.488676e-03 2.866834e-04
9.626447e-03 3.057703e-04
9.752359e-03 3.055534e-04
9.880123e-03 3.042365e-04
1.003021e-02 3.171681e-04
1.020484e-02 3.097358e-04
1.039352e-02 3.155432e-04
1.057221e-02 3.484816e-04
1.071884e-02 3.400894e-04
1.085604e-02 3.323791e-04
1.099475e-02 3.314622e-04
1.115430e-02 2.943246e-04
1.133792e-02 2.953478e-04
1.151946e-02 3.016581e-04
1.168398e-02 2.937463e-04
1.182879e-02 3.045602e-04
1.196459e-02 3.030664e-04
1.209441e-02 3.088527e-04
1.224074e-02 3.208345e-04
1.241691e-02 3.045174e-04
1.259492e-02 2.997350e-04
1.276025e-02 3.098531e-04
1.291162e-02 3.051176e-04
1.304381e-02 3.217955e-04
1.316956e-02 3.230680e-04
1.331432e-02 2.947521e-04
1.348131e-02 2.987602e-04
1.365218e-02 3.034139e-04
1.381262e-02 2.988463e-04
1.395883e-02 3.098335e-04
1.409331e-02 3.067778e-04
1.421769e-02 3.150952e-04
1.434781e-02 3.215403e-04
1.450665e-02 2.917262e-04
1.468841e-02 2.947034e-04
1.486564e-02 3.104869e-04
1.502377e-02 3.047383e-04
1.516499e-02 3.193595e-04
1.529400e-02 3.172360e-04
1.542755e-02 3.013887e-04
1.557624e-02 3.048295e-04
1.573910e-02 2.905848e-04
1.591655e-02 2.934125e-04
1.608855e-02 3.104782e-04
1.623629e-02 3.028646e-04
1.636751e-02 3.091807e-04
1.649481e-02 3.091077e-04
1.663051e-02 2.949557e-04
1.679296e-02 3.058725e-04
1.697204e-02 3.085114e-04
1.715165e-02 3.097807e-04
1.731561e-02 3.392943e-04
1.744434e-02 3.288467e-04
1.756438e-02 3.143192e-04
1.770487e-02 3.213239e-04
1.786763e-02 3.060310e-04
1.804624e-02 3.100903e-04
1.823341e-02 3.046096e-04
1.841196e-02 2.974418e-04
1.856528e-02 3.198850e-04
1.870487e-02 3.188256e-04
1.884378e-02 3.168785e-04
1.900749e-02 3.319201e-04
1.920117e-02 3.238339e-04
1.939910e-02 3.234565e-04
1.957992e-02 3.508127e-04
1.973803e-02 3.470792e-04
1.987974e-02 3.639626e-04
2.001299e-02 3.649886e-04
2.016529e-02 3.362050e-04
2.035887e-02 3.505480e-04
2.057720e-02 3.517484e-04
2.077419e-02 3.394126e-04
2.093777e-02 3.583386e-04
2.108346e-02 3.543342e-04
2.122674e-02 3.472235e-04
2.138969e-02 3.555692e-04
2.158019e-02 3.327605e-04
2.178956e-02 3.367957e-04
2.200131e-02 3.440229e-04
2.218921e-02 3.323429e-04
2.233417e-02 3.712545e-04
2.248098e-02 3.864032e-04
2.265781e-02 3.785461e-04
2.289011e-02 4.089428e-04
2.314853e-02 4.498115e-04
2.349035e-02 5.145240e-04
2.381947e-02 7.149284e-04
2.405370e-02 7.304003e-04
2.434345e-02 6.863642e-04
2.462732e-02 6.667399e-04
2.493905e-02 5.601996e-04
2.526763e-02 5.321114e-04
2.555756e-02 5.188339e-04
2.583039e-02 5.023760e-04
2.607403e-02 5.055039e-04
2.628402e-02 4.878480e-04
2.648395e-02 4.556222e-04
2.670606e-02 4.572780e-04
2.695489e-02 4.175091e-04
2.720532e-02 4.041205e-04
2.742904e-02 4.113574e-04
2.763216e-02 4.016202e-04
2.781809e-02 4.031669e-04
2.798023e-02 3.894759e-04
2.814124e-02 3.534093e-04
2.834030e-02 3.631847e-04
2.856358e-02 3.525895e-04
2.877593e-02 3.422863e-04
2.895824e-02 3.611693e-04
2.911538e-02 3.518542e-04
2.926199e-02 3.434547e-04
2.942381e-02 3.505254e-04
2.960862e-02 3.319586e-04
2.980255e-02 3.307296e-04
3.002400e-02 2.816590e-04
3.023147e-02 2.555804e-04
3.035036e-02 3.303738e-04
3.046026e-02 3.519815e-04
3.061177e-02 3.427915e-04
3.077845e-02 3.485630e-04
3.096591e-02 3.300558e-04
3.116454e-02 3.300704e-04
3.135944e-02 3.388023e-04
3.151818e-02 3.202013e-04
3.164546e-02 3.185830e-04
3.178533e-02 3.255905e-04
3.195468e-02 2.955590e-04
3.213564e-02 2.909466e-04
3.230156e-02 3.034320e-04
3.247207e-02 3.114495e-04
3.263971e-02 3.384147e-04
3.277953e-02 3.314781e-04
3.291106e-02 3.260327e-04
3.304709e-02 3.267709e-04
3.320684e-02 2.894561e-04
3.339855e-02 2.951380e-04
3.358916e-02 3.127013e-04
3.374935e-02 3.008113e-04
3.388976e-02 3.006823e-04
3.401751e-02 2.930464e-04
3.413548e-02 2.903901e-04
3.428902e-02 3.108300e-04
3.447997e-02 3.028030e-04
3.466549e-02 2.966399e-04
3.482936e-02 3.158368e-04
3.496584e-02 3.054186e-04
3.508645e-02 3.028763e-04
3.521411e-02 3.070574e-04
3.535919e-02 2.897580e-04
3.553038e-02 2.991685e-04
3.571378e-02 3.049915e-04
3.588106e-02 2.974342e-04
3.602637e-02 3.129538e-04
3.615173e-02 3.065990e-04
3.627062e-02 2.997205e-04
3.640287e-02 3.052404e-04
3.656189e-02 2.781066e-04
3.674463e-02 2.826539e-04
3.692585e-02 2.955961e-04
3.708443e-02 2.865833e-04
3.721838e-02 3.028868e-04
3.733592e-02 2.980926e-04
3.745338e-02 2.847663e-04
3.759728e-02 2.966542e-04
3.777017e-02 2.814813e-04
3.794876e-02 2.794203e-04
3.811064e-02 3.014447e-04
3.824583e-02 2.934043e-04
3.836473e-02 2.981717e-04
3.848644e-02 3.015701e-04
3.863319e-02 2.693945e-04
3.881345e-02 2.778533e-04
3.899803e-02 2.941203e-04
3.915815e-02 2.853431e-04
3.929432e-02 3.031639e-04
3.941416e-02 2.997277e-04
3.953033e-02 2.941633e-04
3.967133e-02 3.071539e-04
3.984370e-02 2.906066e-04
4.002259e-02 2.877537e-04
4.019727e-02 2.870731e-04
4.035686e-02 2.785357e-04
4.048134e-02 3.131653e-04
4.059227e-02 3.175453e-04
4.072326e-02 2.963780e-04
4.088049e-02 3.044601e-04
4.106308e-02 2.847587e-04
4.125995e-02 2.862031e-04
4.142694e-02 3.398061e-04
4.153531e-02 3.240304e-04
4.163077e-02 3.017402e-04
4.176361e-02 3.160874e-04
4.193301e-02 2.973154e-04
4.211775e-02 2.998337e-04
4.230465e-02 3.008066e-04
4.247230e-02 2.887388e-04
4.260108e-02 3.200773e-04
4.271022e-02 3.204026e-04
4.283591e-02 2.938168e-04
4.300021e-02 3.073466e-04
4.319000e-02 3.025079e-04
4.336526e-02 2.920561e-04
4.352053e-02 2.962842e-04
4.365270e-02 2.839730e-04
4.376090e-02 2.896650e-04
4.388569e-02 3.016634e-04
4.404568e-02 2.764761e-04
4.423146e-02 2.828378e-04
4.442177e-02 2.950812e-04
4.458351e-02 2.823794e-04
4.470639e-02 3.099133e-04
4.484243e-02 3.277457e-04
4.498687e-02 3.632871e-04
4.510098e-02 3.568892e-04
4.525370e-02 2.746382e-04
4.545457e-02 2.748467e-04
4.563163e-02 3.149487e-04
4.576746e-02 3.047166e-04
4.587876e-02 3.170772e-04
4.599031e-02 3.216852e-04
4.612655e-02 2.934737e-04
4.629608e-02 3.032442e-04
4.648971e-02 2.903250e-04
4.669926e-02 2.952013e-04
4.685847e-02 3.922734e-04
4.692059e-02 3.691337e-04
4.699925e-02 2.796910e-04
4.714195e-02 2.858122e-04
4.730839e-02 2.609027e-04
4.750592e-02 2.707264e-04
4.769162e-02 3.179504e-04
4.783013e-02 3.056471e-04
4.794129e-02 3.169418e-04
4.804725e-02 3.187651e-04
4.817406e-02 2.891975e-04
4.835756e-02 3.124846e-04
4.856332e-02 3.400508e-04
4.871469e-02 3.174164e-04
4.883679e-02 3.032915e-04
4.895683e-02 2.969555e-04
4.907182e-02 2.877693e-04
4.919787e-02 2.910829e-04
4.934865e-02 2.610899e-04
4.953231e-02 2.701269e-04
4.972342e-02 2.806164e-04
4.988682e-02 2.676650e-04
5.001535e-02 2.902076e-04
5.013260e-02 2.907479e-04
5.024280e-02 3.037427e-04
5.035535e-02 3.106619e-04
5.050604e-02 2.665340e-04
5.069570e-02 2.739606e-04
5.087991e-02 3.035956e-04
5.103158e-02 2.947947e-04
5.115242e-02 3.215866e-04
5.125565e-02 3.207058e-04
5.137461e-02 2.921361e-04
5.153365e-02 3.058278e-04
5.172063e-02 2.973736e-04
5.190057e-02 2.901089e-04
5.205576e-02 3.134789e-04
5.217099e-02 2.978157e-04
5.226543e-02 2.868193e-04
5.237863e-02 2.941881e-04
5.252278e-02 2.626944e-04
5.270202e-02 2.717242e-04
5.289364e-02 2.764189e-04
5.307022e-02 2.697888e-04
5.321612e-02 3.023671e-04
5.332582e-02 2.924367e-04
5.342542e-02 2.816730e-04
5.355110e-02 2.934114e-04
5.369898e-02 2.890870e-04
5.385505e-02 2.924333e-04
5.402926e-02 2.715992e-04
5.419412e-02 2.584803e-04
5.430545e-02 3.109834e-04
5.439682e-02 3.179728e-04
5.452476e-02 2.787106e-04
5.468574e-02 2.844098e-04
5.486913e-02 2.604536e-04
5.506119e-02 2.562907e-04
5.522283e-02 2.957394e-04
5.534664e-02 2.879534e-04
5.545047e-02 2.995512e-04
5.554923e-02 3.007023e-04
5.566327e-02 2.785353e-04
5.582739e-02 3.005434e-04
5.603418e-02 2.906946e-04
5.622532e-02 2.777613e-04
5.636867e-02 3.212477e-04
5.648013e-02 3.178320e-04
5.658681e-02 3.162987e-04
5.670736e-02 3.240569e-04
5.686575e-02 2.847772e-04
5.705857e-02 2.913724e-04
5.727186e-02 2.729866e-04
5.744172e-02 2.401729e-04
5.752000e-02 3.026944e-04
5.759793e-02 3.241291e-04
5.773361e-02 2.868586e-04
5.791123e-02 2.994631e-04
5.811120e-02 2.973019e-04
5.830576e-02 2.932862e-04
5.846300e-02 3.441192e-04
5.857069e-02 3.327784e-04
5.866886e-02 3.171548e-04
5.878459e-02 3.220324e-04
5.896264e-02 2.320739e-04
5.917389e-02 2.195006e-04
5.933205e-02 2.728108e-04
5.947627e-02 2.837012e-04
5.960804e-02 3.372625e-04
5.970085e-02 3.330368e-04
5.980758e-02 2.956432e-04
5.996072e-02 3.102310e-04
6.014886e-02 2.920479e-04
6.034260e-02 2.880379e-04
6.051658e-02 3.101033e-04
6.065553e-02 2.978261e-04
6.078212e-02 2.843348e-04
6.089348e-02 2.703394e-04
6.098622e-02 2.624611e-04
6.114295e-02 2.979530e-04
6.135972e-02 2.966220e-04
6.154360e-02 2.764379e-04
6.168536e-02 2.904377e-04
6.180242e-02 2.806908e-04
6.189585e-02 2.952890e-04
6.201081e-02 3.134150e-04
6.216990e-02 2.877548e-04
6.235721e-02 2.955696e-04
6.258313e-02 2.524439e-04
6.278736e-02 2.231798e-04
6.289399e-02 3.050011e-04
6.296777e-02 3.154112e-04
6.307618e-02 2.867663e-04
6.322496e-02 3.006165e-04
6.341124e-02 2.767370e-04
6.361107e-02 2.762275e-04
6.378329e-02 3.206289e-04
6.391205e-02 3.106144e-04
6.401418e-02 3.270702e-04
6.411891e-02 3.345677e-04
6.427504e-02 2.700237e-04
6.446799e-02 2.687899e-04
6.464311e-02 2.971945e-04
6.480425e-02 2.991096e-04
6.495080e-02 3.266513e-04
6.505486e-02 3.108998e-04
6.514889e-02 2.838981e-04
6.528601e-02 2.993688e-04
6.546760e-02 2.682109e-04
6.567319e-02 2.721605e-04
6.585850e-02 3.168046e-04
6.599524e-02 3.038220e-04
6.611053e-02 3.034675e-04
6.621008e-02 2.939166e-04
6.631144e-02 2.644473e-04
6.647398e-02 2.904634e-04
6.668477e-02 2.824715e-04
6.687282e-02 2.659688e-04
6.701222e-02 3.010010e-04
6.711113e-02 2.893898e-04
6.720141e-02 2.737289e-04
6.733701e-02 2.952937e-04
6.751493e-02 2.823281e-04
6.770810e-02 2.860113e-04
6.790689e-02 2.872257e-04
