-7.427661e-02 3.253857e-04
-7.414347e-02 3.197141e-04
-7.400617e-02 3.197485e-04
-7.386631e-02 3.155096e-04
-7.372157e-02 3.173480e-04
-7.357014e-02 3.125127e-04
-7.341302e-02 3.141794e-04
-7.325406e-02 3.145573e-04
-7.309732e-02 3.133624e-04
-7.294439e-02 3.164219e-04
-7.279318e-02 3.160677e-04
-7.264180e-02 3.147979e-04
-7.248902e-02 3.156208e-04
-7.233249e-02 3.116821e-04
-7.217206e-02 3.125941e-04
-7.201083e-02 3.149715e-04
-7.185396e-02 3.132108e-04
-7.170133e-02 3.141874e-04
-7.155111e-02 3.130860e-04
-7.140139e-02 3.108731e-04
-7.124434e-02 3.140564e-04
-7.108147e-02 3.131906e-04
-7.091906e-02 3.130203e-04
-7.075842e-02 3.166667e-04
-7.060216e-02 3.153516e-04
-7.045001e-02 3.173706e-04
-7.029845e-02 3.177445e-04
-7.014425e-02 3.143691e-04
-6.998502e-02 3.157461e-04
-6.982299e-02 3.149237e-04
-6.966256e-02 3.140918e-04
-6.950436e-02 3.154631e-04
-6.934939e-02 3.140237e-04
-6.919572e-02 3.133992e-04
-6.904211e-02 3.131376e-04
-6.888794e-02 3.102951e-04
-6.873037e-02 3.113184e-04
-6.856944e-02 3.085728e-04
-6.840736e-02 3.078589e-04
-6.824934e-02 3.126502e-04
-6.809552e-02 3.122714e-04
-6.794256e-02 3.138240e-04
-6.778869e-02 3.149251e-04
-6.763193e-02 3.119759e-04
-6.747112e-02 3.133494e-04
-6.731008e-02 3.167907e-04
-6.715152e-02 3.161135e-04
-6.699506e-02 3.177455e-04
-6.684203e-02 3.167161e-04
-6.668948e-02 3.146669e-04
-6.653576e-02 3.146266e-04
-6.637856e-02 3.098936e-04
-6.621717e-02 3.107050e-04
-6.605538e-02 3.111061e-04
-6.589632e-02 3.096098e-04
-6.574117e-02 3.119931e-04
-6.558684e-02 3.119336e-04
-6.543261e-02 3.119100e-04
-6.527795e-02 3.125821e-04
-6.511952e-02 3.093523e-04
-6.495727e-02 3.104878e-04
-6.479558e-02 3.134099e-04
-6.463792e-02 3.120489e-04
-6.448430e-02 3.150310e-04
-6.433193e-02 3.149249e-04
-6.417815e-02 3.122448e-04
-6.402220e-02 3.130038e-04
-6.386262e-02 3.090978e-04
-6.370115e-02 3.088309e-04
-6.354132e-02 3.119970e-04
-6.338432e-02 3.114415e-04
-6.323092e-02 3.147220e-04
-6.307930e-02 3.148301e-04
-6.292631e-02 3.128382e-04
-6.276879e-02 3.144122e-04
-6.260729e-02 3.121397e-04
-6.244545e-02 3.119438e-04
-6.228571e-02 3.160822e-04
-6.212991e-02 3.152140e-04
-6.197694e-02 3.163495e-04
-6.182586e-02 3.156255e-04
-6.167167e-02 3.084135e-04
-6.151208e-02 3.086413e-04
-6.135076e-02 3.064366e-04
-6.118957e-02 3.059834e-04
-6.103223e-02 3.111239e-04
-6.087802e-02 3.111030e-04
-6.072497e-02 3.141508e-04
-6.057253e-02 3.148769e-04
-6.041845e-02 3.129702e-04
-6.026120e-02 3.141882e-04
-6.010094e-02 3.125528e-04
-5.993919e-02 3.124283e-04
-5.977920e-02 3.149988e-04
-5.962353e-02 3.137533e-04
-5.947120e-02 3.158392e-04
-5.931998e-02 3.159240e-04
-5.916392e-02 3.092737e-04
-5.900311e-02 3.097267e-04
-5.884210e-02 3.094632e-04
-5.868278e-02 3.083485e-04
-5.852699e-02 3.111349e-04
-5.837217e-02 3.111287e-04
-5.821852e-02 3.130412e-04
-5.806525e-02 3.139225e-04
-5.790818e-02 3.112310e-04
-5.774858e-02 3.117887e-04
-5.758836e-02 3.111377e-04
-5.742924e-02 3.102483e-04
-5.727353e-02 3.134822e-04
-5.712043e-02 3.126518e-04
-5.696766e-02 3.108767e-04
-5.681323e-02 3.116601e-04
-5.665531e-02 3.080526e-04
-5.649540e-02 3.079456e-04
-5.633556e-02 3.089180e-04
-5.617783e-02 3.080055e-04
-5.602515e-02 3.127315e-04
-5.587373e-02 3.136802e-04
-5.571984e-02 3.122017e-04
-5.556246e-02 3.133415e-04
-5.540219e-02 3.117140e-04
-5.524265e-02 3.111219e-04
-5.508427e-02 3.125963e-04
-5.492894e-02 3.112995e-04
-5.477706e-02 3.122838e-04
-5.462536e-02 3.125363e-04
-5.447174e-02 3.100426e-04
-5.431499e-02 3.106031e-04
-5.415511e-02 3.069633e-04
-5.399458e-02 3.064566e-04
-5.383654e-02 3.091723e-04
-5.368089e-02 3.087212e-04
-5.352705e-02 3.116566e-04
-5.337438e-02 3.120085e-04
-5.322031e-02 3.094818e-04
-5.306452e-02 3.096094e-04
-5.290570e-02 3.048951e-04
-5.274538e-02 3.036781e-04
-5.258787e-02 3.050255e-04
-5.243304e-02 3.043276e-04
-5.228105e-02 3.082895e-04
-5.212887e-02 3.098311e-04
-5.197426e-02 3.088971e-04
-5.181665e-02 3.103669e-04
-5.165703e-02 3.110974e-04
-5.149806e-02 3.105472e-04
-5.134153e-02 3.130925e-04
-5.118866e-02 3.122397e-04
-5.103814e-02 3.137901e-04
-5.088630e-02 3.151468e-04
-5.072900e-02 3.110278e-04
-5.057008e-02 3.105224e-04
-5.041184e-02 3.090846e-04
-5.025424e-02 3.081876e-04
-5.009823e-02 3.083504e-04
-4.994317e-02 3.074154e-04
-4.979003e-02 3.080252e-04
-4.963724e-02 3.084604e-04
-4.948284e-02 3.081741e-04
-4.932624e-02 3.093946e-04
-4.916649e-02 3.063350e-04
-4.900766e-02 3.046720e-04
-4.885321e-02 3.073479e-04
-4.869941e-02 3.074951e-04
-4.854712e-02 3.104030e-04
-4.839533e-02 3.115721e-04
-4.823938e-02 3.079146e-04
-4.807999e-02 3.086582e-04
-4.792020e-02 3.112176e-04
-4.776318e-02 3.104761e-04
-4.760889e-02 3.117665e-04
-4.745679e-02 3.109092e-04
-4.730542e-02 3.097621e-04
-4.715059e-02 3.110106e-04
-4.699250e-02 3.090533e-04
-4.683419e-02 3.089011e-04
-4.667596e-02 3.097753e-04
-4.652016e-02 3.086336e-04
-4.636663e-02 3.080756e-04
-4.621374e-02 3.074889e-04
-4.606096e-02 3.060375e-04
-4.590454e-02 3.072800e-04
-4.574629e-02 3.076795e-04
-4.558759e-02 3.085032e-04
-4.542984e-02 3.123494e-04
-4.527544e-02 3.117273e-04
-4.512166e-02 3.122096e-04
-4.496877e-02 3.118468e-04
-4.481494e-02 3.081032e-04
-4.465785e-02 3.087205e-04
-4.449973e-02 3.087186e-04
-4.434063e-02 3.088776e-04
-4.418293e-02 3.116555e-04
-4.402898e-02 3.108319e-04
-4.387652e-02 3.110130e-04
-4.372396e-02 3.111297e-04
-4.356665e-02 3.046849e-04
-4.340565e-02 3.045784e-04
-4.324687e-02 3.068261e-04
-4.308846e-02 3.074163e-04
-4.293177e-02 3.119194e-04
-4.277735e-02 3.117464e-04
-4.262312e-02 3.115695e-04
-4.246922e-02 3.117300e-04
-4.231286e-02 3.092524e-04
-4.215378e-02 3.099979e-04
-4.199423e-02 3.101103e-04
-4.183468e-02 3.101501e-04
-4.167746e-02 3.141553e-04
-4.152280e-02 3.136334e-04
-4.136817e-02 3.122246e-04
-4.121402e-02 3.118548e-04
-4.105756e-02 3.069974e-04
-4.089658e-02 3.079558e-04
-4.073469e-02 3.102711e-04
-4.057406e-02 3.103648e-04
-4.041581e-02 3.134379e-04
-4.025992e-02 3.131268e-04
-4.010570e-02 3.150451e-04
-3.995078e-02 3.157275e-04
-3.979220e-02 3.115217e-04
-3.962941e-02 3.129493e-04
-3.946529e-02 3.158569e-04
-3.930254e-02 3.160823e-04
-3.914304e-02 3.209207e-04
-3.898692e-02 3.206319e-04
-3.883040e-02 3.191593e-04
-3.866957e-02 3.207761e-04
-3.850554e-02 3.199167e-04
-3.834052e-02 3.206249e-04
-3.817581e-02 3.230748e-04
-3.801298e-02 3.228260e-04
-3.785064e-02 3.241730e-04
-3.768875e-02 3.243897e-04
-3.752650e-02 3.231534e-04
-3.736202e-02 3.240428e-04
-3.719493e-02 3.221342e-04
-3.702465e-02 3.229082e-04
-3.685547e-02 3.268863e-04
-3.668894e-02 3.271685e-04
-3.652341e-02 3.308732e-04
-3.635759e-02 3.323917e-04
-3.618989e-02 3.322270e-04
-3.602006e-02 3.334443e-04
-3.584816e-02 3.333610e-04
-3.567315e-02 3.347357e-04
-3.549882e-02 3.396802e-04
-3.532779e-02 3.399311e-04
-3.515798e-02 3.426448e-04
-3.498759e-02 3.439723e-04
-3.481355e-02 3.428810e-04
-3.463624e-02 3.444578e-04
-3.445762e-02 3.453588e-04
-3.428016e-02 3.449898e-04
-3.410361e-02 3.454877e-04
-3.392826e-02 3.444717e-04
-3.375462e-02 3.444896e-04
-3.358387e-02 3.432302e-04
-3.341024e-02 3.362212e-04
-3.323430e-02 3.350862e-04
-3.305952e-02 3.325886e-04
-3.288785e-02 3.298228e-04
-3.271996e-02 3.284528e-04
-3.255397e-02 3.263756e-04
-3.239013e-02 3.242228e-04
-3.222604e-02 3.240477e-04
-3.206091e-02 3.218616e-04
-3.189501e-02 3.215413e-04
-3.172829e-02 3.205030e-04
-3.156258e-02 3.195342e-04
-3.140019e-02 3.211696e-04
-3.123986e-02 3.205195e-04
-3.107957e-02 3.187736e-04
-3.091603e-02 3.196578e-04
-3.075059e-02 3.189557e-04
-3.058401e-02 3.198127e-04
-3.041724e-02 3.230765e-04
-3.025267e-02 3.229369e-04
-3.009025e-02 3.249075e-04
-2.992752e-02 3.258045e-04
-2.976369e-02 3.264576e-04
-2.959611e-02 3.289479e-04
-2.942518e-02 3.302752e-04
-2.925397e-02 3.304665e-04
-2.908337e-02 3.320285e-04
-2.891414e-02 3.322134e-04
-2.874488e-02 3.339085e-04
-2.857425e-02 3.353439e-04
-2.840236e-02 3.359640e-04
-2.822794e-02 3.377079e-04
-2.805154e-02 3.392523e-04
-2.787513e-02 3.393521e-04
-2.769895e-02 3.400514e-04
-2.752496e-02 3.394537e-04
-2.735287e-02 3.409463e-04
-2.717990e-02 3.420132e-04
-2.700430e-02 3.418888e-04
-2.682618e-02 3.433574e-04
-2.664689e-02 3.441499e-04
-2.646773e-02 3.443507e-04
-2.629015e-02 3.475518e-04
-2.611392e-02 3.474225e-04
-2.593747e-02 3.467179e-04
-2.576089e-02 3.470160e-04
-2.558210e-02 3.454614e-04
-2.539984e-02 3.469875e-04
-2.521813e-02 3.508222e-04
-2.503815e-02 3.511626e-04
-2.485850e-02 3.526449e-04
-2.467750e-02 3.535015e-04
-2.449600e-02 3.550646e-04
-2.431143e-02 3.579469e-04
-2.412364e-02 3.605759e-04
-2.393223e-02 3.636910e-04
-2.373894e-02 3.705999e-04
-2.354487e-02 3.735752e-04
-2.335090e-02 3.805993e-04
-2.315583e-02 3.837907e-04
-2.295690e-02 3.861934e-04
-2.275126e-02 3.905405e-04
-2.254256e-02 3.975269e-04
-2.233279e-02 4.012119e-04
-2.212052e-02 4.088086e-04
-2.190684e-02 4.124124e-04
-2.169241e-02 4.196128e-04
-2.146704e-02 4.287795e-04
-2.123755e-02 4.473521e-04
-2.099550e-02 4.609276e-04
-2.074461e-02 4.838416e-04
-2.048124e-02 5.001972e-04
-2.020762e-02 5.285229e-04
-1.991734e-02 5.487311e-04
-1.961660e-02 5.896105e-04
-1.931166e-02 6.069110e-04
-1.898709e-02 6.199923e-04
-1.867649e-02 6.163056e-04
-1.835278e-02 5.841770e-04
-1.805017e-02 5.591784e-04
-1.776185e-02 5.138145e-04
-1.748945e-02 4.886820e-04
-1.723970e-02 4.583215e-04
-1.699200e-02 4.461441e-04
-1.675869e-02 4.345316e-04
-1.652310e-02 4.317240e-04
-1.629353e-02 4.339871e-04
-1.606258e-02 4.350291e-04
-1.583300e-02 4.402441e-04
-1.560759e-02 4.402205e-04
-1.538124e-02 4.386238e-04
-1.515565e-02 4.376042e-04
-1.492673e-02 4.308682e-04
-1.469650e-02 4.292329e-04
-1.446913e-02 4.277738e-04
-1.424506e-02 4.252584e-04
-1.402443e-02 4.240086e-04
-1.380419e-02 4.227422e-04
-1.358490e-02 4.208410e-04
-1.336363e-02 4.219142e-04
-1.314023e-02 4.229298e-04
-1.291352e-02 4.252960e-04
-1.268825e-02 4.326418e-04
-1.246208e-02 4.358311e-04
-1.223577e-02 4.444653e-04
-1.200515e-02 4.495397e-04
-1.177084e-02 4.574608e-04
-1.153232e-02 4.634380e-04
-1.128832e-02 4.708975e-04
-1.104175e-02 4.751330e-04
-1.079163e-02 4.828051e-04
-1.054587e-02 4.829710e-04
-1.030139e-02 4.837267e-04
-1.005973e-02 4.822946e-04
-9.814117e-03 4.716955e-04
-9.573206e-03 4.644204e-04
-9.333992e-03 4.471352e-04
-9.106154e-03 4.347163e-04
-8.887265e-03 4.166990e-04
-8.678119e-03 4.043427e-04
-8.477398e-03 3.824663e-04
-8.282360e-03 3.711749e-04
-8.094045e-03 3.510385e-04
-7.909800e-03 3.413431e-04
-7.734020e-03 3.285486e-04
-7.565258e-03 3.192937e-04
-7.403868e-03 3.059565e-04
-7.249524e-03 2.973610e-04
-7.101141e-03 2.844930e-04
-6.957153e-03 2.772082e-04
-6.817719e-03 2.634700e-04
-6.682352e-03 2.560793e-04
-6.552742e-03 2.451644e-04
-6.427440e-03 2.383251e-04
-6.308326e-03 2.296953e-04
-6.194789e-03 2.235671e-04
-6.084799e-03 2.124753e-04
-5.975726e-03 2.079235e-04
-5.869431e-03 2.006631e-04
-5.765776e-03 1.964594e-04
-5.665932e-03 1.903654e-04
-5.569292e-03 1.862456e-04
-5.476580e-03 1.813627e-04
-5.385705e-03 1.782604e-04
-5.296445e-03 1.723611e-04
-5.208099e-03 1.699278e-04
-5.120934e-03 1.657589e-04
-5.034576e-03 1.637720e-04
-4.950914e-03 1.621114e-04
-4.869641e-03 1.600766e-04
-4.789865e-03 1.569221e-04
-4.711147e-03 1.549401e-04
-4.633776e-03 1.516939e-04
-4.556750e-03 1.505269e-04
-4.480176e-03 1.480424e-04
-4.404547e-03 1.465794e-04
-4.330193e-03 1.451833e-04
-4.257523e-03 1.436679e-04
-4.186596e-03 1.418135e-04
-4.116614e-03 1.405775e-04
-4.046662e-03 1.371923e-04
-3.976182e-03 1.361044e-04
-3.906565e-03 1.345333e-04
-3.837976e-03 1.335352e-04
-3.770126e-03 1.324924e-04
-3.703810e-03 1.311952e-04
-3.638805e-03 1.292750e-04
-3.574278e-03 1.282963e-04
-3.509981e-03 1.259633e-04
-3.445207e-03 1.252394e-04
-3.380916e-03 1.240448e-04
-3.317659e-03 1.231635e-04
-3.255597e-03 1.227032e-04
-3.194613e-03 1.218907e-04
-3.133870e-03 1.204899e-04
-3.073424e-03 1.198055e-04
-3.013537e-03 1.183794e-04
-2.953896e-03 1.177181e-04
-2.894502e-03 1.162939e-04
-2.835545e-03 1.153613e-04
-2.777578e-03 1.144275e-04
-2.720751e-03 1.135650e-04
-2.664235e-03 1.121115e-04
-2.607951e-03 1.114464e-04
-2.551976e-03 1.096851e-04
-2.496130e-03 1.089728e-04
-2.440881e-03 1.079904e-04
-2.386020e-03 1.072569e-04
-2.332113e-03 1.068144e-04
-2.279218e-03 1.061945e-04
-2.226624e-03 1.049772e-04
-2.174227e-03 1.044205e-04
-2.121667e-03 1.029935e-04
-2.069090e-03 1.024895e-04
-2.017311e-03 1.020283e-04
-1.966446e-03 1.013126e-04
-1.916242e-03 1.004271e-04
-1.866274e-03 9.983072e-05
-1.816594e-03 9.865798e-05
-1.767270e-03 9.815756e-05
-1.717864e-03 9.699733e-05
-1.668705e-03 9.643043e-05
-1.620341e-03 9.581231e-05
-1.572586e-03 9.522356e-05
-1.525381e-03 9.450662e-05
-1.478333e-03 9.402615e-05
-1.431446e-03 9.296219e-05
-1.384891e-03 9.250763e-05
-1.338598e-03 9.168330e-05
-1.292763e-03 9.111129e-05
-1.247208e-03 9.032946e-05
-1.202134e-03 8.975776e-05
-1.157657e-03 8.882186e-05
-1.113291e-03 8.841798e-05
-1.069084e-03 8.756152e-05
-1.025024e-03 8.704695e-05
-9.812342e-04 8.607536e-05
-9.379323e-04 8.555130e-05
-8.952930e-04 8.519884e-05
-8.530702e-04 8.482213e-05
-8.108079e-04 8.402830e-05
-7.687312e-04 8.362997e-05
-7.270328e-04 8.283553e-05
-6.856257e-04 8.237444e-05
-6.445957e-04 8.172338e-05
-6.039438e-04 8.115172e-05
-5.636854e-04 8.022278e-05
-5.238899e-04 7.972096e-05
-4.841408e-04 7.870253e-05
-4.448384e-04 7.806629e-05
-4.061011e-04 7.694244e-05
-3.676004e-04 7.639555e-05
-3.296405e-04 7.577936e-05
-2.919451e-04 7.529650e-05
-2.545491e-04 7.445718e-05
-2.177935e-04 7.387335e-05
-1.813942e-04 7.284679e-05
-1.454566e-04 7.219971e-05
-1.095678e-04 7.075216e-05
-7.477890e-05 6.957611e-05
-4.065604e-05 6.712097e-05
-5.531838e-06 6.684949e-05
2.844367e-05 6.798517e-05
6.328476e-05 6.882964e-05
9.820706e-05 7.101140e-05
1.333220e-04 7.200681e-05
1.696204e-04 7.307684e-05
2.061985e-04 7.363132e-05
2.430365e-04 7.446279e-05
2.802969e-04 7.501606e-05
3.179970e-04 7.581843e-05
3.562378e-04 7.632763e-05
3.947154e-04 7.734348e-05
4.332139e-04 7.782589e-05
4.721834e-04 7.867817e-05
5.117308e-04 7.933303e-05
5.515555e-04 8.039306e-05
5.917178e-04 8.097769e-05
6.324417e-04 8.166370e-05
6.735694e-04 8.204106e-05
7.148606e-04 8.281363e-05
7.562737e-04 8.327659e-05
7.979537e-04 8.411642e-05
8.400804e-04 8.468711e-05
8.829682e-04 8.532655e-05
9.261462e-04 8.573222e-05
9.693183e-04 8.654614e-05
1.012856e-03 8.693986e-05
1.056460e-03 8.791932e-05
1.100241e-03 8.849696e-05
1.144544e-03 8.923086e-05
1.189321e-03 8.977931e-05
1.234737e-03 9.057941e-05
1.280468e-03 9.105766e-05
1.326227e-03 9.199560e-05
1.372086e-03 9.239255e-05
1.418025e-03 9.335957e-05
1.464598e-03 9.396009e-05
1.511855e-03 9.448340e-05
1.559557e-03 9.506592e-05
1.607889e-03 9.599604e-05
1.656324e-03 9.639456e-05
1.704632e-03 9.735188e-05
1.753094e-03 9.778931e-05
1.801797e-03 9.860129e-05
1.851684e-03 9.946838e-05
1.902354e-03 1.005675e-04
1.953215e-03 1.012132e-04
2.004398e-03 1.024691e-04
2.055536e-03 1.028959e-04
2.107109e-03 1.037501e-04
2.159181e-03 1.043583e-04
2.211625e-03 1.050346e-04
2.265065e-03 1.057319e-04
2.318999e-03 1.068442e-04
2.373147e-03 1.075163e-04
2.427706e-03 1.086952e-04
2.482315e-03 1.091505e-04
2.537248e-03 1.102914e-04
2.592803e-03 1.110779e-04
2.648762e-03 1.121748e-04
2.705628e-03 1.131152e-04
2.763377e-03 1.142527e-04
2.821886e-03 1.149608e-04
2.880387e-03 1.169346e-04
2.938540e-03 1.175929e-04
2.997540e-03 1.184581e-04
3.057376e-03 1.192733e-04
3.117708e-03 1.202636e-04
3.179121e-03 1.212703e-04
3.241178e-03 1.229911e-04
3.303576e-03 1.236459e-04
3.366109e-03 1.252357e-04
3.428601e-03 1.259524e-04
3.491591e-03 1.271120e-04
3.555771e-03 1.282437e-04
3.621313e-03 1.296065e-04
3.687878e-03 1.307144e-04
3.754839e-03 1.326406e-04
3.822186e-03 1.333831e-04
3.889530e-03 1.354432e-04
3.957046e-03 1.364699e-04
4.025625e-03 1.375505e-04
4.095784e-03 1.388872e-04
4.167425e-03 1.406611e-04
4.240051e-03 1.418959e-04
4.312869e-03 1.444733e-04
4.386100e-03 1.456496e-04
4.459708e-03 1.482851e-04
4.534558e-03 1.497736e-04
4.610848e-03 1.514992e-04
4.688940e-03 1.534038e-04
4.768561e-03 1.567362e-04
4.849420e-03 1.586870e-04
4.930759e-03 1.627139e-04
5.012540e-03 1.644295e-04
5.095192e-03 1.677394e-04
5.180247e-03 1.701408e-04
5.267250e-03 1.735503e-04
5.356811e-03 1.765420e-04
5.448997e-03 1.811574e-04
5.543416e-03 1.841695e-04
5.638693e-03 1.904192e-04
5.735343e-03 1.934944e-04
5.833570e-03 1.994031e-04
5.936309e-03 2.039587e-04
6.042528e-03 2.107890e-04
6.153560e-03 2.164104e-04
6.268124e-03 2.261244e-04
6.386068e-03 2.316554e-04
6.507087e-03 2.428038e-04
6.632157e-03 2.492683e-04
6.760738e-03 2.604577e-04
6.896022e-03 2.685162e-04
7.037498e-03 2.805603e-04
7.187073e-03 2.893565e-04
7.341178e-03 3.061910e-04
7.498663e-03 3.146750e-04
7.661822e-03 3.300231e-04
7.830077e-03 3.386313e-04
8.004190e-03 3.515339e-04
8.188699e-03 3.624290e-04
8.380986e-03 3.797015e-04
8.582780e-03 3.910830e-04
8.790125e-03 4.133803e-04
9.002188e-03 4.247726e-04
9.222334e-03 4.446169e-04
9.448204e-03 4.552276e-04
9.684208e-03 4.661263e-04
9.925332e-03 4.731293e-04
1.017351e-02 4.808014e-04
1.042166e-02 4.828819e-04
1.067198e-02 4.850715e-04
1.091650e-02 4.830446e-04
1.115955e-02 4.798779e-04
1.139941e-02 4.768256e-04
1.164162e-02 4.662005e-04
1.188268e-02 4.616780e-04
1.212036e-02 4.529690e-04
1.235513e-02 4.474784e-04
1.258398e-02 4.421491e-04
1.280767e-02 4.377392e-04
1.302774e-02 4.315348e-04
1.324780e-02 4.292938e-04
1.346793e-02 4.245569e-04
1.369057e-02 4.243605e-04
1.391139e-02 4.252151e-04
1.413236e-02 4.256135e-04
1.435147e-02 4.298284e-04
1.457025e-02 4.305523e-04
1.478952e-02 4.317414e-04
1.501031e-02 4.336661e-04
1.523477e-02 4.345390e-04
1.546284e-02 4.370362e-04
1.569108e-02 4.420379e-04
1.591596e-02 4.418181e-04
1.614004e-02 4.425410e-04
1.636106e-02 4.403588e-04
1.658233e-02 4.339001e-04
1.680567e-02 4.334128e-04
1.702962e-02 4.310513e-04
1.725980e-02 4.339318e-04
1.748836e-02 4.463043e-04
1.773019e-02 4.587666e-04
1.797297e-02 4.901122e-04
1.824030e-02 5.154128e-04
1.851951e-02 5.657352e-04
1.881333e-02 5.933230e-04
1.913080e-02 6.305031e-04
1.943803e-02 6.377865e-04
1.976662e-02 6.248371e-04
2.007514e-02 6.081124e-04
2.037365e-02 5.759607e-04
2.066030e-02 5.572555e-04
2.093897e-02 5.186117e-04
2.121278e-02 5.010918e-04
2.146971e-02 4.807104e-04
2.171558e-02 4.674149e-04
2.195148e-02 4.487921e-04
2.217998e-02 4.376310e-04
2.239732e-02 4.235172e-04
2.261349e-02 4.177288e-04
2.282496e-02 4.094986e-04
2.303664e-02 4.061062e-04
2.324570e-02 4.010901e-04
2.345107e-02 3.976139e-04
2.365329e-02 3.946786e-04
2.385224e-02 3.916596e-04
2.404812e-02 3.869002e-04
2.424235e-02 3.841989e-04
2.443674e-02 3.764473e-04
2.463200e-02 3.736767e-04
2.482492e-02 3.699551e-04
2.501346e-02 3.665059e-04
2.519695e-02 3.653598e-04
2.537777e-02 3.633502e-04
2.555980e-02 3.570982e-04
2.574304e-02 3.555682e-04
2.592519e-02 3.517679e-04
2.610772e-02 3.506238e-04
2.628754e-02 3.519629e-04
2.646604e-02 3.511712e-04
2.664273e-02 3.519906e-04
2.681775e-02 3.517612e-04
2.699452e-02 3.495485e-04
2.717372e-02 3.502228e-04
2.735389e-02 3.491745e-04
2.753304e-02 3.481929e-04
2.771018e-02 3.488440e-04
2.788536e-02 3.474329e-04
2.805924e-02 3.456935e-04
2.823312e-02 3.455343e-04
2.840947e-02 3.422720e-04
2.858765e-02 3.422042e-04
2.876449e-02 3.429541e-04
2.893977e-02 3.422920e-04
2.911197e-02 3.456156e-04
2.928332e-02 3.458374e-04
2.945611e-02 3.440747e-04
2.962958e-02 3.443201e-04
2.980541e-02 3.410724e-04
2.998091e-02 3.396968e-04
3.015542e-02 3.387906e-04
3.032778e-02 3.371772e-04
3.049639e-02 3.376636e-04
3.066394e-02 3.367490e-04
3.083265e-02 3.323088e-04
3.100269e-02 3.319681e-04
3.117351e-02 3.297395e-04
3.134379e-02 3.286079e-04
3.151198e-02 3.301548e-04
3.167697e-02 3.287821e-04
3.183957e-02 3.276833e-04
3.200288e-02 3.277112e-04
3.216750e-02 3.256008e-04
3.233536e-02 3.263381e-04
3.250451e-02 3.262301e-04
3.267159e-02 3.253862e-04
3.283606e-02 3.286220e-04
3.299899e-02 3.288661e-04
3.316170e-02 3.286781e-04
3.332675e-02 3.300203e-04
3.349474e-02 3.288401e-04
3.366506e-02 3.293614e-04
3.383501e-02 3.314291e-04
3.400418e-02 3.321492e-04
3.417206e-02 3.362810e-04
3.434118e-02 3.385137e-04
3.451232e-02 3.426472e-04
3.468836e-02 3.470878e-04
3.486799e-02 3.521225e-04
3.504816e-02 3.537662e-04
3.522932e-02 3.566756e-04
3.540711e-02 3.561904e-04
3.558386e-02 3.565930e-04
3.576197e-02 3.575564e-04
3.594290e-02 3.568839e-04
3.612449e-02 3.570355e-04
3.630758e-02 3.535880e-04
3.648982e-02 3.518377e-04
3.666899e-02 3.520974e-04
3.684476e-02 3.496706e-04
3.701814e-02 3.469356e-04
3.719137e-02 3.463392e-04
3.736709e-02 3.418420e-04
3.754530e-02 3.417236e-04
3.772241e-02 3.419193e-04
3.789591e-02 3.398145e-04
3.806707e-02 3.378592e-04
3.823788e-02 3.364823e-04
3.840659e-02 3.361649e-04
3.857487e-02 3.362504e-04
3.874627e-02 3.325409e-04
3.891946e-02 3.322730e-04
3.909135e-02 3.323990e-04
3.926083e-02 3.309918e-04
3.942585e-02 3.345440e-04
3.958946e-02 3.345319e-04
3.975497e-02 3.313581e-04
3.992179e-02 3.314575e-04
4.008982e-02 3.297104e-04
4.025681e-02 3.284523e-04
4.042389e-02 3.260441e-04
4.058889e-02 3.239303e-04
4.074934e-02 3.243993e-04
4.090841e-02 3.237344e-04
4.106959e-02 3.183780e-04
4.123519e-02 3.186785e-04
4.140138e-02 3.185774e-04
4.156621e-02 3.181618e-04
4.172847e-02 3.224914e-04
4.188769e-02 3.222201e-04
4.204606e-02 3.216504e-04
4.220536e-02 3.220068e-04
4.236714e-02 3.188655e-04
4.253180e-02 3.190319e-04
4.269647e-02 3.195036e-04
4.285811e-02 3.182858e-04
4.301688e-02 3.208663e-04
4.317406e-02 3.208321e-04
4.333232e-02 3.177082e-04
4.349314e-02 3.181220e-04
4.365547e-02 3.167538e-04
4.381945e-02 3.168142e-04
4.398153e-02 3.201339e-04
4.413989e-02 3.195270e-04
4.429662e-02 3.205518e-04
4.445370e-02 3.211294e-04
4.461417e-02 3.182889e-04
4.477701e-02 3.186874e-04
4.494075e-02 3.170828e-04
4.510308e-02 3.156582e-04
4.526212e-02 3.171930e-04
4.542028e-02 3.167837e-04
4.557714e-02 3.178044e-04
4.573478e-02 3.190716e-04
4.589628e-02 3.173687e-04
4.605973e-02 3.179326e-04
4.622333e-02 3.180566e-04
4.638483e-02 3.168421e-04
4.654330e-02 3.185241e-04
4.670111e-02 3.182976e-04
4.685825e-02 3.187722e-04
4.701650e-02 3.200450e-04
4.717917e-02 3.174328e-04
4.734254e-02 3.169113e-04
4.750350e-02 3.182639e-04
4.766212e-02 3.173451e-04
4.781845e-02 3.186164e-04
4.797528e-02 3.189362e-04
4.813364e-02 3.172506e-04
4.829386e-02 3.181882e-04
4.845658e-02 3.166453e-04
4.861910e-02 3.159739e-04
4.878021e-02 3.176521e-04
4.893823e-02 3.163991e-04
4.909281e-02 3.174456e-04
4.924893e-02 3.183087e-04
4.940864e-02 3.147075e-04
4.957045e-02 3.150995e-04
4.973303e-02 3.149108e-04
4.989464e-02 3.142629e-04
5.005387e-02 3.176187e-04
5.021042e-02 3.172187e-04
5.036603e-02 3.164881e-04
5.052440e-02 3.178932e-04
5.068650e-02 3.155793e-04
5.085075e-02 3.156059e-04
5.101266e-02 3.195881e-04
5.117088e-02 3.192349e-04
5.132854e-02 3.203843e-04
5.148492e-02 3.200272e-04
5.164187e-02 3.168878e-04
5.180290e-02 3.182175e-04
5.196585e-02 3.187272e-04
5.212877e-02 3.184594e-04
5.229120e-02 3.185413e-04
5.245010e-02 3.168904e-04
5.260477e-02 3.193521e-04
5.275856e-02 3.197184e-04
5.291584e-02 3.161459e-04
5.307697e-02 3.171749e-04
5.323959e-02 3.163688e-04
5.340273e-02 3.159611e-04
5.356347e-02 3.188298e-04
5.371901e-02 3.171795e-04
5.387279e-02 3.155441e-04
5.402893e-02 3.163685e-04
5.418868e-02 3.138427e-04
5.435165e-02 3.148766e-04
5.451449e-02 3.167854e-04
5.467536e-02 3.162901e-04
5.483295e-02 3.203888e-04
5.498863e-02 3.202833e-04
5.514540e-02 3.181769e-04
5.530434e-02 3.191619e-04
5.546685e-02 3.171735e-04
5.563065e-02 3.172386e-04
5.579207e-02 3.201862e-04
5.594998e-02 3.191376e-04
5.610574e-02 3.198023e-04
5.626197e-02 3.198842e-04
5.642058e-02 3.161358e-04
5.658205e-02 3.169324e-04
5.674666e-02 3.151074e-04
5.691044e-02 3.139582e-04
5.706948e-02 3.174794e-04
5.722625e-02 3.173880e-04
5.738234e-02 3.182814e-04
5.753917e-02 3.186147e-04
5.769825e-02 3.157825e-04
5.786071e-02 3.172186e-04
5.802545e-02 3.174247e-04
5.818852e-02 3.165058e-04
5.834727e-02 3.223663e-04
5.850247e-02 3.223466e-04
5.865789e-02 3.207246e-04
5.881654e-02 3.220906e-04
5.897989e-02 3.180539e-04
5.914584e-02 3.177287e-04
5.930996e-02 3.198942e-04
5.946999e-02 3.186513e-04
5.962714e-02 3.211969e-04
5.978348e-02 3.216271e-04
5.994155e-02 3.187300e-04
6.010362e-02 3.200883e-04
6.026907e-02 3.182143e-04
6.043377e-02 3.166572e-04
6.059493e-02 3.182549e-04
6.075301e-02 3.174152e-04
6.091032e-02 3.175578e-04
6.106873e-02 3.182697e-04
6.122884e-02 3.162175e-04
6.139238e-02 3.175409e-04
6.155749e-02 3.185932e-04
6.172134e-02 3.177799e-04
6.188149e-02 3.217018e-04
6.203653e-02 3.204909e-04
6.218991e-02 3.198899e-04
6.234718e-02 3.219961e-04
6.251080e-02 3.184523e-04
6.267685e-02 3.186313e-04
6.284122e-02 3.207145e-04
6.300192e-02 3.188256e-04
6.315902e-02 3.195773e-04
6.331509e-02 3.196677e-04
6.347213e-02 3.183231e-04
6.363264e-02 3.199254e-04
6.379724e-02 3.187973e-04
6.396265e-02 3.188869e-04
6.412618e-02 3.210380e-04
6.428477e-02 3.188383e-04
6.444011e-02 3.181697e-04
6.459742e-02 3.186831e-04
6.475645e-02 3.172288e-04
6.491832e-02 3.188381e-04
6.508383e-02 3.184630e-04
6.524799e-02 3.175306e-04
6.540815e-02 3.204219e-04
6.556419e-02 3.189890e-04
6.571902e-02 3.170297e-04
6.587793e-02 3.183455e-04
6.604051e-02 3.158930e-04
6.620562e-02 3.169565e-04
6.637066e-02 3.200327e-04
6.653204e-02 3.189539e-04
6.668997e-02 3.229307e-04
6.684547e-02 3.229077e-04
6.700206e-02 3.198148e-04
6.716301e-02 3.208834e-04
6.732794e-02 3.172468e-04
6.749409e-02 3.171099e-04
6.765743e-02 3.214111e-04
6.781624e-02 3.202419e-04
6.797379e-02 3.202768e-04
6.813070e-02 3.199019e-04
6.828902e-02 3.153168e-04
6.845150e-02 3.161721e-04
6.861591e-02 3.153194e-04
6.878145e-02 3.152470e-04
6.894314e-02 3.214435e-04
6.909921e-02 3.207345e-04
6.925483e-02 3.207199e-04
6.941193e-02 3.215906e-04
6.957269e-02 3.166761e-04
6.973852e-02 3.179556e-04
6.990481e-02 3.207501e-04
7.006703e-02 3.188766e-04
7.022419e-02 3.221130e-04
7.037920e-02 3.224314e-04
7.053646e-02 3.207956e-04
7.069567e-02 3.213727e-04
7.085770e-02 3.170531e-04
7.102351e-02 3.177681e-04
7.118818e-02 3.216440e-04
7.135023e-02 3.210205e-04
7.150879e-02 3.250783e-04
7.166298e-02 3.243603e-04
7.181896e-02 3.194137e-04
7.197912e-02 3.201339e-04
7.214351e-02 3.162845e-04
7.230910e-02 3.156235e-04
7.247189e-02 3.172416e-04
7.263122e-02 3.157347e-04
7.278606e-02 3.190156e-04
7.294147e-02 3.200998e-04
7.310072e-02 3.167079e-04
7.326294e-02 3.176984e-04
7.342876e-02 3.156332e-04
7.359435e-02 3.147563e-04
7.375403e-02 3.209751e-04
7.390934e-02 3.205858e-04
7.406420e-02 3.202641e-04
7.422232e-02 3.216741e-04
7.438473e-02 3.184452e-04
7.454894e-02 3.187949e-04
7.471468e-02 3.183999e-04
