-3.674085e-02 3.543702e-04
-3.662527e-02 3.301864e-04
-3.648718e-02 3.352345e-04
-3.633104e-02 3.197696e-04
-3.616535e-02 3.197049e-04
-3.600859e-02 3.337963e-04
-3.586173e-02 3.331522e-04
-3.571485e-02 3.313267e-04
-3.556210e-02 3.339665e-04
-3.539844e-02 3.237452e-04
-3.522864e-02 3.239692e-04
-3.506068e-02 3.270215e-04
-3.489744e-02 3.252801e-04
-3.473969e-02 3.301991e-04
-3.458648e-02 3.290182e-04
-3.443357e-02 3.256233e-04
-3.427341e-02 3.289830e-04
-3.410391e-02 3.233618e-04
-3.393156e-02 3.228263e-04
-3.376329e-02 3.275086e-04
-3.360248e-02 3.249275e-04
-3.344747e-02 3.280307e-04
-3.329177e-02 3.293370e-04
-3.312981e-02 3.219219e-04
-3.296129e-02 3.234092e-04
-3.279018e-02 3.232044e-04
-3.262159e-02 3.213976e-04
-3.245818e-02 3.256379e-04
-3.230184e-02 3.231528e-04
-3.214980e-02 3.228340e-04
-3.199173e-02 3.263461e-04
-3.182292e-02 3.188195e-04
-3.165044e-02 3.181002e-04
-3.148206e-02 3.223389e-04
-3.131932e-02 3.206950e-04
-3.116227e-02 3.262318e-04
-3.100912e-02 3.256623e-04
-3.085280e-02 3.181859e-04
-3.068699e-02 3.214132e-04
-3.051505e-02 3.207533e-04
-3.034383e-02 3.198676e-04
-3.017925e-02 3.278897e-04
-3.002208e-02 3.265570e-04
-2.986554e-02 3.239161e-04
-2.970533e-02 3.251688e-04
-2.953914e-02 3.192740e-04
-2.936977e-02 3.188388e-04
-2.920199e-02 3.196954e-04
-2.903762e-02 3.181761e-04
-2.887841e-02 3.231520e-04
-2.872076e-02 3.237835e-04
-2.856020e-02 3.200865e-04
-2.839414e-02 3.222847e-04
-2.822362e-02 3.215851e-04
-2.805375e-02 3.207349e-04
-2.788736e-02 3.235924e-04
-2.772598e-02 3.218426e-04
-2.756946e-02 3.251093e-04
-2.741219e-02 3.265234e-04
-2.724831e-02 3.200595e-04
-2.707899e-02 3.212099e-04
-2.690790e-02 3.208196e-04
-2.673883e-02 3.194598e-04
-2.657593e-02 3.265608e-04
-2.641763e-02 3.261305e-04
-2.625817e-02 3.223676e-04
-2.609420e-02 3.239336e-04
-2.592544e-02 3.208855e-04
-2.575511e-02 3.205116e-04
-2.558708e-02 3.227136e-04
-2.542231e-02 3.217729e-04
-2.526128e-02 3.260311e-04
-2.510206e-02 3.262651e-04
-2.494070e-02 3.227429e-04
-2.477395e-02 3.249279e-04
-2.460284e-02 3.237166e-04
-2.443133e-02 3.232931e-04
-2.426237e-02 3.269790e-04
-2.409901e-02 3.251681e-04
-2.393932e-02 3.256163e-04
-2.377855e-02 3.264184e-04
-2.361340e-02 3.219333e-04
-2.344286e-02 3.233259e-04
-2.326981e-02 3.223980e-04
-2.310160e-02 3.193775e-04
-2.294040e-02 3.232758e-04
-2.278335e-02 3.219619e-04
-2.262619e-02 3.174918e-04
-2.246430e-02 3.189310e-04
-2.229740e-02 3.151603e-04
-2.212909e-02 3.144368e-04
-2.196432e-02 3.177420e-04
-2.180511e-02 3.158056e-04
-2.165001e-02 3.172506e-04
-2.149386e-02 3.183953e-04
-2.133266e-02 3.137516e-04
-2.116629e-02 3.149667e-04
-2.099871e-02 3.157216e-04
-2.083384e-02 3.145741e-04
-2.067322e-02 3.190509e-04
-2.051494e-02 3.190342e-04
-2.035628e-02 3.177256e-04
-2.019871e-02 3.168099e-04
-2.003756e-02 3.088758e-04
-1.987294e-02 3.078878e-04
-1.971072e-02 3.085486e-04
-1.955090e-02 3.075452e-04
-1.939504e-02 3.113393e-04
-1.923960e-02 3.122427e-04
-1.908373e-02 3.146208e-04
-1.892729e-02 3.160298e-04
-1.876467e-02 3.090520e-04
-1.860010e-02 3.077026e-04
-1.843877e-02 3.099304e-04
-1.827963e-02 3.092139e-04
-1.812387e-02 3.122890e-04
-1.796909e-02 3.130201e-04
-1.781159e-02 3.111038e-04
-1.764849e-02 3.135645e-04
-1.748306e-02 3.159193e-04
-1.731895e-02 3.161770e-04
-1.715599e-02 3.193852e-04
-1.699516e-02 3.190447e-04
-1.683644e-02 3.210080e-04
-1.667394e-02 3.241978e-04
-1.650628e-02 3.244547e-04
-1.633248e-02 3.280068e-04
-1.615679e-02 3.353689e-04
-1.598202e-02 3.377075e-04
-1.580865e-02 3.459023e-04
-1.563487e-02 3.491004e-04
-1.545666e-02 3.512639e-04
-1.527255e-02 3.553490e-04
-1.508337e-02 3.575747e-04
-1.489125e-02 3.603759e-04
-1.469913e-02 3.688288e-04
-1.450614e-02 3.721404e-04
-1.431412e-02 3.822252e-04
-1.411541e-02 3.901199e-04
-1.390831e-02 3.988130e-04
-1.367974e-02 4.145688e-04
-1.344484e-02 4.470158e-04
-1.320514e-02 4.618678e-04
-1.295717e-02 4.893075e-04
-1.270980e-02 4.988363e-04
-1.244885e-02 5.036120e-04
-1.217204e-02 5.145104e-04
-1.188545e-02 5.275268e-04
-1.159080e-02 5.374017e-04
-1.129183e-02 5.586550e-04
-1.095560e-02 5.882944e-04
-1.061912e-02 6.690625e-04
-1.017796e-02 7.613756e-04
-9.706223e-03 9.685094e-04
-8.743103e-03 1.337360e-03
-7.675018e-03 2.184026e-03
-7.271446e-03 2.091107e-03
-6.308117e-03 9.013417e-04
-5.395263e-03 4.419456e-04
-5.184095e-03 3.364120e-04
-4.982972e-03 2.926167e-04
-4.830051e-03 2.506112e-04
-4.683508e-03 2.316433e-04
-4.556159e-03 2.113532e-04
-4.436656e-03 1.991958e-04
-4.334143e-03 1.933754e-04
-4.238671e-03 1.871874e-04
-4.145226e-03 1.737124e-04
-4.050623e-03 1.694358e-04
-3.957735e-03 1.601075e-04
-3.866376e-03 1.559430e-04
-3.780092e-03 1.531220e-04
-3.699893e-03 1.483524e-04
-3.626658e-03 1.464326e-04
-3.554346e-03 1.452886e-04
-3.480277e-03 1.391918e-04
-3.404403e-03 1.379826e-04
-3.328225e-03 1.343894e-04
-3.254621e-03 1.316457e-04
-3.185487e-03 1.312091e-04
-3.119780e-03 1.289949e-04
-3.056159e-03 1.265629e-04
-2.992127e-03 1.258471e-04
-2.926590e-03 1.211159e-04
-2.860090e-03 1.200735e-04
-2.793880e-03 1.178795e-04
-2.729986e-03 1.156200e-04
-2.670193e-03 1.159614e-04
-2.612928e-03 1.146454e-04
-2.556246e-03 1.121745e-04
-2.498250e-03 1.119962e-04
-2.438457e-03 1.082989e-04
-2.378756e-03 1.069870e-04
-2.321056e-03 1.066799e-04
-2.265505e-03 1.052796e-04
-2.212169e-03 1.052809e-04
-2.160502e-03 1.042079e-04
-2.109081e-03 1.014403e-04
-2.056386e-03 1.012780e-04
-2.002120e-03 9.839155e-05
-1.948144e-03 9.711106e-05
-1.896471e-03 9.720992e-05
-1.847401e-03 9.574839e-05
-1.800346e-03 9.522711e-05
-1.753415e-03 9.489985e-05
-1.705166e-03 9.161929e-05
-1.655782e-03 9.118341e-05
-1.606730e-03 9.052660e-05
-1.558689e-03 8.962100e-05
-1.512560e-03 9.046135e-05
-1.468836e-03 8.938249e-05
-1.425600e-03 8.703146e-05
-1.381389e-03 8.676895e-05
-1.336223e-03 8.460582e-05
-1.291095e-03 8.374659e-05
-1.246978e-03 8.289028e-05
-1.204355e-03 8.174209e-05
-1.163547e-03 8.173226e-05
-1.123337e-03 8.131378e-05
-1.082754e-03 7.937634e-05
-1.041583e-03 7.908598e-05
-1.000120e-03 7.793864e-05
-9.589545e-04 7.729456e-05
-9.187853e-04 7.702201e-05
-8.801687e-04 7.604442e-05
-8.429966e-04 7.573725e-05
-8.059730e-04 7.548650e-05
-7.682173e-04 7.371309e-05
-7.300600e-04 7.336572e-05
-6.921489e-04 7.267026e-05
-6.551635e-04 7.186395e-05
-6.191575e-04 7.139177e-05
-5.837200e-04 7.083195e-05
-5.487212e-04 6.987458e-05
-5.138638e-04 6.949301e-05
-4.788614e-04 6.832087e-05
-4.438869e-04 6.783555e-05
-4.094148e-04 6.719757e-05
-3.757282e-04 6.654235e-05
-3.428538e-04 6.607678e-05
-3.103275e-04 6.565581e-05
-2.777199e-04 6.447546e-05
-2.452899e-04 6.398777e-05
-2.130212e-04 6.278038e-05
-1.813338e-04 6.199635e-05
-1.503123e-04 6.104454e-05
-1.202690e-04 6.007321e-05
-9.094509e-05 5.846149e-05
-6.243336e-05 5.744093e-05
-3.427088e-05 5.526963e-05
-5.288076e-06 5.495067e-05
2.259013e-05 5.577825e-05
5.120165e-05 5.656240e-05
7.987001e-05 5.873807e-05
1.094504e-04 6.002915e-05
1.400889e-04 6.173689e-05
1.705952e-04 6.231349e-05
2.015760e-04 6.324326e-05
2.328910e-04 6.373564e-05
2.647201e-04 6.412558e-05
2.972639e-04 6.473843e-05
3.303995e-04 6.545332e-05
3.639470e-04 6.591281e-05
3.974190e-04 6.743913e-05
4.305361e-04 6.782157e-05
4.637541e-04 6.858860e-05
4.975406e-04 6.915916e-05
5.323795e-04 6.912051e-05
5.680700e-04 6.966486e-05
6.038697e-04 7.086273e-05
6.397273e-04 7.132930e-05
6.757288e-04 7.252179e-05
7.115262e-04 7.277945e-05
7.472365e-04 7.350162e-05
7.836662e-04 7.424327e-05
8.212584e-04 7.450555e-05
8.598485e-04 7.514831e-05
8.988286e-04 7.614186e-05
9.376449e-04 7.645244e-05
9.759461e-04 7.832118e-05
1.014157e-03 7.888664e-05
1.052728e-03 7.970538e-05
1.092163e-03 8.057237e-05
1.133318e-03 8.026524e-05
1.175867e-03 8.093724e-05
1.218138e-03 8.311267e-05
1.259430e-03 8.336267e-05
1.300618e-03 8.422822e-05
1.341890e-03 8.453371e-05
1.383451e-03 8.506115e-05
1.427480e-03 8.679050e-05
1.473747e-03 8.770436e-05
1.519840e-03 8.786851e-05
1.564987e-03 9.006719e-05
1.609396e-03 9.047754e-05
1.653279e-03 9.232265e-05
1.698187e-03 9.353887e-05
1.745663e-03 9.281434e-05
1.795216e-03 9.386415e-05
1.845109e-03 9.603576e-05
1.894130e-03 9.629552e-05
1.942333e-03 9.856602e-05
1.990234e-03 9.913566e-05
2.038623e-03 9.971686e-05
2.089347e-03 1.013951e-04
2.142844e-03 1.016220e-04
2.197657e-03 1.024250e-04
2.251714e-03 1.057221e-04
2.304149e-03 1.060055e-04
2.355803e-03 1.082992e-04
2.408287e-03 1.095499e-04
2.463204e-03 1.087632e-04
2.521425e-03 1.105376e-04
2.581934e-03 1.118592e-04
2.642303e-03 1.121760e-04
2.700433e-03 1.165753e-04
2.756824e-03 1.171929e-04
2.813204e-03 1.189260e-04
2.872354e-03 1.211303e-04
2.936161e-03 1.197237e-04
3.003083e-03 1.211699e-04
3.069597e-03 1.256310e-04
3.134917e-03 1.264349e-04
3.198553e-03 1.317113e-04
3.261347e-03 1.331950e-04
3.326610e-03 1.329574e-04
3.396920e-03 1.359010e-04
3.471036e-03 1.379886e-04
3.545695e-03 1.389740e-04
3.619004e-03 1.436968e-04
3.691358e-03 1.449183e-04
3.762965e-03 1.498365e-04
3.837214e-03 1.530914e-04
3.917179e-03 1.523174e-04
4.003687e-03 1.560688e-04
4.091707e-03 1.642688e-04
4.180720e-03 1.677089e-04
4.268446e-03 1.790863e-04
4.355791e-03 1.830703e-04
4.446059e-03 1.896224e-04
4.547184e-03 1.983696e-04
4.657279e-03 2.073377e-04
4.779157e-03 2.177729e-04
4.905024e-03 2.405438e-04
5.041130e-03 2.547319e-04
5.177214e-03 2.936745e-04
5.354533e-03 3.326250e-04
5.550516e-03 4.096133e-04
6.592831e-03 9.440844e-04
7.672622e-03 2.367933e-03
8.049407e-03 2.460438e-03
9.205378e-03 1.416227e-03
1.027523e-02 9.875537e-04
1.073436e-02 8.168862e-04
1.116123e-02 7.366304e-04
1.152406e-02 6.189068e-04
1.189055e-02 5.786735e-04
1.220096e-02 5.614530e-04
1.249931e-02 5.476284e-04
1.278097e-02 5.360132e-04
1.305403e-02 5.270320e-04
1.332021e-02 5.145068e-04
1.358742e-02 5.102562e-04
1.385459e-02 4.975623e-04
1.410593e-02 4.838311e-04
1.435397e-02 4.520559e-04
1.458901e-02 4.325043e-04
1.480432e-02 4.102729e-04
1.501474e-02 3.996121e-04
1.521554e-02 3.867519e-04
1.541822e-02 3.829845e-04
1.561917e-02 3.747042e-04
1.581652e-02 3.698239e-04
1.600626e-02 3.689564e-04
1.618936e-02 3.644068e-04
1.636892e-02 3.583479e-04
1.654878e-02 3.565925e-04
1.673146e-02 3.463508e-04
1.691820e-02 3.448509e-04
1.710158e-02 3.469240e-04
1.727565e-02 3.423139e-04
1.744383e-02 3.386429e-04
1.761121e-02 3.366078e-04
1.777876e-02 3.313062e-04
1.794883e-02 3.311359e-04
1.812157e-02 3.255967e-04
1.829402e-02 3.234282e-04
1.846101e-02 3.271210e-04
1.862365e-02 3.256196e-04
1.878346e-02 3.255456e-04
1.894320e-02 3.256981e-04
1.910686e-02 3.202006e-04
1.927428e-02 3.202605e-04
1.944248e-02 3.185263e-04
1.960824e-02 3.166537e-04
1.976971e-02 3.192018e-04
1.992876e-02 3.184532e-04
2.008595e-02 3.188825e-04
2.024614e-02 3.210531e-04
2.041222e-02 3.178584e-04
2.058252e-02 3.190263e-04
2.075134e-02 3.241394e-04
2.091494e-02 3.230656e-04
2.107628e-02 3.238539e-04
2.123689e-02 3.234861e-04
2.139721e-02 3.235749e-04
2.156327e-02 3.272728e-04
2.173472e-02 3.279451e-04
2.190745e-02 3.287252e-04
2.208119e-02 3.298265e-04
2.224836e-02 3.265004e-04
2.240843e-02 3.284499e-04
2.256879e-02 3.293309e-04
2.273360e-02 3.249855e-04
2.290288e-02 3.258803e-04
2.307444e-02 3.239543e-04
2.324719e-02 3.241924e-04
2.341681e-02 3.306900e-04
2.358035e-02 3.291643e-04
2.374099e-02 3.291467e-04
2.390433e-02 3.309824e-04
2.407236e-02 3.288604e-04
2.424756e-02 3.321669e-04
2.442538e-02 3.363426e-04
2.459791e-02 3.348934e-04
2.476483e-02 3.408607e-04
2.492706e-02 3.399624e-04
2.508990e-02 3.358015e-04
2.525654e-02 3.368155e-04
2.542853e-02 3.307199e-04
2.560621e-02 3.317018e-04
2.578355e-02 3.356142e-04
2.595503e-02 3.337353e-04
2.611982e-02 3.390156e-04
2.628284e-02 3.396225e-04
2.645065e-02 3.339557e-04
2.662544e-02 3.363350e-04
2.680457e-02 3.350869e-04
2.698130e-02 3.329697e-04
2.715334e-02 3.355548e-04
2.732148e-02 3.343823e-04
2.748566e-02 3.370968e-04
2.765140e-02 3.390083e-04
2.782259e-02 3.358601e-04
2.799867e-02 3.374367e-04
2.817723e-02 3.370705e-04
2.835371e-02 3.359201e-04
2.852869e-02 3.358443e-04
2.869964e-02 3.331689e-04
2.886367e-02 3.366451e-04
2.902881e-02 3.387913e-04
2.920216e-02 3.316873e-04
2.938124e-02 3.323433e-04
2.955855e-02 3.364854e-04
2.973042e-02 3.349339e-04
2.989816e-02 3.381656e-04
3.006186e-02 3.366809e-04
3.022536e-02 3.322533e-04
3.039642e-02 3.354267e-04
3.057485e-02 3.319567e-04
3.075353e-02 3.306228e-04
3.092860e-02 3.335692e-04
3.109740e-02 3.310995e-04
3.125813e-02 3.370541e-04
3.142131e-02 3.404420e-04
3.159445e-02 3.339098e-04
3.177195e-02 3.344090e-04
3.194937e-02 3.353035e-04
3.212338e-02 3.335870e-04
3.229184e-02 3.387290e-04
3.245493e-02 3.371294e-04
3.261758e-02 3.327756e-04
3.278647e-02 3.351816e-04
3.296242e-02 3.307160e-04
3.314224e-02 3.312090e-04
3.331810e-02 3.385554e-04
3.348361e-02 3.352100e-04
3.364352e-02 3.358807e-04
3.380581e-02 3.373180e-04
3.397379e-02 3.311873e-04
3.414855e-02 3.332771e-04
3.432800e-02 3.318985e-04
3.450749e-02 3.312147e-04
3.467962e-02 3.409862e-04
3.484150e-02 3.385808e-04
3.500247e-02 3.340417e-04
3.517030e-02 3.362924e-04
3.534568e-02 3.293358e-04
3.552517e-02 3.295197e-04
3.570090e-02 3.362664e-04
3.587150e-02 3.353837e-04
3.603735e-02 3.414773e-04
3.619873e-02 3.412208e-04
3.636212e-02 3.365278e-04
3.653224e-02 3.386466e-04
3.670879e-02 3.344696e-04
3.688623e-02 3.337331e-04
3.706135e-02 3.349232e-04
