-9.677300e-02 3.767696e-04
-9.658932e-02 3.956492e-04
-9.641612e-02 3.960794e-04
-9.623747e-02 3.881126e-04
-9.604871e-02 3.913831e-04
-9.584752e-02 3.795581e-04
-9.563804e-02 3.803364e-04
-9.543277e-02 3.895991e-04
-9.523775e-02 3.849782e-04
-9.505390e-02 3.907403e-04
-9.487567e-02 3.912243e-04
-9.469090e-02 3.817575e-04
-9.449170e-02 3.869549e-04
-9.428328e-02 3.860802e-04
-9.407732e-02 3.842934e-04
-9.388203e-02 3.969983e-04
-9.370143e-02 3.928153e-04
-9.352369e-02 3.859804e-04
-9.333367e-02 3.908519e-04
-9.313212e-02 3.852715e-04
-9.292344e-02 3.875118e-04
-9.271462e-02 3.934566e-04
-9.251809e-02 3.882529e-04
-9.233431e-02 3.949152e-04
-9.215444e-02 3.949790e-04
-9.197224e-02 3.912882e-04
-9.177776e-02 3.972927e-04
-9.156326e-02 3.855175e-04
-9.134898e-02 3.811879e-04
-9.115222e-02 3.935375e-04
-9.096649e-02 3.912910e-04
-9.078649e-02 3.947008e-04
-9.060317e-02 3.979341e-04
-9.040719e-02 3.855845e-04
-9.019950e-02 3.882374e-04
-8.999017e-02 3.928785e-04
-8.979083e-02 3.885041e-04
-8.960359e-02 3.967234e-04
-8.942172e-02 3.964231e-04
-8.923765e-02 3.918661e-04
-8.904234e-02 3.952126e-04
-8.883334e-02 3.817042e-04
-8.861893e-02 3.818346e-04
-8.841281e-02 3.958977e-04
-8.822203e-02 3.918069e-04
-8.803989e-02 3.947399e-04
-8.785861e-02 3.952766e-04
-8.767024e-02 3.850214e-04
-8.746859e-02 3.892432e-04
-8.725824e-02 3.865211e-04
-8.705056e-02 3.839349e-04
-8.685306e-02 3.935994e-04
-8.666693e-02 3.903052e-04
-8.648820e-02 3.934550e-04
-8.630399e-02 3.978752e-04
-8.610517e-02 3.859625e-04
-8.589628e-02 3.876737e-04
-8.568670e-02 3.912495e-04
-8.548450e-02 3.881210e-04
-8.529182e-02 4.002505e-04
-8.510744e-02 3.995862e-04
-8.492195e-02 3.908853e-04
-8.472523e-02 3.945586e-04
-8.451706e-02 3.854899e-04
-8.430553e-02 3.842722e-04
-8.410275e-02 3.956352e-04
-8.391234e-02 3.922271e-04
-8.372883e-02 3.943686e-04
-8.354279e-02 3.966657e-04
-8.334686e-02 3.863832e-04
-8.313666e-02 3.894968e-04
-8.292283e-02 3.922124e-04
-8.271968e-02 3.885438e-04
-8.252931e-02 3.995242e-04
-8.234680e-02 3.987858e-04
-8.216342e-02 3.952657e-04
-8.196798e-02 4.011919e-04
-8.175705e-02 3.919572e-04
-8.154435e-02 3.896649e-04
-8.134022e-02 3.974647e-04
-8.114716e-02 3.936706e-04
-8.096337e-02 3.985259e-04
-8.077779e-02 4.013548e-04
-8.058040e-02 3.896416e-04
-8.037212e-02 3.919138e-04
-8.016141e-02 3.942138e-04
-7.995626e-02 3.917364e-04
-7.976063e-02 4.006297e-04
-7.957330e-02 3.988783e-04
-7.938554e-02 3.983550e-04
-7.919143e-02 4.019506e-04
-7.898801e-02 3.913079e-04
-7.877573e-02 3.928540e-04
-7.856471e-02 3.993039e-04
-7.836381e-02 3.954951e-04
-7.817403e-02 4.036146e-04
-7.798856e-02 4.039185e-04
-7.779779e-02 3.958440e-04
-7.759570e-02 3.998029e-04
-7.738457e-02 3.956042e-04
-7.717021e-02 3.942151e-04
-7.696375e-02 4.036220e-04
-7.677095e-02 4.006253e-04
-7.658423e-02 4.024093e-04
-7.639305e-02 4.057236e-04
-7.618959e-02 3.945841e-04
-7.597758e-02 3.956601e-04
-7.576638e-02 3.999705e-04
-7.556227e-02 3.972962e-04
-7.536901e-02 4.078411e-04
-7.518248e-02 4.076303e-04
-7.499020e-02 3.975344e-04
-7.478557e-02 4.012612e-04
-7.457294e-02 3.983492e-04
-7.436092e-02 3.969354e-04
-7.415725e-02 4.068147e-04
-7.396479e-02 4.036772e-04
-7.377709e-02 4.028466e-04
-7.358390e-02 4.058197e-04
-7.337688e-02 3.960644e-04
-7.316015e-02 3.984224e-04
-7.294594e-02 4.041264e-04
-7.274143e-02 4.003127e-04
-7.254797e-02 4.083187e-04
-7.235899e-02 4.084760e-04
-7.216731e-02 4.043496e-04
-7.196271e-02 4.106765e-04
-7.174383e-02 4.042110e-04
-7.152677e-02 4.007911e-04
-7.132217e-02 4.122696e-04
-7.112517e-02 4.099483e-04
-7.093129e-02 4.085637e-04
-7.073473e-02 4.115285e-04
-7.052743e-02 4.019639e-04
-7.031123e-02 4.038228e-04
-7.009510e-02 4.090694e-04
-6.988792e-02 4.056185e-04
-6.969127e-02 4.134931e-04
-6.949916e-02 4.136255e-04
-6.930264e-02 4.066890e-04
-6.909501e-02 4.108228e-04
-6.887855e-02 4.076806e-04
-6.866117e-02 4.071023e-04
-6.845060e-02 4.167783e-04
-6.825224e-02 4.129780e-04
-6.806023e-02 4.129549e-04
-6.786346e-02 4.157936e-04
-6.765648e-02 4.067679e-04
-6.743976e-02 4.093285e-04
-6.721742e-02 4.122469e-04
-6.700246e-02 4.089071e-04
-6.680147e-02 4.178037e-04
-6.660625e-02 4.174935e-04
-6.640885e-02 4.129346e-04
-6.620296e-02 4.164331e-04
-6.598694e-02 4.090829e-04
-6.576736e-02 4.085944e-04
-6.555294e-02 4.159310e-04
-6.534691e-02 4.134844e-04
-6.514952e-02 4.212320e-04
-6.495104e-02 4.227709e-04
-6.474367e-02 4.121278e-04
-6.452893e-02 4.146211e-04
-6.430908e-02 4.130788e-04
-6.409240e-02 4.106222e-04
-6.388569e-02 4.202943e-04
-6.368806e-02 4.183626e-04
-6.349125e-02 4.143668e-04
-6.328614e-02 4.178759e-04
-6.307109e-02 4.111273e-04
-6.285086e-02 4.117790e-04
-6.263434e-02 4.197227e-04
-6.242840e-02 4.162719e-04
-6.223075e-02 4.204173e-04
-6.203349e-02 4.216820e-04
-6.182956e-02 4.141546e-04
-6.161409e-02 4.183273e-04
-6.139018e-02 4.159141e-04
-6.117060e-02 4.124549e-04
-6.095961e-02 4.224151e-04
-6.075747e-02 4.206697e-04
-6.056032e-02 4.188904e-04
-6.035706e-02 4.219440e-04
-6.014330e-02 4.127518e-04
-5.992220e-02 4.139007e-04
-5.970290e-02 4.201351e-04
-5.949350e-02 4.163741e-04
-5.929350e-02 4.217337e-04
-5.909524e-02 4.226011e-04
-5.889286e-02 4.180480e-04
-5.867846e-02 4.217302e-04
-5.845477e-02 4.165004e-04
-5.823274e-02 4.155117e-04
-5.801747e-02 4.239618e-04
-5.781209e-02 4.211058e-04
-5.761298e-02 4.235574e-04
-5.741190e-02 4.256153e-04
-5.720226e-02 4.171518e-04
-5.698328e-02 4.196743e-04
-5.676130e-02 4.216885e-04
-5.654708e-02 4.177786e-04
-5.634165e-02 4.214848e-04
-5.613977e-02 4.206992e-04
-5.593728e-02 4.175128e-04
-5.572711e-02 4.209499e-04
-5.550845e-02 4.164361e-04
-5.528841e-02 4.156353e-04
-5.507372e-02 4.222745e-04
-5.486818e-02 4.192119e-04
-5.466599e-02 4.216210e-04
-5.446275e-02 4.230851e-04
-5.425518e-02 4.145839e-04
-5.403901e-02 4.167364e-04
-5.381905e-02 4.163293e-04
-5.360317e-02 4.137073e-04
-5.339669e-02 4.222476e-04
-5.319763e-02 4.208300e-04
-5.299871e-02 4.171323e-04
-5.279293e-02 4.199572e-04
-5.257766e-02 4.118318e-04
-5.235675e-02 4.123308e-04
-5.213976e-02 4.203328e-04
-5.192947e-02 4.172580e-04
-5.172642e-02 4.207490e-04
-5.152702e-02 4.217232e-04
-5.132356e-02 4.176947e-04
-5.110960e-02 4.225060e-04
-5.088543e-02 4.189187e-04
-5.066470e-02 4.155643e-04
-5.045488e-02 4.243328e-04
-5.025325e-02 4.226126e-04
-5.005385e-02 4.215326e-04
-4.984861e-02 4.246257e-04
-4.963375e-02 4.172748e-04
-4.941322e-02 4.180063e-04
-4.919406e-02 4.222821e-04
-4.898195e-02 4.196141e-04
-4.877781e-02 4.254227e-04
-4.857784e-02 4.250309e-04
-4.837480e-02 4.188636e-04
-4.816194e-02 4.225037e-04
-4.793760e-02 4.187817e-04
-4.771394e-02 4.170742e-04
-4.750129e-02 4.254345e-04
-4.729746e-02 4.230968e-04
-4.709739e-02 4.229245e-04
-4.689340e-02 4.252335e-04
-4.668030e-02 4.163036e-04
-4.645996e-02 4.174820e-04
-4.623995e-02 4.213185e-04
-4.602905e-02 4.171799e-04
-4.582744e-02 4.213062e-04
-4.562318e-02 4.224798e-04
-4.541343e-02 4.165254e-04
-4.519882e-02 4.192025e-04
-4.497826e-02 4.167854e-04
-4.476011e-02 4.144745e-04
-4.455054e-02 4.222704e-04
-4.434944e-02 4.200239e-04
-4.415130e-02 4.186792e-04
-4.394818e-02 4.211628e-04
-4.373553e-02 4.122791e-04
-4.351699e-02 4.125939e-04
-4.330085e-02 4.174549e-04
-4.309294e-02 4.142987e-04
-4.289275e-02 4.183291e-04
-4.269484e-02 4.184192e-04
-4.249258e-02 4.114750e-04
-4.228428e-02 4.125822e-04
-4.207065e-02 4.068657e-04
-4.185545e-02 4.057466e-04
-4.164372e-02 4.135844e-04
-4.144134e-02 4.107921e-04
-4.124656e-02 4.105826e-04
-4.104952e-02 4.118747e-04
-4.084628e-02 4.050236e-04
-4.063478e-02 4.075656e-04
-4.041967e-02 4.085639e-04
-4.021192e-02 4.044751e-04
-4.001356e-02 4.089263e-04
-3.981922e-02 4.080877e-04
-3.962377e-02 4.038792e-04
-3.941835e-02 4.065404e-04
-3.920591e-02 4.022662e-04
-3.899641e-02 4.007928e-04
-3.879171e-02 4.046544e-04
-3.859267e-02 4.026672e-04
-3.839780e-02 4.040522e-04
-3.820268e-02 4.047019e-04
-3.800258e-02 3.982717e-04
-3.779668e-02 3.994158e-04
-3.758977e-02 4.009217e-04
-3.738621e-02 3.994677e-04
-3.718796e-02 4.042327e-04
-3.699334e-02 4.037897e-04
-3.679791e-02 4.012230e-04
-3.659858e-02 4.026202e-04
-3.639439e-02 3.984363e-04
-3.618761e-02 3.984675e-04
-3.598347e-02 4.029007e-04
-3.578477e-02 4.012477e-04
-3.558646e-02 4.023819e-04
-3.538747e-02 4.031857e-04
-3.518836e-02 4.001516e-04
-3.498480e-02 4.017616e-04
-3.477812e-02 4.010001e-04
-3.457328e-02 3.996147e-04
-3.437344e-02 4.041795e-04
-3.417723e-02 4.036188e-04
-3.398122e-02 4.024071e-04
-3.378133e-02 4.043279e-04
-3.357679e-02 4.018459e-04
-3.336691e-02 4.023252e-04
-3.315782e-02 4.050267e-04
-3.295610e-02 4.034098e-04
-3.275841e-02 4.056120e-04
-3.256157e-02 4.059032e-04
-3.236260e-02 4.031849e-04
-3.215977e-02 4.045072e-04
-3.195357e-02 4.025947e-04
-3.174661e-02 4.023624e-04
-3.154198e-02 4.055870e-04
-3.134169e-02 4.041642e-04
-3.114455e-02 4.054591e-04
-3.094811e-02 4.055146e-04
-3.074922e-02 4.016223e-04
-3.054473e-02 4.035638e-04
-3.033698e-02 4.035369e-04
-3.013182e-02 4.019748e-04
-2.993095e-02 4.047467e-04
-2.973376e-02 4.035513e-04
-2.953421e-02 4.013663e-04
-2.933110e-02 4.027075e-04
-2.912703e-02 3.997342e-04
-2.892196e-02 3.992787e-04
-2.871895e-02 4.015023e-04
-2.851966e-02 4.000552e-04
-2.832353e-02 4.013628e-04
-2.812738e-02 4.018484e-04
-2.792899e-02 3.994310e-04
-2.772698e-02 4.007532e-04
-2.752197e-02 3.993771e-04
-2.731517e-02 3.981362e-04
-2.711251e-02 4.016175e-04
-2.691568e-02 4.011848e-04
-2.671976e-02 4.014994e-04
-2.652211e-02 4.026518e-04
-2.632064e-02 3.995327e-04
-2.611644e-02 4.000340e-04
-2.591263e-02 4.020463e-04
-2.571166e-02 4.010714e-04
-2.551398e-02 4.038164e-04
-2.531762e-02 4.040224e-04
-2.511946e-02 4.016187e-04
-2.491755e-02 4.029923e-04
-2.471246e-02 4.015459e-04
-2.450678e-02 4.013753e-04
-2.430357e-02 4.049760e-04
-2.410391e-02 4.041571e-04
-2.390597e-02 4.047422e-04
-2.370640e-02 4.059272e-04
-2.350064e-02 4.040077e-04
-2.329242e-02 4.048058e-04
-2.308633e-02 4.054733e-04
-2.288261e-02 4.042823e-04
-2.268246e-02 4.069758e-04
-2.248388e-02 4.069884e-04
-2.228435e-02 4.054224e-04
-2.208164e-02 4.067853e-04
-2.187556e-02 4.049023e-04
-2.166870e-02 4.047023e-04
-2.146425e-02 4.082218e-04
-2.125999e-02 4.075195e-04
-2.105743e-02 4.083882e-04
-2.085516e-02 4.103768e-04
-2.064951e-02 4.102751e-04
-2.044140e-02 4.116986e-04
-2.023169e-02 4.129666e-04
-2.002303e-02 4.127925e-04
-1.981717e-02 4.169303e-04
-1.961289e-02 4.174795e-04
-1.940783e-02 4.177174e-04
-1.919998e-02 4.194743e-04
-1.898897e-02 4.191194e-04
-1.877633e-02 4.199674e-04
-1.856351e-02 4.220123e-04
-1.835138e-02 4.223403e-04
-1.814117e-02 4.264358e-04
-1.793171e-02 4.274689e-04
-1.772119e-02 4.285700e-04
-1.750677e-02 4.313033e-04
-1.728446e-02 4.312168e-04
-1.706119e-02 4.317879e-04
-1.684282e-02 4.361256e-04
-1.662696e-02 4.361635e-04
-1.641237e-02 4.384146e-04
-1.619739e-02 4.394610e-04
-1.597954e-02 4.375427e-04
-1.575866e-02 4.386839e-04
-1.553586e-02 4.386153e-04
-1.531454e-02 4.376952e-04
-1.509604e-02 4.398837e-04
-1.487740e-02 4.387595e-04
-1.465930e-02 4.365156e-04
-1.444293e-02 4.366633e-04
-1.422427e-02 4.332986e-04
-1.400421e-02 4.329263e-04
-1.378469e-02 4.328112e-04
-1.356845e-02 4.308143e-04
-1.335556e-02 4.308200e-04
-1.314454e-02 4.296989e-04
-1.293331e-02 4.262440e-04
-1.272058e-02 4.258925e-04
-1.250592e-02 4.217278e-04
-1.229175e-02 4.199313e-04
-1.208085e-02 4.203764e-04
-1.187414e-02 4.180335e-04
-1.166979e-02 4.154496e-04
-1.146481e-02 4.148928e-04
-1.125826e-02 4.107685e-04
-1.105129e-02 4.095343e-04
-1.084457e-02 4.065513e-04
-1.063995e-02 4.042265e-04
-1.043584e-02 4.037043e-04
-1.023482e-02 4.016503e-04
-1.003819e-02 3.982032e-04
-9.841236e-03 3.971709e-04
-9.643001e-03 3.921343e-04
-9.444266e-03 3.906303e-04
-9.246955e-03 3.888393e-04
-9.053160e-03 3.860706e-04
-8.862714e-03 3.839977e-04
-8.673883e-03 3.822775e-04
-8.485627e-03 3.784507e-04
-8.294417e-03 3.771468e-04
-8.102410e-03 3.722433e-04
-7.914693e-03 3.696148e-04
-7.729752e-03 3.669311e-04
-7.548471e-03 3.637735e-04
-7.370121e-03 3.598851e-04
-7.193158e-03 3.576518e-04
-7.015855e-03 3.509109e-04
-6.839418e-03 3.479565e-04
-6.665045e-03 3.431952e-04
-6.494144e-03 3.393998e-04
-6.326892e-03 3.349320e-04
-6.162963e-03 3.313314e-04
-6.000690e-03 3.241071e-04
-5.839193e-03 3.210320e-04
-5.679226e-03 3.150546e-04
-5.521007e-03 3.118499e-04
-5.365594e-03 3.076220e-04
-5.213478e-03 3.041232e-04
-5.062084e-03 2.993672e-04
-4.912492e-03 2.965478e-04
-4.766250e-03 2.904954e-04
-4.621470e-03 2.874404e-04
-4.478146e-03 2.813743e-04
-4.337419e-03 2.776280e-04
-4.200126e-03 2.729712e-04
-4.064873e-03 2.700671e-04
-3.932039e-03 2.660465e-04
-3.800696e-03 2.637031e-04
-3.670037e-03 2.583220e-04
-3.539317e-03 2.552724e-04
-3.410575e-03 2.501643e-04
-3.286276e-03 2.468216e-04
-3.164842e-03 2.423079e-04
-3.044654e-03 2.399317e-04
-2.926076e-03 2.360203e-04
-2.809268e-03 2.335485e-04
-2.693597e-03 2.285877e-04
-2.579146e-03 2.260653e-04
-2.466703e-03 2.224052e-04
-2.356769e-03 2.195825e-04
-2.248919e-03 2.152184e-04
-2.142307e-03 2.129011e-04
-2.036865e-03 2.084238e-04
-1.932621e-03 2.060893e-04
-1.830342e-03 2.028780e-04
-1.729410e-03 2.009124e-04
-1.629992e-03 1.979774e-04
-1.532334e-03 1.958647e-04
-1.434552e-03 1.922053e-04
-1.337812e-03 1.902476e-04
-1.243284e-03 1.860489e-04
-1.150245e-03 1.836431e-04
-1.059221e-03 1.803311e-04
-9.696535e-04 1.782621e-04
-8.817340e-04 1.752711e-04
-7.949769e-04 1.734955e-04
-7.092294e-04 1.702461e-04
-6.252350e-04 1.680207e-04
-5.424764e-04 1.638983e-04
-4.599091e-04 1.615740e-04
-3.790452e-04 1.580001e-04
-3.011482e-04 1.556704e-04
-2.244567e-04 1.512180e-04
-1.484242e-04 1.492317e-04
-7.413678e-05 1.465580e-04
1.233172e-06 1.462612e-04
7.502397e-05 1.479884e-04
1.503871e-04 1.495751e-04
2.259022e-04 1.536675e-04
3.025823e-04 1.558430e-04
3.810156e-04 1.589626e-04
4.613738e-04 1.612407e-04
5.429424e-04 1.655420e-04
6.256283e-04 1.677645e-04
7.099014e-04 1.712888e-04
7.956238e-04 1.734288e-04
8.830333e-04 1.765598e-04
9.717944e-04 1.784994e-04
1.063037e-03 1.820511e-04
1.155597e-03 1.841338e-04
1.248335e-03 1.873444e-04
1.342516e-03 1.893687e-04
1.437887e-03 1.930061e-04
1.535153e-03 1.954564e-04
1.634206e-03 1.992758e-04
1.734175e-03 2.011990e-04
1.835045e-03 2.050419e-04
1.938981e-03 2.073195e-04
2.044497e-03 2.109656e-04
2.150390e-03 2.134411e-04
2.258193e-03 2.171324e-04
2.367632e-03 2.194443e-04
2.478258e-03 2.238761e-04
2.590169e-03 2.262449e-04
2.703644e-03 2.302105e-04
2.819038e-03 2.327908e-04
2.936347e-03 2.367641e-04
3.056029e-03 2.396183e-04
3.177831e-03 2.440098e-04
3.300692e-03 2.462302e-04
3.424002e-03 2.516309e-04
3.549042e-03 2.546168e-04
3.676440e-03 2.589796e-04
3.806927e-03 2.624031e-04
3.940290e-03 2.671207e-04
4.075370e-03 2.698522e-04
4.213859e-03 2.752314e-04
4.353451e-03 2.778483e-04
4.492232e-03 2.830342e-04
4.633551e-03 2.864286e-04
4.777993e-03 2.906258e-04
4.925488e-03 2.939774e-04
5.075013e-03 2.999014e-04
5.225627e-03 3.026844e-04
5.377235e-03 3.087689e-04
5.530295e-03 3.118284e-04
5.685972e-03 3.159474e-04
5.847811e-03 3.196743e-04
6.012883e-03 3.245900e-04
6.178544e-03 3.281543e-04
6.345342e-03 3.361373e-04
6.512521e-03 3.392502e-04
6.681226e-03 3.453377e-04
6.852078e-03 3.488208e-04
7.026746e-03 3.521476e-04
7.204819e-03 3.553852e-04
7.385415e-03 3.601720e-04
7.566942e-03 3.624582e-04
7.748676e-03 3.684402e-04
7.930264e-03 3.705150e-04
8.113510e-03 3.735136e-04
8.299300e-03 3.761182e-04
8.488676e-03 3.773979e-04
8.681078e-03 3.796703e-04
8.876865e-03 3.851894e-04
9.071602e-03 3.865627e-04
9.263218e-03 3.907678e-04
9.455527e-03 3.926952e-04
9.650501e-03 3.935742e-04
9.849004e-03 3.960239e-04
1.004995e-02 3.987254e-04
1.025204e-02 4.003770e-04
1.045418e-02 4.048699e-04
1.065489e-02 4.056090e-04
1.085463e-02 4.092992e-04
1.105985e-02 4.120522e-04
1.126934e-02 4.125467e-04
1.147844e-02 4.143587e-04
1.168890e-02 4.171252e-04
1.189873e-02 4.177424e-04
1.210680e-02 4.223450e-04
1.231428e-02 4.236535e-04
1.252381e-02 4.238702e-04
1.273760e-02 4.264907e-04
1.295432e-02 4.288985e-04
1.317136e-02 4.299595e-04
1.338720e-02 4.348690e-04
1.360064e-02 4.352074e-04
1.381406e-02 4.361781e-04
1.402947e-02 4.377162e-04
1.424841e-02 4.361219e-04
1.447063e-02 4.375026e-04
1.469382e-02 4.397108e-04
1.491466e-02 4.391040e-04
1.513553e-02 4.429436e-04
1.535506e-02 4.435099e-04
1.557342e-02 4.414445e-04
1.579523e-02 4.427949e-04
1.601986e-02 4.418219e-04
1.624331e-02 4.407600e-04
1.646437e-02 4.418230e-04
1.668229e-02 4.403041e-04
1.689787e-02 4.400202e-04
1.711651e-02 4.397677e-04
1.733775e-02 4.347033e-04
1.755756e-02 4.340043e-04
1.777782e-02 4.313126e-04
1.799555e-02 4.288280e-04
1.820857e-02 4.297488e-04
1.841819e-02 4.280499e-04
1.862694e-02 4.247769e-04
1.883750e-02 4.246715e-04
1.905069e-02 4.200267e-04
1.926582e-02 4.195088e-04
1.947881e-02 4.216268e-04
1.968735e-02 4.197372e-04
1.989256e-02 4.200135e-04
2.009714e-02 4.197333e-04
2.030366e-02 4.157447e-04
2.051287e-02 4.159063e-04
2.072330e-02 4.143215e-04
2.093278e-02 4.131801e-04
2.114287e-02 4.141958e-04
2.134908e-02 4.122189e-04
2.154994e-02 4.104511e-04
2.175357e-02 4.114934e-04
2.196083e-02 4.082730e-04
2.216963e-02 4.080477e-04
2.237748e-02 4.090265e-04
2.258207e-02 4.074087e-04
2.278277e-02 4.094545e-04
2.298309e-02 4.099528e-04
2.318605e-02 4.068773e-04
2.339589e-02 4.080597e-04
2.360718e-02 4.089809e-04
2.381426e-02 4.086376e-04
2.401860e-02 4.122003e-04
2.421879e-02 4.109972e-04
2.441861e-02 4.082537e-04
2.462115e-02 4.088812e-04
2.482661e-02 4.057848e-04
2.503417e-02 4.059193e-04
2.524130e-02 4.069994e-04
2.544461e-02 4.051077e-04
2.564352e-02 4.071490e-04
2.584168e-02 4.074395e-04
2.604230e-02 4.041896e-04
2.624669e-02 4.052762e-04
2.645368e-02 4.040062e-04
2.666081e-02 4.036352e-04
2.686781e-02 4.079404e-04
2.707035e-02 4.068105e-04
2.726792e-02 4.068635e-04
2.746687e-02 4.077184e-04
2.766937e-02 4.041162e-04
2.787554e-02 4.050455e-04
2.808309e-02 4.053000e-04
2.828829e-02 4.039650e-04
2.848862e-02 4.084540e-04
2.868603e-02 4.082981e-04
2.888519e-02 4.049290e-04
2.909232e-02 4.066808e-04
2.930315e-02 4.054177e-04
2.951161e-02 4.053788e-04
2.971662e-02 4.109713e-04
2.991672e-02 4.100588e-04
3.011516e-02 4.102909e-04
3.031599e-02 4.118019e-04
3.052135e-02 4.084695e-04
3.073033e-02 4.094195e-04
3.093987e-02 4.111097e-04
3.114671e-02 4.101056e-04
3.134992e-02 4.133172e-04
3.154962e-02 4.123769e-04
3.174976e-02 4.090559e-04
3.195530e-02 4.110863e-04
3.216527e-02 4.093731e-04
3.237493e-02 4.085659e-04
3.258224e-02 4.102254e-04
3.278634e-02 4.089086e-04
3.298930e-02 4.123288e-04
3.319233e-02 4.135853e-04
3.339732e-02 4.085951e-04
3.360638e-02 4.092725e-04
3.381688e-02 4.087322e-04
3.402473e-02 4.069388e-04
3.422720e-02 4.110363e-04
3.442667e-02 4.107000e-04
3.462638e-02 4.093786e-04
3.483161e-02 4.103739e-04
3.504156e-02 4.052840e-04
3.525154e-02 4.053201e-04
3.545914e-02 4.093605e-04
3.566151e-02 4.076927e-04
3.586002e-02 4.094482e-04
3.605706e-02 4.092027e-04
3.625773e-02 4.025262e-04
3.646579e-02 4.045310e-04
3.667612e-02 4.063325e-04
3.688402e-02 4.055343e-04
3.708711e-02 4.112726e-04
3.728451e-02 4.099454e-04
3.748141e-02 4.071117e-04
3.768301e-02 4.089001e-04
3.788943e-02 4.058765e-04
3.809861e-02 4.064334e-04
3.830741e-02 4.086205e-04
3.851181e-02 4.067829e-04
3.871411e-02 4.103148e-04
3.891496e-02 4.106904e-04
3.911559e-02 4.069237e-04
3.932189e-02 4.090035e-04
3.953314e-02 4.064526e-04
3.974445e-02 4.055760e-04
3.995001e-02 4.128331e-04
4.014950e-02 4.117571e-04
4.034779e-02 4.107626e-04
4.054972e-02 4.126029e-04
4.075638e-02 4.097487e-04
4.097121e-02 4.117626e-04
4.118722e-02 4.154526e-04
4.139659e-02 4.146697e-04
4.160187e-02 4.192627e-04
4.180149e-02 4.175360e-04
4.200146e-02 4.121756e-04
4.221063e-02 4.157358e-04
4.242598e-02 4.153770e-04
4.264130e-02 4.152314e-04
4.285332e-02 4.202829e-04
4.305898e-02 4.183114e-04
4.326026e-02 4.201129e-04
4.346474e-02 4.226751e-04
4.367685e-02 4.171249e-04
4.389531e-02 4.189084e-04
4.411469e-02 4.223157e-04
4.432852e-02 4.202236e-04
4.453405e-02 4.281375e-04
4.473658e-02 4.292019e-04
4.494652e-02 4.252336e-04
4.516247e-02 4.274088e-04
4.538151e-02 4.228533e-04
4.560246e-02 4.223704e-04
4.581846e-02 4.293690e-04
4.602656e-02 4.270970e-04
4.623131e-02 4.264137e-04
4.643846e-02 4.276224e-04
4.665208e-02 4.200697e-04
4.687737e-02 4.224476e-04
4.710251e-02 4.293789e-04
4.731796e-02 4.279760e-04
4.752857e-02 4.320970e-04
4.773387e-02 4.304106e-04
4.793976e-02 4.247567e-04
4.815401e-02 4.277080e-04
4.837490e-02 4.248916e-04
4.859714e-02 4.246787e-04
4.881559e-02 4.303614e-04
4.902763e-02 4.285910e-04
4.923543e-02 4.307244e-04
4.944287e-02 4.312820e-04
4.965428e-02 4.262477e-04
4.987159e-02 4.279501e-04
5.009460e-02 4.232152e-04
5.031703e-02 4.211508e-04
5.053058e-02 4.301238e-04
5.073720e-02 4.292244e-04
5.094590e-02 4.286886e-04
5.115862e-02 4.308919e-04
5.137521e-02 4.251030e-04
5.159611e-02 4.256322e-04
5.181634e-02 4.282183e-04
5.203249e-02 4.266678e-04
5.224294e-02 4.319437e-04
5.244773e-02 4.304066e-04
5.265455e-02 4.226777e-04
5.287003e-02 4.251449e-04
5.308980e-02 4.248042e-04
5.331253e-02 4.245194e-04
5.353259e-02 4.282524e-04
5.374110e-02 4.246022e-04
5.394340e-02 4.247595e-04
5.414866e-02 4.265812e-04
5.436161e-02 4.188860e-04
5.458305e-02 4.211723e-04
5.480649e-02 4.241709e-04
5.502272e-02 4.209394e-04
5.523022e-02 4.264265e-04
5.543502e-02 4.267905e-04
5.564001e-02 4.274639e-04
5.584918e-02 4.302051e-04
5.606765e-02 4.224312e-04
5.629217e-02 4.232453e-04
5.651381e-02 4.302710e-04
5.672596e-02 4.271408e-04
5.693393e-02 4.308372e-04
5.714105e-02 4.316208e-04
5.735228e-02 4.214703e-04
5.757315e-02 4.236658e-04
5.779631e-02 4.259406e-04
5.801614e-02 4.247488e-04
5.822878e-02 4.335799e-04
5.843209e-02 4.311078e-04
5.863512e-02 4.246788e-04
5.884719e-02 4.278402e-04
5.906580e-02 4.256201e-04
5.929071e-02 4.266531e-04
5.951541e-02 4.299462e-04
5.972983e-02 4.269047e-04
5.993737e-02 4.298785e-04
6.014226e-02 4.293750e-04
6.034999e-02 4.232895e-04
6.056567e-02 4.258344e-04
6.078779e-02 4.222026e-04
6.100853e-02 4.200599e-04
6.122227e-02 4.256850e-04
6.142934e-02 4.237205e-04
6.163195e-02 4.256314e-04
6.183584e-02 4.270834e-04
6.204771e-02 4.179090e-04
6.226815e-02 4.197147e-04
6.248978e-02 4.227480e-04
6.270663e-02 4.209901e-04
6.291585e-02 4.287332e-04
6.311828e-02 4.274684e-04
6.332472e-02 4.226463e-04
6.353667e-02 4.242015e-04
6.375165e-02 4.180915e-04
6.397243e-02 4.194160e-04
6.419174e-02 4.255945e-04
6.440117e-02 4.218323e-04
6.460369e-02 4.230010e-04
6.480606e-02 4.233295e-04
6.501361e-02 4.155007e-04
6.523452e-02 4.188188e-04
6.546038e-02 4.198532e-04
6.567850e-02 4.174629e-04
6.588733e-02 4.262056e-04
6.608789e-02 4.244263e-04
6.628743e-02 4.211955e-04
6.649459e-02 4.245836e-04
6.671233e-02 4.164682e-04
6.693503e-02 4.164981e-04
6.715357e-02 4.234528e-04
6.736354e-02 4.208371e-04
6.756589e-02 4.261840e-04
6.776492e-02 4.261389e-04
6.797004e-02 4.159746e-04
6.818474e-02 4.180327e-04
6.840468e-02 4.150629e-04
6.862426e-02 4.137710e-04
6.883568e-02 4.236955e-04
6.903709e-02 4.213066e-04
6.923941e-02 4.184606e-04
6.944693e-02 4.205286e-04
6.965888e-02 4.135299e-04
6.987756e-02 4.150853e-04
7.009463e-02 4.221349e-04
7.030172e-02 4.186289e-04
7.050295e-02 4.187444e-04
7.070365e-02 4.184629e-04
7.090684e-02 4.134729e-04
7.111731e-02 4.160895e-04
7.133441e-02 4.122074e-04
7.155305e-02 4.098568e-04
7.176475e-02 4.150045e-04
7.196715e-02 4.131502e-04
7.216419e-02 4.168837e-04
7.236262e-02 4.190597e-04
7.257143e-02 4.079073e-04
7.278756e-02 4.082561e-04
7.300339e-02 4.097334e-04
7.321311e-02 4.066121e-04
7.341199e-02 4.158710e-04
7.360585e-02 4.162080e-04
7.380421e-02 4.096984e-04
7.401001e-02 4.117968e-04
7.422312e-02 4.055290e-04
7.443863e-02 4.047051e-04
7.464794e-02 4.126900e-04
7.484680e-02 4.093324e-04
7.504334e-02 4.090508e-04
7.524166e-02 4.099816e-04
7.544369e-02 4.011681e-04
7.565661e-02 4.045919e-04
7.587315e-02 4.080257e-04
7.608128e-02 4.041645e-04
7.627931e-02 4.104193e-04
7.647162e-02 4.091987e-04
7.666479e-02 4.043476e-04
7.686789e-02 4.086151e-04
7.708168e-02 4.024759e-04
7.729974e-02 4.009866e-04
7.750988e-02 4.101404e-04
7.770755e-02 4.077869e-04
7.789901e-02 4.115549e-04
7.809066e-02 4.130333e-04
7.829211e-02 4.009351e-04
7.850266e-02 4.020106e-04
7.871620e-02 4.000709e-04
7.892663e-02 3.975156e-04
7.912531e-02 4.098786e-04
7.931445e-02 4.086505e-04
7.950583e-02 4.015597e-04
7.970479e-02 4.035277e-04
7.991169e-02 3.958459e-04
8.012471e-02 3.967293e-04
8.033365e-02 4.059171e-04
8.053164e-02 4.026906e-04
8.072268e-02 4.052556e-04
8.091270e-02 4.055739e-04
8.111188e-02 3.962426e-04
8.132213e-02 3.995439e-04
8.153490e-02 3.994226e-04
8.174262e-02 3.963286e-04
8.194089e-02 4.036621e-04
8.213232e-02 4.021628e-04
8.232275e-02 3.997060e-04
8.251859e-02 4.021057e-04
8.272424e-02 3.922468e-04
8.293867e-02 3.921902e-04
8.314903e-02 3.989587e-04
8.334683e-02 3.956440e-04
8.353426e-02 4.036213e-04
8.372089e-02 4.060338e-04
8.391798e-02 3.954243e-04
8.412444e-02 3.971836e-04
8.433403e-02 3.968556e-04
8.454060e-02 3.949305e-04
8.473765e-02 4.053462e-04
8.492523e-02 4.034503e-04
8.511355e-02 3.969926e-04
8.530935e-02 3.991339e-04
8.551405e-02 3.903509e-04
8.572619e-02 3.916289e-04
8.593342e-02 4.032839e-04
8.612720e-02 3.994513e-04
8.631530e-02 3.982254e-04
8.650379e-02 3.980111e-04
8.669855e-02 3.919523e-04
8.690318e-02 3.957098e-04
8.711325e-02 3.920000e-04
8.732260e-02 3.902249e-04
8.752193e-02 4.021785e-04
8.771101e-02 4.002701e-04
8.789692e-02 4.002955e-04
8.808687e-02 4.027445e-04
8.828761e-02 3.913527e-04
8.849569e-02 3.916966e-04
8.870330e-02 3.934096e-04
8.890693e-02 3.898210e-04
8.909979e-02 3.978091e-04
8.928554e-02 3.982072e-04
8.947671e-02 3.903412e-04
8.967757e-02 3.932877e-04
8.988512e-02 3.903811e-04
9.009169e-02 3.887488e-04
9.028827e-02 4.007568e-04
9.047400e-02 3.986127e-04
9.065914e-02 3.936513e-04
9.085200e-02 3.964695e-04
9.105427e-02 3.887186e-04
9.126387e-02 3.903032e-04
9.147140e-02 3.980963e-04
9.166757e-02 3.941152e-04
9.185512e-02 3.973402e-04
9.204117e-02 3.976086e-04
9.223600e-02 3.886792e-04
9.243953e-02 3.906875e-04
9.264556e-02 3.870932e-04
9.285160e-02 3.858186e-04
9.304982e-02 3.954797e-04
9.323775e-02 3.927269e-04
9.342094e-02 3.930714e-04
9.361014e-02 3.968357e-04
9.380930e-02 3.905261e-04
9.401459e-02 3.919706e-04
9.422282e-02 3.910368e-04
9.442813e-02 3.871551e-04
9.462070e-02 3.976417e-04
9.480485e-02 3.981493e-04
9.499323e-02 3.925741e-04
9.518836e-02 3.945913e-04
9.539110e-02 3.875810e-04
9.560240e-02 3.901620e-04
9.580977e-02 4.037989e-04
9.599847e-02 3.975697e-04
9.617792e-02 3.956243e-04
9.636007e-02 3.965355e-04
9.655198e-02 3.829293e-04
9.675800e-02 3.864458e-04
9.696754e-02 3.903538e-04
