-7.600901e-02 1.561918e-03
-7.520670e-02 1.619601e-03
-7.443861e-02 1.619838e-03
-7.365489e-02 1.594448e-03
-7.285926e-02 1.592450e-03
-7.207949e-02 1.613330e-03
-7.131284e-02 1.612986e-03
-7.054324e-02 1.607142e-03
-6.976520e-02 1.610100e-03
-6.898233e-02 1.611494e-03
-6.820522e-02 1.608533e-03
-6.737847e-02 1.516285e-03
-6.646085e-02 1.537629e-03
-6.554145e-02 1.593940e-03
-6.468371e-02 1.576747e-03
-6.385629e-02 1.579568e-03
-6.302958e-02 1.580583e-03
-6.220351e-02 1.584458e-03
-6.138540e-02 1.581080e-03
-6.057755e-02 1.588809e-03
-5.977615e-02 1.587726e-03
-5.897718e-02 1.588764e-03
-5.817815e-02 1.589176e-03
-5.737509e-02 1.583628e-03
-5.657088e-02 1.582324e-03
-5.576802e-02 1.580947e-03
-5.496840e-02 1.578507e-03
-5.417437e-02 1.581048e-03
-5.338222e-02 1.580842e-03
-5.258863e-02 1.579091e-03
-5.179274e-02 1.579850e-03
-5.099520e-02 1.578027e-03
-5.019964e-02 1.576188e-03
-4.940872e-02 1.578838e-03
-4.861969e-02 1.578233e-03
-4.783054e-02 1.576362e-03
-4.703921e-02 1.577429e-03
-4.624460e-02 1.574931e-03
-4.544688e-02 1.575899e-03
-4.465061e-02 1.581024e-03
-4.385687e-02 1.581352e-03
-4.306505e-02 1.585439e-03
-4.227078e-02 1.588374e-03
-4.147298e-02 1.590640e-03
-4.066390e-02 1.598220e-03
-3.985040e-02 1.611899e-03
-3.902574e-02 1.623520e-03
-3.819996e-02 1.653929e-03
-3.736153e-02 1.672465e-03
-3.651018e-02 1.703701e-03
-3.565319e-02 1.718332e-03
-3.478066e-02 1.731774e-03
-3.393045e-02 1.723212e-03
-3.306881e-02 1.680343e-03
-3.220921e-02 1.663677e-03
-3.137001e-02 1.651380e-03
-3.051474e-02 1.656143e-03
-2.966752e-02 1.682789e-03
-2.881045e-02 1.698741e-03
-2.793883e-02 1.718816e-03
-2.705761e-02 1.731809e-03
-2.616937e-02 1.756204e-03
-2.524405e-02 1.787231e-03
-2.431159e-02 1.861495e-03
-2.328923e-02 1.942161e-03
-2.223773e-02 2.117625e-03
-2.101557e-02 2.283183e-03
-1.973557e-02 2.646583e-03
-1.863137e-02 2.671975e-03
-1.732188e-02 2.402222e-03
-1.602408e-02 2.298066e-03
-1.485023e-02 2.213493e-03
-1.362282e-02 2.215210e-03
-1.243752e-02 2.290200e-03
-1.130669e-02 2.284484e-03
-1.015897e-02 2.240427e-03
-9.187735e-03 2.118088e-03
-8.187383e-03 1.729864e-03
-7.304481e-03 1.520218e-03
-6.585829e-03 1.211642e-03
-5.921657e-03 1.067846e-03
-5.402631e-03 9.103186e-04
-4.912357e-03 8.363468e-04
-4.500840e-03 7.621252e-04
-4.108682e-03 7.237858e-04
-3.751352e-03 6.753353e-04
-3.409225e-03 6.487692e-04
-3.087816e-03 6.095090e-04
-2.779779e-03 5.873502e-04
-2.489028e-03 5.550231e-04
-2.210023e-03 5.363316e-04
-1.945470e-03 5.080699e-04
-1.691188e-03 4.917325e-04
-1.448917e-03 4.663754e-04
-1.216383e-03 4.514040e-04
-9.948186e-04 4.281035e-04
-7.829907e-04 4.137626e-04
-5.808359e-04 3.900666e-04
-3.883413e-04 3.758957e-04
-2.059646e-04 3.532373e-04
-1.486802e-05 3.503642e-04
1.658311e-04 3.595984e-04
3.552118e-04 3.681322e-04
5.443639e-04 3.922125e-04
7.432398e-04 4.067174e-04
9.517891e-04 4.308820e-04
1.169923e-03 4.453334e-04
1.397996e-03 4.692652e-04
1.636899e-03 4.842505e-04
1.884763e-03 5.105750e-04
2.145326e-03 5.278023e-04
2.416871e-03 5.573461e-04
2.703161e-03 5.768307e-04
3.001297e-03 6.112033e-04
3.316441e-03 6.337840e-04
3.644181e-03 6.755055e-04
3.994001e-03 7.037753e-04
4.360116e-03 7.551329e-04
4.767376e-03 7.983118e-04
5.195368e-03 8.843679e-04
5.713799e-03 9.696600e-04
6.260485e-03 1.158864e-03
6.959680e-03 1.318117e-03
7.719123e-03 1.659890e-03
8.629777e-03 1.874007e-03
9.669447e-03 2.253672e-03
1.065983e-02 2.360811e-03
1.182892e-02 2.360577e-03
1.297698e-02 2.347873e-03
1.415898e-02 2.256022e-03
1.534969e-02 2.228164e-03
1.648327e-02 2.247674e-03
1.781516e-02 2.373772e-03
1.915429e-02 2.710365e-03
2.028346e-02 2.704751e-03
2.155697e-02 2.448504e-03
2.275490e-02 2.311639e-03
2.387873e-02 2.054999e-03
2.496941e-02 1.942698e-03
2.593122e-02 1.845531e-03
2.688598e-02 1.806310e-03
2.779567e-02 1.772489e-03
2.869960e-02 1.756855e-03
2.958431e-02 1.746777e-03
3.045531e-02 1.734915e-03
3.132009e-02 1.710997e-03
3.218531e-02 1.702192e-03
3.304567e-02 1.685869e-03
3.393089e-02 1.695371e-03
3.480338e-02 1.742959e-03
3.567590e-02 1.760110e-03
3.656083e-02 1.787070e-03
3.742921e-02 1.786849e-03
3.832142e-02 1.746525e-03
3.920267e-02 1.725431e-03
4.006935e-02 1.692412e-03
4.092453e-02 1.673624e-03
4.176077e-02 1.651721e-03
4.259241e-02 1.640629e-03
4.341305e-02 1.628184e-03
4.423513e-02 1.625019e-03
4.505418e-02 1.621292e-03
4.587472e-02 1.620849e-03
4.669278e-02 1.623772e-03
4.750458e-02 1.621072e-03
4.831260e-02 1.619865e-03
4.912195e-02 1.620223e-03
4.993439e-02 1.616072e-03
5.075137e-02 1.617308e-03
5.156875e-02 1.621307e-03
5.238325e-02 1.620574e-03
5.319361e-02 1.624200e-03
5.399901e-02 1.622965e-03
5.480528e-02 1.618072e-03
5.561598e-02 1.618972e-03
5.643105e-02 1.614207e-03
5.724846e-02 1.613894e-03
5.806251e-02 1.618617e-03
5.887493e-02 1.619342e-03
5.968346e-02 1.627834e-03
6.049182e-02 1.630786e-03
6.130764e-02 1.627779e-03
6.212765e-02 1.628770e-03
6.294987e-02 1.626609e-03
6.376892e-02 1.624367e-03
6.458154e-02 1.628857e-03
6.538929e-02 1.627561e-03
6.619711e-02 1.623855e-03
6.701125e-02 1.626310e-03
6.783240e-02 1.621460e-03
6.865516e-02 1.620690e-03
6.947670e-02 1.620605e-03
7.029417e-02 1.618134e-03
7.110272e-02 1.627373e-03
7.190693e-02 1.628096e-03
7.271319e-02 1.625467e-03
7.352452e-02 1.627123e-03
7.434148e-02 1.622335e-03
7.515406e-02 1.618423e-03
