-5.662654e-02 3.568088e-04
-5.614688e-02 4.256564e-04
-5.575479e-02 3.969707e-04
-5.551689e-02 5.740740e-04
-5.544498e-02 5.392626e-04
-5.546011e-02 5.871172e-04
-5.538927e-02 6.558524e-04
-5.504355e-02 3.919550e-04
-5.451634e-02 4.058378e-04
-5.411413e-02 6.504308e-04
-5.393203e-02 6.061487e-04
-5.377316e-02 5.219160e-04
-5.363322e-02 4.802058e-04
-5.352521e-02 4.176615e-04
-5.328345e-02 4.746481e-04
-5.291650e-02 4.247011e-04
-5.250423e-02 4.345374e-04
-5.214502e-02 5.522953e-04
-5.192423e-02 5.118083e-04
-5.182616e-02 6.016564e-04
-5.174407e-02 6.244019e-04
-5.154066e-02 4.849860e-04
-5.121381e-02 5.090094e-04
-5.082590e-02 4.737669e-04
-5.049051e-02 4.287212e-04
-5.024591e-02 4.551956e-04
-5.007982e-02 4.184678e-04
-5.002879e-02 5.074673e-04
-5.002338e-02 5.123024e-04
-4.986441e-02 2.721641e-04
-4.944921e-02 3.393702e-04
-4.897149e-02 4.198942e-04
-4.856023e-02 4.089209e-04
-4.829149e-02 6.164209e-04
-4.820221e-02 5.832224e-04
-4.815380e-02 5.592359e-04
-4.811832e-02 5.421590e-04
-4.796188e-02 2.934042e-04
-4.754064e-02 3.631380e-04
-4.707248e-02 4.784937e-04
-4.681107e-02 3.964092e-04
-4.668188e-02 3.901716e-04
-4.656291e-02 3.816713e-04
-4.648735e-02 4.289040e-04
-4.630703e-02 5.088916e-04
-4.593800e-02 4.159141e-04
-4.550071e-02 4.234764e-04
-4.511714e-02 5.342127e-04
-4.490511e-02 4.702860e-04
-4.484477e-02 5.449014e-04
-4.478308e-02 5.735270e-04
-4.464196e-02 5.237565e-04
-4.435741e-02 5.917852e-04
-4.384310e-02 3.948261e-04
-4.336216e-02 3.038575e-04
-4.313646e-02 4.774289e-04
-4.307759e-02 4.396223e-04
-4.310102e-02 4.720532e-04
-4.304475e-02 5.308580e-04
-4.278092e-02 3.484876e-04
-4.236849e-02 3.725432e-04
-4.194085e-02 4.139516e-04
-4.160945e-02 3.713025e-04
-4.147574e-02 5.840652e-04
-4.145991e-02 5.899104e-04
-4.139514e-02 5.224464e-04
-4.117616e-02 5.908704e-04
-4.075461e-02 4.426555e-04
-4.033183e-02 3.900396e-04
-4.000879e-02 4.104609e-04
-3.977245e-02 3.650969e-04
-3.963919e-02 4.107949e-04
-3.955531e-02 3.983740e-04
-3.944325e-02 3.172689e-04
-3.914087e-02 4.018852e-04
-3.876101e-02 5.100966e-04
-3.842083e-02 5.255822e-04
-3.808087e-02 5.663722e-04
-3.785259e-02 5.139078e-04
-3.777638e-02 6.221135e-04
-3.775846e-02 6.260226e-04
-3.762775e-02 4.485275e-04
-3.732653e-02 4.861943e-04
-3.694776e-02 4.620446e-04
-3.658275e-02 4.458462e-04
-3.625397e-02 4.630861e-04
-3.602493e-02 4.095173e-04
-3.593479e-02 4.902525e-04
-3.583859e-02 5.229648e-04
-3.562953e-02 4.253621e-04
-3.535159e-02 4.316395e-04
-3.503243e-02 3.802541e-04
-3.467964e-02 3.811625e-04
-3.439689e-02 5.004707e-04
-3.422192e-02 4.795913e-04
-3.414237e-02 5.799045e-04
-3.402118e-02 6.410477e-04
-3.375731e-02 5.766072e-04
-3.343831e-02 5.864067e-04
-3.305269e-02 4.996065e-04
-3.271207e-02 4.412979e-04
-3.249362e-02 4.833318e-04
-3.233546e-02 4.622152e-04
-3.219861e-02 4.391510e-04
-3.202039e-02 4.549672e-04
-3.177447e-02 3.862463e-04
-3.143347e-02 4.191210e-04
-3.103882e-02 4.212537e-04
-3.070104e-02 3.879937e-04
-3.050851e-02 5.394405e-04
-3.040505e-02 5.405496e-04
-3.030977e-02 5.552100e-04
-3.014860e-02 6.001060e-04
-2.984737e-02 4.909295e-04
-2.947586e-02 4.938795e-04
-2.912514e-02 5.367913e-04
-2.886784e-02 4.952921e-04
-2.868428e-02 5.028340e-04
-2.854199e-02 4.817365e-04
-2.841854e-02 4.568388e-04
-2.820923e-02 4.992766e-04
-2.788577e-02 4.246043e-04
-2.752058e-02 4.228123e-04
-2.720171e-02 4.952020e-04
-2.697022e-02 4.687301e-04
-2.680893e-02 5.124325e-04
-2.665063e-02 5.263747e-04
-2.644930e-02 4.932560e-04
-2.616296e-02 5.314467e-04
-2.580729e-02 5.221640e-04
-2.547028e-02 5.084870e-04
-2.520867e-02 5.985321e-04
-2.508404e-02 5.486898e-04
-2.501222e-02 4.958474e-04
-2.486175e-02 5.241057e-04
-2.458932e-02 3.989163e-04
-2.423625e-02 4.023238e-04
-2.389758e-02 4.358302e-04
-2.361006e-02 4.163815e-04
-2.339478e-02 4.826948e-04
-2.322841e-02 4.780465e-04
-2.305697e-02 4.567693e-04
-2.282602e-02 4.847032e-04
-2.254154e-02 4.754927e-04
-2.223594e-02 4.849305e-04
-2.191461e-02 4.824832e-04
-2.165720e-02 4.431790e-04
-2.149767e-02 4.974785e-04
-2.136766e-02 4.992782e-04
-2.119525e-02 4.334515e-04
-2.092808e-02 4.658381e-04
-2.058269e-02 4.258605e-04
-2.024639e-02 4.067177e-04
-1.999345e-02 4.942576e-04
-1.981411e-02 4.816840e-04
-1.967409e-02 5.102163e-04
-1.952632e-02 5.251525e-04
-1.929381e-02 4.251471e-04
-1.896993e-02 4.440818e-04
-1.863212e-02 4.734105e-04
-1.833372e-02 4.602684e-04
-1.808604e-02 5.084468e-04
-1.789805e-02 4.891560e-04
-1.774541e-02 4.941607e-04
-1.754981e-02 5.225676e-04
-1.727877e-02 4.783811e-04
-1.696587e-02 4.876221e-04
-1.664990e-02 5.057646e-04
-1.636398e-02 4.942360e-04
-1.615322e-02 5.877328e-04
-1.600456e-02 5.840545e-04
-1.582115e-02 5.157959e-04
-1.557213e-02 5.297523e-04
-1.526987e-02 4.799881e-04
-1.493445e-02 4.827546e-04
-1.461275e-02 5.131705e-04
-1.434615e-02 4.911835e-04
-1.415519e-02 5.584991e-04
-1.398781e-02 5.685303e-04
-1.376868e-02 5.076911e-04
-1.348034e-02 5.273987e-04
-1.314296e-02 5.002499e-04
-1.281884e-02 4.825032e-04
-1.256324e-02 5.476207e-04
-1.234934e-02 5.451274e-04
-1.215958e-02 5.779873e-04
-1.194303e-02 6.068462e-04
-1.164422e-02 5.529354e-04
-1.128651e-02 5.688791e-04
-1.091658e-02 5.899824e-04
-1.056789e-02 5.848071e-04
-1.027115e-02 6.571891e-04
-1.004858e-02 6.386555e-04
-9.828484e-03 5.913064e-04
-9.551995e-03 6.081645e-04
-9.230398e-03 5.796593e-04
-8.865454e-03 5.943525e-04
-8.489122e-03 6.163880e-04
-8.185577e-03 5.817371e-04
-7.952170e-03 6.050064e-04
-7.739420e-03 6.008933e-04
-7.502568e-03 5.465879e-04
-7.219339e-03 5.549203e-04
-6.895611e-03 5.104332e-04
-6.566635e-03 4.975729e-04
-6.277329e-03 5.280991e-04
-6.045851e-03 5.035260e-04
-5.852187e-03 4.981778e-04
-5.658557e-03 4.971175e-04
-5.446189e-03 4.631227e-04
-5.192971e-03 4.752949e-04
-4.889571e-03 4.276458e-04
-4.608864e-03 3.969074e-04
-4.400367e-03 4.297626e-04
-4.229378e-03 4.190411e-04
-4.067503e-03 4.044794e-04
-3.907620e-03 3.980395e-04
-3.731356e-03 3.527928e-04
-3.524736e-03 3.541181e-04
-3.307976e-03 3.411016e-04
-3.120555e-03 3.194250e-04
-2.985059e-03 3.454562e-04
-2.874668e-03 3.398308e-04
-2.742218e-03 2.890179e-04
-2.587283e-03 2.841329e-04
-2.429950e-03 2.651378e-04
-2.264233e-03 2.633395e-04
-2.104364e-03 2.681101e-04
-1.968823e-03 2.552017e-04
-1.861808e-03 2.669847e-04
-1.768003e-03 2.628825e-04
-1.660764e-03 2.291105e-04
-1.536199e-03 2.277585e-04
-1.405129e-03 2.141853e-04
-1.286108e-03 2.020686e-04
-1.181914e-03 1.920701e-04
-1.080397e-03 1.868614e-04
-9.895826e-04 1.902659e-04
-9.047946e-04 1.878684e-04
-8.157612e-04 1.741187e-04
-7.250755e-04 1.698741e-04
-6.361569e-04 1.610942e-04
-5.521080e-04 1.552987e-04
-4.743711e-04 1.497101e-04
-4.000165e-04 1.456680e-04
-3.300082e-04 1.423455e-04
-2.624819e-04 1.396492e-04
-1.972111e-04 1.352506e-04
-1.338617e-04 1.325270e-04
-6.899127e-05 1.223644e-04
-2.592697e-06 1.196435e-04
5.807522e-05 1.216044e-04
1.233693e-04 1.248896e-04
1.891750e-04 1.330962e-04
2.575311e-04 1.377931e-04
3.292614e-04 1.459040e-04
4.002908e-04 1.484144e-04
4.717067e-04 1.540692e-04
5.470862e-04 1.584881e-04
6.286385e-04 1.604532e-04
7.242349e-04 1.696049e-04
8.230824e-04 1.895963e-04
9.079264e-04 1.880649e-04
9.895042e-04 1.892036e-04
1.076383e-03 1.931143e-04
1.166001e-03 1.994055e-04
1.270212e-03 2.104125e-04
1.388114e-03 2.192279e-04
1.518112e-03 2.297026e-04
1.649985e-03 2.546221e-04
1.763865e-03 2.527747e-04
1.866890e-03 2.657742e-04
1.968051e-03 2.693336e-04
2.087033e-03 2.494565e-04
2.240701e-03 2.626645e-04
2.412471e-03 2.692654e-04
2.589305e-03 2.750999e-04
2.746574e-03 3.252775e-04
2.866487e-03 3.209590e-04
2.979273e-03 3.194261e-04
3.118559e-03 3.348078e-04
3.287864e-03 3.273972e-04
3.497590e-03 3.490333e-04
3.722066e-03 3.844989e-04
3.918589e-03 3.798140e-04
4.088818e-03 4.104765e-04
4.257119e-03 4.210404e-04
4.436574e-03 4.318072e-04
4.621879e-03 4.391959e-04
4.835624e-03 4.144266e-04
5.094954e-03 4.328837e-04
5.371483e-03 4.534081e-04
5.646606e-03 4.599520e-04
5.892850e-03 5.263659e-04
6.093110e-03 5.218071e-04
6.284529e-03 5.235890e-04
6.524145e-03 5.540075e-04
6.829096e-03 5.299505e-04
7.164325e-03 5.393872e-04
7.519231e-03 5.352721e-04
7.858065e-03 5.242578e-04
8.126510e-03 6.084442e-04
8.329144e-03 5.991809e-04
8.520512e-03 5.922645e-04
8.772449e-03 6.261931e-04
9.105102e-03 5.856288e-04
9.496361e-03 6.051113e-04
9.900644e-03 6.377620e-04
1.024246e-02 6.131188e-04
1.049372e-02 6.985193e-04
1.069471e-02 6.990283e-04
1.094652e-02 6.126772e-04
1.129033e-02 6.369148e-04
1.169410e-02 6.041216e-04
1.205556e-02 5.668827e-04
1.234453e-02 5.845098e-04
1.257736e-02 5.562392e-04
1.276959e-02 5.451675e-04
1.298256e-02 5.545778e-04
1.323107e-02 5.217311e-04
1.353989e-02 5.459757e-04
1.389975e-02 5.308540e-04
1.423654e-02 5.116654e-04
1.449661e-02 5.837011e-04
1.467857e-02 5.626664e-04
1.485421e-02 5.147847e-04
1.507482e-02 5.245852e-04
1.534275e-02 4.727734e-04
1.567741e-02 4.932769e-04
1.602428e-02 5.300863e-04
1.630540e-02 5.047860e-04
1.651669e-02 5.532269e-04
1.668883e-02 5.471049e-04
1.689580e-02 4.695888e-04
1.715281e-02 4.717773e-04
1.743311e-02 4.389511e-04
1.773294e-02 4.388715e-04
1.802351e-02 4.541229e-04
1.831001e-02 4.563330e-04
1.853724e-02 5.609602e-04
1.867831e-02 5.479087e-04
1.885470e-02 4.532172e-04
1.913358e-02 4.803717e-04
1.946118e-02 4.769028e-04
1.977544e-02 4.677656e-04
2.004634e-02 5.122889e-04
2.025815e-02 4.927863e-04
2.041600e-02 5.287247e-04
2.054871e-02 5.257841e-04
2.074199e-02 4.166754e-04
2.107008e-02 4.589434e-04
2.148221e-02 4.366923e-04
2.185225e-02 4.034610e-04
2.210128e-02 5.145445e-04
2.223356e-02 4.845095e-04
2.234070e-02 4.408291e-04
2.254951e-02 4.862360e-04
2.285214e-02 4.556733e-04
2.320753e-02 4.763934e-04
2.355461e-02 5.478362e-04
2.382964e-02 5.293558e-04
2.403906e-02 5.870639e-04
2.418028e-02 5.679905e-04
2.434529e-02 4.780143e-04
2.461405e-02 5.077203e-04
2.496408e-02 4.522691e-04
2.534154e-02 4.487942e-04
2.565321e-02 5.490129e-04
2.585000e-02 5.160114e-04
2.599425e-02 5.120795e-04
2.616987e-02 5.286852e-04
2.638933e-02 5.015195e-04
2.667042e-02 5.295380e-04
2.703430e-02 4.699088e-04
2.741956e-02 4.611743e-04
2.772359e-02 5.744194e-04
2.787423e-02 5.231859e-04
2.796010e-02 4.864820e-04
2.811704e-02 5.160022e-04
2.837845e-02 4.235331e-04
2.875017e-02 4.565750e-04
2.917531e-02 4.591233e-04
2.951950e-02 4.106057e-04
2.971159e-02 5.292356e-04
2.980228e-02 5.120428e-04
2.991053e-02 4.374828e-04
3.017045e-02 5.015265e-04
3.053810e-02 4.976178e-04
3.091726e-02 5.031361e-04
3.125890e-02 5.811445e-04
3.148787e-02 5.414890e-04
3.164747e-02 5.472194e-04
3.178404e-02 5.346854e-04
3.194879e-02 4.527514e-04
3.222068e-02 4.882878e-04
3.257986e-02 4.438084e-04
3.294395e-02 4.308891e-04
3.323314e-02 5.175502e-04
3.341758e-02 4.857648e-04
3.352158e-02 5.318230e-04
3.366617e-02 5.728096e-04
3.394047e-02 4.700116e-04
3.429865e-02 4.824768e-04
3.468686e-02 4.676713e-04
3.505766e-02 4.526370e-04
3.529371e-02 6.343439e-04
3.540771e-02 6.269018e-04
3.552304e-02 6.072403e-04
3.567578e-02 6.223130e-04
3.594662e-02 4.645250e-04
3.630749e-02 4.618474e-04
3.668131e-02 4.327731e-04
3.700624e-02 3.929075e-04
3.718112e-02 5.327641e-04
3.726276e-02 5.263413e-04
3.738983e-02 4.324738e-04
3.763209e-02 4.685365e-04
3.798535e-02 3.858804e-04
3.841342e-02 4.012127e-04
3.878904e-02 5.289884e-04
3.900130e-02 4.767697e-04
3.910235e-02 5.174908e-04
3.922070e-02 5.425635e-04
3.940060e-02 5.094370e-04
3.966777e-02 5.490019e-04
4.006656e-02 4.401763e-04
4.047433e-02 4.071492e-04
4.076679e-02 5.067970e-04
4.094177e-02 4.724532e-04
4.104214e-02 5.036531e-04
4.116431e-02 5.278001e-04
4.143300e-02 3.482360e-04
4.187309e-02 3.866504e-04
4.231198e-02 4.953707e-04
4.262250e-02 4.565282e-04
4.277827e-02 6.060309e-04
4.283423e-02 6.010424e-04
4.291014e-02 5.541746e-04
4.309626e-02 6.032194e-04
4.347684e-02 4.182060e-04
4.390892e-02 3.825150e-04
4.417906e-02 5.510719e-04
4.433860e-02 5.452522e-04
4.450584e-02 5.162301e-04
4.466347e-02 5.000071e-04
4.483621e-02 4.297213e-04
4.514651e-02 4.861391e-04
4.556297e-02 4.664045e-04
4.593822e-02 4.353456e-04
4.617549e-02 5.810244e-04
4.635614e-02 5.995914e-04
4.651222e-02 6.898435e-04
4.659433e-02 6.778594e-04
4.679351e-02 4.490413e-04
4.717689e-02 4.774223e-04
4.758338e-02 5.176667e-04
4.792466e-02 4.920606e-04
4.820449e-02 5.235752e-04
4.839040e-02 4.795454e-04
4.847676e-02 5.226280e-04
4.861716e-02 5.705297e-04
4.891466e-02 4.446128e-04
4.930469e-02 4.548186e-04
4.967456e-02 5.143335e-04
4.992068e-02 4.613578e-04
5.006751e-02 4.800373e-04
5.018428e-02 4.686796e-04
5.028236e-02 4.683172e-04
5.052050e-02 5.513557e-04
5.093640e-02 4.860677e-04
5.134999e-02 4.619863e-04
5.170288e-02 4.981049e-04
5.197832e-02 4.647661e-04
5.214268e-02 5.551034e-04
5.222670e-02 5.393164e-04
5.240451e-02 3.388073e-04
5.273022e-02 3.555494e-04
5.308779e-02 3.488443e-04
5.349551e-02 3.756825e-04
5.381895e-02 5.905472e-04
5.396475e-02 5.622857e-04
5.403879e-02 6.062513e-04
5.416961e-02 6.559322e-04
5.450379e-02 4.521402e-04
5.493238e-02 4.355432e-04
5.530469e-02 4.834502e-04
5.563160e-02 4.734054e-04
5.585305e-02 6.216454e-04
5.587352e-02 5.535937e-04
5.584437e-02 4.465867e-04
5.602801e-02 5.364751e-04
5.640092e-02 4.716857e-04
5.681280e-02 4.716170e-04
5.724481e-02 4.397377e-04
5.758911e-02 3.758097e-04
5.767972e-02 6.192336e-04
5.769430e-02 6.611530e-04
5.786847e-02 5.110546e-04
