-2.174065e-01 3.468159e-04
-2.156551e-01 9.592188e-04
-2.143244e-01 9.273112e-04
-2.131594e-01 1.116363e-03
-2.121523e-01 1.089048e-03
-2.109654e-01 7.120253e-04
-2.092188e-01 9.126246e-04
-2.074485e-01 1.429639e-03
-2.063129e-01 1.234156e-03
-2.055070e-01 1.243341e-03
-2.047421e-01 1.223015e-03
-2.039972e-01 1.197492e-03
-2.032749e-01 1.174783e-03
-2.026031e-01 1.198276e-03
-2.019482e-01 1.195888e-03
-2.013089e-01 1.213135e-03
-2.007143e-01 1.193302e-03
-2.001409e-01 1.175801e-03
-1.995870e-01 1.157013e-03
-1.990375e-01 1.109988e-03
-1.983784e-01 1.159592e-03
-1.975996e-01 1.099738e-03
-1.967980e-01 1.091157e-03
-1.960478e-01 1.150969e-03
-1.953529e-01 1.139977e-03
-1.946960e-01 1.172716e-03
-1.940486e-01 1.178020e-03
-1.934145e-01 1.217342e-03
-1.927518e-01 1.249552e-03
-1.920913e-01 1.340404e-03
-1.914744e-01 1.347041e-03
-1.909873e-01 1.584883e-03
-1.905542e-01 1.636997e-03
-1.898427e-01 1.314820e-03
-1.890539e-01 1.246314e-03
-1.883195e-01 1.148849e-03
-1.875452e-01 1.136896e-03
-1.868607e-01 1.251016e-03
-1.862573e-01 1.244113e-03
-1.856947e-01 1.295183e-03
-1.851071e-01 1.327632e-03
-1.844568e-01 1.310719e-03
-1.837679e-01 1.328683e-03
-1.830448e-01 1.321403e-03
-1.825009e-01 1.211187e-03
-1.820475e-01 1.058155e-03
-1.814021e-01 1.117561e-03
-1.807020e-01 1.189347e-03
-1.799759e-01 1.231492e-03
-1.791983e-01 1.264822e-03
-1.784526e-01 1.256851e-03
-1.777806e-01 1.355155e-03
-1.772025e-01 1.335063e-03
-1.766618e-01 1.344169e-03
-1.760559e-01 1.385604e-03
-1.753307e-01 1.299253e-03
-1.745704e-01 1.290145e-03
-1.739559e-01 1.507723e-03
-1.734448e-01 1.523176e-03
-1.728149e-01 1.370908e-03
-1.721481e-01 1.339139e-03
-1.714865e-01 1.257047e-03
-1.706907e-01 1.307971e-03
-1.698717e-01 1.413227e-03
-1.691479e-01 1.393066e-03
-1.685058e-01 1.470490e-03
-1.679414e-01 1.452732e-03
-1.673513e-01 1.363294e-03
-1.666861e-01 1.375216e-03
-1.659407e-01 1.272324e-03
-1.652356e-01 1.212010e-03
-1.646220e-01 1.199150e-03
-1.638919e-01 1.263537e-03
-1.631686e-01 1.451057e-03
-1.625027e-01 1.484979e-03
-1.617651e-01 1.459752e-03
-1.609904e-01 1.471938e-03
-1.601962e-01 1.476086e-03
-1.595068e-01 1.415676e-03
-1.588982e-01 1.379805e-03
-1.582395e-01 1.396983e-03
-1.575535e-01 1.401949e-03
-1.568305e-01 1.424993e-03
-1.562655e-01 1.749197e-03
-1.558551e-01 1.774163e-03
-1.551820e-01 1.408438e-03
-1.542865e-01 1.409140e-03
-1.534472e-01 1.502073e-03
-1.526758e-01 1.495719e-03
-1.519182e-01 1.503913e-03
-1.511713e-01 1.499412e-03
-1.504350e-01 1.501673e-03
-1.497077e-01 1.498118e-03
-1.489842e-01 1.494605e-03
-1.482330e-01 1.509991e-03
-1.474615e-01 1.521836e-03
-1.467555e-01 1.485740e-03
-1.461409e-01 1.534803e-03
-1.454361e-01 1.607611e-03
-1.445753e-01 1.552605e-03
-1.437310e-01 1.521818e-03
-1.429325e-01 1.509759e-03
-1.421179e-01 1.516098e-03
-1.413169e-01 1.559255e-03
-1.405795e-01 1.535525e-03
-1.398668e-01 1.507669e-03
-1.390715e-01 1.548272e-03
-1.382398e-01 1.600587e-03
-1.374081e-01 1.618428e-03
-1.367036e-01 1.882924e-03
-1.361594e-01 1.883116e-03
-1.354634e-01 1.627593e-03
-1.346018e-01 1.634870e-03
-1.336716e-01 1.543679e-03
-1.327235e-01 1.520566e-03
-1.318722e-01 1.614868e-03
-1.310891e-01 1.608941e-03
-1.303355e-01 1.644741e-03
-1.295381e-01 1.682774e-03
-1.286866e-01 1.695141e-03
-1.278195e-01 1.710161e-03
-1.269313e-01 1.720145e-03
-1.261559e-01 1.654980e-03
-1.254893e-01 1.652297e-03
-1.247083e-01 1.721162e-03
-1.237750e-01 1.658646e-03
-1.228248e-01 1.645150e-03
-1.219024e-01 1.657467e-03
-1.210039e-01 1.648788e-03
-1.201663e-01 1.722944e-03
-1.193709e-01 1.724317e-03
-1.186014e-01 1.774622e-03
-1.177896e-01 1.816942e-03
-1.168947e-01 1.792773e-03
-1.160157e-01 1.775808e-03
-1.151407e-01 1.738567e-03
-1.142738e-01 1.719024e-03
-1.133945e-01 1.640716e-03
-1.124139e-01 1.674438e-03
-1.114635e-01 1.821799e-03
-1.105650e-01 1.842547e-03
-1.096341e-01 1.842841e-03
-1.086915e-01 1.851262e-03
-1.077886e-01 1.940782e-03
-1.069516e-01 1.933528e-03
-1.060583e-01 1.823209e-03
-1.051042e-01 1.818746e-03
-1.042972e-01 2.047812e-03
-1.035179e-01 2.114907e-03
-1.025378e-01 1.970198e-03
-1.015017e-01 1.950282e-03
-1.004786e-01 1.912903e-03
-9.947854e-02 1.886877e-03
-9.854764e-02 1.933447e-03
-9.762347e-02 1.944866e-03
-9.669153e-02 1.959923e-03
-9.579094e-02 1.947871e-03
-9.486477e-02 1.871853e-03
-9.388661e-02 1.874358e-03
-9.289876e-02 1.868750e-03
-9.203906e-02 1.791117e-03
-9.122113e-02 1.641706e-03
-9.016318e-02 1.731898e-03
-8.904941e-02 1.892730e-03
-8.801336e-02 1.902792e-03
-8.697846e-02 1.929105e-03
-8.597378e-02 1.921721e-03
-8.499532e-02 1.948561e-03
-8.404991e-02 1.937073e-03
-8.312298e-02 1.932285e-03
-8.216169e-02 1.952507e-03
-8.116169e-02 1.947806e-03
-8.010589e-02 1.978272e-03
-7.917415e-02 2.265669e-03
-7.834403e-02 2.309583e-03
-7.732771e-02 2.121380e-03
-7.624441e-02 2.092317e-03
-7.514558e-02 1.989782e-03
-7.404105e-02 1.957669e-03
-7.299427e-02 1.960780e-03
-7.196403e-02 1.951977e-03
-7.100429e-02 2.048898e-03
-7.008113e-02 2.060454e-03
-6.911764e-02 2.021415e-03
-6.810592e-02 2.037715e-03
-6.704886e-02 2.011226e-03
-6.602792e-02 1.978655e-03
-6.507470e-02 1.997272e-03
-6.410490e-02 2.015274e-03
-6.306682e-02 1.955137e-03
-6.197345e-02 1.965327e-03
-6.087907e-02 1.988302e-03
-5.981404e-02 1.980285e-03
-5.878085e-02 2.011056e-03
-5.778423e-02 2.000194e-03
-5.683457e-02 2.052181e-03
-5.584385e-02 2.094142e-03
-5.478979e-02 2.101179e-03
-5.373459e-02 2.105832e-03
-5.275773e-02 2.253606e-03
-5.179002e-02 2.299785e-03
-5.065529e-02 2.145409e-03
-4.952569e-02 2.088276e-03
-4.847179e-02 2.059652e-03
-4.740926e-02 2.053122e-03
-4.636160e-02 2.055906e-03
-4.530586e-02 2.063152e-03
-4.428296e-02 2.137943e-03
-4.325910e-02 2.164013e-03
-4.217618e-02 2.142088e-03
-4.109870e-02 2.132387e-03
-4.003759e-02 2.128663e-03
-3.899960e-02 2.113445e-03
-3.794926e-02 2.054495e-03
-3.680317e-02 2.089324e-03
-3.565129e-02 2.172485e-03
-3.453032e-02 2.185300e-03
-3.341641e-02 2.236868e-03
-3.228644e-02 2.263558e-03
-3.115105e-02 2.324323e-03
-2.999071e-02 2.362730e-03
-2.879671e-02 2.417844e-03
-2.758542e-02 2.446426e-03
-2.634897e-02 2.479223e-03
-2.511709e-02 2.489956e-03
-2.388619e-02 2.521362e-03
-2.270165e-02 2.503198e-03
-2.147934e-02 2.394547e-03
-2.024616e-02 2.363571e-03
-1.905153e-02 2.337181e-03
-1.783212e-02 2.342536e-03
-1.663898e-02 2.405711e-03
-1.546986e-02 2.412423e-03
-1.428701e-02 2.403616e-03
-1.309812e-02 2.405714e-03
-1.188862e-02 2.381704e-03
-1.070381e-02 2.356623e-03
-9.539579e-03 2.316827e-03
-8.502190e-03 2.227977e-03
-7.478224e-03 2.003817e-03
-6.536027e-03 1.872762e-03
-5.644102e-03 1.596161e-03
-4.800605e-03 1.468591e-03
-4.084078e-03 1.322756e-03
-3.397459e-03 1.252243e-03
-2.788289e-03 1.187765e-03
-2.194981e-03 1.154210e-03
-1.631722e-03 1.108936e-03
-1.079280e-03 1.087045e-03
-5.421288e-04 1.053274e-03
6.386675e-06 1.047374e-03
5.367509e-04 1.058812e-03
1.088495e-03 1.076639e-03
1.642668e-03 1.123868e-03
2.216301e-03 1.151798e-03
2.802620e-03 1.206015e-03
3.428215e-03 1.249904e-03
4.072598e-03 1.342978e-03
4.839718e-03 1.449255e-03
5.646509e-03 1.675463e-03
6.554237e-03 1.818511e-03
7.529092e-03 2.103611e-03
8.538229e-03 2.225392e-03
9.657672e-03 2.383901e-03
1.077690e-02 2.442458e-03
1.201348e-02 2.405185e-03
1.326449e-02 2.398753e-03
1.446666e-02 2.466779e-03
1.563752e-02 2.474150e-03
1.683529e-02 2.445217e-03
1.803325e-02 2.434902e-03
1.923653e-02 2.401939e-03
2.049147e-02 2.419432e-03
2.173761e-02 2.478112e-03
2.298435e-02 2.501257e-03
2.423958e-02 2.556199e-03
2.549347e-02 2.573440e-03
2.677721e-02 2.566692e-03
2.804026e-02 2.553594e-03
2.929332e-02 2.538687e-03
3.051276e-02 2.511407e-03
3.172484e-02 2.443175e-03
3.292397e-02 2.412537e-03
3.411110e-02 2.351926e-03
3.529014e-02 2.323639e-03
3.644248e-02 2.285216e-03
3.757714e-02 2.262345e-03
3.870308e-02 2.213410e-03
3.983741e-02 2.199306e-03
4.094929e-02 2.201719e-03
4.207888e-02 2.214724e-03
4.321428e-02 2.236991e-03
4.430213e-02 2.214999e-03
4.536726e-02 2.195950e-03
4.642014e-02 2.183215e-03
4.747238e-02 2.144821e-03
4.855677e-02 2.148814e-03
4.965999e-02 2.132643e-03
5.077671e-02 2.136394e-03
5.188835e-02 2.151188e-03
5.294478e-02 2.123389e-03
5.395390e-02 2.129100e-03
5.498349e-02 2.141977e-03
5.607165e-02 2.076114e-03
5.719227e-02 2.073314e-03
5.826544e-02 2.148624e-03
5.926396e-02 2.129491e-03
6.025576e-02 2.083516e-03
6.126907e-02 2.081327e-03
6.230673e-02 2.038519e-03
6.338060e-02 2.043447e-03
6.448063e-02 2.009742e-03
6.559485e-02 2.007484e-03
6.665094e-02 2.102012e-03
6.764869e-02 2.099625e-03
6.869274e-02 2.011890e-03
6.977314e-02 2.003521e-03
7.084526e-02 1.994081e-03
7.187586e-02 1.964427e-03
7.284426e-02 1.989444e-03
7.382178e-02 2.005268e-03
7.481392e-02 2.021078e-03
7.578944e-02 2.015436e-03
7.677372e-02 1.988958e-03
7.784004e-02 2.030014e-03
7.894741e-02 2.071816e-03
7.999028e-02 2.048174e-03
8.097021e-02 2.091404e-03
8.206827e-02 2.176442e-03
8.325536e-02 2.260121e-03
8.418205e-02 2.135443e-03
8.500428e-02 1.967228e-03
8.595977e-02 1.985217e-03
8.695877e-02 1.958920e-03
8.796065e-02 1.952535e-03
8.893847e-02 1.978661e-03
8.991083e-02 1.983452e-03
9.089711e-02 1.969835e-03
9.190030e-02 1.976434e-03
9.291253e-02 1.983406e-03
9.388852e-02 1.962816e-03
9.495167e-02 1.756824e-03
9.606495e-02 1.714019e-03
9.703593e-02 1.835708e-03
9.792294e-02 1.827919e-03
9.879429e-02 1.828905e-03
9.970981e-02 1.857025e-03
1.006506e-01 1.892922e-03
1.015972e-01 1.908033e-03
1.025664e-01 1.916012e-03
1.035648e-01 1.937702e-03
1.045791e-01 1.967546e-03
1.054754e-01 1.906144e-03
1.063165e-01 1.830901e-03
1.073331e-01 1.910329e-03
1.084576e-01 1.947623e-03
1.094360e-01 1.873349e-03
1.102710e-01 1.909644e-03
1.110990e-01 1.917136e-03
1.119570e-01 1.884100e-03
1.128274e-01 1.880911e-03
1.137342e-01 1.814677e-03
1.146860e-01 1.816530e-03
1.157048e-01 1.706688e-03
1.167055e-01 1.657498e-03
1.175674e-01 1.755600e-03
1.183533e-01 1.744149e-03
1.193071e-01 1.429481e-03
1.204074e-01 1.405267e-03
1.212981e-01 1.690532e-03
1.220774e-01 1.725297e-03
1.228944e-01 1.755674e-03
1.236861e-01 1.752630e-03
1.244878e-01 1.727464e-03
1.253307e-01 1.741881e-03
1.262552e-01 1.649176e-03
1.272313e-01 1.647903e-03
1.281464e-01 1.742725e-03
1.289423e-01 1.704301e-03
1.296741e-01 1.707687e-03
1.307600e-01 1.922566e-03
1.319712e-01 2.306975e-03
1.326491e-01 2.124330e-03
1.332556e-01 1.739964e-03
1.340339e-01 1.705782e-03
1.347802e-01 1.661186e-03
1.355339e-01 1.649598e-03
1.363130e-01 1.578159e-03
1.372128e-01 1.623779e-03
1.381836e-01 1.629139e-03
1.391042e-01 1.602042e-03
1.399110e-01 1.719878e-03
1.406027e-01 1.692109e-03
1.415198e-01 1.236407e-03
1.425955e-01 1.168510e-03
1.433205e-01 1.567189e-03
1.438818e-01 1.611551e-03
1.445604e-01 1.536367e-03
1.452897e-01 1.540906e-03
1.460373e-01 1.526161e-03
1.467956e-01 1.526283e-03
1.475654e-01 1.504539e-03
1.483724e-01 1.520040e-03
1.491428e-01 1.623921e-03
1.498559e-01 1.625844e-03
1.506066e-01 1.571384e-03
1.515147e-01 1.647268e-03
1.524772e-01 1.764208e-03
1.532038e-01 1.663766e-03
1.538740e-01 1.481911e-03
1.545815e-01 1.439778e-03
1.552148e-01 1.443694e-03
1.559051e-01 1.479320e-03
1.566558e-01 1.480267e-03
1.574577e-01 1.510363e-03
1.582691e-01 1.575474e-03
1.589710e-01 1.534263e-03
1.596174e-01 1.515264e-03
1.602797e-01 1.516904e-03
1.611354e-01 1.196450e-03
1.620642e-01 1.125838e-03
1.627564e-01 1.326386e-03
1.633681e-01 1.349425e-03
1.639536e-01 1.454380e-03
1.645346e-01 1.490388e-03
1.652161e-01 1.425472e-03
1.659459e-01 1.430065e-03
1.667040e-01 1.392963e-03
1.674431e-01 1.369161e-03
1.681204e-01 1.406159e-03
1.687516e-01 1.390989e-03
1.693799e-01 1.356384e-03
1.701562e-01 1.433659e-03
1.709922e-01 1.546217e-03
1.716521e-01 1.480227e-03
1.722214e-01 1.450744e-03
1.728058e-01 1.450149e-03
1.733862e-01 1.452626e-03
1.739710e-01 1.455246e-03
1.746228e-01 1.353588e-03
1.753496e-01 1.362892e-03
1.761066e-01 1.335821e-03
1.768248e-01 1.302765e-03
1.774613e-01 1.349785e-03
1.780454e-01 1.334443e-03
1.787330e-01 1.117083e-03
1.795378e-01 1.109973e-03
1.801693e-01 1.381363e-03
1.807124e-01 1.425053e-03
1.813382e-01 1.405639e-03
1.819445e-01 1.387948e-03
1.825512e-01 1.340807e-03
1.831680e-01 1.328929e-03
1.838244e-01 1.227488e-03
1.845325e-01 1.222911e-03
1.852275e-01 1.234359e-03
1.858849e-01 1.215073e-03
1.864727e-01 1.275058e-03
1.870863e-01 1.312943e-03
1.877246e-01 1.376715e-03
1.882917e-01 1.355993e-03
1.888595e-01 1.299502e-03
1.894502e-01 1.293707e-03
1.900405e-01 1.275695e-03
1.906427e-01 1.275436e-03
1.912595e-01 1.252894e-03
1.918738e-01 1.244212e-03
1.925129e-01 1.176652e-03
1.931887e-01 1.174340e-03
1.937983e-01 1.280596e-03
1.943803e-01 1.301438e-03
1.950018e-01 1.291041e-03
1.955629e-01 1.251974e-03
1.960658e-01 1.243095e-03
1.965379e-01 1.220574e-03
1.970008e-01 1.170931e-03
1.975409e-01 1.200187e-03
1.981547e-01 1.160623e-03
1.987982e-01 1.163377e-03
1.994430e-01 1.166748e-03
2.000642e-01 1.154580e-03
2.005903e-01 1.281623e-03
2.010604e-01 1.292883e-03
2.016675e-01 1.093497e-03
2.023972e-01 1.096144e-03
2.030250e-01 1.275787e-03
2.034695e-01 1.229648e-03
2.038483e-01 1.208471e-03
2.042552e-01 1.218587e-03
2.047361e-01 1.123469e-03
2.053273e-01 1.154584e-03
2.059851e-01 1.132148e-03
2.066885e-01 1.152162e-03
2.073190e-01 1.326715e-03
2.078000e-01 1.299093e-03
2.082350e-01 1.301209e-03
2.088151e-01 1.389838e-03
2.094545e-01 1.534653e-03
