-9.931265e-02 3.757997e-04
-9.917240e-02 3.675511e-04
-9.902699e-02 3.672164e-04
-9.884697e-02 3.087279e-04
-9.864377e-02 3.020292e-04
-9.846930e-02 3.324079e-04
-9.831701e-02 3.300591e-04
-9.817612e-02 3.413383e-04
-9.802881e-02 3.492605e-04
-9.785516e-02 3.272835e-04
-9.765427e-02 3.352507e-04
-9.745645e-02 3.624909e-04
-9.727545e-02 3.626751e-04
-9.712423e-02 4.126105e-04
-9.699658e-02 4.165117e-04
-9.681250e-02 3.348446e-04
-9.658736e-02 3.300424e-04
-9.638105e-02 3.467412e-04
-9.618466e-02 3.467858e-04
-9.601229e-02 3.870215e-04
-9.586256e-02 3.874094e-04
-9.568878e-02 3.484069e-04
-9.550603e-02 3.402451e-04
-9.532307e-02 3.184204e-04
-9.511131e-02 3.278781e-04
-9.491827e-02 3.841248e-04
-9.477527e-02 3.742906e-04
-9.461956e-02 3.257500e-04
-9.443218e-02 3.268493e-04
-9.425370e-02 3.447584e-04
-9.407879e-02 3.495207e-04
-9.388720e-02 3.350546e-04
-9.368264e-02 3.376116e-04
-9.348576e-02 3.587907e-04
-9.331062e-02 3.533897e-04
-9.314858e-02 3.588810e-04
-9.297847e-02 3.657129e-04
-9.279158e-02 3.566834e-04
-9.260248e-02 3.542801e-04
-9.240849e-02 3.395764e-04
-9.220915e-02 3.379514e-04
-9.203029e-02 3.688638e-04
-9.188627e-02 3.590894e-04
-9.174168e-02 3.296581e-04
-9.156707e-02 3.371136e-04
-9.136545e-02 3.127261e-04
-9.113086e-02 3.232568e-04
-9.091342e-02 3.811220e-04
-9.074797e-02 3.712538e-04
-9.059315e-02 3.615391e-04
-9.042306e-02 3.671814e-04
-9.024334e-02 3.682362e-04
-9.004641e-02 3.789630e-04
-8.984558e-02 4.008799e-04
-8.966781e-02 3.949018e-04
-8.948220e-02 3.651741e-04
-8.929577e-02 3.544788e-04
-8.912177e-02 3.455167e-04
-8.894217e-02 3.461151e-04
-8.875373e-02 3.343189e-04
-8.855404e-02 3.368501e-04
-8.835343e-02 3.410199e-04
-8.816521e-02 3.350677e-04
-8.799337e-02 3.458818e-04
-8.782528e-02 3.470475e-04
-8.765945e-02 3.539847e-04
-8.748106e-02 3.644811e-04
-8.727584e-02 3.490250e-04
-8.706596e-02 3.462365e-04
-8.687238e-02 3.669453e-04
-8.669719e-02 3.633843e-04
-8.654499e-02 3.905117e-04
-8.639494e-02 3.989871e-04
-8.620440e-02 3.549012e-04
-8.599198e-02 3.516820e-04
-8.578604e-02 3.536711e-04
-8.558593e-02 3.513573e-04
-8.539586e-02 3.629687e-04
-8.521751e-02 3.601289e-04
-8.503441e-02 3.429263e-04
-8.484079e-02 3.430574e-04
-8.465202e-02 3.515347e-04
-8.446157e-02 3.551053e-04
-8.427230e-02 3.669955e-04
-8.408570e-02 3.701558e-04
-8.390246e-02 3.844813e-04
-8.372872e-02 3.839635e-04
-8.356509e-02 4.008919e-04
-8.338976e-02 4.139978e-04
-8.316723e-02 3.701581e-04
-8.294196e-02 3.560115e-04
-8.274399e-02 3.622663e-04
-8.256011e-02 3.555538e-04
-8.240987e-02 3.928241e-04
-8.227266e-02 3.989543e-04
-8.208505e-02 3.322762e-04
-8.185380e-02 3.343564e-04
-8.163327e-02 3.592437e-04
-8.143076e-02 3.574576e-04
-8.124825e-02 3.844939e-04
-8.108863e-02 3.804732e-04
-8.092157e-02 3.568859e-04
-8.071631e-02 3.708198e-04
-8.049771e-02 3.873015e-04
-8.029149e-02 3.863173e-04
-8.009659e-02 4.039192e-04
-7.993016e-02 3.931522e-04
-7.976318e-02 3.608376e-04
-7.957674e-02 3.609088e-04
-7.938552e-02 3.531349e-04
-7.918413e-02 3.559421e-04
-7.897910e-02 3.577338e-04
-7.876632e-02 3.634839e-04
-7.856061e-02 3.911238e-04
-7.837669e-02 3.880358e-04
-7.819759e-02 3.889519e-04
-7.801174e-02 3.933204e-04
-7.781919e-02 3.928360e-04
-7.761417e-02 4.001645e-04
-7.740600e-02 4.152706e-04
-7.721016e-02 4.127438e-04
-7.703143e-02 4.341178e-04
-7.686637e-02 4.342116e-04
-7.668632e-02 4.111461e-04
-7.649218e-02 4.112450e-04
-7.626938e-02 3.621309e-04
-7.603483e-02 3.515175e-04
-7.583689e-02 3.831770e-04
-7.566151e-02 3.805095e-04
-7.548256e-02 3.671576e-04
-7.528755e-02 3.724892e-04
-7.508885e-02 3.811446e-04
-7.489008e-02 3.843154e-04
-7.468467e-02 3.835360e-04
-7.448159e-02 3.818810e-04
-7.428700e-02 3.899862e-04
-7.409241e-02 3.928993e-04
-7.390187e-02 4.077379e-04
-7.370745e-02 4.148482e-04
-7.350429e-02 4.199807e-04
-7.330726e-02 4.187282e-04
-7.309981e-02 3.994391e-04
-7.289787e-02 3.891602e-04
-7.271042e-02 3.832387e-04
-7.253192e-02 3.757329e-04
-7.235592e-02 3.590864e-04
-7.213830e-02 3.775564e-04
-7.190662e-02 4.054193e-04
-7.168931e-02 4.073459e-04
-7.148885e-02 4.406406e-04
-7.131685e-02 4.356065e-04
-7.114549e-02 4.243730e-04
-7.095905e-02 4.293255e-04
-7.074421e-02 3.941006e-04
-7.051653e-02 3.891361e-04
-7.030645e-02 4.047518e-04
-7.011487e-02 3.987253e-04
-6.993588e-02 4.029238e-04
-6.974722e-02 4.107833e-04
-6.953815e-02 4.001517e-04
-6.932553e-02 3.984443e-04
-6.911415e-02 3.942124e-04
-6.891011e-02 3.882769e-04
-6.872682e-02 4.064502e-04
-6.853708e-02 4.163075e-04
-6.833816e-02 4.282649e-04
-6.813920e-02 4.331580e-04
-6.792934e-02 4.285914e-04
-6.771753e-02 4.281084e-04
-6.749203e-02 4.055282e-04
-6.728178e-02 3.882258e-04
-6.711068e-02 4.039151e-04
-6.693108e-02 4.146756e-04
-6.673557e-02 4.180162e-04
-6.654491e-02 4.157596e-04
-6.633112e-02 3.710772e-04
-6.610185e-02 3.648018e-04
-6.588466e-02 3.688144e-04
-6.568019e-02 3.626663e-04
-6.549879e-02 3.826669e-04
-6.530706e-02 3.960824e-04
-6.510004e-02 4.078421e-04
-6.488250e-02 4.178185e-04
-6.465787e-02 4.336719e-04
-6.445251e-02 4.283945e-04
-6.428006e-02 4.683782e-04
-6.411233e-02 4.799783e-04
-6.389726e-02 4.351511e-04
-6.367125e-02 4.255263e-04
-6.345197e-02 4.083333e-04
-6.322804e-02 4.049362e-04
-6.301343e-02 4.110514e-04
-6.280615e-02 4.082871e-04
-6.260820e-02 4.161191e-04
-6.242180e-02 4.125814e-04
-6.222769e-02 3.899953e-04
-6.201810e-02 3.911226e-04
-6.180762e-02 3.942546e-04
-6.159183e-02 3.986000e-04
-6.138472e-02 4.236501e-04
-6.118285e-02 4.295166e-04
-6.098223e-02 4.478896e-04
-6.079046e-02 4.485912e-04
-6.057241e-02 4.067778e-04
-6.033577e-02 4.034486e-04
-6.011297e-02 4.187740e-04
-5.991382e-02 4.101095e-04
-5.972888e-02 4.081583e-04
-5.954378e-02 4.075423e-04
-5.934571e-02 3.841643e-04
-5.912886e-02 3.864965e-04
-5.890750e-02 3.855569e-04
-5.868062e-02 3.890376e-04
-5.846678e-02 4.203312e-04
-5.827502e-02 4.183962e-04
-5.808719e-02 4.211746e-04
-5.789271e-02 4.261459e-04
-5.768213e-02 4.115203e-04
-5.745099e-02 4.186159e-04
-5.722598e-02 4.485703e-04
-5.703348e-02 4.392488e-04
-5.683998e-02 4.117023e-04
-5.663450e-02 4.095505e-04
-5.642168e-02 3.928387e-04
-5.619977e-02 3.922860e-04
-5.598189e-02 3.959482e-04
-5.576336e-02 3.976643e-04
-5.555534e-02 4.199979e-04
-5.536680e-02 4.157805e-04
-5.517650e-02 4.011133e-04
-5.497010e-02 4.060432e-04
-5.476424e-02 4.205999e-04
-5.454577e-02 4.334052e-04
-5.431043e-02 4.425472e-04
-5.408815e-02 4.380202e-04
-5.388131e-02 4.495377e-04
-5.368558e-02 4.470055e-04
-5.348505e-02 4.319634e-04
-5.327625e-02 4.309400e-04
-5.305675e-02 4.103229e-04
-5.283307e-02 4.059790e-04
-5.261811e-02 4.099553e-04
-5.242267e-02 3.996715e-04
-5.224092e-02 3.924092e-04
-5.203502e-02 4.043193e-04
-5.181223e-02 4.092139e-04
-5.157874e-02 4.168113e-04
-5.133956e-02 4.284729e-04
-5.112126e-02 4.207254e-04
-5.092278e-02 4.321600e-04
-5.072391e-02 4.365158e-04
-5.052459e-02 4.495551e-04
-5.032229e-02 4.560166e-04
-5.010360e-02 4.449544e-04
-4.988280e-02 4.422430e-04
-4.966094e-02 4.329480e-04
-4.944275e-02 4.268251e-04
-4.923324e-02 4.243319e-04
-4.902804e-02 4.214357e-04
-4.882027e-02 4.106752e-04
-4.860087e-02 4.137783e-04
-4.837853e-02 4.159117e-04
-4.815639e-02 4.165618e-04
-4.794726e-02 4.400986e-04
-4.775240e-02 4.394120e-04
-4.755898e-02 4.398004e-04
-4.735559e-02 4.465200e-04
-4.713440e-02 4.355822e-04
-4.690392e-02 4.371968e-04
-4.667009e-02 4.377516e-04
-4.644990e-02 4.297756e-04
-4.625044e-02 4.405530e-04
-4.605981e-02 4.391285e-04
-4.585647e-02 4.139620e-04
-4.563652e-02 4.143166e-04
-4.540788e-02 4.009347e-04
-4.518107e-02 3.955725e-04
-4.497673e-02 4.196310e-04
-4.477555e-02 4.264250e-04
-4.456414e-02 4.266847e-04
-4.435109e-02 4.277625e-04
-4.413430e-02 4.244898e-04
-4.391158e-02 4.268719e-04
-4.368763e-02 4.314448e-04
-4.347097e-02 4.281321e-04
-4.327185e-02 4.481002e-04
-4.307715e-02 4.532483e-04
-4.286988e-02 4.483689e-04
-4.266364e-02 4.459650e-04
-4.244446e-02 4.160047e-04
-4.220737e-02 4.159824e-04
-4.197418e-02 4.224232e-04
-4.175329e-02 4.167738e-04
-4.154981e-02 4.300941e-04
-4.135487e-02 4.303575e-04
-4.115302e-02 4.196278e-04
-4.093478e-02 4.255738e-04
-4.070885e-02 4.308987e-04
-4.048953e-02 4.288632e-04
-4.028442e-02 4.452927e-04
-4.009069e-02 4.443671e-04
-3.988856e-02 4.277845e-04
-3.966856e-02 4.319703e-04
-3.944147e-02 4.318196e-04
-3.921532e-02 4.317883e-04
-3.898942e-02 4.337565e-04
-3.878023e-02 4.244373e-04
-3.857727e-02 4.072908e-04
-3.836247e-02 4.082346e-04
-3.815356e-02 4.206783e-04
-3.794521e-02 4.242323e-04
-3.772310e-02 4.111852e-04
-3.749697e-02 4.094546e-04
-3.728120e-02 4.218503e-04
-3.706861e-02 4.244143e-04
-3.686324e-02 4.452019e-04
-3.666685e-02 4.472887e-04
-3.645416e-02 4.242343e-04
-3.622942e-02 4.231733e-04
-3.600448e-02 4.198715e-04
-3.578189e-02 4.166919e-04
-3.557299e-02 4.306654e-04
-3.537674e-02 4.286887e-04
-3.517320e-02 4.126379e-04
-3.495445e-02 4.159695e-04
-3.472817e-02 4.110555e-04
-3.450348e-02 4.083260e-04
-3.429060e-02 4.204499e-04
-3.408748e-02 4.183836e-04
-3.389029e-02 4.225056e-04
-3.368678e-02 4.283578e-04
-3.347240e-02 4.265319e-04
-3.325111e-02 4.300099e-04
-3.302861e-02 4.392797e-04
-3.281958e-02 4.345314e-04
-3.261517e-02 4.274065e-04
-3.240472e-02 4.284710e-04
-3.219419e-02 4.312884e-04
-3.198377e-02 4.316576e-04
-3.176852e-02 4.246672e-04
-3.155161e-02 4.237324e-04
-3.133423e-02 4.219374e-04
-3.112198e-02 4.182130e-04
-3.091924e-02 4.221310e-04
-3.071729e-02 4.230581e-04
-3.051476e-02 4.246372e-04
-3.030124e-02 4.312121e-04
-3.007506e-02 4.283843e-04
-2.984812e-02 4.284079e-04
-2.962866e-02 4.409095e-04
-2.942632e-02 4.351727e-04
-2.922905e-02 4.293375e-04
-2.902791e-02 4.295326e-04
-2.881951e-02 4.163661e-04
-2.860153e-02 4.173915e-04
-2.838341e-02 4.200248e-04
-2.817954e-02 4.118651e-04
-2.797771e-02 3.926777e-04
-2.776449e-02 3.931420e-04
-2.755510e-02 4.022883e-04
-2.735109e-02 4.023671e-04
-2.714565e-02 3.986565e-04
-2.693068e-02 4.030470e-04
-2.671756e-02 4.183352e-04
-2.650900e-02 4.205250e-04
-2.630132e-02 4.280459e-04
-2.610190e-02 4.263834e-04
-2.589973e-02 4.172098e-04
-2.568488e-02 4.214989e-04
-2.546607e-02 4.284433e-04
-2.525396e-02 4.269333e-04
-2.504225e-02 4.217733e-04
-2.483651e-02 4.163205e-04
-2.464119e-02 4.185566e-04
-2.444190e-02 4.211754e-04
-2.423191e-02 4.106238e-04
-2.401966e-02 4.087521e-04
-2.380648e-02 4.035427e-04
-2.359583e-02 4.001581e-04
-2.339691e-02 4.087866e-04
-2.320370e-02 4.084538e-04
-2.300615e-02 4.002672e-04
-2.280025e-02 4.023424e-04
-2.259176e-02 4.037918e-04
-2.238138e-02 4.048910e-04
-2.217259e-02 4.105899e-04
-2.197136e-02 4.086597e-04
-2.177368e-02 4.107755e-04
-2.157636e-02 4.113218e-04
-2.137628e-02 4.067004e-04
-2.117426e-02 4.062003e-04
-2.097034e-02 4.016371e-04
-2.076222e-02 4.019656e-04
-2.055300e-02 4.010645e-04
-2.034996e-02 3.975790e-04
-2.015412e-02 3.998728e-04
-1.995785e-02 4.009571e-04
-1.975828e-02 3.999906e-04
-1.955415e-02 4.023843e-04
-1.934773e-02 4.037135e-04
-1.914407e-02 4.025395e-04
-1.894475e-02 4.065311e-04
-1.875115e-02 4.039895e-04
-1.856074e-02 4.022198e-04
-1.836147e-02 4.074395e-04
-1.815380e-02 4.094882e-04
-1.794891e-02 4.085589e-04
-1.774469e-02 4.055400e-04
-1.754268e-02 4.031272e-04
-1.734573e-02 4.048905e-04
-1.714887e-02 4.049284e-04
-1.694801e-02 3.983824e-04
-1.674538e-02 3.976304e-04
-1.654416e-02 3.978615e-04
-1.633886e-02 4.003845e-04
-1.613207e-02 4.064455e-04
-1.593028e-02 4.056390e-04
-1.573115e-02 4.062959e-04
-1.553358e-02 4.055872e-04
-1.533487e-02 4.016944e-04
-1.513072e-02 4.030073e-04
-1.492608e-02 4.058389e-04
-1.472295e-02 4.065019e-04
-1.451988e-02 4.099872e-04
-1.432270e-02 4.077007e-04
-1.412669e-02 4.017521e-04
-1.392528e-02 4.028591e-04
-1.372014e-02 3.997201e-04
-1.351156e-02 4.001127e-04
-1.330378e-02 4.025700e-04
-1.309868e-02 4.023921e-04
-1.289924e-02 4.112979e-04
-1.270259e-02 4.128387e-04
-1.249978e-02 4.084087e-04
-1.229128e-02 4.102211e-04
-1.208371e-02 4.152417e-04
-1.187665e-02 4.167351e-04
-1.166929e-02 4.203663e-04
-1.146296e-02 4.204834e-04
-1.125807e-02 4.231800e-04
-1.105374e-02 4.243852e-04
-1.084483e-02 4.216925e-04
-1.063415e-02 4.217786e-04
-1.042327e-02 4.200928e-04
-1.021090e-02 4.203795e-04
-1.000010e-02 4.237801e-04
-9.790845e-03 4.234949e-04
-9.583021e-03 4.250621e-04
-9.375060e-03 4.262861e-04
-9.161683e-03 4.206872e-04
-8.941770e-03 4.225818e-04
-8.721055e-03 4.281094e-04
-8.503408e-03 4.282706e-04
-8.289859e-03 4.339344e-04
-8.077874e-03 4.350331e-04
-7.864559e-03 4.358624e-04
-7.644488e-03 4.396179e-04
-7.421449e-03 4.450814e-04
-7.200984e-03 4.461059e-04
-6.979907e-03 4.496312e-04
-6.759740e-03 4.503529e-04
-6.537376e-03 4.469988e-04
-6.311874e-03 4.476768e-04
-6.087386e-03 4.512499e-04
-5.859070e-03 4.542129e-04
-5.627892e-03 4.576622e-04
-5.396893e-03 4.594137e-04
-5.166568e-03 4.653843e-04
-4.938889e-03 4.659535e-04
-4.710346e-03 4.678670e-04
-4.487044e-03 4.654001e-04
-4.262822e-03 4.552544e-04
-4.043940e-03 4.483911e-04
-3.823871e-03 4.273422e-04
-3.611382e-03 4.146545e-04
-3.410498e-03 3.988268e-04
-3.220933e-03 3.869055e-04
-3.038446e-03 3.656194e-04
-2.858643e-03 3.563303e-04
-2.682704e-03 3.382535e-04
-2.511753e-03 3.287298e-04
-2.351702e-03 3.191596e-04
-2.199651e-03 3.109054e-04
-2.052415e-03 2.960202e-04
-1.904874e-03 2.904555e-04
-1.760347e-03 2.800689e-04
-1.620479e-03 2.739276e-04
-1.485482e-03 2.659858e-04
-1.355017e-03 2.603923e-04
-1.229458e-03 2.520254e-04
-1.105909e-03 2.478052e-04
-9.855239e-04 2.413663e-04
-8.668050e-04 2.377277e-04
-7.497488e-04 2.304181e-04
-6.354285e-04 2.264675e-04
-5.239126e-04 2.201753e-04
-4.152893e-04 2.161719e-04
-3.090260e-04 2.097789e-04
-2.061298e-04 2.054687e-04
-1.059150e-04 1.970805e-04
-1.857383e-06 1.964017e-04
9.862893e-05 2.003964e-04
2.027042e-04 2.037393e-04
3.070358e-04 2.125077e-04
4.143749e-04 2.177469e-04
5.263773e-04 2.253794e-04
6.400924e-04 2.291663e-04
7.558786e-04 2.353850e-04
8.747152e-04 2.394578e-04
9.964677e-04 2.459013e-04
1.124105e-03 2.514080e-04
1.255253e-03 2.608215e-04
1.389023e-03 2.661252e-04
1.526038e-03 2.764860e-04
1.666652e-03 2.823925e-04
1.811124e-03 2.913263e-04
1.962331e-03 2.985922e-04
2.117431e-03 3.122737e-04
2.277215e-03 3.195703e-04
2.442253e-03 3.310380e-04
2.616052e-03 3.408544e-04
2.795645e-03 3.584389e-04
2.982163e-03 3.689337e-04
3.174605e-03 3.896700e-04
3.372061e-03 4.001758e-04
3.576141e-03 4.168553e-04
3.792174e-03 4.294446e-04
4.019524e-03 4.454970e-04
4.243866e-03 4.500618e-04
4.471042e-03 4.580075e-04
4.696242e-03 4.596910e-04
4.924720e-03 4.606531e-04
5.154185e-03 4.615907e-04
5.386188e-03 4.582149e-04
5.618109e-03 4.569494e-04
5.850527e-03 4.526027e-04
6.077915e-03 4.474079e-04
6.301353e-03 4.396042e-04
6.527211e-03 4.388486e-04
6.752903e-03 4.386740e-04
6.976610e-03 4.374247e-04
7.198684e-03 4.350062e-04
7.419608e-03 4.334435e-04
7.637982e-03 4.333602e-04
7.857886e-03 4.336566e-04
8.077316e-03 4.352735e-04
8.292743e-03 4.340467e-04
8.508162e-03 4.306604e-04
8.726694e-03 4.313033e-04
8.948574e-03 4.291329e-04
9.168340e-03 4.270868e-04
9.381829e-03 4.302436e-04
9.591972e-03 4.287892e-04
9.802526e-03 4.240659e-04
1.001783e-02 4.257939e-04
1.023779e-02 4.228526e-04
1.045708e-02 4.213859e-04
1.067329e-02 4.240197e-04
1.088447e-02 4.219548e-04
1.109062e-02 4.230226e-04
1.130037e-02 4.255718e-04
1.151589e-02 4.230119e-04
1.173160e-02 4.216281e-04
1.194353e-02 4.240904e-04
1.215414e-02 4.247591e-04
1.236545e-02 4.270563e-04
1.257472e-02 4.266538e-04
1.278576e-02 4.209544e-04
1.299722e-02 4.191475e-04
1.320783e-02 4.155333e-04
1.341900e-02 4.139961e-04
1.362909e-02 4.115219e-04
1.383930e-02 4.112571e-04
1.404622e-02 4.159802e-04
1.425006e-02 4.158398e-04
1.445572e-02 4.139900e-04
1.466535e-02 4.157030e-04
1.487809e-02 4.136934e-04
1.509375e-02 4.141561e-04
1.530608e-02 4.210031e-04
1.551179e-02 4.200654e-04
1.571445e-02 4.225213e-04
1.591807e-02 4.239796e-04
1.613026e-02 4.153395e-04
1.634608e-02 4.144092e-04
1.655812e-02 4.165545e-04
1.676575e-02 4.146722e-04
1.697136e-02 4.128098e-04
1.717758e-02 4.119418e-04
1.738360e-02 4.098531e-04
1.759389e-02 4.122123e-04
1.780657e-02 4.163359e-04
1.802087e-02 4.188031e-04
1.823145e-02 4.302812e-04
1.843558e-02 4.305282e-04
1.864344e-02 4.249703e-04
1.885238e-02 4.230472e-04
1.905658e-02 4.255739e-04
1.926343e-02 4.286428e-04
1.947857e-02 4.249591e-04
1.969437e-02 4.240206e-04
1.990873e-02 4.221854e-04
2.011813e-02 4.185423e-04
2.031964e-02 4.215945e-04
2.052334e-02 4.234298e-04
2.073688e-02 4.121259e-04
2.095913e-02 4.138414e-04
2.118106e-02 4.191327e-04
2.139269e-02 4.148765e-04
2.159385e-02 4.220809e-04
2.179916e-02 4.271633e-04
2.201104e-02 4.287369e-04
2.222464e-02 4.303394e-04
2.244327e-02 4.263919e-04
2.266411e-02 4.257197e-04
2.288081e-02 4.307824e-04
2.309300e-02 4.304856e-04
2.330431e-02 4.327617e-04
2.351769e-02 4.348211e-04
2.373461e-02 4.329995e-04
2.395038e-02 4.316482e-04
2.416823e-02 4.244063e-04
2.439012e-02 4.236378e-04
2.461068e-02 4.237334e-04
2.483141e-02 4.244368e-04
2.504115e-02 4.463441e-04
2.524573e-02 4.511426e-04
2.546266e-02 4.422167e-04
2.568826e-02 4.442126e-04
2.591528e-02 4.473830e-04
2.613656e-02 4.444749e-04
2.635173e-02 4.465761e-04
2.656655e-02 4.477377e-04
2.678122e-02 4.512145e-04
2.699534e-02 4.521403e-04
2.722278e-02 4.342102e-04
2.745617e-02 4.313236e-04
2.767996e-02 4.376625e-04
2.789557e-02 4.344466e-04
2.810585e-02 4.343939e-04
2.831856e-02 4.364216e-04
2.853530e-02 4.353487e-04
2.875996e-02 4.397091e-04
2.898687e-02 4.497646e-04
2.921025e-02 4.512805e-04
2.943250e-02 4.556969e-04
2.964935e-02 4.540463e-04
2.986495e-02 4.515542e-04
3.008424e-02 4.522589e-04
3.031492e-02 4.352556e-04
3.054170e-02 4.273987e-04
3.076283e-02 4.165506e-04
3.099496e-02 4.192546e-04
3.121694e-02 4.420811e-04
3.142206e-02 4.401625e-04
3.163359e-02 4.241380e-04
3.185587e-02 4.242444e-04
3.208211e-02 4.179852e-04
3.232130e-02 4.240549e-04
3.255209e-02 4.548244e-04
3.277528e-02 4.613766e-04
3.299608e-02 4.853698e-04
3.319171e-02 4.788715e-04
3.339463e-02 4.468769e-04
3.363081e-02 4.547217e-04
3.387388e-02 4.650287e-04
3.409360e-02 4.553687e-04
3.430483e-02 4.426884e-04
3.452193e-02 4.416248e-04
3.474194e-02 4.354675e-04
3.496836e-02 4.370919e-04
3.519519e-02 4.392411e-04
3.541890e-02 4.381388e-04
3.563797e-02 4.428362e-04
3.586103e-02 4.463200e-04
3.608599e-02 4.528233e-04
3.630116e-02 4.499094e-04
3.652011e-02 4.371855e-04
3.674774e-02 4.378051e-04
3.696815e-02 4.499170e-04
3.719635e-02 4.589619e-04
3.743915e-02 4.596924e-04
3.765565e-02 4.435598e-04
3.785324e-02 4.302987e-04
3.806617e-02 4.353223e-04
3.828421e-02 4.424287e-04
3.851466e-02 4.524507e-04
3.876728e-02 4.415927e-04
3.900089e-02 4.262502e-04
3.920934e-02 4.256436e-04
3.941977e-02 4.260323e-04
3.962627e-02 4.335976e-04
3.984509e-02 4.442795e-04
4.008979e-02 4.309057e-04
4.033079e-02 4.238607e-04
4.055145e-02 4.397714e-04
4.076697e-02 4.424328e-04
4.098423e-02 4.452718e-04
4.119799e-02 4.441891e-04
4.141318e-02 4.387959e-04
4.163778e-02 4.419002e-04
4.186742e-02 4.421332e-04
4.209481e-02 4.414728e-04
4.232500e-02 4.366393e-04
4.254990e-02 4.317271e-04
4.275881e-02 4.430987e-04
4.296978e-02 4.484314e-04
4.318633e-02 4.539138e-04
4.340873e-02 4.587747e-04
4.365069e-02 4.397274e-04
4.388906e-02 4.313276e-04
4.409697e-02 4.604170e-04
4.429943e-02 4.676255e-04
4.451120e-02 4.704451e-04
4.472657e-02 4.736292e-04
4.496429e-02 4.451537e-04
4.520656e-02 4.370363e-04
4.542351e-02 4.567021e-04
4.562825e-02 4.570754e-04
4.583666e-02 4.520113e-04
4.604695e-02 4.513085e-04
4.628105e-02 4.113224e-04
4.653707e-02 4.100860e-04
4.677099e-02 4.418810e-04
4.698216e-02 4.390635e-04
4.719072e-02 4.355779e-04
4.739961e-02 4.351205e-04
4.761228e-02 4.275735e-04
4.783222e-02 4.292022e-04
4.805646e-02 4.281597e-04
4.827815e-02 4.262592e-04
4.849276e-02 4.311718e-04
4.871306e-02 4.363713e-04
4.892972e-02 4.569207e-04
4.913688e-02 4.580079e-04
4.935297e-02 4.461339e-04
4.956788e-02 4.417748e-04
4.979406e-02 4.124783e-04
5.004024e-02 4.139342e-04
5.025889e-02 4.622963e-04
5.045252e-02 4.646564e-04
5.065804e-02 4.513315e-04
5.086368e-02 4.460126e-04
5.107606e-02 4.200254e-04
5.131522e-02 4.273075e-04
5.155148e-02 4.523041e-04
5.177245e-02 4.521630e-04
5.199149e-02 4.566999e-04
5.219598e-02 4.495764e-04
5.240246e-02 4.247713e-04
5.262981e-02 4.277971e-04
5.285874e-02 4.335935e-04
5.308180e-02 4.327399e-04
5.329809e-02 4.416159e-04
5.350820e-02 4.411148e-04
5.370945e-02 4.561755e-04
5.390888e-02 4.604764e-04
5.412327e-02 4.457658e-04
5.434928e-02 4.474575e-04
5.457864e-02 4.465758e-04
5.481032e-02 4.470387e-04
5.504020e-02 4.513476e-04
5.524755e-02 4.400151e-04
5.544795e-02 4.217378e-04
5.565242e-02 4.175585e-04
5.585717e-02 4.038654e-04
5.609347e-02 4.179041e-04
5.634004e-02 4.397441e-04
5.654943e-02 4.246916e-04
5.674038e-02 4.136258e-04
5.694838e-02 4.204324e-04
5.716110e-02 4.331027e-04
5.738205e-02 4.426240e-04
5.761908e-02 4.406008e-04
5.784898e-02 4.355862e-04
5.806413e-02 4.462834e-04
5.826756e-02 4.424976e-04
5.846680e-02 4.389033e-04
5.867466e-02 4.433868e-04
5.890653e-02 4.159651e-04
5.913263e-02 4.026162e-04
5.934298e-02 3.932309e-04
5.956835e-02 3.988848e-04
5.978370e-02 4.297904e-04
5.997683e-02 4.275614e-04
6.017070e-02 4.201528e-04
6.037816e-02 4.250747e-04
6.058822e-02 4.343493e-04
6.081613e-02 4.489683e-04
6.106618e-02 4.544256e-04
6.128303e-02 4.364683e-04
6.147478e-02 4.267498e-04
6.167398e-02 4.277348e-04
6.187887e-02 4.209735e-04
6.211886e-02 4.390016e-04
6.237900e-02 4.554908e-04
6.258383e-02 4.288735e-04
6.275231e-02 4.170701e-04
