-9.354260e-04 5.611212e-06
-9.345021e-04 4.185574e-06
-9.322998e-04 4.438153e-06
-9.296486e-04 4.392055e-06
-9.270916e-04 4.318939e-06
-9.247488e-04 4.472316e-06
-9.230680e-04 4.130610e-06
-9.220152e-04 4.226994e-06
-9.205797e-04 4.491128e-06
-9.184562e-04 4.096135e-06
-9.158525e-04 4.242700e-06
-9.130423e-04 4.286577e-06
-9.107593e-04 3.979130e-06
-9.091918e-04 4.318932e-06
-9.076314e-04 4.443332e-06
-9.058501e-04 4.421123e-06
-9.039175e-04 4.503831e-06
-9.015597e-04 4.025891e-06
-8.988723e-04 4.051194e-06
-8.962043e-04 4.153445e-06
-8.937272e-04 4.075723e-06
-8.916317e-04 4.494574e-06
-8.901026e-04 4.305894e-06
-8.889938e-04 4.502243e-06
-8.875045e-04 4.800605e-06
-8.849883e-04 3.895228e-06
-8.818413e-04 3.942350e-06
-8.788805e-04 4.386952e-06
-8.766107e-04 4.138150e-06
-8.751187e-04 4.741597e-06
-8.739484e-04 4.766222e-06
-8.724980e-04 4.368536e-06
-8.703601e-04 4.637354e-06
-8.674251e-04 4.057159e-06
-8.643230e-04 3.948166e-06
-8.618994e-04 4.774345e-06
-8.601503e-04 4.667769e-06
-8.585207e-04 4.570965e-06
-8.570550e-04 4.437804e-06
-8.553155e-04 3.627713e-06
-8.527706e-04 3.819992e-06
-8.500741e-04 4.084518e-06
-8.475843e-04 4.048590e-06
-8.452076e-04 4.138844e-06
-8.432800e-04 3.908017e-06
-8.419051e-04 4.187109e-06
-8.405499e-04 4.275936e-06
-8.387345e-04 3.756934e-06
-8.361462e-04 4.033307e-06
-8.330385e-04 3.936295e-06
-8.302769e-04 3.693912e-06
-8.282624e-04 4.264459e-06
-8.267111e-04 4.192478e-06
-8.252835e-04 4.217498e-06
-8.234950e-04 4.442898e-06
-8.210063e-04 3.881361e-06
-8.183172e-04 3.800063e-06
-8.159405e-04 4.096865e-06
-8.137304e-04 4.096953e-06
-8.116575e-04 4.326193e-06
-8.100435e-04 4.139782e-06
-8.084995e-04 3.738953e-06
-8.063532e-04 3.955503e-06
-8.039720e-04 4.165240e-06
-8.015155e-04 4.285939e-06
-7.988795e-04 4.322190e-06
-7.965867e-04 4.129509e-06
-7.948502e-04 4.520279e-06
-7.934369e-04 4.467331e-06
-7.918858e-04 4.108895e-06
-7.898157e-04 4.291192e-06
-7.871467e-04 3.778806e-06
-7.842703e-04 3.712980e-06
-7.818605e-04 4.310576e-06
-7.801082e-04 4.136852e-06
-7.787007e-04 4.228412e-06
-7.772010e-04 4.316710e-06
-7.751891e-04 3.709707e-06
-7.726017e-04 3.835921e-06
-7.698458e-04 3.905692e-06
-7.674542e-04 3.712481e-06
-7.656705e-04 4.187905e-06
-7.642526e-04 4.140017e-06
-7.627541e-04 3.890049e-06
-7.608288e-04 4.056081e-06
-7.584909e-04 3.811176e-06
-7.559161e-04 3.865779e-06
-7.533043e-04 3.955854e-06
-7.510521e-04 3.765961e-06
-7.493140e-04 4.096376e-06
-7.477832e-04 4.096829e-06
-7.461992e-04 4.009665e-06
-7.443744e-04 4.122661e-06
-7.420430e-04 3.593599e-06
-7.393830e-04 3.599868e-06
-7.370091e-04 4.092891e-06
-7.349756e-04 4.066454e-06
-7.331711e-04 4.373834e-06
-7.316524e-04 4.313258e-06
-7.300441e-04 4.013619e-06
-7.278848e-04 4.236711e-06
-7.252387e-04 4.025976e-06
-7.226449e-04 3.912406e-06
-7.204919e-04 4.333519e-06
-7.188187e-04 4.203303e-06
-7.172568e-04 4.027088e-06
-7.153840e-04 4.149978e-06
-7.132815e-04 4.108911e-06
-7.110087e-04 4.196226e-06
-7.085158e-04 4.072393e-06
-7.061398e-04 3.957660e-06
-7.041370e-04 4.260012e-06
-7.024490e-04 4.180250e-06
-7.009400e-04 4.256728e-06
-6.993468e-04 4.334753e-06
-6.973596e-04 3.911785e-06
-6.948796e-04 4.055770e-06
-6.922249e-04 4.146687e-06
-6.898481e-04 4.005950e-06
-6.879140e-04 4.354134e-06
-6.864623e-04 4.196423e-06
-6.850358e-04 3.800832e-06
-6.832036e-04 3.901441e-06
-6.810893e-04 3.711187e-06
-6.785687e-04 3.886195e-06
-6.759372e-04 4.187080e-06
-6.740565e-04 3.845298e-06
-6.727146e-04 3.793125e-06
-6.710421e-04 3.972438e-06
-6.691363e-04 4.099134e-06
-6.671324e-04 4.203667e-06
-6.648002e-04 3.927751e-06
-6.623749e-04 3.878280e-06
-6.601670e-04 4.104607e-06
-6.582772e-04 4.001128e-06
-6.566108e-04 4.085778e-06
-6.549471e-04 4.114707e-06
-6.532248e-04 4.097526e-06
-6.513755e-04 4.167468e-06
-6.491162e-04 3.679474e-06
-6.463894e-04 3.783859e-06
-6.438176e-04 4.331360e-06
-6.423551e-04 3.863666e-06
-6.416684e-04 3.856751e-06
-6.405536e-04 4.110992e-06
-6.387940e-04 3.759541e-06
-6.365957e-04 3.896600e-06
-6.341055e-04 3.773197e-06
-6.316726e-04 3.688407e-06
-6.297527e-04 4.309093e-06
-6.282556e-04 4.284620e-06
-6.266817e-04 4.088920e-06
-6.249266e-04 4.126988e-06
-6.228495e-04 3.696824e-06
-6.205034e-04 3.703017e-06
-6.182409e-04 3.859326e-06
-6.163301e-04 3.704863e-06
-6.146737e-04 3.699625e-06
-6.129231e-04 3.754159e-06
-6.110846e-04 3.774914e-06
-6.092241e-04 3.795524e-06
-6.072042e-04 3.570235e-06
-6.047956e-04 3.716928e-06
-6.022473e-04 3.892967e-06
-6.000660e-04 3.741600e-06
-5.983346e-04 4.070143e-06
-5.969098e-04 4.004732e-06
-5.954177e-04 3.711181e-06
-5.933752e-04 3.935360e-06
-5.908050e-04 3.679525e-06
-5.882967e-04 3.550139e-06
-5.863192e-04 4.073963e-06
-5.847223e-04 4.034610e-06
-5.831007e-04 3.884587e-06
-5.814742e-04 3.833527e-06
-5.797084e-04 3.474578e-06
-5.774764e-04 3.625674e-06
-5.751424e-04 3.859823e-06
-5.729615e-04 3.845817e-06
-5.709159e-04 4.033267e-06
-5.690681e-04 3.987948e-06
-5.673449e-04 4.069455e-06
-5.657247e-04 4.037128e-06
-5.641158e-04 3.966306e-06
-5.620148e-04 4.235804e-06
-5.593720e-04 4.082220e-06
-5.570891e-04 3.811060e-06
-5.553090e-04 3.895081e-06
-5.537028e-04 3.821135e-06
-5.522195e-04 3.837482e-06
-5.506256e-04 3.909414e-06
-5.485640e-04 3.311174e-06
-5.460077e-04 3.393837e-06
-5.436967e-04 4.034478e-06
-5.419180e-04 3.938722e-06
-5.402904e-04 3.924185e-06
-5.386987e-04 3.903564e-06
-5.370456e-04 3.744113e-06
-5.351740e-04 3.817606e-06
-5.330772e-04 3.646839e-06
-5.308719e-04 3.650389e-06
-5.287500e-04 3.799155e-06
-5.268303e-04 3.731554e-06
-5.251300e-04 3.909025e-06
-5.235698e-04 3.889009e-06
-5.219652e-04 3.775687e-06
-5.202867e-04 3.778794e-06
-5.182345e-04 3.146169e-06
-5.157170e-04 3.193139e-06
-5.134665e-04 3.771254e-06
-5.115862e-04 3.762114e-06
-5.099131e-04 4.081647e-06
-5.084680e-04 4.060196e-06
-5.068550e-04 3.721596e-06
-5.049193e-04 3.793049e-06
-5.027081e-04 3.533023e-06
-5.003222e-04 3.544051e-06
-4.982477e-04 4.092600e-06
-4.966708e-04 3.991991e-06
-4.950612e-04 3.674105e-06
-4.932340e-04 3.690034e-06
-4.912921e-04 3.526973e-06
-4.891710e-04 3.576268e-06
-4.869783e-04 3.593565e-06
-4.848755e-04 3.540049e-06
-4.829207e-04 3.639117e-06
-4.810549e-04 3.626654e-06
-4.794376e-04 4.005274e-06
-4.780235e-04 4.019852e-06
-4.763583e-04 3.642489e-06
-4.742218e-04 3.789021e-06
-4.718880e-04 3.867385e-06
-4.697008e-04 3.807790e-06
-4.676970e-04 3.947756e-06
-4.660585e-04 3.779244e-06
-4.646646e-04 3.735029e-06
-4.630798e-04 3.833347e-06
-4.611324e-04 3.485077e-06
-4.588130e-04 3.577779e-06
-4.564390e-04 3.745859e-06
-4.545563e-04 3.516921e-06
-4.529874e-04 3.403565e-06
-4.512194e-04 3.481968e-06
-4.494737e-04 3.736337e-06
-4.476721e-04 3.861569e-06
-4.455592e-04 3.691430e-06
-4.434361e-04 3.636292e-06
-4.414984e-04 3.791763e-06
-4.397649e-04 3.725370e-06
-4.381156e-04 3.681369e-06
-4.363814e-04 3.716492e-06
-4.346578e-04 3.848300e-06
-4.328257e-04 3.960969e-06
-4.306646e-04 3.708046e-06
-4.283845e-04 3.682842e-06
-4.263117e-04 3.959638e-06
-4.246255e-04 3.833046e-06
-4.230562e-04 3.676528e-06
-4.213993e-04 3.672676e-06
-4.196074e-04 3.437375e-06
-4.175217e-04 3.528617e-06
-4.153523e-04 3.642182e-06
-4.133978e-04 3.554187e-06
-4.116720e-04 3.690382e-06
-4.100026e-04 3.705639e-06
-4.082943e-04 3.698948e-06
-4.065363e-04 3.726201e-06
-4.046121e-04 3.508294e-06
-4.025629e-04 3.499622e-06
-4.005971e-04 3.615474e-06
-3.987269e-04 3.605050e-06
-3.969227e-04 3.685929e-06
-3.952196e-04 3.654508e-06
-3.935672e-04 3.651784e-06
-3.919101e-04 3.653596e-06
-3.900787e-04 3.368636e-06
-3.879254e-04 3.458973e-06
-3.857281e-04 3.636653e-06
-3.838068e-04 3.535290e-06
-3.821083e-04 3.624759e-06
-3.805368e-04 3.580875e-06
-3.790303e-04 3.582716e-06
-3.772706e-04 3.735399e-06
-3.751200e-04 3.491124e-06
-3.728851e-04 3.448416e-06
-3.708876e-04 3.726889e-06
-3.692030e-04 3.644559e-06
-3.676273e-04 3.596995e-06
-3.659926e-04 3.615123e-06
-3.642417e-04 3.472014e-06
-3.623045e-04 3.532138e-06
-3.602526e-04 3.508042e-06
-3.582538e-04 3.467481e-06
-3.564112e-04 3.614781e-06
-3.546829e-04 3.599296e-06
-3.530215e-04 3.683195e-06
-3.513653e-04 3.710037e-06
-3.497204e-04 3.788508e-06
-3.479254e-04 3.907042e-06
-3.458810e-04 3.819079e-06
-3.439114e-04 3.736772e-06
-3.420005e-04 3.606840e-06
-3.402859e-04 3.447997e-06
-3.388162e-04 3.414681e-06
-3.370797e-04 3.562649e-06
-3.352005e-04 3.735929e-06
-3.334189e-04 3.739932e-06
-3.314558e-04 3.449315e-06
-3.294829e-04 3.350519e-06
-3.277237e-04 3.432026e-06
-3.260580e-04 3.405288e-06
-3.243705e-04 3.308407e-06
-3.224355e-04 3.422486e-06
-3.204952e-04 3.716965e-06
-3.186646e-04 3.751156e-06
-3.168169e-04 3.817355e-06
-3.149529e-04 3.856707e-06
-3.130118e-04 3.837640e-06
-3.113070e-04 3.689068e-06
-3.097990e-04 3.604209e-06
-3.081519e-04 3.657006e-06
-3.062597e-04 3.395723e-06
-3.041616e-04 3.424953e-06
-3.020886e-04 3.547738e-06
-3.003094e-04 3.415859e-06
-2.989225e-04 3.719286e-06
-2.976099e-04 3.783495e-06
-2.958950e-04 3.274484e-06
-2.937104e-04 3.374287e-06
-2.915500e-04 3.692392e-06
-2.897340e-04 3.594093e-06
-2.881364e-04 3.685235e-06
-2.864977e-04 3.748228e-06
-2.847782e-04 3.788458e-06
-2.831293e-04 3.760587e-06
-2.813462e-04 3.459911e-06
-2.793254e-04 3.494052e-06
-2.773424e-04 3.651828e-06
-2.756035e-04 3.562398e-06
-2.739452e-04 3.448414e-06
-2.722280e-04 3.442598e-06
-2.705675e-04 3.535625e-06
-2.689010e-04 3.572617e-06
-2.671024e-04 3.439722e-06
-2.652027e-04 3.447369e-06
-2.632294e-04 3.346853e-06
-2.612765e-04 3.303573e-06
-2.595276e-04 3.522950e-06
-2.579047e-04 3.526500e-06
-2.563026e-04 3.570920e-06
-2.545071e-04 3.702875e-06
-2.524560e-04 3.643788e-06
-2.506489e-04 3.476182e-06
-2.490724e-04 3.394674e-06
-2.474916e-04 3.367861e-06
-2.459030e-04 3.294547e-06
-2.441377e-04 3.374458e-06
-2.422688e-04 3.409685e-06
-2.403872e-04 3.430086e-06
-2.385813e-04 3.613609e-06
-2.368680e-04 3.618362e-06
-2.350727e-04 3.494507e-06
-2.333075e-04 3.437254e-06
-2.316890e-04 3.522323e-06
-2.300389e-04 3.571948e-06
-2.283358e-04 3.621397e-06
-2.265691e-04 3.677290e-06
-2.245282e-04 3.376197e-06
-2.224636e-04 3.281933e-06
-2.207224e-04 3.558512e-06
-2.191119e-04 3.579812e-06
-2.175570e-04 3.747653e-06
-2.160810e-04 3.760318e-06
-2.143434e-04 3.342646e-06
-2.123293e-04 3.353472e-06
-2.103768e-04 3.487222e-06
-2.086373e-04 3.412672e-06
-2.070465e-04 3.453321e-06
-2.054322e-04 3.482099e-06
-2.037443e-04 3.439564e-06
-2.019051e-04 3.514945e-06
-1.999978e-04 3.610910e-06
-1.982236e-04 3.565742e-06
-1.965199e-04 3.557570e-06
-1.949062e-04 3.500619e-06
-1.933709e-04 3.473171e-06
-1.916687e-04 3.563431e-06
-1.897961e-04 3.545252e-06
-1.880527e-04 3.461011e-06
-1.863328e-04 3.250699e-06
-1.844366e-04 3.276024e-06
-1.825529e-04 3.368113e-06
-1.808061e-04 3.324002e-06
-1.791526e-04 3.356689e-06
-1.775728e-04 3.324285e-06
-1.759801e-04 3.213026e-06
-1.741440e-04 3.318921e-06
-1.722099e-04 3.449877e-06
-1.703861e-04 3.430994e-06
-1.686640e-04 3.547912e-06
-1.671268e-04 3.479253e-06
-1.656048e-04 3.328189e-06
-1.639034e-04 3.381424e-06
-1.621119e-04 3.364759e-06
-1.602828e-04 3.376180e-06
-1.584425e-04 3.389694e-06
-1.567546e-04 3.308195e-06
-1.552385e-04 3.367911e-06
-1.537106e-04 3.396538e-06
-1.520390e-04 3.237086e-06
-1.502203e-04 3.267903e-06
-1.484665e-04 3.461508e-06
-1.467912e-04 3.484244e-06
-1.450672e-04 3.466434e-06
-1.434522e-04 3.394679e-06
-1.418554e-04 3.225798e-06
-1.401171e-04 3.249741e-06
-1.383959e-04 3.358791e-06
-1.366618e-04 3.406030e-06
-1.348467e-04 3.387678e-06
-1.331842e-04 3.284319e-06
-1.315954e-04 3.120705e-06
-1.298929e-04 3.134980e-06
-1.282783e-04 3.320833e-06
-1.266325e-04 3.406562e-06
-1.247837e-04 3.306826e-06
-1.229284e-04 3.274800e-06
-1.211740e-04 3.353793e-06
-1.194819e-04 3.344880e-06
-1.178902e-04 3.487150e-06
-1.163839e-04 3.487301e-06
-1.147702e-04 3.323074e-06
-1.130917e-04 3.302678e-06
-1.113867e-04 3.187291e-06
-1.095829e-04 3.205264e-06
-1.078070e-04 3.302088e-06
-1.060927e-04 3.294843e-06
-1.044220e-04 3.347725e-06
-1.028410e-04 3.317965e-06
-1.012486e-04 3.216343e-06
-9.946599e-05 3.293764e-06
-9.766281e-05 3.474378e-06
-9.600804e-05 3.450510e-06
-9.433903e-05 3.360622e-06
-9.265541e-05 3.336981e-06
-9.108894e-05 3.466261e-06
-8.956731e-05 3.485974e-06
-8.796884e-05 3.427352e-06
-8.633913e-05 3.424819e-06
-8.462263e-05 3.258172e-06
-8.288509e-05 3.206021e-06
-8.131018e-05 3.332601e-06
-7.979196e-05 3.349067e-06
-7.825358e-05 3.361219e-06
-7.662941e-05 3.417037e-06
-7.482208e-05 3.267224e-06
-7.302861e-05 3.204910e-06
-7.141440e-05 3.330208e-06
-6.980812e-05 3.370618e-06
-6.815498e-05 3.404772e-06
-6.657717e-05 3.371915e-06
-6.504522e-05 3.371417e-06
-6.348013e-05 3.390954e-06
-6.189389e-05 3.396016e-06
-6.026582e-05 3.423015e-06
-5.849867e-05 3.265228e-06
-5.678141e-05 3.173676e-06
-5.518987e-05 3.129731e-06
-5.364016e-05 3.093627e-06
-5.212546e-05 3.051720e-06
-5.043907e-05 3.139564e-06
-4.864220e-05 3.199490e-06
-4.701702e-05 3.118142e-06
-4.554919e-05 3.154181e-06
-4.396823e-05 3.235000e-06
-4.232441e-05 3.354641e-06
-4.075290e-05 3.354415e-06
-3.906764e-05 3.177619e-06
-3.735139e-05 3.132566e-06
-3.579361e-05 3.258711e-06
-3.425599e-05 3.286995e-06
-3.259832e-05 3.165204e-06
-3.100413e-05 3.088237e-06
-2.949952e-05 3.023702e-06
-2.790357e-05 3.055199e-06
-2.633332e-05 3.185316e-06
-2.483361e-05 3.189924e-06
-2.323792e-05 3.043044e-06
-2.159032e-05 3.021215e-06
-2.002121e-05 3.091197e-06
-1.846481e-05 3.108796e-06
-1.689986e-05 3.143369e-06
-1.547599e-05 3.071236e-06
-1.404229e-05 2.866642e-06
-1.244912e-05 2.888770e-06
-1.088214e-05 2.981797e-06
-9.377524e-06 2.973189e-06
-7.904274e-06 3.001573e-06
-6.440219e-06 3.011250e-06
-4.902094e-06 2.913147e-06
-3.378454e-06 2.869703e-06
-1.894118e-06 2.813332e-06
-3.757698e-07 2.813407e-06
1.034116e-06 2.994050e-06
2.465544e-06 3.072086e-06
4.073836e-06 2.994338e-06
5.569384e-06 2.898700e-06
6.986576e-06 2.775237e-06
8.573580e-06 2.832937e-06
1.016751e-05 2.969861e-06
1.167414e-05 2.962020e-06
1.321970e-05 2.875631e-06
1.494213e-05 2.955028e-06
1.657121e-05 3.330562e-06
1.797064e-05 3.328220e-06
1.948269e-05 3.134376e-06
2.105394e-05 3.100003e-06
2.254798e-05 3.133114e-06
2.406671e-05 3.159857e-06
2.562322e-05 3.171173e-06
2.715896e-05 3.162788e-06
2.875213e-05 3.056605e-06
3.047393e-05 3.090902e-06
3.213450e-05 3.275251e-06
3.367011e-05 3.271323e-06
3.524212e-05 3.199862e-06
3.690823e-05 3.230533e-06
3.862511e-05 3.231161e-06
4.030156e-05 3.207139e-06
4.188100e-05 3.301861e-06
4.338487e-05 3.290680e-06
4.488268e-05 3.269724e-06
4.648543e-05 3.325097e-06
4.822612e-05 3.262713e-06
4.994943e-05 3.229868e-06
5.152333e-05 3.374598e-06
5.308854e-05 3.416282e-06
5.476889e-05 3.339594e-06
5.639141e-05 3.282483e-06
5.798031e-05 3.180007e-06
5.964630e-05 3.189299e-06
6.129175e-05 3.249234e-06
6.297802e-05 3.295316e-06
6.465938e-05 3.431321e-06
6.626453e-05 3.434644e-06
6.792598e-05 3.350191e-06
6.959877e-05 3.326546e-06
7.125178e-05 3.307723e-06
7.291311e-05 3.305922e-06
7.458338e-05 3.271955e-06
7.630492e-05 3.285541e-06
7.792505e-05 3.492149e-06
7.942262e-05 3.498042e-06
8.101592e-05 3.355121e-06
8.271453e-05 3.366755e-06
8.443129e-05 3.368850e-06
8.602926e-05 3.298368e-06
8.762608e-05 3.104733e-06
8.940179e-05 3.142203e-06
9.114261e-05 3.304194e-06
9.282359e-05 3.326705e-06
9.454513e-05 3.335605e-06
9.615456e-05 3.271381e-06
9.759884e-05 3.355139e-06
9.914490e-05 3.441347e-06
1.009025e-04 3.327523e-06
1.025987e-04 3.254926e-06
1.042894e-04 3.062758e-06
1.060964e-04 3.063287e-06
1.076526e-04 3.482200e-06
1.091098e-04 3.573910e-06
1.108300e-04 3.390963e-06
1.126565e-04 3.388772e-06
1.144564e-04 3.426912e-06
1.161503e-04 3.377129e-06
1.176075e-04 3.649107e-06
1.190486e-04 3.737146e-06
1.207908e-04 3.463719e-06
1.226035e-04 3.402724e-06
1.243700e-04 3.311129e-06
1.261321e-04 3.280609e-06
1.278925e-04 3.198880e-06
1.297836e-04 3.247832e-06
1.315270e-04 3.629234e-06
1.329395e-04 3.568195e-06
1.343486e-04 3.404318e-06
1.359551e-04 3.463620e-06
1.377647e-04 3.303803e-06
1.396251e-04 3.276881e-06
1.413845e-04 3.356419e-06
1.430504e-04 3.323663e-06
1.446436e-04 3.353855e-06
1.463063e-04 3.411495e-06
1.480690e-04 3.404998e-06
1.498416e-04 3.408549e-06
1.516007e-04 3.440821e-06
1.533388e-04 3.439915e-06
1.550325e-04 3.511375e-06
1.567259e-04 3.536909e-06
1.584165e-04 3.612142e-06
1.599435e-04 3.541055e-06
1.615196e-04 3.275522e-06
1.633396e-04 3.326315e-06
1.651232e-04 3.514296e-06
1.667935e-04 3.508376e-06
1.685085e-04 3.417231e-06
1.702975e-04 3.434153e-06
1.720283e-04 3.578122e-06
1.736539e-04 3.567017e-06
1.753005e-04 3.501424e-06
1.770233e-04 3.523483e-06
1.788910e-04 3.343679e-06
1.808212e-04 3.316332e-06
1.825359e-04 3.598821e-06
1.840686e-04 3.591493e-06
1.856538e-04 3.498624e-06
1.873008e-04 3.502013e-06
1.890278e-04 3.362978e-06
1.909860e-04 3.446691e-06
1.930018e-04 3.583664e-06
1.947355e-04 3.468837e-06
1.962964e-04 3.437613e-06
1.979043e-04 3.454534e-06
1.995418e-04 3.452229e-06
2.013255e-04 3.539029e-06
2.032279e-04 3.582198e-06
2.050232e-04 3.533473e-06
2.067936e-04 3.439589e-06
2.085868e-04 3.419419e-06
2.102512e-04 3.593280e-06
2.118797e-04 3.634319e-06
2.136674e-04 3.467436e-06
2.153781e-04 3.356141e-06
2.169170e-04 3.333866e-06
2.186676e-04 3.457984e-06
2.206009e-04 3.498429e-06
2.224191e-04 3.443962e-06
2.241076e-04 3.508507e-06
2.257764e-04 3.519914e-06
2.274595e-04 3.527668e-06
2.292356e-04 3.586214e-06
2.311373e-04 3.539692e-06
2.330199e-04 3.511514e-06
2.347155e-04 3.760827e-06
2.362664e-04 3.758032e-06
2.380189e-04 3.398489e-06
2.399360e-04 3.373410e-06
2.417798e-04 3.425595e-06
2.436023e-04 3.431565e-06
2.453192e-04 3.623738e-06
2.469198e-04 3.623287e-06
2.485516e-04 3.570058e-06
2.502678e-04 3.601409e-06
2.520713e-04 3.542941e-06
2.539050e-04 3.539919e-06
2.557786e-04 3.479457e-06
2.576346e-04 3.447189e-06
2.593837e-04 3.521242e-06
2.610419e-04 3.487939e-06
2.626891e-04 3.413574e-06
2.644250e-04 3.445302e-06
2.661826e-04 3.497274e-06
2.680276e-04 3.568436e-06
2.700374e-04 3.491736e-06
2.719745e-04 3.420498e-06
2.736821e-04 3.604494e-06
2.751865e-04 3.548894e-06
2.767129e-04 3.357982e-06
2.784671e-04 3.425745e-06
2.803485e-04 3.416138e-06
2.822893e-04 3.448633e-06
2.842299e-04 3.524375e-06
2.860230e-04 3.457582e-06
2.876398e-04 3.566014e-06
2.892427e-04 3.601973e-06
2.909958e-04 3.451926e-06
2.928748e-04 3.473381e-06
2.947929e-04 3.467932e-06
2.967312e-04 3.478130e-06
2.986139e-04 3.599048e-06
3.003670e-04 3.564978e-06
3.019993e-04 3.671645e-06
3.035008e-04 3.631682e-06
3.050716e-04 3.419725e-06
3.069827e-04 3.547778e-06
3.090047e-04 3.703691e-06
3.109403e-04 3.702099e-06
3.128821e-04 3.687939e-06
3.145548e-04 3.527031e-06
3.159779e-04 3.495806e-06
3.176206e-04 3.616223e-06
3.194108e-04 3.704868e-06
3.212635e-04 3.774293e-06
3.233583e-04 3.564101e-06
