-7.476626e-02 3.222440e-04
-7.463492e-02 3.203683e-04
-7.449829e-02 3.224404e-04
-7.435774e-02 3.215695e-04
-7.421544e-02 3.227531e-04
-7.406611e-02 3.155576e-04
-7.391009e-02 3.169657e-04
-7.375020e-02 3.132124e-04
-7.359078e-02 3.115732e-04
-7.343619e-02 3.150901e-04
-7.328457e-02 3.141493e-04
-7.313495e-02 3.148403e-04
-7.298283e-02 3.170220e-04
-7.282484e-02 3.133395e-04
-7.266157e-02 3.151737e-04
-7.249852e-02 3.218410e-04
-7.234052e-02 3.212219e-04
-7.218587e-02 3.238959e-04
-7.203530e-02 3.224094e-04
-7.188307e-02 3.155210e-04
-7.172577e-02 3.156645e-04
-7.156418e-02 3.089455e-04
-7.140048e-02 3.082122e-04
-7.123859e-02 3.103447e-04
-7.107925e-02 3.095980e-04
-7.092686e-02 3.179668e-04
-7.077697e-02 3.194791e-04
-7.062305e-02 3.169446e-04
-7.046226e-02 3.197182e-04
-7.029714e-02 3.202084e-04
-7.013521e-02 3.189087e-04
-6.997636e-02 3.204052e-04
-6.982241e-02 3.180059e-04
-6.966934e-02 3.140176e-04
-6.951483e-02 3.134439e-04
-6.935862e-02 3.078363e-04
-6.919698e-02 3.090836e-04
-6.903432e-02 3.108449e-04
-6.887145e-02 3.111770e-04
-6.871358e-02 3.204427e-04
-6.856277e-02 3.199833e-04
-6.840990e-02 3.164783e-04
-6.825262e-02 3.178514e-04
-6.809182e-02 3.146020e-04
-6.792838e-02 3.150177e-04
-6.776505e-02 3.163469e-04
-6.760565e-02 3.140347e-04
-6.745134e-02 3.160952e-04
-6.729791e-02 3.167430e-04
-6.714372e-02 3.172745e-04
-6.698759e-02 3.186243e-04
-6.682612e-02 3.146759e-04
-6.666316e-02 3.141494e-04
-6.650152e-02 3.136843e-04
-6.634448e-02 3.107518e-04
-6.619239e-02 3.108622e-04
-6.603830e-02 3.116781e-04
-6.588283e-02 3.116476e-04
-6.572379e-02 3.142004e-04
-6.555945e-02 3.136458e-04
-6.539495e-02 3.135542e-04
-6.523551e-02 3.205647e-04
-6.508147e-02 3.198455e-04
-6.492915e-02 3.207212e-04
-6.477600e-02 3.211004e-04
-6.461740e-02 3.130582e-04
-6.445511e-02 3.128017e-04
-6.429233e-02 3.112647e-04
-6.413098e-02 3.098531e-04
-6.397358e-02 3.137104e-04
-6.382009e-02 3.127650e-04
-6.366955e-02 3.138967e-04
-6.351464e-02 3.169317e-04
-6.335384e-02 3.155153e-04
-6.319079e-02 3.159201e-04
-6.302776e-02 3.170971e-04
-6.286859e-02 3.156424e-04
-6.271310e-02 3.189433e-04
-6.256058e-02 3.183484e-04
-6.240761e-02 3.147482e-04
-6.225089e-02 3.157046e-04
-6.209115e-02 3.133251e-04
-6.192833e-02 3.138895e-04
-6.176473e-02 3.141722e-04
-6.160558e-02 3.120260e-04
-6.145234e-02 3.158625e-04
-6.130137e-02 3.158799e-04
-6.114698e-02 3.114118e-04
-6.098795e-02 3.125864e-04
-6.082640e-02 3.104763e-04
-6.066349e-02 3.105370e-04
-6.050314e-02 3.149762e-04
-6.034700e-02 3.136150e-04
-6.019364e-02 3.144541e-04
-6.004191e-02 3.142080e-04
-5.988697e-02 3.082028e-04
-5.972542e-02 3.099974e-04
-5.956077e-02 3.109821e-04
-5.939868e-02 3.098069e-04
-5.924262e-02 3.154126e-04
-5.909063e-02 3.149885e-04
-5.893875e-02 3.140002e-04
-5.878266e-02 3.157399e-04
-5.862230e-02 3.134524e-04
-5.846059e-02 3.138673e-04
-5.829803e-02 3.148004e-04
-5.813930e-02 3.128453e-04
-5.798524e-02 3.140274e-04
-5.783247e-02 3.136835e-04
-5.767874e-02 3.111373e-04
-5.752059e-02 3.124528e-04
-5.735740e-02 3.077376e-04
-5.719401e-02 3.065825e-04
-5.703402e-02 3.090362e-04
-5.687625e-02 3.085900e-04
-5.672115e-02 3.129616e-04
-5.656740e-02 3.137316e-04
-5.641227e-02 3.124101e-04
-5.625335e-02 3.142160e-04
-5.609094e-02 3.133984e-04
-5.592911e-02 3.123238e-04
-5.576967e-02 3.133385e-04
-5.561389e-02 3.119352e-04
-5.546090e-02 3.138560e-04
-5.530809e-02 3.144303e-04
-5.515340e-02 3.116982e-04
-5.499517e-02 3.128443e-04
-5.483352e-02 3.103369e-04
-5.467033e-02 3.099385e-04
-5.451071e-02 3.147941e-04
-5.435745e-02 3.131587e-04
-5.420717e-02 3.135978e-04
-5.405420e-02 3.153709e-04
-5.389518e-02 3.113957e-04
-5.373317e-02 3.117542e-04
-5.357166e-02 3.123800e-04
-5.341212e-02 3.114209e-04
-5.325655e-02 3.153834e-04
-5.310328e-02 3.149951e-04
-5.295033e-02 3.144107e-04
-5.279661e-02 3.150821e-04
-5.263818e-02 3.102681e-04
-5.247575e-02 3.109379e-04
-5.231392e-02 3.126179e-04
-5.215523e-02 3.113351e-04
-5.200069e-02 3.147066e-04
-5.184812e-02 3.143105e-04
-5.169540e-02 3.129404e-04
-5.153981e-02 3.145953e-04
-5.138045e-02 3.129139e-04
-5.122028e-02 3.127867e-04
-5.105937e-02 3.123736e-04
-5.090048e-02 3.110175e-04
-5.074672e-02 3.146273e-04
-5.059565e-02 3.143092e-04
-5.044282e-02 3.104823e-04
-5.028501e-02 3.116694e-04
-5.012315e-02 3.082318e-04
-4.996115e-02 3.074971e-04
-4.980190e-02 3.112020e-04
-4.964684e-02 3.100284e-04
-4.949547e-02 3.117491e-04
-4.934329e-02 3.128527e-04
-4.918746e-02 3.098241e-04
-4.902709e-02 3.110382e-04
-4.886502e-02 3.115976e-04
-4.870483e-02 3.110916e-04
-4.854771e-02 3.147895e-04
-4.839480e-02 3.136086e-04
-4.824189e-02 3.115351e-04
-4.808753e-02 3.116583e-04
-4.793090e-02 3.070467e-04
-4.777087e-02 3.074367e-04
-4.761056e-02 3.080606e-04
-4.745070e-02 3.075953e-04
-4.729493e-02 3.131327e-04
-4.714394e-02 3.126858e-04
-4.699165e-02 3.104657e-04
-4.683509e-02 3.122296e-04
-4.667524e-02 3.104662e-04
-4.651379e-02 3.107885e-04
-4.635391e-02 3.143054e-04
-4.619784e-02 3.128657e-04
-4.604413e-02 3.128141e-04
-4.589190e-02 3.123352e-04
-4.573820e-02 3.085642e-04
-4.557942e-02 3.102441e-04
-4.541693e-02 3.098813e-04
-4.525629e-02 3.086419e-04
-4.509997e-02 3.112190e-04
-4.494555e-02 3.110014e-04
-4.479233e-02 3.123849e-04
-4.463765e-02 3.133311e-04
-4.448035e-02 3.115956e-04
-4.432078e-02 3.127584e-04
-4.415901e-02 3.123405e-04
-4.399882e-02 3.112520e-04
-4.384096e-02 3.133125e-04
-4.368634e-02 3.121140e-04
-4.353372e-02 3.109378e-04
-4.337788e-02 3.124487e-04
-4.321761e-02 3.092322e-04
-4.305528e-02 3.088787e-04
-4.289449e-02 3.104637e-04
-4.273625e-02 3.099153e-04
-4.258122e-02 3.148952e-04
-4.242799e-02 3.156038e-04
-4.227331e-02 3.139529e-04
-4.211539e-02 3.153034e-04
-4.195451e-02 3.141214e-04
-4.179266e-02 3.138520e-04
-4.163215e-02 3.153471e-04
-4.147508e-02 3.142483e-04
-4.132059e-02 3.154867e-04
-4.116535e-02 3.163854e-04
-4.100601e-02 3.132507e-04
-4.084485e-02 3.132146e-04
-4.068383e-02 3.121392e-04
-4.052178e-02 3.123652e-04
-4.036204e-02 3.168315e-04
-4.020372e-02 3.171497e-04
-4.004631e-02 3.195417e-04
-3.988991e-02 3.202333e-04
-3.972965e-02 3.169480e-04
-3.956514e-02 3.183232e-04
-3.939939e-02 3.188561e-04
-3.923418e-02 3.187186e-04
-3.907272e-02 3.246034e-04
-3.891442e-02 3.243859e-04
-3.875613e-02 3.237882e-04
-3.859532e-02 3.255244e-04
-3.842991e-02 3.226932e-04
-3.826137e-02 3.235453e-04
-3.809111e-02 3.242654e-04
-3.792359e-02 3.228920e-04
-3.776262e-02 3.287825e-04
-3.760191e-02 3.307420e-04
-3.743750e-02 3.299766e-04
-3.726920e-02 3.315763e-04
-3.709715e-02 3.297776e-04
-3.692300e-02 3.308348e-04
-3.675002e-02 3.369758e-04
-3.658136e-02 3.366034e-04
-3.641493e-02 3.380083e-04
-3.624818e-02 3.387023e-04
-3.607826e-02 3.353230e-04
-3.590284e-02 3.369426e-04
-3.572450e-02 3.366030e-04
-3.554634e-02 3.368226e-04
-3.537259e-02 3.447288e-04
-3.520149e-02 3.459917e-04
-3.502893e-02 3.483944e-04
-3.485445e-02 3.504229e-04
-3.467615e-02 3.483806e-04
-3.449585e-02 3.488430e-04
-3.431507e-02 3.493120e-04
-3.413599e-02 3.479789e-04
-3.396001e-02 3.494339e-04
-3.378999e-02 3.468553e-04
-3.361962e-02 3.403973e-04
-3.344684e-02 3.395097e-04
-3.327108e-02 3.307766e-04
-3.309555e-02 3.274974e-04
-3.292616e-02 3.286464e-04
-3.275846e-02 3.275956e-04
-3.259279e-02 3.280652e-04
-3.242908e-02 3.275050e-04
-3.226558e-02 3.262974e-04
-3.210082e-02 3.266094e-04
-3.193314e-02 3.238093e-04
-3.176334e-02 3.240709e-04
-3.159540e-02 3.266500e-04
-3.143089e-02 3.255109e-04
-3.126911e-02 3.268847e-04
-3.110734e-02 3.269218e-04
-3.094351e-02 3.235793e-04
-3.077625e-02 3.248679e-04
-3.060631e-02 3.252012e-04
-3.043596e-02 3.255796e-04
-3.026764e-02 3.287845e-04
-3.010168e-02 3.285237e-04
-2.993725e-02 3.303625e-04
-2.977142e-02 3.318629e-04
-2.960256e-02 3.309484e-04
-2.942836e-02 3.333603e-04
-2.925297e-02 3.380905e-04
-2.907846e-02 3.397266e-04
-2.890318e-02 3.442914e-04
-2.873165e-02 3.436893e-04
-2.856076e-02 3.417884e-04
-2.838798e-02 3.422440e-04
-2.821255e-02 3.390798e-04
-2.803362e-02 3.395717e-04
-2.785454e-02 3.407172e-04
-2.767875e-02 3.396184e-04
-2.750581e-02 3.413171e-04
-2.733294e-02 3.418939e-04
-2.715897e-02 3.429619e-04
-2.698171e-02 3.453322e-04
-2.680180e-02 3.462042e-04
-2.662114e-02 3.469729e-04
-2.644042e-02 3.490249e-04
-2.626249e-02 3.476165e-04
-2.608828e-02 3.498976e-04
-2.591334e-02 3.516205e-04
-2.573449e-02 3.511976e-04
-2.555260e-02 3.528691e-04
-2.536865e-02 3.527237e-04
-2.518343e-02 3.534325e-04
-2.500090e-02 3.598869e-04
-2.481848e-02 3.616429e-04
-2.463480e-02 3.644006e-04
-2.445018e-02 3.664454e-04
-2.426337e-02 3.684600e-04
-2.406991e-02 3.731633e-04
-2.387156e-02 3.794861e-04
-2.367277e-02 3.820432e-04
-2.347482e-02 3.891021e-04
-2.327727e-02 3.914041e-04
-2.307914e-02 3.968392e-04
-2.287478e-02 4.019831e-04
-2.266412e-02 4.057523e-04
-2.245009e-02 4.096675e-04
-2.223237e-02 4.159353e-04
-2.201106e-02 4.203665e-04
-2.179130e-02 4.336705e-04
-2.156415e-02 4.429020e-04
-2.133259e-02 4.611898e-04
-2.108337e-02 4.777117e-04
-2.082213e-02 5.035140e-04
-2.054565e-02 5.225913e-04
-2.026135e-02 5.624960e-04
-1.996498e-02 5.841324e-04
-1.965461e-02 6.232262e-04
-1.934232e-02 6.385000e-04
-1.900924e-02 6.438848e-04
-1.869809e-02 6.326310e-04
-1.837521e-02 5.817633e-04
-1.807261e-02 5.505292e-04
-1.779309e-02 5.025340e-04
-1.752597e-02 4.785518e-04
-1.728386e-02 4.552835e-04
-1.704153e-02 4.470230e-04
-1.681004e-02 4.403942e-04
-1.657408e-02 4.406928e-04
-1.634073e-02 4.458877e-04
-1.610825e-02 4.466219e-04
-1.587582e-02 4.487592e-04
-1.564763e-02 4.475888e-04
-1.541980e-02 4.449367e-04
-1.519097e-02 4.445746e-04
-1.495964e-02 4.410455e-04
-1.472718e-02 4.404564e-04
-1.449545e-02 4.383365e-04
-1.426607e-02 4.361622e-04
-1.404062e-02 4.366951e-04
-1.381659e-02 4.354413e-04
-1.359399e-02 4.343710e-04
-1.336807e-02 4.365611e-04
-1.313735e-02 4.362904e-04
-1.290025e-02 4.400467e-04
-1.266471e-02 4.514014e-04
-1.242795e-02 4.562209e-04
-1.219084e-02 4.690250e-04
-1.194833e-02 4.762154e-04
-1.169947e-02 4.855795e-04
-1.144760e-02 4.914080e-04
-1.118815e-02 4.950059e-04
-1.092558e-02 4.981821e-04
-1.066038e-02 5.045137e-04
-1.040236e-02 5.024957e-04
-1.014573e-02 4.972600e-04
-9.895965e-03 4.912429e-04
-9.644716e-03 4.720464e-04
-9.398615e-03 4.614137e-04
-9.158063e-03 4.412562e-04
-8.929207e-03 4.276044e-04
-8.710602e-03 4.082954e-04
-8.501169e-03 3.958213e-04
-8.302626e-03 3.777544e-04
-8.109789e-03 3.678198e-04
-7.922503e-03 3.494913e-04
-7.740662e-03 3.396188e-04
-7.565490e-03 3.233307e-04
-7.397821e-03 3.125353e-04
-7.239489e-03 2.982025e-04
-7.088176e-03 2.892532e-04
-6.942589e-03 2.749705e-04
-6.801220e-03 2.672822e-04
-6.664936e-03 2.533387e-04
-6.532936e-03 2.457430e-04
-6.406825e-03 2.344774e-04
-6.284876e-03 2.276121e-04
-6.169708e-03 2.199016e-04
-6.059109e-03 2.146937e-04
-5.952050e-03 2.061384e-04
-5.846633e-03 2.020676e-04
-5.743251e-03 1.948876e-04
-5.642117e-03 1.909488e-04
-5.544940e-03 1.858527e-04
-5.451079e-03 1.820238e-04
-5.360444e-03 1.767766e-04
-5.270898e-03 1.739979e-04
-5.183020e-03 1.690852e-04
-5.095885e-03 1.671043e-04
-5.009296e-03 1.631270e-04
-4.924202e-03 1.607973e-04
-4.842392e-03 1.591755e-04
-4.762360e-03 1.575222e-04
-4.683725e-03 1.552610e-04
-4.605500e-03 1.539902e-04
-4.527451e-03 1.507665e-04
-4.449971e-03 1.494716e-04
-4.373261e-03 1.471624e-04
-4.297829e-03 1.455638e-04
-4.223992e-03 1.443227e-04
-4.151682e-03 1.429580e-04
-4.080629e-03 1.407142e-04
-4.009784e-03 1.397809e-04
-3.938737e-03 1.368511e-04
-3.867743e-03 1.355794e-04
-3.798007e-03 1.341591e-04
-3.729793e-03 1.329185e-04
-3.662387e-03 1.313140e-04
-3.595945e-03 1.301572e-04
-3.530690e-03 1.284249e-04
-3.465422e-03 1.278097e-04
-3.400184e-03 1.261510e-04
-3.334957e-03 1.253758e-04
-3.270529e-03 1.245662e-04
-3.207828e-03 1.234090e-04
-3.146412e-03 1.223343e-04
-3.085752e-03 1.214933e-04
-3.024798e-03 1.191186e-04
-2.963895e-03 1.182312e-04
-2.903542e-03 1.162277e-04
-2.843575e-03 1.152741e-04
-2.784699e-03 1.144467e-04
-2.726686e-03 1.134756e-04
-2.669699e-03 1.124968e-04
-2.613217e-03 1.119964e-04
-2.556391e-03 1.104523e-04
-2.499606e-03 1.098717e-04
-2.443483e-03 1.089416e-04
-2.388306e-03 1.080383e-04
-2.334125e-03 1.071934e-04
-2.280476e-03 1.064255e-04
-2.227072e-03 1.047080e-04
-2.174050e-03 1.040039e-04
-2.121328e-03 1.025498e-04
-2.068895e-03 1.018520e-04
-2.016864e-03 1.009642e-04
-1.965552e-03 1.002133e-04
-1.915379e-03 9.964365e-05
-1.865637e-03 9.917977e-05
-1.815944e-03 9.797455e-05
-1.766253e-03 9.740720e-05
-1.716723e-03 9.610817e-05
-1.667906e-03 9.534432e-05
-1.619699e-03 9.459330e-05
-1.572259e-03 9.386110e-05
-1.525564e-03 9.270819e-05
-1.478983e-03 9.222408e-05
-1.432612e-03 9.123005e-05
-1.386345e-03 9.068654e-05
-1.340362e-03 8.965739e-05
-1.295247e-03 8.888938e-05
-1.250890e-03 8.802076e-05
-1.206855e-03 8.751477e-05
-1.162848e-03 8.648279e-05
-1.119137e-03 8.593278e-05
-1.075953e-03 8.495619e-05
-1.033134e-03 8.438559e-05
-9.907711e-04 8.356208e-05
-9.486993e-04 8.297778e-05
-9.071136e-04 8.216972e-05
-8.663285e-04 8.151152e-05
-8.259426e-04 8.035015e-05
-7.858188e-04 7.977396e-05
-7.458263e-04 7.868963e-05
-7.061783e-04 7.809126e-05
-6.671429e-04 7.715149e-05
-6.286064e-04 7.651322e-05
-5.905735e-04 7.558121e-05
-5.526044e-04 7.510527e-05
-5.149672e-04 7.434037e-05
-4.778010e-04 7.388443e-05
-4.407892e-04 7.315151e-05
-4.041916e-04 7.263804e-05
-3.680674e-04 7.172346e-05
-3.324015e-04 7.111867e-05
-2.971950e-04 7.020604e-05
-2.621765e-04 6.967011e-05
-2.273680e-04 6.853619e-05
-1.931734e-04 6.785436e-05
-1.594614e-04 6.676617e-05
-1.266022e-04 6.586263e-05
-9.403537e-05 6.408345e-05
-6.306860e-05 6.248612e-05
-3.288850e-05 5.909009e-05
-1.206988e-06 5.877933e-05
2.908334e-05 6.021432e-05
6.036455e-05 6.125058e-05
9.160747e-05 6.416468e-05
1.232043e-04 6.551041e-05
1.563756e-04 6.687905e-05
1.899716e-04 6.762861e-05
2.240155e-04 6.871197e-05
2.583112e-04 6.925338e-05
2.929318e-04 7.021466e-05
3.280223e-04 7.074639e-05
3.635027e-04 7.156903e-05
3.993544e-04 7.218420e-05
4.358825e-04 7.304172e-05
4.725488e-04 7.343455e-05
5.091431e-04 7.437055e-05
5.460007e-04 7.486589e-05
5.832494e-04 7.558872e-05
6.210898e-04 7.610052e-05
6.593202e-04 7.686837e-05
6.978301e-04 7.741612e-05
7.367217e-04 7.830025e-05
7.760322e-04 7.887025e-05
8.157280e-04 8.011348e-05
8.556755e-04 8.071360e-05
8.959143e-04 8.159340e-05
9.368770e-04 8.223268e-05
9.782633e-04 8.329753e-05
1.019933e-03 8.396276e-05
1.062079e-03 8.501448e-05
1.104579e-03 8.560602e-05
1.147627e-03 8.666372e-05
1.190778e-03 8.710758e-05
1.234028e-03 8.784979e-05
1.277972e-03 8.853487e-05
1.322551e-03 8.937979e-05
1.367870e-03 9.000602e-05
1.413437e-03 9.132920e-05
1.458852e-03 9.183733e-05
1.504703e-03 9.287257e-05
1.551095e-03 9.357092e-05
1.597976e-03 9.434414e-05
1.645402e-03 9.494970e-05
1.693274e-03 9.588570e-05
1.741818e-03 9.649406e-05
1.790552e-03 9.786208e-05
1.839070e-03 9.835631e-05
1.887828e-03 9.932520e-05
1.937318e-03 1.001128e-04
1.987750e-03 1.011129e-04
2.038765e-03 1.018250e-04
2.090246e-03 1.026447e-04
2.142514e-03 1.032707e-04
2.194853e-03 1.048853e-04
2.247061e-03 1.055290e-04
2.299603e-03 1.067598e-04
2.352788e-03 1.075898e-04
2.407125e-03 1.083857e-04
2.462344e-03 1.092035e-04
2.517862e-03 1.105678e-04
2.573441e-03 1.110959e-04
2.629007e-03 1.125842e-04
2.685197e-03 1.133403e-04
2.742090e-03 1.142647e-04
2.799675e-03 1.151669e-04
2.858426e-03 1.161688e-04
2.918022e-03 1.170395e-04
2.977637e-03 1.189851e-04
3.037217e-03 1.196639e-04
3.096859e-03 1.214448e-04
3.157497e-03 1.225167e-04
3.219190e-03 1.237268e-04
3.281771e-03 1.248612e-04
3.345368e-03 1.263193e-04
3.409223e-03 1.270006e-04
3.473258e-03 1.290782e-04
3.537387e-03 1.298848e-04
3.601880e-03 1.310339e-04
3.667847e-03 1.321529e-04
3.734987e-03 1.333005e-04
3.803082e-03 1.344655e-04
3.871819e-03 1.366267e-04
3.940808e-03 1.375568e-04
4.010036e-03 1.402670e-04
4.079734e-03 1.415270e-04
4.150277e-03 1.430870e-04
4.222103e-03 1.444188e-04
4.295367e-03 1.457153e-04
4.369914e-03 1.467513e-04
4.444372e-03 1.497698e-04
4.518741e-03 1.510036e-04
4.594245e-03 1.531167e-04
4.670705e-03 1.544530e-04
4.748317e-03 1.556641e-04
4.828428e-03 1.576022e-04
4.909935e-03 1.606544e-04
4.992952e-03 1.624363e-04
5.076170e-03 1.670393e-04
5.159452e-03 1.689571e-04
5.244097e-03 1.726638e-04
5.330896e-03 1.752959e-04
5.419970e-03 1.781620e-04
5.512465e-03 1.812505e-04
5.606494e-03 1.872657e-04
5.702300e-03 1.902348e-04
5.799406e-03 1.962907e-04
5.898522e-03 1.999358e-04
5.999900e-03 2.062827e-04
6.106395e-03 2.116386e-04
6.217469e-03 2.197097e-04
6.334060e-03 2.259453e-04
6.453172e-03 2.382335e-04
6.575972e-03 2.448750e-04
6.701597e-03 2.586050e-04
6.832634e-03 2.664292e-04
6.969568e-03 2.782764e-04
7.114246e-03 2.875471e-04
7.266287e-03 3.021599e-04
7.425735e-03 3.118950e-04
7.589853e-03 3.300104e-04
7.758125e-03 3.390296e-04
7.931271e-03 3.559416e-04
8.112232e-03 3.662182e-04
8.301833e-03 3.803031e-04
8.501217e-03 3.917377e-04
8.709765e-03 4.097618e-04
8.926966e-03 4.214823e-04
9.148280e-03 4.456343e-04
9.375258e-03 4.577342e-04
9.610066e-03 4.782662e-04
9.855566e-03 4.913989e-04
1.011303e-02 5.078719e-04
1.037067e-02 5.145784e-04
1.063692e-02 5.188584e-04
1.089942e-02 5.181557e-04
1.116250e-02 5.171982e-04
1.141942e-02 5.131610e-04
1.167383e-02 5.041846e-04
1.192731e-02 4.997143e-04
1.218259e-02 4.843550e-04
1.243441e-02 4.774142e-04
1.267922e-02 4.698095e-04
1.291700e-02 4.628570e-04
1.314849e-02 4.557410e-04
1.337809e-02 4.520325e-04
1.360497e-02 4.445270e-04
1.383436e-02 4.433320e-04
1.406364e-02 4.401868e-04
1.429365e-02 4.388920e-04
1.451915e-02 4.428457e-04
1.474117e-02 4.427804e-04
1.496305e-02 4.445008e-04
1.518643e-02 4.460207e-04
1.541312e-02 4.430267e-04
1.564624e-02 4.458124e-04
1.587958e-02 4.531860e-04
1.611033e-02 4.536622e-04
1.634025e-02 4.563610e-04
1.656556e-02 4.551828e-04
1.679122e-02 4.513304e-04
1.701757e-02 4.503537e-04
1.724845e-02 4.417713e-04
1.748171e-02 4.401139e-04
1.770916e-02 4.435052e-04
1.794326e-02 4.480974e-04
1.817444e-02 4.656953e-04
1.842778e-02 4.859273e-04
1.868848e-02 5.297758e-04
1.898582e-02 5.675525e-04
1.930225e-02 6.430514e-04
1.961203e-02 6.663415e-04
1.995081e-02 6.803079e-04
2.026464e-02 6.703407e-04
2.058998e-02 6.234436e-04
2.090413e-02 5.990420e-04
2.120426e-02 5.548442e-04
2.149615e-02 5.347762e-04
2.177121e-02 5.089579e-04
2.203346e-02 4.919491e-04
2.227799e-02 4.722930e-04
2.251353e-02 4.598121e-04
2.273986e-02 4.405165e-04
2.296593e-02 4.328203e-04
2.318666e-02 4.204182e-04
2.340561e-02 4.154690e-04
2.361971e-02 4.113466e-04
2.382746e-02 4.060501e-04
2.402837e-02 4.011821e-04
2.422784e-02 3.985604e-04
2.442705e-02 3.917080e-04
2.462826e-02 3.899162e-04
2.482946e-02 3.850078e-04
2.502782e-02 3.820598e-04
2.522249e-02 3.800045e-04
2.541209e-02 3.762231e-04
2.559839e-02 3.726194e-04
2.578402e-02 3.709146e-04
2.597025e-02 3.637715e-04
2.615791e-02 3.620630e-04
2.634434e-02 3.593751e-04
2.652977e-02 3.573200e-04
2.671215e-02 3.567279e-04
2.688991e-02 3.542276e-04
2.706436e-02 3.541143e-04
2.724034e-02 3.549862e-04
2.742016e-02 3.496570e-04
2.760287e-02 3.494763e-04
2.778396e-02 3.516836e-04
2.796299e-02 3.507574e-04
2.813993e-02 3.516735e-04
2.831327e-02 3.503270e-04
2.848706e-02 3.471649e-04
2.866384e-02 3.478267e-04
2.884286e-02 3.446194e-04
2.902249e-02 3.438297e-04
2.919973e-02 3.456242e-04
2.937512e-02 3.446859e-04
2.954807e-02 3.461402e-04
2.971812e-02 3.453964e-04
2.988943e-02 3.412454e-04
3.006601e-02 3.429026e-04
3.024515e-02 3.445392e-04
3.042357e-02 3.447058e-04
3.060023e-02 3.467755e-04
3.077375e-02 3.451617e-04
3.094492e-02 3.446105e-04
3.111457e-02 3.439772e-04
3.128614e-02 3.390557e-04
3.146113e-02 3.393358e-04
3.163835e-02 3.376868e-04
3.181336e-02 3.357749e-04
3.198264e-02 3.387282e-04
3.214757e-02 3.371711e-04
3.231212e-02 3.334619e-04
3.248137e-02 3.344856e-04
3.265269e-02 3.338682e-04
3.282350e-02 3.337904e-04
3.299549e-02 3.328614e-04
3.316522e-02 3.311732e-04
3.332972e-02 3.339521e-04
3.349467e-02 3.352281e-04
3.366142e-02 3.357804e-04
3.382998e-02 3.366089e-04
3.400103e-02 3.347557e-04
3.417440e-02 3.359290e-04
3.434733e-02 3.399125e-04
3.451625e-02 3.389484e-04
3.468338e-02 3.405312e-04
3.485401e-02 3.432056e-04
3.502692e-02 3.455543e-04
3.520545e-02 3.492924e-04
3.538790e-02 3.531389e-04
3.557035e-02 3.550025e-04
3.575300e-02 3.598489e-04
3.593158e-02 3.591621e-04
3.610912e-02 3.603621e-04
3.628777e-02 3.614658e-04
3.647098e-02 3.555611e-04
3.665863e-02 3.560996e-04
3.684537e-02 3.590956e-04
3.702602e-02 3.560256e-04
3.720254e-02 3.543943e-04
3.737776e-02 3.535108e-04
3.755415e-02 3.504331e-04
3.773372e-02 3.512290e-04
3.791484e-02 3.494985e-04
3.809431e-02 3.478799e-04
3.827059e-02 3.487132e-04
3.844367e-02 3.466239e-04
3.861439e-02 3.447586e-04
3.878422e-02 3.440197e-04
3.895721e-02 3.379823e-04
3.913395e-02 3.380645e-04
3.931013e-02 3.379541e-04
3.948343e-02 3.361863e-04
3.965254e-02 3.382656e-04
3.981859e-02 3.367113e-04
3.998461e-02 3.324354e-04
4.015248e-02 3.324597e-04
4.032184e-02 3.300443e-04
4.049335e-02 3.304592e-04
4.066579e-02 3.313214e-04
4.083418e-02 3.292119e-04
4.099774e-02 3.301499e-04
4.115875e-02 3.289499e-04
4.131947e-02 3.260973e-04
4.148453e-02 3.272366e-04
4.165298e-02 3.247872e-04
4.182158e-02 3.244411e-04
4.198899e-02 3.266830e-04
4.215211e-02 3.249175e-04
4.231251e-02 3.233168e-04
4.247191e-02 3.221426e-04
4.263030e-02 3.205807e-04
4.279311e-02 3.222379e-04
4.295980e-02 3.204021e-04
4.312588e-02 3.198141e-04
4.329127e-02 3.205278e-04
4.345350e-02 3.188908e-04
4.361102e-02 3.209876e-04
4.376805e-02 3.214432e-04
4.392681e-02 3.198076e-04
4.408989e-02 3.213790e-04
4.425616e-02 3.204564e-04
4.442152e-02 3.200136e-04
4.458378e-02 3.239238e-04
4.474301e-02 3.235172e-04
4.490205e-02 3.239403e-04
4.506039e-02 3.236704e-04
4.521977e-02 3.199535e-04
4.538431e-02 3.217199e-04
4.555197e-02 3.214272e-04
4.571839e-02 3.201316e-04
4.588045e-02 3.237913e-04
4.603707e-02 3.222898e-04
4.619404e-02 3.187678e-04
4.635347e-02 3.189738e-04
4.651349e-02 3.173556e-04
4.667732e-02 3.190607e-04
4.684269e-02 3.212176e-04
4.700648e-02 3.206085e-04
4.716761e-02 3.233645e-04
4.732338e-02 3.215836e-04
4.747749e-02 3.206046e-04
4.763555e-02 3.226081e-04
4.779880e-02 3.182847e-04
4.796509e-02 3.185498e-04
4.813009e-02 3.214121e-04
4.829224e-02 3.202821e-04
4.845229e-02 3.206341e-04
4.860891e-02 3.191383e-04
4.876469e-02 3.163626e-04
4.892570e-02 3.184834e-04
4.909079e-02 3.187636e-04
4.925621e-02 3.190650e-04
4.941976e-02 3.217897e-04
4.957978e-02 3.202100e-04
4.973609e-02 3.219936e-04
4.989197e-02 3.228229e-04
5.005095e-02 3.200068e-04
5.021329e-02 3.210112e-04
5.037976e-02 3.181350e-04
5.054561e-02 3.167333e-04
5.070661e-02 3.197158e-04
5.086382e-02 3.185089e-04
5.101870e-02 3.190321e-04
5.117664e-02 3.206175e-04
5.133980e-02 3.163243e-04
5.150586e-02 3.169513e-04
5.167217e-02 3.194829e-04
5.183611e-02 3.189805e-04
5.199581e-02 3.234396e-04
5.215142e-02 3.225878e-04
5.230660e-02 3.209600e-04
5.246674e-02 3.229183e-04
5.263252e-02 3.189538e-04
5.279887e-02 3.183011e-04
5.296430e-02 3.180295e-04
5.312679e-02 3.161679e-04
5.328492e-02 3.194466e-04
5.344051e-02 3.191047e-04
5.359640e-02 3.164633e-04
5.375860e-02 3.188663e-04
5.392530e-02 3.180441e-04
5.409119e-02 3.176910e-04
5.425410e-02 3.216570e-04
5.441253e-02 3.204003e-04
5.456863e-02 3.219907e-04
5.472456e-02 3.224541e-04
5.488405e-02 3.165920e-04
5.504867e-02 3.175659e-04
5.521511e-02 3.172404e-04
5.538068e-02 3.161721e-04
5.554134e-02 3.214147e-04
5.569710e-02 3.208037e-04
5.585257e-02 3.208148e-04
5.600986e-02 3.219072e-04
5.617023e-02 3.185934e-04
5.633542e-02 3.202998e-04
5.650319e-02 3.207379e-04
5.666725e-02 3.182309e-04
5.682675e-02 3.188728e-04
5.698340e-02 3.178287e-04
5.713950e-02 3.170609e-04
5.729908e-02 3.188810e-04
5.746216e-02 3.169218e-04
5.762854e-02 3.182068e-04
5.779449e-02 3.224954e-04
5.795611e-02 3.209945e-04
5.811344e-02 3.239384e-04
5.826838e-02 3.239968e-04
5.842545e-02 3.206163e-04
5.858765e-02 3.224688e-04
5.875576e-02 3.189695e-04
5.892341e-02 3.174357e-04
5.908600e-02 3.203929e-04
5.924526e-02 3.194587e-04
5.940136e-02 3.221466e-04
5.955875e-02 3.234447e-04
5.971934e-02 3.216861e-04
5.988424e-02 3.240724e-04
6.005340e-02 3.248369e-04
6.021921e-02 3.231115e-04
6.037981e-02 3.257858e-04
6.053635e-02 3.243116e-04
6.069254e-02 3.208157e-04
6.085372e-02 3.221183e-04
6.101933e-02 3.183500e-04
6.118541e-02 3.176973e-04
6.135012e-02 3.193358e-04
6.151343e-02 3.190877e-04
6.167236e-02 3.245003e-04
6.182884e-02 3.249809e-04
6.198682e-02 3.238144e-04
6.214920e-02 3.255948e-04
6.231601e-02 3.231853e-04
6.248303e-02 3.228905e-04
6.264798e-02 3.255236e-04
6.280703e-02 3.229440e-04
6.296294e-02 3.222302e-04
6.312124e-02 3.234036e-04
6.328346e-02 3.189232e-04
6.344964e-02 3.192492e-04
6.361640e-02 3.191888e-04
6.378052e-02 3.180126e-04
6.394073e-02 3.212467e-04
6.409805e-02 3.206816e-04
6.425566e-02 3.198256e-04
6.441523e-02 3.206863e-04
6.457720e-02 3.178589e-04
6.474348e-02 3.194328e-04
6.491029e-02 3.229365e-04
6.507349e-02 3.216002e-04
6.523194e-02 3.258114e-04
6.538743e-02 3.259915e-04
6.554585e-02 3.228248e-04
6.570821e-02 3.240403e-04
6.587438e-02 3.198351e-04
6.604119e-02 3.187140e-04
6.620594e-02 3.190647e-04
6.636703e-02 3.165617e-04
6.652357e-02 3.172071e-04
6.668015e-02 3.178995e-04
6.683797e-02 3.177550e-04
6.700101e-02 3.208274e-04
6.716942e-02 3.216249e-04
6.733648e-02 3.211131e-04
6.750065e-02 3.233029e-04
6.766065e-02 3.211552e-04
6.781609e-02 3.227812e-04
6.797118e-02 3.235979e-04
6.813213e-02 3.161454e-04
6.829789e-02 3.163331e-04
6.846482e-02 3.160727e-04
6.863053e-02 3.152598e-04
6.879127e-02 3.200948e-04
6.894783e-02 3.193211e-04
6.910262e-02 3.201137e-04
6.926277e-02 3.231740e-04
6.943008e-02 3.197541e-04
6.959783e-02 3.192216e-04
6.976460e-02 3.205641e-04
6.992757e-02 3.187653e-04
7.008412e-02 3.232380e-04
7.023846e-02 3.235143e-04
7.039564e-02 3.195319e-04
7.055888e-02 3.212963e-04
7.072628e-02 3.192825e-04
7.089347e-02 3.188654e-04
7.105671e-02 3.254875e-04
7.121351e-02 3.240056e-04
7.136824e-02 3.221123e-04
7.152518e-02 3.227541e-04
7.168661e-02 3.170257e-04
7.185367e-02 3.179061e-04
7.202219e-02 3.179446e-04
7.218817e-02 3.168609e-04
7.234721e-02 3.253729e-04
7.250141e-02 3.255432e-04
7.265724e-02 3.245176e-04
7.281744e-02 3.267607e-04
7.298239e-02 3.238557e-04
7.314884e-02 3.237169e-04
7.331514e-02 3.235677e-04
7.347605e-02 3.198334e-04
7.363119e-02 3.190802e-04
7.378653e-02 3.193652e-04
7.394544e-02 3.153958e-04
7.411035e-02 3.175635e-04
7.427844e-02 3.170596e-04
7.444590e-02 3.164959e-04
7.460770e-02 3.243754e-04
7.476418e-02 3.235749e-04
7.491814e-02 3.255159e-04
7.507424e-02 3.279419e-04
