-1.000000e-02 -9.340803e-03
-9.980000e-03 -1.037341e-02
-9.960000e-03 -1.010622e-02
-9.940000e-03 -1.001715e-02
-9.920000e-03 -1.078256e-02
-9.900000e-03 -8.778574e-03
-9.880000e-03 -9.914166e-03
-9.860000e-03 -9.889117e-03
-9.840000e-03 -9.324104e-03
-9.820000e-03 -9.644184e-03
-9.800000e-03 -9.897466e-03
-9.780000e-03 -1.121676e-02
-9.760000e-03 -8.987322e-03
-9.740000e-03 -1.065174e-02
-9.720000e-03 -8.489110e-03
-9.700000e-03 -1.079926e-02
-9.680000e-03 -9.056905e-03
-9.660000e-03 -1.093843e-02
-9.640000e-03 -1.126686e-02
-9.620000e-03 -8.856506e-03
-9.600000e-03 -9.697068e-03
-9.580000e-03 -8.541992e-03
-9.560000e-03 -9.312970e-03
-9.540000e-03 -9.460486e-03
-9.520000e-03 -9.524502e-03
-9.500000e-03 -1.064339e-02
-9.480000e-03 -1.017023e-02
-9.460000e-03 -9.953133e-03
-9.440000e-03 -9.009589e-03
-9.420000e-03 -1.014240e-02
-9.400000e-03 -8.394477e-03
-9.380000e-03 -1.013405e-02
-9.360000e-03 -9.722117e-03
-9.340000e-03 -9.783350e-03
-9.320000e-03 -1.035950e-02
-9.300000e-03 -8.246961e-03
-9.280000e-03 -1.032610e-02
-9.260000e-03 -9.076389e-03
-9.240000e-03 -8.586525e-03
-9.220000e-03 -9.460486e-03
-9.200000e-03 -9.357504e-03
-9.180000e-03 -9.315753e-03
-9.160000e-03 -8.555909e-03
-9.140000e-03 -1.000880e-02
-9.120000e-03 -7.539999e-03
-9.100000e-03 -1.039846e-02
-9.080000e-03 -7.523299e-03
-9.060000e-03 -9.933650e-03
-9.040000e-03 -1.043186e-02
-9.020000e-03 -8.697858e-03
-9.000000e-03 -9.159888e-03
-8.980000e-03 -7.562266e-03
-8.960000e-03 -9.388120e-03
-8.940000e-03 -8.157895e-03
-8.920000e-03 -8.700641e-03
-8.900000e-03 -8.383343e-03
-8.880000e-03 -8.823107e-03
-8.860000e-03 -8.305411e-03
-8.840000e-03 -7.809981e-03
-8.820000e-03 -9.783351e-03
-8.800000e-03 -6.933236e-03
-8.780000e-03 -9.705418e-03
-8.760000e-03 -7.581749e-03
-8.740000e-03 -8.956706e-03
-8.720000e-03 -8.269227e-03
-8.700000e-03 -8.155111e-03
-8.680000e-03 -8.842590e-03
-8.660000e-03 -7.679165e-03
-8.640000e-03 -9.691501e-03
-8.620000e-03 -7.108585e-03
-8.600000e-03 -8.965055e-03
-8.580000e-03 -7.662465e-03
-8.560000e-03 -8.402826e-03
-8.540000e-03 -7.926879e-03
-8.520000e-03 -8.642191e-03
-8.500000e-03 -9.271220e-03
-8.480000e-03 -6.432240e-03
-8.460000e-03 -9.357504e-03
-8.440000e-03 -7.122502e-03
-8.420000e-03 -7.854514e-03
-8.400000e-03 -7.336817e-03
-8.380000e-03 -7.862863e-03
-8.360000e-03 -8.430660e-03
-8.340000e-03 -6.607589e-03
-8.320000e-03 -9.235037e-03
-8.300000e-03 -7.715348e-03
-8.280000e-03 -7.648549e-03
-8.260000e-03 -7.339600e-03
-8.240000e-03 -8.697858e-03
-8.220000e-03 -6.791288e-03
-8.200000e-03 -6.368224e-03
-8.180000e-03 -8.550342e-03
-8.160000e-03 -5.947943e-03
-8.140000e-03 -7.637415e-03
-8.120000e-03 -7.431450e-03
-8.100000e-03 -6.988903e-03
-8.080000e-03 -6.117726e-03
-8.060000e-03 -7.114152e-03
-8.040000e-03 -8.644975e-03
-8.020000e-03 -6.574189e-03
-8.000000e-03 -7.779364e-03
-7.980000e-03 -6.178958e-03
-7.960000e-03 -7.111369e-03
-7.940000e-03 -6.465640e-03
-7.920000e-03 -8.102229e-03
-7.900000e-03 -7.353517e-03
-7.880000e-03 -5.277165e-03
-7.860000e-03 -7.979763e-03
-7.840000e-03 -6.849737e-03
-7.820000e-03 -7.629065e-03
-7.800000e-03 -6.894270e-03
-7.780000e-03 -7.105802e-03
-7.760000e-03 -6.217925e-03
-7.740000e-03 -5.062849e-03
-7.720000e-03 -7.275584e-03
-7.700000e-03 -5.844960e-03
-7.680000e-03 -8.221911e-03
-7.660000e-03 -5.555496e-03
-7.640000e-03 -7.467633e-03
-7.620000e-03 -5.494263e-03
-7.600000e-03 -7.551132e-03
-7.580000e-03 -8.202428e-03
-7.560000e-03 -4.984917e-03
-7.540000e-03 -8.107795e-03
-7.520000e-03 -5.817127e-03
-7.500000e-03 -6.844170e-03
-7.480000e-03 -6.318124e-03
-7.460000e-03 -7.128068e-03
-7.440000e-03 -5.146349e-03
-7.420000e-03 -5.833827e-03
-7.400000e-03 -7.197651e-03
-7.380000e-03 -6.120509e-03
-7.360000e-03 -7.183735e-03
-7.340000e-03 -4.845751e-03
-7.320000e-03 -7.809981e-03
-7.300000e-03 -6.053709e-03
-7.280000e-03 -5.460863e-03
-7.260000e-03 -6.526873e-03
-7.240000e-03 -5.032233e-03
-7.220000e-03 -7.136418e-03
-7.200000e-03 -5.900627e-03
-7.180000e-03 -5.691878e-03
-7.160000e-03 -6.245758e-03
-7.140000e-03 -6.752321e-03
-7.120000e-03 -6.838604e-03
-7.100000e-03 -6.131642e-03
-7.080000e-03 -6.860870e-03
-7.060000e-03 -4.706585e-03
-7.040000e-03 -6.212358e-03
-7.020000e-03 -4.751118e-03
-7.000000e-03 -7.450933e-03
-6.980000e-03 -6.760671e-03
-6.960000e-03 -6.075976e-03
-6.940000e-03 -6.549139e-03
-6.920000e-03 -4.937600e-03
-6.900000e-03 -5.936810e-03
-6.880000e-03 -6.098242e-03
-6.860000e-03 -6.955503e-03
-6.840000e-03 -4.842968e-03
-6.820000e-03 -6.368224e-03
-6.800000e-03 -4.915334e-03
-6.780000e-03 -4.932034e-03
-6.760000e-03 -6.084326e-03
-6.740000e-03 -4.492270e-03
-6.720000e-03 -6.565839e-03
-6.700000e-03 -5.199232e-03
-6.680000e-03 -6.048143e-03
-6.660000e-03 -5.341181e-03
-6.640000e-03 -5.073983e-03
-6.620000e-03 -5.488697e-03
-6.600000e-03 -4.656486e-03
-6.580000e-03 -4.845751e-03
-6.560000e-03 -5.185315e-03
-6.540000e-03 -5.149132e-03
-6.520000e-03 -5.494263e-03
-6.500000e-03 -4.787301e-03
-6.480000e-03 -6.070409e-03
-6.460000e-03 -5.085116e-03
-6.440000e-03 -5.485913e-03
-6.420000e-03 -4.570203e-03
-6.400000e-03 -6.365440e-03
-6.380000e-03 -5.430247e-03
-6.360000e-03 -4.962650e-03
-6.340000e-03 -4.912551e-03
-6.320000e-03 -4.508970e-03
-6.300000e-03 -4.778951e-03
-6.280000e-03 -4.369804e-03
-6.260000e-03 -4.751118e-03
-6.240000e-03 -4.687102e-03
-6.220000e-03 -5.380147e-03
-6.200000e-03 -4.898634e-03
-6.180000e-03 -4.940384e-03
-6.160000e-03 -4.837401e-03
-6.140000e-03 -3.879941e-03
-6.120000e-03 -5.622296e-03
-6.100000e-03 -4.314138e-03
-6.080000e-03 -4.834617e-03
-6.060000e-03 -4.386504e-03
-6.040000e-03 -4.305788e-03
-6.020000e-03 -4.623086e-03
-6.000000e-03 -3.857674e-03
-5.980000e-03 -4.403204e-03
-5.960000e-03 -3.891074e-03
-5.940000e-03 -4.522887e-03
-5.920000e-03 -4.241772e-03
-5.900000e-03 -4.088690e-03
-5.880000e-03 -4.439387e-03
-5.860000e-03 -3.662842e-03
-5.840000e-03 -4.578553e-03
-5.820000e-03 -3.840975e-03
-5.800000e-03 -4.311354e-03
-5.780000e-03 -4.322488e-03
-5.760000e-03 -4.046940e-03
-5.740000e-03 -4.213938e-03
-5.720000e-03 -3.776958e-03
-5.700000e-03 -4.353104e-03
-5.680000e-03 -3.557076e-03
-5.660000e-03 -3.871591e-03
-5.640000e-03 -4.005190e-03
-5.620000e-03 -3.782525e-03
-5.600000e-03 -3.955090e-03
-5.580000e-03 -4.058073e-03
-5.560000e-03 -4.812351e-03
-5.540000e-03 -3.392861e-03
-5.520000e-03 -4.353104e-03
-5.500000e-03 -4.149922e-03
-5.480000e-03 -3.746342e-03
-5.460000e-03 -3.921690e-03
-5.440000e-03 -3.927257e-03
-5.420000e-03 -3.955090e-03
-5.400000e-03 -3.365028e-03
-5.380000e-03 -3.952307e-03
-5.360000e-03 -3.804791e-03
-5.340000e-03 -3.737992e-03
-5.320000e-03 -3.604393e-03
-5.300000e-03 -4.355887e-03
-5.280000e-03 -4.130439e-03
-5.260000e-03 -3.323278e-03
-5.240000e-03 -3.618309e-03
-5.220000e-03 -3.454094e-03
-5.200000e-03 -3.693459e-03
-5.180000e-03 -3.807575e-03
-5.160000e-03 -3.529243e-03
-5.140000e-03 -3.757475e-03
-5.120000e-03 -3.420694e-03
-5.100000e-03 -3.476360e-03
-5.080000e-03 -3.668409e-03
-5.060000e-03 -3.442961e-03
-5.040000e-03 -3.392861e-03
-5.020000e-03 -3.782525e-03
-5.000000e-03 -3.292662e-03
-4.980000e-03 -3.111746e-03
-4.960000e-03 -3.785308e-03
-4.940000e-03 -3.134013e-03
-4.920000e-03 -3.952307e-03
-4.900000e-03 -3.454094e-03
-4.880000e-03 -3.701809e-03
-4.860000e-03 -3.479144e-03
-4.840000e-03 -3.403994e-03
-4.820000e-03 -3.529243e-03
-4.800000e-03 -3.356678e-03
-4.780000e-03 -3.626659e-03
-4.760000e-03 -3.409561e-03
-4.740000e-03 -3.253695e-03
-4.720000e-03 -3.175762e-03
-4.700000e-03 -3.437394e-03
-4.680000e-03 -3.721292e-03
-4.660000e-03 -2.944747e-03
-4.640000e-03 -3.913341e-03
-4.620000e-03 -3.415127e-03
-4.600000e-03 -3.629443e-03
-4.580000e-03 -3.621093e-03
-4.560000e-03 -3.153496e-03
-4.540000e-03 -3.604393e-03
-4.520000e-03 -3.122879e-03
-4.500000e-03 -3.356678e-03
-4.480000e-03 -3.665626e-03
-4.460000e-03 -3.359461e-03
-4.440000e-03 -3.225862e-03
-4.420000e-03 -3.451310e-03
-4.400000e-03 -3.487494e-03
-4.380000e-03 -2.928047e-03
-4.360000e-03 -3.490277e-03
-4.340000e-03 -3.242562e-03
-4.320000e-03 -3.387294e-03
-4.300000e-03 -3.267612e-03
-4.280000e-03 -3.203596e-03
-4.260000e-03 -3.356678e-03
-4.240000e-03 -2.978147e-03
-4.220000e-03 -3.242562e-03
-4.200000e-03 -3.278745e-03
-4.180000e-03 -3.072780e-03
-4.160000e-03 -3.031030e-03
-4.140000e-03 -3.064430e-03
-4.120000e-03 -3.058863e-03
-4.100000e-03 -2.713732e-03
-4.080000e-03 -3.342761e-03
-4.060000e-03 -2.836198e-03
-4.040000e-03 -3.309361e-03
-4.020000e-03 -3.042163e-03
-4.000000e-03 -2.889081e-03
-3.980000e-03 -2.986497e-03
-3.960000e-03 -2.797232e-03
-3.940000e-03 -3.106179e-03
-3.920000e-03 -3.022680e-03
-3.900000e-03 -2.805582e-03
-3.880000e-03 -2.749915e-03
-3.860000e-03 -2.761049e-03
-3.840000e-03 -2.819498e-03
-3.820000e-03 -2.744349e-03
-3.800000e-03 -3.005980e-03
-3.780000e-03 -2.819498e-03
-3.760000e-03 -3.083913e-03
-3.740000e-03 -2.783315e-03
-3.720000e-03 -2.613533e-03
-3.700000e-03 -2.919697e-03
-3.680000e-03 -2.446534e-03
-3.660000e-03 -2.850115e-03
-3.640000e-03 -2.532817e-03
-3.620000e-03 -2.880731e-03
-3.600000e-03 -2.541167e-03
-3.580000e-03 -2.549517e-03
-3.560000e-03 -2.563433e-03
-3.540000e-03 -2.658066e-03
-3.520000e-03 -2.747132e-03
-3.500000e-03 -2.329635e-03
-3.480000e-03 -2.788882e-03
-3.460000e-03 -2.491067e-03
-3.440000e-03 -2.674766e-03
-3.420000e-03 -2.560650e-03
-3.400000e-03 -2.388085e-03
-3.380000e-03 -2.557867e-03
-3.360000e-03 -2.332418e-03
-3.340000e-03 -2.638583e-03
-3.320000e-03 -2.563433e-03
-3.300000e-03 -2.335201e-03
-3.280000e-03 -2.399218e-03
-3.260000e-03 -2.290669e-03
-3.240000e-03 -2.535600e-03
-3.220000e-03 -2.148720e-03
-3.200000e-03 -2.376951e-03
-3.180000e-03 -2.157070e-03
-3.160000e-03 -2.337985e-03
-3.140000e-03 -2.265619e-03
-3.120000e-03 -2.173769e-03
-3.100000e-03 -2.254485e-03
-3.080000e-03 -2.003987e-03
-3.060000e-03 -2.098620e-03
-3.040000e-03 -2.059653e-03
-3.020000e-03 -2.165419e-03
-3.000000e-03 -1.973371e-03
-2.980000e-03 -2.101403e-03
-2.960000e-03 -2.176553e-03
-2.940000e-03 -2.012337e-03
-2.920000e-03 -2.176553e-03
-2.900000e-03 -1.906571e-03
-2.880000e-03 -2.424268e-03
-2.860000e-03 -2.003987e-03
-2.840000e-03 -1.923271e-03
-2.820000e-03 -2.054087e-03
-2.800000e-03 -1.873171e-03
-2.780000e-03 -2.042954e-03
-2.760000e-03 -1.934404e-03
-2.740000e-03 -2.054087e-03
-2.720000e-03 -2.020687e-03
-2.700000e-03 -1.912138e-03
-2.680000e-03 -1.842555e-03
-2.660000e-03 -1.734006e-03
-2.640000e-03 -2.009554e-03
-2.620000e-03 -1.600407e-03
-2.600000e-03 -2.068003e-03
-2.580000e-03 -1.761839e-03
-2.560000e-03 -1.859255e-03
-2.540000e-03 -1.856471e-03
-2.520000e-03 -1.708956e-03
-2.500000e-03 -1.789672e-03
-2.480000e-03 -1.759056e-03
-2.460000e-03 -1.817505e-03
-2.440000e-03 -1.639373e-03
-2.420000e-03 -1.703389e-03
-2.400000e-03 -1.778539e-03
-2.380000e-03 -1.617106e-03
-2.360000e-03 -1.745139e-03
-2.340000e-03 -1.553090e-03
-2.320000e-03 -1.756272e-03
-2.300000e-03 -1.533607e-03
-2.280000e-03 -1.669989e-03
-2.260000e-03 -1.703389e-03
-2.240000e-03 -1.528040e-03
-2.220000e-03 -1.656073e-03
-2.200000e-03 -1.536390e-03
-2.180000e-03 -1.572573e-03
-2.160000e-03 -1.466807e-03
-2.140000e-03 -1.430624e-03
-2.120000e-03 -1.489074e-03
-2.100000e-03 -1.489074e-03
-2.080000e-03 -1.489074e-03
-2.060000e-03 -1.372175e-03
-2.040000e-03 -1.505774e-03
-2.020000e-03 -1.352692e-03
-2.000000e-03 -1.636590e-03
-1.980000e-03 -1.374958e-03
-1.960000e-03 -1.255276e-03
-1.940000e-03 -1.391658e-03
-1.920000e-03 -1.294242e-03
-1.900000e-03 -1.386091e-03
-1.880000e-03 -1.305375e-03
-1.860000e-03 -1.419491e-03
-1.840000e-03 -1.313725e-03
-1.820000e-03 -1.316509e-03
-1.800000e-03 -1.255276e-03
-1.780000e-03 -1.205176e-03
-1.760000e-03 -1.327642e-03
-1.740000e-03 -1.177343e-03
-1.720000e-03 -1.352692e-03
-1.700000e-03 -1.191259e-03
-1.680000e-03 -1.171776e-03
-1.660000e-03 -1.216309e-03
-1.640000e-03 -1.152293e-03
-1.620000e-03 -1.166210e-03
-1.600000e-03 -1.079927e-03
-1.580000e-03 -1.141160e-03
-1.560000e-03 -1.093843e-03
-1.540000e-03 -1.102193e-03
-1.520000e-03 -1.066010e-03
-1.500000e-03 -1.013127e-03
-1.480000e-03 -1.118893e-03
-1.460000e-03 -9.741609e-04
-1.440000e-03 -1.040960e-03
-1.420000e-03 -9.435444e-04
-1.400000e-03 -1.007561e-03
-1.380000e-03 -1.068794e-03
-1.360000e-03 -9.129279e-04
-1.340000e-03 -1.004777e-03
-1.320000e-03 -8.850948e-04
-1.300000e-03 -8.739615e-04
-1.280000e-03 -8.155119e-04
-1.260000e-03 -8.238619e-04
-1.240000e-03 -8.294286e-04
-1.220000e-03 -8.628282e-04
-1.200000e-03 -8.906615e-04
-1.180000e-03 -7.487123e-04
-1.160000e-03 -8.433452e-04
-1.140000e-03 -7.709789e-04
-1.120000e-03 -8.405618e-04
-1.100000e-03 -8.043788e-04
-1.080000e-03 -7.013961e-04
-1.060000e-03 -7.681957e-04
-1.040000e-03 -6.652129e-04
-1.020000e-03 -7.208794e-04
-1.000000e-03 -6.652129e-04
-9.800000e-04 -6.624297e-04
-9.600000e-04 -6.540798e-04
-9.400000e-04 -6.874795e-04
-9.200000e-04 -6.373798e-04
-9.000000e-04 -5.371805e-04
-8.800000e-04 -6.540798e-04
-8.600000e-04 -5.176974e-04
-8.400000e-04 -6.039801e-04
-8.200000e-04 -6.123300e-04
-8.000000e-04 -5.399639e-04
-7.800000e-04 -5.761471e-04
-7.600000e-04 -4.815143e-04
-7.400000e-04 -4.842976e-04
-7.200000e-04 -4.481145e-04
-7.000000e-04 -4.258479e-04
-6.800000e-04 -4.035815e-04
-6.600000e-04 -4.648144e-04
-6.400000e-04 -4.815144e-04
-6.200000e-04 -4.063648e-04
-6.000000e-04 -4.481145e-04
-5.800000e-04 -3.339986e-04
-5.600000e-04 -3.534817e-04
-5.400000e-04 -3.757483e-04
-5.200000e-04 -3.339986e-04
-5.000000e-04 -3.423486e-04
-4.800000e-04 -3.590486e-04
-4.600000e-04 -3.200821e-04
-4.400000e-04 -2.644157e-04
-4.200000e-04 -2.894656e-04
-4.000000e-04 -2.755490e-04
-3.800000e-04 -2.337993e-04
-3.600000e-04 -2.532826e-04
-3.400000e-04 -2.532826e-04
-3.200000e-04 -2.504992e-04
-3.000000e-04 -1.725662e-04
-2.800000e-04 -1.614329e-04
-2.600000e-04 -1.419496e-04
-2.400000e-04 -1.391663e-04
-2.200000e-04 -1.864828e-04
-2.000000e-04 -8.628308e-05
-1.800000e-04 -1.252496e-04
-1.600000e-04 -9.741638e-05
-1.400000e-04 -1.280330e-04
-1.200000e-04 -1.224663e-04
-1.000000e-04 -8.349976e-05
-8.000000e-05 -6.401648e-05
-6.000000e-05 -5.566650e-05
-4.000000e-05 0.000000e+00
-2.000000e-05 -3.618323e-05
0.000000e+00 -4.731653e-05
2.000000e-05 4.731653e-05
4.000000e-05 5.566651e-06
6.000000e-05 2.783325e-05
8.000000e-05 2.504993e-05
1.000000e-04 4.731653e-05
1.200000e-04 5.566650e-05
1.400000e-04 1.085497e-04
1.600000e-04 7.514978e-05
1.800000e-04 1.224663e-04
2.000000e-04 8.906641e-05
2.200000e-04 1.447329e-04
2.400000e-04 1.836995e-04
2.600000e-04 1.892661e-04
2.800000e-04 2.003994e-04
3.000000e-04 1.781328e-04
3.200000e-04 2.115327e-04
3.400000e-04 2.310160e-04
3.600000e-04 2.560659e-04
3.800000e-04 2.532826e-04
4.000000e-04 2.671992e-04
4.200000e-04 3.451323e-04
4.400000e-04 2.894658e-04
4.600000e-04 2.838992e-04
4.800000e-04 3.033825e-04
5.000000e-04 3.534823e-04
5.200000e-04 3.924489e-04
5.400000e-04 3.590489e-04
5.600000e-04 4.174988e-04
5.800000e-04 3.757489e-04
6.000000e-04 3.952322e-04
6.200000e-04 3.534823e-04
6.400000e-04 4.425487e-04
6.600000e-04 4.230654e-04
6.800000e-04 4.230654e-04
7.000000e-04 5.260485e-04
7.200000e-04 4.648153e-04
7.400000e-04 5.009985e-04
7.600000e-04 5.232652e-04
7.800000e-04 5.872816e-04
8.000000e-04 5.288318e-04
8.200000e-04 5.956316e-04
8.400000e-04 5.872816e-04
8.600000e-04 5.455317e-04
8.800000e-04 5.956316e-04
9.000000e-04 4.982152e-04
9.200000e-04 6.373815e-04
9.400000e-04 6.262482e-04
9.600000e-04 7.069646e-04
9.800000e-04 6.874813e-04
1.000000e-03 6.791314e-04
1.020000e-03 7.069646e-04
1.040000e-03 6.930480e-04
1.060000e-03 7.125313e-04
1.080000e-03 7.570644e-04
1.100000e-03 7.904643e-04
1.120000e-03 8.043810e-04
1.140000e-03 7.709811e-04
1.160000e-03 8.823141e-04
1.180000e-03 8.294309e-04
1.200000e-03 8.823141e-04
1.220000e-03 8.377809e-04
1.240000e-03 8.266476e-04
1.260000e-03 9.630305e-04
1.280000e-03 8.739641e-04
1.300000e-03 9.574639e-04
1.320000e-03 9.268473e-04
1.340000e-03 9.658139e-04
1.360000e-03 9.212806e-04
1.380000e-03 9.908638e-04
1.400000e-03 9.769471e-04
1.420000e-03 9.992138e-04
1.440000e-03 9.491139e-04
1.460000e-03 1.099413e-03
1.480000e-03 1.146730e-03
1.500000e-03 8.711808e-04
1.520000e-03 1.157863e-03
1.540000e-03 1.001997e-03
1.560000e-03 1.043747e-03
1.580000e-03 1.166213e-03
1.600000e-03 1.102197e-03
1.620000e-03 1.238580e-03
1.640000e-03 1.068797e-03
1.660000e-03 1.166213e-03
1.680000e-03 1.152297e-03
1.700000e-03 1.124463e-03
1.720000e-03 1.191263e-03
1.740000e-03 1.308163e-03
1.760000e-03 1.238580e-03
1.780000e-03 1.199613e-03
1.800000e-03 1.397229e-03
1.820000e-03 1.224663e-03
1.840000e-03 1.316513e-03
1.860000e-03 1.405579e-03
1.880000e-03 1.277546e-03
1.900000e-03 1.400013e-03
1.920000e-03 1.308163e-03
1.940000e-03 1.491862e-03
1.960000e-03 1.335996e-03
1.980000e-03 1.355479e-03
2.000000e-03 1.341563e-03
2.020000e-03 1.422279e-03
2.040000e-03 1.483512e-03
2.060000e-03 1.494646e-03
2.080000e-03 1.608762e-03
2.100000e-03 1.313729e-03
2.120000e-03 1.778545e-03
2.140000e-03 1.491862e-03
2.160000e-03 1.441762e-03
2.180000e-03 1.600412e-03
2.200000e-03 1.519696e-03
2.220000e-03 1.681128e-03
2.240000e-03 1.494646e-03
2.260000e-03 1.842561e-03
2.280000e-03 1.539179e-03
2.300000e-03 1.706178e-03
2.320000e-03 1.511346e-03
2.340000e-03 1.836995e-03
2.360000e-03 1.675562e-03
2.380000e-03 1.572579e-03
2.400000e-03 1.761845e-03
2.420000e-03 1.703395e-03
2.440000e-03 1.784111e-03
2.460000e-03 1.761845e-03
2.480000e-03 1.772978e-03
2.500000e-03 1.870395e-03
2.520000e-03 1.817511e-03
2.540000e-03 2.101411e-03
2.560000e-03 1.814728e-03
2.580000e-03 1.914928e-03
2.600000e-03 1.803595e-03
2.620000e-03 1.965028e-03
2.640000e-03 1.703395e-03
2.660000e-03 2.168210e-03
2.680000e-03 2.285110e-03
2.700000e-03 1.728445e-03
2.720000e-03 2.407576e-03
2.740000e-03 1.912144e-03
2.760000e-03 1.937194e-03
2.780000e-03 1.959461e-03
2.800000e-03 2.115327e-03
2.820000e-03 2.321293e-03
2.840000e-03 1.942761e-03
2.860000e-03 2.429843e-03
2.880000e-03 1.945544e-03
2.900000e-03 2.365826e-03
2.920000e-03 1.920494e-03
2.940000e-03 2.335210e-03
2.960000e-03 2.407576e-03
2.980000e-03 1.809161e-03
3.000000e-03 2.502209e-03
3.020000e-03 2.126460e-03
3.040000e-03 2.349126e-03
3.060000e-03 2.145944e-03
3.080000e-03 2.243360e-03
3.100000e-03 2.240577e-03
3.120000e-03 2.246144e-03
3.140000e-03 2.646942e-03
3.160000e-03 2.179344e-03
3.180000e-03 2.736009e-03
3.200000e-03 2.240577e-03
3.220000e-03 2.641376e-03
3.240000e-03 2.332427e-03
3.260000e-03 2.794459e-03
3.280000e-03 2.727659e-03
3.300000e-03 2.207177e-03
3.320000e-03 2.827858e-03
3.340000e-03 2.357476e-03
3.360000e-03 2.457676e-03
3.380000e-03 2.407576e-03
3.400000e-03 2.713742e-03
3.420000e-03 2.941975e-03
3.440000e-03 2.549526e-03
3.460000e-03 2.889092e-03
3.480000e-03 2.435409e-03
3.500000e-03 2.788892e-03
3.520000e-03 2.421493e-03
3.540000e-03 3.142374e-03
3.560000e-03 3.067224e-03
3.580000e-03 2.385310e-03
3.600000e-03 3.198041e-03
3.620000e-03 2.585709e-03
3.640000e-03 3.184124e-03
3.660000e-03 2.694259e-03
3.680000e-03 2.827858e-03
3.700000e-03 2.808375e-03
3.720000e-03 2.967025e-03
3.740000e-03 3.245357e-03
3.760000e-03 2.396443e-03
3.780000e-03 3.323290e-03
3.800000e-03 2.658076e-03
3.820000e-03 3.061658e-03
3.840000e-03 2.563443e-03
3.860000e-03 2.961458e-03
3.880000e-03 3.356690e-03
3.900000e-03 2.613542e-03
3.920000e-03 3.565439e-03
3.940000e-03 2.955891e-03
3.960000e-03 2.967025e-03
3.980000e-03 2.922491e-03
4.000000e-03 3.273190e-03
4.020000e-03 3.120108e-03
4.040000e-03 2.774975e-03
4.060000e-03 3.654506e-03
4.080000e-03 2.925275e-03
4.100000e-03 3.682339e-03
4.120000e-03 2.941975e-03
4.140000e-03 3.701823e-03
4.160000e-03 3.854905e-03
4.180000e-03 2.769409e-03
4.200000e-03 3.807589e-03
4.220000e-03 3.181341e-03
4.240000e-03 3.905005e-03
4.260000e-03 3.253707e-03
4.280000e-03 3.320507e-03
4.300000e-03 3.253707e-03
4.320000e-03 3.493073e-03
4.340000e-03 3.751922e-03
4.360000e-03 3.217524e-03
4.380000e-03 3.955105e-03
4.400000e-03 3.192474e-03
4.420000e-03 3.999638e-03
4.440000e-03 3.306590e-03
4.460000e-03 3.509773e-03
4.480000e-03 3.799239e-03
4.500000e-03 3.417923e-03
4.520000e-03 4.133238e-03
4.540000e-03 3.579356e-03
4.560000e-03 3.754706e-03
4.580000e-03 3.584923e-03
4.600000e-03 4.077571e-03
4.620000e-03 3.724089e-03
4.640000e-03 3.448540e-03
4.660000e-03 3.863255e-03
4.680000e-03 3.237007e-03
4.700000e-03 4.525687e-03
4.720000e-03 3.248140e-03
4.740000e-03 4.561870e-03
4.760000e-03 4.066438e-03
4.780000e-03 3.685123e-03
4.800000e-03 4.244571e-03
4.820000e-03 3.598840e-03
4.840000e-03 4.628670e-03
4.860000e-03 3.815939e-03
4.880000e-03 4.122105e-03
4.900000e-03 3.776972e-03
4.920000e-03 4.130455e-03
4.940000e-03 3.988505e-03
4.960000e-03 3.982938e-03
4.980000e-03 4.678769e-03
5.000000e-03 3.760272e-03
5.020000e-03 4.319721e-03
5.040000e-03 3.916139e-03
5.060000e-03 4.581353e-03
5.080000e-03 4.453321e-03
5.100000e-03 3.799239e-03
5.120000e-03 4.698253e-03
5.140000e-03 4.138805e-03
5.160000e-03 4.528470e-03
5.180000e-03 4.177771e-03
5.200000e-03 4.230654e-03
5.220000e-03 4.303021e-03
5.240000e-03 4.759486e-03
5.260000e-03 4.717736e-03
5.280000e-03 4.083138e-03
5.300000e-03 5.363468e-03
5.320000e-03 4.085921e-03
5.340000e-03 5.174201e-03
5.360000e-03 4.570220e-03
5.380000e-03 4.397654e-03
5.400000e-03 4.573003e-03
5.420000e-03 4.431054e-03
5.440000e-03 5.566651e-03
5.460000e-03 4.444970e-03
5.480000e-03 5.040602e-03
5.500000e-03 4.742786e-03
5.520000e-03 5.160285e-03
5.540000e-03 4.520120e-03
5.560000e-03 4.681553e-03
5.580000e-03 5.021119e-03
5.600000e-03 4.102621e-03
5.620000e-03 5.263268e-03
5.640000e-03 4.386520e-03
5.660000e-03 5.318935e-03
5.680000e-03 5.132452e-03
5.700000e-03 5.079568e-03
5.720000e-03 5.591700e-03
5.740000e-03 4.403220e-03
5.760000e-03 6.023116e-03
5.780000e-03 4.642587e-03
5.800000e-03 5.221518e-03
5.820000e-03 4.667636e-03
5.840000e-03 5.421917e-03
5.860000e-03 5.433051e-03
5.880000e-03 5.087919e-03
5.900000e-03 6.532464e-03
5.920000e-03 4.556303e-03
5.940000e-03 6.039815e-03
5.960000e-03 6.006416e-03
5.980000e-03 5.263268e-03
6.000000e-03 5.227085e-03
6.020000e-03 5.115752e-03
6.040000e-03 6.435048e-03
6.060000e-03 4.467237e-03
6.080000e-03 6.170632e-03
6.100000e-03 5.605617e-03
6.120000e-03 6.084349e-03
6.140000e-03 5.817150e-03
6.160000e-03 6.379381e-03
6.180000e-03 7.069646e-03
6.200000e-03 4.447754e-03
6.220000e-03 6.457314e-03
6.240000e-03 5.989716e-03
6.260000e-03 6.087132e-03
6.280000e-03 6.248565e-03
6.300000e-03 5.794883e-03
6.320000e-03 6.521331e-03
6.340000e-03 5.285535e-03
6.360000e-03 6.908213e-03
6.380000e-03 5.647367e-03
6.400000e-03 6.668847e-03
6.420000e-03 5.939616e-03
6.440000e-03 6.894297e-03
6.460000e-03 5.961882e-03
6.480000e-03 5.561084e-03
6.500000e-03 7.122529e-03
6.520000e-03 4.962669e-03
6.540000e-03 7.270046e-03
6.560000e-03 6.874813e-03
6.580000e-03 6.462881e-03
6.600000e-03 6.137232e-03
6.620000e-03 6.117749e-03
6.640000e-03 7.347979e-03
6.660000e-03 5.369034e-03
6.680000e-03 7.373028e-03
6.700000e-03 6.201249e-03
6.720000e-03 6.952746e-03
6.740000e-03 6.415565e-03
6.760000e-03 7.153146e-03
6.780000e-03 7.506628e-03
6.800000e-03 4.920919e-03
6.820000e-03 7.779394e-03
6.840000e-03 6.663281e-03
6.860000e-03 6.991713e-03
6.880000e-03 6.819147e-03
6.900000e-03 6.844196e-03
6.920000e-03 7.423128e-03
6.940000e-03 6.089916e-03
6.960000e-03 7.840627e-03
6.980000e-03 6.123316e-03
7.000000e-03 7.695894e-03
7.020000e-03 7.130879e-03
7.040000e-03 7.578995e-03
7.060000e-03 7.027896e-03
7.080000e-03 6.846980e-03
7.100000e-03 8.032677e-03
7.120000e-03 5.338418e-03
7.140000e-03 7.810011e-03
7.160000e-03 7.439828e-03
7.180000e-03 7.620744e-03
7.200000e-03 7.183762e-03
7.220000e-03 6.883163e-03
7.240000e-03 9.031890e-03
7.260000e-03 7.158712e-03
7.280000e-03 7.965877e-03
7.300000e-03 7.386945e-03
7.320000e-03 8.185759e-03
7.340000e-03 7.094696e-03
7.360000e-03 8.761908e-03
7.380000e-03 9.257340e-03
7.400000e-03 5.842200e-03
7.420000e-03 8.408425e-03
7.440000e-03 7.709811e-03
7.460000e-03 8.436259e-03
7.480000e-03 7.317362e-03
7.500000e-03 8.007627e-03
7.520000e-03 8.625525e-03
7.540000e-03 8.464092e-03
7.560000e-03 8.544808e-03
7.580000e-03 7.175412e-03
7.600000e-03 8.241426e-03
7.620000e-03 7.069646e-03
7.640000e-03 8.864891e-03
7.660000e-03 8.383376e-03
7.680000e-03 8.252559e-03
7.700000e-03 9.374239e-03
7.720000e-03 7.169846e-03
7.740000e-03 8.736858e-03
7.760000e-03 8.205242e-03
7.780000e-03 8.606042e-03
7.800000e-03 8.155143e-03
7.820000e-03 8.472442e-03
7.840000e-03 1.025377e-02
7.860000e-03 7.517762e-03
7.880000e-03 9.605255e-03
7.900000e-03 8.035460e-03
7.920000e-03 9.076424e-03
7.940000e-03 8.458525e-03
7.960000e-03 9.429906e-03
7.980000e-03 1.026490e-02
8.000000e-03 7.373028e-03
8.020000e-03 9.109823e-03
8.040000e-03 8.330492e-03
8.060000e-03 8.706241e-03
8.080000e-03 8.586559e-03
8.100000e-03 8.895507e-03
8.120000e-03 9.649789e-03
8.140000e-03 9.251773e-03
8.160000e-03 9.699889e-03
8.180000e-03 8.544808e-03
8.200000e-03 9.062507e-03
8.220000e-03 8.405643e-03
8.240000e-03 9.919771e-03
8.260000e-03 9.446606e-03
8.280000e-03 9.020757e-03
8.300000e-03 1.095239e-02
8.320000e-03 8.299876e-03
8.340000e-03 9.388156e-03
8.360000e-03 9.193324e-03
8.380000e-03 9.493922e-03
8.400000e-03 9.299089e-03
8.420000e-03 9.530106e-03
8.440000e-03 1.028717e-02
8.460000e-03 8.990141e-03
8.480000e-03 1.005337e-02
8.500000e-03 8.837057e-03
8.520000e-03 9.916988e-03
8.540000e-03 8.377809e-03
8.560000e-03 9.744422e-03
8.580000e-03 1.140050e-02
8.600000e-03 8.664492e-03
8.620000e-03 1.039850e-02
8.640000e-03 9.577422e-03
8.660000e-03 9.349190e-03
8.680000e-03 9.638655e-03
8.700000e-03 9.869671e-03
8.720000e-03 1.050705e-02
8.740000e-03 9.363106e-03
8.760000e-03 1.142277e-02
8.780000e-03 9.196106e-03
8.800000e-03 1.086610e-02
8.820000e-03 9.221156e-03
8.840000e-03 1.137823e-02
8.860000e-03 1.148678e-02
8.880000e-03 1.058220e-02
8.900000e-03 1.144503e-02
8.920000e-03 9.872454e-03
8.940000e-03 1.055437e-02
8.960000e-03 1.001719e-02
8.980000e-03 9.894721e-03
9.000000e-03 1.038180e-02
9.020000e-03 1.066570e-02
9.040000e-03 1.108320e-02
9.060000e-03 1.058777e-02
9.080000e-03 1.103867e-02
9.100000e-03 9.780604e-03
9.120000e-03 1.094125e-02
9.140000e-03 1.002832e-02
9.160000e-03 1.114443e-02
9.180000e-03 1.167048e-02
9.200000e-03 1.030665e-02
9.220000e-03 1.184027e-02
9.240000e-03 1.078817e-02
9.260000e-03 1.083827e-02
9.280000e-03 1.066849e-02
9.300000e-03 1.103867e-02
9.320000e-03 1.107485e-02
9.340000e-03 1.098857e-02
9.360000e-03 1.147287e-02
9.380000e-03 1.031779e-02
9.400000e-03 1.270310e-02
9.420000e-03 1.020367e-02
9.440000e-03 1.065735e-02
9.460000e-03 1.147287e-02
9.480000e-03 1.076034e-02
9.500000e-03 1.217148e-02
9.520000e-03 1.078538e-02
9.540000e-03 1.207685e-02
9.560000e-03 1.070745e-02
9.580000e-03 1.163430e-02
9.600000e-03 1.075199e-02
9.620000e-03 1.070467e-02
9.640000e-03 1.108042e-02
9.660000e-03 1.145338e-02
9.680000e-03 1.276711e-02
9.700000e-03 1.048479e-02
9.720000e-03 1.318183e-02
9.740000e-03 1.077982e-02
9.760000e-03 1.255001e-02
9.780000e-03 1.196830e-02
9.800000e-03 1.164543e-02
9.820000e-03 1.279495e-02
9.840000e-03 1.140885e-02
9.860000e-03 1.299813e-02
9.880000e-03 1.135597e-02
9.900000e-03 1.235518e-02
9.920000e-03 1.101640e-02
