-4.387840e-02 9.895656e-04
-4.340921e-02 9.815688e-04
-4.293935e-02 9.790902e-04
-4.247170e-02 9.759048e-04
-4.200139e-02 9.763627e-04
-4.152750e-02 9.716926e-04
-4.104590e-02 9.746362e-04
-4.055585e-02 9.687174e-04
-4.006426e-02 9.675021e-04
-3.957240e-02 9.643754e-04
-3.908569e-02 9.601548e-04
-3.861005e-02 9.661679e-04
-3.813363e-02 9.688050e-04
-3.767213e-02 1.001020e-03
-3.730569e-02 9.553211e-04
-3.705088e-02 1.014350e-03
-3.675317e-02 1.061619e-03
-3.631703e-02 9.622775e-04
-3.593531e-02 8.938606e-04
-3.575189e-02 1.034217e-03
-3.559952e-02 1.066128e-03
-3.537685e-02 1.037630e-03
-3.511607e-02 1.050230e-03
-3.481384e-02 1.016163e-03
-3.447380e-02 1.026577e-03
-3.417449e-02 1.123350e-03
-3.397273e-02 1.099676e-03
-3.389310e-02 1.237382e-03
-3.400884e-02 1.169765e-03
-3.419633e-02 1.102540e-03
-3.427104e-02 1.145846e-03
-3.421263e-02 1.043621e-03
-3.400666e-02 1.095419e-03
-3.374379e-02 1.144437e-03
-3.341698e-02 1.200169e-03
-3.295095e-02 1.122774e-03
-3.242794e-02 1.129433e-03
-3.189515e-02 1.131643e-03
-3.137180e-02 1.126780e-03
-3.087080e-02 1.150511e-03
-3.041772e-02 1.130303e-03
-3.000690e-02 1.144576e-03
-2.952938e-02 1.189731e-03
-2.943666e-02 1.956213e-03
-3.068212e-02 1.429459e-03
-3.270726e-02 1.265540e-03
-3.364998e-02 1.855853e-03
-3.332205e-02 1.378363e-03
-3.268552e-02 1.391546e-03
-3.201032e-02 1.364753e-03
-3.136456e-02 1.337427e-03
-3.083027e-02 1.446395e-03
-3.037083e-02 1.440681e-03
-2.974002e-02 1.138960e-03
-2.887520e-02 1.170849e-03
-2.805718e-02 1.337515e-03
-2.731449e-02 1.351897e-03
-2.655741e-02 1.367912e-03
-2.586998e-02 1.332256e-03
-2.524799e-02 1.342245e-03
-2.461660e-02 1.351478e-03
-2.396918e-02 1.350413e-03
-2.329408e-02 1.366638e-03
-2.255149e-02 1.299268e-03
-2.181472e-02 1.271513e-03
-2.112267e-02 1.268921e-03
-2.041144e-02 1.279494e-03
-1.973081e-02 1.359846e-03
-1.915133e-02 1.328107e-03
-1.859383e-02 1.277570e-03
-1.796394e-02 1.302802e-03
-1.728883e-02 1.296543e-03
-1.654820e-02 1.333632e-03
-1.580434e-02 1.431313e-03
-1.513037e-02 1.424522e-03
-1.448448e-02 1.452516e-03
-1.378659e-02 1.493408e-03
-1.305189e-02 1.545584e-03
-1.225833e-02 1.600083e-03
-1.138974e-02 1.626425e-03
-1.046464e-02 1.669814e-03
-9.517566e-03 1.753707e-03
-8.566025e-03 1.786597e-03
-7.673684e-03 1.976561e-03
-6.849161e-03 2.004282e-03
-5.902598e-03 1.877951e-03
-5.065674e-03 1.766690e-03
-4.210916e-03 1.427996e-03
-3.488397e-03 1.226708e-03
-2.908753e-03 9.063340e-04
-2.391779e-03 7.533465e-04
-2.045379e-03 6.119632e-04
-1.720899e-03 5.479183e-04
-1.467278e-03 4.881651e-04
-1.218303e-03 4.638702e-04
-9.833341e-04 4.197293e-04
-7.588692e-04 3.974302e-04
-5.603887e-04 3.788291e-04
-3.689535e-04 3.680555e-04
-1.885967e-04 3.564354e-04
-1.201340e-06 3.565287e-04
1.815634e-04 3.643915e-04
3.699613e-04 3.706026e-04
5.575356e-04 3.892237e-04
7.461506e-04 3.965533e-04
9.403991e-04 4.075224e-04
1.156208e-03 4.244076e-04
1.384354e-03 4.510882e-04
1.667336e-03 4.934704e-04
1.964980e-03 5.863956e-04
2.319614e-03 6.541724e-04
2.680599e-03 8.318133e-04
3.236155e-03 1.012513e-03
3.839730e-03 1.434329e-03
4.582044e-03 1.669456e-03
5.513796e-03 2.006800e-03
6.412107e-03 2.108210e-03
7.481380e-03 2.104989e-03
8.461863e-03 2.050560e-03
9.415609e-03 1.945409e-03
1.030342e-02 1.867944e-03
1.115436e-02 1.712730e-03
1.204232e-02 1.678634e-03
1.291533e-02 1.608890e-03
1.377587e-02 1.576747e-03
1.459327e-02 1.559366e-03
1.532419e-02 1.501227e-03
1.603595e-02 1.371696e-03
1.677111e-02 1.339090e-03
1.742501e-02 1.383927e-03
1.808734e-02 1.405128e-03
1.882339e-02 1.342158e-03
1.961447e-02 1.352534e-03
2.034957e-02 1.473686e-03
2.099800e-02 1.464874e-03
2.161893e-02 1.486180e-03
2.220121e-02 1.471072e-03
2.281328e-02 1.379476e-03
2.350791e-02 1.396022e-03
2.426028e-02 1.345766e-03
2.507979e-02 1.367954e-03
2.587312e-02 1.473189e-03
2.651200e-02 1.418418e-03
2.710098e-02 1.350507e-03
2.775233e-02 1.363475e-03
2.844941e-02 1.322213e-03
2.926098e-02 1.375687e-03
3.012435e-02 1.437914e-03
3.094139e-02 1.432874e-03
3.170224e-02 1.512496e-03
3.238520e-02 1.494440e-03
3.299100e-02 1.572861e-03
3.356163e-02 1.579995e-03
3.423686e-02 1.425523e-03
3.503949e-02 1.446336e-03
3.592475e-02 1.367435e-03
3.683433e-02 1.353667e-03
3.762633e-02 1.510410e-03
3.825049e-02 1.465691e-03
3.881272e-02 1.444667e-03
3.938653e-02 1.444460e-03
4.006719e-02 1.265856e-03
4.090115e-02 1.293524e-03
4.169267e-02 1.441100e-03
4.246558e-02 1.483081e-03
4.330899e-02 1.482211e-03
4.410128e-02 1.451229e-03
4.477372e-02 1.564879e-03
4.536754e-02 1.558634e-03
4.595713e-02 1.549563e-03
4.661211e-02 1.585091e-03
4.753085e-02 1.243090e-03
4.860174e-02 1.211668e-03
4.936275e-02 1.640719e-03
4.981877e-02 1.612233e-03
5.035213e-02 1.404264e-03
5.094386e-02 1.364394e-03
5.158881e-02 1.164983e-03
5.252753e-02 1.269420e-03
5.354349e-02 1.430750e-03
5.443686e-02 1.415299e-03
5.528280e-02 1.452487e-03
5.595967e-02 1.364052e-03
5.637410e-02 1.554639e-03
5.682594e-02 1.646091e-03
5.748842e-02 1.549088e-03
5.821108e-02 1.550259e-03
5.906338e-02 1.337496e-03
5.998254e-02 1.300992e-03
6.079125e-02 1.383646e-03
6.149627e-02 1.351204e-03
6.212880e-02 1.381884e-03
6.271509e-02 1.365183e-03
6.327681e-02 1.360785e-03
6.395154e-02 1.427017e-03
6.482682e-02 1.275496e-03
6.574511e-02 1.246399e-03
6.649089e-02 1.453252e-03
6.704906e-02 1.415497e-03
6.754266e-02 1.418213e-03
