-7.653930e-02 3.224339e-04
-7.638043e-02 3.200079e-04
-7.621048e-02 3.253394e-04
-7.603221e-02 3.262983e-04
-7.582141e-02 3.465628e-04
-7.557153e-02 3.390216e-04
-7.535708e-02 3.151019e-04
-7.518578e-02 3.192447e-04
-7.504911e-02 2.999131e-04
-7.492616e-02 2.691175e-04
-7.474766e-02 2.909728e-04
-7.456172e-02 3.392016e-04
-7.441261e-02 3.349007e-04
-7.425760e-02 3.131657e-04
-7.408714e-02 3.145739e-04
-7.391955e-02 3.244696e-04
-7.376119e-02 3.225047e-04
-7.360284e-02 3.158468e-04
-7.343858e-02 3.170041e-04
-7.327706e-02 3.247722e-04
-7.311347e-02 3.283524e-04
-7.295477e-02 3.463520e-04
-7.278923e-02 3.573815e-04
-7.258853e-02 3.307399e-04
-7.239782e-02 3.151424e-04
-7.224348e-02 3.311787e-04
-7.209092e-02 3.358809e-04
-7.192017e-02 3.185542e-04
-7.174805e-02 3.127060e-04
-7.159319e-02 3.252224e-04
-7.145069e-02 3.227543e-04
-7.130814e-02 3.158284e-04
-7.115734e-02 3.182686e-04
-7.101013e-02 3.322739e-04
-7.086558e-02 3.357120e-04
-7.069279e-02 2.969120e-04
-7.049457e-02 2.982366e-04
-7.031206e-02 3.281485e-04
-7.015378e-02 3.239120e-04
-6.999458e-02 3.106440e-04
-6.982838e-02 3.104973e-04
-6.966852e-02 3.218393e-04
-6.951048e-02 3.248378e-04
-6.935521e-02 3.365802e-04
-6.919973e-02 3.409386e-04
-6.902858e-02 3.269020e-04
-6.886511e-02 3.168122e-04
-6.872548e-02 3.284843e-04
-6.857248e-02 3.411389e-04
-6.839106e-02 3.290166e-04
-6.821264e-02 3.228495e-04
-6.804474e-02 3.244622e-04
-6.788164e-02 3.221653e-04
-6.773019e-02 3.339852e-04
-6.758393e-02 3.351152e-04
-6.743363e-02 3.315033e-04
-6.728372e-02 3.295356e-04
-6.712914e-02 3.162828e-04
-6.696412e-02 3.182060e-04
-6.680107e-02 3.280349e-04
-6.664488e-02 3.274587e-04
-6.647515e-02 3.020208e-04
-6.629600e-02 2.985302e-04
-6.613240e-02 3.148280e-04
-6.597446e-02 3.168681e-04
-6.581297e-02 3.166299e-04
-6.565264e-02 3.162775e-04
-6.549423e-02 3.184847e-04
-6.534469e-02 3.139705e-04
-6.520057e-02 3.116527e-04
-6.504180e-02 3.196063e-04
-6.487121e-02 3.207999e-04
-6.470868e-02 3.163843e-04
-6.455673e-02 3.217749e-04
-6.438939e-02 3.324887e-04
-6.420062e-02 3.265504e-04
-6.402667e-02 3.159796e-04
-6.387098e-02 3.182266e-04
-6.371747e-02 3.177300e-04
-6.356484e-02 3.166314e-04
-6.340282e-02 3.218813e-04
-6.324190e-02 3.383147e-04
-6.309623e-02 3.346296e-04
-6.294139e-02 3.091281e-04
-6.277617e-02 3.066121e-04
-6.262238e-02 3.185996e-04
-6.245940e-02 3.284218e-04
-6.227654e-02 3.238108e-04
-6.210016e-02 3.182685e-04
-6.193436e-02 3.192393e-04
-6.177066e-02 3.183185e-04
-6.161230e-02 3.246780e-04
-6.145188e-02 3.277604e-04
-6.129194e-02 3.370749e-04
-6.114138e-02 3.352643e-04
-6.098551e-02 3.214298e-04
-6.082328e-02 3.202434e-04
-6.066450e-02 3.239031e-04
-6.050994e-02 3.226841e-04
-6.034114e-02 2.943146e-04
-6.015032e-02 2.973427e-04
-5.996822e-02 3.203138e-04
-5.980116e-02 3.190996e-04
-5.963799e-02 3.222135e-04
-5.947379e-02 3.243841e-04
-5.930749e-02 3.281413e-04
-5.915525e-02 3.210421e-04
-5.901231e-02 3.155992e-04
-5.885504e-02 3.222533e-04
-5.868675e-02 3.223308e-04
-5.852039e-02 3.207595e-04
-5.836027e-02 3.267918e-04
-5.819976e-02 3.296338e-04
-5.803055e-02 3.230507e-04
-5.786141e-02 3.206243e-04
-5.769760e-02 3.239538e-04
-5.753007e-02 3.273954e-04
-5.736081e-02 3.328363e-04
-5.719937e-02 3.300907e-04
-5.704113e-02 3.278003e-04
-5.688061e-02 3.279003e-04
-5.672124e-02 3.300640e-04
-5.655984e-02 3.325057e-04
-5.639246e-02 3.305938e-04
-5.623275e-02 3.253011e-04
-5.607245e-02 3.083832e-04
-5.589426e-02 3.130555e-04
-5.571825e-02 3.296731e-04
-5.555087e-02 3.300155e-04
-5.538636e-02 3.357408e-04
-5.522907e-02 3.339274e-04
-5.507077e-02 3.272307e-04
-5.490368e-02 3.300832e-04
-5.473517e-02 3.368986e-04
-5.456528e-02 3.401900e-04
-5.439036e-02 3.396824e-04
-5.422369e-02 3.345448e-04
-5.406435e-02 3.325199e-04
-5.388990e-02 3.403962e-04
-5.370577e-02 3.461265e-04
-5.352912e-02 3.441665e-04
-5.335284e-02 3.406122e-04
-5.317549e-02 3.399737e-04
-5.300529e-02 3.488172e-04
-5.283631e-02 3.512573e-04
-5.266644e-02 3.565162e-04
-5.249966e-02 3.560651e-04
-5.232563e-02 3.427166e-04
-5.213963e-02 3.455573e-04
-5.195667e-02 3.584904e-04
-5.178129e-02 3.586245e-04
-5.159458e-02 3.414535e-04
-5.139517e-02 3.429053e-04
-5.120254e-02 3.569108e-04
-5.101709e-02 3.576335e-04
-5.083415e-02 3.638321e-04
-5.065507e-02 3.632542e-04
-5.047880e-02 3.663149e-04
-5.029592e-02 3.718807e-04
-5.010314e-02 3.722923e-04
-4.991493e-02 3.697047e-04
-4.973506e-02 3.750140e-04
-4.954689e-02 3.819129e-04
-4.934868e-02 3.843060e-04
-4.914062e-02 3.905369e-04
-4.892631e-02 3.974382e-04
-4.871654e-02 3.977294e-04
-4.851012e-02 4.041083e-04
-4.831074e-02 4.021928e-04
-4.811388e-02 4.025791e-04
-4.790920e-02 4.074132e-04
-4.769874e-02 4.096822e-04
-4.748413e-02 4.129921e-04
-4.726737e-02 4.185843e-04
-4.704778e-02 4.217151e-04
-4.682415e-02 4.237256e-04
-4.659490e-02 4.283900e-04
-4.635839e-02 4.308555e-04
-4.612231e-02 4.315085e-04
-4.588950e-02 4.370929e-04
-4.565542e-02 4.398629e-04
-4.542002e-02 4.453485e-04
-4.518256e-02 4.479382e-04
-4.494852e-02 4.608353e-04
-4.471554e-02 4.654559e-04
-4.447502e-02 4.657255e-04
-4.422678e-02 4.704399e-04
-4.397062e-02 4.721178e-04
-4.371130e-02 4.746529e-04
-4.345674e-02 4.878000e-04
-4.320273e-02 4.921940e-04
-4.294270e-02 4.943390e-04
-4.268357e-02 4.938905e-04
-4.242352e-02 4.911614e-04
-4.216842e-02 4.878711e-04
-4.191418e-02 4.801593e-04
-4.166084e-02 4.768329e-04
-4.140541e-02 4.658604e-04
-4.115460e-02 4.591404e-04
-4.091267e-02 4.534611e-04
-4.067285e-02 4.501512e-04
-4.043829e-02 4.497617e-04
-4.020808e-02 4.464073e-04
-3.997269e-02 4.285840e-04
-3.973688e-02 4.230160e-04
-3.950660e-02 4.183119e-04
-3.928069e-02 4.140105e-04
-3.906759e-02 4.218058e-04
-3.886383e-02 4.189897e-04
-3.865116e-02 3.962840e-04
-3.844078e-02 3.862132e-04
-3.824124e-02 3.764254e-04
-3.804458e-02 3.716984e-04
-3.785237e-02 3.659897e-04
-3.766267e-02 3.624263e-04
-3.747901e-02 3.639541e-04
-3.729936e-02 3.621020e-04
-3.711673e-02 3.506193e-04
-3.693622e-02 3.452181e-04
-3.676271e-02 3.419202e-04
-3.659187e-02 3.386723e-04
-3.642381e-02 3.343117e-04
-3.625346e-02 3.345730e-04
-3.607793e-02 3.279082e-04
-3.590251e-02 3.254489e-04
-3.573145e-02 3.246292e-04
-3.556447e-02 3.218787e-04
-3.540548e-02 3.275794e-04
-3.524874e-02 3.278392e-04
-3.508658e-02 3.195307e-04
-3.491970e-02 3.198066e-04
-3.475073e-02 3.170967e-04
-3.458057e-02 3.168298e-04
-3.441127e-02 3.186927e-04
-3.424692e-02 3.163968e-04
-3.408903e-02 3.195687e-04
-3.393639e-02 3.175507e-04
-3.378426e-02 3.128034e-04
-3.362551e-02 3.146465e-04
-3.346075e-02 3.097828e-04
-3.329409e-02 3.095916e-04
-3.313149e-02 3.169879e-04
-3.297157e-02 3.180502e-04
-3.280844e-02 3.144228e-04
-3.264748e-02 3.118083e-04
-3.248971e-02 3.098765e-04
-3.232818e-02 3.110137e-04
-3.216755e-02 3.156847e-04
-3.200915e-02 3.164534e-04
-3.184966e-02 3.167577e-04
-3.169149e-02 3.160724e-04
-3.153139e-02 3.121338e-04
-3.136858e-02 3.123432e-04
-3.120836e-02 3.160383e-04
-3.104754e-02 3.177243e-04
-3.088252e-02 3.153952e-04
-3.071596e-02 3.150456e-04
-3.055068e-02 3.162179e-04
-3.038985e-02 3.143949e-04
-3.023380e-02 3.184911e-04
-3.007661e-02 3.206568e-04
-2.991541e-02 3.187927e-04
-2.975089e-02 3.201216e-04
-2.958369e-02 3.193388e-04
-2.941651e-02 3.186042e-04
-2.925255e-02 3.219449e-04
-2.909010e-02 3.226760e-04
-2.892346e-02 3.177358e-04
-2.875661e-02 3.160747e-04
-2.859364e-02 3.191236e-04
-2.842807e-02 3.217961e-04
-2.826076e-02 3.250979e-04
-2.809611e-02 3.246885e-04
-2.793197e-02 3.244095e-04
-2.776886e-02 3.232536e-04
-2.760844e-02 3.245470e-04
-2.744115e-02 3.295790e-04
-2.726528e-02 3.305314e-04
-2.709027e-02 3.303718e-04
-2.692079e-02 3.378862e-04
-2.675545e-02 3.380996e-04
-2.658718e-02 3.337863e-04
-2.641435e-02 3.349715e-04
-2.623918e-02 3.343592e-04
-2.606297e-02 3.343080e-04
-2.588748e-02 3.354143e-04
-2.571433e-02 3.348673e-04
-2.554432e-02 3.398570e-04
-2.537736e-02 3.398294e-04
-2.520944e-02 3.368803e-04
-2.503651e-02 3.388327e-04
-2.486013e-02 3.384956e-04
-2.468430e-02 3.375805e-04
-2.450893e-02 3.358483e-04
-2.433015e-02 3.377263e-04
-2.415054e-02 3.415610e-04
-2.397569e-02 3.400979e-04
-2.380534e-02 3.448219e-04
-2.363500e-02 3.465156e-04
-2.345992e-02 3.419949e-04
-2.327960e-02 3.435128e-04
-2.309760e-02 3.449022e-04
-2.291608e-02 3.446286e-04
-2.273786e-02 3.493589e-04
-2.256228e-02 3.499392e-04
-2.238663e-02 3.527484e-04
-2.220806e-02 3.555165e-04
-2.202079e-02 3.473337e-04
-2.183275e-02 3.448434e-04
-2.165242e-02 3.507766e-04
-2.147305e-02 3.518464e-04
-2.129249e-02 3.528393e-04
-2.111255e-02 3.532959e-04
-2.092974e-02 3.497771e-04
-2.074554e-02 3.493351e-04
-2.056277e-02 3.517951e-04
-2.037861e-02 3.535289e-04
-2.019598e-02 3.595434e-04
-2.001592e-02 3.601545e-04
-1.983475e-02 3.599859e-04
-1.964740e-02 3.631347e-04
-1.945535e-02 3.640465e-04
-1.926493e-02 3.638783e-04
-1.907544e-02 3.663167e-04
-1.888532e-02 3.675857e-04
-1.869547e-02 3.701590e-04
-1.850734e-02 3.700439e-04
-1.831942e-02 3.700516e-04
-1.813196e-02 3.692661e-04
-1.794258e-02 3.639038e-04
-1.775119e-02 3.636758e-04
-1.756286e-02 3.681423e-04
-1.737585e-02 3.689687e-04
-1.718391e-02 3.644390e-04
-1.699604e-02 3.603737e-04
-1.681376e-02 3.570332e-04
-1.663050e-02 3.564235e-04
-1.644541e-02 3.516665e-04
-1.625825e-02 3.507082e-04
-1.607483e-02 3.543062e-04
-1.589837e-02 3.519084e-04
-1.572214e-02 3.469384e-04
-1.554495e-02 3.457200e-04
-1.536872e-02 3.426023e-04
-1.519484e-02 3.400597e-04
-1.502205e-02 3.347989e-04
-1.484505e-02 3.349735e-04
-1.466831e-02 3.359417e-04
-1.449786e-02 3.329787e-04
-1.433079e-02 3.303786e-04
-1.416344e-02 3.296029e-04
-1.399445e-02 3.259276e-04
-1.382633e-02 3.240813e-04
-1.365983e-02 3.204113e-04
-1.349460e-02 3.183263e-04
-1.333191e-02 3.167761e-04
-1.317208e-02 3.140755e-04
-1.301472e-02 3.107254e-04
-1.285792e-02 3.096091e-04
-1.269874e-02 3.036759e-04
-1.254039e-02 3.010340e-04
-1.238589e-02 2.989471e-04
-1.223396e-02 2.966514e-04
-1.208405e-02 2.936441e-04
-1.193580e-02 2.911698e-04
-1.178793e-02 2.849749e-04
-1.164136e-02 2.823602e-04
-1.149636e-02 2.777262e-04
-1.135124e-02 2.761256e-04
-1.120813e-02 2.760627e-04
-1.107034e-02 2.728547e-04
-1.093453e-02 2.662085e-04
-1.079710e-02 2.647903e-04
-1.066156e-02 2.640075e-04
-1.052708e-02 2.627301e-04
-1.039171e-02 2.577453e-04
-1.025964e-02 2.543368e-04
-1.013062e-02 2.509062e-04
-1.000346e-02 2.485503e-04
-9.878888e-03 2.453550e-04
-9.753751e-03 2.445431e-04
-9.628992e-03 2.429174e-04
-9.505122e-03 2.417964e-04
-9.382187e-03 2.402424e-04
-9.260659e-03 2.385130e-04
-9.139598e-03 2.345110e-04
-9.020875e-03 2.319908e-04
-8.904024e-03 2.289706e-04
-8.787339e-03 2.277820e-04
-8.672348e-03 2.264353e-04
-8.560181e-03 2.242533e-04
-8.448888e-03 2.196514e-04
-8.336784e-03 2.181838e-04
-8.226184e-03 2.166289e-04
-8.116272e-03 2.159519e-04
-8.008104e-03 2.169689e-04
-7.903492e-03 2.152049e-04
-7.797348e-03 2.085502e-04
-7.689452e-03 2.072005e-04
-7.583808e-03 2.064099e-04
-7.479007e-03 2.056182e-04
-7.374712e-03 2.042637e-04
-7.272145e-03 2.024629e-04
-7.171733e-03 2.010606e-04
-7.072128e-03 2.003468e-04
-6.971253e-03 1.969960e-04
-6.870818e-03 1.955226e-04
-6.771872e-03 1.931606e-04
-6.673464e-03 1.919873e-04
-6.577381e-03 1.926132e-04
-6.482615e-03 1.917881e-04
-6.386847e-03 1.878382e-04
-6.290385e-03 1.870904e-04
-6.193747e-03 1.847252e-04
-6.098262e-03 1.831816e-04
-6.005304e-03 1.837921e-04
-5.913840e-03 1.831160e-04
-5.823268e-03 1.820309e-04
-5.733753e-03 1.810048e-04
-5.643566e-03 1.770325e-04
-5.552357e-03 1.759761e-04
-5.462737e-03 1.757023e-04
-5.374835e-03 1.748134e-04
-5.286864e-03 1.728821e-04
-5.198762e-03 1.722639e-04
-5.111629e-03 1.715043e-04
-5.026025e-03 1.703115e-04
-4.941063e-03 1.680696e-04
-4.854802e-03 1.678136e-04
-4.768838e-03 1.676078e-04
-4.685397e-03 1.662497e-04
-4.603733e-03 1.654350e-04
-4.522209e-03 1.650569e-04
-4.439942e-03 1.633898e-04
-4.358449e-03 1.623225e-04
-4.277331e-03 1.593617e-04
-4.195893e-03 1.584884e-04
-4.115490e-03 1.577908e-04
-4.035621e-03 1.570042e-04
-3.957080e-03 1.570349e-04
-3.880167e-03 1.562843e-04
-3.802668e-03 1.538082e-04
-3.724862e-03 1.530986e-04
-3.647424e-03 1.511571e-04
-3.569825e-03 1.505551e-04
-3.493408e-03 1.508554e-04
-3.418158e-03 1.500575e-04
-3.343333e-03 1.485529e-04
-3.268729e-03 1.480809e-04
-3.194122e-03 1.467655e-04
-3.120543e-03 1.456743e-04
-3.048052e-03 1.450007e-04
-2.975806e-03 1.446099e-04
-2.903644e-03 1.431160e-04
-2.832140e-03 1.421826e-04
-2.761627e-03 1.412448e-04
-2.690999e-03 1.407848e-04
-2.620055e-03 1.389865e-04
-2.549803e-03 1.381142e-04
-2.480125e-03 1.371649e-04
-2.411277e-03 1.363242e-04
-2.343504e-03 1.352604e-04
-2.275621e-03 1.349431e-04
-2.207950e-03 1.344141e-04
-2.140558e-03 1.338735e-04
-2.073181e-03 1.324037e-04
-2.006655e-03 1.315460e-04
-1.940949e-03 1.305310e-04
-1.875966e-03 1.297317e-04
-1.811283e-03 1.284981e-04
-1.747002e-03 1.278112e-04
-1.683343e-03 1.264529e-04
-1.619200e-03 1.262548e-04
-1.555497e-03 1.264389e-04
-1.492623e-03 1.258358e-04
-1.429990e-03 1.245650e-04
-1.368065e-03 1.238533e-04
-1.306539e-03 1.225416e-04
-1.245060e-03 1.220398e-04
-1.183566e-03 1.210782e-04
-1.122711e-03 1.203474e-04
-1.062838e-03 1.194948e-04
-1.003466e-03 1.188865e-04
-9.444561e-04 1.178014e-04
-8.853360e-04 1.173175e-04
-8.263887e-04 1.162665e-04
-7.682107e-04 1.155861e-04
-7.104052e-04 1.147497e-04
-6.528991e-04 1.142679e-04
-5.958443e-04 1.132467e-04
-5.393557e-04 1.125387e-04
-4.833742e-04 1.114187e-04
-4.277547e-04 1.106479e-04
-3.727257e-04 1.094960e-04
-3.181829e-04 1.089400e-04
-2.638641e-04 1.077709e-04
-2.105837e-04 1.067270e-04
-1.575899e-04 1.047017e-04
-1.055011e-04 1.034380e-04
-5.463528e-05 1.015255e-04
-2.719392e-06 1.014839e-04
4.860591e-05 1.023115e-04
1.008026e-04 1.030072e-04
1.528717e-04 1.051142e-04
2.053156e-04 1.062383e-04
2.589372e-04 1.078057e-04
3.130369e-04 1.086591e-04
3.675160e-04 1.099905e-04
4.224337e-04 1.107336e-04
4.781324e-04 1.114932e-04
5.345296e-04 1.120330e-04
5.910114e-04 1.133867e-04
6.474654e-04 1.140103e-04
7.046736e-04 1.149200e-04
7.624306e-04 1.155782e-04
8.203036e-04 1.167797e-04
8.785711e-04 1.174495e-04
9.372077e-04 1.186936e-04
9.962294e-04 1.192104e-04
1.055806e-03 1.197172e-04
1.115499e-03 1.201322e-04
1.175805e-03 1.202651e-04
1.236912e-03 1.207927e-04
1.298395e-03 1.220909e-04
1.360104e-03 1.226965e-04
1.421842e-03 1.238690e-04
1.484191e-03 1.244882e-04
1.546690e-03 1.259528e-04
1.609184e-03 1.266465e-04
1.672524e-03 1.271627e-04
1.736291e-03 1.276048e-04
1.800659e-03 1.283177e-04
1.865897e-03 1.290993e-04
1.930835e-03 1.312872e-04
1.996184e-03 1.323218e-04
2.062700e-03 1.332462e-04
2.129416e-03 1.335167e-04
2.196011e-03 1.344648e-04
2.262879e-03 1.351522e-04
2.330471e-03 1.363727e-04
2.398251e-03 1.369258e-04
2.466400e-03 1.373308e-04
2.535575e-03 1.380927e-04
2.605212e-03 1.394356e-04
2.675502e-03 1.401198e-04
2.746311e-03 1.411522e-04
2.817339e-03 1.418452e-04
2.888487e-03 1.435653e-04
2.959486e-03 1.440971e-04
3.031431e-03 1.445460e-04
3.104650e-03 1.454737e-04
3.178106e-03 1.471093e-04
3.251554e-03 1.474919e-04
3.325193e-03 1.482313e-04
3.399795e-03 1.492753e-04
3.474559e-03 1.518988e-04
3.548563e-03 1.523896e-04
3.624187e-03 1.516294e-04
3.701198e-03 1.521878e-04
3.779079e-03 1.517111e-04
3.857990e-03 1.521590e-04
3.935806e-03 1.552344e-04
4.013847e-03 1.562634e-04
4.092736e-03 1.577014e-04
4.172173e-03 1.587601e-04
4.251782e-03 1.620234e-04
4.330605e-03 1.627285e-04
4.410444e-03 1.623854e-04
4.491817e-03 1.631849e-04
4.573918e-03 1.641907e-04
4.657109e-03 1.649815e-04
4.740803e-03 1.663352e-04
4.825160e-03 1.674439e-04
4.910724e-03 1.685110e-04
4.997226e-03 1.694578e-04
5.083608e-03 1.729359e-04
5.169634e-03 1.739791e-04
5.256078e-03 1.755294e-04
5.341694e-03 1.753523e-04
5.427024e-03 1.753282e-04
5.514219e-03 1.766760e-04
5.603444e-03 1.770401e-04
5.694620e-03 1.783400e-04
5.785922e-03 1.824223e-04
5.875890e-03 1.830953e-04
5.966907e-03 1.825275e-04
6.059505e-03 1.832740e-04
6.151652e-03 1.861014e-04
6.244472e-03 1.872678e-04
6.340023e-03 1.859571e-04
6.437310e-03 1.867781e-04
6.532832e-03 1.927145e-04
6.626172e-03 1.935463e-04
6.721342e-03 1.920793e-04
6.819017e-03 1.930567e-04
6.916597e-03 1.959287e-04
7.015580e-03 1.975339e-04
7.115752e-03 1.999989e-04
7.217656e-03 2.021927e-04
7.324163e-03 2.013807e-04
7.428967e-03 2.000709e-04
7.528753e-03 2.040378e-04
7.631455e-03 2.072184e-04
7.736725e-03 2.117608e-04
7.841023e-03 2.125218e-04
7.946276e-03 2.130321e-04
8.053108e-03 2.144508e-04
8.161308e-03 2.161093e-04
8.270089e-03 2.170547e-04
8.380095e-03 2.184613e-04
8.492822e-03 2.206063e-04
8.606999e-03 2.233155e-04
8.721132e-03 2.242643e-04
8.836077e-03 2.255452e-04
8.952119e-03 2.263552e-04
9.068477e-03 2.280836e-04
9.185160e-03 2.292076e-04
9.299956e-03 2.363529e-04
9.416088e-03 2.397336e-04
9.536206e-03 2.415920e-04
9.658100e-03 2.433298e-04
9.781991e-03 2.448220e-04
9.907745e-03 2.461396e-04
1.003438e-02 2.483241e-04
1.016425e-02 2.513749e-04
1.029454e-02 2.600951e-04
1.042275e-02 2.619950e-04
1.055304e-02 2.628418e-04
1.068562e-02 2.645301e-04
1.081851e-02 2.687140e-04
1.095202e-02 2.702245e-04
1.108660e-02 2.726135e-04
1.122289e-02 2.748636e-04
1.136184e-02 2.766685e-04
1.150345e-02 2.789088e-04
1.164718e-02 2.826604e-04
1.179259e-02 2.850291e-04
1.193924e-02 2.884573e-04
1.208751e-02 2.902634e-04
1.223493e-02 2.967002e-04
1.238282e-02 2.997052e-04
1.253579e-02 2.996205e-04
1.268865e-02 2.995315e-04
1.283992e-02 3.030802e-04
1.299543e-02 3.069133e-04
1.315236e-02 3.140641e-04
1.330844e-02 3.161361e-04
1.346760e-02 3.167660e-04
1.363026e-02 3.186595e-04
1.379669e-02 3.176489e-04
1.396754e-02 3.203612e-04
1.413886e-02 3.283308e-04
1.430627e-02 3.288729e-04
1.447087e-02 3.338359e-04
1.463761e-02 3.369104e-04
1.480716e-02 3.407513e-04
1.497626e-02 3.413951e-04
1.514675e-02 3.408501e-04
1.532022e-02 3.428993e-04
1.549536e-02 3.458078e-04
1.567136e-02 3.473767e-04
1.584884e-02 3.505943e-04
1.602522e-02 3.510995e-04
1.620349e-02 3.480163e-04
1.638680e-02 3.494456e-04
1.656940e-02 3.545872e-04
1.675161e-02 3.566712e-04
1.693641e-02 3.581312e-04
1.712160e-02 3.588896e-04
1.730387e-02 3.672292e-04
1.748438e-02 3.691854e-04
1.766849e-02 3.672378e-04
1.785581e-02 3.684692e-04
1.804453e-02 3.695602e-04
1.823548e-02 3.707846e-04
1.842764e-02 3.721815e-04
1.861917e-02 3.728050e-04
1.881089e-02 3.756153e-04
1.900014e-02 3.751466e-04
1.919100e-02 3.697360e-04
1.938699e-02 3.708767e-04
1.958006e-02 3.789151e-04
1.976649e-02 3.773026e-04
1.995289e-02 3.728835e-04
2.014034e-02 3.724351e-04
2.032929e-02 3.700871e-04
2.051858e-02 3.694431e-04
2.070646e-02 3.685846e-04
2.089732e-02 3.700644e-04
2.108946e-02 3.720217e-04
2.127100e-02 3.658578e-04
2.144833e-02 3.557885e-04
2.163092e-02 3.558170e-04
2.181716e-02 3.498611e-04
2.200203e-02 3.468971e-04
2.217930e-02 3.526475e-04
2.235595e-02 3.543609e-04
2.253540e-02 3.531323e-04
2.271494e-02 3.527451e-04
2.289356e-02 3.531985e-04
2.307389e-02 3.539042e-04
2.325442e-02 3.555475e-04
2.343402e-02 3.560646e-04
2.361573e-02 3.553244e-04
2.379460e-02 3.533516e-04
2.397487e-02 3.441679e-04
2.415983e-02 3.436788e-04
2.433938e-02 3.513432e-04
2.451294e-02 3.500209e-04
2.468836e-02 3.432522e-04
2.486552e-02 3.423256e-04
2.504112e-02 3.436469e-04
2.521628e-02 3.438712e-04
2.539050e-02 3.447763e-04
2.556496e-02 3.452493e-04
2.574033e-02 3.450400e-04
2.591396e-02 3.434514e-04
2.608788e-02 3.385875e-04
2.626584e-02 3.397233e-04
2.644465e-02 3.414588e-04
2.661921e-02 3.395340e-04
2.678960e-02 3.424144e-04
2.695907e-02 3.429027e-04
2.713003e-02 3.404706e-04
2.730283e-02 3.402305e-04
2.747903e-02 3.339265e-04
2.765623e-02 3.327156e-04
2.783031e-02 3.345455e-04
2.800506e-02 3.356056e-04
2.817688e-02 3.447190e-04
2.834202e-02 3.440021e-04
2.851206e-02 3.325452e-04
2.868608e-02 3.308122e-04
2.885495e-02 3.346028e-04
2.902135e-02 3.340303e-04
2.918857e-02 3.310749e-04
2.935545e-02 3.302547e-04
2.952267e-02 3.286385e-04
2.968989e-02 3.280555e-04
2.985691e-02 3.255169e-04
3.002739e-02 3.266869e-04
3.019955e-02 3.271442e-04
3.036621e-02 3.235654e-04
3.052698e-02 3.234740e-04
3.069283e-02 3.269336e-04
3.086125e-02 3.322654e-04
3.101983e-02 3.282942e-04
3.117655e-02 3.215984e-04
3.133874e-02 3.224678e-04
3.150212e-02 3.216927e-04
3.166790e-02 3.224117e-04
3.183360e-02 3.245257e-04
3.199724e-02 3.244840e-04
3.216096e-02 3.242316e-04
3.232345e-02 3.234017e-04
3.248625e-02 3.217919e-04
3.264949e-02 3.214751e-04
3.281401e-02 3.172175e-04
3.298029e-02 3.167382e-04
3.314130e-02 3.242108e-04
3.329782e-02 3.237709e-04
3.345701e-02 3.181130e-04
3.361846e-02 3.178683e-04
3.378087e-02 3.167921e-04
3.394504e-02 3.174682e-04
3.410794e-02 3.202529e-04
3.427093e-02 3.213113e-04
3.443781e-02 3.177726e-04
3.460238e-02 3.146869e-04
3.476298e-02 3.127762e-04
3.492803e-02 3.151813e-04
3.509146e-02 3.257738e-04
3.524707e-02 3.249001e-04
3.540413e-02 3.188189e-04
3.556398e-02 3.183020e-04
3.572331e-02 3.177420e-04
3.588569e-02 3.189436e-04
3.604937e-02 3.201430e-04
3.621354e-02 3.213115e-04
3.638055e-02 3.198591e-04
3.655091e-02 3.213432e-04
3.671799e-02 3.321461e-04
3.687616e-02 3.306904e-04
3.703866e-02 3.181716e-04
3.720891e-02 3.183264e-04
3.737303e-02 3.290082e-04
3.753731e-02 3.325014e-04
3.770823e-02 3.311539e-04
3.788030e-02 3.318087e-04
3.805226e-02 3.350650e-04
3.822706e-02 3.379555e-04
3.840271e-02 3.432964e-04
3.857961e-02 3.459754e-04
3.876065e-02 3.465141e-04
3.894374e-02 3.474592e-04
3.912445e-02 3.540510e-04
3.931320e-02 3.617091e-04
3.950557e-02 3.783334e-04
3.969268e-02 3.811723e-04
3.988229e-02 3.834512e-04
4.008047e-02 3.894224e-04
4.028519e-02 3.950733e-04
4.049641e-02 4.004527e-04
4.070986e-02 4.116802e-04
4.092617e-02 4.179821e-04
4.114740e-02 4.272724e-04
4.137158e-02 4.323905e-04
4.160057e-02 4.402399e-04
4.183239e-02 4.447876e-04
4.207239e-02 4.420823e-04
4.231375e-02 4.419253e-04
4.254913e-02 4.514792e-04
4.278672e-02 4.556155e-04
4.302845e-02 4.602222e-04
4.327403e-02 4.648058e-04
4.352550e-02 4.694914e-04
4.378624e-02 4.767790e-04
4.404834e-02 4.929333e-04
4.431232e-02 4.998742e-04
4.458326e-02 5.075153e-04
4.485863e-02 5.122086e-04
4.513821e-02 5.182726e-04
4.541490e-02 5.194112e-04
4.569392e-02 5.206279e-04
4.595991e-02 5.132549e-04
4.622205e-02 4.971936e-04
4.648692e-02 4.930510e-04
4.674806e-02 4.877586e-04
4.700590e-02 4.831961e-04
4.726101e-02 4.751466e-04
4.751458e-02 4.719748e-04
4.776519e-02 4.681146e-04
4.801155e-02 4.641754e-04
4.825699e-02 4.564638e-04
4.849792e-02 4.509843e-04
4.873622e-02 4.383898e-04
4.897340e-02 4.325903e-04
4.919954e-02 4.349631e-04
4.941997e-02 4.329842e-04
4.964273e-02 4.236208e-04
4.986665e-02 4.209355e-04
5.009114e-02 4.140914e-04
5.031013e-02 4.083342e-04
5.052010e-02 4.057917e-04
5.073120e-02 4.055586e-04
5.094398e-02 4.021150e-04
5.115103e-02 3.968875e-04
5.135597e-02 3.859404e-04
5.156437e-02 3.846016e-04
5.176931e-02 3.880915e-04
5.196262e-02 3.823744e-04
5.214882e-02 3.768844e-04
5.233876e-02 3.771614e-04
5.253199e-02 3.724445e-04
5.272704e-02 3.713227e-04
5.292091e-02 3.701902e-04
5.311168e-02 3.684295e-04
5.330131e-02 3.654670e-04
5.349039e-02 3.640684e-04
5.368039e-02 3.599894e-04
5.387087e-02 3.588141e-04
5.406036e-02 3.558046e-04
5.424257e-02 3.498653e-04
5.441456e-02 3.504258e-04
5.458941e-02 3.528177e-04
5.476931e-02 3.510418e-04
5.494969e-02 3.506824e-04
5.512989e-02 3.513067e-04
5.530881e-02 3.507723e-04
5.548799e-02 3.475186e-04
5.566776e-02 3.467016e-04
5.584561e-02 3.476415e-04
5.602611e-02 3.490929e-04
5.620988e-02 3.476948e-04
5.639090e-02 3.460063e-04
5.656399e-02 3.558325e-04
5.672592e-02 3.526663e-04
5.689112e-02 3.370914e-04
5.706562e-02 3.370767e-04
5.724048e-02 3.364314e-04
5.741445e-02 3.351989e-04
5.758685e-02 3.344005e-04
5.776135e-02 3.358248e-04
5.793684e-02 3.394196e-04
5.810861e-02 3.384918e-04
5.827697e-02 3.403095e-04
5.845453e-02 3.464956e-04
5.864071e-02 3.492842e-04
5.880966e-02 3.394778e-04
5.896493e-02 3.350424e-04
5.912582e-02 3.372737e-04
5.929340e-02 3.323368e-04
5.946472e-02 3.327893e-04
5.963831e-02 3.315032e-04
5.980956e-02 3.296415e-04
5.997734e-02 3.289865e-04
6.014849e-02 3.307773e-04
6.032355e-02 3.292406e-04
6.049656e-02 3.270099e-04
6.066826e-02 3.230429e-04
6.084068e-02 3.224847e-04
6.100456e-02 3.364029e-04
6.116148e-02 3.372432e-04
6.132175e-02 3.327434e-04
6.148402e-02 3.323255e-04
6.164790e-02 3.284729e-04
6.181840e-02 3.306092e-04
6.198990e-02 3.348884e-04
6.215763e-02 3.346242e-04
6.232943e-02 3.283471e-04
6.250278e-02 3.270093e-04
6.267264e-02 3.278252e-04
6.284663e-02 3.305962e-04
6.301954e-02 3.400881e-04
6.317944e-02 3.352348e-04
6.333908e-02 3.221972e-04
6.350728e-02 3.230773e-04
6.367353e-02 3.287480e-04
6.383587e-02 3.284526e-04
6.400002e-02 3.258450e-04
6.417108e-02 3.290602e-04
6.434737e-02 3.280254e-04
6.451732e-02 3.233991e-04
6.468236e-02 3.187896e-04
6.484991e-02 3.190774e-04
6.501839e-02 3.183396e-04
6.518640e-02 3.177898e-04
6.534500e-02 3.331560e-04
6.549864e-02 3.357156e-04
6.566026e-02 3.282799e-04
6.582714e-02 3.287669e-04
6.599525e-02 3.280712e-04
6.616414e-02 3.278418e-04
6.633271e-02 3.277572e-04
6.650191e-02 3.285497e-04
6.667116e-02 3.319268e-04
6.683222e-02 3.282382e-04
6.699262e-02 3.178723e-04
6.716527e-02 3.215140e-04
6.733456e-02 3.372595e-04
6.749171e-02 3.351933e-04
6.764942e-02 3.285400e-04
6.781188e-02 3.294534e-04
6.797736e-02 3.269647e-04
6.814330e-02 3.263363e-04
6.830962e-02 3.251725e-04
6.847797e-02 3.259770e-04
6.865106e-02 3.190607e-04
6.882460e-02 3.163981e-04
6.898677e-02 3.279474e-04
6.914561e-02 3.305499e-04
6.931768e-02 3.158143e-04
6.949007e-02 3.106857e-04
6.964700e-02 3.233561e-04
6.980273e-02 3.272032e-04
6.996864e-02 3.196841e-04
7.013854e-02 3.193772e-04
7.030113e-02 3.307527e-04
7.046257e-02 3.337091e-04
7.063293e-02 3.270830e-04
7.080305e-02 3.250123e-04
7.096302e-02 3.374327e-04
7.111511e-02 3.371700e-04
7.127278e-02 3.258740e-04
7.143930e-02 3.271318e-04
7.160585e-02 3.305657e-04
7.176531e-02 3.270932e-04
7.192257e-02 3.211249e-04
7.208513e-02 3.225979e-04
7.225013e-02 3.238338e-04
7.241523e-02 3.243418e-04
7.257967e-02 3.256190e-04
7.274754e-02 3.281305e-04
7.291947e-02 3.282991e-04
7.308727e-02 3.254304e-04
7.324822e-02 3.288818e-04
7.341231e-02 3.324540e-04
7.358678e-02 3.251267e-04
7.375396e-02 3.181143e-04
7.390725e-02 3.229766e-04
7.406235e-02 3.258119e-04
7.422340e-02 3.225446e-04
7.438845e-02 3.237752e-04
7.455627e-02 3.225834e-04
7.472622e-02 3.229898e-04
7.489711e-02 3.225886e-04
7.506299e-02 3.198818e-04
7.522504e-02 3.199498e-04
7.539308e-02 3.235763e-04
7.556136e-02 3.320333e-04
7.572620e-02 3.330170e-04
7.589083e-02 3.361292e-04
7.604719e-02 3.318415e-04
7.620335e-02 3.202602e-04
7.636542e-02 3.200746e-04
