9.900000e+37 9.900000e+37
9.900000e+37 9.900000e+37
9.900000e+37 9.900000e+37
9.900000e+37 9.900000e+37
9.900000e+37 9.900000e+37
9.900000e+37 9.900000e+37
9.900000e+37 9.900000e+37
9.900000e+37 9.900000e+37
9.900000e+37 9.900000e+37
9.900000e+37 9.900000e+37
9.900000e+37 9.900000e+37
9.900000e+37 9.900000e+37
9.900000e+37 9.900000e+37
9.900000e+37 9.900000e+37
9.900000e+37 9.900000e+37
9.900000e+37 9.900000e+37
9.900000e+37 9.900000e+37
9.900000e+37 9.900000e+37
9.900000e+37 9.900000e+37
9.900000e+37 9.900000e+37
9.900000e+37 9.900000e+37
9.900000e+37 9.900000e+37
9.900000e+37 9.900000e+37
9.900000e+37 9.900000e+37
9.900000e+37 9.900000e+37
9.900000e+37 9.900000e+37
9.900000e+37 9.900000e+37
9.900000e+37 9.900000e+37
9.900000e+37 9.900000e+37
9.900000e+37 9.900000e+37
9.900000e+37 9.900000e+37
9.900000e+37 9.900000e+37
9.900000e+37 9.900000e+37
9.900000e+37 9.900000e+37
9.900000e+37 9.900000e+37
9.900000e+37 9.900000e+37
9.900000e+37 9.900000e+37
9.900000e+37 9.900000e+37
9.900000e+37 9.900000e+37
9.900000e+37 9.900000e+37
9.900000e+37 9.900000e+37
9.900000e+37 9.900000e+37
9.900000e+37 9.900000e+37
9.900000e+37 9.900000e+37
9.900000e+37 9.900000e+37
9.900000e+37 9.900000e+37
9.900000e+37 9.900000e+37
9.900000e+37 9.900000e+37
9.900000e+37 9.900000e+37
9.900000e+37 9.900000e+37
9.900000e+37 9.900000e+37
9.900000e+37 9.900000e+37
9.900000e+37 9.900000e+37
9.900000e+37 9.900000e+37
9.900000e+37 9.900000e+37
9.900000e+37 9.900000e+37
9.900000e+37 9.900000e+37
9.900000e+37 9.900000e+37
9.900000e+37 9.900000e+37
9.900000e+37 9.900000e+37
9.900000e+37 9.900000e+37
9.900000e+37 9.900000e+37
9.900000e+37 9.900000e+37
9.900000e+37 9.900000e+37
9.900000e+37 9.900000e+37
9.900000e+37 9.900000e+37
9.900000e+37 9.900000e+37
9.900000e+37 9.900000e+37
9.900000e+37 9.900000e+37
9.900000e+37 9.900000e+37
9.900000e+37 9.900000e+37
9.900000e+37 9.900000e+37
9.900000e+37 9.900000e+37
9.900000e+37 9.900000e+37
9.900000e+37 9.900000e+37
9.900000e+37 9.900000e+37
9.900000e+37 9.900000e+37
9.900000e+37 9.900000e+37
9.900000e+37 9.900000e+37
9.900000e+37 9.900000e+37
9.900000e+37 9.900000e+37
7.425000e+37 9.900000e+37
2.475000e+37 9.900000e+37
2.475000e+37 9.900000e+37
7.425000e+37 9.900000e+37
7.425000e+37 9.900000e+37
2.475000e+37 9.900000e+37
2.475000e+37 9.900000e+37
4.950000e+37 9.900000e+37
2.475000e+37 9.900000e+37
-6.451564e-02 4.413048e-04
-6.408490e-02 2.420594e-04
-6.260356e-02 7.990806e-04
-6.057099e-02 1.428242e-03
-5.968254e-02 9.703929e-04
-5.925971e-02 4.740491e-04
-5.883224e-02 2.977085e-04
-5.882781e-02 5.108075e-04
-5.914158e-02 3.972317e-04
-5.965963e-02 4.213899e-04
-6.009216e-02 4.813064e-04
-6.016383e-02 4.872235e-05
-5.999539e-02 3.634345e-05
-5.993940e-02 1.903516e-04
-5.982621e-02 2.804878e-04
-5.972170e-02 5.452139e-04
-5.969431e-02 5.937855e-04
-5.938123e-02 2.493482e-04
-5.895648e-02 1.929877e-04
-5.869679e-02 3.131887e-04
-5.882486e-02 1.225382e-04
-5.906634e-02 -2.179054e-04
-5.880008e-02 -3.485454e-05
-5.848065e-02 3.846974e-04
-5.838929e-02 3.989210e-04
-5.830608e-02 4.518701e-04
-5.824520e-02 4.576084e-04
-5.806312e-02 2.724514e-04
-5.798851e-02 1.412959e-04
-5.811427e-02 1.102263e-04
-5.800629e-02 2.389356e-04
-5.775148e-02 3.520357e-04
-5.761366e-02 3.228230e-04
-5.755131e-02 3.670726e-04
-5.745981e-02 4.004859e-04
-5.735529e-02 4.714727e-04
-5.726895e-02 4.862061e-04
-5.703432e-02 2.810328e-04
-5.674998e-02 2.367492e-04
-5.650132e-02 1.732261e-04
-5.629674e-02 1.239140e-04
-5.622227e-02 2.048384e-04
-5.613803e-02 2.399398e-04
-5.598927e-02 2.281069e-04
-5.593704e-02 1.656395e-04
-5.592473e-02 5.870132e-05
-5.565739e-02 1.740751e-04
-5.538186e-02 4.815820e-04
-5.528877e-02 4.820053e-04
-5.520316e-02 4.957414e-04
-5.515038e-02 4.799114e-04
-5.506528e-02 3.812274e-04
-5.537509e-02 1.107263e-04
-5.585879e-02 -3.504041e-04
-5.561495e-02 -8.129074e-05
-5.508712e-02 1.933624e-04
-5.383762e-02 7.244936e-04
-5.143704e-02 2.868536e-04
-5.739724e-02 -4.876054e-03
-7.013641e-02 -7.937695e-03
-7.204170e-02 -2.557112e-03
-6.657694e-02 1.272264e-04
-6.402312e-02 -6.466386e-04
-6.314836e-02 -5.807591e-06
-6.264509e-02 3.063177e-06
-6.238177e-02 4.256968e-04
-6.235379e-02 4.373339e-04
-6.221000e-02 2.793052e-04
-6.214000e-02 1.776185e-04
-6.210447e-02 -5.023554e-05
-6.171769e-02 7.973017e-05
-6.124459e-02 2.966709e-04
-6.094314e-02 2.710705e-04
-6.034230e-02 -3.029196e-04
2.475000e+37 9.900000e+37
7.425000e+37 9.900000e+37
9.900000e+37 9.900000e+37
9.900000e+37 9.900000e+37
9.900000e+37 9.900000e+37
9.900000e+37 9.900000e+37
9.900000e+37 9.900000e+37
9.900000e+37 9.900000e+37
9.900000e+37 9.900000e+37
9.900000e+37 9.900000e+37
9.900000e+37 9.900000e+37
9.900000e+37 9.900000e+37
9.900000e+37 9.900000e+37
9.900000e+37 9.900000e+37
9.900000e+37 9.900000e+37
9.900000e+37 9.900000e+37
9.900000e+37 9.900000e+37
9.900000e+37 9.900000e+37
9.900000e+37 9.900000e+37
9.900000e+37 9.900000e+37
9.900000e+37 9.900000e+37
9.900000e+37 9.900000e+37
9.900000e+37 9.900000e+37
9.900000e+37 9.900000e+37
9.900000e+37 9.900000e+37
9.900000e+37 9.900000e+37
9.900000e+37 9.900000e+37
9.900000e+37 9.900000e+37
9.900000e+37 9.900000e+37
9.900000e+37 9.900000e+37
9.900000e+37 9.900000e+37
9.900000e+37 9.900000e+37
9.900000e+37 9.900000e+37
9.900000e+37 9.900000e+37
9.900000e+37 9.900000e+37
9.900000e+37 9.900000e+37
9.900000e+37 9.900000e+37
9.900000e+37 9.900000e+37
9.900000e+37 9.900000e+37
9.900000e+37 9.900000e+37
9.900000e+37 9.900000e+37
9.900000e+37 9.900000e+37
9.900000e+37 9.900000e+37
9.900000e+37 9.900000e+37
9.900000e+37 9.900000e+37
9.900000e+37 9.900000e+37
9.900000e+37 9.900000e+37
9.900000e+37 9.900000e+37
9.900000e+37 9.900000e+37
9.900000e+37 9.900000e+37
9.900000e+37 9.900000e+37
9.900000e+37 9.900000e+37
9.900000e+37 9.900000e+37
9.900000e+37 9.900000e+37
9.900000e+37 9.900000e+37
9.900000e+37 9.900000e+37
9.900000e+37 9.900000e+37
9.900000e+37 9.900000e+37
9.900000e+37 9.900000e+37
9.900000e+37 9.900000e+37
9.900000e+37 9.900000e+37
9.900000e+37 9.900000e+37
9.900000e+37 9.900000e+37
9.900000e+37 9.900000e+37
9.900000e+37 9.900000e+37
9.900000e+37 9.900000e+37
9.900000e+37 9.900000e+37
9.900000e+37 9.900000e+37
9.900000e+37 9.900000e+37
9.900000e+37 9.900000e+37
9.900000e+37 9.900000e+37
9.900000e+37 9.900000e+37
9.900000e+37 9.900000e+37
9.900000e+37 9.900000e+37
9.900000e+37 9.900000e+37
7.425000e+37 9.900000e+37
4.950000e+37 9.900000e+37
7.425000e+37 9.900000e+37
9.900000e+37 9.900000e+37
9.900000e+37 9.900000e+37
7.425000e+37 9.900000e+37
2.475000e+37 9.900000e+37
-9.727214e-02 -3.018320e-03
-1.009393e-01 7.123219e-04
-1.062161e-01 1.086863e-03
-1.085819e-01 -2.748672e-03
-9.070599e-02 7.992363e-03
-5.552665e-02 9.053060e-03
-3.423877e-02 1.120059e-03
-2.653598e-02 1.672547e-03
-1.770964e-02 2.544513e-03
-2.078491e-02 2.470368e-02
-4.444573e-02 2.037723e-02
-6.339630e-02 5.746862e-04
-6.902914e-02 1.400873e-03
-7.082114e-02 -2.681018e-03
-6.894322e-02 -1.957132e-03
-6.516214e-02 -3.108212e-03
-6.281780e-02 -4.383674e-03
-6.367210e-02 -2.612070e-03
-6.354489e-02 -1.385205e-03
-6.372859e-02 2.530268e-03
-6.546892e-02 3.011400e-03
-6.260033e-02 -3.348298e-03
-5.847134e-02 -4.878481e-03
-5.207214e-02 -1.296327e-02
-3.476726e-02 -9.290648e-03
-1.703257e-02 2.142859e-04
-9.183658e-03 -2.333325e-03
-6.236506e-03 -1.196878e-03
-4.025234e-03 -1.232483e-03
-2.366404e-03 -4.040396e-04
-1.379486e-03 -5.120045e-04
-1.055089e-03 2.975746e-04
-1.289147e-03 2.530048e-04
-3.907240e-03 4.084231e-03
-8.616430e-03 4.215022e-03
-1.004444e-02 -8.654899e-04
-8.487405e-03 -9.119649e-04
-7.344301e-03 -3.540997e-04
-6.458188e-03 -3.066246e-04
-5.953349e-03 4.574051e-04
-6.357912e-03 1.887293e-04
-5.863782e-03 -2.046583e-03
-5.325564e-03 -2.826846e-03
-7.838033e-03 7.157805e-05
-1.069534e-02 9.111055e-04
-1.129876e-02 -5.013152e-04
-1.117352e-02 -5.748191e-04
-1.000989e-02 -2.529678e-03
-7.144812e-03 -2.205008e-03
-5.101533e-03 8.200112e-05
-4.815103e-03 -1.560491e-04
-5.069853e-03 8.976663e-05
-4.355410e-03 7.624628e-04
-2.678455e-03 1.019496e-03
-1.983308e-03 5.197778e-04
-1.862687e-03 9.295639e-05
-1.697425e-03 -3.340699e-05
-7.312679e-03 9.320617e-03
-1.819606e-02 9.502033e-03
-2.399111e-02 1.451117e-03
-2.981404e-02 -1.430302e-03
-4.166222e-02 5.799608e-04
-5.002643e-02 3.390993e-03
-5.235743e-02 1.172466e-03
-5.314853e-02 1.293692e-03
-5.304769e-02 1.500369e-04
-5.193258e-02 3.444920e-04
-5.070436e-02 6.957231e-04
-5.011248e-02 4.415521e-04
-4.993404e-02 4.230813e-04
-4.962404e-02 4.951815e-04
-4.912697e-02 3.846797e-04
-4.841266e-02 4.748500e-04
-4.765654e-02 6.553570e-04
-4.730202e-02 4.800825e-04
-4.756707e-02 1.032882e-03
-4.812986e-02 1.051410e-03
-4.841942e-02 6.413596e-04
-4.799672e-02 9.235906e-04
-4.702958e-02 7.953341e-04
-4.651212e-02 4.781251e-04
-4.635904e-02 2.066663e-04
-4.594539e-02 2.662947e-04
-4.554575e-02 4.558331e-04
-4.518737e-02 4.973710e-04
-4.485257e-02 6.520062e-04
-4.451217e-02 7.123401e-04
-4.404259e-02 6.652363e-04
-4.369314e-02 5.763232e-04
-4.345517e-02 5.148499e-04
-4.327681e-02 4.569803e-04
-4.325641e-02 5.586633e-04
-4.312864e-02 6.596330e-04
-4.274459e-02 5.142874e-04
-4.233137e-02 4.792962e-04
-4.199352e-02 5.073749e-04
-4.164526e-02 5.237488e-04
-4.128345e-02 5.466618e-04
-4.095247e-02 5.364756e-04
-4.063195e-02 5.255840e-04
-4.032032e-02 5.163215e-04
-4.001544e-02 5.054886e-04
-3.969947e-02 5.083858e-04
-3.941729e-02 5.691008e-04
-3.915511e-02 5.788465e-04
-3.884924e-02 5.326176e-04
-3.856913e-02 5.004870e-04
-3.835296e-02 5.183903e-04
-3.809142e-02 5.521706e-04
-3.767139e-02 3.800931e-04
-3.721939e-02 3.375746e-04
-3.691965e-02 4.748508e-04
-3.668293e-02 4.848074e-04
-3.646773e-02 5.479505e-04
-3.629450e-02 5.469191e-04
-3.600953e-02 3.586866e-04
-3.564062e-02 3.410034e-04
-3.533625e-02 3.990585e-04
-3.503447e-02 4.184566e-04
-3.480834e-02 5.977010e-04
-3.467548e-02 6.065509e-04
-3.449347e-02 5.495313e-04
-3.426388e-02 5.574317e-04
-3.399166e-02 5.086092e-04
-3.368455e-02 5.118832e-04
-3.336694e-02 5.035495e-04
-3.307497e-02 4.851884e-04
-3.285826e-02 5.591373e-04
-3.268607e-02 5.591763e-04
-3.246643e-02 4.841815e-04
-3.218637e-02 4.934089e-04
-3.188408e-02 4.779915e-04
-3.155133e-02 4.908224e-04
-3.120923e-02 5.108569e-04
-3.092680e-02 4.820705e-04
-3.074062e-02 5.635174e-04
-3.056870e-02 5.841660e-04
-3.031996e-02 5.126680e-04
-3.002550e-02 5.130948e-04
-2.972701e-02 5.078333e-04
-2.943427e-02 5.038473e-04
-2.915980e-02 5.231111e-04
-2.895028e-02 4.911841e-04
-2.875448e-02 4.254670e-04
-2.846813e-02 4.559542e-04
-2.813925e-02 4.698790e-04
-2.781405e-02 4.726989e-04
-2.750742e-02 5.113150e-04
-2.725198e-02 4.946091e-04
-2.701403e-02 4.773335e-04
-2.677771e-02 4.701178e-04
-2.652920e-02 4.298811e-04
-2.625947e-02 4.280613e-04
-2.603341e-02 4.954530e-04
-2.579303e-02 5.283411e-04
-2.548545e-02 5.080053e-04
-2.520664e-02 4.834461e-04
-2.497493e-02 4.973371e-04
-2.474300e-02 5.024465e-04
-2.449685e-02 4.891214e-04
-2.421851e-02 5.037462e-04
-2.391299e-02 4.988291e-04
-2.362110e-02 4.888427e-04
-2.338536e-02 5.553243e-04
-2.317711e-02 5.626304e-04
-2.293200e-02 5.211023e-04
-2.268066e-02 5.086011e-04
-2.242223e-02 4.622875e-04
-2.212154e-02 4.722800e-04
-2.181982e-02 4.982434e-04
-2.155031e-02 4.883274e-04
-2.129941e-02 4.917282e-04
-2.106438e-02 4.834590e-04
-2.085242e-02 4.988235e-04
-2.060733e-02 5.242036e-04
-2.024502e-02 4.000888e-04
-1.988171e-02 3.558996e-04
-1.965886e-02 4.664476e-04
-1.947119e-02 4.852851e-04
-1.927481e-02 5.230602e-04
-1.906945e-02 5.420699e-04
-1.880245e-02 4.924948e-04
-1.851343e-02 4.877927e-04
-1.821702e-02 4.658329e-04
-1.790784e-02 4.657439e-04
-1.764969e-02 5.472903e-04
-1.744619e-02 5.436242e-04
-1.719993e-02 4.616299e-04
-1.691160e-02 4.575560e-04
-1.665463e-02 4.988698e-04
-1.640108e-02 5.116413e-04
-1.611799e-02 4.976051e-04
-1.583833e-02 4.904998e-04
-1.559428e-02 5.305122e-04
-1.537523e-02 5.284388e-04
-1.513898e-02 4.938401e-04
-1.487588e-02 4.989186e-04
-1.460268e-02 4.962606e-04
-1.432714e-02 4.967066e-04
-1.405936e-02 5.108142e-04
-1.379747e-02 5.123818e-04
-1.354721e-02 5.360300e-04
-1.331799e-02 5.319703e-04
-1.308844e-02 5.201703e-04
-1.283341e-02 5.311615e-04
