9.900000e+37 9.900000e+37
9.900000e+37 9.900000e+37
9.900000e+37 9.900000e+37
9.900000e+37 9.900000e+37
9.900000e+37 9.900000e+37
9.900000e+37 9.900000e+37
9.900000e+37 9.900000e+37
9.900000e+37 9.900000e+37
9.900000e+37 9.900000e+37
9.900000e+37 9.900000e+37
9.900000e+37 9.900000e+37
9.900000e+37 9.900000e+37
9.900000e+37 9.900000e+37
9.900000e+37 9.900000e+37
9.900000e+37 9.900000e+37
9.900000e+37 9.900000e+37
9.900000e+37 9.900000e+37
9.900000e+37 9.900000e+37
9.900000e+37 9.900000e+37
9.900000e+37 9.900000e+37
9.900000e+37 9.900000e+37
9.900000e+37 9.900000e+37
9.900000e+37 9.900000e+37
9.900000e+37 9.900000e+37
9.900000e+37 9.900000e+37
9.900000e+37 9.900000e+37
9.900000e+37 9.900000e+37
9.900000e+37 9.900000e+37
9.900000e+37 9.900000e+37
9.900000e+37 9.900000e+37
9.900000e+37 9.900000e+37
9.900000e+37 9.900000e+37
9.900000e+37 9.900000e+37
9.900000e+37 9.900000e+37
9.900000e+37 9.900000e+37
9.900000e+37 9.900000e+37
9.900000e+37 9.900000e+37
9.900000e+37 9.900000e+37
9.900000e+37 9.900000e+37
9.900000e+37 9.900000e+37
9.900000e+37 9.900000e+37
9.900000e+37 9.900000e+37
9.900000e+37 9.900000e+37
9.900000e+37 9.900000e+37
9.900000e+37 9.900000e+37
9.900000e+37 9.900000e+37
9.900000e+37 9.900000e+37
9.900000e+37 9.900000e+37
9.900000e+37 9.900000e+37
9.900000e+37 9.900000e+37
9.900000e+37 9.900000e+37
9.900000e+37 9.900000e+37
9.900000e+37 9.900000e+37
9.900000e+37 9.900000e+37
9.900000e+37 9.900000e+37
9.900000e+37 9.900000e+37
9.900000e+37 9.900000e+37
9.900000e+37 9.900000e+37
9.900000e+37 9.900000e+37
9.900000e+37 9.900000e+37
9.900000e+37 9.900000e+37
9.900000e+37 9.900000e+37
9.900000e+37 9.900000e+37
9.900000e+37 9.900000e+37
7.425000e+37 9.900000e+37
4.950000e+37 9.900000e+37
4.950000e+37 9.900000e+37
2.475000e+37 9.900000e+37
-1.191640e-01 5.287303e-04
-1.189135e-01 5.180930e-04
-1.186573e-01 5.176411e-04
-1.183954e-01 5.068689e-04
-1.181168e-01 5.129770e-04
-1.178372e-01 5.321687e-04
-1.176779e-01 4.665460e-04
-1.175467e-01 3.270594e-04
-1.172219e-01 3.938392e-04
-1.168687e-01 5.321950e-04
-1.165899e-01 5.354855e-04
-1.163035e-01 5.319042e-04
-1.160327e-01 5.226698e-04
-1.157802e-01 5.273691e-04
-1.155322e-01 5.263446e-04
-1.152748e-01 5.079999e-04
-1.150050e-01 5.088645e-04
-1.147333e-01 5.080918e-04
-1.145569e-01 4.507068e-04
-1.144168e-01 3.518836e-04
-1.140987e-01 4.228058e-04
-1.137346e-01 5.428977e-04
-1.134576e-01 5.340464e-04
-1.131877e-01 5.251994e-04
-1.129108e-01 5.262112e-04
-1.126333e-01 5.239458e-04
-1.123782e-01 5.096406e-04
-1.121343e-01 4.886018e-04
-1.118449e-01 5.069455e-04
-1.115509e-01 5.501502e-04
-1.113307e-01 5.228790e-04
-1.111201e-01 4.632615e-04
-1.108339e-01 4.870269e-04
-1.105413e-01 5.423398e-04
-1.102682e-01 5.506247e-04
-1.099815e-01 5.508733e-04
-1.097072e-01 5.434760e-04
-1.094384e-01 5.319373e-04
-1.091795e-01 5.217787e-04
-1.089284e-01 5.063881e-04
-1.086448e-01 5.202242e-04
-1.083516e-01 5.466241e-04
-1.080951e-01 5.341018e-04
-1.078610e-01 5.327354e-04
-1.076038e-01 5.461902e-04
-1.073230e-01 5.440866e-04
-1.070395e-01 5.434988e-04
-1.067586e-01 5.464677e-04
-1.064834e-01 5.456776e-04
-1.062110e-01 5.481699e-04
-1.059432e-01 5.462606e-04
-1.056771e-01 5.437491e-04
-1.054100e-01 5.434690e-04
-1.051377e-01 5.341278e-04
-1.048569e-01 5.358862e-04
-1.045930e-01 5.688920e-04
-1.043397e-01 5.744855e-04
-1.040646e-01 5.539330e-04
-1.037822e-01 5.509305e-04
-1.034989e-01 5.453388e-04
-1.032117e-01 5.457063e-04
-1.029294e-01 5.505548e-04
-1.026623e-01 5.430420e-04
-1.024008e-01 5.314151e-04
-1.021243e-01 5.347984e-04
-1.018470e-01 5.429102e-04
-1.015709e-01 5.465695e-04
-1.013074e-01 5.775879e-04
-1.010549e-01 5.821529e-04
-1.007778e-01 5.539231e-04
-1.004940e-01 5.477470e-04
-1.002160e-01 5.400817e-04
-9.993465e-02 5.392428e-04
-9.965348e-02 5.371510e-04
-9.938018e-02 5.316873e-04
-9.911408e-02 5.284942e-04
-9.883936e-02 5.325004e-04
-9.855910e-02 5.384509e-04
-9.827965e-02 5.401381e-04
-9.802306e-02 5.791025e-04
-9.776753e-02 5.924571e-04
-9.747487e-02 5.672522e-04
-9.717564e-02 5.606162e-04
-9.688634e-02 5.588835e-04
-9.660774e-02 5.533635e-04
-9.633476e-02 5.473890e-04
-9.605934e-02 5.466884e-04
-9.578070e-02 5.393754e-04
-9.550300e-02 5.361678e-04
-9.523802e-02 5.483941e-04
-9.497657e-02 5.506975e-04
-9.474197e-02 6.016595e-04
-9.451330e-02 6.164944e-04
-9.422007e-02 5.504267e-04
-9.391151e-02 5.357704e-04
-9.362921e-02 5.428347e-04
-9.334057e-02 5.492450e-04
-9.305207e-02 5.631858e-04
-9.278151e-02 5.573637e-04
-9.251694e-02 5.511800e-04
-9.223887e-02 5.555655e-04
-9.195320e-02 5.550389e-04
-9.167168e-02 5.538581e-04
-9.144159e-02 6.359444e-04
-9.121758e-02 6.619290e-04
-9.089930e-02 5.774525e-04
-9.056973e-02 5.537288e-04
-9.027869e-02 5.519434e-04
-8.998811e-02 5.510176e-04
-8.970201e-02 5.558770e-04
-8.942571e-02 5.517596e-04
-8.915976e-02 5.575164e-04
-8.889590e-02 5.583351e-04
-8.861572e-02 5.374880e-04
-8.832179e-02 5.382554e-04
-8.816184e-02 7.612890e-04
-8.802654e-02 8.265125e-04
-8.764851e-02 6.003150e-04
-8.724307e-02 5.341217e-04
-8.695706e-02 5.504731e-04
-8.667547e-02 5.551584e-04
-8.638667e-02 5.562004e-04
-8.610216e-02 5.540117e-04
-8.582444e-02 5.592292e-04
-8.555379e-02 5.568870e-04
-8.528450e-02 5.526845e-04
-8.500326e-02 5.583309e-04
-8.476812e-02 6.504825e-04
-8.454359e-02 6.773699e-04
-8.421458e-02 5.784350e-04
-8.387903e-02 5.466531e-04
-8.359862e-02 5.543065e-04
-8.331537e-02 5.587960e-04
-8.302801e-02 5.601782e-04
-8.274525e-02 5.578994e-04
-8.246924e-02 5.628998e-04
-8.218823e-02 5.661633e-04
-8.190269e-02 5.676431e-04
-8.162378e-02 5.657428e-04
-8.135822e-02 5.826262e-04
-8.110113e-02 5.836402e-04
-8.082385e-02 5.529281e-04
-8.052699e-02 5.535773e-04
-8.022676e-02 5.498024e-04
-7.992711e-02 5.480974e-04
-7.963537e-02 5.565122e-04
-7.935054e-02 5.554112e-04
-7.907604e-02 5.695077e-04
-7.880458e-02 5.727744e-04
-7.851820e-02 5.612639e-04
-7.822624e-02 5.604797e-04
-7.794749e-02 5.761751e-04
-7.768478e-02 5.721305e-04
-7.742266e-02 5.618625e-04
-7.714374e-02 5.667635e-04
-7.685324e-02 5.610286e-04
-7.655796e-02 5.633486e-04
-7.626410e-02 5.720927e-04
-7.597843e-02 5.703308e-04
-7.569699e-02 5.724572e-04
-7.541989e-02 5.706229e-04
-7.514578e-02 5.705035e-04
-7.486936e-02 5.718470e-04
-7.458251e-02 5.582610e-04
-7.430267e-02 5.491546e-04
-7.403942e-02 5.514350e-04
-7.376190e-02 5.608028e-04
-7.347050e-02 5.680085e-04
-7.318073e-02 5.696531e-04
-7.288979e-02 5.679493e-04
-7.259823e-02 5.677126e-04
-7.231207e-02 5.761091e-04
-7.203011e-02 5.750264e-04
-7.174049e-02 5.592714e-04
-7.145067e-02 5.552846e-04
-7.117283e-02 5.641346e-04
-7.090093e-02 5.637648e-04
-7.062668e-02 5.588130e-04
-7.034030e-02 5.642878e-04
-7.004628e-02 5.667935e-04
-6.975406e-02 5.666275e-04
-6.946702e-02 5.747668e-04
-6.918582e-02 5.742018e-04
-6.890602e-02 5.749509e-04
-6.862435e-02 5.763390e-04
-6.834013e-02 5.803516e-04
-6.805602e-02 5.817224e-04
-6.776410e-02 5.680643e-04
-6.748693e-02 5.542665e-04
-6.721649e-02 5.271569e-04
-6.690993e-02 5.392127e-04
-6.660519e-02 5.758281e-04
-6.631926e-02 5.760518e-04
-6.603056e-02 5.720372e-04
-6.574305e-02 5.714478e-04
-6.546152e-02 5.797546e-04
-6.518140e-02 5.819114e-04
-6.489740e-02 5.814529e-04
-6.461532e-02 5.801393e-04
-6.433410e-02 5.779263e-04
-6.408180e-02 5.598019e-04
-6.382796e-02 5.070198e-04
-6.351230e-02 5.250045e-04
-6.319541e-02 5.727945e-04
-6.290653e-02 5.732574e-04
-6.261437e-02 5.734042e-04
-6.232134e-02 5.739961e-04
-6.203376e-02 5.804372e-04
-6.175695e-02 5.762597e-04
-6.147851e-02 5.618880e-04
-6.118761e-02 5.626810e-04
-6.089970e-02 5.698618e-04
-6.064612e-02 5.534019e-04
-6.038753e-02 4.994469e-04
-6.006425e-02 5.187223e-04
-5.974280e-02 5.751909e-04
-5.945605e-02 5.747850e-04
-5.916744e-02 5.705536e-04
-5.887924e-02 5.687770e-04
-5.859420e-02 5.691064e-04
-5.831554e-02 5.654060e-04
-5.804355e-02 5.662361e-04
-5.776339e-02 5.714357e-04
-5.746887e-02 5.662345e-04
-5.720578e-02 5.454032e-04
-5.695628e-02 5.058500e-04
-5.664827e-02 5.269569e-04
-5.633463e-02 5.762927e-04
-5.604978e-02 5.750781e-04
-5.576093e-02 5.650576e-04
-5.547303e-02 5.624471e-04
-5.519086e-02 5.647294e-04
-5.490638e-02 5.669341e-04
-5.462329e-02 5.753487e-04
-5.434881e-02 5.732324e-04
-5.407224e-02 5.639067e-04
-5.382594e-02 5.424092e-04
-5.358859e-02 4.976951e-04
-5.328037e-02 5.240106e-04
-5.295200e-02 5.634898e-04
-5.265773e-02 5.573116e-04
-5.237763e-02 5.680199e-04
-5.209904e-02 5.709739e-04
-5.181374e-02 5.636692e-04
-5.154283e-02 5.523680e-04
-5.128321e-02 5.398854e-04
-5.099171e-02 5.530735e-04
-5.068720e-02 5.680269e-04
-5.040921e-02 5.590171e-04
-5.013552e-02 5.412131e-04
-4.984229e-02 5.464996e-04
-4.955697e-02 5.742976e-04
-4.928003e-02 5.793164e-04
-4.899019e-02 5.718147e-04
-4.870089e-02 5.687801e-04
-4.841417e-02 5.646488e-04
-4.813690e-02 5.574948e-04
-4.787134e-02 5.571000e-04
-4.759004e-02 5.663864e-04
-4.729489e-02 5.734336e-04
-4.700390e-02 5.734861e-04
-4.672142e-02 5.835513e-04
-4.644120e-02 5.858049e-04
-4.615387e-02 5.801319e-04
-4.586449e-02 5.777528e-04
-4.557735e-02 5.748745e-04
-4.528925e-02 5.759886e-04
-4.499608e-02 5.706690e-04
-4.470050e-02 5.701929e-04
-4.440935e-02 5.762213e-04
-4.412629e-02 5.735454e-04
-4.385050e-02 5.781910e-04
-4.357347e-02 5.806118e-04
-4.329687e-02 5.880326e-04
-4.301547e-02 5.935853e-04
-4.271154e-02 5.715807e-04
-4.240238e-02 5.667786e-04
-4.210466e-02 5.768180e-04
-4.181670e-02 5.745846e-04
-4.153353e-02 5.720113e-04
-4.126000e-02 5.652658e-04
-4.099442e-02 5.598267e-04
-4.069928e-02 5.740837e-04
-4.038771e-02 5.862206e-04
-4.009134e-02 5.830256e-04
-3.980860e-02 5.968080e-04
-3.952758e-02 6.007516e-04
-3.923192e-02 5.873717e-04
-3.893331e-02 5.843149e-04
-3.863652e-02 5.788875e-04
-3.834133e-02 5.759732e-04
-3.805217e-02 5.779088e-04
-3.777222e-02 5.730895e-04
-3.749443e-02 5.633034e-04
-3.720725e-02 5.653920e-04
-3.691208e-02 5.621203e-04
-3.661153e-02 5.642228e-04
-3.632741e-02 5.933502e-04
-3.605254e-02 5.982285e-04
-3.575795e-02 5.786829e-04
-3.546210e-02 5.708666e-04
-3.517894e-02 5.703788e-04
-3.489063e-02 5.748416e-04
-3.459672e-02 5.779252e-04
-3.430796e-02 5.759610e-04
-3.402256e-02 5.761093e-04
-3.373284e-02 5.787491e-04
-3.344070e-02 5.820387e-04
-3.315333e-02 5.803651e-04
-3.288754e-02 6.115393e-04
-3.262018e-02 6.237324e-04
-3.231052e-02 5.873251e-04
-3.199671e-02 5.766771e-04
-3.170035e-02 5.805026e-04
-3.140527e-02 5.811261e-04
-3.111562e-02 5.875555e-04
-3.082674e-02 5.893940e-04
-3.053719e-02 5.933652e-04
-3.024518e-02 5.946528e-04
-2.994404e-02 5.830096e-04
-2.964156e-02 5.812387e-04
-2.937668e-02 6.387607e-04
-2.911536e-02 6.573891e-04
-2.879210e-02 6.061979e-04
-2.846457e-02 5.902795e-04
-2.816356e-02 5.901696e-04
-2.785881e-02 5.923652e-04
-2.755684e-02 6.030662e-04
-2.726185e-02 6.027492e-04
-2.696752e-02 6.029668e-04
-2.667520e-02 6.018416e-04
-2.637741e-02 5.941111e-04
-2.606542e-02 5.998789e-04
-2.577287e-02 6.440582e-04
-2.548978e-02 6.542112e-04
-2.517000e-02 6.208242e-04
-2.484934e-02 6.077121e-04
-2.454602e-02 6.003706e-04
-2.423148e-02 6.060957e-04
-2.391376e-02 6.166578e-04
-2.359954e-02 6.183641e-04
-2.329136e-02 6.331000e-04
-2.298635e-02 6.365161e-04
-2.267694e-02 6.386848e-04
-2.236526e-02 6.408304e-04
-2.205323e-02 6.462039e-04
-2.174130e-02 6.480889e-04
-2.142010e-02 6.379388e-04
-2.109175e-02 6.385609e-04
-2.076451e-02 6.470193e-04
-2.044404e-02 6.460015e-04
-2.012516e-02 6.409037e-04
-1.979814e-02 6.439750e-04
-1.947556e-02 6.599725e-04
-1.915540e-02 6.624582e-04
-1.882476e-02 6.518365e-04
-1.848968e-02 6.524704e-04
-1.816279e-02 6.678206e-04
-1.784563e-02 6.675385e-04
-1.752281e-02 6.573884e-04
-1.718819e-02 6.607983e-04
-1.684897e-02 6.626106e-04
-1.650459e-02 6.663583e-04
-1.616365e-02 6.824596e-04
-1.582853e-02 6.847811e-04
-1.549788e-02 6.986213e-04
-1.516717e-02 7.036444e-04
-1.481584e-02 6.884649e-04
-1.445823e-02 6.867695e-04
-1.410771e-02 6.886449e-04
-1.376284e-02 6.859096e-04
-1.342212e-02 6.852683e-04
-1.307601e-02 6.864065e-04
-1.272870e-02 6.875634e-04
-1.238384e-02 6.883751e-04
-1.203531e-02 6.845347e-04
-1.168882e-02 6.819276e-04
-1.135562e-02 6.967578e-04
-1.103109e-02 6.969177e-04
-1.069062e-02 6.709128e-04
-1.034811e-02 6.627516e-04
-1.001489e-02 6.555542e-04
-9.689255e-03 6.484127e-04
-9.369376e-03 6.381798e-04
-9.050930e-03 6.336294e-04
-8.734278e-03 6.239994e-04
-8.425401e-03 6.158675e-04
-8.119815e-03 6.033155e-04
-7.819027e-03 5.958820e-04
-7.525955e-03 5.835066e-04
-7.240504e-03 5.744633e-04
-6.957992e-03 5.542178e-04
-6.678652e-03 5.435646e-04
-6.409235e-03 5.306434e-04
-6.156228e-03 5.176393e-04
-5.907336e-03 4.884353e-04
-5.650272e-03 4.827916e-04
-5.399116e-03 4.769597e-04
-5.161814e-03 4.665563e-04
-4.933383e-03 4.524522e-04
-4.711548e-03 4.434112e-04
-4.495708e-03 4.283094e-04
-4.285774e-03 4.193219e-04
-4.080961e-03 4.029181e-04
-3.880833e-03 3.941926e-04
-3.685038e-03 3.800345e-04
-3.498289e-03 3.694633e-04
-3.320420e-03 3.519939e-04
-3.141252e-03 3.465043e-04
-2.966628e-03 3.388526e-04
-2.798388e-03 3.313634e-04
-2.634397e-03 3.177373e-04
-2.476010e-03 3.103748e-04
-2.323782e-03 3.001959e-04
-2.176183e-03 2.937494e-04
-2.032692e-03 2.827038e-04
-1.890442e-03 2.779741e-04
-1.751988e-03 2.711695e-04
-1.618118e-03 2.659685e-04
-1.488077e-03 2.579140e-04
-1.358544e-03 2.547036e-04
-1.231603e-03 2.501101e-04
-1.107501e-03 2.467517e-04
-9.844053e-04 2.409151e-04
-8.640499e-04 2.371535e-04
-7.473181e-04 2.309073e-04
-6.331413e-04 2.271225e-04
-5.213848e-04 2.206502e-04
-4.119106e-04 2.163671e-04
-3.049868e-04 2.087709e-04
-2.017074e-04 2.044639e-04
-1.014041e-04 1.973820e-04
1.596902e-06 1.964729e-04
1.012505e-04 1.994265e-04
2.042818e-04 2.025465e-04
3.074570e-04 2.108913e-04
4.133589e-04 2.155362e-04
5.227186e-04 2.226671e-04
6.348073e-04 2.268754e-04
7.498571e-04 2.336211e-04
8.668179e-04 2.372002e-04
9.874592e-04 2.428504e-04
1.111587e-03 2.469954e-04
1.237180e-03 2.542464e-04
1.365195e-03 2.576004e-04
1.495300e-03 2.633855e-04
1.627347e-03 2.673331e-04
1.761753e-03 2.743561e-04
1.900428e-03 2.794485e-04
2.042247e-03 2.883419e-04
2.190102e-03 2.951673e-04
2.341969e-03 3.074200e-04
2.495190e-03 3.126529e-04
2.651228e-03 3.224766e-04
2.813067e-03 3.294966e-04
2.979997e-03 3.404973e-04
3.153313e-03 3.482930e-04
3.332968e-03 3.621288e-04
3.518904e-03 3.709207e-04
3.708428e-03 3.866627e-04
3.902194e-03 3.948753e-04
4.100746e-03 4.096990e-04
4.308238e-03 4.192494e-04
4.523929e-03 4.319972e-04
4.746245e-03 4.416941e-04
4.973598e-03 4.602032e-04
5.205652e-03 4.696985e-04
5.442983e-03 4.872503e-04
5.683829e-03 4.956904e-04
5.930231e-03 5.098540e-04
6.186685e-03 5.209863e-04
6.452401e-03 5.364578e-04
6.727085e-03 5.474135e-04
7.008127e-03 5.672171e-04
7.297654e-03 5.794470e-04
7.595720e-03 6.037629e-04
7.884689e-03 6.070588e-04
8.176004e-03 6.077821e-04
8.482103e-03 6.169637e-04
8.801264e-03 6.205844e-04
9.130884e-03 6.264434e-04
9.454676e-03 6.524075e-04
9.770446e-03 6.586503e-04
1.009183e-02 6.666210e-04
1.042012e-02 6.736313e-04
1.075850e-02 6.763068e-04
1.111318e-02 6.870339e-04
1.147188e-02 7.100600e-04
1.180844e-02 7.050962e-04
1.214145e-02 6.972179e-04
1.248092e-02 6.982404e-04
1.283265e-02 6.858335e-04
1.318909e-02 6.841986e-04
1.353592e-02 6.905019e-04
1.388347e-02 6.931991e-04
1.423172e-02 6.995221e-04
1.457775e-02 6.985460e-04
1.492488e-02 6.939714e-04
1.527043e-02 6.932770e-04
1.561502e-02 6.929399e-04
1.596102e-02 6.936607e-04
1.631150e-02 6.882153e-04
1.665930e-02 6.846480e-04
1.701105e-02 6.682249e-04
1.735562e-02 6.580046e-04
1.767674e-02 6.686355e-04
1.800011e-02 6.738266e-04
1.833419e-02 6.704422e-04
1.866746e-02 6.687322e-04
1.900419e-02 6.632120e-04
1.933874e-02 6.599042e-04
1.966712e-02 6.559736e-04
1.999248e-02 6.527380e-04
2.031286e-02 6.520984e-04
2.064356e-02 6.562854e-04
2.100082e-02 6.237560e-04
2.135264e-02 6.105390e-04
2.166116e-02 6.458141e-04
2.196398e-02 6.551356e-04
2.228105e-02 6.573219e-04
2.259559e-02 6.565913e-04
2.291558e-02 6.455020e-04
2.323675e-02 6.422051e-04
2.356053e-02 6.287273e-04
2.388698e-02 6.254602e-04
2.420136e-02 6.364551e-04
2.450923e-02 6.365260e-04
2.484110e-02 6.012665e-04
2.517585e-02 5.903136e-04
2.547131e-02 6.210217e-04
2.576791e-02 6.310153e-04
2.608162e-02 6.300655e-04
2.638768e-02 6.268610e-04
2.669491e-02 6.160529e-04
2.700304e-02 6.126983e-04
2.730845e-02 6.079231e-04
2.761769e-02 6.084931e-04
2.792742e-02 6.092655e-04
2.823219e-02 6.065762e-04
2.854541e-02 5.851084e-04
2.886437e-02 5.808001e-04
2.915728e-02 6.120820e-04
2.943843e-02 6.163180e-04
2.973686e-02 6.039059e-04
3.004250e-02 6.037456e-04
3.034500e-02 6.039542e-04
3.064279e-02 6.011878e-04
3.094516e-02 5.858025e-04
3.125478e-02 5.830439e-04
3.155368e-02 5.933389e-04
3.184918e-02 5.965921e-04
3.216017e-02 5.799033e-04
3.247463e-02 5.759620e-04
3.276528e-02 6.045626e-04
3.304823e-02 6.102695e-04
3.334180e-02 6.084666e-04
3.363282e-02 6.062950e-04
3.392461e-02 5.990120e-04
3.421845e-02 5.976141e-04
3.452222e-02 5.772499e-04
3.483182e-02 5.733913e-04
3.513017e-02 5.857877e-04
3.542141e-02 5.859843e-04
3.571236e-02 5.825430e-04
3.601267e-02 5.869521e-04
3.631277e-02 5.995844e-04
3.660857e-02 5.998877e-04
3.690454e-02 6.003806e-04
3.719218e-02 5.972005e-04
3.748116e-02 5.861613e-04
3.777495e-02 5.850623e-04
3.807092e-02 5.784053e-04
3.836925e-02 5.774168e-04
3.866248e-02 5.831454e-04
3.895753e-02 5.863075e-04
3.925193e-02 5.961544e-04
3.955084e-02 6.024062e-04
3.985539e-02 6.103693e-04
4.014918e-02 6.067977e-04
4.044204e-02 6.029952e-04
4.073500e-02 6.016465e-04
4.102544e-02 5.975638e-04
4.132191e-02 5.981068e-04
4.162723e-02 5.848903e-04
4.193598e-02 5.838114e-04
4.223109e-02 6.034937e-04
4.251749e-02 6.053858e-04
4.281026e-02 6.000694e-04
4.311780e-02 6.070025e-04
4.343145e-02 6.160712e-04
4.371956e-02 6.040436e-04
4.399818e-02 5.864609e-04
4.428765e-02 5.866125e-04
4.457807e-02 5.854567e-04
4.486895e-02 5.853156e-04
4.517327e-02 5.667954e-04
4.548244e-02 5.630655e-04
4.577416e-02 5.775382e-04
4.606429e-02 5.817709e-04
4.635471e-02 5.930500e-04
4.665675e-02 6.024311e-04
4.696549e-02 6.171913e-04
4.724476e-02 6.064781e-04
4.752396e-02 5.768855e-04
4.782058e-02 5.766345e-04
4.811458e-02 5.802770e-04
4.840783e-02 5.811431e-04
4.870627e-02 5.749253e-04
4.899935e-02 5.694658e-04
4.928238e-02 5.710087e-04
4.956691e-02 5.724650e-04
4.985409e-02 5.721144e-04
5.016080e-02 5.836902e-04
5.047410e-02 6.094477e-04
5.075636e-02 6.000600e-04
5.102966e-02 5.843745e-04
5.130690e-02 5.811151e-04
5.158140e-02 5.766249e-04
5.186790e-02 5.806616e-04
5.216350e-02 5.766747e-04
5.246538e-02 5.805750e-04
5.276808e-02 5.900116e-04
5.305041e-02 5.812107e-04
5.332752e-02 5.654773e-04
5.368970e-02 6.107621e-04
5.405580e-02 7.297414e-04
5.427600e-02 6.852684e-04
5.449440e-02 5.650236e-04
5.478361e-02 5.640567e-04
5.506793e-02 5.738474e-04
5.534846e-02 5.750890e-04
5.562594e-02 5.793393e-04
5.591530e-02 5.880343e-04
5.621971e-02 5.869464e-04
5.651714e-02 5.807586e-04
5.680160e-02 5.852167e-04
5.712226e-02 6.100901e-04
5.744869e-02 6.694295e-04
5.769425e-02 6.423929e-04
5.794534e-02 5.582937e-04
5.823838e-02 5.530783e-04
5.851362e-02 5.681703e-04
5.879604e-02 5.779151e-04
5.908966e-02 5.863135e-04
5.938355e-02 5.895027e-04
5.967888e-02 5.959594e-04
5.996310e-02 5.916379e-04
6.024964e-02 5.801811e-04
6.055596e-02 5.879610e-04
6.086418e-02 6.020147e-04
6.115429e-02 5.961295e-04
6.143971e-02 5.876054e-04
6.172414e-02 5.823747e-04
6.200080e-02 5.807492e-04
6.228707e-02 5.875204e-04
6.258627e-02 5.848198e-04
6.289612e-02 5.902257e-04
6.320567e-02 6.057222e-04
6.349316e-02 5.981079e-04
6.377155e-02 5.921290e-04
6.406272e-02 5.976280e-04
6.436585e-02 5.930108e-04
6.465905e-02 5.853965e-04
6.494393e-02 5.781038e-04
6.523373e-02 5.784159e-04
6.552145e-02 5.871912e-04
6.580504e-02 5.878579e-04
6.609040e-02 5.823363e-04
6.638990e-02 5.872646e-04
6.669592e-02 5.900862e-04
6.699222e-02 5.868616e-04
6.727956e-02 5.927847e-04
6.756191e-02 5.919269e-04
6.786025e-02 5.629988e-04
6.816667e-02 5.573989e-04
6.845717e-02 5.682879e-04
6.874486e-02 5.705248e-04
6.903325e-02 5.755484e-04
6.932516e-02 5.794634e-04
6.961991e-02 5.855715e-04
6.992433e-02 5.935653e-04
7.023120e-02 6.163393e-04
7.050434e-02 6.042155e-04
7.077175e-02 5.754356e-04
7.106427e-02 5.802431e-04
7.137120e-02 5.694105e-04
7.168268e-02 5.666865e-04
7.197416e-02 5.925725e-04
7.224827e-02 5.930334e-04
7.252703e-02 5.866094e-04
7.281101e-02 5.874214e-04
7.310412e-02 5.745079e-04
7.341177e-02 5.785556e-04
7.371426e-02 5.983379e-04
7.399888e-02 5.947782e-04
7.428182e-02 5.877262e-04
7.456832e-02 5.873148e-04
7.487585e-02 5.512519e-04
7.518536e-02 5.394210e-04
7.545937e-02 5.699407e-04
7.573102e-02 5.795326e-04
7.601405e-02 5.829271e-04
7.629443e-02 5.825455e-04
7.657504e-02 5.810910e-04
7.686454e-02 5.843350e-04
7.716114e-02 5.814835e-04
7.745533e-02 5.805986e-04
7.774498e-02 5.856780e-04
7.802980e-02 5.846152e-04
7.835770e-02 5.101607e-04
7.869178e-02 4.869980e-04
7.894062e-02 5.643226e-04
7.918511e-02 5.896221e-04
7.947515e-02 5.841170e-04
7.976472e-02 5.818460e-04
8.005425e-02 5.799799e-04
8.033828e-02 5.759861e-04
8.063745e-02 5.350283e-04
8.094519e-02 5.254868e-04
8.121493e-02 5.627557e-04
8.148635e-02 5.755715e-04
8.180816e-02 5.271980e-04
8.212353e-02 5.074427e-04
8.237597e-02 5.571414e-04
8.263198e-02 5.772011e-04
8.290997e-02 5.962745e-04
8.317801e-02 5.971962e-04
8.346282e-02 5.719280e-04
8.375840e-02 5.692664e-04
8.405557e-02 5.592384e-04
8.434874e-02 5.532159e-04
8.461573e-02 5.799828e-04
8.487859e-02 5.871634e-04
8.523861e-02 4.485448e-04
8.561183e-02 4.066803e-04
8.584248e-02 5.252875e-04
8.606483e-02 5.628787e-04
8.634247e-02 5.746550e-04
8.661297e-02 5.730449e-04
8.688200e-02 5.709226e-04
8.715872e-02 5.763368e-04
8.745866e-02 5.527695e-04
8.776207e-02 5.463431e-04
8.804484e-02 5.628162e-04
8.831829e-02 5.631783e-04
8.865377e-02 4.611845e-04
8.900113e-02 4.314898e-04
8.923119e-02 5.439353e-04
8.944903e-02 5.771911e-04
8.972779e-02 5.682149e-04
9.001181e-02 5.681336e-04
9.029279e-02 5.773663e-04
9.056494e-02 5.753567e-04
9.087069e-02 5.089532e-04
9.119035e-02 4.920792e-04
9.145395e-02 5.390410e-04
9.171414e-02 5.552456e-04
9.201098e-02 5.393176e-04
9.230212e-02 5.301532e-04
9.256762e-02 5.473274e-04
9.283743e-02 5.561109e-04
9.311262e-02 5.715324e-04
9.338339e-02 5.744539e-04
9.366477e-02 5.649422e-04
9.394903e-02 5.632413e-04
9.424014e-02 5.471803e-04
9.453566e-02 5.440307e-04
9.480710e-02 5.797396e-04
9.505963e-02 5.811889e-04
9.533419e-02 5.439454e-04
9.563626e-02 5.471593e-04
9.593303e-02 5.649895e-04
9.621872e-02 5.631644e-04
9.649155e-02 5.794761e-04
9.674343e-02 5.743406e-04
9.700175e-02 5.494441e-04
9.728221e-02 5.537330e-04
9.758030e-02 5.363487e-04
9.787850e-02 5.301372e-04
9.815601e-02 5.472671e-04
9.842151e-02 5.462522e-04
9.867890e-02 5.568928e-04
9.895352e-02 5.710530e-04
9.924597e-02 5.807073e-04
9.952917e-02 5.786594e-04
9.981191e-02 5.781376e-04
1.000832e-01 5.710389e-04
1.003459e-01 5.613840e-04
1.006108e-01 5.592415e-04
1.009013e-01 5.103560e-04
1.012178e-01 5.070788e-04
1.014949e-01 5.640471e-04
1.017522e-01 5.741028e-04
1.020279e-01 5.713520e-04
1.023119e-01 5.752599e-04
1.025921e-01 5.922168e-04
1.028497e-01 5.847798e-04
1.031083e-01 5.625645e-04
1.033715e-01 5.573503e-04
1.036323e-01 5.470334e-04
1.039039e-01 5.498203e-04
1.041948e-01 5.295563e-04
1.044945e-01 5.276173e-04
1.047753e-01 5.497306e-04
1.050421e-01 5.492698e-04
1.053075e-01 5.505162e-04
1.056015e-01 5.666048e-04
1.059099e-01 5.870609e-04
1.061699e-01 5.669275e-04
1.064103e-01 5.436181e-04
1.066664e-01 5.445753e-04
1.069264e-01 5.406557e-04
1.071994e-01 5.469793e-04
1.075038e-01 5.123150e-04
1.078149e-01 5.038388e-04
1.080837e-01 5.505630e-04
1.083294e-01 5.535387e-04
1.085800e-01 5.534503e-04
1.088967e-01 5.929768e-04
1.092394e-01 6.644779e-04
1.094770e-01 6.269815e-04
1.096985e-01 5.447643e-04
1.099635e-01 5.415042e-04
1.102219e-01 5.436409e-04
1.104798e-01 5.427131e-04
1.107395e-01 5.372771e-04
1.110388e-01 5.605780e-04
1.113560e-01 5.952601e-04
1.116164e-01 5.736887e-04
1.118632e-01 5.365298e-04
1.122320e-01 5.961832e-04
1.126008e-01 7.613442e-04
1.127662e-01 6.990915e-04
1.129449e-01 5.045592e-04
1.132346e-01 5.008675e-04
1.135011e-01 5.291125e-04
1.137573e-01 5.330893e-04
1.140143e-01 5.468627e-04
1.142661e-01 5.486801e-04
1.145394e-01 5.137704e-04
1.148219e-01 5.054495e-04
1.150850e-01 5.149550e-04
1.154233e-01 5.648246e-04
1.157599e-01 7.058842e-04
1.159339e-01 6.593589e-04
1.161273e-01 4.981702e-04
1.163993e-01 4.870523e-04
1.166349e-01 5.165158e-04
1.168833e-01 5.347829e-04
1.171663e-01 5.279295e-04
1.174486e-01 5.250474e-04
1.177195e-01 5.361134e-04
1.179763e-01 5.316911e-04
1.182263e-01 5.347079e-04
1.185287e-01 5.673332e-04
1.188594e-01 6.067510e-04
1.191143e-01 5.751963e-04
1.193439e-01 5.297894e-04
2.475000e+37 9.900000e+37
4.950000e+37 9.900000e+37
4.950000e+37 9.900000e+37
4.950000e+37 9.900000e+37
4.950000e+37 9.900000e+37
7.425000e+37 9.900000e+37
9.900000e+37 9.900000e+37
9.900000e+37 9.900000e+37
9.900000e+37 9.900000e+37
9.900000e+37 9.900000e+37
9.900000e+37 9.900000e+37
9.900000e+37 9.900000e+37
9.900000e+37 9.900000e+37
9.900000e+37 9.900000e+37
9.900000e+37 9.900000e+37
9.900000e+37 9.900000e+37
9.900000e+37 9.900000e+37
9.900000e+37 9.900000e+37
9.900000e+37 9.900000e+37
9.900000e+37 9.900000e+37
9.900000e+37 9.900000e+37
9.900000e+37 9.900000e+37
9.900000e+37 9.900000e+37
9.900000e+37 9.900000e+37
9.900000e+37 9.900000e+37
9.900000e+37 9.900000e+37
9.900000e+37 9.900000e+37
9.900000e+37 9.900000e+37
9.900000e+37 9.900000e+37
9.900000e+37 9.900000e+37
9.900000e+37 9.900000e+37
9.900000e+37 9.900000e+37
9.900000e+37 9.900000e+37
9.900000e+37 9.900000e+37
9.900000e+37 9.900000e+37
9.900000e+37 9.900000e+37
9.900000e+37 9.900000e+37
9.900000e+37 9.900000e+37
9.900000e+37 9.900000e+37
9.900000e+37 9.900000e+37
9.900000e+37 9.900000e+37
9.900000e+37 9.900000e+37
9.900000e+37 9.900000e+37
9.900000e+37 9.900000e+37
9.900000e+37 9.900000e+37
9.900000e+37 9.900000e+37
9.900000e+37 9.900000e+37
9.900000e+37 9.900000e+37
9.900000e+37 9.900000e+37
9.900000e+37 9.900000e+37
9.900000e+37 9.900000e+37
9.900000e+37 9.900000e+37
9.900000e+37 9.900000e+37
9.900000e+37 9.900000e+37
9.900000e+37 9.900000e+37
9.900000e+37 9.900000e+37
9.900000e+37 9.900000e+37
9.900000e+37 9.900000e+37
9.900000e+37 9.900000e+37
9.900000e+37 9.900000e+37
9.900000e+37 9.900000e+37
9.900000e+37 9.900000e+37
9.900000e+37 9.900000e+37
9.900000e+37 9.900000e+37
9.900000e+37 9.900000e+37
9.900000e+37 9.900000e+37
9.900000e+37 9.900000e+37
9.900000e+37 9.900000e+37
9.900000e+37 9.900000e+37
9.900000e+37 9.900000e+37
