-6.980930e+00 2.914304e-01
-7.460018e+00 4.982362e-02
-7.734712e+00 8.572623e-02
-7.908556e+00 1.703683e-02
-8.022721e+00 2.818773e-02
-8.108944e+00 1.249809e-02
-8.168471e+00 2.292832e-02
-8.193925e+00 -5.055038e-03
-8.197145e+00 -1.800489e-03
-8.197960e+00 3.232846e-03
-8.199106e+00 4.859002e-03
-8.194608e+00 3.953232e-05
-8.191001e+00 -2.234668e-03
-8.192102e+00 -7.320072e-04
-8.192465e+00 2.533210e-04
-8.190682e+00 -5.903580e-04
-8.187868e+00 -2.734282e-04
-8.182049e+00 -4.411079e-03
-8.171000e+00 -2.756459e-03
-8.160094e+00 2.080269e-03
-8.157608e+00 -1.239573e-03
-8.160391e+00 -1.661415e-03
-8.161918e+00 -1.058616e-03
-8.162817e+00 -4.336445e-04
-8.162389e+00 5.892407e-04
-8.159678e+00 -3.819427e-04
-8.157653e+00 -1.144130e-03
-8.159053e+00 2.457481e-03
-8.163976e+00 1.644336e-03
-8.181493e+00 2.007511e-02
-8.221083e+00 1.361333e-02
-8.268854e+00 9.229330e-03
-8.307992e+00 1.278480e-02
-8.334817e+00 2.439013e-03
-8.346866e+00 7.472082e-03
-8.344004e+00 -3.349090e-03
-8.332626e+00 -2.124817e-03
-8.315314e+00 -8.635610e-03
-8.291636e+00 -7.152827e-03
-8.265727e+00 -6.761768e-03
-8.240261e+00 -6.887841e-03
-8.215219e+00 -6.531935e-03
-8.190568e+00 -6.640019e-03
-8.166263e+00 -6.365826e-03
-8.142288e+00 -6.466794e-03
-8.118665e+00 -6.162767e-03
-8.095415e+00 -6.278853e-03
-8.072426e+00 -6.167689e-03
-8.049586e+00 -6.217489e-03
-8.027026e+00 -5.889327e-03
-8.004728e+00 -5.929276e-03
-7.982730e+00 -5.541260e-03
-7.961155e+00 -5.685412e-03
-7.939981e+00 -5.206880e-03
-7.919111e+00 -5.261925e-03
-7.898207e+00 -5.598891e-03
-7.877060e+00 -5.499431e-03
-7.856211e+00 -4.805484e-03
-7.836254e+00 -5.092382e-03
-7.816532e+00 -5.497123e-03
-7.796440e+00 -5.420097e-03
-7.776388e+00 -5.137538e-03
-7.756903e+00 -5.375934e-03
-7.737924e+00 -5.191809e-03
-7.719040e+00 -5.182574e-03
-7.700297e+00 -4.921679e-03
-7.681901e+00 -5.036123e-03
-7.663666e+00 -5.083059e-03
-7.645196e+00 -4.958216e-03
-7.626530e+00 -4.940164e-03
-7.607934e+00 -4.976625e-03
-7.589480e+00 -4.842662e-03
-7.571149e+00 -4.869065e-03
-7.552889e+00 -4.826309e-03
-7.534734e+00 -4.899039e-03
-7.516002e+00 -5.867457e-03
-7.497015e+00 -6.106959e-03
-7.479143e+00 -4.934635e-03
-7.461757e+00 -4.800410e-03
-7.444155e+00 -4.897717e-03
-7.426795e+00 -5.014200e-03
-7.410257e+00 -4.028383e-03
-7.395134e+00 -4.523647e-03
-7.380593e+00 -4.926676e-03
-7.362169e+00 -2.737389e-03
-7.339033e+00 -4.526412e-03
-7.317402e+00 -6.075893e-03
-7.298462e+00 -5.885688e-03
-7.276553e+00 -4.031458e-03
-7.249983e+00 -6.663213e-03
-7.223176e+00 -7.468563e-03
-7.199115e+00 -5.121643e-03
-7.177707e+00 -5.871653e-03
-7.158278e+00 -4.649832e-03
-7.139990e+00 -4.896371e-03
-7.122774e+00 -3.791796e-03
-7.106845e+00 -4.188159e-03
-7.091879e+00 -3.535067e-03
-7.077715e+00 -3.811043e-03
-7.064356e+00 -3.248559e-03
-7.051472e+00 -3.327671e-03
-7.038683e+00 -3.468501e-03
-7.025783e+00 -3.405908e-03
-7.012851e+00 -3.331421e-03
-7.000011e+00 -3.359331e-03
-6.987559e+00 -2.787941e-03
-6.976753e+00 -3.571401e-03
-6.967596e+00 -2.993937e-03
-6.957750e+00 -2.372532e-03
-6.946334e+00 -3.269994e-03
-6.934259e+00 -3.197277e-03
-6.921986e+00 -3.327245e-03
-6.909684e+00 -3.356864e-03
-6.897502e+00 -3.239438e-03
-6.885475e+00 -3.290882e-03
-6.873537e+00 -3.286890e-03
-6.861580e+00 -3.274781e-03
-6.849768e+00 -3.001339e-03
-6.838226e+00 -3.065916e-03
-6.827091e+00 -2.566549e-03
-6.816405e+00 -2.671149e-03
-6.805866e+00 -2.610982e-03
-6.795409e+00 -2.661351e-03
-6.784889e+00 -2.971772e-03
-6.774253e+00 -2.976326e-03
-6.763731e+00 -2.837611e-03
-6.753103e+00 -2.724125e-03
-6.742158e+00 -2.938089e-03
-6.731148e+00 -2.975440e-03
-6.720248e+00 -2.894299e-03
-6.709545e+00 -2.983364e-03
-6.699080e+00 -2.831920e-03
-6.688454e+00 -2.680263e-03
-6.677393e+00 -2.986382e-03
-6.666441e+00 -3.162323e-03
-6.656124e+00 -2.590177e-03
-6.646157e+00 -2.594829e-03
-6.635994e+00 -2.936481e-03
-6.625334e+00 -2.761087e-03
-6.614260e+00 -2.966689e-03
-6.603350e+00 -3.139758e-03
-6.593074e+00 -2.562294e-03
-6.583388e+00 -2.721706e-03
-6.573912e+00 -2.717915e-03
-6.564227e+00 -2.613517e-03
-6.554459e+00 -2.460217e-03
-6.544809e+00 -2.475064e-03
-6.535232e+00 -2.454489e-03
-6.525817e+00 -2.509948e-03
-6.516551e+00 -2.452563e-03
-6.507266e+00 -2.420343e-03
-6.497866e+00 -2.520860e-03
-6.488648e+00 -2.665746e-03
-6.479564e+00 -2.843225e-03
-6.470127e+00 -2.694714e-03
-6.460557e+00 -2.504505e-03
-6.450822e+00 -2.337319e-03
-6.440056e+00 -3.596381e-03
-6.428113e+00 -3.341976e-03
-6.416300e+00 -2.415257e-03
-6.406158e+00 -3.085301e-03
-6.397540e+00 -2.401044e-03
-6.389071e+00 -2.244391e-03
-6.380235e+00 -2.421866e-03
-6.371097e+00 -2.303524e-03
-6.361404e+00 -2.899426e-03
-6.351295e+00 -2.877405e-03
-6.342059e+00 -1.281277e-03
-6.335507e+00 -2.325859e-03
-6.331307e+00 -1.366046e-03
-6.327176e+00 -1.042463e-03
-6.321619e+00 -2.535062e-03
-6.314410e+00 -2.078858e-03
-6.306188e+00 -2.502215e-03
-6.299705e+00 -3.700015e-03
-6.295073e+00 -3.936967e-03
-6.288136e+00 -2.636899e-03
-6.280499e+00 -1.949769e-04
-6.275491e+00 -8.968982e-04
-6.269448e+00 -4.576602e-03
-6.260632e+00 -4.234226e-03
-6.251419e+00 -3.946732e-03
-6.243206e+00 -4.444732e-03
-6.236623e+00 -3.105861e-03
-6.229882e+00 -2.528920e-03
-6.222210e+00 -2.481793e-03
-6.215705e+00 -3.166543e-03
-6.210922e+00 -2.193460e-03
-6.204301e+00 -7.546924e-04
-6.194102e+00 -2.621905e-03
-6.183385e+00 -3.003699e-03
-6.174255e+00 -1.491820e-03
-6.169794e+00 -3.717796e-03
-6.169003e+00 -3.806535e-03
-6.162699e+00 -5.236304e-04
-6.150108e+00 -1.903734e-03
-6.129732e+00 2.279880e-03
-6.094062e+00 -1.163821e-02
-6.057417e+00 -1.606186e-02
-6.038027e+00 4.678414e-04
-6.028668e+00 3.886274e-04
-6.017982e+00 -2.046460e-03
-6.008510e+00 -3.652717e-03
-6.002524e+00 -2.290667e-03
-5.997286e+00 -2.249349e-03
-5.991909e+00 -2.366779e-03
-5.985141e+00 -1.572989e-03
-5.976550e+00 -2.413820e-03
-5.967944e+00 -2.707832e-03
-5.960976e+00 -7.878855e-04
-5.955514e+00 -1.009571e-03
-5.950817e+00 -3.095631e-04
-5.947656e+00 -9.819089e-04
-5.946786e+00 9.290409e-04
-5.949110e+00 -2.821684e-04
-5.954578e+00 1.584282e-03
-5.961020e+00 1.657709e-03
-5.967553e+00 2.041353e-03
-5.974854e+00 1.717926e-03
-5.983386e+00 2.874567e-03
-5.993109e+00 2.574399e-03
-6.003317e+00 2.550271e-03
-6.014289e+00 2.082302e-03
-6.027790e+00 5.004403e-03
-6.044792e+00 3.951486e-03
-6.065264e+00 6.823237e-03
-6.088217e+00 6.365665e-03
-6.111584e+00 5.784397e-03
-6.133936e+00 6.184234e-03
-6.155127e+00 5.353285e-03
-6.175810e+00 5.359167e-03
-6.196911e+00 6.072498e-03
-6.219091e+00 5.680051e-03
-6.242652e+00 6.895597e-03
-6.266424e+00 7.235555e-03
-6.288663e+00 5.408024e-03
-6.309728e+00 5.501576e-03
-6.331110e+00 6.422907e-03
-6.353590e+00 6.019768e-03
-6.378348e+00 8.785110e-03
-6.407747e+00 6.990462e-03
-6.441110e+00 8.623479e-03
-6.474972e+00 8.910922e-03
-6.507337e+00 7.208927e-03
-6.537753e+00 7.767878e-03
-6.566902e+00 7.204475e-03
-6.594075e+00 8.189531e-03
-6.617545e+00 4.741269e-03
-6.638513e+00 5.004019e-03
-6.659827e+00 6.312103e-03
-6.682389e+00 6.032662e-03
-6.705300e+00 5.838275e-03
-6.727445e+00 6.228740e-03
-6.748259e+00 5.091100e-03
-6.768191e+00 5.211905e-03
-6.788886e+00 6.821550e-03
-6.810895e+00 6.639344e-03
-6.832514e+00 5.271851e-03
-6.853784e+00 5.036890e-03
-6.876305e+00 6.445628e-03
-6.899788e+00 6.382650e-03
-6.922021e+00 4.268875e-03
-6.941626e+00 5.003765e-03
-6.959853e+00 4.834644e-03
-6.977088e+00 5.370884e-03
-6.992315e+00 3.508326e-03
-7.006092e+00 3.710468e-03
-7.019052e+00 2.909541e-03
-7.031048e+00 3.200407e-03
-7.042839e+00 3.663673e-03
-7.055357e+00 3.392783e-03
-7.068258e+00 3.279912e-03
-7.081093e+00 3.279227e-03
-7.093890e+00 3.214426e-03
-7.106395e+00 3.366700e-03
-7.118192e+00 2.606629e-03
-7.129099e+00 2.867190e-03
-7.139541e+00 2.811705e-03
-7.150101e+00 2.735157e-03
-7.161436e+00 3.693101e-03
-7.174027e+00 3.314693e-03
-7.187452e+00 3.642075e-03
-7.201241e+00 3.544526e-03
-7.215336e+00 3.870745e-03
-7.229342e+00 3.992218e-03
-7.242617e+00 3.160696e-03
-7.254921e+00 3.444243e-03
-7.266472e+00 2.972623e-03
-7.277553e+00 3.085563e-03
-7.288421e+00 3.044706e-03
-7.299004e+00 3.201015e-03
-7.308824e+00 2.359611e-03
-7.317887e+00 2.511405e-03
-7.326748e+00 2.595581e-03
-7.335627e+00 2.615693e-03
-7.344576e+00 2.790513e-03
-7.353889e+00 2.635161e-03
-7.363333e+00 2.423673e-03
-7.372533e+00 2.494542e-03
-7.381794e+00 2.793438e-03
-7.391129e+00 2.856988e-03
-7.400239e+00 2.658989e-03
-7.409651e+00 2.419727e-03
-7.419396e+00 2.216002e-03
-7.428499e+00 2.546616e-03
-7.436812e+00 2.213349e-03
-7.444643e+00 2.352459e-03
-7.451536e+00 1.201709e-03
-7.457480e+00 1.357608e-03
-7.463447e+00 1.828092e-03
-7.469513e+00 1.937337e-03
-7.474808e+00 9.520927e-04
-7.479255e+00 1.107582e-03
-7.483111e+00 5.546293e-04
-7.486445e+00 6.695515e-04
-7.489962e+00 1.292812e-03
-7.494060e+00 1.167559e-03
-7.498692e+00 1.711394e-03
-7.503982e+00 1.511441e-03
-7.509541e+00 1.404077e-03
-7.515091e+00 1.369873e-03
-7.521172e+00 2.158639e-03
-7.528935e+00 1.430654e-03
-7.537999e+00 1.580578e-03
-7.546732e+00 1.845659e-03
-7.555133e+00 1.942247e-03
-7.563158e+00 2.217815e-03
-7.570251e+00 1.445124e-03
-7.576693e+00 1.553521e-03
-7.582759e+00 1.270221e-03
-7.588157e+00 1.548498e-03
-7.592937e+00 1.313825e-03
-7.597548e+00 1.329971e-03
-7.602243e+00 1.512581e-03
-7.607096e+00 1.483233e-03
-7.611914e+00 1.343755e-03
-7.616473e+00 1.449443e-03
-7.620916e+00 1.550532e-03
-7.625694e+00 1.385740e-03
-7.630765e+00 1.416907e-03
-7.635868e+00 1.408699e-03
-7.641209e+00 1.783033e-03
-7.647454e+00 1.374644e-03
-7.654627e+00 1.791927e-03
-7.662093e+00 1.766549e-03
-7.669395e+00 1.423185e-03
-7.675866e+00 1.799832e-03
-7.681365e+00 1.225594e-03
-7.686536e+00 1.224396e-03
-7.691547e+00 9.097955e-04
-7.695950e+00 1.170180e-03
-7.699744e+00 9.113071e-04
-7.703770e+00 6.645026e-04
-7.708801e+00 1.672171e-03
-7.714773e+00 1.469620e-03
-7.721035e+00 1.390570e-03
-7.726593e+00 1.784798e-03
-7.730980e+00 9.243980e-04
-7.734427e+00 1.179691e-03
-7.737353e+00 1.017029e-03
-7.740633e+00 7.447024e-04
-7.744535e+00 1.023843e-03
-7.748538e+00 1.062697e-03
-7.752537e+00 1.162074e-03
-7.756662e+00 1.121441e-03
-7.761073e+00 1.484185e-03
-7.765777e+00 1.438353e-03
-7.770379e+00 1.140788e-03
-7.774632e+00 1.243058e-03
-7.778792e+00 1.370942e-03
-7.783049e+00 1.364110e-03
-7.786874e+00 5.921570e-04
-7.789953e+00 7.675287e-04
-7.792453e+00 3.087266e-04
-7.794544e+00 3.794028e-04
-7.796527e+00 4.069578e-04
-7.798435e+00 4.624380e-04
-7.800180e+00 3.467196e-04
-7.801712e+00 4.342798e-04
-7.802991e+00 2.569927e-04
-7.803852e+00 4.447683e-04
-7.803837e+00 -4.958290e-04
-7.802891e+00 -2.749454e-04
-7.801417e+00 -5.441992e-04
-7.799247e+00 -2.224133e-04
-7.796223e+00 -7.540865e-04
-7.793573e+00 -1.170889e-03
-7.792640e+00 5.362377e-04
-7.793238e+00 2.300498e-04
-7.794628e+00 7.022460e-04
-7.796269e+00 7.210590e-04
-7.797781e+00 5.584054e-04
-7.799164e+00 5.795497e-04
-7.800471e+00 4.993059e-04
-7.801824e+00 4.464301e-04
-7.803265e+00 4.434361e-04
-7.804900e+00 3.266328e-04
-7.806808e+00 4.659242e-04
-7.809182e+00 2.296026e-04
-7.812199e+00 6.544836e-04
-7.812620e+00 2.368617e-03
-7.808269e+00 -8.364228e-04
-7.802342e+00 -1.041916e-03
-7.797953e+00 9.555610e-04
-7.796994e+00 -3.880821e-04
-7.798607e+00 1.739893e-04
-7.799901e+00 5.684888e-04
-7.800332e+00 2.255046e-04
-7.800778e+00 9.341204e-05
-7.801294e+00 -1.579812e-04
-7.801520e+00 -7.473159e-05
-7.801704e+00 8.678230e-05
-7.801918e+00 1.279645e-04
-7.802209e+00 3.748028e-04
-7.802062e+00 7.277820e-04
-7.800453e+00 -7.334625e-04
-7.797738e+00 -5.993859e-04
-7.794647e+00 -8.236711e-04
-7.791553e+00 -9.092225e-04
-7.788747e+00 -6.875969e-04
-7.786246e+00 -7.803823e-04
-7.784034e+00 -5.662342e-04
-7.782040e+00 -6.198657e-04
-7.780603e+00 1.643405e-04
-7.779166e+00 4.478872e-04
-7.777388e+00 6.671705e-04
-7.775036e+00 1.090950e-03
-7.772918e+00 2.659554e-03
-7.773328e+00 1.705075e-03
-7.773378e+00 -1.546337e-03
-7.770738e+00 -1.099504e-03
-7.767859e+00 -2.584804e-04
-7.765718e+00 -3.997397e-04
-7.763803e+00 -4.141768e-04
-7.762078e+00 -5.337509e-04
-7.760534e+00 -5.639653e-04
-7.758837e+00 -4.824938e-04
-7.756964e+00 -5.505212e-04
-7.754949e+00 -4.930248e-04
-7.752855e+00 -4.437936e-04
-7.750597e+00 -3.319413e-04
-7.748144e+00 -3.427988e-04
-7.746231e+00 -6.683273e-04
-7.745160e+00 -1.856740e-04
-7.744388e+00 -1.860089e-04
-7.743886e+00 2.605403e-04
-7.743917e+00 1.007430e-04
-7.744091e+00 -1.042911e-04
-7.744259e+00 -1.747501e-04
-7.744639e+00 -1.760328e-05
-7.744509e+00 3.449515e-04
-7.744667e+00 1.830515e-03
-7.746198e+00 1.539240e-03
-7.746812e+00 -8.010287e-04
-7.745944e+00 -7.517770e-04
-7.745326e+00 -1.954003e-04
-7.745035e+00 -1.914309e-04
-7.744632e+00 -3.668183e-04
-7.744254e+00 -4.443926e-04
-7.744988e+00 1.198698e-03
-7.747097e+00 9.658596e-04
-7.749139e+00 1.906318e-04
-7.750526e+00 3.071626e-04
-7.751638e+00 1.785672e-04
-7.752524e+00 2.671006e-04
-7.753488e+00 6.498925e-04
-7.755015e+00 4.461104e-04
-7.757174e+00 9.378748e-04
-7.759838e+00 8.110488e-04
-7.762424e+00 3.285946e-04
-7.764560e+00 4.258686e-04
-7.766632e+00 5.887144e-04
-7.768747e+00 6.206606e-04
-7.770881e+00 7.382827e-04
-7.773193e+00 6.726814e-04
-7.775397e+00 3.091770e-04
-7.777099e+00 4.805354e-04
-7.778692e+00 7.767722e-04
-7.780534e+00 7.345650e-04
-7.782244e+00 3.980436e-04
-7.784008e+00 2.440614e-04
-7.786067e+00 3.061979e-04
-7.787644e+00 6.171743e-04
-7.788531e+00 3.270163e-04
-7.789150e+00 3.841249e-04
-7.789886e+00 7.274651e-04
-7.790684e+00 8.168133e-04
-7.791425e+00 9.827182e-04
-7.792185e+00 1.027526e-03
-7.792832e+00 9.615939e-04
-7.793740e+00 7.812747e-04
-7.795112e+00 1.055660e-03
-7.796477e+00 1.158610e-03
-7.797326e+00 5.826656e-04
-7.797574e+00 7.369920e-04
-7.797493e+00 6.180380e-04
-7.797310e+00 6.370539e-04
-7.796867e+00 2.570166e-04
-5.804513e+00 1.197792e+00
-2.377588e+00 2.128036e+00
-5.517086e-01 1.500594e+00
7.397246e-01 6.495830e-01
2.094282e+00 3.812732e-01
3.225566e+00 8.672349e-03
4.187056e+00 -2.275555e-01
4.655291e+00 -5.991658e-02
4.981534e+00 -8.530610e-02
5.244915e+00 -4.848605e-02
5.464864e+00 -6.170720e-02
5.642361e+00 -2.920439e-02
5.778467e+00 -4.166363e-02
5.882266e+00 -2.299346e-02
5.972390e+00 -2.449489e-02
6.056055e+00 -1.787748e-02
6.132343e+00 -1.993026e-02
6.202734e+00 -1.578205e-02
6.269253e+00 -1.661644e-02
6.335023e+00 -1.768333e-02
6.397578e+00 -2.000101e-02
6.448905e+00 -7.686180e-03
6.490963e+00 -8.825763e-03
6.530085e+00 -7.088790e-03
6.565685e+00 -8.581324e-03
6.600167e+00 -1.085973e-02
6.635269e+00 -1.130771e-02
6.664814e+00 -3.271643e-03
6.687761e+00 -4.345341e-03
6.711650e+00 -8.901185e-03
6.737092e+00 -9.633865e-03
6.759795e+00 -6.879354e-03
6.779286e+00 -7.862497e-03
6.795499e+00 -5.287888e-03
6.811635e+00 -4.337558e-03
6.830024e+00 -5.504977e-03
6.848280e+00 -6.004950e-03
6.864248e+00 -3.573192e-03
6.876704e+00 -4.809719e-03
6.888112e+00 -6.493101e-03
6.903942e+00 -4.439634e-03
6.919883e+00 1.080480e-03
6.931187e+00 2.803028e-04
6.944626e+00 -5.506244e-03
6.960749e+00 -5.975500e-03
6.974360e+00 -3.083843e-03
6.986564e+00 -2.888177e-03
7.000708e+00 -5.582192e-03
7.019295e+00 -3.880240e-03
7.041109e+00 -4.543484e-03
7.061857e+00 -5.449382e-03
7.080433e+00 -4.163136e-03
7.095731e+00 -5.695445e-03
7.106921e+00 -3.167809e-03
7.119123e+00 -1.648584e-03
7.132841e+00 1.318057e-05
7.141169e+00 -2.580043e-03
7.144518e+00 -1.540335e-03
7.147746e+00 -1.239175e-03
7.151807e+00 -1.792955e-03
7.157241e+00 -1.166207e-03
7.164253e+00 -2.060154e-03
7.171537e+00 -2.218395e-03
7.178782e+00 -2.591637e-03
7.186841e+00 -2.236018e-03
7.195012e+00 -1.434997e-03
7.202229e+00 -1.720695e-03
7.208778e+00 -1.400474e-03
7.214740e+00 -1.638352e-03
7.220191e+00 -1.445270e-03
7.225491e+00 -1.467095e-03
7.230509e+00 -1.060032e-03
7.235239e+00 -1.094339e-03
7.240150e+00 -1.440609e-03
7.245153e+00 -1.520475e-03
7.249199e+00 -1.653043e-04
7.252033e+00 -3.968354e-04
7.254478e+00 -4.076406e-04
7.257046e+00 -3.284127e-04
7.259878e+00 -5.593118e-04
7.262989e+00 -4.743407e-04
7.266651e+00 -1.157727e-03
7.270953e+00 -1.018981e-03
7.275267e+00 -6.527721e-04
7.278512e+00 -1.163078e-03
7.280428e+00 -3.595889e-04
7.281430e+00 -6.197693e-04
7.281855e+00 -3.795547e-04
7.282634e+00 -8.051434e-05
7.284516e+00 -1.092485e-03
7.287125e+00 -1.020034e-03
7.289763e+00 -8.685685e-04
7.292395e+00 -8.180094e-04
7.295139e+00 -8.664699e-04
7.297670e+00 -1.014678e-03
7.299078e+00 4.523828e-04
7.299153e+00 1.828170e-04
7.299197e+00 -5.183792e-04
7.300195e+00 -1.990557e-04
7.301334e+00 4.516408e-04
7.301806e+00 2.842991e-04
7.301943e+00 3.779924e-04
7.301560e+00 9.879238e-05
7.300436e+00 5.600187e-04
7.299121e+00 6.107130e-04
7.298166e+00 1.496746e-04
7.297709e+00 2.834265e-04
7.297668e+00 -3.888195e-05
7.298150e+00 1.596565e-04
7.299233e+00 -2.924505e-04
7.301629e+00 3.340911e-04
7.305684e+00 -6.966898e-04
7.312275e+00 4.573963e-04
7.321203e+00 -2.400529e-04
7.327752e+00 -1.922094e-03
7.331075e+00 -1.207158e-03
7.334063e+00 -1.154789e-03
7.336161e+00 4.841392e-04
7.337031e+00 3.381692e-04
7.337826e+00 5.822158e-05
7.339349e+00 3.970892e-04
7.342102e+00 -7.207335e-04
7.346069e+00 -3.924806e-04
7.351084e+00 -1.228848e-03
7.355924e+00 -1.635231e-03
7.359859e+00 -1.253443e-03
7.364190e+00 -8.779151e-04
7.368414e+00 3.429081e-04
7.368999e+00 -1.406180e-03
7.366179e+00 -5.777926e-04
7.365118e+00 7.782548e-04
7.367772e+00 -1.660916e-03
7.372063e+00 -1.555489e-03
7.375908e+00 -5.192009e-04
7.378340e+00 -9.958467e-04
7.379590e+00 -3.459059e-04
7.380684e+00 -2.083500e-04
7.382224e+00 -5.542177e-04
7.383935e+00 -5.795757e-04
7.386099e+00 -1.392794e-03
7.389834e+00 -7.509469e-04
7.395058e+00 -1.462428e-03
7.400037e+00 -1.848606e-03
7.404179e+00 -1.543025e-03
7.408155e+00 -1.532764e-03
7.411490e+00 -4.337559e-04
7.414000e+00 -5.341179e-04
7.415735e+00 4.810802e-04
7.416507e+00 2.672831e-04
7.417271e+00 -3.129149e-04
7.418766e+00 -8.194701e-05
7.420955e+00 -6.003730e-04
7.423337e+00 -6.716608e-04
7.425741e+00 -9.076958e-04
7.428778e+00 -6.120767e-04
7.432212e+00 -4.533922e-04
7.435195e+00 -6.673246e-04
7.437923e+00 -8.358925e-04
7.440746e+00 -8.433988e-04
7.443610e+00 -9.038883e-04
7.446694e+00 -8.016462e-04
7.450075e+00 -1.008134e-03
7.453046e+00 -1.327195e-03
7.455262e+00 -9.838184e-04
7.457527e+00 -8.212727e-04
7.459883e+00 -5.282300e-04
7.460287e+00 -1.596867e-03
7.458692e+00 -1.225718e-03
7.457565e+00 -8.098936e-04
7.456766e+00 -2.010019e-04
7.456528e+00 3.554155e-04
7.456947e+00 8.025830e-04
7.456676e+00 5.483536e-04
7.456409e+00 -1.656346e-04
7.455901e+00 -5.677082e-04
7.454141e+00 4.068251e-04
7.452372e+00 7.521826e-04
7.451755e+00 -2.122753e-04
7.452417e+00 2.100489e-04
7.453830e+00 1.311827e-04
7.454962e+00 -6.715966e-05
7.456020e+00 -4.818117e-04
7.457193e+00 -5.650684e-04
7.458305e+00 -6.946120e-04
7.460174e+00 -2.905344e-04
7.462420e+00 2.004490e-04
7.463015e+00 -6.067918e-04
7.461177e+00 1.202964e-03
7.458506e+00 1.353612e-03
7.456606e+00 4.830353e-04
7.455341e+00 5.511769e-04
7.454635e+00 -1.926409e-04
7.454648e+00 -2.844528e-05
7.454961e+00 -7.500592e-05
7.455178e+00 -1.495766e-04
7.455168e+00 2.203093e-05
7.455134e+00 6.937172e-05
7.455403e+00 -3.040612e-04
7.456140e+00 -1.570378e-04
7.457323e+00 -4.935972e-04
7.458964e+00 -3.389798e-04
7.460970e+00 -5.183787e-04
7.463014e+00 -5.625723e-04
7.465116e+00 -7.577067e-04
7.467601e+00 -6.044152e-04
7.470391e+00 -7.015635e-04
7.473188e+00 -7.231575e-04
7.476256e+00 -1.245767e-03
7.479704e+00 -1.204720e-03
7.482942e+00 -7.379824e-04
7.486710e+00 -2.511422e-04
7.491639e+00 -8.396952e-04
7.496298e+00 -1.214540e-03
7.499977e+00 -6.200958e-04
7.503136e+00 -7.193650e-04
7.506081e+00 -6.399268e-04
7.508707e+00 -8.034369e-04
7.511046e+00 -7.783507e-04
7.513391e+00 -7.660367e-04
7.515661e+00 -6.065923e-04
7.517994e+00 -5.110855e-04
7.520539e+00 -6.005992e-04
7.522698e+00 -8.652966e-04
7.524344e+00 -7.440494e-04
7.526136e+00 -6.153030e-04
7.528048e+00 -4.403901e-04
7.529696e+00 -5.390376e-04
7.531143e+00 -4.900828e-04
7.532438e+00 -5.578090e-04
7.533349e+00 -1.076018e-04
7.534454e+00 1.718042e-04
7.536312e+00 -3.078568e-04
7.538382e+00 -3.532841e-04
7.540327e+00 -2.730859e-04
7.541996e+00 -4.110782e-04
7.543634e+00 -7.449820e-04
7.545776e+00 -5.625215e-04
7.547945e+00 -9.996314e-05
7.549615e+00 -2.326869e-04
7.551027e+00 -1.680715e-04
7.552035e+00 -3.868607e-04
7.552491e+00 -7.044381e-05
7.552795e+00 -4.738821e-05
7.553205e+00 -1.589400e-04
7.554061e+00 6.673347e-05
7.555170e+00 2.780346e-04
7.555530e+00 -9.302537e-05
7.555107e+00 1.707425e-04
7.554576e+00 2.015227e-04
7.554283e+00 -1.068826e-04
7.554193e+00 -9.749951e-05
7.553536e+00 8.768375e-04
7.551724e+00 5.329862e-04
7.549406e+00 4.246662e-04
7.547907e+00 8.787343e-04
7.547797e+00 -1.796047e-04
7.548267e+00 -2.115546e-04
7.548716e+00 -2.640068e-04
7.549657e+00 1.300462e-05
7.551421e+00 -5.917033e-04
7.553355e+00 -7.067092e-04
7.554810e+00 -2.255283e-04
7.556303e+00 -2.951967e-05
7.558302e+00 -3.305416e-04
7.559920e+00 -6.681683e-04
7.560555e+00 3.669234e-05
7.561008e+00 1.801187e-04
7.562106e+00 -4.805992e-04
7.563928e+00 -2.879160e-04
7.565968e+00 -1.145674e-04
7.567440e+00 -3.909140e-04
7.568362e+00 -2.572068e-04
7.569394e+00 -1.397056e-04
7.570512e+00 3.950129e-05
7.571160e+00 -1.785378e-04
7.571265e+00 1.241961e-04
7.571029e+00 2.862165e-05
7.570440e+00 3.524500e-04
7.569704e+00 3.801579e-04
7.569030e+00 3.522241e-04
7.567953e+00 9.984207e-05
7.566205e+00 5.190715e-04
7.564491e+00 6.896977e-04
7.563627e+00 -2.576574e-04
7.563631e+00 -7.745308e-05
7.563846e+00 6.830831e-05
7.563906e+00 2.732743e-05
7.563806e+00 1.818323e-04
7.563415e+00 6.361088e-05
7.562616e+00 4.037478e-04
7.561661e+00 4.340528e-04
7.560936e+00 1.416122e-04
7.560553e+00 2.380125e-04
7.560581e+00 -1.795008e-04
7.560928e+00 -1.381096e-04
7.561233e+00 4.660474e-05
7.561091e+00 -1.553565e-04
7.560503e+00 2.974618e-05
7.560092e+00 2.027684e-04
7.560218e+00 -2.132293e-04
7.560655e+00 -1.762183e-04
7.561210e+00 -2.714314e-04
7.561887e+00 -2.322288e-04
7.562826e+00 -5.608089e-04
7.564137e+00 -4.551782e-04
7.565661e+00 -5.165617e-04
7.567117e+00 -5.792965e-04
7.568115e+00 1.287248e-05
7.568833e+00 5.816295e-05
7.569705e+00 -7.163563e-05
7.570486e+00 -1.732222e-04
7.570487e+00 8.389754e-04
7.569147e+00 4.052692e-04
7.566933e+00 6.608312e-04
7.564653e+00 7.062068e-04
7.562561e+00 5.292797e-04
7.560662e+00 5.824363e-04
7.558938e+00 4.399067e-04
7.557493e+00 5.572395e-04
7.556420e+00 2.630570e-04
7.555401e+00 1.895791e-04
7.554464e+00 -1.517362e-04
7.553703e+00 -1.688407e-04
7.552393e+00 7.000240e-04
7.550436e+00 6.231940e-04
7.548632e+00 1.532242e-04
7.547304e+00 2.702820e-04
7.546205e+00 2.123182e-04
7.544997e+00 1.253629e-04
7.543258e+00 7.696041e-04
7.541111e+00 7.590520e-04
7.539251e+00 2.373954e-04
7.537930e+00 3.755672e-04
7.536738e+00 5.461106e-04
7.535234e+00 4.225834e-04
7.533447e+00 5.600922e-04
7.531631e+00 5.857609e-04
7.529881e+00 5.526912e-04
7.528171e+00 5.650052e-04
7.526555e+00 4.428101e-04
7.525254e+00 5.881921e-04
7.524354e+00 3.217513e-04
7.523641e+00 3.378277e-04
7.523094e+00 1.040809e-04
7.522627e+00 6.802737e-05
7.522048e+00 1.546850e-04
7.521875e+00 4.299167e-04
7.522533e+00 -1.922781e-04
7.523003e+00 -5.288781e-04
7.522736e+00 -2.326036e-04
7.522450e+00 -1.373704e-04
7.522202e+00 6.426711e-05
7.521795e+00 4.281589e-05
7.521179e+00 3.261889e-04
7.520195e+00 2.103868e-04
7.519090e+00 8.907774e-05
7.518438e+00 3.149841e-04
7.518896e+00 -9.019992e-04
7.520545e+00 -6.256604e-04
7.522538e+00 -4.323905e-04
7.524339e+00 -4.778869e-04
7.525679e+00 1.657823e-04
7.526396e+00 2.307148e-05
7.526767e+00 2.053223e-04
7.527131e+00 2.666891e-04
7.527864e+00 -1.799063e-04
7.529010e+00 -9.260833e-05
7.530254e+00 -1.393417e-05
7.531075e+00 -2.397717e-04
7.531527e+00 -2.500308e-04
7.531957e+00 -2.666559e-04
7.532241e+00 -6.901430e-05
7.532145e+00 -2.267087e-04
7.531549e+00 1.683866e-04
7.530411e+00 -1.287207e-05
7.528762e+00 3.198796e-04
7.527387e+00 6.057851e-04
7.526745e+00 1.937831e-04
7.526192e+00 9.508723e-05
7.525429e+00 1.703459e-04
7.524657e+00 1.910069e-04
7.523538e+00 8.257448e-04
7.522207e+00 9.261790e-04
7.521299e+00 4.970662e-04
7.520422e+00 3.609197e-04
7.519129e+00 6.767646e-04
7.517423e+00 5.417139e-04
7.515581e+00 3.934848e-04
7.513847e+00 4.052516e-04
7.512282e+00 1.559136e-04
7.511100e+00 2.960961e-04
7.510054e+00 4.568766e-04
7.508787e+00 3.816205e-04
7.507382e+00 4.025229e-04
7.505936e+00 3.852139e-04
7.504487e+00 3.422609e-04
7.502892e+00 2.420389e-04
7.500923e+00 5.668130e-04
7.498717e+00 5.467448e-04
7.496485e+00 5.482709e-04
7.494209e+00 5.142173e-04
7.491826e+00 6.069586e-04
7.489460e+00 6.509488e-04
7.487238e+00 5.352132e-04
7.485166e+00 5.844720e-04
7.483211e+00 5.267003e-04
7.481464e+00 6.314426e-04
7.480114e+00 2.604857e-04
7.478914e+00 2.173177e-04
7.477468e+00 5.078884e-04
7.475951e+00 5.689817e-04
7.474539e+00 5.602383e-04
7.473099e+00 5.392345e-04
7.471734e+00 3.543281e-04
7.470501e+00 3.675335e-04
7.469273e+00 3.973672e-04
7.467000e+00 -2.128436e-04
7.462377e+00 1.956057e-03
7.456048e+00 1.728254e-03
7.449488e+00 1.479836e-03
7.443582e+00 1.779505e-03
7.438879e+00 6.478805e-04
7.435045e+00 7.426242e-04
7.431391e+00 7.219097e-04
7.427592e+00 6.274295e-04
7.423378e+00 1.058062e-03
7.418754e+00 9.661810e-04
7.413758e+00 1.331251e-03
7.408581e+00 1.353622e-03
7.403836e+00 6.949421e-04
7.399901e+00 9.454768e-04
7.396338e+00 1.022063e-03
7.393093e+00 1.241538e-03
7.390781e+00 2.943748e-04
7.389318e+00 4.639051e-04
7.388211e+00 3.386661e-04
7.387341e+00 4.352688e-04
7.386461e+00 7.191922e-04
7.384387e+00 1.094514e-04
7.380612e+00 1.211585e-03
7.376456e+00 1.387385e-03
7.373096e+00 5.619995e-04
7.370547e+00 7.462082e-04
7.368196e+00 9.479810e-04
7.365138e+00 5.874539e-04
7.361093e+00 1.243662e-03
7.356638e+00 1.234221e-03
7.352350e+00 9.297790e-04
7.348262e+00 9.402470e-04
7.344325e+00 7.175193e-04
7.340577e+00 7.515901e-04
7.336623e+00 1.191914e-03
7.332305e+00 1.132119e-03
7.328156e+00 6.862839e-04
7.324712e+00 9.506372e-04
7.321736e+00 9.046444e-04
7.318541e+00 7.565267e-04
7.314994e+00 9.334579e-04
7.311349e+00 9.387265e-04
7.307815e+00 7.703466e-04
7.304660e+00 9.417246e-04
7.301653e+00 1.137416e-03
7.298335e+00 1.029618e-03
7.294824e+00 1.072621e-03
7.291367e+00 1.107833e-03
7.288158e+00 8.024389e-04
7.285081e+00 7.716526e-04
7.281863e+00 9.231134e-04
7.278480e+00 8.786437e-04
7.275104e+00 7.433335e-04
7.271646e+00 6.456366e-04
7.267692e+00 1.202836e-03
7.263378e+00 1.186964e-03
7.259113e+00 1.061157e-03
7.254988e+00 1.099811e-03
7.250994e+00 9.878795e-04
7.247236e+00 1.089408e-03
7.243698e+00 1.005030e-03
7.240009e+00 8.847571e-04
7.236061e+00 9.849056e-04
7.232339e+00 1.157172e-03
7.229229e+00 6.138433e-04
7.226284e+00 5.217872e-04
7.222921e+00 9.255774e-04
7.219498e+00 1.041107e-03
7.216391e+00 8.585288e-04
7.213689e+00 1.024360e-03
7.211390e+00 8.232945e-04
7.209145e+00 7.835461e-04
7.207136e+00 2.772791e-04
7.205139e+00 1.011784e-04
7.202409e+00 8.341608e-04
7.199204e+00 8.122686e-04
7.196434e+00 2.493416e-05
7.194255e+00 9.649550e-05
7.191645e+00 1.014961e-03
7.188618e+00 1.095416e-03
7.185892e+00 8.175764e-04
