-7.301456e-02 1.492837e-03
-7.231292e-02 1.459082e-03
-7.138049e-02 1.585378e-03
-7.049687e-02 2.017458e-03
-7.008447e-02 1.890376e-03
-6.959753e-02 1.413308e-03
-6.878955e-02 1.434121e-03
-6.806337e-02 1.628211e-03
-6.745604e-02 1.626809e-03
-6.677444e-02 1.500314e-03
-6.598526e-02 1.519305e-03
-6.518138e-02 1.546380e-03
-6.432023e-02 1.590500e-03
-6.347379e-02 1.737614e-03
-6.280124e-02 1.685748e-03
-6.217616e-02 1.620698e-03
-6.155879e-02 1.593132e-03
-6.085569e-02 1.373752e-03
-5.996449e-02 1.407594e-03
-5.900452e-02 1.387021e-03
-5.796572e-02 1.426905e-03
-5.658025e-02 9.601325e-04
-5.488163e-02 9.799147e-04
-5.322825e-02 1.110227e-03
-5.167110e-02 1.099424e-03
-5.030614e-02 1.389617e-03
-4.849182e-02 1.763675e-03
-4.534906e-02 5.893287e-04
-4.232298e-02 9.646485e-05
-4.085811e-02 1.329628e-03
-4.044832e-02 1.140621e-03
-4.153806e-02 3.115637e-03
-4.400841e-02 2.997655e-03
-4.579050e-02 1.521850e-03
-4.620524e-02 1.811190e-03
-4.613049e-02 1.798071e-03
-4.595708e-02 1.853105e-03
-4.546440e-02 1.474041e-03
-4.475403e-02 1.468130e-03
-4.401242e-02 1.399660e-03
-4.309487e-02 1.480546e-03
-4.216243e-02 1.680352e-03
-4.138997e-02 1.656324e-03
-4.046391e-02 1.333706e-03
-3.932603e-02 1.344611e-03
-3.850263e-02 1.898838e-03
-3.796333e-02 1.927989e-03
-3.685238e-02 1.056618e-03
-3.532002e-02 9.956512e-04
-3.416381e-02 1.454045e-03
-3.332929e-02 1.426145e-03
-3.257111e-02 1.474803e-03
-3.199770e-02 1.381397e-03
-3.160777e-02 1.427905e-03
-3.111116e-02 1.508681e-03
-3.050371e-02 1.548224e-03
-2.999860e-02 1.500659e-03
-2.951499e-02 1.404248e-03
-2.888532e-02 1.457596e-03
-2.825407e-02 1.603134e-03
-2.759020e-02 1.675114e-03
-2.679580e-02 1.657557e-03
-2.607486e-02 1.607163e-03
-2.539454e-02 1.534871e-03
-2.469173e-02 1.522329e-03
-2.397505e-02 1.464400e-03
-2.323283e-02 1.458867e-03
-2.248635e-02 1.436406e-03
-2.174630e-02 1.424457e-03
-2.101880e-02 1.413233e-03
-2.029078e-02 1.409509e-03
-1.957175e-02 1.413081e-03
-1.886331e-02 1.408010e-03
-1.816718e-02 1.414462e-03
-1.742908e-02 1.441988e-03
-1.664962e-02 1.449495e-03
-1.581912e-02 1.482416e-03
-1.502519e-02 1.634811e-03
-1.425258e-02 1.677287e-03
-1.343150e-02 1.714493e-03
-1.256555e-02 1.754803e-03
-1.165981e-02 1.800455e-03
-1.068189e-02 1.860197e-03
-9.694173e-03 2.009798e-03
-8.636264e-03 2.105776e-03
-7.520746e-03 2.276340e-03
-6.527321e-03 2.264514e-03
-5.476085e-03 2.135358e-03
-4.630714e-03 1.965354e-03
-3.748932e-03 1.433528e-03
-2.979582e-03 1.174514e-03
-2.437834e-03 8.331903e-04
-1.937051e-03 6.857515e-04
-1.610051e-03 5.659666e-04
-1.305935e-03 5.091165e-04
-1.066552e-03 4.591329e-04
-8.296061e-04 4.395625e-04
-6.114779e-04 4.165909e-04
-4.028291e-04 4.027991e-04
-2.057959e-04 3.836770e-04
-2.207938e-06 3.807829e-04
1.925445e-04 3.873467e-04
3.946079e-04 3.940965e-04
5.960577e-04 4.138640e-04
8.162658e-04 4.322362e-04
1.044810e-03 4.693693e-04
1.292124e-03 4.940016e-04
1.545199e-03 5.532418e-04
1.885153e-03 6.265401e-04
2.241459e-03 8.024168e-04
2.814579e-03 9.959829e-04
3.433391e-03 1.457407e-03
4.248722e-03 1.741463e-03
5.221047e-03 2.268740e-03
6.091908e-03 2.397730e-03
7.198407e-03 2.363345e-03
8.283622e-03 2.338193e-03
9.437118e-03 2.154577e-03
1.052876e-02 2.051351e-03
1.152521e-02 1.924715e-03
1.249607e-02 1.863742e-03
1.341095e-02 1.786192e-03
1.431786e-02 1.753018e-03
1.518532e-02 1.726677e-03
1.601795e-02 1.696782e-03
1.683792e-02 1.634865e-03
1.764640e-02 1.605679e-03
1.843498e-02 1.557793e-03
1.922178e-02 1.539484e-03
1.998210e-02 1.532763e-03
2.072441e-02 1.519536e-03
2.147528e-02 1.469630e-03
2.224032e-02 1.460167e-03
2.298046e-02 1.474277e-03
2.374855e-02 1.495719e-03
2.456526e-02 1.474254e-03
2.538370e-02 1.467965e-03
2.613281e-02 1.566013e-03
2.685021e-02 1.582299e-03
2.760475e-02 1.565664e-03
2.840845e-02 1.589172e-03
2.922795e-02 1.628136e-03
3.002415e-02 1.628185e-03
3.083304e-02 1.608384e-03
3.164181e-02 1.601179e-03
3.244226e-02 1.593811e-03
3.323149e-02 1.583994e-03
3.400936e-02 1.575662e-03
3.478517e-02 1.571860e-03
3.555404e-02 1.572877e-03
3.634486e-02 1.586414e-03
3.718930e-02 1.534670e-03
3.803355e-02 1.515923e-03
3.879385e-02 1.603739e-03
3.955784e-02 1.637576e-03
4.038744e-02 1.623441e-03
4.121928e-02 1.619696e-03
4.201677e-02 1.665365e-03
4.279372e-02 1.669031e-03
4.359422e-02 1.639939e-03
4.439991e-02 1.633039e-03
4.517674e-02 1.661967e-03
4.595179e-02 1.671314e-03
4.673677e-02 1.680717e-03
4.750630e-02 1.674833e-03
4.833874e-02 1.553679e-03
4.919115e-02 1.522035e-03
4.999470e-02 1.515574e-03
5.077661e-02 1.500269e-03
5.154004e-02 1.489676e-03
5.233750e-02 1.505875e-03
5.311249e-02 1.587169e-03
5.384006e-02 1.588394e-03
5.458631e-02 1.560695e-03
5.540319e-02 1.593103e-03
5.626428e-02 1.609436e-03
5.706803e-02 1.580910e-03
5.780496e-02 1.612999e-03
5.855296e-02 1.631186e-03
5.935397e-02 1.593349e-03
6.015421e-02 1.579255e-03
6.093497e-02 1.573741e-03
6.170600e-02 1.565490e-03
6.248999e-02 1.519803e-03
6.323079e-02 1.477867e-03
6.397080e-02 1.362704e-03
6.474637e-02 1.342564e-03
6.539618e-02 1.496159e-03
6.610624e-02 1.587610e-03
6.696960e-02 1.586138e-03
6.776252e-02 1.543340e-03
6.853417e-02 1.459903e-03
6.932781e-02 1.443045e-03
7.002491e-02 1.558280e-03
7.074823e-02 1.615500e-03
7.157952e-02 1.593247e-03
7.233059e-02 1.536677e-03
7.305564e-02 1.422985e-03
7.384700e-02 1.422259e-03
