-3.802896e-02 8.793628e-04
-3.764094e-02 8.556336e-04
-3.723360e-02 8.586732e-04
-3.681971e-02 8.561893e-04
-3.640363e-02 8.566076e-04
-3.598521e-02 8.538570e-04
-3.556568e-02 8.535243e-04
-3.514267e-02 8.467936e-04
-3.471557e-02 8.468250e-04
-3.428956e-02 8.493672e-04
-3.386688e-02 8.482820e-04
-3.344765e-02 8.503817e-04
-3.303069e-02 8.497729e-04
-3.260964e-02 8.412498e-04
-3.218210e-02 8.418462e-04
-3.175257e-02 8.401778e-04
-3.132358e-02 8.394790e-04
-3.089732e-02 8.420904e-04
-3.047435e-02 8.410568e-04
-3.005156e-02 8.384898e-04
-2.964454e-02 8.281111e-04
-2.933935e-02 9.689517e-04
-2.907419e-02 9.956545e-04
-2.870050e-02 8.889929e-04
-2.836744e-02 8.262045e-04
-2.827105e-02 1.046100e-03
-2.822418e-02 1.095575e-03
-2.795646e-02 8.650677e-04
-2.755216e-02 8.640049e-04
-2.719321e-02 9.373473e-04
-2.689457e-02 9.275253e-04
-2.664127e-02 9.752135e-04
-2.637372e-02 1.000927e-03
-2.597868e-02 8.597013e-04
-2.549542e-02 8.615850e-04
-2.501656e-02 8.741798e-04
-2.455459e-02 8.688099e-04
-2.410537e-02 8.751172e-04
-2.365993e-02 8.751110e-04
-2.321238e-02 8.715620e-04
-2.276211e-02 8.719170e-04
-2.230958e-02 8.691393e-04
-2.185751e-02 8.678578e-04
-2.141247e-02 8.759918e-04
-2.097590e-02 8.738313e-04
-2.053552e-02 8.614603e-04
-2.009556e-02 8.567495e-04
-1.965973e-02 8.505485e-04
-1.922236e-02 8.492413e-04
-1.878657e-02 8.488883e-04
-1.835451e-02 8.465266e-04
-1.792720e-02 8.472466e-04
-1.750349e-02 8.453499e-04
-1.707847e-02 8.379105e-04
-1.665208e-02 8.360556e-04
-1.622718e-02 8.333790e-04
-1.579870e-02 8.343325e-04
-1.537245e-02 8.406834e-04
-1.493548e-02 8.496199e-04
-1.449454e-02 8.678247e-04
-1.403914e-02 8.830575e-04
-1.357778e-02 9.154194e-04
-1.308689e-02 9.447777e-04
-1.258184e-02 1.002705e-03
-1.202584e-02 1.054131e-03
-1.145056e-02 1.164848e-03
-1.087461e-02 1.205127e-03
-1.024929e-02 1.234766e-03
-9.528534e-03 1.302696e-03
-8.791176e-03 1.464821e-03
-7.798079e-03 1.676746e-03
-6.734910e-03 2.147622e-03
-5.928806e-03 2.162774e-03
-5.030240e-03 2.050649e-03
-4.408010e-03 1.844403e-03
-3.574905e-03 9.196232e-04
-2.788732e-03 5.584717e-04
-2.515079e-03 4.100144e-04
-2.261210e-03 3.448497e-04
-2.087551e-03 2.975073e-04
-1.925653e-03 2.734048e-04
-1.788453e-03 2.476150e-04
-1.658143e-03 2.341947e-04
-1.540810e-03 2.185434e-04
-1.427710e-03 2.103677e-04
-1.322241e-03 2.003742e-04
-1.219325e-03 1.952444e-04
-1.121134e-03 1.888714e-04
-1.024894e-03 1.854058e-04
-9.318006e-04 1.811574e-04
-8.403278e-04 1.786547e-04
-7.513867e-04 1.757846e-04
-6.634353e-04 1.741575e-04
-5.763065e-04 1.710087e-04
-4.904518e-04 1.691106e-04
-4.061564e-04 1.664379e-04
-3.234379e-04 1.644851e-04
-2.422300e-04 1.615804e-04
-1.624771e-04 1.597247e-04
-8.347844e-05 1.557595e-04
-3.063054e-06 1.552056e-04
7.553650e-05 1.566439e-04
1.552489e-04 1.578294e-04
2.347130e-04 1.615356e-04
3.151495e-04 1.634535e-04
3.972498e-04 1.660075e-04
4.803260e-04 1.675125e-04
5.644859e-04 1.700156e-04
6.497307e-04 1.715213e-04
7.356647e-04 1.744254e-04
8.230816e-04 1.764073e-04
9.119232e-04 1.795371e-04
1.002342e-03 1.816102e-04
1.094100e-03 1.851344e-04
1.188310e-03 1.878736e-04
1.283854e-03 1.932557e-04
1.381726e-03 1.965901e-04
1.481095e-03 2.033563e-04
1.585351e-03 2.087248e-04
1.692227e-03 2.194368e-04
1.806904e-03 2.279779e-04
1.926065e-03 2.440661e-04
2.061520e-03 2.595635e-04
2.202892e-03 2.927331e-04
2.378486e-03 3.252761e-04
2.565518e-03 3.965919e-04
2.967260e-03 5.510877e-04
3.391130e-03 9.432668e-04
4.400735e-03 1.435901e-03
5.482122e-03 2.684400e-03
6.078003e-03 2.842685e-03
7.431750e-03 2.020845e-03
8.699893e-03 1.673515e-03
9.493793e-03 1.497690e-03
1.026737e-02 1.421828e-03
1.097837e-02 1.315500e-03
1.165556e-02 1.257315e-03
1.227715e-02 1.188361e-03
1.285786e-02 1.139005e-03
1.341769e-02 1.036710e-03
1.396310e-02 9.912131e-04
1.445588e-02 9.525297e-04
1.493642e-02 9.312535e-04
1.539945e-02 9.020168e-04
1.585757e-02 8.885408e-04
1.630329e-02 8.710939e-04
1.674813e-02 8.640545e-04
1.718606e-02 8.560265e-04
1.763092e-02 8.575253e-04
1.807087e-02 8.698726e-04
1.850900e-02 8.732300e-04
1.894703e-02 8.827337e-04
1.938364e-02 8.853086e-04
1.982684e-02 8.814848e-04
2.027533e-02 8.832822e-04
2.072467e-02 8.875382e-04
2.117914e-02 8.921573e-04
2.163568e-02 9.008769e-04
2.209407e-02 9.048807e-04
2.255583e-02 9.103786e-04
2.301965e-02 9.138384e-04
2.348681e-02 9.178962e-04
2.394754e-02 9.155043e-04
2.440646e-02 9.118892e-04
2.487228e-02 9.147350e-04
2.534078e-02 9.181954e-04
2.580826e-02 9.188316e-04
2.627197e-02 9.268738e-04
2.672827e-02 9.253221e-04
2.718918e-02 9.140127e-04
2.766008e-02 9.156819e-04
2.813090e-02 9.197515e-04
2.859783e-02 9.191313e-04
2.906088e-02 9.238909e-04
2.952000e-02 9.232525e-04
2.998010e-02 9.198501e-04
3.044578e-02 9.219698e-04
3.091310e-02 9.251073e-04
3.138353e-02 9.280972e-04
3.185392e-02 9.364545e-04
3.232075e-02 9.373218e-04
3.279565e-02 9.269675e-04
3.327429e-02 9.252314e-04
3.374588e-02 9.314467e-04
3.421412e-02 9.319187e-04
3.468070e-02 9.359919e-04
3.514488e-02 9.360226e-04
3.561349e-02 9.287363e-04
3.608995e-02 9.308219e-04
3.656547e-02 9.381836e-04
3.703445e-02 9.369138e-04
3.750174e-02 9.361947e-04
3.796769e-02 9.351269e-04
3.843772e-02 9.260666e-04
3.891722e-02 9.284942e-04
3.939389e-02 9.392501e-04
3.986147e-02 9.374043e-04
4.032648e-02 9.365594e-04
4.079187e-02 9.367425e-04
4.125840e-02 9.353564e-04
