-1.004180e-01 1.634091e-03
-9.952753e-02 1.768565e-03
-9.871879e-02 1.767955e-03
-9.787659e-02 1.710507e-03
-9.698915e-02 1.716952e-03
-9.610400e-02 1.738654e-03
-9.519560e-02 1.760413e-03
-9.427984e-02 1.808565e-03
-9.340823e-02 1.799415e-03
-9.250356e-02 1.720179e-03
-9.153861e-02 1.727828e-03
-9.059304e-02 1.780043e-03
-8.966676e-02 1.787251e-03
-8.874026e-02 1.806901e-03
-8.779719e-02 1.823410e-03
-8.683126e-02 1.831183e-03
-8.587871e-02 1.826448e-03
-8.495648e-02 1.863814e-03
-8.404943e-02 1.868167e-03
-8.314111e-02 1.878145e-03
-8.218549e-02 1.910112e-03
-8.117552e-02 1.908337e-03
-8.016857e-02 1.905890e-03
-7.917681e-02 1.924418e-03
-7.820470e-02 1.919306e-03
-7.725498e-02 1.942422e-03
-7.629275e-02 1.958252e-03
-7.531026e-02 1.968462e-03
-7.430463e-02 1.986027e-03
-7.327788e-02 2.001164e-03
-7.226658e-02 1.997357e-03
-7.127194e-02 2.013053e-03
-7.025898e-02 2.029702e-03
-6.923850e-02 2.063411e-03
-6.822085e-02 2.073276e-03
-6.718548e-02 2.071126e-03
-6.615599e-02 2.067391e-03
-6.514012e-02 2.079705e-03
-6.408561e-02 2.107315e-03
-6.300147e-02 2.134613e-03
-6.194924e-02 2.125299e-03
-6.091741e-02 2.133427e-03
-5.989335e-02 2.131696e-03
-5.885799e-02 2.108064e-03
-5.778306e-02 2.123288e-03
-5.667767e-02 2.114808e-03
-5.557989e-02 2.107185e-03
-5.451021e-02 2.132827e-03
-5.345223e-02 2.135046e-03
-5.239052e-02 2.136615e-03
-5.131926e-02 2.142909e-03
-5.022120e-02 2.114089e-03
-4.911247e-02 2.110125e-03
-4.804333e-02 2.165138e-03
-4.696837e-02 2.188430e-03
-4.586028e-02 2.197901e-03
-4.476873e-02 2.190792e-03
-4.367543e-02 2.168122e-03
-4.257835e-02 2.162818e-03
-4.150951e-02 2.195142e-03
-4.042682e-02 2.215093e-03
-3.930861e-02 2.211326e-03
-3.820874e-02 2.198968e-03
-3.711785e-02 2.179619e-03
-3.602951e-02 2.171124e-03
-3.496479e-02 2.186881e-03
-3.389202e-02 2.197385e-03
-3.278582e-02 2.170869e-03
-3.168886e-02 2.155782e-03
-3.060354e-02 2.134893e-03
-2.952369e-02 2.124092e-03
-2.846080e-02 2.120747e-03
-2.740368e-02 2.116080e-03
-2.634211e-02 2.095686e-03
-2.529465e-02 2.079879e-03
-2.426662e-02 2.068371e-03
-2.323202e-02 2.067607e-03
-2.219300e-02 2.058125e-03
-2.114843e-02 2.058604e-03
-2.010249e-02 2.057655e-03
-1.904714e-02 2.062962e-03
-1.800778e-02 2.104343e-03
-1.695796e-02 2.125520e-03
-1.589046e-02 2.154885e-03
-1.479857e-02 2.180092e-03
-1.368143e-02 2.208030e-03
-1.251992e-02 2.244711e-03
-1.136454e-02 2.356803e-03
-1.008357e-02 2.472505e-03
-8.751823e-03 2.711318e-03
-7.375563e-03 2.824052e-03
-5.932729e-03 3.024259e-03
-4.988056e-03 2.797257e-03
-3.781449e-03 1.729643e-03
-2.657518e-03 1.295762e-03
-2.055363e-03 9.605524e-04
-1.480165e-03 8.235089e-04
-1.083658e-03 7.408450e-04
-6.998587e-04 7.037650e-04
-3.558086e-04 6.667096e-04
-1.155342e-06 6.598304e-04
3.354335e-04 6.706149e-04
6.938659e-04 6.876035e-04
1.050819e-03 7.372468e-04
1.471873e-03 7.935800e-04
1.910333e-03 9.210209e-04
2.825526e-03 1.252930e-03
3.773611e-03 2.121646e-03
4.778840e-03 2.468104e-03
5.914099e-03 3.211832e-03
6.899694e-03 3.390485e-03
8.496903e-03 2.867586e-03
1.004870e-02 2.652051e-03
1.134440e-02 2.480185e-03
1.260715e-02 2.398533e-03
1.378378e-02 2.315277e-03
1.496623e-02 2.288796e-03
1.610862e-02 2.282012e-03
1.722747e-02 2.265443e-03
1.834471e-02 2.223765e-03
1.945697e-02 2.205759e-03
2.055762e-02 2.173381e-03
2.166726e-02 2.166527e-03
2.275398e-02 2.185687e-03
2.383156e-02 2.187687e-03
2.491539e-02 2.182825e-03
2.600710e-02 2.185796e-03
2.710553e-02 2.182835e-03
2.822552e-02 2.194700e-03
2.934267e-02 2.232380e-03
3.044692e-02 2.238214e-03
3.156235e-02 2.237500e-03
3.269349e-02 2.246676e-03
3.383650e-02 2.250688e-03
3.498674e-02 2.255858e-03
3.613083e-02 2.280482e-03
3.725395e-02 2.277379e-03
3.838319e-02 2.258565e-03
3.953229e-02 2.263706e-03
4.067591e-02 2.287100e-03
4.181052e-02 2.290113e-03
4.294639e-02 2.296390e-03
4.407325e-02 2.293251e-03
4.521934e-02 2.254205e-03
4.639527e-02 2.258070e-03
4.755281e-02 2.297785e-03
4.866571e-02 2.284674e-03
4.977173e-02 2.259736e-03
5.087395e-02 2.249107e-03
5.197552e-02 2.220678e-03
5.311207e-02 2.231430e-03
5.425729e-02 2.246853e-03
5.536376e-02 2.229157e-03
5.645603e-02 2.203662e-03
5.754631e-02 2.193286e-03
5.863592e-02 2.167221e-03
5.975384e-02 2.174831e-03
6.085541e-02 2.221592e-03
6.190787e-02 2.208345e-03
6.297273e-02 2.150858e-03
6.405351e-02 2.140316e-03
6.511836e-02 2.137610e-03
6.616364e-02 2.124906e-03
6.720032e-02 2.103977e-03
6.823396e-02 2.094621e-03
6.927298e-02 2.059682e-03
7.033064e-02 2.058285e-03
7.139722e-02 2.039550e-03
7.243980e-02 2.018413e-03
7.344997e-02 2.015251e-03
7.443997e-02 2.001463e-03
7.540493e-02 2.003375e-03
7.638204e-02 2.011906e-03
7.740445e-02 1.960146e-03
7.841910e-02 1.936859e-03
7.940131e-02 1.926226e-03
8.038604e-02 1.923901e-03
8.134731e-02 1.956522e-03
8.229043e-02 1.957374e-03
8.328253e-02 1.878107e-03
8.426943e-02 1.846438e-03
8.518296e-02 1.882168e-03
8.608925e-02 1.890176e-03
8.700904e-02 1.888473e-03
8.792384e-02 1.885375e-03
8.885783e-02 1.844781e-03
8.977879e-02 1.822345e-03
9.066177e-02 1.823313e-03
9.155759e-02 1.831366e-03
9.249764e-02 1.780039e-03
9.344298e-02 1.764735e-03
9.434535e-02 1.793841e-03
9.517869e-02 1.762907e-03
9.596413e-02 1.758175e-03
9.679598e-02 1.784324e-03
9.768386e-02 1.762255e-03
9.856217e-02 1.748095e-03
9.944906e-02 1.694482e-03
1.003368e-01 1.676188e-03
1.011654e-01 1.724126e-03
