-1.000000e-02 -1.181924e-03
-9.980000e-03 -1.120597e-03
-9.960000e-03 -1.218162e-03
-9.940000e-03 -1.126172e-03
-9.920000e-03 -1.181924e-03
-9.900000e-03 -1.134535e-03
-9.880000e-03 -1.229312e-03
-9.860000e-03 -1.145685e-03
-9.840000e-03 -1.201437e-03
-9.820000e-03 -1.126173e-03
-9.800000e-03 -1.181924e-03
-9.780000e-03 -1.287851e-03
-9.760000e-03 -1.229312e-03
-9.740000e-03 -1.159623e-03
-9.720000e-03 -1.251612e-03
-9.700000e-03 -1.031396e-03
-9.680000e-03 -9.728570e-04
-9.660000e-03 -1.167986e-03
-9.640000e-03 -1.156836e-03
-9.620000e-03 -1.134535e-03
-9.600000e-03 -1.081572e-03
-9.580000e-03 -1.145685e-03
-9.560000e-03 -1.101085e-03
-9.540000e-03 -1.131748e-03
-9.520000e-03 -1.181924e-03
-9.500000e-03 -1.056484e-03
-9.480000e-03 -1.145685e-03
-9.460000e-03 -1.184711e-03
-9.440000e-03 -1.101085e-03
-9.420000e-03 -1.142898e-03
-9.400000e-03 -1.123385e-03
-9.380000e-03 -1.073209e-03
-9.360000e-03 -9.951574e-04
-9.340000e-03 -1.190286e-03
-9.320000e-03 -1.034183e-03
-9.300000e-03 -1.115022e-03
-9.280000e-03 -1.064846e-03
-9.260000e-03 -1.123385e-03
-9.240000e-03 -1.056484e-03
-9.220000e-03 -1.070421e-03
-9.200000e-03 -9.394065e-04
-9.180000e-03 -1.167986e-03
-9.160000e-03 -1.070421e-03
-9.140000e-03 -1.075996e-03
-9.120000e-03 -1.089934e-03
-9.100000e-03 -1.056484e-03
-9.080000e-03 -1.034183e-03
-9.060000e-03 -1.028608e-03
-9.040000e-03 -1.042546e-03
-9.020000e-03 -1.048121e-03
-9.000000e-03 -1.084359e-03
-8.980000e-03 -1.073209e-03
-8.960000e-03 -1.095509e-03
-8.940000e-03 -1.112235e-03
-8.920000e-03 -1.084359e-03
-8.900000e-03 -1.075997e-03
-8.880000e-03 -9.728571e-04
-8.860000e-03 -1.023033e-03
-8.840000e-03 -1.075996e-03
-8.820000e-03 -1.006308e-03
-8.800000e-03 -1.092722e-03
-8.780000e-03 -9.923701e-04
-8.760000e-03 -1.042546e-03
-8.740000e-03 -9.784322e-04
-8.720000e-03 -1.142898e-03
-8.700000e-03 -9.728572e-04
-8.680000e-03 -1.087147e-03
-8.660000e-03 -1.009095e-03
-8.640000e-03 -1.059271e-03
-8.620000e-03 -8.836552e-04
-8.600000e-03 -9.366189e-04
-8.580000e-03 -1.045333e-03
-8.560000e-03 -1.020245e-03
-8.540000e-03 -9.394064e-04
-8.520000e-03 -9.282562e-04
-8.500000e-03 -9.310438e-04
-8.480000e-03 -1.042546e-03
-8.460000e-03 -1.036971e-03
-8.440000e-03 -1.036971e-03
-8.420000e-03 -1.031396e-03
-8.400000e-03 -9.700695e-04
-8.380000e-03 -9.254688e-04
-8.360000e-03 -1.003520e-03
-8.340000e-03 -1.006308e-03
-8.320000e-03 -9.254687e-04
-8.300000e-03 -8.808678e-04
-8.280000e-03 -9.226811e-04
-8.260000e-03 -1.000733e-03
-8.240000e-03 -9.143184e-04
-8.220000e-03 -1.000733e-03
-8.200000e-03 -8.975932e-04
-8.180000e-03 -9.533442e-04
-8.160000e-03 -1.000733e-03
-8.140000e-03 -1.081572e-03
-8.120000e-03 -9.366189e-04
-8.100000e-03 -9.867949e-04
-8.080000e-03 -9.979450e-04
-8.060000e-03 -1.006308e-03
-8.040000e-03 -9.728570e-04
-8.020000e-03 -8.362671e-04
-8.000000e-03 -9.923701e-04
-7.980000e-03 -9.951576e-04
-7.960000e-03 -8.334794e-04
-7.940000e-03 -9.143184e-04
-7.920000e-03 -8.920180e-04
-7.900000e-03 -9.672821e-04
-7.880000e-03 -8.306919e-04
-7.860000e-03 -9.533443e-04
-7.840000e-03 -9.505567e-04
-7.820000e-03 -9.672819e-04
-7.800000e-03 -8.585673e-04
-7.780000e-03 -8.223291e-04
-7.760000e-03 -8.418421e-04
-7.740000e-03 -8.780805e-04
-7.720000e-03 -8.390545e-04
-7.700000e-03 -8.920180e-04
-7.680000e-03 -9.254687e-04
-7.660000e-03 -9.059559e-04
-7.640000e-03 -8.948055e-04
-7.620000e-03 -8.474173e-04
-7.600000e-03 -8.948056e-04
-7.580000e-03 -8.836554e-04
-7.560000e-03 -9.059557e-04
-7.540000e-03 -8.752927e-04
-7.520000e-03 -8.195416e-04
-7.500000e-03 -8.446295e-04
-7.480000e-03 -7.944535e-04
-7.460000e-03 -8.390546e-04
-7.440000e-03 -9.254686e-04
-7.420000e-03 -8.557797e-04
-7.400000e-03 -8.697177e-04
-7.380000e-03 -8.780803e-04
-7.360000e-03 -8.362670e-04
-7.340000e-03 -8.195416e-04
-7.320000e-03 -8.195417e-04
-7.300000e-03 -8.446297e-04
-7.280000e-03 -7.554279e-04
-7.260000e-03 -7.944537e-04
-7.240000e-03 -7.777283e-04
-7.220000e-03 -8.028164e-04
-7.200000e-03 -7.916661e-04
-7.180000e-03 -7.582155e-04
-7.160000e-03 -8.279044e-04
-7.140000e-03 -7.777283e-04
-7.120000e-03 -8.083915e-04
-7.100000e-03 -7.693657e-04
-7.080000e-03 -8.056040e-04
-7.060000e-03 -8.056040e-04
-7.040000e-03 -7.944537e-04
-7.020000e-03 -8.056039e-04
-7.000000e-03 -7.721532e-04
-6.980000e-03 -7.219772e-04
-6.960000e-03 -8.083914e-04
-6.940000e-03 -7.833033e-04
-6.920000e-03 -7.554279e-04
-6.900000e-03 -7.610030e-04
-6.880000e-03 -8.167541e-04
-6.860000e-03 -8.083915e-04
-6.840000e-03 -7.247648e-04
-6.820000e-03 -7.860911e-04
-6.800000e-03 -8.000288e-04
-6.780000e-03 -8.167542e-04
-6.760000e-03 -7.944537e-04
-6.740000e-03 -7.777284e-04
-6.720000e-03 -7.470652e-04
-6.700000e-03 -7.749408e-04
-6.680000e-03 -8.195417e-04
-6.660000e-03 -7.331276e-04
-6.640000e-03 -7.721533e-04
-6.620000e-03 -7.387027e-04
-6.600000e-03 -7.247648e-04
-6.580000e-03 -7.275523e-04
-6.560000e-03 -7.610029e-04
-6.540000e-03 -7.721532e-04
-6.520000e-03 -7.275524e-04
-6.500000e-03 -6.968892e-04
-6.480000e-03 -7.498527e-04
-6.460000e-03 -7.331275e-04
-6.440000e-03 -7.387025e-04
-6.420000e-03 -7.610031e-04
-6.400000e-03 -7.526404e-04
-6.380000e-03 -7.414900e-04
-6.360000e-03 -7.916662e-04
-6.340000e-03 -7.665782e-04
-6.320000e-03 -7.665781e-04
-6.300000e-03 -7.777285e-04
-6.280000e-03 -7.442777e-04
-6.260000e-03 -7.916659e-04
-6.240000e-03 -8.251168e-04
-6.220000e-03 -8.334793e-04
-6.200000e-03 -8.083914e-04
-6.180000e-03 -9.059557e-04
-6.160000e-03 -9.505567e-04
-6.140000e-03 -9.672820e-04
-6.120000e-03 -1.017458e-03
-6.100000e-03 -9.505566e-04
-6.080000e-03 -9.477690e-04
-6.060000e-03 -1.014670e-03
-6.040000e-03 -1.014671e-03
-6.020000e-03 -9.756446e-04
-6.000000e-03 -9.533443e-04
-5.980000e-03 -9.254687e-04
-5.960000e-03 -9.644945e-04
-5.940000e-03 -9.366189e-04
-5.920000e-03 -9.198936e-04
-5.900000e-03 -9.617069e-04
-5.880000e-03 -9.171060e-04
-5.860000e-03 -8.780803e-04
-5.840000e-03 -8.697177e-04
-5.820000e-03 -8.669301e-04
-5.800000e-03 -8.836553e-04
-5.780000e-03 -8.697175e-04
-5.760000e-03 -9.254687e-04
-5.740000e-03 -8.641424e-04
-5.720000e-03 -8.864430e-04
-5.700000e-03 -8.669301e-04
-5.680000e-03 -8.251168e-04
-5.660000e-03 -8.474173e-04
-5.640000e-03 -8.167542e-04
-5.620000e-03 -8.083915e-04
-5.600000e-03 -8.056039e-04
-5.580000e-03 -8.111791e-04
-5.560000e-03 -8.000289e-04
-5.540000e-03 -7.554279e-04
-5.520000e-03 -7.582155e-04
-5.500000e-03 -7.387024e-04
-5.480000e-03 -7.554278e-04
-5.460000e-03 -7.331275e-04
-5.440000e-03 -7.582156e-04
-5.420000e-03 -7.637906e-04
-5.400000e-03 -7.331275e-04
-5.380000e-03 -7.136144e-04
-5.360000e-03 -6.857390e-04
-5.340000e-03 -7.191896e-04
-5.320000e-03 -7.080394e-04
-5.300000e-03 -7.303399e-04
-5.280000e-03 -7.498529e-04
-5.260000e-03 -6.996768e-04
-5.240000e-03 -7.359151e-04
-5.220000e-03 -7.387027e-04
-5.200000e-03 -6.411382e-04
-5.180000e-03 -6.745888e-04
-5.160000e-03 -6.495009e-04
-5.140000e-03 -7.052520e-04
-5.120000e-03 -7.693658e-04
-5.100000e-03 -7.136146e-04
-5.080000e-03 -7.219773e-04
-5.060000e-03 -8.111790e-04
-5.040000e-03 -7.888786e-04
-5.020000e-03 -7.972412e-04
-5.000000e-03 -8.418420e-04
-4.980000e-03 -8.083914e-04
-4.960000e-03 -8.808678e-04
-4.940000e-03 -9.254686e-04
-4.920000e-03 -1.925085e-02
-4.900000e-03 -2.432141e-02
-4.880000e-03 -2.323983e-02
-4.860000e-03 -2.011777e-02
-4.840000e-03 -2.129691e-02
-4.820000e-03 -1.598104e-02
-4.800000e-03 -1.570787e-02
-4.780000e-03 -1.768145e-02
-4.760000e-03 -1.656643e-02
-4.740000e-03 -1.922297e-02
-4.720000e-03 -2.580717e-02
-4.700000e-03 -1.461514e-02
-4.680000e-03 -7.883202e-03
-4.660000e-03 -2.092895e-02
-4.640000e-03 -2.658490e-02
-4.620000e-03 -1.516708e-02
-4.600000e-03 -3.236350e-02
-4.580000e-03 -1.592251e-02
-4.560000e-03 -2.453326e-02
-4.540000e-03 -1.524234e-02
-4.520000e-03 -1.930381e-02
-4.500000e-03 -2.122443e-02
-4.480000e-03 -1.750862e-02
-4.460000e-03 -1.773163e-02
-4.440000e-03 -1.423882e-02
-4.420000e-03 -1.757831e-02
-4.400000e-03 -1.743894e-02
-4.380000e-03 -1.708770e-02
-4.360000e-03 -1.628768e-02
-4.340000e-03 -1.642705e-02
-4.320000e-03 -1.354194e-02
-4.300000e-03 -1.401582e-02
-4.280000e-03 -1.590857e-02
-4.260000e-03 -1.300115e-02
-4.240000e-03 -1.276142e-02
-4.220000e-03 -1.559636e-02
-4.200000e-03 -1.832259e-02
-4.180000e-03 -1.716854e-02
-4.160000e-03 -1.719084e-02
-4.140000e-03 -1.712952e-02
-4.120000e-03 -1.560194e-02
-4.100000e-03 -1.567441e-02
-4.080000e-03 -1.274748e-02
-4.060000e-03 -1.928708e-02
-4.040000e-03 -1.678944e-02
-4.020000e-03 -1.768982e-02
-4.000000e-03 -1.904457e-02
-3.980000e-03 -1.679222e-02
-3.960000e-03 -1.590021e-02
-3.940000e-03 -1.477125e-02
-3.920000e-03 -1.438935e-02
-3.900000e-03 -1.378724e-02
-3.880000e-03 -1.428621e-02
-3.860000e-03 -2.064741e-02
-3.840000e-03 -1.485209e-02
-3.820000e-03 -1.553504e-02
-3.800000e-03 -1.801038e-02
-3.780000e-03 -1.285062e-02
-3.760000e-03 -1.659988e-02
-3.740000e-03 -1.391826e-02
-3.720000e-03 -1.634343e-02
-3.700000e-03 -1.188892e-02
-3.680000e-03 -9.664449e-03
-3.660000e-03 -1.286735e-02
-3.640000e-03 -1.115579e-02
-3.620000e-03 -9.042825e-03
-3.600000e-03 -1.250775e-02
-3.580000e-03 -1.449528e-02
-3.560000e-03 -2.454720e-02
-3.540000e-03 -1.126450e-02
-3.520000e-03 -2.358270e-02
-3.500000e-03 -9.539009e-03
-3.480000e-03 -1.180250e-02
-3.460000e-03 -8.331998e-03
-3.440000e-03 -1.344437e-02
-3.420000e-03 -7.420469e-03
-3.400000e-03 -1.001289e-02
-3.380000e-03 -2.163420e-02
-3.360000e-03 -1.057877e-02
-3.340000e-03 -1.340535e-02
-3.320000e-03 -7.465069e-03
-3.300000e-03 -1.490226e-02
-3.280000e-03 -7.952891e-03
-3.260000e-03 -1.549322e-02
-3.240000e-03 -1.235165e-02
-3.220000e-03 -4.738842e-03
-3.200000e-03 -2.013171e-02
-3.180000e-03 -1.140109e-02
-3.160000e-03 -1.373149e-02
-3.140000e-03 -1.652740e-02
-3.120000e-03 -1.555734e-02
-3.100000e-03 -9.427507e-03
-3.080000e-03 -1.847591e-02
-3.060000e-03 -1.106101e-02
-3.040000e-03 -4.044741e-03
-3.020000e-03 -1.392662e-02
-3.000000e-03 -1.432803e-02
-2.980000e-03 -1.154326e-02
-2.960000e-03 -7.180739e-03
-2.940000e-03 -8.616329e-03
-2.920000e-03 -1.288686e-02
-2.900000e-03 -5.502631e-03
-2.880000e-03 -4.858707e-03
-2.860000e-03 -9.210078e-03
-2.840000e-03 -1.304854e-02
-2.820000e-03 -1.193909e-02
-2.800000e-03 -9.795464e-03
-2.780000e-03 -5.073349e-03
-2.760000e-03 -6.291509e-03
-2.740000e-03 -1.506394e-02
-2.720000e-03 -5.602983e-03
-2.700000e-03 -5.318653e-03
-2.680000e-03 -1.098575e-02
-2.660000e-03 -9.525072e-03
-2.640000e-03 -5.056623e-03
-2.620000e-03 -6.361198e-03
-2.600000e-03 -4.719329e-03
-2.580000e-03 -6.678979e-03
-2.560000e-03 -9.968293e-03
-2.540000e-03 -5.282415e-03
-2.520000e-03 -6.021116e-03
-2.500000e-03 -3.292102e-03
-2.480000e-03 -7.150076e-03
-2.460000e-03 -6.506151e-03
-2.440000e-03 -4.780655e-03
-2.420000e-03 -5.823201e-03
-2.400000e-03 -5.062198e-03
-2.380000e-03 -9.062338e-03
-2.360000e-03 -5.600196e-03
-2.340000e-03 -6.113106e-03
-2.320000e-03 -4.638490e-03
-2.300000e-03 -4.992509e-03
-2.280000e-03 -6.623228e-03
-2.260000e-03 -4.579952e-03
-2.240000e-03 -5.226664e-03
-2.220000e-03 -7.295029e-03
-2.200000e-03 -8.705530e-03
-2.180000e-03 -7.899928e-03
-2.160000e-03 -8.418413e-03
-2.140000e-03 -5.285203e-03
-2.120000e-03 -8.376599e-03
-2.100000e-03 -5.293565e-03
-2.080000e-03 -5.706123e-03
-2.060000e-03 -6.336110e-03
-2.040000e-03 -5.329803e-03
-2.020000e-03 -1.128959e-02
-2.000000e-03 -8.783583e-03
-1.980000e-03 -6.676192e-03
-1.960000e-03 -3.448205e-03
-1.940000e-03 -1.320464e-02
-1.920000e-03 -4.426636e-03
-1.900000e-03 -7.108262e-03
-1.880000e-03 -5.892889e-03
-1.860000e-03 -2.968745e-03
-1.840000e-03 -8.295760e-03
-1.820000e-03 -8.343149e-03
-1.800000e-03 -4.995297e-03
-1.780000e-03 -4.295621e-03
-1.760000e-03 -3.632183e-03
-1.740000e-03 -1.332451e-02
-1.720000e-03 -6.924284e-03
-1.700000e-03 -7.827451e-03
-1.680000e-03 -3.897001e-03
-1.660000e-03 -6.536814e-03
-1.640000e-03 -6.723580e-03
-1.620000e-03 -9.226803e-03
-1.600000e-03 -4.028016e-03
-1.580000e-03 -2.188230e-03
-1.560000e-03 -9.987805e-03
-1.540000e-03 -5.363254e-03
-1.520000e-03 -3.668421e-03
-1.500000e-03 -2.419597e-03
-1.480000e-03 -7.537546e-03
-1.460000e-03 -4.061467e-03
-1.440000e-03 -3.860763e-03
-1.420000e-03 -3.612670e-03
-1.400000e-03 -2.879544e-03
-1.380000e-03 -5.424580e-03
-1.360000e-03 -4.694241e-03
-1.340000e-03 -4.206419e-03
-1.320000e-03 -2.263495e-03
-1.300000e-03 -3.428692e-03
-1.280000e-03 -3.239138e-03
-1.260000e-03 -4.906095e-03
-1.240000e-03 -3.264226e-03
-1.220000e-03 -2.673265e-03
-1.200000e-03 -8.764070e-03
-1.180000e-03 -2.801492e-03
-1.160000e-03 -3.453780e-03
-1.140000e-03 -2.717865e-03
-1.120000e-03 -3.133211e-03
-1.100000e-03 -2.140842e-03
-1.080000e-03 -4.206419e-03
-1.060000e-03 -2.374996e-03
-1.040000e-03 -1.831424e-03
-1.020000e-03 -6.804419e-03
-1.000000e-03 -2.444685e-03
-9.800000e-04 -2.564550e-03
-9.600000e-04 -3.049585e-03
-9.400000e-04 -1.903900e-03
-9.200000e-04 -1.558243e-03
-9.000000e-04 -1.477404e-03
-8.800000e-04 -1.048121e-03
-8.600000e-04 -1.173561e-03
-8.400000e-04 -1.661383e-03
-8.200000e-04 -1.399353e-03
-8.000000e-04 -1.951288e-03
-7.800000e-04 -1.881600e-03
-7.600000e-04 -2.051640e-03
-7.400000e-04 -1.981952e-03
-7.200000e-04 -1.789610e-03
-7.000000e-04 -2.207743e-03
-6.800000e-04 -1.410503e-03
-6.600000e-04 -1.399353e-03
-6.400000e-04 -1.126172e-03
-6.200000e-04 -1.480192e-03
-6.000000e-04 -1.276701e-03
-5.800000e-04 -2.466986e-03
-5.600000e-04 -4.100492e-03
-5.400000e-04 -2.255132e-03
-5.200000e-04 -2.291370e-03
-5.000000e-04 -1.848149e-03
-4.800000e-04 -2.765254e-03
-4.600000e-04 -2.943658e-03
-4.400000e-04 -2.751316e-03
-4.200000e-04 -1.438379e-03
-4.000000e-04 -1.990314e-03
-3.800000e-04 -1.190286e-03
-3.600000e-04 -1.092722e-03
-3.400000e-04 -8.669300e-04
-3.200000e-04 -8.920181e-04
-3.000000e-04 -1.273913e-03
-2.800000e-04 -7.526403e-04
-2.600000e-04 -1.290638e-03
-2.400000e-04 -7.442778e-04
-2.200000e-04 -5.825996e-04
-2.000000e-04 -4.292841e-04
-1.800000e-04 -3.568078e-04
-1.600000e-04 -3.902584e-04
-1.400000e-04 -4.181339e-04
-1.200000e-04 -2.118549e-04
-1.000000e-04 -2.620310e-04
-8.000000e-05 -1.644663e-04
-6.000000e-05 -1.477409e-04
-4.000000e-05 -7.247668e-05
-2.000000e-05 -4.460103e-05
0.000000e+00 -1.951295e-05
2.000000e-05 6.690155e-05
4.000000e-05 1.198653e-04
6.000000e-05 1.142901e-04
8.000000e-05 2.982694e-04
1.000000e-04 2.453057e-04
1.200000e-04 4.041969e-04
1.400000e-04 5.017616e-04
1.600000e-04 3.930466e-04
1.800000e-04 1.137326e-03
2.000000e-04 3.958342e-04
2.200000e-04 7.888808e-04
2.400000e-04 5.937513e-04
2.600000e-04 1.310155e-03
2.800000e-04 7.749430e-04
3.000000e-04 9.711875e-03
3.200000e-04 9.900000e+37
3.400000e-04 9.900000e+37
3.600000e-04 9.413606e-03
3.800000e-04 2.915793e-03
4.000000e-04 2.249565e-03
4.200000e-04 2.004259e-03
4.400000e-04 3.172249e-03
4.600000e-04 9.900000e+37
4.800000e-04 9.900000e+37
5.000000e-04 1.285067e-03
5.200000e-04 1.276705e-03
5.400000e-04 1.680902e-03
5.600000e-04 2.227264e-03
5.800000e-04 3.442642e-03
6.000000e-04 9.900000e+37
6.200000e-04 9.900000e+37
6.400000e-04 4.593906e-03
6.600000e-04 2.857254e-03
6.800000e-04 6.269233e-03
7.000000e-04 4.156259e-03
7.200000e-04 -1.435874e-02
7.400000e-04 6.963336e-03
7.600000e-04 3.406404e-03
7.800000e-04 9.900000e+37
8.000000e-04 9.900000e+37
8.200000e-04 4.546518e-03
8.400000e-04 2.787565e-03
8.600000e-04 3.913741e-03
8.800000e-04 5.828798e-03
9.000000e-04 3.325565e-03
9.200000e-04 1.726896e-02
9.400000e-04 5.611368e-03
9.600000e-04 9.900000e+37
9.800000e-04 4.582756e-03
1.000000e-03 1.298726e-02
1.020000e-03 7.788455e-02
1.040000e-03 5.720083e-03
1.060000e-03 3.423129e-02
1.080000e-03 4.005730e-03
1.100000e-03 7.774518e-03
1.120000e-03 5.552829e-03
1.140000e-03 9.767626e-03
1.160000e-03 1.980286e-02
1.180000e-03 4.276124e-03
1.200000e-03 7.824694e-02
1.220000e-03 1.268342e-03
1.240000e-03 8.438794e-02
1.260000e-03 2.751326e-03
1.280000e-03 1.123389e-02
1.300000e-03 4.317937e-03
1.320000e-03 6.823958e-03
1.340000e-03 9.900000e+37
1.360000e-03 2.695575e-03
1.380000e-03 9.900000e+37
1.400000e-03 5.909637e-03
1.420000e-03 5.948663e-03
1.440000e-03 2.330404e-03
1.460000e-03 2.243432e-02
1.480000e-03 9.900000e+37
1.500000e-03 4.178559e-03
1.520000e-03 9.900000e+37
1.540000e-03 1.128406e-02
1.560000e-03 4.069566e-02
1.580000e-03 1.035580e-02
1.600000e-03 2.120500e-02
1.620000e-03 9.900000e+37
1.640000e-03 3.743699e-03
1.660000e-03 9.900000e+37
1.680000e-03 3.367378e-03
1.700000e-03 7.646290e-03
1.720000e-03 7.286694e-03
1.740000e-03 2.400929e-02
1.760000e-03 9.900000e+37
1.780000e-03 5.951450e-03
1.800000e-03 4.527562e-02
1.820000e-03 6.782145e-03
1.840000e-03 1.047288e-02
1.860000e-03 9.229627e-03
1.880000e-03 9.399667e-03
1.900000e-03 1.996175e-02
1.920000e-03 9.731388e-03
1.940000e-03 9.900000e+37
1.960000e-03 8.161989e-03
1.980000e-03 3.587317e-02
2.000000e-03 2.308382e-02
2.020000e-03 4.391808e-02
2.040000e-03 1.830594e-02
2.060000e-03 5.600217e-03
2.080000e-03 9.632429e-02
2.100000e-03 5.990476e-03
2.120000e-03 1.867668e-02
2.140000e-03 6.977274e-03
2.160000e-03 6.662279e-03
2.180000e-03 5.366062e-03
2.200000e-03 5.154207e-03
2.220000e-03 4.128383e-03
2.240000e-03 3.905378e-03
2.260000e-03 3.364590e-03
2.280000e-03 2.631461e-03
2.300000e-03 2.575710e-03
2.320000e-03 2.522746e-03
2.340000e-03 2.375005e-03
2.360000e-03 1.653026e-03
2.380000e-03 1.460684e-03
2.400000e-03 1.438383e-03
2.420000e-03 1.365907e-03
2.440000e-03 1.262767e-03
2.460000e-03 1.290642e-03
2.480000e-03 1.273917e-03
2.500000e-03 1.195865e-03
2.520000e-03 1.234891e-03
2.540000e-03 1.204228e-03
2.560000e-03 1.187503e-03
2.580000e-03 1.229316e-03
2.600000e-03 1.140114e-03
2.620000e-03 1.237679e-03
2.640000e-03 1.176352e-03
2.660000e-03 1.218166e-03
2.680000e-03 1.243254e-03
2.700000e-03 1.368694e-03
2.720000e-03 1.312943e-03
2.740000e-03 1.273917e-03
2.760000e-03 1.382632e-03
2.780000e-03 1.226528e-03
2.800000e-03 1.424446e-03
2.820000e-03 1.371482e-03
2.840000e-03 1.449534e-03
2.860000e-03 1.747803e-03
2.880000e-03 1.463471e-03
2.900000e-03 1.561036e-03
2.920000e-03 1.463471e-03
2.940000e-03 1.488560e-03
2.960000e-03 1.541523e-03
2.980000e-03 1.725503e-03
3.000000e-03 1.602850e-03
3.020000e-03 1.600062e-03
3.040000e-03 1.692052e-03
3.060000e-03 1.580549e-03
3.080000e-03 1.616788e-03
3.100000e-03 1.524798e-03
3.120000e-03 1.611212e-03
3.140000e-03 1.825855e-03
3.160000e-03 1.756166e-03
3.180000e-03 1.820280e-03
3.200000e-03 1.700414e-03
3.220000e-03 1.758953e-03
3.240000e-03 1.669751e-03
3.260000e-03 1.694839e-03
3.280000e-03 1.742228e-03
3.300000e-03 1.772891e-03
3.320000e-03 2.126912e-03
3.340000e-03 1.828642e-03
3.360000e-03 1.903907e-03
3.380000e-03 1.742228e-03
3.400000e-03 1.895544e-03
3.420000e-03 1.700414e-03
3.440000e-03 2.126912e-03
3.460000e-03 2.168725e-03
3.480000e-03 1.970808e-03
3.500000e-03 2.037710e-03
3.520000e-03 1.951295e-03
3.540000e-03 2.001471e-03
3.560000e-03 2.076736e-03
3.580000e-03 2.104611e-03
3.600000e-03 2.101824e-03
3.620000e-03 2.436331e-03
3.640000e-03 2.034922e-03
3.660000e-03 1.962445e-03
3.680000e-03 2.522746e-03
3.700000e-03 1.962445e-03
3.720000e-03 2.235627e-03
3.740000e-03 2.388943e-03
3.760000e-03 2.132487e-03
3.780000e-03 2.405668e-03
3.800000e-03 2.051648e-03
3.820000e-03 2.333191e-03
3.840000e-03 2.101824e-03
3.860000e-03 2.266290e-03
3.880000e-03 2.313679e-03
3.900000e-03 2.531109e-03
3.920000e-03 2.497658e-03
3.940000e-03 2.235627e-03
3.960000e-03 2.408456e-03
