-5.300507e-02 1.727140e-04
-5.280824e-02 2.461763e-04
-5.270167e-02 2.180909e-04
-5.262831e-02 1.956777e-04
-5.251621e-02 2.103764e-04
-5.235440e-02 1.684972e-04
-5.213898e-02 1.860363e-04
-5.192055e-02 2.296485e-04
-5.176257e-02 2.091742e-04
-5.166171e-02 2.472376e-04
-5.160971e-02 2.317036e-04
-5.157850e-02 2.231695e-04
-5.151594e-02 2.388648e-04
-5.137509e-02 1.523858e-04
-5.116763e-02 1.610821e-04
-5.100044e-02 2.520447e-04
-5.090005e-02 2.448608e-04
-5.082159e-02 2.635385e-04
-5.076026e-02 2.598342e-04
-5.068028e-02 2.164855e-04
-5.054497e-02 2.343046e-04
-5.036675e-02 2.118271e-04
-5.018523e-02 2.050762e-04
-5.007279e-02 3.016457e-04
-5.003331e-02 2.932817e-04
-4.995837e-02 2.112460e-04
-4.985382e-02 1.993818e-04
-4.976237e-02 1.882514e-04
-4.962466e-02 2.119444e-04
-4.945013e-02 2.164724e-04
-4.930182e-02 2.023960e-04
-4.917756e-02 2.033088e-04
-4.906261e-02 1.980620e-04
-4.897394e-02 2.271445e-04
-4.888438e-02 2.381719e-04
-4.876244e-02 2.165467e-04
-4.862476e-02 2.182537e-04
-4.846701e-02 1.875396e-04
-4.831148e-02 1.751772e-04
-4.820607e-02 2.249630e-04
-4.813297e-02 2.228020e-04
-4.806046e-02 2.175264e-04
-4.796274e-02 2.313714e-04
-4.781936e-02 1.939533e-04
-4.765262e-02 1.944439e-04
-4.750811e-02 2.326960e-04
-4.740574e-02 2.212502e-04
-4.734519e-02 2.589284e-04
-4.729142e-02 2.684601e-04
-4.719054e-02 2.166760e-04
-4.701989e-02 2.397816e-04
-4.680325e-02 2.274591e-04
-4.661710e-02 2.047469e-04
-4.648205e-02 2.283416e-04
-4.639871e-02 2.057318e-04
-4.634426e-02 1.895278e-04
-4.624956e-02 2.079895e-04
-4.610662e-02 1.783438e-04
-4.592973e-02 1.875085e-04
-4.575473e-02 2.165527e-04
-4.562323e-02 2.013976e-04
-4.553719e-02 2.348752e-04
-4.547100e-02 2.350677e-04
-4.539605e-02 2.210580e-04
-4.528151e-02 2.397182e-04
-4.512073e-02 2.146900e-04
-4.496092e-02 2.050832e-04
-4.484119e-02 2.449820e-04
-4.475915e-02 2.367953e-04
-4.467805e-02 2.156671e-04
-4.458213e-02 2.169245e-04
-4.446654e-02 1.877669e-04
-4.431399e-02 1.993885e-04
-4.415097e-02 2.157326e-04
-4.402088e-02 2.019236e-04
-4.394296e-02 2.492998e-04
-4.387507e-02 2.602641e-04
-4.378274e-02 2.497291e-04
-4.367485e-02 2.546554e-04
-4.353151e-02 2.092646e-04
-4.335799e-02 2.116632e-04
-4.320734e-02 2.562595e-04
-4.309287e-02 2.506721e-04
-4.298353e-02 2.436865e-04
-4.288517e-02 2.345830e-04
-4.279942e-02 2.302688e-04
-4.269806e-02 2.380573e-04
-4.255942e-02 1.977540e-04
-4.241030e-02 1.894887e-04
-4.227146e-02 1.836568e-04
-4.213855e-02 1.780049e-04
-4.204747e-02 2.337058e-04
-4.197272e-02 2.439459e-04
-4.187352e-02 2.298745e-04
-4.175919e-02 2.339569e-04
-4.162531e-02 2.125028e-04
-4.147326e-02 2.151024e-04
-4.133481e-02 2.451797e-04
-4.123087e-02 2.359018e-04
-4.115280e-02 2.531317e-04
-4.107875e-02 2.569370e-04
-4.097525e-02 2.185828e-04
-4.084479e-02 2.208861e-04
-4.069928e-02 2.022772e-04
-4.054792e-02 1.990683e-04
-4.042481e-02 2.370776e-04
-4.034404e-02 2.254282e-04
-4.028108e-02 2.226991e-04
-4.017794e-02 2.457832e-04
-4.001498e-02 2.118345e-04
-3.983917e-02 2.074403e-04
-3.968171e-02 2.240753e-04
-3.955169e-02 2.134918e-04
-3.945894e-02 2.466465e-04
-3.938233e-02 2.482135e-04
-3.929436e-02 2.333510e-04
-3.918225e-02 2.431662e-04
-3.903244e-02 2.077915e-04
-3.887816e-02 1.977080e-04
-3.876316e-02 2.349644e-04
-3.868744e-02 2.248774e-04
-3.862090e-02 2.121697e-04
-3.853543e-02 2.189219e-04
-3.841778e-02 1.842001e-04
-3.826576e-02 1.922542e-04
-3.811413e-02 2.152158e-04
-3.798857e-02 2.078881e-04
-3.789441e-02 2.416601e-04
-3.782627e-02 2.381132e-04
-3.774181e-02 1.991841e-04
-3.762994e-02 2.017430e-04
-3.750938e-02 1.942862e-04
-3.736620e-02 2.046113e-04
-3.722326e-02 2.338292e-04
-3.711664e-02 2.231222e-04
-3.700592e-02 1.866555e-04
-3.687723e-02 1.842569e-04
-3.676254e-02 2.008455e-04
-3.664153e-02 2.106190e-04
-3.650379e-02 2.099276e-04
-3.638157e-02 2.003771e-04
-3.627529e-02 2.003636e-04
-3.617156e-02 1.988353e-04
-3.607973e-02 2.143800e-04
-3.599175e-02 2.176925e-04
-3.588558e-02 1.981391e-04
-3.575553e-02 2.054940e-04
-3.561016e-02 1.986592e-04
-3.547401e-02 1.906430e-04
-3.537020e-02 2.226534e-04
-3.529060e-02 2.189958e-04
-3.521083e-02 2.083718e-04
-3.513281e-02 2.041161e-04
-3.505034e-02 1.849274e-04
-3.492481e-02 2.037962e-04
-3.477575e-02 2.170355e-04
-3.464236e-02 2.124232e-04
-3.453851e-02 2.486627e-04
-3.446638e-02 2.427445e-04
-3.440034e-02 2.364773e-04
-3.430374e-02 2.525277e-04
-3.415245e-02 2.062249e-04
-3.398056e-02 2.018510e-04
-3.382791e-02 2.232569e-04
-3.371802e-02 2.052997e-04
-3.364297e-02 2.119864e-04
-3.356282e-02 2.174598e-04
-3.347006e-02 2.115256e-04
-3.336059e-02 2.188661e-04
-3.323085e-02 2.055000e-04
-3.311907e-02 1.905026e-04
-3.301975e-02 1.696306e-04
-3.290090e-02 1.738008e-04
-3.280366e-02 2.212456e-04
-3.272095e-02 2.296701e-04
-3.261876e-02 2.206912e-04
-3.250557e-02 2.240384e-04
-3.237451e-02 2.036442e-04
-3.225299e-02 1.905727e-04
-3.215568e-02 1.945402e-04
-3.205844e-02 1.959247e-04
-3.196706e-02 2.111200e-04
-3.187561e-02 2.166145e-04
-3.176413e-02 1.967338e-04
-3.162783e-02 2.045630e-04
-3.148411e-02 2.138776e-04
-3.135508e-02 2.077648e-04
-3.124833e-02 2.280542e-04
-3.116120e-02 2.241814e-04
-3.107282e-02 2.113736e-04
-3.096595e-02 2.178248e-04
-3.085374e-02 2.268269e-04
-3.074201e-02 2.297794e-04
-3.061082e-02 2.056352e-04
-3.048668e-02 1.926944e-04
-3.039830e-02 2.161800e-04
-3.033078e-02 2.121571e-04
-3.025281e-02 1.836756e-04
-3.013356e-02 1.981274e-04
-2.998852e-02 1.967146e-04
-2.984644e-02 1.945351e-04
-2.971939e-02 2.120083e-04
-2.960994e-02 2.076606e-04
-2.952367e-02 2.344835e-04
-2.946770e-02 2.253274e-04
-2.939622e-02 1.738695e-04
-2.926656e-02 1.908338e-04
-2.911381e-02 1.995258e-04
-2.897613e-02 1.936410e-04
-2.885876e-02 2.110558e-04
-2.876028e-02 2.060237e-04
-2.867526e-02 2.144191e-04
-2.858289e-02 2.218560e-04
-2.846728e-02 2.039115e-04
-2.833719e-02 2.061162e-04
-2.820358e-02 2.063780e-04
-2.807881e-02 2.011737e-04
-2.798549e-02 2.409118e-04
-2.791086e-02 2.439464e-04
-2.782269e-02 2.280425e-04
-2.771654e-02 2.331834e-04
-2.758546e-02 2.056314e-04
-2.745432e-02 1.952200e-04
-2.734552e-02 2.037836e-04
-2.723657e-02 2.074818e-04
-2.713327e-02 2.271134e-04
-2.704507e-02 2.251556e-04
-2.694694e-02 2.032551e-04
-2.683173e-02 2.055855e-04
-2.670555e-02 1.938447e-04
-2.657336e-02 1.932129e-04
-2.646209e-02 2.261916e-04
-2.636901e-02 2.271932e-04
-2.627480e-02 2.280888e-04
-2.618068e-02 2.283606e-04
-2.608243e-02 2.239830e-04
-2.597424e-02 2.283582e-04
-2.585061e-02 2.129340e-04
-2.571600e-02 2.140135e-04
-2.558825e-02 2.285391e-04
-2.548461e-02 2.186507e-04
-2.539293e-02 2.111519e-04
-2.529075e-02 2.153519e-04
-2.517651e-02 2.069642e-04
-2.505148e-02 2.104012e-04
-2.492381e-02 2.155417e-04
-2.480558e-02 2.117391e-04
-2.470528e-02 2.309740e-04
-2.461823e-02 2.299870e-04
-2.452900e-02 2.236543e-04
-2.442421e-02 2.306943e-04
-2.429964e-02 2.173819e-04
-2.416487e-02 2.186941e-04
-2.403339e-02 2.295132e-04
-2.392294e-02 2.207828e-04
-2.383067e-02 2.252101e-04
-2.374866e-02 2.206020e-04
-2.365847e-02 1.940306e-04
-2.353852e-02 2.024508e-04
-2.340782e-02 2.078449e-04
-2.327843e-02 2.083852e-04
-2.315610e-02 2.217890e-04
-2.305157e-02 2.165123e-04
-2.295817e-02 2.203874e-04
-2.285364e-02 2.284595e-04
-2.273163e-02 2.218186e-04
-2.260676e-02 2.211333e-04
-2.248066e-02 2.171889e-04
-2.235715e-02 2.142183e-04
-2.225029e-02 2.336439e-04
-2.215744e-02 2.322649e-04
-2.206267e-02 2.252543e-04
-2.196378e-02 2.251953e-04
-2.185093e-02 2.033438e-04
-2.172199e-02 2.051720e-04
-2.160112e-02 2.221657e-04
-2.149164e-02 2.213969e-04
-2.138144e-02 2.180536e-04
-2.127314e-02 2.151266e-04
-2.117194e-02 2.188286e-04
-2.107003e-02 2.211841e-04
-2.095742e-02 2.099632e-04
-2.082619e-02 2.170713e-04
-2.069444e-02 2.359153e-04
-2.058286e-02 2.306358e-04
-2.047782e-02 2.268647e-04
-2.037770e-02 2.225569e-04
-2.028435e-02 2.218654e-04
-2.018897e-02 2.228371e-04
-2.007824e-02 2.000546e-04
-1.994579e-02 2.048420e-04
-1.980832e-02 2.112991e-04
-1.968835e-02 2.031636e-04
-1.958837e-02 2.123827e-04
-1.949302e-02 2.129014e-04
-1.939793e-02 2.147691e-04
-1.928776e-02 2.239003e-04
-1.915726e-02 2.153662e-04
-1.902945e-02 2.112787e-04
-1.891768e-02 2.265923e-04
-1.882608e-02 2.200347e-04
-1.874245e-02 2.150868e-04
-1.864586e-02 2.210675e-04
-1.852958e-02 2.049682e-04
-1.840053e-02 2.068128e-04
-1.827141e-02 2.118262e-04
-1.815306e-02 2.071868e-04
-1.805107e-02 2.214758e-04
-1.796448e-02 2.174022e-04
-1.787966e-02 2.106813e-04
-1.777365e-02 2.209778e-04
-1.765010e-02 2.186483e-04
-1.752668e-02 2.177346e-04
-1.740335e-02 2.153445e-04
-1.728974e-02 2.080627e-04
-1.719298e-02 2.160018e-04
-1.709363e-02 2.209914e-04
-1.698475e-02 2.189961e-04
-1.686846e-02 2.227104e-04
-1.674353e-02 2.186446e-04
-1.662076e-02 2.158812e-04
-1.651569e-02 2.376024e-04
-1.642151e-02 2.389140e-04
-1.632429e-02 2.375022e-04
-1.622305e-02 2.394031e-04
-1.611157e-02 2.276623e-04
-1.599349e-02 2.273704e-04
-1.586937e-02 2.181031e-04
-1.574483e-02 2.150362e-04
-1.563216e-02 2.246940e-04
-1.553073e-02 2.213839e-04
-1.543628e-02 2.239084e-04
-1.533258e-02 2.297731e-04
-1.521767e-02 2.272857e-04
-1.509534e-02 2.314629e-04
-1.496498e-02 2.297140e-04
-1.484288e-02 2.241357e-04
-1.473599e-02 2.339178e-04
-1.463893e-02 2.315533e-04
-1.454185e-02 2.249588e-04
-1.443366e-02 2.292332e-04
-1.430964e-02 2.147941e-04
-1.417103e-02 2.183179e-04
-1.403878e-02 2.386178e-04
-1.392334e-02 2.358634e-04
-1.381814e-02 2.471365e-04
-1.371567e-02 2.495157e-04
-1.360156e-02 2.347971e-04
-1.347408e-02 2.375737e-04
-1.333884e-02 2.322653e-04
-1.319764e-02 2.332750e-04
-1.307298e-02 2.637041e-04
-1.296527e-02 2.651463e-04
-1.285441e-02 2.639118e-04
-1.273844e-02 2.665285e-04
-1.260838e-02 2.503907e-04
-1.246425e-02 2.529901e-04
-1.231808e-02 2.567939e-04
-1.218091e-02 2.527696e-04
-1.206606e-02 2.786473e-04
-1.196839e-02 2.776916e-04
-1.185076e-02 2.419221e-04
-1.171147e-02 2.419916e-04
-1.157246e-02 2.444352e-04
-1.142795e-02 2.486694e-04
-1.128455e-02 2.603741e-04
-1.115002e-02 2.592203e-04
-1.102574e-02 2.732331e-04
-1.090331e-02 2.764177e-04
-1.077212e-02 2.705673e-04
-1.063153e-02 2.748494e-04
-1.048202e-02 2.719065e-04
-1.033580e-02 2.688741e-04
-1.019575e-02 2.707172e-04
-1.005002e-02 2.747839e-04
-9.913797e-03 3.018306e-04
-9.791816e-03 3.030600e-04
-9.663739e-03 2.963499e-04
-9.514590e-03 3.065516e-04
-9.344665e-03 3.003345e-04
-9.162693e-03 3.053067e-04
-8.982254e-03 3.240519e-04
-8.821488e-03 3.190102e-04
-8.678129e-03 3.317208e-04
-8.539947e-03 3.331616e-04
-8.393464e-03 3.232271e-04
-8.222193e-03 3.336698e-04
-8.031085e-03 3.296174e-04
-7.827538e-03 3.364940e-04
-7.634223e-03 3.725370e-04
-7.467313e-03 3.697277e-04
-7.312036e-03 3.812548e-04
-7.144812e-03 3.925713e-04
-6.946465e-03 3.722675e-04
-6.739999e-03 3.698036e-04
-6.521327e-03 3.427145e-04
-6.336484e-03 3.126746e-04
-6.196701e-03 3.042271e-04
-6.074021e-03 2.909333e-04
-5.960969e-03 2.721598e-04
-5.833297e-03 2.741249e-04
-5.682439e-03 2.386230e-04
-5.530882e-03 2.262948e-04
-5.405476e-03 2.359058e-04
-5.303634e-03 2.245734e-04
-5.214481e-03 2.142470e-04
-5.126039e-03 2.107336e-04
-5.033834e-03 1.947536e-04
-4.935663e-03 1.925615e-04
-4.829675e-03 1.735115e-04
-4.723802e-03 1.665682e-04
-4.630306e-03 1.678721e-04
-4.551323e-03 1.596484e-04
-4.484763e-03 1.574798e-04
-4.417702e-03 1.569967e-04
-4.346279e-03 1.484164e-04
-4.264249e-03 1.516733e-04
-4.173717e-03 1.476473e-04
-4.087653e-03 1.435363e-04
-4.013337e-03 1.506207e-04
-3.949908e-03 1.465958e-04
-3.892756e-03 1.459349e-04
-3.832160e-03 1.473902e-04
-3.761170e-03 1.340589e-04
-3.685787e-03 1.322907e-04
-3.608886e-03 1.248718e-04
-3.533456e-03 1.213132e-04
-3.469162e-03 1.299378e-04
-3.414593e-03 1.272251e-04
-3.363524e-03 1.255167e-04
-3.307336e-03 1.279660e-04
-3.241399e-03 1.185691e-04
-3.168711e-03 1.192218e-04
-3.094384e-03 1.183108e-04
-3.025597e-03 1.146639e-04
-2.968808e-03 1.254538e-04
-2.919833e-03 1.246283e-04
-2.871393e-03 1.223299e-04
-2.817400e-03 1.248545e-04
-2.752155e-03 1.129782e-04
-2.681983e-03 1.113633e-04
-2.615448e-03 1.130397e-04
-2.558116e-03 1.084233e-04
-2.512054e-03 1.143380e-04
-2.468161e-03 1.151734e-04
-2.417399e-03 1.060866e-04
-2.360141e-03 1.066982e-04
-2.299049e-03 1.020277e-04
-2.237173e-03 1.008121e-04
-2.180742e-03 1.064841e-04
-2.131938e-03 1.039633e-04
-2.088271e-03 1.055060e-04
-2.043878e-03 1.064971e-04
-1.993338e-03 9.903772e-05
-1.937847e-03 9.931087e-05
-1.881167e-03 9.881665e-05
-1.828171e-03 9.643205e-05
-1.780590e-03 9.810470e-05
-1.735473e-03 9.721907e-05
-1.691495e-03 9.666737e-05
-1.646127e-03 9.704696e-05
-1.596591e-03 9.115265e-05
-1.544106e-03 9.105882e-05
-1.491919e-03 9.129379e-05
-1.443108e-03 8.935604e-05
-1.399331e-03 9.234132e-05
-1.359025e-03 9.133909e-05
-1.319281e-03 8.949399e-05
-1.276589e-03 9.059353e-05
-1.230121e-03 8.737136e-05
-1.181896e-03 8.726154e-05
-1.134010e-03 8.752155e-05
-1.088979e-03 8.590490e-05
-1.047425e-03 8.786725e-05
-1.008133e-03 8.720539e-05
-9.685585e-04 8.423439e-05
-9.269022e-04 8.442342e-05
-8.826863e-04 8.064923e-05
-8.366696e-04 8.015318e-05
-7.932973e-04 8.321227e-05
-7.537050e-04 8.226494e-05
-7.158626e-04 8.254420e-05
-6.781187e-04 8.258591e-05
-6.389476e-04 8.033250e-05
-5.983228e-04 8.039019e-05
-5.564020e-04 7.839871e-05
-5.149962e-04 7.737146e-05
-4.757603e-04 7.812645e-05
-4.384109e-04 7.726878e-05
-4.019630e-04 7.638860e-05
-3.649954e-04 7.638234e-05
-3.267654e-04 7.482905e-05
-2.881455e-04 7.450349e-05
-2.499642e-04 7.375684e-05
-2.130058e-04 7.275079e-05
-1.773307e-04 7.210551e-05
-1.421047e-04 7.141041e-05
-1.070109e-04 6.970436e-05
-7.258655e-05 6.889130e-05
-3.847667e-05 6.713087e-05
-4.094130e-06 6.666925e-05
2.930682e-05 6.699107e-05
6.387385e-05 6.781608e-05
9.855458e-05 6.989254e-05
1.339895e-04 7.109369e-05
1.702482e-04 7.305457e-05
2.060510e-04 7.348905e-05
2.418492e-04 7.470076e-05
2.774663e-04 7.502959e-05
3.142658e-04 7.454040e-05
3.527408e-04 7.537253e-05
3.920466e-04 7.572737e-05
4.321019e-04 7.609503e-05
4.715561e-04 7.812099e-05
5.093686e-04 7.807303e-05
5.463306e-04 7.935203e-05
5.838287e-04 8.013473e-05
6.228884e-04 7.971096e-05
6.642038e-04 8.090933e-05
7.075578e-04 8.084577e-05
7.504024e-04 8.051768e-05
7.908557e-04 8.357844e-05
8.292877e-04 8.347209e-05
8.671234e-04 8.416745e-05
9.062691e-04 8.520317e-05
9.490278e-04 8.269065e-05
9.952489e-04 8.387350e-05
1.041846e-03 8.589339e-05
1.085373e-03 8.476609e-05
1.125785e-03 8.686008e-05
1.165375e-03 8.688447e-05
1.205272e-03 8.641379e-05
1.250024e-03 8.939305e-05
1.299568e-03 8.969354e-05
1.348982e-03 8.972412e-05
1.396321e-03 9.325487e-05
1.439844e-03 9.224348e-05
1.480000e-03 9.503071e-05
1.520340e-03 9.614637e-05
1.565524e-03 9.119599e-05
1.618504e-03 9.408071e-05
1.674072e-03 9.778098e-05
1.725383e-03 9.656662e-05
1.773688e-03 9.894524e-05
1.819070e-03 9.803852e-05
1.861579e-03 9.960023e-05
1.905881e-03 1.012429e-04
1.955235e-03 9.732787e-05
2.010003e-03 9.890597e-05
2.067087e-03 9.945466e-05
2.123597e-03 9.956936e-05
2.175072e-03 1.082450e-04
2.220993e-03 1.080490e-04
2.268804e-03 1.043699e-04
2.319762e-03 1.049281e-04
2.371925e-03 1.044755e-04
2.430979e-03 1.084404e-04
2.495276e-03 1.107229e-04
2.556008e-03 1.094106e-04
2.611574e-03 1.152329e-04
2.660922e-03 1.135817e-04
2.706983e-03 1.136558e-04
2.759046e-03 1.173045e-04
2.820722e-03 1.113111e-04
2.890094e-03 1.134669e-04
2.959001e-03 1.202825e-04
3.020755e-03 1.187498e-04
3.076002e-03 1.253047e-04
3.126338e-03 1.247285e-04
3.176147e-03 1.240080e-04
3.234755e-03 1.290198e-04
3.307732e-03 1.190536e-04
3.387074e-03 1.192697e-04
3.459208e-03 1.318325e-04
3.520142e-03 1.296554e-04
3.572728e-03 1.374797e-04
3.623409e-03 1.391619e-04
3.685285e-03 1.261729e-04
3.761150e-03 1.299094e-04
3.841333e-03 1.320697e-04
3.920709e-03 1.323589e-04
3.991857e-03 1.469895e-04
4.052439e-03 1.454933e-04
4.109979e-03 1.463201e-04
4.178946e-03 1.538746e-04
4.263874e-03 1.483117e-04
4.353657e-03 1.492125e-04
4.439204e-03 1.587415e-04
4.515328e-03 1.565360e-04
4.581891e-03 1.662980e-04
4.646517e-03 1.686600e-04
4.717965e-03 1.638791e-04
4.807014e-03 1.726987e-04
4.909762e-03 1.743976e-04
5.019632e-03 1.792773e-04
5.124576e-03 2.025306e-04
5.217884e-03 2.039326e-04
5.302017e-03 2.217588e-04
5.392115e-03 2.311449e-04
5.499546e-03 2.281160e-04
5.629165e-03 2.409540e-04
5.770655e-03 2.568203e-04
5.913489e-03 2.633501e-04
6.048723e-03 2.940598e-04
6.169254e-03 2.963335e-04
6.294977e-03 2.940163e-04
6.452306e-03 3.121149e-04
6.629157e-03 3.298573e-04
6.835319e-03 3.538192e-04
7.055286e-03 3.972997e-04
7.247411e-03 3.963099e-04
7.437651e-03 3.997400e-04
7.608193e-03 3.890661e-04
7.773499e-03 3.651549e-04
7.948710e-03 3.625453e-04
8.134742e-03 3.370938e-04
8.330615e-03 3.329460e-04
8.515080e-03 3.406258e-04
8.675002e-03 3.295770e-04
8.820360e-03 3.231357e-04
8.966654e-03 3.213722e-04
9.115480e-03 3.122824e-04
9.277532e-03 3.169258e-04
9.455856e-03 3.027796e-04
9.634067e-03 2.976073e-04
9.797397e-03 3.079800e-04
9.936890e-03 2.974427e-04
1.006190e-02 2.922901e-04
1.018949e-02 2.919780e-04
1.032648e-02 2.775795e-04
1.047789e-02 2.810593e-04
1.063663e-02 2.762844e-04
1.079240e-02 2.727779e-04
1.093137e-02 2.912456e-04
1.105315e-02 2.867708e-04
1.117636e-02 2.718818e-04
1.131091e-02 2.741083e-04
1.145806e-02 2.593419e-04
1.160736e-02 2.552984e-04
1.174886e-02 2.570455e-04
1.188046e-02 2.517432e-04
1.199982e-02 2.573677e-04
1.211369e-02 2.561075e-04
1.222982e-02 2.488437e-04
1.236143e-02 2.554876e-04
1.250603e-02 2.523267e-04
1.264839e-02 2.498458e-04
1.278397e-02 2.561396e-04
1.291501e-02 2.556886e-04
1.303470e-02 2.715260e-04
1.314824e-02 2.727855e-04
1.327398e-02 2.558261e-04
1.340441e-02 2.532772e-04
1.353597e-02 2.443453e-04
1.366981e-02 2.424852e-04
1.379733e-02 2.478093e-04
1.391557e-02 2.441689e-04
1.403014e-02 2.401759e-04
1.414132e-02 2.367059e-04
1.425087e-02 2.297946e-04
1.437742e-02 2.374833e-04
1.451549e-02 2.396599e-04
1.464837e-02 2.373382e-04
1.477013e-02 2.513005e-04
1.487250e-02 2.446355e-04
1.496615e-02 2.388566e-04
1.506951e-02 2.426411e-04
1.518809e-02 2.275992e-04
1.531770e-02 2.282004e-04
1.545184e-02 2.224519e-04
1.558903e-02 2.228112e-04
1.570916e-02 2.521225e-04
1.580369e-02 2.473616e-04
1.589692e-02 2.363205e-04
1.600177e-02 2.392949e-04
1.612185e-02 2.222517e-04
1.625478e-02 2.238012e-04
1.637866e-02 2.431288e-04
1.647969e-02 2.364147e-04
1.657290e-02 2.307747e-04
1.666920e-02 2.305836e-04
1.677188e-02 2.211211e-04
1.689089e-02 2.275226e-04
1.702110e-02 2.248359e-04
1.714888e-02 2.223979e-04
1.726796e-02 2.302260e-04
1.737380e-02 2.244670e-04
1.747784e-02 2.115158e-04
1.758539e-02 2.095785e-04
1.768957e-02 2.098309e-04
1.780580e-02 2.171504e-04
1.793236e-02 2.203094e-04
1.805418e-02 2.186168e-04
1.816531e-02 2.316746e-04
1.826257e-02 2.280711e-04
1.836122e-02 2.157549e-04
1.846346e-02 2.134534e-04
1.856858e-02 2.037977e-04
1.868957e-02 2.098906e-04
1.881691e-02 2.146128e-04
1.893811e-02 2.126060e-04
1.904162e-02 2.367376e-04
1.913430e-02 2.382533e-04
1.923498e-02 2.289734e-04
1.934201e-02 2.301022e-04
1.946038e-02 2.143959e-04
1.958853e-02 2.145835e-04
1.971035e-02 2.256208e-04
1.983579e-02 2.317767e-04
1.995110e-02 2.656415e-04
2.002911e-02 2.555102e-04
2.011518e-02 2.140523e-04
2.023764e-02 2.208922e-04
2.037423e-02 2.163733e-04
2.050466e-02 2.110438e-04
2.061810e-02 2.262042e-04
2.071813e-02 2.236011e-04
2.081120e-02 2.263638e-04
2.091302e-02 2.326291e-04
2.102765e-02 2.285386e-04
2.115485e-02 2.339908e-04
2.130148e-02 2.168797e-04
2.143037e-02 2.006926e-04
2.151956e-02 2.217289e-04
2.160850e-02 2.291645e-04
2.170658e-02 2.345848e-04
2.180890e-02 2.390802e-04
2.193459e-02 2.127430e-04
2.207430e-02 2.116392e-04
2.219838e-02 2.345265e-04
2.230095e-02 2.298998e-04
2.239801e-02 2.262188e-04
2.249830e-02 2.268180e-04
2.260094e-02 2.263014e-04
2.272962e-02 2.418046e-04
2.287698e-02 2.519274e-04
2.300477e-02 2.431078e-04
2.311663e-02 2.452380e-04
2.321677e-02 2.396576e-04
2.331117e-02 2.337306e-04
2.341289e-02 2.359765e-04
2.352361e-02 2.272469e-04
2.364201e-02 2.286990e-04
2.376779e-02 2.204952e-04
2.388931e-02 2.149913e-04
2.400047e-02 2.169580e-04
2.410791e-02 2.154426e-04
2.420544e-02 2.276934e-04
2.431525e-02 2.394700e-04
2.444093e-02 2.476284e-04
2.456215e-02 2.478903e-04
2.468714e-02 2.404112e-04
2.480552e-02 2.337377e-04
2.491391e-02 2.319518e-04
2.501355e-02 2.254552e-04
2.510533e-02 2.204441e-04
2.521168e-02 2.279951e-04
2.533177e-02 2.261132e-04
2.545334e-02 2.263259e-04
2.557890e-02 2.203045e-04
2.570252e-02 2.169729e-04
2.580967e-02 2.350966e-04
2.589311e-02 2.274385e-04
2.597179e-02 2.141284e-04
2.608065e-02 2.274050e-04
2.621628e-02 2.197522e-04
2.634889e-02 2.151832e-04
2.646609e-02 2.298605e-04
2.656840e-02 2.261948e-04
2.665837e-02 2.350133e-04
2.675016e-02 2.392781e-04
2.685863e-02 2.231287e-04
2.698327e-02 2.264452e-04
2.712982e-02 1.993146e-04
2.727171e-02 1.873316e-04
2.737599e-02 2.165639e-04
2.745927e-02 2.145348e-04
2.754325e-02 2.077622e-04
2.764491e-02 2.159138e-04
2.776958e-02 2.003076e-04
2.790613e-02 2.017924e-04
2.802915e-02 2.283665e-04
2.812984e-02 2.245739e-04
2.821756e-02 2.374738e-04
2.830274e-02 2.405268e-04
2.839611e-02 2.336307e-04
2.850595e-02 2.410919e-04
2.863497e-02 2.296353e-04
2.877292e-02 2.302436e-04
2.889453e-02 2.592174e-04
2.898695e-02 2.527897e-04
2.907459e-02 2.429063e-04
2.916765e-02 2.425845e-04
2.929197e-02 1.897830e-04
2.943189e-02 1.800702e-04
2.954889e-02 1.912056e-04
2.966903e-02 1.971023e-04
2.978413e-02 2.217964e-04
2.987677e-02 2.172504e-04
2.996095e-02 2.186912e-04
3.006381e-02 2.303976e-04
3.018658e-02 2.315039e-04
3.030913e-02 2.317888e-04
3.043037e-02 2.329957e-04
3.054665e-02 2.304337e-04
3.064410e-02 2.549375e-04
3.072036e-02 2.503588e-04
3.081260e-02 2.108287e-04
3.092296e-02 2.081518e-04
3.105465e-02 1.653243e-04
3.121733e-02 1.684391e-04
3.113042e-02 5.914188e-04
2.989084e-02 5.350715e-05
2.239056e-02 8.956463e-03
1.021975e-02 9.371206e-03
4.389274e-03 -5.257837e-06
4.305365e-03 5.376558e-05
4.324686e-03 4.594900e-05
4.347604e-03 4.528308e-05
4.362932e-03 5.651555e-05
4.371172e-03 5.626994e-05
4.383714e-03 4.801683e-05
4.402586e-03 4.874694e-05
4.426108e-03 4.300345e-05
4.454089e-03 4.373819e-05
4.482053e-03 4.580117e-05
4.507248e-03 4.488709e-05
4.529017e-03 4.804223e-05
4.547844e-03 4.741802e-05
4.567394e-03 4.448825e-05
4.592373e-03 4.668341e-05
4.621654e-03 4.562207e-05
4.652069e-03 4.591750e-05
4.680003e-03 5.085439e-05
4.702849e-03 4.958789e-05
4.722571e-03 5.167285e-05
4.743409e-03 5.308419e-05
4.769462e-03 4.789017e-05
4.800593e-03 4.908959e-05
4.832252e-03 5.154427e-05
4.862062e-03 5.116483e-05
4.889074e-03 5.478943e-05
4.911936e-03 5.374676e-05
4.934267e-03 5.173964e-05
4.960738e-03 5.349550e-05
4.989079e-03 5.525606e-05
5.020219e-03 5.756801e-05
5.056265e-03 5.582863e-05
5.091430e-03 5.467266e-05
5.120918e-03 6.089434e-05
5.146296e-03 6.067816e-05
5.171706e-03 6.002902e-05
5.201658e-03 6.251683e-05
5.238269e-03 5.877609e-05
5.281342e-03 6.134023e-05
5.324815e-03 6.731803e-05
5.361723e-03 6.550245e-05
5.393692e-03 6.874481e-05
5.424389e-03 6.895829e-05
5.454057e-03 7.122610e-05
5.495582e-03 7.933877e-05
5.534668e-03 1.058705e-04
5.557869e-03 1.059289e-04
5.592017e-03 8.791681e-05
5.630360e-03 8.392965e-05
5.659989e-03 8.734675e-05
5.703149e-03 9.668629e-05
5.762706e-03 9.534564e-05
5.836985e-03 1.036814e-04
5.917711e-03 1.169221e-04
5.994068e-03 1.191347e-04
6.062860e-03 1.370545e-04
6.127650e-03 1.410749e-04
6.195936e-03 1.463957e-04
6.281618e-03 1.583287e-04
6.388247e-03 1.565637e-04
6.529858e-03 1.772899e-04
6.670565e-03 2.362244e-04
7.484925e-03 6.610697e-04
9.012857e-03 6.537347e-04
9.842393e-03 2.326875e-04
9.973037e-03 2.261788e-04
1.009998e-02 2.216154e-04
1.023605e-02 1.938259e-04
1.036304e-02 1.783547e-04
1.046783e-02 1.723218e-04
1.056205e-02 1.638088e-04
1.064588e-02 1.586474e-04
1.073496e-02 1.599633e-04
1.082775e-02 1.561673e-04
1.093011e-02 1.605791e-04
1.103538e-02 1.679608e-04
1.113378e-02 1.659893e-04
1.122876e-02 1.663227e-04
1.131650e-02 1.625420e-04
1.140381e-02 1.527568e-04
1.149238e-02 1.499701e-04
1.152814e-02 2.298985e-04
1.151191e-02 2.275949e-04
1.153808e-02 1.508352e-04
1.160385e-02 1.468640e-04
1.166872e-02 1.373542e-04
1.173878e-02 1.370296e-04
1.181189e-02 1.310603e-04
1.189364e-02 1.340785e-04
1.197930e-02 1.369441e-04
1.206205e-02 1.362759e-04
1.214290e-02 1.365119e-04
1.221820e-02 1.328800e-04
1.228814e-02 1.318164e-04
1.235884e-02 1.322557e-04
1.243419e-02 1.257760e-04
1.251340e-02 1.257530e-04
1.259241e-02 1.260111e-04
1.266753e-02 1.237666e-04
1.273606e-02 1.284627e-04
1.280130e-02 1.281763e-04
1.286822e-02 1.245685e-04
1.293981e-02 1.260595e-04
1.301549e-02 1.234013e-04
1.309121e-02 1.224699e-04
1.316412e-02 1.254837e-04
1.323233e-02 1.237576e-04
1.329656e-02 1.246233e-04
1.336254e-02 1.259866e-04
1.343354e-02 1.213443e-04
1.350937e-02 1.222278e-04
1.358659e-02 1.224435e-04
1.366127e-02 1.213125e-04
1.373030e-02 1.275651e-04
1.379385e-02 1.265453e-04
1.385972e-02 1.198884e-04
1.392912e-02 1.196061e-04
1.400050e-02 1.155437e-04
1.407454e-02 1.156689e-04
1.412525e-02 1.547287e-04
1.414038e-02 1.475009e-04
1.416531e-02 1.111801e-04
1.421150e-02 1.108069e-04
1.426324e-02 1.013148e-04
1.432221e-02 1.022467e-04
1.438337e-02 1.003710e-04
1.444404e-02 9.940966e-05
1.450085e-02 1.032272e-04
1.455303e-02 1.015245e-04
1.460394e-02 9.892153e-05
1.465680e-02 9.942271e-05
1.471232e-02 9.637933e-05
1.477084e-02 9.707722e-05
1.482994e-02 9.805383e-05
1.488442e-02 9.563693e-05
1.493356e-02 9.780198e-05
