-3.634011e-02 3.538202e-04
-3.623634e-02 3.379980e-04
-3.611692e-02 3.419452e-04
-3.598332e-02 3.299252e-04
-3.583821e-02 3.322745e-04
-3.568666e-02 3.274608e-04
-3.552986e-02 3.291145e-04
-3.537057e-02 3.295685e-04
-3.521664e-02 3.263046e-04
-3.506779e-02 3.263143e-04
-3.491700e-02 3.276954e-04
-3.476304e-02 3.256418e-04
-3.460385e-02 3.280440e-04
-3.443782e-02 3.239475e-04
-3.427044e-02 3.230653e-04
-3.410799e-02 3.282185e-04
-3.395143e-02 3.267605e-04
-3.379690e-02 3.267168e-04
-3.364271e-02 3.262691e-04
-3.348526e-02 3.189719e-04
-3.332021e-02 3.211283e-04
-3.315114e-02 3.210237e-04
-3.298449e-02 3.193234e-04
-3.282418e-02 3.245840e-04
-3.266957e-02 3.232833e-04
-3.251576e-02 3.210192e-04
-3.235890e-02 3.218144e-04
-3.219638e-02 3.152018e-04
-3.202808e-02 3.165116e-04
-3.186024e-02 3.203230e-04
-3.169579e-02 3.196609e-04
-3.153805e-02 3.296032e-04
-3.138626e-02 3.293797e-04
-3.123045e-02 3.214213e-04
-3.106796e-02 3.227846e-04
-3.090163e-02 3.207602e-04
-3.073384e-02 3.206871e-04
-3.056847e-02 3.239131e-04
-3.040646e-02 3.232781e-04
-3.024621e-02 3.250726e-04
-3.008888e-02 3.237524e-04
-2.993109e-02 3.187280e-04
-2.976872e-02 3.198901e-04
-2.960253e-02 3.167605e-04
-2.943544e-02 3.161757e-04
-2.927068e-02 3.190340e-04
-2.910830e-02 3.184227e-04
-2.895073e-02 3.241454e-04
-2.879534e-02 3.251153e-04
-2.863541e-02 3.208536e-04
-2.847270e-02 3.207679e-04
-2.830787e-02 3.163887e-04
-2.813722e-02 3.185228e-04
-2.796695e-02 3.257039e-04
-2.780577e-02 3.226221e-04
-2.764940e-02 3.214760e-04
-2.749110e-02 3.224410e-04
-2.732982e-02 3.201596e-04
-2.716326e-02 3.222832e-04
-2.699299e-02 3.226135e-04
-2.682576e-02 3.211361e-04
-2.666291e-02 3.237285e-04
-2.650376e-02 3.224432e-04
-2.634769e-02 3.246144e-04
-2.618933e-02 3.265438e-04
-2.602374e-02 3.192360e-04
-2.585358e-02 3.195695e-04
-2.568419e-02 3.223781e-04
-2.551806e-02 3.212104e-04
-2.535621e-02 3.244754e-04
-2.519836e-02 3.234665e-04
-2.504107e-02 3.222244e-04
-2.487811e-02 3.249664e-04
-2.470792e-02 3.199243e-04
-2.453611e-02 3.192914e-04
-2.436822e-02 3.240359e-04
-2.420543e-02 3.224591e-04
-2.404599e-02 3.242538e-04
-2.388706e-02 3.248105e-04
-2.372489e-02 3.203500e-04
-2.355863e-02 3.211987e-04
-2.338986e-02 3.199962e-04
-2.322235e-02 3.186023e-04
-2.305820e-02 3.197488e-04
-2.289921e-02 3.172797e-04
-2.274362e-02 3.166835e-04
-2.258625e-02 3.173240e-04
-2.242579e-02 3.133767e-04
-2.226248e-02 3.138843e-04
-2.209876e-02 3.152003e-04
-2.193584e-02 3.149803e-04
-2.177508e-02 3.173617e-04
-2.161847e-02 3.159350e-04
-2.146346e-02 3.146175e-04
-2.130523e-02 3.160679e-04
-2.114313e-02 3.142309e-04
-2.097720e-02 3.156527e-04
-2.080995e-02 3.167962e-04
-2.064778e-02 3.143696e-04
-2.049056e-02 3.164872e-04
-2.033714e-02 3.147604e-04
-2.018359e-02 3.091656e-04
-2.002876e-02 3.081323e-04
-1.987231e-02 3.031222e-04
-1.970875e-02 3.053754e-04
-1.954533e-02 3.113011e-04
-1.938706e-02 3.105519e-04
-1.923107e-02 3.122635e-04
-1.907764e-02 3.111385e-04
-1.892359e-02 3.075839e-04
-1.876538e-02 3.090133e-04
-1.860406e-02 3.072418e-04
-1.844279e-02 3.065852e-04
-1.828399e-02 3.094765e-04
-1.812631e-02 3.096360e-04
-1.797128e-02 3.139020e-04
-1.781805e-02 3.145690e-04
-1.766261e-02 3.133413e-04
-1.750243e-02 3.155305e-04
-1.733826e-02 3.143512e-04
-1.717245e-02 3.151185e-04
-1.700725e-02 3.188593e-04
-1.684324e-02 3.192736e-04
-1.668186e-02 3.241853e-04
-1.651990e-02 3.265165e-04
-1.635563e-02 3.291321e-04
-1.618556e-02 3.333261e-04
-1.600971e-02 3.359882e-04
-1.583042e-02 3.392439e-04
-1.565088e-02 3.472261e-04
-1.547285e-02 3.492008e-04
-1.529504e-02 3.557247e-04
-1.511490e-02 3.592270e-04
-1.493035e-02 3.609171e-04
-1.474013e-02 3.651763e-04
-1.454550e-02 3.703571e-04
-1.434561e-02 3.751316e-04
-1.414687e-02 3.896031e-04
-1.394311e-02 3.980846e-04
-1.373518e-02 4.154780e-04
-1.351052e-02 4.315087e-04
-1.327629e-02 4.592694e-04
-1.303497e-02 4.738156e-04
-1.277669e-02 4.859358e-04
-1.251542e-02 4.920987e-04
-1.225181e-02 5.062689e-04
-1.198164e-02 5.149781e-04
-1.170929e-02 5.345682e-04
-1.142789e-02 5.474036e-04
-1.113112e-02 5.584751e-04
-1.076794e-02 6.019446e-04
-1.040061e-02 7.146092e-04
-9.941363e-03 8.107630e-04
-9.454575e-03 1.033750e-03
-8.553014e-03 1.362288e-03
-7.550224e-03 2.103188e-03
-7.155491e-03 2.006078e-03
-6.232747e-03 8.575411e-04
-5.346219e-03 4.215684e-04
-5.128247e-03 3.258512e-04
-4.930264e-03 2.796222e-04
-4.792566e-03 2.509948e-04
-4.663417e-03 2.355461e-04
-4.545260e-03 2.113682e-04
-4.427974e-03 2.019940e-04
-4.318785e-03 1.890890e-04
-4.214039e-03 1.819095e-04
-4.117343e-03 1.757170e-04
-4.026899e-03 1.696161e-04
-3.943303e-03 1.637657e-04
-3.861161e-03 1.609005e-04
-3.778692e-03 1.526873e-04
-3.696338e-03 1.495568e-04
-3.615666e-03 1.433915e-04
-3.536714e-03 1.402387e-04
-3.462318e-03 1.390777e-04
-3.391832e-03 1.362210e-04
-3.324365e-03 1.335763e-04
-3.257430e-03 1.323960e-04
-3.189948e-03 1.279567e-04
-3.120767e-03 1.273767e-04
-3.050983e-03 1.249951e-04
-2.983346e-03 1.227655e-04
-2.919897e-03 1.233235e-04
-2.859079e-03 1.220291e-04
-2.799217e-03 1.202562e-04
-2.739720e-03 1.193162e-04
-2.678962e-03 1.143819e-04
-2.616838e-03 1.135052e-04
-2.555422e-03 1.124619e-04
-2.496164e-03 1.107156e-04
-2.439531e-03 1.100319e-04
-2.385254e-03 1.084464e-04
-2.332342e-03 1.063195e-04
-2.278488e-03 1.061183e-04
-2.223002e-03 1.030346e-04
-2.166974e-03 1.021802e-04
-2.112144e-03 1.016148e-04
-2.059446e-03 1.001999e-04
-2.009163e-03 1.004844e-04
-1.960341e-03 9.964186e-05
-1.911690e-03 9.739852e-05
-1.862294e-03 9.710468e-05
-1.811800e-03 9.463564e-05
-1.761031e-03 9.384743e-05
-1.711183e-03 9.301888e-05
-1.663380e-03 9.155667e-05
-1.617942e-03 9.143884e-05
-1.573260e-03 9.088191e-05
-1.528322e-03 8.908146e-05
-1.483069e-03 8.868308e-05
-1.437104e-03 8.622195e-05
-1.390877e-03 8.549154e-05
-1.345857e-03 8.563445e-05
-1.302495e-03 8.463318e-05
-1.260489e-03 8.395130e-05
-1.219102e-03 8.339148e-05
-1.177913e-03 8.232366e-05
-1.136181e-03 8.220877e-05
-1.093866e-03 8.076331e-05
-1.052150e-03 7.993821e-05
-1.011321e-03 7.927354e-05
-9.714624e-04 7.839831e-05
-9.327776e-04 7.777639e-05
-8.945500e-04 7.733145e-05
-8.560334e-04 7.561601e-05
-8.170527e-04 7.522474e-05
-7.780871e-04 7.430714e-05
-7.397017e-04 7.367972e-05
-7.023663e-04 7.354450e-05
-6.660612e-04 7.287745e-05
-6.305057e-04 7.241171e-05
-5.947378e-04 7.232189e-05
-5.584618e-04 7.108957e-05
-5.224630e-04 7.052836e-05
-4.862380e-04 6.872242e-05
-4.498610e-04 6.811665e-05
-4.147893e-04 6.848146e-05
-3.807966e-04 6.801146e-05
-3.471335e-04 6.725612e-05
-3.137048e-04 6.679806e-05
-2.803967e-04 6.585340e-05
-2.474680e-04 6.533039e-05
-2.148410e-04 6.425631e-05
-1.827675e-04 6.353704e-05
-1.512903e-04 6.265228e-05
-1.205789e-04 6.183136e-05
-9.026670e-05 6.010045e-05
-6.105324e-05 5.886630e-05
-3.228068e-05 5.625602e-05
-2.407028e-06 5.594691e-05
2.630171e-05 5.690027e-05
5.576347e-05 5.774233e-05
8.517418e-05 6.026105e-05
1.150826e-04 6.142608e-05
1.461433e-04 6.262457e-05
1.774360e-04 6.323740e-05
2.091348e-04 6.438378e-05
2.411597e-04 6.494858e-05
2.735639e-04 6.576143e-05
3.063128e-04 6.630533e-05
3.396721e-04 6.679801e-05
3.735639e-04 6.724904e-05
4.076634e-04 6.828268e-05
4.417026e-04 6.866521e-05
4.758393e-04 6.943609e-05
5.102451e-04 6.982792e-05
5.449886e-04 7.048481e-05
5.804143e-04 7.117863e-05
6.166024e-04 7.170220e-05
6.531698e-04 7.211864e-05
6.896838e-04 7.350237e-05
7.258359e-04 7.373356e-05
7.618975e-04 7.438620e-05
7.983210e-04 7.488898e-05
8.355916e-04 7.501538e-05
8.741686e-04 7.579393e-05
9.135138e-04 7.653308e-05
9.528439e-04 7.684157e-05
9.916541e-04 7.871275e-05
1.030022e-03 7.906790e-05
1.068423e-03 7.984940e-05
1.107853e-03 8.080273e-05
1.149094e-03 8.058322e-05
1.191769e-03 8.131024e-05
1.234357e-03 8.332074e-05
1.276178e-03 8.363968e-05
1.317664e-03 8.508291e-05
1.359146e-03 8.554231e-05
1.400920e-03 8.648900e-05
1.443779e-03 8.753865e-05
1.487998e-03 8.802358e-05
1.533212e-03 8.873396e-05
1.579478e-03 8.912230e-05
1.626070e-03 8.951846e-05
1.671573e-03 9.225808e-05
1.716582e-03 9.288513e-05
1.762312e-03 9.359806e-05
1.809189e-03 9.460609e-05
1.857612e-03 9.465246e-05
1.907860e-03 9.576457e-05
1.958451e-03 9.846618e-05
2.008353e-03 9.895991e-05
2.057577e-03 1.012738e-04
2.106358e-03 1.019089e-04
2.155974e-03 1.024747e-04
2.208023e-03 1.040687e-04
2.262942e-03 1.035165e-04
2.319380e-03 1.042985e-04
2.374994e-03 1.080424e-04
2.429595e-03 1.087096e-04
2.483560e-03 1.114147e-04
2.536901e-03 1.120895e-04
2.591555e-03 1.119889e-04
2.649659e-03 1.139464e-04
2.710344e-03 1.148662e-04
2.771897e-03 1.157952e-04
2.833163e-03 1.188497e-04
2.893964e-03 1.195892e-04
2.953611e-03 1.237913e-04
3.013256e-03 1.253875e-04
3.075491e-03 1.252755e-04
3.141496e-03 1.274086e-04
3.210150e-03 1.291628e-04
3.279920e-03 1.305541e-04
3.348952e-03 1.353958e-04
3.415685e-03 1.357607e-04
3.481771e-03 1.381129e-04
3.550484e-03 1.404423e-04
3.622079e-03 1.418421e-04
3.697800e-03 1.449179e-04
3.777547e-03 1.470238e-04
3.859889e-03 1.492425e-04
3.940662e-03 1.577377e-04
4.021132e-03 1.607167e-04
4.102021e-03 1.686083e-04
4.185209e-03 1.727155e-04
4.272808e-03 1.764413e-04
4.369899e-03 1.835979e-04
4.473181e-03 1.935110e-04
4.582746e-03 2.007241e-04
4.693514e-03 2.183694e-04
4.809612e-03 2.280609e-04
4.927806e-03 2.519522e-04
5.065774e-03 2.722549e-04
5.216749e-03 3.064328e-04
5.451055e-03 3.689407e-04
5.705177e-03 5.093647e-04
6.728633e-03 1.020473e-03
7.790353e-03 2.378229e-03
8.145186e-03 2.444595e-03
9.258348e-03 1.362556e-03
1.030942e-02 9.347031e-04
1.075840e-02 7.518536e-04
1.118591e-02 6.736441e-04
1.153201e-02 5.905841e-04
1.187317e-02 5.576818e-04
1.216264e-02 5.535178e-04
1.244041e-02 5.446264e-04
1.271628e-02 5.220860e-04
1.299393e-02 5.154029e-04
1.326772e-02 5.042281e-04
1.353906e-02 4.983931e-04
1.380369e-02 4.924270e-04
1.404595e-02 4.771799e-04
1.428238e-02 4.454037e-04
1.450988e-02 4.282987e-04
1.472314e-02 4.037329e-04
1.493581e-02 3.948130e-04
1.514098e-02 3.832431e-04
1.534450e-02 3.778218e-04
1.554085e-02 3.740071e-04
1.573168e-02 3.695781e-04
1.591744e-02 3.657333e-04
1.609993e-02 3.621371e-04
1.628196e-02 3.536014e-04
1.646681e-02 3.524588e-04
1.665178e-02 3.484015e-04
1.683346e-02 3.447311e-04
1.701046e-02 3.430020e-04
1.718244e-02 3.396042e-04
1.735085e-02 3.354812e-04
1.751873e-02 3.334571e-04
1.768898e-02 3.245466e-04
1.786235e-02 3.234405e-04
1.803267e-02 3.248315e-04
1.819965e-02 3.233295e-04
1.836283e-02 3.261082e-04
1.852354e-02 3.254098e-04
1.868412e-02 3.230870e-04
1.884627e-02 3.234170e-04
1.901256e-02 3.180290e-04
1.917979e-02 3.164336e-04
1.934490e-02 3.149378e-04
1.950831e-02 3.135883e-04
1.966699e-02 3.183164e-04
1.982311e-02 3.182697e-04
1.998083e-02 3.148785e-04
2.014492e-02 3.176982e-04
2.031307e-02 3.193685e-04
2.048143e-02 3.198817e-04
2.064825e-02 3.232733e-04
2.080835e-02 3.206808e-04
2.096513e-02 3.190231e-04
2.112544e-02 3.203278e-04
2.128853e-02 3.199201e-04
2.145599e-02 3.226098e-04
2.162560e-02 3.258807e-04
2.179517e-02 3.268126e-04
2.196464e-02 3.301975e-04
2.212801e-02 3.279829e-04
2.228955e-02 3.242657e-04
2.245495e-02 3.252497e-04
2.262248e-02 3.250718e-04
2.279163e-02 3.257668e-04
2.296277e-02 3.237789e-04
2.313221e-02 3.222628e-04
2.329632e-02 3.275491e-04
2.345788e-02 3.277023e-04
2.362061e-02 3.255710e-04
2.378459e-02 3.257793e-04
2.394941e-02 3.255850e-04
2.412097e-02 3.293482e-04
2.429601e-02 3.334027e-04
2.446726e-02 3.328135e-04
2.463642e-02 3.352937e-04
2.480184e-02 3.337129e-04
2.496544e-02 3.317138e-04
2.513267e-02 3.334004e-04
2.530461e-02 3.302532e-04
2.547989e-02 3.309025e-04
2.565409e-02 3.351684e-04
2.582536e-02 3.351849e-04
2.599392e-02 3.391030e-04
2.615887e-02 3.381176e-04
2.632543e-02 3.333358e-04
2.649756e-02 3.351799e-04
2.667345e-02 3.334005e-04
2.684870e-02 3.321500e-04
2.702198e-02 3.325944e-04
2.719107e-02 3.304667e-04
2.735464e-02 3.331291e-04
2.751934e-02 3.347739e-04
2.768894e-02 3.318225e-04
2.786433e-02 3.340126e-04
2.804230e-02 3.351691e-04
2.821847e-02 3.347304e-04
2.839363e-02 3.358122e-04
2.856329e-02 3.326639e-04
2.872731e-02 3.326641e-04
2.889214e-02 3.333716e-04
2.906147e-02 3.284472e-04
2.923578e-02 3.294375e-04
2.941026e-02 3.312918e-04
2.958460e-02 3.320996e-04
2.975806e-02 3.364330e-04
2.992558e-02 3.341990e-04
3.008930e-02 3.336968e-04
3.025369e-02 3.341495e-04
3.042239e-02 3.282355e-04
3.059637e-02 3.290442e-04
3.077150e-02 3.300044e-04
3.094563e-02 3.299792e-04
3.111603e-02 3.354816e-04
3.128351e-02 3.354818e-04
3.144909e-02 3.392744e-04
3.161354e-02 3.401844e-04
3.178452e-02 3.311695e-04
3.196057e-02 3.309508e-04
3.213641e-02 3.312896e-04
3.230890e-02 3.291747e-04
3.247641e-02 3.309824e-04
3.264004e-02 3.295325e-04
3.280097e-02 3.306452e-04
3.296747e-02 3.341640e-04
3.314289e-02 3.284299e-04
3.332210e-02 3.288533e-04
3.350017e-02 3.325294e-04
3.367316e-02 3.305830e-04
3.383815e-02 3.379060e-04
3.399867e-02 3.380954e-04
3.416445e-02 3.304895e-04
3.433804e-02 3.322109e-04
3.451538e-02 3.301258e-04
3.469260e-02 3.295283e-04
3.486644e-02 3.341191e-04
3.503542e-02 3.326233e-04
3.519994e-02 3.352525e-04
3.536519e-02 3.368597e-04
3.553529e-02 3.332333e-04
3.571130e-02 3.352330e-04
3.589183e-02 3.338787e-04
3.606921e-02 3.317320e-04
3.623950e-02 3.369389e-04
3.640366e-02 3.349107e-04
3.656602e-02 3.329226e-04
3.673173e-02 3.344543e-04
3.690163e-02 3.311254e-04
3.707720e-02 3.333308e-04
