-3.389862e-02 1.441751e-04
-3.381023e-02 1.689844e-04
-3.373558e-02 1.696047e-04
-3.365769e-02 1.658889e-04
-3.357335e-02 1.679814e-04
-3.348556e-02 1.680367e-04
-3.339981e-02 1.672889e-04
-3.331687e-02 1.698928e-04
-3.323704e-02 1.689781e-04
-3.315841e-02 1.684601e-04
-3.307746e-02 1.696694e-04
-3.299403e-02 1.689029e-04
-3.290898e-02 1.695917e-04
-3.282245e-02 1.690389e-04
-3.273615e-02 1.687080e-04
-3.265314e-02 1.732766e-04
-3.256605e-02 1.773710e-04
-3.246995e-02 1.750609e-04
-3.237693e-02 1.723969e-04
-3.228851e-02 1.713500e-04
-3.219826e-02 1.720767e-04
-3.210803e-02 1.741412e-04
-3.201819e-02 1.741734e-04
-3.193023e-02 1.774092e-04
-3.184273e-02 1.787764e-04
-3.175361e-02 1.798858e-04
-3.166239e-02 1.815448e-04
-3.156843e-02 1.815853e-04
-3.147158e-02 1.833278e-04
-3.137400e-02 1.869352e-04
-3.127748e-02 1.875989e-04
-3.118245e-02 1.919132e-04
-3.108590e-02 1.943841e-04
-3.098685e-02 1.970959e-04
-3.088454e-02 2.000352e-04
-3.077827e-02 2.031464e-04
-3.067011e-02 2.054239e-04
-3.056276e-02 2.115687e-04
-3.045702e-02 2.128016e-04
-3.035110e-02 2.159247e-04
-3.024244e-02 2.180963e-04
-3.013087e-02 2.192513e-04
-3.001790e-02 2.210973e-04
-2.990132e-02 2.202114e-04
-2.978835e-02 2.177238e-04
-2.967859e-02 2.161637e-04
-2.956905e-02 2.154735e-04
-2.945993e-02 2.142602e-04
-2.935109e-02 2.136576e-04
-2.924075e-02 2.095108e-04
-2.912811e-02 2.093906e-04
-2.901735e-02 2.121717e-04
-2.890977e-02 2.112765e-04
-2.880235e-02 2.106646e-04
-2.869478e-02 2.105355e-04
-2.858726e-02 2.086328e-04
-2.847916e-02 2.083016e-04
-2.836963e-02 2.049894e-04
-2.826166e-02 2.023047e-04
-2.815776e-02 2.016948e-04
-2.805568e-02 2.009330e-04
-2.795457e-02 2.004264e-04
-2.785215e-02 2.010283e-04
-2.774815e-02 2.000673e-04
-2.764173e-02 2.011620e-04
-2.753400e-02 2.020036e-04
-2.743047e-02 1.997892e-04
-2.733014e-02 1.989476e-04
-2.723023e-02 1.983874e-04
-2.713024e-02 1.967175e-04
-2.702782e-02 1.975759e-04
-2.692498e-02 1.992438e-04
-2.682311e-02 1.992543e-04
-2.672013e-02 1.989007e-04
-2.661897e-02 1.976718e-04
-2.652010e-02 1.965489e-04
-2.642127e-02 1.961225e-04
-2.632095e-02 1.924438e-04
-2.621632e-02 1.931782e-04
-2.611161e-02 1.951111e-04
-2.600984e-02 1.945669e-04
-2.591084e-02 1.976831e-04
-2.581261e-02 1.983524e-04
-2.571401e-02 1.995928e-04
-2.561339e-02 2.012526e-04
-2.550866e-02 1.990377e-04
-2.539655e-02 2.026575e-04
-2.528563e-02 2.146642e-04
-2.518428e-02 2.132644e-04
-2.508178e-02 2.074652e-04
-2.498499e-02 2.019494e-04
-2.488530e-02 1.831810e-04
-2.478440e-02 1.771420e-04
-2.469241e-02 1.738415e-04
-2.460135e-02 1.721017e-04
-2.451297e-02 1.717644e-04
-2.442474e-02 1.710811e-04
-2.433803e-02 1.717175e-04
-2.425321e-02 1.712713e-04
-2.416702e-02 1.677332e-04
-2.407797e-02 1.681634e-04
-2.398727e-02 1.666284e-04
-2.389545e-02 1.667556e-04
-2.380652e-02 1.719212e-04
-2.372169e-02 1.713269e-04
-2.363726e-02 1.703293e-04
-2.355039e-02 1.714260e-04
-2.346170e-02 1.714356e-04
-2.337268e-02 1.716344e-04
-2.328299e-02 1.723576e-04
-2.319366e-02 1.724049e-04
-2.310648e-02 1.748027e-04
-2.302179e-02 1.741565e-04
-2.293610e-02 1.706689e-04
-2.284603e-02 1.715799e-04
-2.275473e-02 1.720910e-04
-2.266456e-02 1.720611e-04
-2.257575e-02 1.742182e-04
-2.248949e-02 1.734620e-04
-2.240375e-02 1.722236e-04
-2.231724e-02 1.722395e-04
-2.222956e-02 1.703559e-04
-2.213946e-02 1.711316e-04
-2.204808e-02 1.711624e-04
-2.195916e-02 1.697008e-04
-2.187353e-02 1.711087e-04
-2.178697e-02 1.721665e-04
-2.169883e-02 1.737569e-04
-2.160992e-02 1.747942e-04
-2.151970e-02 1.741626e-04
-2.142837e-02 1.746093e-04
-2.133752e-02 1.766660e-04
-2.124736e-02 1.765046e-04
-2.115861e-02 1.784236e-04
-2.107111e-02 1.788545e-04
-2.098223e-02 1.777683e-04
-2.089151e-02 1.784765e-04
-2.079880e-02 1.771398e-04
-2.070524e-02 1.771690e-04
-2.061355e-02 1.803450e-04
-2.052383e-02 1.803089e-04
-2.043432e-02 1.805516e-04
-2.034422e-02 1.809888e-04
-2.025217e-02 1.789587e-04
-2.015920e-02 1.787780e-04
-2.006419e-02 1.762012e-04
-1.996948e-02 1.751005e-04
-1.987948e-02 1.785511e-04
-1.979203e-02 1.782473e-04
-1.970393e-02 1.763193e-04
-1.961449e-02 1.759577e-04
-1.952305e-02 1.716326e-04
-1.943154e-02 1.705831e-04
-1.934290e-02 1.724128e-04
-1.925738e-02 1.711985e-04
-1.917307e-02 1.698465e-04
-1.908902e-02 1.692015e-04
-1.900460e-02 1.667843e-04
-1.891823e-02 1.670804e-04
-1.883050e-02 1.656533e-04
-1.874390e-02 1.644627e-04
-1.866061e-02 1.666641e-04
-1.857903e-02 1.664347e-04
-1.849669e-02 1.657744e-04
-1.841413e-02 1.656620e-04
-1.833002e-02 1.614978e-04
-1.824370e-02 1.613445e-04
-1.815929e-02 1.641498e-04
-1.807668e-02 1.636281e-04
-1.799483e-02 1.634400e-04
-1.791403e-02 1.631822e-04
-1.783222e-02 1.607804e-04
-1.774832e-02 1.611655e-04
-1.766337e-02 1.604914e-04
-1.757893e-02 1.599472e-04
-1.749625e-02 1.613686e-04
-1.741522e-02 1.608883e-04
-1.733579e-02 1.622057e-04
-1.725602e-02 1.628855e-04
-1.717381e-02 1.607225e-04
-1.709039e-02 1.606683e-04
-1.700602e-02 1.601377e-04
-1.692193e-02 1.597900e-04
-1.684083e-02 1.626148e-04
-1.676145e-02 1.625889e-04
-1.668210e-02 1.625675e-04
-1.660099e-02 1.631829e-04
-1.651677e-02 1.597430e-04
-1.643286e-02 1.587658e-04
-1.635091e-02 1.593205e-04
-1.627065e-02 1.585108e-04
-1.619216e-02 1.591964e-04
-1.611370e-02 1.594195e-04
-1.603395e-02 1.578941e-04
-1.595297e-02 1.580873e-04
-1.587036e-02 1.559418e-04
-1.578855e-02 1.546942e-04
-1.570931e-02 1.555070e-04
-1.563156e-02 1.549078e-04
-1.555441e-02 1.554233e-04
-1.547655e-02 1.560368e-04
-1.539685e-02 1.534713e-04
-1.531654e-02 1.529154e-04
-1.523721e-02 1.530129e-04
-1.515840e-02 1.523186e-04
-1.508117e-02 1.530559e-04
-1.500634e-02 1.523024e-04
-1.493144e-02 1.500933e-04
-1.485440e-02 1.505722e-04
-1.477623e-02 1.500136e-04
-1.469854e-02 1.495222e-04
-1.462215e-02 1.503023e-04
-1.454770e-02 1.494169e-04
-1.447468e-02 1.493455e-04
-1.440109e-02 1.496667e-04
-1.432557e-02 1.473593e-04
-1.424893e-02 1.471960e-04
-1.417238e-02 1.479884e-04
-1.409661e-02 1.478079e-04
-1.402221e-02 1.484844e-04
-1.394966e-02 1.476169e-04
-1.387754e-02 1.459228e-04
-1.380284e-02 1.464634e-04
-1.372679e-02 1.457333e-04
-1.365142e-02 1.454685e-04
-1.357658e-02 1.456283e-04
-1.350297e-02 1.449465e-04
-1.343112e-02 1.459673e-04
-1.335938e-02 1.462668e-04
-1.328671e-02 1.455427e-04
-1.321357e-02 1.455572e-04
-1.313964e-02 1.442726e-04
-1.306491e-02 1.442872e-04
-1.299140e-02 1.463538e-04
-1.292017e-02 1.457345e-04
-1.284818e-02 1.438362e-04
-1.277544e-02 1.435981e-04
-1.270343e-02 1.430620e-04
-1.263054e-02 1.434030e-04
-1.255644e-02 1.423308e-04
-1.248262e-02 1.413897e-04
-1.241023e-02 1.411830e-04
-1.233966e-02 1.404045e-04
-1.227000e-02 1.397612e-04
-1.219960e-02 1.399663e-04
-1.212898e-02 1.401396e-04
-1.205694e-02 1.410424e-04
-1.198323e-02 1.407536e-04
-1.191124e-02 1.396172e-04
-1.184141e-02 1.400448e-04
-1.177225e-02 1.397890e-04
-1.170332e-02 1.394462e-04
-1.163312e-02 1.400842e-04
-1.156102e-02 1.397524e-04
-1.148873e-02 1.397558e-04
-1.141764e-02 1.407169e-04
-1.134852e-02 1.398747e-04
-1.128061e-02 1.395764e-04
-1.121268e-02 1.394882e-04
-1.114388e-02 1.377862e-04
-1.107311e-02 1.379807e-04
-1.100135e-02 1.368863e-04
-1.093128e-02 1.358563e-04
-1.086316e-02 1.362415e-04
-1.079594e-02 1.358418e-04
-1.072896e-02 1.351427e-04
-1.066190e-02 1.349425e-04
-1.059378e-02 1.326313e-04
-1.052410e-02 1.327327e-04
-1.045499e-02 1.339635e-04
-1.038768e-02 1.333240e-04
-1.032139e-02 1.332258e-04
-1.025592e-02 1.326983e-04
-1.018983e-02 1.311973e-04
-1.012213e-02 1.316286e-04
-1.005418e-02 1.314200e-04
-9.986280e-03 1.313178e-04
-9.919734e-03 1.333082e-04
-9.853747e-03 1.333224e-04
-9.787635e-03 1.331456e-04
-9.723040e-03 1.325361e-04
-9.657674e-03 1.295662e-04
-9.591023e-03 1.292645e-04
-9.524890e-03 1.292915e-04
-9.458943e-03 1.291907e-04
-9.393638e-03 1.299785e-04
-9.330136e-03 1.291833e-04
-9.266985e-03 1.275636e-04
-9.202750e-03 1.276275e-04
-9.138165e-03 1.272211e-04
-9.073271e-03 1.272594e-04
-9.007066e-03 1.261297e-04
-8.941683e-03 1.252321e-04
-8.878931e-03 1.261795e-04
-8.817096e-03 1.259674e-04
-8.755220e-03 1.253085e-04
-8.692015e-03 1.255300e-04
-8.627498e-03 1.239655e-04
-8.563149e-03 1.236409e-04
-8.499808e-03 1.244133e-04
-8.438044e-03 1.237467e-04
-8.377228e-03 1.234713e-04
-8.315956e-03 1.236444e-04
-8.254084e-03 1.231263e-04
-8.191981e-03 1.230769e-04
-8.129316e-03 1.220061e-04
-8.067345e-03 1.212040e-04
-8.007110e-03 1.218627e-04
-7.947608e-03 1.216611e-04
-7.887435e-03 1.209004e-04
-7.826976e-03 1.207954e-04
-7.766152e-03 1.189668e-04
-7.704943e-03 1.185419e-04
-7.644323e-03 1.183469e-04
-7.584105e-03 1.177119e-04
-7.524753e-03 1.174030e-04
-7.466331e-03 1.170555e-04
-7.408109e-03 1.164276e-04
-7.349523e-03 1.164200e-04
-7.290220e-03 1.152105e-04
-7.230741e-03 1.148803e-04
-7.172032e-03 1.152463e-04
-7.114478e-03 1.146868e-04
-7.057620e-03 1.142919e-04
-7.000844e-03 1.141008e-04
-6.943963e-03 1.133978e-04
-6.886735e-03 1.133519e-04
-6.828600e-03 1.125611e-04
-6.770556e-03 1.122233e-04
-6.714049e-03 1.129973e-04
-6.659346e-03 1.121866e-04
-6.604817e-03 1.102215e-04
-6.548590e-03 1.102371e-04
-6.492130e-03 1.098982e-04
-6.436218e-03 1.097466e-04
-6.380389e-03 1.094635e-04
-6.325263e-03 1.089395e-04
-6.270885e-03 1.087276e-04
-6.217096e-03 1.082981e-04
-6.163485e-03 1.074025e-04
-6.109603e-03 1.072412e-04
-6.055362e-03 1.061973e-04
-6.001145e-03 1.058060e-04
-5.947593e-03 1.058253e-04
-5.894604e-03 1.054951e-04
-5.841704e-03 1.055239e-04
-5.789573e-03 1.050695e-04
-5.737626e-03 1.033091e-04
-5.684920e-03 1.031341e-04
-5.632392e-03 1.029430e-04
-5.579769e-03 1.026494e-04
-5.527460e-03 1.023668e-04
-5.476318e-03 1.018449e-04
-5.426116e-03 1.019585e-04
-5.376074e-03 1.019036e-04
-5.325354e-03 1.006267e-04
-5.274242e-03 1.004008e-04
-5.223231e-03 9.994237e-05
-5.172737e-03 9.946697e-05
-5.123144e-03 9.964415e-05
-5.074274e-03 9.927509e-05
-5.025292e-03 9.806748e-05
-4.976159e-03 9.772274e-05
-4.926474e-03 9.657517e-05
-4.876426e-03 9.638165e-05
-4.827196e-03 9.647328e-05
-4.778655e-03 9.609031e-05
-4.730940e-03 9.641198e-05
-4.683131e-03 9.632261e-05
-4.634807e-03 9.521755e-05
-4.586889e-03 9.483806e-05
-4.539059e-03 9.393284e-05
-4.491447e-03 9.347619e-05
-4.444472e-03 9.326819e-05
-4.398210e-03 9.276567e-05
-4.352617e-03 9.248447e-05
-4.307211e-03 9.227110e-05
-4.261317e-03 9.086896e-05
-4.215166e-03 9.051727e-05
-4.169236e-03 8.991250e-05
-4.123718e-03 8.944821e-05
-4.078757e-03 8.976320e-05
-4.034302e-03 8.957134e-05
-3.990288e-03 8.909761e-05
-3.946375e-03 8.886727e-05
-3.901991e-03 8.743634e-05
-3.857241e-03 8.690563e-05
-3.812990e-03 8.627463e-05
-3.769395e-03 8.588957e-05
-3.726491e-03 8.596854e-05
-3.684061e-03 8.571346e-05
-3.641657e-03 8.505091e-05
-3.599031e-03 8.494457e-05
-3.556053e-03 8.406438e-05
-3.513103e-03 8.372938e-05
-3.470924e-03 8.407991e-05
-3.429524e-03 8.374004e-05
-3.388468e-03 8.337024e-05
-3.347646e-03 8.309709e-05
-3.306247e-03 8.199835e-05
-3.264422e-03 8.185788e-05
-3.222861e-03 8.128278e-05
-3.181819e-03 8.076330e-05
-3.141482e-03 8.050011e-05
-3.101159e-03 8.017798e-05
-3.061057e-03 7.965356e-05
-3.021117e-03 7.958614e-05
-2.981016e-03 7.913353e-05
-2.941010e-03 7.891320e-05
-2.901305e-03 7.880149e-05
-2.862108e-03 7.845675e-05
-2.823335e-03 7.820444e-05
-2.784872e-03 7.792712e-05
-2.746382e-03 7.711242e-05
-2.707818e-03 7.686220e-05
-2.669200e-03 7.607832e-05
-2.630574e-03 7.580031e-05
-2.592021e-03 7.572016e-05
-2.553922e-03 7.541851e-05
-2.516670e-03 7.542241e-05
-2.479647e-03 7.528518e-05
-2.442330e-03 7.440792e-05
-2.404591e-03 7.414410e-05
-2.367001e-03 7.366467e-05
-2.329834e-03 7.344017e-05
-2.293013e-03 7.339395e-05
-2.256878e-03 7.296650e-05
-2.221357e-03 7.280086e-05
-2.185640e-03 7.285855e-05
-2.149101e-03 7.165479e-05
-2.112656e-03 7.116409e-05
-2.076879e-03 7.091178e-05
-2.041428e-03 7.062473e-05
-2.006390e-03 7.051303e-05
-1.971504e-03 7.038097e-05
-1.936438e-03 7.024410e-05
-1.901417e-03 7.016648e-05
-1.866355e-03 6.934769e-05
-1.831323e-03 6.903614e-05
-1.797206e-03 6.970677e-05
-1.763384e-03 6.958092e-05
-1.728957e-03 6.821920e-05
-1.694713e-03 6.780843e-05
-1.660878e-03 6.734812e-05
-1.627236e-03 6.706663e-05
-1.593637e-03 6.635978e-05
-1.560103e-03 6.606578e-05
-1.526975e-03 6.592325e-05
-1.494114e-03 6.571127e-05
-1.461465e-03 6.547437e-05
-1.428852e-03 6.536664e-05
-1.396219e-03 6.503343e-05
-1.363714e-03 6.483674e-05
-1.331327e-03 6.448813e-05
-1.299269e-03 6.416494e-05
-1.267200e-03 6.372933e-05
-1.235373e-03 6.342529e-05
-1.203925e-03 6.272932e-05
-1.172427e-03 6.251018e-05
-1.141103e-03 6.219241e-05
-1.109637e-03 6.199415e-05
-1.078378e-03 6.179290e-05
-1.047646e-03 6.157396e-05
-1.017100e-03 6.127736e-05
-9.866353e-04 6.112167e-05
-9.561974e-04 6.073454e-05
-9.258697e-04 6.052880e-05
-8.956418e-04 6.012434e-05
-8.655578e-04 5.989220e-05
-8.357348e-04 5.968226e-05
-8.062542e-04 5.940147e-05
-7.769475e-04 5.891226e-05
-7.477081e-04 5.869541e-05
-7.180964e-04 5.790986e-05
-6.886412e-04 5.753217e-05
-6.598950e-04 5.722610e-05
-6.313657e-04 5.698526e-05
-6.030662e-04 5.670064e-05
-5.746785e-04 5.649762e-05
-5.463930e-04 5.610580e-05
-5.184370e-04 5.592091e-05
-4.905238e-04 5.547986e-05
-4.629970e-04 5.508925e-05
-4.358509e-04 5.463856e-05
-4.089774e-04 5.431259e-05
-3.821619e-04 5.350559e-05
-3.554439e-04 5.315598e-05
-3.290031e-04 5.264752e-05
-3.026135e-04 5.243344e-05
-2.763758e-04 5.209254e-05
-2.504827e-04 5.176309e-05
-2.246280e-04 5.129920e-05
-1.989496e-04 5.102494e-05
-1.737039e-04 5.059605e-05
-1.489074e-04 5.017109e-05
-1.242454e-04 4.921388e-05
-9.993844e-05 4.852512e-05
-7.589372e-05 4.705658e-05
-5.232356e-05 4.638068e-05
-2.920012e-05 4.522947e-05
-5.665928e-06 4.506704e-05
1.722778e-05 4.566095e-05
4.069467e-05 4.622567e-05
6.416040e-05 4.777821e-05
8.789648e-05 4.850044e-05
1.121976e-04 4.956372e-05
1.366705e-04 5.005030e-05
1.615819e-04 5.067055e-05
1.867823e-04 5.106747e-05
2.126893e-04 5.138161e-05
2.388214e-04 5.163127e-05
2.647401e-04 5.229426e-05
2.910080e-04 5.259868e-05
3.175985e-04 5.290261e-05
3.443096e-04 5.322724e-05
3.711797e-04 5.386290e-05
3.983121e-04 5.424938e-05
4.255814e-04 5.509307e-05
4.527729e-04 5.535097e-05
4.801640e-04 5.573429e-05
5.077941e-04 5.601581e-05
5.357317e-04 5.628548e-05
5.637088e-04 5.640644e-05
5.918471e-04 5.647385e-05
6.203173e-04 5.669699e-05
6.490056e-04 5.738695e-05
6.778529e-04 5.773209e-05
7.068418e-04 5.802065e-05
7.360719e-04 5.826992e-05
7.653775e-04 5.883729e-05
7.950834e-04 5.912013e-05
8.248798e-04 5.975088e-05
8.543537e-04 5.994551e-05
8.840050e-04 6.019014e-05
9.140079e-04 6.048904e-05
9.444529e-04 6.058343e-05
9.751834e-04 6.078849e-05
1.005978e-03 6.125079e-05
1.036620e-03 6.132655e-05
1.067161e-03 6.170409e-05
1.098022e-03 6.203150e-05
1.129144e-03 6.250343e-05
1.160471e-03 6.279607e-05
1.192379e-03 6.311743e-05
1.224469e-03 6.334401e-05
1.256164e-03 6.415899e-05
1.287897e-03 6.447478e-05
1.319918e-03 6.487058e-05
1.352420e-03 6.512481e-05
1.385231e-03 6.531282e-05
1.417942e-03 6.549771e-05
1.450926e-03 6.555743e-05
1.483959e-03 6.560886e-05
1.516822e-03 6.603457e-05
1.549881e-03 6.630566e-05
1.583168e-03 6.667935e-05
1.616634e-03 6.692194e-05
1.650361e-03 6.716273e-05
1.684322e-03 6.739073e-05
1.718580e-03 6.804477e-05
1.752873e-03 6.830251e-05
1.786868e-03 6.900247e-05
1.821082e-03 6.938547e-05
1.855863e-03 6.949856e-05
1.891200e-03 6.968292e-05
1.926675e-03 6.996485e-05
1.961906e-03 7.010944e-05
1.997007e-03 7.072584e-05
2.032331e-03 7.108173e-05
2.067893e-03 7.167309e-05
2.103489e-03 7.190665e-05
2.139297e-03 7.220137e-05
2.175601e-03 7.260523e-05
2.212301e-03 7.306753e-05
2.248833e-03 7.313357e-05
2.285138e-03 7.369410e-05
2.321632e-03 7.401038e-05
2.358850e-03 7.424667e-05
2.396333e-03 7.449213e-05
2.433642e-03 7.490546e-05
2.471133e-03 7.516453e-05
2.508931e-03 7.537121e-05
2.547077e-03 7.544850e-05
2.585086e-03 7.589048e-05
2.622736e-03 7.603993e-05
2.660622e-03 7.606304e-05
2.699274e-03 7.653017e-05
2.738314e-03 7.717931e-05
2.777421e-03 7.745319e-05
2.816572e-03 7.813892e-05
2.855739e-03 7.839612e-05
2.894834e-03 7.922825e-05
2.934046e-03 7.959875e-05
2.973672e-03 7.993777e-05
3.013605e-03 8.024363e-05
3.054435e-03 8.020489e-05
3.095443e-03 8.029985e-05
3.135861e-03 8.094326e-05
3.176745e-03 8.123270e-05
3.217605e-03 8.207271e-05
3.258300e-03 8.249742e-05
3.299570e-03 8.271894e-05
3.341245e-03 8.304078e-05
3.383090e-03 8.364947e-05
3.424980e-03 8.389624e-05
3.467055e-03 8.427378e-05
3.508914e-03 8.428143e-05
3.550533e-03 8.470327e-05
3.592788e-03 8.523642e-05
3.635858e-03 8.535971e-05
3.679343e-03 8.565305e-05
3.723369e-03 8.621873e-05
3.767273e-03 8.635224e-05
3.810337e-03 8.747724e-05
3.853376e-03 8.786585e-05
3.896903e-03 8.812710e-05
3.941561e-03 8.865879e-05
3.986929e-03 8.894899e-05
4.032243e-03 8.926180e-05
4.077480e-03 9.025573e-05
4.122269e-03 9.034541e-05
4.167233e-03 9.030302e-05
4.212462e-03 9.044691e-05
4.257620e-03 9.096507e-05
4.303878e-03 9.181173e-05
4.350887e-03 9.291353e-05
4.397627e-03 9.315057e-05
4.444083e-03 9.427935e-05
4.490564e-03 9.470199e-05
4.537970e-03 9.505547e-05
4.585682e-03 9.536641e-05
4.633584e-03 9.519092e-05
4.682171e-03 9.554173e-05
4.731311e-03 9.558852e-05
4.780577e-03 9.541754e-05
4.828739e-03 9.678381e-05
4.876637e-03 9.737675e-05
4.925433e-03 9.753084e-05
4.974880e-03 9.797711e-05
5.024892e-03 9.827568e-05
5.075180e-03 9.854886e-05
5.125276e-03 9.962563e-05
5.175150e-03 9.988144e-05
5.224813e-03 1.009409e-04
5.274538e-03 1.013600e-04
5.325288e-03 1.008187e-04
5.376929e-03 1.011573e-04
5.429063e-03 1.020465e-04
5.481131e-03 1.023310e-04
5.532482e-03 1.035496e-04
5.583949e-03 1.037739e-04
5.635658e-03 1.039872e-04
5.687625e-03 1.045016e-04
5.740242e-03 1.048483e-04
5.793624e-03 1.054315e-04
5.847340e-03 1.064929e-04
5.900472e-03 1.065262e-04
5.953680e-03 1.064935e-04
6.006819e-03 1.064407e-04
6.059688e-03 1.067431e-04
6.113444e-03 1.073840e-04
6.168191e-03 1.075169e-04
6.223278e-03 1.077692e-04
6.278810e-03 1.085470e-04
6.334040e-03 1.086487e-04
6.388472e-03 1.094442e-04
6.442789e-03 1.096606e-04
6.497434e-03 1.097113e-04
6.553846e-03 1.104901e-04
6.611165e-03 1.111430e-04
6.668045e-03 1.114140e-04
6.724695e-03 1.125467e-04
6.780636e-03 1.125300e-04
6.836173e-03 1.131522e-04
6.892541e-03 1.138744e-04
6.949976e-03 1.141055e-04
7.008083e-03 1.145914e-04
7.066629e-03 1.152078e-04
7.125248e-03 1.154741e-04
7.183083e-03 1.175139e-04
7.240062e-03 1.177371e-04
7.298139e-03 1.174177e-04
7.357398e-03 1.180122e-04
7.416965e-03 1.182578e-04
7.476989e-03 1.186220e-04
7.537496e-03 1.188247e-04
7.597760e-03 1.184264e-04
7.656806e-03 1.193510e-04
7.715764e-03 1.199537e-04
7.775718e-03 1.199710e-04
7.836225e-03 1.203088e-04
7.898016e-03 1.191146e-04
7.960643e-03 1.191848e-04
8.021971e-03 1.215348e-04
8.082815e-03 1.220923e-04
8.143662e-03 1.236294e-04
8.203815e-03 1.237670e-04
8.265558e-03 1.224270e-04
8.328984e-03 1.229583e-04
8.392476e-03 1.233911e-04
8.455979e-03 1.235535e-04
8.519014e-03 1.247916e-04
8.582504e-03 1.251663e-04
8.645140e-03 1.276246e-04
8.706421e-03 1.280396e-04
8.769226e-03 1.266585e-04
8.833518e-03 1.270505e-04
8.898608e-03 1.268117e-04
8.964020e-03 1.269180e-04
9.028287e-03 1.291139e-04
9.091244e-03 1.291223e-04
9.154312e-03 1.289624e-04
9.218158e-03 1.293712e-04
9.283124e-03 1.286469e-04
9.349110e-03 1.289972e-04
9.416287e-03 1.289548e-04
9.482874e-03 1.285888e-04
9.547472e-03 1.299186e-04
9.611913e-03 1.303009e-04
9.676838e-03 1.305504e-04
9.742881e-03 1.309546e-04
9.809911e-03 1.304329e-04
9.877619e-03 1.310057e-04
9.945393e-03 1.324850e-04
1.001193e-02 1.322779e-04
1.007774e-02 1.329078e-04
1.014365e-02 1.331955e-04
1.020962e-02 1.339025e-04
1.027702e-02 1.350202e-04
1.034615e-02 1.352668e-04
1.041526e-02 1.353509e-04
1.048360e-02 1.368745e-04
1.055018e-02 1.363720e-04
1.061678e-02 1.359709e-04
1.068450e-02 1.364931e-04
1.075266e-02 1.361792e-04
1.082258e-02 1.367511e-04
1.089333e-02 1.369576e-04
1.096344e-02 1.370215e-04
1.103303e-02 1.380713e-04
1.110127e-02 1.376424e-04
1.116884e-02 1.375615e-04
1.123807e-02 1.385249e-04
1.130883e-02 1.386579e-04
1.137958e-02 1.387003e-04
1.145065e-02 1.382765e-04
1.152162e-02 1.380603e-04
1.159107e-02 1.399904e-04
1.165987e-02 1.402983e-04
1.172986e-02 1.402192e-04
1.180088e-02 1.408038e-04
1.187276e-02 1.399069e-04
1.194570e-02 1.402206e-04
1.201799e-02 1.421820e-04
1.208965e-02 1.421214e-04
1.216064e-02 1.430757e-04
1.223050e-02 1.431306e-04
1.230117e-02 1.419556e-04
1.237365e-02 1.426236e-04
1.244697e-02 1.430840e-04
1.252033e-02 1.432682e-04
1.259315e-02 1.446589e-04
1.266505e-02 1.446075e-04
1.273590e-02 1.461966e-04
1.280619e-02 1.464295e-04
1.287883e-02 1.431703e-04
1.295362e-02 1.432844e-04
1.302873e-02 1.441643e-04
1.310351e-02 1.442974e-04
1.317651e-02 1.465728e-04
1.324761e-02 1.462535e-04
1.331960e-02 1.438923e-04
1.339398e-02 1.440896e-04
1.346854e-02 1.443356e-04
1.354357e-02 1.450912e-04
1.361904e-02 1.464531e-04
1.369326e-02 1.461986e-04
1.376581e-02 1.482732e-04
1.383789e-02 1.487396e-04
1.391139e-02 1.476725e-04
1.398613e-02 1.480291e-04
1.406178e-02 1.475148e-04
1.413816e-02 1.477719e-04
1.421435e-02 1.499253e-04
1.428856e-02 1.495043e-04
1.436183e-02 1.487459e-04
1.443532e-02 1.485968e-04
1.450946e-02 1.470701e-04
1.458703e-02 1.481755e-04
1.466564e-02 1.495246e-04
1.474230e-02 1.492431e-04
1.481707e-02 1.516123e-04
1.489061e-02 1.517361e-04
1.496514e-02 1.504436e-04
1.504129e-02 1.509496e-04
1.511856e-02 1.504931e-04
1.519721e-02 1.511528e-04
1.527581e-02 1.530655e-04
1.535381e-02 1.533950e-04
1.543120e-02 1.553077e-04
1.550757e-02 1.553849e-04
1.558482e-02 1.553086e-04
1.566371e-02 1.562707e-04
1.574396e-02 1.554948e-04
1.582540e-02 1.559331e-04
1.590600e-02 1.585515e-04
1.598568e-02 1.585017e-04
1.606450e-02 1.598040e-04
1.614264e-02 1.603038e-04
1.622240e-02 1.590094e-04
1.630397e-02 1.596267e-04
1.638695e-02 1.589967e-04
1.646977e-02 1.586749e-04
1.655078e-02 1.607957e-04
1.663125e-02 1.612413e-04
1.671134e-02 1.631040e-04
1.679107e-02 1.635593e-04
1.687275e-02 1.615945e-04
1.695592e-02 1.617787e-04
1.704017e-02 1.616980e-04
1.712466e-02 1.618218e-04
1.720739e-02 1.638827e-04
1.728897e-02 1.634822e-04
1.736976e-02 1.636729e-04
1.745016e-02 1.639475e-04
1.753246e-02 1.615358e-04
1.761655e-02 1.617347e-04
1.770175e-02 1.604441e-04
1.778734e-02 1.602168e-04
1.787041e-02 1.637880e-04
1.795135e-02 1.638005e-04
1.803231e-02 1.637889e-04
1.811347e-02 1.639036e-04
1.819575e-02 1.623685e-04
1.828030e-02 1.631783e-04
1.836652e-02 1.638816e-04
1.845253e-02 1.640175e-04
1.853625e-02 1.669772e-04
1.861825e-02 1.670031e-04
1.870115e-02 1.655662e-04
1.878495e-02 1.651409e-04
1.886890e-02 1.637200e-04
1.895447e-02 1.646285e-04
1.904034e-02 1.666626e-04
1.912570e-02 1.670957e-04
1.921014e-02 1.698251e-04
1.929296e-02 1.698425e-04
1.937648e-02 1.687523e-04
1.946277e-02 1.700271e-04
1.955097e-02 1.704047e-04
1.963973e-02 1.708808e-04
1.972958e-02 1.703974e-04
1.982010e-02 1.706212e-04
1.990815e-02 1.766713e-04
1.999523e-02 1.782714e-04
2.008431e-02 1.780394e-04
2.017563e-02 1.793088e-04
2.026905e-02 1.793088e-04
2.036506e-02 1.803625e-04
2.046020e-02 1.847573e-04
2.055183e-02 1.847288e-04
2.064306e-02 1.853221e-04
2.073432e-02 1.855564e-04
2.082678e-02 1.842292e-04
2.091972e-02 1.840443e-04
2.101442e-02 1.806195e-04
2.110949e-02 1.796073e-04
2.120179e-02 1.814064e-04
2.129243e-02 1.810596e-04
2.138301e-02 1.815571e-04
2.147302e-02 1.813871e-04
2.156474e-02 1.766434e-04
2.165800e-02 1.758606e-04
2.175016e-02 1.755155e-04
2.184224e-02 1.748605e-04
2.193229e-02 1.764642e-04
2.201995e-02 1.760930e-04
2.210701e-02 1.760853e-04
2.219458e-02 1.763932e-04
2.228499e-02 1.725427e-04
2.237727e-02 1.722744e-04
2.246779e-02 1.744452e-04
2.255684e-02 1.743479e-04
2.264564e-02 1.745001e-04
2.273373e-02 1.741268e-04
2.281988e-02 1.762881e-04
2.290658e-02 1.773912e-04
2.299761e-02 1.745591e-04
2.308971e-02 1.741890e-04
2.317906e-02 1.764429e-04
2.326697e-02 1.763890e-04
2.335425e-02 1.772956e-04
2.344154e-02 1.771398e-04
2.353032e-02 1.742091e-04
2.362038e-02 1.744003e-04
2.371170e-02 1.728304e-04
2.380207e-02 1.716938e-04
2.389056e-02 1.716631e-04
2.397832e-02 1.712112e-04
2.406434e-02 1.728466e-04
2.415112e-02 1.738907e-04
2.424007e-02 1.731779e-04
2.432834e-02 1.725148e-04
2.441652e-02 1.708197e-04
2.450512e-02 1.704562e-04
2.459269e-02 1.724514e-04
2.467873e-02 1.722484e-04
2.476453e-02 1.707626e-04
2.485328e-02 1.715314e-04
2.494193e-02 1.738517e-04
2.503017e-02 1.749145e-04
2.512060e-02 1.742384e-04
2.521265e-02 1.749648e-04
2.530306e-02 1.796937e-04
2.540156e-02 1.862487e-04
2.550032e-02 2.039913e-04
2.559999e-02 2.109411e-04
2.570683e-02 2.183031e-04
2.581157e-02 2.196996e-04
2.592488e-02 2.093192e-04
2.603605e-02 2.042837e-04
2.614144e-02 2.014224e-04
2.624564e-02 1.996841e-04
2.634600e-02 1.997543e-04
2.644792e-02 2.007227e-04
2.655212e-02 1.995919e-04
2.665630e-02 1.986309e-04
2.676003e-02 1.967722e-04
2.686310e-02 1.962509e-04
2.696308e-02 1.999473e-04
2.706164e-02 2.004304e-04
2.716183e-02 1.990609e-04
2.726411e-02 1.998192e-04
2.736777e-02 1.996439e-04
2.747168e-02 1.997371e-04
2.757575e-02 1.997332e-04
2.767978e-02 1.997096e-04
2.778132e-02 2.037971e-04
2.788057e-02 2.039041e-04
2.798327e-02 1.999546e-04
2.808961e-02 2.007218e-04
2.819532e-02 2.023830e-04
2.830064e-02 2.027541e-04
2.840516e-02 2.051620e-04
2.850842e-02 2.047111e-04
2.861116e-02 2.043200e-04
2.871303e-02 2.042151e-04
2.881558e-02 2.028109e-04
2.892261e-02 2.049887e-04
2.903109e-02 2.086080e-04
2.913716e-02 2.084732e-04
2.924192e-02 2.102877e-04
2.934702e-02 2.111441e-04
2.945274e-02 2.124674e-04
2.956017e-02 2.139612e-04
2.967216e-02 2.121052e-04
2.978575e-02 2.124138e-04
2.989846e-02 2.131040e-04
3.000976e-02 2.125004e-04
3.011764e-02 2.165617e-04
3.022906e-02 2.195454e-04
3.034221e-02 2.249309e-04
3.045481e-02 2.271386e-04
3.057154e-02 2.264123e-04
3.069032e-02 2.273841e-04
3.080940e-02 2.295896e-04
3.092375e-02 2.275557e-04
3.103753e-02 2.228826e-04
3.115059e-02 2.207737e-04
3.126281e-02 2.163530e-04
3.137316e-02 2.136455e-04
3.148282e-02 2.072985e-04
3.159072e-02 2.039515e-04
3.169421e-02 2.035120e-04
3.179277e-02 2.003804e-04
3.188783e-02 1.959954e-04
3.198142e-02 1.935391e-04
3.207549e-02 1.859196e-04
3.217219e-02 1.842706e-04
3.226793e-02 1.813355e-04
3.236265e-02 1.801643e-04
3.245605e-02 1.791068e-04
3.254486e-02 1.759746e-04
3.262898e-02 1.750808e-04
3.271423e-02 1.754305e-04
3.280271e-02 1.710174e-04
3.289272e-02 1.703355e-04
3.298199e-02 1.696613e-04
3.307121e-02 1.693867e-04
3.315696e-02 1.743853e-04
3.323917e-02 1.740628e-04
3.332360e-02 1.707397e-04
3.341077e-02 1.711749e-04
3.349818e-02 1.706583e-04
3.358695e-02 1.708209e-04
3.367545e-02 1.717405e-04
