-1.393333e-02 1.900140e-04
-1.387208e-02 1.805577e-04
-1.380295e-02 1.818412e-04
-1.373159e-02 1.810448e-04
-1.365719e-02 1.825808e-04
-1.357976e-02 1.817728e-04
-1.349749e-02 1.841453e-04
-1.341074e-02 1.832397e-04
-1.332026e-02 1.853999e-04
-1.322937e-02 1.914480e-04
-1.313802e-02 1.939043e-04
-1.304645e-02 1.996378e-04
-1.295337e-02 2.026087e-04
-1.285738e-02 2.060190e-04
-1.275425e-02 2.112550e-04
-1.264627e-02 2.177054e-04
-1.253365e-02 2.231044e-04
-1.241797e-02 2.330041e-04
-1.230163e-02 2.369776e-04
-1.218429e-02 2.472879e-04
-1.206696e-02 2.510015e-04
-1.194511e-02 2.528694e-04
-1.181866e-02 2.563084e-04
-1.168609e-02 2.556341e-04
-1.154711e-02 2.588834e-04
-1.140922e-02 2.697326e-04
-1.127252e-02 2.732814e-04
-1.113572e-02 2.840372e-04
-1.099141e-02 2.924347e-04
-1.084035e-02 3.034387e-04
-1.068406e-02 3.105420e-04
-1.051929e-02 3.161089e-04
-1.035151e-02 3.199190e-04
-1.018359e-02 3.302623e-04
-1.000030e-02 3.427388e-04
-9.817599e-03 3.782989e-04
-9.499799e-03 4.725120e-04
-9.164377e-03 7.072119e-04
-8.249916e-03 1.140129e-03
-6.401234e-03 7.802094e-04
-5.328285e-03 1.842682e-04
-5.235398e-03 1.655775e-04
-5.150386e-03 1.539132e-04
-5.076247e-03 1.397131e-04
-5.002805e-03 1.343850e-04
-4.929325e-03 1.195548e-04
-4.856080e-03 1.140620e-04
-4.791276e-03 1.132676e-04
-4.734727e-03 1.080277e-04
-4.684970e-03 1.043655e-04
-4.636261e-03 1.024165e-04
-4.586406e-03 9.508825e-05
-4.533153e-03 9.436074e-05
-4.479110e-03 9.105923e-05
-4.427657e-03 8.844313e-05
-4.379962e-03 8.775886e-05
-4.336113e-03 8.520459e-05
-4.295394e-03 8.299565e-05
-4.255306e-03 8.182096e-05
-4.214066e-03 7.663382e-05
-4.170214e-03 7.622873e-05
-4.126137e-03 7.475229e-05
-4.083511e-03 7.345049e-05
-4.044279e-03 7.547471e-05
-4.008210e-03 7.430984e-05
-3.973411e-03 7.346753e-05
-3.937820e-03 7.363625e-05
-3.899483e-03 6.924161e-05
-3.859624e-03 6.857405e-05
-3.820800e-03 6.845005e-05
-3.783913e-03 6.714945e-05
-3.749903e-03 6.833868e-05
-3.718788e-03 6.712376e-05
-3.687423e-03 6.357639e-05
-3.653039e-03 6.410804e-05
-3.617006e-03 6.258697e-05
-3.580684e-03 6.221377e-05
-3.545743e-03 6.348488e-05
-3.513405e-03 6.229361e-05
-3.483609e-03 6.322122e-05
-3.454631e-03 6.315102e-05
-3.424059e-03 6.031018e-05
-3.391681e-03 6.036647e-05
-3.358150e-03 5.882291e-05
-3.324826e-03 5.814607e-05
-3.293164e-03 5.880875e-05
-3.263905e-03 5.760267e-05
-3.236369e-03 5.712988e-05
-3.208167e-03 5.728217e-05
-3.178492e-03 5.525572e-05
-3.147522e-03 5.537805e-05
-3.115883e-03 5.480802e-05
-3.084884e-03 5.422299e-05
-3.056263e-03 5.635248e-05
-3.029723e-03 5.586838e-05
-3.003469e-03 5.500224e-05
-2.976496e-03 5.504829e-05
-2.947839e-03 5.237697e-05
-2.917323e-03 5.260076e-05
-2.886907e-03 5.338464e-05
-2.858812e-03 5.227676e-05
-2.832738e-03 5.276134e-05
-2.807654e-03 5.234097e-05
-2.782931e-03 5.157947e-05
-2.756927e-03 5.207613e-05
-2.728861e-03 5.001252e-05
-2.700020e-03 4.966516e-05
-2.672149e-03 5.032816e-05
-2.645729e-03 4.976379e-05
-2.620791e-03 5.085244e-05
-2.596668e-03 5.075549e-05
-2.572323e-03 4.992618e-05
-2.546855e-03 5.030286e-05
-2.519777e-03 4.866165e-05
-2.492501e-03 4.812267e-05
-2.466486e-03 4.873414e-05
-2.442201e-03 4.798212e-05
-2.419316e-03 4.822094e-05
-2.396482e-03 4.827585e-05
-2.372172e-03 4.614669e-05
-2.346447e-03 4.622972e-05
-2.320578e-03 4.604177e-05
-2.294966e-03 4.581995e-05
-2.270709e-03 4.746696e-05
-2.248339e-03 4.686345e-05
-2.226546e-03 4.614876e-05
-2.204013e-03 4.639967e-05
-2.180234e-03 4.519607e-05
-2.155748e-03 4.518733e-05
-2.131061e-03 4.465060e-05
-2.106738e-03 4.423834e-05
-2.083784e-03 4.537963e-05
-2.062382e-03 4.485785e-05
-2.041261e-03 4.387934e-05
-2.019371e-03 4.392969e-05
-1.996745e-03 4.284552e-05
-1.973202e-03 4.306237e-05
-1.949052e-03 4.281148e-05
-1.925798e-03 4.218574e-05
-1.904345e-03 4.328633e-05
-1.883944e-03 4.304916e-05
-1.863612e-03 4.250274e-05
-1.842461e-03 4.273943e-05
-1.820043e-03 4.129018e-05
-1.796855e-03 4.128670e-05
-1.774260e-03 4.226126e-05
-1.753268e-03 4.165241e-05
-1.733104e-03 4.149736e-05
-1.713160e-03 4.130867e-05
-1.692952e-03 4.018676e-05
-1.671662e-03 4.043299e-05
-1.649649e-03 3.990983e-05
-1.627923e-03 3.949435e-05
-1.607294e-03 4.017354e-05
-1.587675e-03 3.986703e-05
-1.568371e-03 3.969163e-05
-1.548831e-03 3.976978e-05
-1.528728e-03 3.889783e-05
-1.507999e-03 3.895990e-05
-1.487023e-03 3.871770e-05
-1.466410e-03 3.835853e-05
-1.446566e-03 3.864465e-05
-1.427667e-03 3.823319e-05
-1.409423e-03 3.817926e-05
-1.390815e-03 3.837805e-05
-1.371116e-03 3.725840e-05
-1.350850e-03 3.719686e-05
-1.330710e-03 3.709222e-05
-1.311159e-03 3.670020e-05
-1.292687e-03 3.741326e-05
-1.274810e-03 3.726285e-05
-1.256852e-03 3.671091e-05
-1.238257e-03 3.694444e-05
-1.218725e-03 3.616907e-05
-1.199102e-03 3.594505e-05
-1.180029e-03 3.609812e-05
-1.161696e-03 3.570749e-05
-1.144189e-03 3.600008e-05
-1.126788e-03 3.599268e-05
-1.108896e-03 3.515524e-05
-1.090461e-03 3.522821e-05
-1.071812e-03 3.507606e-05
-1.053398e-03 3.488006e-05
-1.035329e-03 3.504034e-05
-1.017849e-03 3.474455e-05
-1.000987e-03 3.482011e-05
-9.840154e-04 3.491289e-05
-9.666123e-04 3.444979e-05
-9.488403e-04 3.445750e-05
-9.307492e-04 3.395095e-05
-9.127915e-04 3.373480e-05
-8.954082e-04 3.421809e-05
-8.787849e-04 3.393615e-05
-8.624585e-04 3.351955e-05
-8.459002e-04 3.350909e-05
-8.291411e-04 3.314481e-05
-8.119469e-04 3.322940e-05
-7.945253e-04 3.308785e-05
-7.775109e-04 3.283764e-05
-7.610558e-04 3.307261e-05
-7.448118e-04 3.303091e-05
-7.284913e-04 3.291230e-05
-7.121337e-04 3.289152e-05
-6.954465e-04 3.215908e-05
-6.786642e-04 3.195260e-05
-6.621488e-04 3.182472e-05
-6.458085e-04 3.163009e-05
-6.298744e-04 3.176737e-05
-6.142675e-04 3.166381e-05
-5.986895e-04 3.154396e-05
-5.828633e-04 3.164963e-05
-5.665869e-04 3.107220e-05
-5.501898e-04 3.093688e-05
-5.341211e-04 3.110933e-05
-5.184271e-04 3.090407e-05
-5.032204e-04 3.114577e-05
-4.884072e-04 3.103942e-05
-4.734743e-04 3.054637e-05
-4.581540e-04 3.060058e-05
-4.425377e-04 3.037334e-05
-4.266639e-04 3.044657e-05
-4.107797e-04 3.051633e-05
-3.955208e-04 3.016545e-05
-3.808816e-04 3.022552e-05
-3.662249e-04 3.021681e-05
-3.512898e-04 2.972873e-05
-3.363070e-04 2.962239e-05
-3.213255e-04 2.932964e-05
-3.062720e-04 2.926708e-05
-2.912870e-04 2.931742e-05
-2.766558e-04 2.912322e-05
-2.624807e-04 2.923367e-05
-2.483136e-04 2.926855e-05
-2.338716e-04 2.890620e-05
-2.194540e-04 2.872217e-05
-2.051350e-04 2.837675e-05
-1.907683e-04 2.831976e-05
-1.763646e-04 2.820595e-05
-1.622231e-04 2.800751e-05
-1.483044e-04 2.772074e-05
-1.344796e-04 2.756100e-05
-1.208951e-04 2.751837e-05
-1.074056e-04 2.740879e-05
-9.381411e-05 2.693523e-05
-8.031772e-05 2.674479e-05
-6.695244e-05 2.643471e-05
-5.394221e-05 2.611013e-05
-4.110834e-05 2.559941e-05
-2.858427e-05 2.523143e-05
-1.617970e-05 2.430044e-05
-3.481586e-06 2.414552e-05
8.747777e-06 2.448770e-05
2.131130e-05 2.478127e-05
3.392704e-05 2.549973e-05
4.669245e-05 2.588204e-05
5.982451e-05 2.643289e-05
7.300878e-05 2.666322e-05
8.633693e-05 2.696359e-05
9.966856e-05 2.707382e-05
1.130489e-04 2.729862e-05
1.266973e-04 2.750303e-05
1.405940e-04 2.765593e-05
1.545383e-04 2.777689e-05
1.686751e-04 2.789722e-05
1.828050e-04 2.793672e-05
1.967934e-04 2.817702e-05
2.108467e-04 2.830260e-05
2.249859e-04 2.850803e-05
2.393328e-04 2.866759e-05
2.539593e-04 2.864478e-05
2.686566e-04 2.871778e-05
2.831324e-04 2.928795e-05
2.973551e-04 2.934217e-05
3.116928e-04 2.941306e-05
3.262172e-04 2.955048e-05
3.409041e-04 2.955048e-05
3.559589e-04 2.973073e-05
3.711679e-04 2.997381e-05
3.860172e-04 2.988623e-05
4.006310e-04 3.003455e-05
4.152413e-04 3.008599e-05
4.299955e-04 3.010348e-05
4.451210e-04 3.033261e-05
4.606537e-04 3.017564e-05
4.763814e-04 3.023634e-05
4.918004e-04 3.092042e-05
5.068899e-04 3.092670e-05
5.218600e-04 3.114104e-05
5.367813e-04 3.123140e-05
5.521307e-04 3.088723e-05
5.680579e-04 3.111010e-05
5.842462e-04 3.117599e-05
6.004391e-04 3.120250e-05
6.163397e-04 3.176448e-05
6.317471e-04 3.162771e-05
6.468912e-04 3.168495e-05
6.622858e-04 3.189905e-05
6.781551e-04 3.170450e-05
6.945093e-04 3.192485e-05
7.112093e-04 3.208154e-05
7.277724e-04 3.205664e-05
7.438122e-04 3.273878e-05
7.596524e-04 3.281998e-05
7.755506e-04 3.294619e-05
7.915510e-04 3.309772e-05
8.079400e-04 3.287236e-05
8.247920e-04 3.306838e-05
8.419456e-04 3.323536e-05
8.588441e-04 3.314287e-05
8.751705e-04 3.371455e-05
8.912961e-04 3.379966e-05
9.075958e-04 3.374540e-05
9.243898e-04 3.397661e-05
9.417789e-04 3.362737e-05
9.593747e-04 3.367116e-05
9.769426e-04 3.396614e-05
9.944768e-04 3.405321e-05
1.011360e-03 3.525277e-05
1.027553e-03 3.526951e-05
1.044161e-03 3.462226e-05
1.061736e-03 3.492230e-05
1.079909e-03 3.476076e-05
1.098327e-03 3.489700e-05
1.116538e-03 3.561933e-05
1.134073e-03 3.547544e-05
1.151065e-03 3.611615e-05
1.167963e-03 3.628908e-05
1.185516e-03 3.554105e-05
1.204110e-03 3.584845e-05
1.223091e-03 3.605978e-05
1.241934e-03 3.610149e-05
1.260238e-03 3.711275e-05
1.277828e-03 3.705019e-05
1.295270e-03 3.726357e-05
1.313190e-03 3.762584e-05
1.332029e-03 3.695726e-05
1.351681e-03 3.720493e-05
1.371421e-03 3.774560e-05
1.390690e-03 3.760557e-05
1.409152e-03 3.855832e-05
1.426889e-03 3.851801e-05
1.445078e-03 3.779586e-05
1.464398e-03 3.821341e-05
1.484481e-03 3.795761e-05
1.505131e-03 3.820736e-05
1.525478e-03 3.940886e-05
1.544658e-03 3.908703e-05
1.562953e-03 3.966286e-05
1.581491e-03 4.006950e-05
1.601157e-03 3.947235e-05
1.621706e-03 3.978799e-05
1.642692e-03 3.978605e-05
1.663745e-03 3.982512e-05
1.683982e-03 4.129404e-05
1.703034e-03 4.105542e-05
1.722157e-03 4.027227e-05
1.742128e-03 4.055448e-05
1.762730e-03 4.028866e-05
1.784583e-03 4.094207e-05
1.807262e-03 4.153564e-05
1.829006e-03 4.119094e-05
1.849272e-03 4.254359e-05
1.868756e-03 4.256034e-05
1.888614e-03 4.198090e-05
1.909838e-03 4.253477e-05
1.932280e-03 4.204441e-05
1.955345e-03 4.229813e-05
1.978550e-03 4.292995e-05
2.000788e-03 4.257933e-05
2.021505e-03 4.398043e-05
2.041633e-03 4.413112e-05
2.062405e-03 4.347611e-05
2.084982e-03 4.426411e-05
2.109308e-03 4.354111e-05
2.133731e-03 4.339722e-05
2.157080e-03 4.495158e-05
2.179173e-03 4.475954e-05
2.200203e-03 4.583119e-05
2.221358e-03 4.629233e-05
2.244115e-03 4.489899e-05
2.268863e-03 4.553006e-05
2.294333e-03 4.608300e-05
2.318733e-03 4.570138e-05
2.341849e-03 4.677429e-05
2.364121e-03 4.665542e-05
2.386074e-03 4.703529e-05
2.409089e-03 4.780955e-05
2.434129e-03 4.640457e-05
2.460551e-03 4.666326e-05
2.486655e-03 4.791758e-05
2.511671e-03 4.777995e-05
2.535342e-03 4.963105e-05
2.557948e-03 4.966094e-05
2.581221e-03 4.882092e-05
2.606377e-03 4.964807e-05
2.633322e-03 4.877408e-05
2.660955e-03 4.887244e-05
2.687816e-03 5.043245e-05
2.713120e-03 4.998934e-05
2.736717e-03 5.159764e-05
2.760137e-03 5.214053e-05
2.785624e-03 5.040239e-05
2.813191e-03 5.102537e-05
2.841602e-03 5.115327e-05
2.870014e-03 5.120001e-05
2.897363e-03 5.310496e-05
2.923161e-03 5.278697e-05
2.947840e-03 5.376163e-05
2.973458e-03 5.474800e-05
3.001540e-03 5.339002e-05
3.031124e-03 5.379944e-05
3.061212e-03 5.429709e-05
3.090467e-03 5.397903e-05
3.117678e-03 5.629675e-05
3.143602e-03 5.628255e-05
3.170174e-03 5.516032e-05
3.198763e-03 5.604173e-05
3.229084e-03 5.561025e-05
3.260732e-03 5.624976e-05
3.292584e-03 5.789841e-05
3.322593e-03 5.739003e-05
3.350053e-03 6.001394e-05
3.377134e-03 6.073111e-05
3.406337e-03 5.917886e-05
3.438147e-03 6.010311e-05
3.471597e-03 5.994466e-05
3.505315e-03 6.012817e-05
3.537770e-03 6.297254e-05
3.567735e-03 6.250522e-05
3.596644e-03 6.273583e-05
3.626557e-03 6.342301e-05
3.658489e-03 6.195989e-05
3.693502e-03 6.319492e-05
3.730032e-03 6.410448e-05
3.765515e-03 6.388829e-05
3.798660e-03 6.742813e-05
3.830047e-03 6.764971e-05
3.861483e-03 6.793264e-05
3.895147e-03 6.937327e-05
3.932228e-03 6.766598e-05
3.971779e-03 6.843737e-05
4.010787e-03 7.149186e-05
4.047286e-03 7.118114e-05
4.081881e-03 7.348105e-05
4.115832e-03 7.392522e-05
4.151219e-03 7.304737e-05
4.190574e-03 7.511378e-05
4.233638e-03 7.438319e-05
4.277867e-03 7.482061e-05
4.319784e-03 7.989789e-05
4.359209e-03 8.011892e-05
4.397478e-03 8.264639e-05
4.437082e-03 8.446621e-05
4.480366e-03 8.370997e-05
4.528676e-03 8.645984e-05
4.579345e-03 8.983565e-05
4.629386e-03 9.067282e-05
4.677889e-03 9.556601e-05
4.723903e-03 9.570130e-05
4.769380e-03 9.695862e-05
4.820236e-03 1.007651e-04
4.877208e-03 1.015328e-04
4.939931e-03 1.052756e-04
5.003106e-03 1.145194e-04
5.065714e-03 1.175060e-04
5.126672e-03 1.285578e-04
5.189975e-03 1.337600e-04
5.257939e-03 1.404015e-04
5.338488e-03 1.505161e-04
5.428386e-03 1.630211e-04
5.546095e-03 1.841943e-04
5.669700e-03 2.339923e-04
5.815199e-03 2.651630e-04
5.964246e-03 3.449907e-04
7.147071e-03 9.925377e-04
9.429883e-03 9.605772e-04
1.066790e-02 3.236219e-04
1.085064e-02 3.104562e-04
1.103135e-02 3.044872e-04
1.119871e-02 3.112780e-04
1.135436e-02 3.067083e-04
1.150798e-02 2.961972e-04
1.165911e-02 2.909097e-04
1.181086e-02 2.751857e-04
1.196340e-02 2.696321e-04
1.211080e-02 2.628838e-04
1.225318e-02 2.578102e-04
1.238866e-02 2.561752e-04
1.252251e-02 2.546216e-04
1.265306e-02 2.548521e-04
1.278120e-02 2.534910e-04
1.291368e-02 2.424625e-04
1.304469e-02 2.372792e-04
1.317239e-02 2.284717e-04
1.329176e-02 2.206225e-04
1.340316e-02 2.120989e-04
1.351107e-02 2.069294e-04
1.361572e-02 1.987305e-04
1.371978e-02 1.954125e-04
