-1.148661e-01 4.219776e-04
-1.146932e-01 4.257380e-04
-1.144967e-01 4.413688e-04
-1.142805e-01 4.517589e-04
-1.140691e-01 4.526102e-04
-1.138511e-01 4.438056e-04
-1.136224e-01 4.470678e-04
-1.133862e-01 4.434368e-04
-1.131491e-01 4.406442e-04
-1.129243e-01 4.534491e-04
-1.127124e-01 4.523515e-04
-1.125017e-01 4.513921e-04
-1.123025e-01 4.441972e-04
-1.120691e-01 3.677722e-04
-1.117656e-01 3.821012e-04
-1.114828e-01 4.562260e-04
-1.112559e-01 4.496806e-04
-1.110419e-01 4.530856e-04
-1.108294e-01 4.534517e-04
-1.106091e-01 4.415757e-04
-1.103757e-01 4.451631e-04
-1.101383e-01 4.485949e-04
-1.099089e-01 4.450498e-04
-1.096881e-01 4.494910e-04
-1.094879e-01 4.388036e-04
-1.092681e-01 3.769111e-04
-1.089803e-01 3.952442e-04
-1.086918e-01 4.505461e-04
-1.084441e-01 4.463086e-04
-1.082081e-01 4.484892e-04
-1.079790e-01 4.451261e-04
-1.077605e-01 4.536802e-04
-1.075478e-01 4.532254e-04
-1.073317e-01 4.461630e-04
-1.071057e-01 4.496349e-04
-1.068725e-01 4.472562e-04
-1.066416e-01 4.450420e-04
-1.064606e-01 5.230393e-04
-1.063085e-01 5.335027e-04
-1.060990e-01 4.659072e-04
-1.058601e-01 4.574510e-04
-1.056293e-01 4.477976e-04
-1.053950e-01 4.484633e-04
-1.051584e-01 4.464375e-04
-1.049275e-01 4.423418e-04
-1.047084e-01 4.506673e-04
-1.044941e-01 4.508096e-04
-1.042747e-01 4.428291e-04
-1.040452e-01 4.460206e-04
-1.038550e-01 5.198107e-04
-1.036979e-01 5.266965e-04
-1.034919e-01 4.649595e-04
-1.032611e-01 4.574939e-04
-1.030420e-01 4.562163e-04
-1.028260e-01 4.539040e-04
-1.026064e-01 4.416055e-04
-1.023703e-01 4.470096e-04
-1.021282e-01 4.519496e-04
-1.018926e-01 4.498148e-04
-1.016616e-01 4.570820e-04
-1.014376e-01 4.554473e-04
-1.012341e-01 4.797613e-04
-1.010205e-01 4.946573e-04
-1.007652e-01 4.659726e-04
-1.005112e-01 4.549051e-04
-1.002768e-01 4.571876e-04
-1.000491e-01 4.539894e-04
-9.983022e-02 4.599066e-04
-9.961575e-02 4.593444e-04
-9.939594e-02 4.487781e-04
-9.915942e-02 4.529858e-04
-9.891547e-02 4.523481e-04
-9.867679e-02 4.509815e-04
-9.846532e-02 4.921676e-04
-9.826648e-02 4.995082e-04
-9.803689e-02 4.689765e-04
-9.780167e-02 4.613037e-04
-9.757227e-02 4.496941e-04
-9.733392e-02 4.508382e-04
-9.709458e-02 4.523402e-04
-9.686036e-02 4.498143e-04
-9.663657e-02 4.600428e-04
-9.641837e-02 4.603957e-04
-9.619609e-02 4.546254e-04
-9.596466e-02 4.580048e-04
-9.574293e-02 4.833917e-04
-9.552167e-02 4.922945e-04
-9.527314e-02 4.718741e-04
-9.503302e-02 4.594782e-04
-9.481026e-02 4.596948e-04
-9.458254e-02 4.627325e-04
-9.434976e-02 4.568777e-04
-9.411074e-02 4.585551e-04
-9.387083e-02 4.617301e-04
-9.363912e-02 4.578988e-04
-9.341796e-02 4.649965e-04
-9.319943e-02 4.659552e-04
-9.299361e-02 4.900887e-04
-9.277957e-02 5.037195e-04
-9.252126e-02 4.670582e-04
-9.225789e-02 4.548570e-04
-9.201854e-02 4.613612e-04
-9.179066e-02 4.588852e-04
-9.156942e-02 4.629943e-04
-9.134775e-02 4.647360e-04
-9.111895e-02 4.577629e-04
-9.088006e-02 4.612707e-04
-9.063637e-02 4.630374e-04
-9.039914e-02 4.598105e-04
-9.018455e-02 4.883013e-04
-8.997996e-02 4.926216e-04
-8.974847e-02 4.601063e-04
-8.949855e-02 4.593727e-04
-8.925293e-02 4.644581e-04
-8.901086e-02 4.641725e-04
-8.877390e-02 4.718169e-04
-8.854590e-02 4.692237e-04
-8.832254e-02 4.697359e-04
-8.809843e-02 4.703766e-04
-8.786522e-02 4.628832e-04
-8.762199e-02 4.662131e-04
-8.738638e-02 4.824149e-04
-8.715773e-02 4.840172e-04
-8.691551e-02 4.656171e-04
-8.667288e-02 4.592733e-04
-8.644613e-02 4.683697e-04
-8.621856e-02 4.721258e-04
-8.598124e-02 4.661595e-04
-8.573759e-02 4.678495e-04
-8.549415e-02 4.729134e-04
-8.525537e-02 4.697782e-04
-8.502411e-02 4.736124e-04
-8.479857e-02 4.737164e-04
-8.457350e-02 4.747849e-04
-8.434691e-02 4.760801e-04
-8.410323e-02 4.514356e-04
-8.384426e-02 4.516762e-04
-8.359948e-02 4.758066e-04
-8.337192e-02 4.742320e-04
-8.314672e-02 4.737562e-04
-8.291616e-02 4.767841e-04
-8.267606e-02 4.693929e-04
-8.242998e-02 4.702977e-04
-8.218514e-02 4.748614e-04
-8.194764e-02 4.721303e-04
-8.172049e-02 4.817103e-04
-8.150221e-02 4.798784e-04
-8.127583e-02 4.614051e-04
-8.102923e-02 4.668036e-04
-8.077414e-02 4.735643e-04
-8.052502e-02 4.724718e-04
-8.028657e-02 4.813000e-04
-8.005488e-02 4.803792e-04
-7.982535e-02 4.814636e-04
-7.959288e-02 4.836336e-04
-7.935069e-02 4.733061e-04
-7.909941e-02 4.751070e-04
-7.885119e-02 4.853053e-04
-7.862386e-02 4.763312e-04
-7.840166e-02 4.599453e-04
-7.815512e-02 4.665951e-04
-7.790385e-02 4.772043e-04
-7.765826e-02 4.797219e-04
-7.740820e-02 4.792979e-04
-7.715958e-02 4.782870e-04
-7.691875e-02 4.883907e-04
-7.668665e-02 4.868307e-04
-7.645548e-02 4.840434e-04
-7.621949e-02 4.859120e-04
-7.597641e-02 4.793533e-04
-7.572812e-02 4.800959e-04
-7.547641e-02 4.765087e-04
-7.522427e-02 4.754763e-04
-7.498202e-02 4.889811e-04
-7.474848e-02 4.886560e-04
-7.451323e-02 4.849210e-04
-7.426892e-02 4.889807e-04
-7.401590e-02 4.858040e-04
-7.376432e-02 4.837918e-04
-7.351568e-02 4.891806e-04
-7.327347e-02 4.872396e-04
-7.303897e-02 4.886019e-04
-7.280703e-02 4.875471e-04
-7.256734e-02 4.715507e-04
-7.230977e-02 4.766382e-04
-7.205135e-02 4.894185e-04
-7.180548e-02 4.864153e-04
-7.156779e-02 4.918316e-04
-7.133279e-02 4.921418e-04
-7.109491e-02 4.881389e-04
-7.084585e-02 4.912015e-04
-7.058946e-02 4.875174e-04
-7.033567e-02 4.868434e-04
-7.008681e-02 4.931259e-04
-6.984871e-02 4.889692e-04
-6.961592e-02 4.862529e-04
-6.937602e-02 4.895165e-04
-6.912849e-02 4.859273e-04
-6.887551e-02 4.878854e-04
-6.862023e-02 4.894872e-04
-6.836966e-02 4.872532e-04
-6.812781e-02 4.955096e-04
-6.789235e-02 4.946803e-04
-6.765509e-02 4.894050e-04
-6.740968e-02 4.923636e-04
-6.715637e-02 4.874833e-04
-6.690232e-02 4.861597e-04
-6.665130e-02 4.875006e-04
-6.640194e-02 4.869959e-04
-6.615586e-02 4.973014e-04
-6.591347e-02 4.987881e-04
-6.566782e-02 4.911892e-04
-6.541486e-02 4.928883e-04
-6.515891e-02 4.925810e-04
-6.490563e-02 4.908587e-04
-6.466045e-02 4.997397e-04
-6.442259e-02 4.984997e-04
-6.418499e-02 4.954675e-04
-6.394285e-02 4.971224e-04
-6.368995e-02 4.835787e-04
-6.342483e-02 4.861130e-04
-6.316346e-02 4.995118e-04
-6.291413e-02 4.947921e-04
-6.267272e-02 4.948550e-04
-6.243441e-02 4.952730e-04
-6.219194e-02 4.895661e-04
-6.194191e-02 4.920248e-04
-6.168701e-02 4.907741e-04
-6.143302e-02 4.897777e-04
-6.118337e-02 4.942032e-04
-6.094347e-02 4.899751e-04
-6.071194e-02 4.920948e-04
-6.046954e-02 4.993495e-04
-6.021169e-02 4.938612e-04
-5.995175e-02 4.931235e-04
-5.969527e-02 4.968104e-04
-5.944558e-02 4.940911e-04
-5.920410e-02 5.001491e-04
-5.896578e-02 5.004507e-04
-5.872445e-02 4.963129e-04
-5.847501e-02 4.996618e-04
-5.821330e-02 4.947502e-04
-5.795341e-02 4.919132e-04
-5.770323e-02 4.939803e-04
-5.745575e-02 4.930932e-04
-5.721137e-02 4.958493e-04
-5.696909e-02 4.955629e-04
-5.672176e-02 4.862298e-04
-5.646636e-02 4.877598e-04
-5.621034e-02 4.909720e-04
-5.596304e-02 4.868453e-04
-5.572518e-02 4.912378e-04
-5.548620e-02 4.912615e-04
-5.524315e-02 4.844786e-04
-5.499767e-02 4.857204e-04
-5.474681e-02 4.802724e-04
-5.449283e-02 4.801663e-04
-5.424438e-02 4.890040e-04
-5.400714e-02 4.854962e-04
-5.377566e-02 4.853217e-04
-5.354225e-02 4.864207e-04
-5.330108e-02 4.766546e-04
-5.305155e-02 4.781245e-04
-5.280288e-02 4.836262e-04
-5.256093e-02 4.816029e-04
-5.232541e-02 4.866404e-04
-5.209213e-02 4.871258e-04
-5.185465e-02 4.815320e-04
-5.160789e-02 4.850584e-04
-5.135516e-02 4.849645e-04
-5.110443e-02 4.837455e-04
-5.085391e-02 4.868157e-04
-5.060882e-02 4.846625e-04
-5.037321e-02 4.884169e-04
-5.013815e-02 4.894332e-04
-4.989798e-02 4.836684e-04
-4.965118e-02 4.856160e-04
-4.939934e-02 4.825408e-04
-4.914903e-02 4.805112e-04
-4.890632e-02 4.876617e-04
-4.867079e-02 4.858749e-04
-4.843668e-02 4.832597e-04
-4.819554e-02 4.843582e-04
-4.794751e-02 4.759335e-04
-4.770025e-02 4.746203e-04
-4.745648e-02 4.767611e-04
-4.721905e-02 4.737478e-04
-4.698865e-02 4.770434e-04
-4.675773e-02 4.785508e-04
-4.652160e-02 4.741080e-04
-4.628079e-02 4.752943e-04
-4.603887e-02 4.767311e-04
-4.579983e-02 4.755261e-04
-4.556352e-02 4.766886e-04
-4.533271e-02 4.738153e-04
-4.510599e-02 4.726183e-04
-4.487411e-02 4.752732e-04
-4.463429e-02 4.695202e-04
-4.438964e-02 4.703335e-04
-4.414632e-02 4.747839e-04
-4.391072e-02 4.717782e-04
-4.367747e-02 4.732879e-04
-4.344372e-02 4.741123e-04
-4.321219e-02 4.741907e-04
-4.297255e-02 4.791280e-04
-4.272175e-02 4.740777e-04
-4.247531e-02 4.696303e-04
-4.224004e-02 4.760723e-04
-4.200853e-02 4.761046e-04
-4.177687e-02 4.759147e-04
-4.154213e-02 4.777001e-04
-4.130267e-02 4.747052e-04
-4.105582e-02 4.759039e-04
-4.080859e-02 4.786411e-04
-4.056851e-02 4.774936e-04
-4.033647e-02 4.876223e-04
-4.010972e-02 4.881312e-04
-3.987719e-02 4.800033e-04
-3.963666e-02 4.818490e-04
-3.939178e-02 4.797696e-04
-3.914636e-02 4.793459e-04
-3.890388e-02 4.830578e-04
-3.866665e-02 4.812683e-04
-3.843271e-02 4.817440e-04
-3.819772e-02 4.825345e-04
-3.795736e-02 4.758261e-04
-3.771298e-02 4.758005e-04
-3.746982e-02 4.777572e-04
-3.722901e-02 4.770652e-04
-3.699031e-02 4.786459e-04
-3.675491e-02 4.772460e-04
-3.651803e-02 4.768946e-04
-3.627796e-02 4.786704e-04
-3.603590e-02 4.742133e-04
-3.579218e-02 4.736252e-04
-3.555192e-02 4.778376e-04
-3.531662e-02 4.763449e-04
-3.508433e-02 4.772433e-04
-3.485112e-02 4.781213e-04
-3.461445e-02 4.747388e-04
-3.437220e-02 4.768976e-04
-3.412493e-02 4.744332e-04
-3.387763e-02 4.713991e-04
-3.363779e-02 4.754666e-04
-3.340512e-02 4.747726e-04
-3.317286e-02 4.735390e-04
-3.293768e-02 4.748426e-04
-3.269798e-02 4.709676e-04
-3.245731e-02 4.701397e-04
-3.221985e-02 4.731419e-04
-3.198542e-02 4.724104e-04
-3.175336e-02 4.742961e-04
-3.152231e-02 4.743758e-04
-3.128892e-02 4.707368e-04
-3.104963e-02 4.729493e-04
-3.080777e-02 4.748197e-04
-3.056817e-02 4.741471e-04
-3.033130e-02 4.768193e-04
-3.009764e-02 4.758722e-04
-2.986566e-02 4.760352e-04
-2.963048e-02 4.780099e-04
-2.938721e-02 4.760385e-04
-2.914291e-02 4.759512e-04
-2.890302e-02 4.770474e-04
-2.866689e-02 4.751714e-04
-2.843473e-02 4.766552e-04
-2.820012e-02 4.786701e-04
-2.796210e-02 4.785233e-04
-2.772110e-02 4.802695e-04
-2.747723e-02 4.802890e-04
-2.723269e-02 4.806981e-04
-2.699167e-02 4.877940e-04
-2.675056e-02 4.881829e-04
-2.650790e-02 4.866159e-04
-2.626366e-02 4.892049e-04
-2.601587e-02 4.904998e-04
-2.576659e-02 4.918574e-04
-2.551563e-02 4.928280e-04
-2.526770e-02 4.913699e-04
-2.502416e-02 4.946061e-04
-2.478280e-02 4.944751e-04
-2.453903e-02 4.901320e-04
-2.429120e-02 4.909911e-04
-2.404188e-02 4.909009e-04
-2.379206e-02 4.911645e-04
-2.354462e-02 4.958317e-04
-2.330042e-02 4.955800e-04
-2.305744e-02 4.968902e-04
-2.281134e-02 4.992310e-04
-2.255964e-02 4.964609e-04
-2.230552e-02 4.969102e-04
-2.204836e-02 4.993690e-04
-2.179297e-02 4.992078e-04
-2.154474e-02 5.044342e-04
-2.129785e-02 5.054996e-04
-2.104900e-02 5.051825e-04
-2.079598e-02 5.075947e-04
-2.053850e-02 5.067960e-04
-2.027959e-02 5.073715e-04
-2.002278e-02 5.125118e-04
-1.976909e-02 5.124633e-04
-1.951664e-02 5.144110e-04
-1.925785e-02 5.165847e-04
-1.899547e-02 5.166163e-04
-1.873413e-02 5.183414e-04
-1.847098e-02 5.201292e-04
-1.820732e-02 5.210799e-04
-1.794659e-02 5.285479e-04
-1.768680e-02 5.306834e-04
-1.742471e-02 5.327743e-04
-1.715818e-02 5.361788e-04
-1.688725e-02 5.383119e-04
-1.661602e-02 5.392577e-04
-1.634459e-02 5.415366e-04
-1.607372e-02 5.420247e-04
-1.580469e-02 5.464214e-04
-1.553630e-02 5.476328e-04
-1.526403e-02 5.445846e-04
-1.498918e-02 5.450242e-04
-1.471361e-02 5.450299e-04
-1.444137e-02 5.430358e-04
-1.417269e-02 5.434042e-04
-1.390606e-02 5.423183e-04
-1.363452e-02 5.379358e-04
-1.336267e-02 5.365313e-04
-1.309482e-02 5.324931e-04
-1.282615e-02 5.315435e-04
-1.255840e-02 5.304414e-04
-1.229617e-02 5.267042e-04
-1.203755e-02 5.223724e-04
-1.177934e-02 5.205757e-04
-1.152054e-02 5.145820e-04
-1.126066e-02 5.130828e-04
-1.100199e-02 5.109179e-04
-1.074180e-02 5.087300e-04
-1.048514e-02 5.085638e-04
-1.023621e-02 5.061870e-04
-9.988599e-03 5.018017e-04
-9.739912e-03 5.008616e-04
-9.489054e-03 4.946712e-04
-9.240361e-03 4.911399e-04
-8.993787e-03 4.848747e-04
-8.752127e-03 4.796738e-04
-8.515802e-03 4.741030e-04
-8.283682e-03 4.695760e-04
-8.053558e-03 4.603509e-04
-7.824842e-03 4.561754e-04
-7.597428e-03 4.467776e-04
-7.373598e-03 4.412391e-04
-7.155319e-03 4.350909e-04
-6.941568e-03 4.301624e-04
-6.730171e-03 4.204194e-04
-6.523220e-03 4.142408e-04
-6.316288e-03 4.021581e-04
-6.111245e-03 3.966402e-04
-5.913097e-03 3.876751e-04
-5.719598e-03 3.816493e-04
-5.531624e-03 3.741639e-04
-5.347958e-03 3.688743e-04
-5.167821e-03 3.600756e-04
-4.989855e-03 3.556085e-04
-4.814534e-03 3.476123e-04
-4.641656e-03 3.432673e-04
-4.471233e-03 3.352887e-04
-4.301874e-03 3.302901e-04
-4.137015e-03 3.239912e-04
-3.978163e-03 3.196258e-04
-3.821655e-03 3.114212e-04
-3.667035e-03 3.073276e-04
-3.514410e-03 2.993014e-04
-3.364919e-03 2.945276e-04
-3.219122e-03 2.874260e-04
-3.076244e-03 2.831147e-04
-2.937066e-03 2.773041e-04
-2.800386e-03 2.737111e-04
-2.665385e-03 2.665462e-04
-2.532215e-03 2.628624e-04
-2.401729e-03 2.571094e-04
-2.274000e-03 2.533832e-04
-2.149065e-03 2.476955e-04
-2.026396e-03 2.442862e-04
-1.906247e-03 2.390204e-04
-1.787814e-03 2.360916e-04
-1.669162e-03 2.304859e-04
-1.552568e-03 2.272134e-04
-1.440476e-03 2.227014e-04
-1.330587e-03 2.197510e-04
-1.222439e-03 2.144580e-04
-1.116184e-03 2.114149e-04
-1.012098e-03 2.065859e-04
-9.101115e-04 2.035842e-04
-8.097300e-04 1.979193e-04
-7.115381e-04 1.945639e-04
-6.157700e-04 1.892944e-04
-5.209475e-04 1.859957e-04
-4.283157e-04 1.805435e-04
-3.394734e-04 1.771564e-04
-2.525513e-04 1.709603e-04
-1.675577e-04 1.675872e-04
-8.495772e-05 1.621415e-04
-9.867243e-08 1.615481e-04
8.195827e-05 1.644707e-04
1.666887e-04 1.671501e-04
2.517579e-04 1.739515e-04
3.390271e-04 1.777247e-04
4.289371e-04 1.837970e-04
5.208591e-04 1.871942e-04
6.154117e-04 1.922438e-04
7.119575e-04 1.952603e-04
8.106198e-04 2.001065e-04
9.110747e-04 2.029295e-04
1.013346e-03 2.077373e-04
1.117709e-03 2.107261e-04
1.225663e-03 2.157756e-04
1.335702e-03 2.188654e-04
1.446183e-03 2.240180e-04
1.558843e-03 2.271836e-04
1.673695e-03 2.323147e-04
1.790394e-03 2.352718e-04
1.908778e-03 2.406769e-04
2.029349e-03 2.439380e-04
2.152530e-03 2.486306e-04
2.280821e-03 2.522338e-04
2.410735e-03 2.594774e-04
2.540597e-03 2.631943e-04
2.673021e-03 2.692434e-04
2.807426e-03 2.726143e-04
2.944028e-03 2.783085e-04
3.084221e-03 2.825135e-04
3.227691e-03 2.887315e-04
3.374895e-03 2.932111e-04
3.524226e-03 3.020882e-04
3.675057e-03 3.061927e-04
3.829082e-03 3.122648e-04
3.986752e-03 3.166370e-04
4.146644e-03 3.250574e-04
4.309641e-03 3.299566e-04
4.476899e-03 3.364662e-04
4.646664e-03 3.403176e-04
4.818171e-03 3.480934e-04
4.992220e-03 3.524233e-04
5.171299e-03 3.606313e-04
5.355082e-03 3.664437e-04
5.541066e-03 3.744076e-04
5.731346e-03 3.798613e-04
5.925903e-03 3.878546e-04
6.123918e-03 3.928121e-04
6.321898e-03 4.066980e-04
6.522139e-03 4.130446e-04
6.728471e-03 4.204701e-04
6.941016e-03 4.268911e-04
7.158669e-03 4.361822e-04
7.382886e-03 4.414402e-04
7.609604e-03 4.517856e-04
7.833144e-03 4.556044e-04
8.059495e-03 4.615192e-04
8.290220e-03 4.662707e-04
8.526185e-03 4.707524e-04
8.767176e-03 4.753770e-04
9.008946e-03 4.868862e-04
9.249881e-03 4.905469e-04
9.492770e-03 4.974421e-04
9.736411e-03 5.003837e-04
9.983782e-03 5.023560e-04
1.023548e-02 5.056554e-04
1.049189e-02 5.069983e-04
1.074942e-02 5.081592e-04
1.100544e-02 5.138784e-04
1.125949e-02 5.147667e-04
1.151731e-02 5.174837e-04
1.177816e-02 5.202885e-04
1.203838e-02 5.226299e-04
1.230281e-02 5.260145e-04
1.256937e-02 5.318444e-04
1.283508e-02 5.334195e-04
1.310016e-02 5.388873e-04
1.336501e-02 5.407108e-04
1.363285e-02 5.407539e-04
1.390423e-02 5.429179e-04
1.417911e-02 5.430726e-04
1.445985e-02 5.441688e-04
1.473940e-02 5.492213e-04
1.501055e-02 5.484807e-04
1.527954e-02 5.500136e-04
1.554801e-02 5.502563e-04
1.582034e-02 5.445544e-04
1.609619e-02 5.446016e-04
1.637228e-02 5.443369e-04
1.664467e-02 5.420311e-04
1.691263e-02 5.429732e-04
1.717745e-02 5.414331e-04
1.744292e-02 5.360938e-04
1.770822e-02 5.340620e-04
1.797481e-02 5.263073e-04
1.824337e-02 5.246790e-04
1.850896e-02 5.250743e-04
1.876890e-02 5.218435e-04
1.902465e-02 5.198520e-04
1.928031e-02 5.190782e-04
1.954067e-02 5.155927e-04
1.980415e-02 5.162113e-04
2.006604e-02 5.140441e-04
2.032648e-02 5.123940e-04
2.058284e-02 5.146747e-04
2.083537e-02 5.131706e-04
2.108643e-02 5.114419e-04
2.133848e-02 5.114145e-04
2.159345e-02 5.063891e-04
2.185344e-02 5.053005e-04
2.211308e-02 5.029252e-04
2.236628e-02 5.005031e-04
2.261414e-02 5.026500e-04
2.285881e-02 5.015190e-04
2.310377e-02 4.978987e-04
2.335244e-02 4.988064e-04
2.360518e-02 4.945914e-04
2.385815e-02 4.932066e-04
2.410730e-02 4.956968e-04
2.435396e-02 4.951095e-04
2.459759e-02 4.984956e-04
2.483968e-02 4.987994e-04
2.508563e-02 4.932510e-04
2.533750e-02 4.947863e-04
2.559047e-02 4.972382e-04
2.584018e-02 4.961835e-04
2.608646e-02 4.989480e-04
2.632912e-02 4.977858e-04
2.657565e-02 4.943692e-04
2.682416e-02 4.943153e-04
2.707127e-02 4.902511e-04
2.732017e-02 4.898812e-04
2.756651e-02 4.931877e-04
2.780504e-02 4.896572e-04
2.804115e-02 4.839016e-04
2.827910e-02 4.829477e-04
2.851756e-02 4.794220e-04
2.875921e-02 4.800923e-04
2.900282e-02 4.786612e-04
2.924986e-02 4.780236e-04
2.949365e-02 4.817022e-04
2.972946e-02 4.804214e-04
2.996396e-02 4.790592e-04
3.020317e-02 4.813858e-04
3.044900e-02 4.768887e-04
3.069537e-02 4.755892e-04
3.093731e-02 4.793111e-04
3.117499e-02 4.781080e-04
3.140923e-02 4.804620e-04
3.164304e-02 4.810508e-04
3.187988e-02 4.776703e-04
3.212012e-02 4.784858e-04
3.236296e-02 4.764388e-04
3.260614e-02 4.758930e-04
3.284555e-02 4.805953e-04
3.308371e-02 4.815467e-04
3.333469e-02 4.687584e-04
3.359064e-02 4.671844e-04
3.383464e-02 4.768358e-04
3.407627e-02 4.788664e-04
3.432039e-02 4.803347e-04
3.456180e-02 4.792222e-04
3.479898e-02 4.832589e-04
3.503396e-02 4.833747e-04
3.527102e-02 4.801896e-04
3.551272e-02 4.818559e-04
3.575810e-02 4.802897e-04
3.600768e-02 4.800588e-04
3.625648e-02 4.807939e-04
3.649750e-02 4.785659e-04
3.673281e-02 4.818312e-04
3.696873e-02 4.833721e-04
3.720978e-02 4.791398e-04
3.745552e-02 4.804116e-04
3.770210e-02 4.825373e-04
3.794767e-02 4.826989e-04
3.818894e-02 4.902560e-04
3.842587e-02 4.903954e-04
3.866417e-02 4.885191e-04
3.890679e-02 4.904260e-04
3.915057e-02 4.938026e-04
3.939050e-02 4.927277e-04
3.963075e-02 4.892360e-04
3.987103e-02 4.879975e-04
4.010903e-02 4.883506e-04
4.034739e-02 4.886917e-04
4.059285e-02 4.839233e-04
4.084251e-02 4.847314e-04
4.109124e-02 4.823548e-04
4.133773e-02 4.801452e-04
4.157728e-02 4.856913e-04
4.181118e-02 4.842665e-04
4.204317e-02 4.835245e-04
4.227682e-02 4.842664e-04
4.251685e-02 4.755881e-04
4.276662e-02 4.761684e-04
4.301417e-02 4.815299e-04
4.325094e-02 4.791618e-04
4.348282e-02 4.807177e-04
4.371619e-02 4.821746e-04
4.395554e-02 4.763078e-04
4.420041e-02 4.774811e-04
4.444574e-02 4.799618e-04
4.468769e-02 4.788384e-04
4.492861e-02 4.774244e-04
4.516257e-02 4.727492e-04
4.538664e-02 4.761623e-04
4.561709e-02 4.812092e-04
4.585934e-02 4.756569e-04
4.610528e-02 4.758518e-04
4.634933e-02 4.795220e-04
4.658933e-02 4.784326e-04
4.682523e-02 4.822044e-04
4.705778e-02 4.815706e-04
4.729693e-02 4.748337e-04
4.754411e-02 4.772329e-04
4.779557e-02 4.706041e-04
4.804691e-02 4.681517e-04
4.828368e-02 4.858922e-04
4.851430e-02 4.885279e-04
4.874941e-02 4.882871e-04
4.898753e-02 4.900172e-04
4.923143e-02 4.850917e-04
4.948318e-02 4.880804e-04
4.973648e-02 4.938164e-04
4.998856e-02 4.928775e-04
5.023418e-02 5.009866e-04
5.047039e-02 5.005123e-04
5.072033e-02 4.764750e-04
5.098039e-02 4.738254e-04
5.122854e-02 4.861577e-04
5.147566e-02 4.899882e-04
5.172551e-02 4.960451e-04
5.196727e-02 4.933947e-04
5.220458e-02 4.934293e-04
5.244153e-02 4.932323e-04
5.268385e-02 4.838066e-04
5.293377e-02 4.849362e-04
5.318557e-02 4.849362e-04
5.343543e-02 4.837726e-04
5.368491e-02 4.811807e-04
5.393358e-02 4.797605e-04
5.417257e-02 4.918299e-04
5.440857e-02 4.943992e-04
5.465822e-02 4.849374e-04
5.491421e-02 4.853507e-04
5.516522e-02 4.886474e-04
5.541342e-02 4.881259e-04
5.565524e-02 4.974249e-04
5.589265e-02 4.980910e-04
5.613378e-02 4.936725e-04
5.638241e-02 4.966247e-04
5.664157e-02 4.870966e-04
5.691313e-02 4.888727e-04
5.717647e-02 5.076204e-04
5.741920e-02 5.042384e-04
5.765751e-02 5.021933e-04
5.789993e-02 5.039165e-04
5.814932e-02 4.971633e-04
5.840630e-02 4.992589e-04
5.866642e-02 4.998709e-04
5.892575e-02 4.996191e-04
5.917876e-02 5.093672e-04
5.942310e-02 5.077085e-04
5.966661e-02 5.044969e-04
5.991864e-02 5.084308e-04
6.017765e-02 5.077631e-04
6.043428e-02 5.060920e-04
6.068934e-02 5.040526e-04
6.094027e-02 5.008454e-04
6.118317e-02 5.052541e-04
6.142452e-02 5.059247e-04
6.167650e-02 4.963772e-04
6.193710e-02 4.981231e-04
6.219739e-02 4.971286e-04
6.245460e-02 4.949014e-04
6.270388e-02 5.020587e-04
6.294625e-02 5.004479e-04
6.318502e-02 5.020219e-04
6.342816e-02 5.052219e-04
6.368070e-02 4.982681e-04
6.394011e-02 4.999232e-04
6.420035e-02 5.031280e-04
6.445707e-02 4.998692e-04
6.470583e-02 5.040994e-04
6.494796e-02 5.039225e-04
6.519300e-02 4.986101e-04
6.544543e-02 5.010989e-04
6.570475e-02 4.965769e-04
6.597086e-02 4.990040e-04
6.623149e-02 5.147934e-04
6.647180e-02 5.083576e-04
6.670640e-02 4.999986e-04
6.695049e-02 5.026545e-04
6.720198e-02 4.977852e-04
6.745800e-02 4.987408e-04
6.771477e-02 5.001777e-04
6.796898e-02 4.991750e-04
6.821687e-02 5.068472e-04
6.845567e-02 5.041823e-04
6.869862e-02 4.961428e-04
6.895489e-02 5.012403e-04
6.921284e-02 5.063263e-04
6.946296e-02 5.034092e-04
6.971070e-02 4.992628e-04
6.995563e-02 4.960755e-04
7.019423e-02 4.978805e-04
7.043353e-02 4.989579e-04
7.068200e-02 4.865090e-04
7.094130e-02 4.885957e-04
7.120093e-02 4.938482e-04
7.145715e-02 4.914102e-04
7.170364e-02 5.008759e-04
7.194686e-02 5.045623e-04
7.219394e-02 5.083879e-04
7.243373e-02 5.054130e-04
7.267857e-02 4.888139e-04
7.293384e-02 4.890392e-04
7.318480e-02 4.967613e-04
7.342629e-02 4.938835e-04
7.366221e-02 4.951306e-04
7.390159e-02 4.976540e-04
7.414949e-02 4.905555e-04
7.440306e-02 4.913820e-04
7.465928e-02 4.893100e-04
7.491758e-02 4.898114e-04
7.516244e-02 5.134266e-04
7.538676e-02 5.096847e-04
7.561701e-02 4.895287e-04
7.586266e-02 4.914537e-04
7.611670e-02 4.890156e-04
7.637323e-02 4.896712e-04
7.662482e-02 4.935415e-04
7.686701e-02 4.892466e-04
7.710347e-02 4.869444e-04
7.734301e-02 4.879797e-04
7.758584e-02 4.853211e-04
7.785054e-02 4.976037e-04
7.813598e-02 4.968696e-04
7.840292e-02 4.832058e-04
7.864495e-02 4.870560e-04
7.888016e-02 4.865622e-04
7.911349e-02 4.883177e-04
7.935032e-02 4.910429e-04
7.959658e-02 4.829851e-04
7.984778e-02 4.830302e-04
8.009813e-02 4.845842e-04
8.034182e-02 4.811689e-04
8.057626e-02 4.869955e-04
8.081306e-02 4.905016e-04
8.105894e-02 4.851719e-04
8.130305e-02 4.821846e-04
8.154577e-02 4.762141e-04
8.179323e-02 4.768902e-04
8.203552e-02 4.873135e-04
8.226714e-02 4.847034e-04
8.249616e-02 4.817796e-04
8.272964e-02 4.833870e-04
8.297501e-02 4.740350e-04
8.322807e-02 4.753085e-04
8.347661e-02 4.803692e-04
8.372150e-02 4.799810e-04
8.396342e-02 4.839218e-04
8.419368e-02 4.782848e-04
8.441933e-02 4.703366e-04
8.465620e-02 4.742701e-04
8.490106e-02 4.717603e-04
8.514702e-02 4.715337e-04
8.538730e-02 4.805018e-04
8.562120e-02 4.777043e-04
8.585320e-02 4.730389e-04
8.608701e-02 4.746130e-04
8.632573e-02 4.708450e-04
8.657170e-02 4.738109e-04
8.682566e-02 4.688016e-04
8.707242e-02 4.626937e-04
8.730008e-02 4.773973e-04
8.752011e-02 4.781525e-04
8.774614e-02 4.703210e-04
8.798099e-02 4.727689e-04
8.822483e-02 4.646938e-04
8.847421e-02 4.650912e-04
8.871856e-02 4.745150e-04
8.895002e-02 4.702129e-04
8.917129e-02 4.751493e-04
8.939403e-02 4.778114e-04
8.963306e-02 4.639819e-04
8.988151e-02 4.646728e-04
9.012658e-02 4.662859e-04
9.036563e-02 4.632186e-04
9.059478e-02 4.713665e-04
9.081804e-02 4.707292e-04
9.104215e-02 4.675225e-04
9.127311e-02 4.705203e-04
9.151528e-02 4.599919e-04
9.176171e-02 4.588001e-04
9.200047e-02 4.684221e-04
9.223310e-02 4.660503e-04
9.246370e-02 4.628224e-04
9.268866e-02 4.603994e-04
9.291057e-02 4.587437e-04
9.314398e-02 4.650208e-04
9.338821e-02 4.644951e-04
9.362795e-02 4.616159e-04
9.385724e-02 4.709285e-04
9.407789e-02 4.691408e-04
9.430087e-02 4.603539e-04
9.453292e-02 4.625944e-04
9.476940e-02 4.614587e-04
9.500824e-02 4.624552e-04
9.525194e-02 4.571696e-04
9.548941e-02 4.515305e-04
9.571051e-02 4.629707e-04
9.592932e-02 4.657299e-04
9.615206e-02 4.668465e-04
9.637821e-02 4.692847e-04
9.661747e-02 4.600670e-04
9.686178e-02 4.598077e-04
9.710031e-02 4.628832e-04
9.733163e-02 4.596187e-04
9.755282e-02 4.675787e-04
9.776954e-02 4.677176e-04
9.799887e-02 4.468056e-04
9.823632e-02 4.442198e-04
9.846604e-02 4.500694e-04
9.870256e-02 4.541732e-04
9.893861e-02 4.663396e-04
9.915724e-02 4.623627e-04
9.937283e-02 4.563923e-04
9.959802e-02 4.599733e-04
9.983312e-02 4.535021e-04
1.000755e-01 4.555380e-04
1.003152e-01 4.656833e-04
1.005425e-01 4.619157e-04
1.007750e-01 4.427820e-04
1.010112e-01 4.380702e-04
1.012287e-01 4.559088e-04
1.014505e-01 4.649103e-04
1.016900e-01 4.605434e-04
1.019261e-01 4.568946e-04
1.021544e-01 4.595559e-04
1.023758e-01 4.563909e-04
1.025926e-01 4.553972e-04
1.028158e-01 4.589027e-04
1.030527e-01 4.513885e-04
1.032948e-01 4.517922e-04
1.035436e-01 4.358407e-04
1.037876e-01 4.272404e-04
1.039938e-01 4.670384e-04
1.041871e-01 4.735028e-04
1.044018e-01 4.554297e-04
1.046304e-01 4.573845e-04
1.048658e-01 4.513822e-04
1.051035e-01 4.505806e-04
1.053350e-01 4.586836e-04
1.055634e-01 4.576328e-04
1.057870e-01 4.627370e-04
1.060052e-01 4.634997e-04
1.062395e-01 4.390902e-04
1.064802e-01 4.340447e-04
1.066976e-01 4.584390e-04
1.069055e-01 4.615394e-04
1.071210e-01 4.574528e-04
1.073352e-01 4.551713e-04
1.075488e-01 4.498818e-04
1.077713e-01 4.533074e-04
1.080029e-01 4.476632e-04
1.082403e-01 4.490530e-04
1.084781e-01 4.522149e-04
1.087061e-01 4.474924e-04
1.089261e-01 4.475631e-04
1.091657e-01 4.592942e-04
1.094246e-01 4.656914e-04
1.096654e-01 4.571922e-04
1.098951e-01 4.461902e-04
1.101305e-01 4.457256e-04
1.103596e-01 4.549893e-04
1.105793e-01 4.525565e-04
1.107952e-01 4.519689e-04
1.110172e-01 4.554089e-04
1.112462e-01 4.533454e-04
1.114769e-01 4.536831e-04
1.117101e-01 4.504276e-04
1.119505e-01 4.515434e-04
1.121790e-01 4.745323e-04
1.123827e-01 4.700978e-04
1.125901e-01 4.518598e-04
1.128156e-01 4.561050e-04
1.130514e-01 4.508197e-04
1.132886e-01 4.496991e-04
1.135229e-01 4.511918e-04
1.137478e-01 4.460547e-04
1.139601e-01 4.526120e-04
1.141722e-01 4.548844e-04
1.143936e-01 4.458729e-04
1.146289e-01 4.509289e-04
1.148677e-01 4.591020e-04
