9.900000e+37 9.900000e+37
9.900000e+37 9.900000e+37
9.900000e+37 9.900000e+37
9.900000e+37 9.900000e+37
9.900000e+37 9.900000e+37
9.900000e+37 9.900000e+37
9.900000e+37 9.900000e+37
9.900000e+37 9.900000e+37
9.900000e+37 9.900000e+37
9.900000e+37 9.900000e+37
9.900000e+37 9.900000e+37
9.900000e+37 9.900000e+37
9.900000e+37 9.900000e+37
9.900000e+37 9.900000e+37
9.900000e+37 9.900000e+37
9.900000e+37 9.900000e+37
7.425000e+37 9.900000e+37
4.950000e+37 9.900000e+37
4.950000e+37 9.900000e+37
2.475000e+37 9.900000e+37
-1.167202e-01 2.260707e-03
-1.154963e-01 2.188715e-03
-1.142498e-01 2.176336e-03
-1.130764e-01 2.263686e-03
-1.119435e-01 2.270858e-03
-1.107323e-01 2.160330e-03
-1.094869e-01 2.140993e-03
-1.082978e-01 2.180952e-03
-1.071224e-01 2.187071e-03
-1.060409e-01 2.362174e-03
-1.049901e-01 2.406751e-03
-1.037904e-01 2.280496e-03
-1.024096e-01 2.343766e-03
-1.010631e-01 2.576811e-03
-9.976364e-02 2.631766e-03
-9.837653e-02 2.638380e-03
-9.714209e-02 2.549883e-03
-9.605595e-02 2.551159e-03
-9.482240e-02 2.640042e-03
-9.357483e-02 2.863532e-03
-9.242897e-02 2.882993e-03
-9.104916e-02 2.547262e-03
-8.954548e-02 2.500669e-03
-8.814510e-02 2.543352e-03
-8.665764e-02 2.610951e-03
-8.520873e-02 2.862881e-03
-8.404656e-02 2.781583e-03
-8.290025e-02 2.582232e-03
-8.140825e-02 2.717819e-03
-7.987918e-02 3.034919e-03
-7.848065e-02 3.070772e-03
-7.701584e-02 3.057617e-03
-7.563073e-02 3.005034e-03
-7.433645e-02 3.010424e-03
-7.284489e-02 3.130792e-03
-7.116971e-02 3.158943e-03
-6.958763e-02 3.112348e-03
-6.807281e-02 3.095078e-03
-6.652716e-02 3.108214e-03
-6.493432e-02 3.066082e-03
-6.333046e-02 3.057517e-03
-6.176576e-02 3.098950e-03
-6.027332e-02 3.070521e-03
-5.884518e-02 3.098702e-03
-5.725308e-02 3.207213e-03
-5.552239e-02 3.277676e-03
-5.383922e-02 3.274539e-03
-5.216378e-02 3.278701e-03
-5.052968e-02 3.255395e-03
-4.894756e-02 3.279740e-03
-4.732366e-02 3.313565e-03
-4.569127e-02 3.390912e-03
-4.407467e-02 3.409263e-03
-4.240519e-02 3.372036e-03
-4.076043e-02 3.343796e-03
-3.910227e-02 3.242995e-03
-3.737375e-02 3.248058e-03
-3.571670e-02 3.381259e-03
-3.414880e-02 3.376610e-03
-3.250164e-02 3.231632e-03
-3.085113e-02 3.181432e-03
-2.928283e-02 3.178979e-03
-2.765500e-02 3.213811e-03
-2.601782e-02 3.294975e-03
-2.444329e-02 3.286623e-03
-2.285212e-02 3.235725e-03
-2.121078e-02 3.247498e-03
-1.957861e-02 3.295463e-03
-1.789797e-02 3.341811e-03
-1.616637e-02 3.388189e-03
-1.443467e-02 3.404958e-03
-1.272233e-02 3.481272e-03
-1.085019e-02 3.604671e-03
-8.929729e-03 3.866925e-03
-7.330230e-03 3.768628e-03
-5.703541e-03 3.450163e-03
-4.405099e-03 3.137761e-03
-2.988898e-03 2.074070e-03
-1.623457e-03 1.661715e-03
-8.222646e-04 1.455873e-03
1.903020e-05 1.406035e-03
7.475318e-04 1.455104e-03
1.790863e-03 1.661658e-03
2.833402e-03 2.236600e-03
4.253223e-03 2.669983e-03
5.769777e-03 3.712361e-03
7.135095e-03 3.996972e-03
9.103743e-03 3.784936e-03
1.106892e-02 3.705492e-03
1.293159e-02 3.652855e-03
1.474208e-02 3.603602e-03
1.651812e-02 3.524195e-03
1.829341e-02 3.495146e-03
2.002089e-02 3.494143e-03
2.171216e-02 3.472064e-03
2.343270e-02 3.361983e-03
2.517950e-02 3.338099e-03
2.688315e-02 3.343676e-03
2.861664e-02 3.363594e-03
3.037017e-02 3.388069e-03
3.209653e-02 3.380581e-03
3.378747e-02 3.416267e-03
3.549659e-02 3.439083e-03
3.721975e-02 3.479020e-03
3.892126e-02 3.481345e-03
4.067472e-02 3.401248e-03
4.250651e-02 3.419401e-03
4.428967e-02 3.550826e-03
4.598504e-02 3.545471e-03
4.768348e-02 3.525465e-03
4.940926e-02 3.534657e-03
5.119035e-02 3.470610e-03
5.303653e-02 3.486625e-03
5.481599e-02 3.639740e-03
5.646035e-02 3.612783e-03
5.812432e-02 3.505153e-03
5.974045e-02 3.438698e-03
6.135657e-02 3.254158e-03
6.304465e-02 3.230878e-03
6.464186e-02 3.317629e-03
6.627299e-02 3.369218e-03
6.800581e-02 3.343062e-03
6.963994e-02 3.274436e-03
7.127386e-02 3.086487e-03
7.295547e-02 3.047448e-03
7.449222e-02 3.178210e-03
7.590771e-02 3.151641e-03
7.740598e-02 2.939840e-03
7.894691e-02 2.890043e-03
8.041936e-02 2.865833e-03
8.196573e-02 2.901459e-03
8.350860e-02 3.006217e-03
8.483385e-02 2.913377e-03
8.621408e-02 2.563948e-03
8.780164e-02 2.562512e-03
8.920136e-02 2.873725e-03
9.053297e-02 2.944919e-03
9.194979e-02 2.998508e-03
9.311591e-02 2.866576e-03
9.424072e-02 2.568943e-03
9.566799e-02 2.644059e-03
9.715727e-02 2.749330e-03
9.850027e-02 2.699469e-03
9.982718e-02 2.587797e-03
1.011433e-01 2.541107e-03
1.023512e-01 2.591653e-03
1.035766e-01 2.620281e-03
1.048189e-01 2.671457e-03
1.059812e-01 2.641852e-03
1.071335e-01 2.578221e-03
1.082211e-01 2.515794e-03
1.093880e-01 2.208353e-03
1.107442e-01 2.211894e-03
1.119326e-01 2.501169e-03
1.129715e-01 2.515589e-03
1.141180e-01 2.376265e-03
1.152284e-01 2.304455e-03
1.164017e-01 2.000323e-03
2.475000e+37 9.900000e+37
4.950000e+37 9.900000e+37
4.950000e+37 9.900000e+37
4.950000e+37 9.900000e+37
4.950000e+37 9.900000e+37
7.425000e+37 9.900000e+37
9.900000e+37 9.900000e+37
9.900000e+37 9.900000e+37
9.900000e+37 9.900000e+37
9.900000e+37 9.900000e+37
9.900000e+37 9.900000e+37
9.900000e+37 9.900000e+37
9.900000e+37 9.900000e+37
9.900000e+37 9.900000e+37
9.900000e+37 9.900000e+37
9.900000e+37 9.900000e+37
9.900000e+37 9.900000e+37
9.900000e+37 9.900000e+37
9.900000e+37 9.900000e+37
9.900000e+37 9.900000e+37
9.900000e+37 9.900000e+37
9.900000e+37 9.900000e+37
