-1.295208e-02 1.351273e-04
-1.284233e-02 1.558530e-04
-1.275489e-02 1.499796e-04
-1.274814e-02 2.675504e-04
-1.271597e-02 3.251888e-04
-1.251213e-02 2.001249e-04
-1.233531e-02 1.388212e-04
-1.224716e-02 1.160535e-04
-1.214703e-02 1.150123e-04
-1.206220e-02 1.375048e-04
-1.199827e-02 1.331116e-04
-1.195028e-02 1.473912e-04
-1.188851e-02 1.607980e-04
-1.180060e-02 1.546061e-04
-1.171166e-02 1.529954e-04
-1.162253e-02 1.482298e-04
-1.161733e-02 9.627236e-05
-1.164745e-02 1.093114e-05
-1.152822e-02 7.000691e-05
-1.135649e-02 1.462171e-04
-1.124271e-02 1.386490e-04
-1.114893e-02 1.511487e-04
-1.106634e-02 1.488840e-04
-1.099473e-02 1.610097e-04
-1.093344e-02 1.591444e-04
-1.087266e-02 1.548252e-04
-1.079782e-02 1.613109e-04
-1.071420e-02 1.646213e-04
-1.063672e-02 1.625716e-04
-1.059280e-02 2.125590e-04
-1.056801e-02 2.191450e-04
-1.049468e-02 1.568681e-04
-1.039698e-02 1.489791e-04
-1.031000e-02 1.448910e-04
-1.021118e-02 1.505025e-04
-1.010790e-02 1.586672e-04
-1.001736e-02 1.539954e-04
-9.936623e-03 1.573291e-04
-9.872241e-03 1.487441e-04
-9.817313e-03 1.406390e-04
-9.750365e-03 1.449100e-04
-9.672244e-03 1.382099e-04
-9.636399e-03 1.104844e-04
-9.628762e-03 8.109871e-05
-9.543742e-03 1.170388e-04
-9.427227e-03 1.636868e-04
-9.347716e-03 1.581267e-04
-9.276598e-03 1.567376e-04
-9.207571e-03 1.549780e-04
-9.130612e-03 1.367603e-04
-9.065652e-03 1.229827e-04
-9.011366e-03 1.025421e-04
-8.931451e-03 1.106566e-04
-8.854005e-03 1.374017e-04
-8.790422e-03 1.382768e-04
-8.765625e-03 2.049895e-04
-8.745941e-03 2.263826e-04
-8.635864e-03 1.357138e-04
-8.507465e-03 1.139609e-04
-8.427998e-03 1.348501e-04
-8.365936e-03 1.319690e-04
-8.307584e-03 1.301386e-04
-8.247483e-03 1.305247e-04
-8.182889e-03 1.241423e-04
-8.109400e-03 1.271644e-04
-8.034430e-03 1.330830e-04
-7.964785e-03 1.320307e-04
-7.904478e-03 1.446031e-04
-7.886005e-03 1.240970e-04
-7.888784e-03 1.025265e-04
-7.828968e-03 1.322135e-04
-7.713908e-03 1.236171e-04
-7.604330e-03 1.173362e-04
-7.521164e-03 1.429922e-04
-7.460992e-03 1.383402e-04
-7.406279e-03 1.345529e-04
-7.372496e-03 1.205725e-04
-7.329098e-03 6.549843e-05
-7.222554e-03 8.379638e-05
-7.113048e-03 1.297742e-04
-7.044197e-03 1.214484e-04
-7.039435e-03 2.048135e-04
-7.053529e-03 2.239457e-04
-6.972810e-03 1.196825e-04
-6.853499e-03 1.051588e-04
-6.760995e-03 1.093797e-04
-6.673109e-03 1.081385e-04
-6.605209e-03 1.378546e-04
-6.560820e-03 1.345046e-04
-6.528900e-03 1.459068e-04
-6.490721e-03 1.537688e-04
-6.418115e-03 1.184478e-04
-6.331455e-03 1.141151e-04
-6.251149e-03 1.126484e-04
-6.232536e-03 7.518828e-05
-6.271262e-03 6.650000e-05
-6.254901e-03 9.634126e-05
-6.190422e-03 9.993569e-05
-6.122774e-03 1.031845e-04
-6.049110e-03 1.013161e-04
-5.979960e-03 9.792354e-05
-5.921399e-03 1.062561e-04
-5.875557e-03 1.015789e-04
-5.836766e-03 1.003944e-04
-5.790651e-03 1.043852e-04
-5.735181e-03 9.978934e-05
-5.677734e-03 9.933108e-05
-5.624162e-03 1.045620e-04
-5.573633e-03 1.043238e-04
-5.517090e-03 9.367320e-05
-5.457493e-03 9.194299e-05
-5.405101e-03 9.909918e-05
-5.354696e-03 1.004925e-04
-5.299870e-03 9.702028e-05
-5.247029e-03 9.457883e-05
-5.199853e-03 9.720995e-05
-5.160333e-03 9.357591e-05
-5.124195e-03 8.911436e-05
-5.080080e-03 9.227887e-05
-5.047123e-03 1.195563e-04
-5.022843e-03 1.242058e-04
-4.963132e-03 7.831614e-05
-4.885289e-03 7.261016e-05
-4.831361e-03 9.646925e-05
-4.794071e-03 9.511899e-05
-4.754724e-03 8.863395e-05
-4.707964e-03 9.074237e-05
-4.657938e-03 9.045988e-05
-4.608618e-03 8.993234e-05
-4.559487e-03 8.877900e-05
-4.515185e-03 8.545286e-05
-4.476884e-03 8.626917e-05
-4.481736e-03 6.054232e-05
-4.484873e-03 -1.397296e-05
-4.393782e-03 1.582876e-05
-4.293145e-03 8.292067e-05
-4.236026e-03 8.099668e-05
-4.187773e-03 9.037209e-05
-4.147850e-03 8.876831e-05
-4.108561e-03 8.537306e-05
-4.068024e-03 8.489450e-05
-4.027840e-03 8.415540e-05
-3.985457e-03 8.520560e-05
-3.938569e-03 8.064204e-05
-3.892807e-03 7.832075e-05
-3.878081e-03 1.233732e-04
-3.889284e-03 1.241101e-04
-3.860424e-03 5.969480e-05
-3.789779e-03 6.146251e-05
-3.725656e-03 7.717803e-05
-3.673553e-03 7.565342e-05
-3.628045e-03 8.236885e-05
-3.587864e-03 8.160342e-05
-3.550789e-03 8.529877e-05
-3.518993e-03 8.343842e-05
-3.484867e-03 7.373437e-05
-3.439885e-03 7.679604e-05
-3.392441e-03 8.118731e-05
-3.358156e-03 7.482889e-05
-3.341195e-03 8.621036e-05
-3.314588e-03 9.611391e-05
-3.263199e-03 8.207897e-05
-3.207840e-03 7.919817e-05
-3.157804e-03 8.017775e-05
-3.111491e-03 7.850728e-05
-3.069144e-03 8.045897e-05
-3.030640e-03 7.886352e-05
-2.994984e-03 7.916764e-05
-2.957712e-03 8.024493e-05
-2.916886e-03 7.733471e-05
-2.876516e-03 7.601154e-05
-2.854757e-03 1.032178e-04
-2.834712e-03 1.120098e-04
-2.784024e-03 8.554264e-05
-2.733495e-03 7.589700e-05
-2.694421e-03 6.817109e-05
-2.648438e-03 6.951857e-05
-2.604076e-03 7.593951e-05
-2.562852e-03 7.637779e-05
-2.522225e-03 7.918235e-05
-2.490116e-03 7.506321e-05
-2.460276e-03 6.680278e-05
-2.423064e-03 6.828114e-05
-2.382239e-03 6.633098e-05
-2.366292e-03 5.062943e-05
-2.359703e-03 2.261996e-05
-2.302923e-03 4.282586e-05
-2.236973e-03 8.369354e-05
-2.196676e-03 8.290153e-05
-2.154414e-03 7.739783e-05
-2.111204e-03 7.578241e-05
-2.071421e-03 7.704075e-05
-2.035353e-03 7.547447e-05
-2.003358e-03 7.789002e-05
-1.969844e-03 7.967092e-05
-1.930384e-03 7.474166e-05
-1.890667e-03 7.311635e-05
-1.872549e-03 1.044415e-04
-1.861141e-03 1.117290e-04
-1.816572e-03 7.691433e-05
-1.766055e-03 6.791118e-05
-1.728592e-03 6.461795e-05
-1.685843e-03 6.659472e-05
-1.643899e-03 7.341023e-05
-1.606328e-03 7.325256e-05
-1.572039e-03 7.826074e-05
-1.539763e-03 7.886294e-05
-1.501563e-03 7.122190e-05
-1.461148e-03 6.979709e-05
-1.423644e-03 7.014193e-05
-1.395916e-03 6.437121e-05
-1.372319e-03 5.523993e-05
-1.330332e-03 6.304943e-05
-1.281654e-03 7.356004e-05
-1.240486e-03 7.280652e-05
-1.199322e-03 7.071609e-05
-1.159946e-03 6.869758e-05
-1.125580e-03 7.146765e-05
-1.095073e-03 7.034243e-05
-1.063612e-03 6.564029e-05
-1.026180e-03 6.751774e-05
-9.871441e-04 7.006032e-05
-9.511518e-04 6.915598e-05
-9.227745e-04 7.928204e-05
-8.975427e-04 8.105322e-05
-8.632642e-04 7.095411e-05
-8.253366e-04 6.949410e-05
-7.872314e-04 6.515381e-05
-7.471200e-04 6.478846e-05
-7.097945e-04 6.839735e-05
-6.751749e-04 6.807992e-05
-6.428085e-04 7.093816e-05
-6.121118e-04 7.097011e-05
-5.787638e-04 6.666062e-05
-5.426311e-04 6.677245e-05
-5.066910e-04 6.791046e-05
-4.744174e-04 6.611591e-05
-4.445573e-04 6.464890e-05
-4.102416e-04 6.680872e-05
-3.739998e-04 6.958882e-05
-3.397317e-04 6.939712e-05
-3.044785e-04 6.720927e-05
-2.693077e-04 6.637389e-05
-2.357578e-04 6.676937e-05
-2.024597e-04 6.657826e-05
-1.695387e-04 6.667400e-05
-1.365585e-04 6.692544e-05
-1.031340e-04 6.688502e-05
-6.960498e-05 6.694322e-05
-3.623958e-05 6.733714e-05
-2.342764e-06 6.781152e-05
3.191026e-05 6.849595e-05
6.494613e-05 6.802852e-05
9.770005e-05 6.717188e-05
1.310608e-04 6.722606e-05
1.642324e-04 6.769000e-05
1.970525e-04 6.764695e-05
2.306477e-04 6.624176e-05
2.654589e-04 6.646271e-05
2.995136e-04 6.833009e-05
3.321852e-04 6.817590e-05
3.652746e-04 6.756584e-05
4.017869e-04 6.940689e-05
4.402206e-04 7.079423e-05
4.736337e-04 6.826460e-05
5.040126e-04 6.631608e-05
5.360809e-04 6.663517e-05
5.683871e-04 6.712425e-05
6.019696e-04 6.788278e-05
6.373865e-04 6.693056e-05
6.724426e-04 6.655473e-05
7.058035e-04 6.832577e-05
7.388000e-04 6.874675e-05
7.726959e-04 6.842142e-05
8.069153e-04 6.849784e-05
8.451077e-04 6.211824e-05
8.866476e-04 6.182022e-05
9.214298e-04 7.220584e-05
9.494661e-04 7.191476e-05
9.773492e-04 7.136227e-05
1.007857e-03 7.273428e-05
1.042138e-03 7.027600e-05
1.078310e-03 7.052123e-05
1.118660e-03 6.427061e-05
1.158744e-03 6.185656e-05
1.189669e-03 7.092662e-05
1.218833e-03 7.313564e-05
1.254044e-03 6.863651e-05
1.300210e-03 7.362720e-05
1.356542e-03 7.045306e-05
1.402067e-03 6.279628e-05
1.429470e-03 7.190951e-05
1.453531e-03 7.298485e-05
1.481303e-03 6.970916e-05
1.513915e-03 7.163414e-05
1.552002e-03 6.788607e-05
1.598056e-03 7.130395e-05
1.642715e-03 8.309100e-05
1.672340e-03 7.834348e-05
1.697945e-03 7.185608e-05
1.739966e-03 7.934275e-05
1.790317e-03 8.626714e-05
1.829629e-03 8.215666e-05
1.859859e-03 8.583350e-05
1.883745e-03 8.336179e-05
1.908972e-03 7.428713e-05
1.941302e-03 7.526456e-05
1.975635e-03 7.464855e-05
2.011437e-03 7.530572e-05
2.054562e-03 6.542776e-05
2.102026e-03 6.449566e-05
2.139588e-03 7.795799e-05
2.167446e-03 7.693983e-05
2.219214e-03 3.395158e-05
2.292260e-03 3.134636e-05
2.327918e-03 8.688115e-05
2.335396e-03 8.983064e-05
2.356331e-03 7.544472e-05
2.389172e-03 7.725215e-05
2.422164e-03 8.195224e-05
2.453048e-03 8.259898e-05
2.489928e-03 7.444258e-05
2.530957e-03 7.398338e-05
2.568226e-03 7.895000e-05
2.603596e-03 7.960579e-05
2.641872e-03 7.660272e-05
2.704220e-03 8.993103e-05
2.775062e-03 1.127717e-04
2.806950e-03 9.769205e-05
2.821485e-03 8.469608e-05
2.847044e-03 8.660648e-05
2.880618e-03 7.860215e-05
2.917670e-03 7.779562e-05
2.954094e-03 7.718890e-05
2.998936e-03 8.203972e-05
3.049576e-03 8.523139e-05
3.090642e-03 8.060317e-05
3.123233e-03 8.194571e-05
3.156786e-03 8.300724e-05
3.225572e-03 2.679437e-05
3.311730e-03 1.708380e-05
3.344469e-03 7.975211e-05
3.355269e-03 8.881419e-05
3.385726e-03 8.099541e-05
3.421493e-03 8.161160e-05
3.457492e-03 8.293218e-05
3.496429e-03 8.516769e-05
3.543410e-03 7.801809e-05
3.592966e-03 7.698021e-05
3.631243e-03 9.281756e-05
3.663210e-03 9.475504e-05
3.701242e-03 9.006372e-05
3.776188e-03 1.104723e-04
3.856752e-03 1.577052e-04
3.868815e-03 1.337377e-04
3.869986e-03 8.539407e-05
3.895669e-03 8.262433e-05
3.920749e-03 7.655274e-05
3.960404e-03 8.311011e-05
4.009382e-03 8.517164e-05
4.059475e-03 8.658446e-05
4.116065e-03 7.960876e-05
4.162954e-03 7.125291e-05
4.183263e-03 9.262234e-05
4.203612e-03 1.003211e-04
4.287227e-03 1.551565e-05
4.401095e-03 3.148679e-06
4.433094e-03 1.056087e-04
4.421198e-03 1.162236e-04
4.435208e-03 1.026597e-04
4.454146e-03 1.007160e-04
4.481982e-03 8.056848e-05
4.528768e-03 8.464422e-05
4.592481e-03 6.785784e-05
4.660256e-03 6.423295e-05
4.697672e-03 1.045568e-04
4.714675e-03 1.068868e-04
4.742075e-03 9.609312e-05
4.804870e-03 1.133888e-04
4.886379e-03 1.302657e-04
4.947812e-03 1.243358e-04
5.014319e-03 9.948733e-05
5.064294e-03 8.062302e-05
5.079258e-03 8.717855e-05
5.105556e-03 9.631210e-05
5.149308e-03 9.191818e-05
5.198501e-03 9.362210e-05
5.256129e-03 8.420100e-05
5.319437e-03 8.424299e-05
5.366060e-03 1.123796e-04
5.395954e-03 1.121317e-04
5.445166e-03 7.920763e-05
5.505882e-03 7.454487e-05
5.536105e-03 1.122141e-04
5.568856e-03 1.273209e-04
5.627500e-03 1.262236e-04
5.672696e-03 1.177762e-04
5.701984e-03 1.207600e-04
5.733999e-03 1.234693e-04
5.789031e-03 9.278984e-05
5.854198e-03 8.778668e-05
5.910598e-03 8.846814e-05
5.966168e-03 8.821736e-05
6.020337e-03 8.984595e-05
6.100634e-03 1.060760e-04
6.192537e-03 1.317927e-04
6.233201e-03 1.103948e-04
6.244898e-03 9.999738e-05
6.281256e-03 1.110072e-04
6.335003e-03 1.118450e-04
6.395810e-03 1.164033e-04
6.454867e-03 1.320343e-04
6.504419e-03 1.319161e-04
6.555687e-03 1.287068e-04
6.604116e-03 1.255308e-04
6.656982e-03 1.092876e-04
6.729792e-03 1.157267e-04
6.848132e-03 5.803120e-05
6.979392e-03 4.494602e-05
7.010432e-03 1.749597e-04
6.999167e-03 1.965485e-04
7.040471e-03 1.691552e-04
7.088692e-03 1.634108e-04
7.146383e-03 1.317804e-04
7.225929e-03 1.334504e-04
7.314408e-03 1.232554e-04
7.388697e-03 1.110795e-04
7.427557e-03 1.361167e-04
7.471145e-03 1.479820e-04
7.538106e-03 1.420836e-04
7.637085e-03 1.591251e-04
7.758750e-03 1.699108e-04
7.838529e-03 1.486462e-04
7.879749e-03 1.527595e-04
7.899677e-03 1.413968e-04
7.919647e-03 1.096905e-04
7.976790e-03 1.207236e-04
8.059707e-03 1.081635e-04
8.155186e-03 1.112284e-04
8.226538e-03 1.602785e-04
8.268802e-03 1.599754e-04
8.308558e-03 1.630275e-04
8.358071e-03 1.704433e-04
8.466496e-03 9.325288e-05
8.615391e-03 8.962729e-05
8.710138e-03 1.694185e-04
8.740972e-03 1.599471e-04
8.772367e-03 1.327693e-04
8.817789e-03 1.313597e-04
8.866432e-03 1.221099e-04
8.934285e-03 1.302732e-04
9.019464e-03 1.241496e-04
9.100958e-03 1.197335e-04
9.154097e-03 1.545383e-04
9.198634e-03 1.619479e-04
9.270941e-03 1.373935e-04
9.360070e-03 1.386590e-04
9.447404e-03 1.440720e-04
9.509899e-03 1.310362e-04
9.556770e-03 1.209740e-04
9.621021e-03 1.278422e-04
9.685622e-03 1.463823e-04
9.758080e-03 1.577808e-04
9.831011e-03 1.887291e-04
9.908782e-03 2.022121e-04
1.001171e-02 1.975508e-04
1.009161e-02 1.826275e-04
1.016209e-02 1.568781e-04
1.029066e-02 1.823586e-04
1.044280e-02 2.138620e-04
1.051620e-02 1.780889e-04
1.053522e-02 1.691683e-04
1.057196e-02 1.765549e-04
1.062804e-02 1.649546e-04
1.069998e-02 1.702738e-04
1.077261e-02 1.838820e-04
1.084662e-02 1.896208e-04
1.093806e-02 1.766191e-04
1.100812e-02 1.591330e-04
1.106307e-02 1.367866e-04
1.112793e-02 1.346411e-04
1.131836e-02 -8.324249e-05
1.154813e-02 -1.377643e-04
1.154920e-02 9.447984e-05
1.149326e-02 1.434981e-04
1.151399e-02 1.512122e-04
1.155863e-02 1.683927e-04
1.162973e-02 1.717734e-04
1.169961e-02 1.718003e-04
1.178266e-02 1.498797e-04
1.186881e-02 1.443027e-04
1.195702e-02 1.254315e-04
1.203370e-02 1.117190e-04
1.207957e-02 1.248478e-04
1.221755e-02 1.847377e-04
1.241692e-02 2.488437e-04
1.250409e-02 2.047955e-04
1.251781e-02 2.045798e-04
1.253674e-02 2.076205e-04
