-3.720419e-02 1.692192e-04
-3.715081e-02 1.676865e-04
-3.709600e-02 1.677845e-04
-3.704445e-02 1.733678e-04
-3.699416e-02 1.748690e-04
-3.692819e-02 1.535635e-04
-3.684236e-02 1.577833e-04
-3.675197e-02 1.612808e-04
-3.666611e-02 1.598096e-04
-3.659362e-02 1.780527e-04
-3.653522e-02 1.759408e-04
-3.646966e-02 1.581081e-04
-3.638523e-02 1.632250e-04
-3.629171e-02 1.622909e-04
-3.619749e-02 1.623674e-04
-3.610766e-02 1.705002e-04
-3.603337e-02 1.640985e-04
-3.597037e-02 1.645228e-04
-3.590459e-02 1.663539e-04
-3.583034e-02 1.573166e-04
-3.574413e-02 1.610233e-04
-3.564897e-02 1.564284e-04
-3.555734e-02 1.528663e-04
-3.547680e-02 1.620070e-04
-3.540296e-02 1.612736e-04
-3.533447e-02 1.675556e-04
-3.526513e-02 1.703263e-04
-3.518168e-02 1.544626e-04
-3.508571e-02 1.560485e-04
-3.499039e-02 1.615743e-04
-3.490492e-02 1.578711e-04
-3.483271e-02 1.696255e-04
-3.476982e-02 1.682875e-04
-3.470326e-02 1.590991e-04
-3.462100e-02 1.651973e-04
-3.452483e-02 1.583206e-04
-3.442616e-02 1.573545e-04
-3.433500e-02 1.672365e-04
-3.426214e-02 1.595933e-04
-3.420201e-02 1.595438e-04
-3.413237e-02 1.654447e-04
-3.404808e-02 1.580496e-04
-3.395452e-02 1.609556e-04
-3.385684e-02 1.615194e-04
-3.376889e-02 1.558678e-04
-3.369731e-02 1.675074e-04
-3.363095e-02 1.683473e-04
-3.355971e-02 1.625162e-04
-3.348040e-02 1.654867e-04
-3.338838e-02 1.526403e-04
-3.329057e-02 1.514817e-04
-3.320355e-02 1.668264e-04
-3.312941e-02 1.646308e-04
-3.305879e-02 1.637917e-04
-3.299040e-02 1.621518e-04
-3.291804e-02 1.509812e-04
-3.282818e-02 1.572542e-04
-3.273117e-02 1.627923e-04
-3.264133e-02 1.607002e-04
-3.255978e-02 1.693091e-04
-3.248867e-02 1.661444e-04
-3.242110e-02 1.626721e-04
-3.234212e-02 1.682917e-04
-3.225001e-02 1.619884e-04
-3.215577e-02 1.607679e-04
-3.206333e-02 1.604034e-04
-3.198231e-02 1.536359e-04
-3.191850e-02 1.634354e-04
-3.185219e-02 1.684681e-04
-3.176946e-02 1.557294e-04
-3.167757e-02 1.566395e-04
-3.158268e-02 1.535411e-04
-3.148982e-02 1.512029e-04
-3.140986e-02 1.662489e-04
-3.133863e-02 1.662015e-04
-3.126865e-02 1.680961e-04
-3.119847e-02 1.691234e-04
-3.111835e-02 1.560194e-04
-3.102685e-02 1.581227e-04
-3.093478e-02 1.624069e-04
-3.084622e-02 1.618426e-04
-3.076169e-02 1.669948e-04
-3.068910e-02 1.614608e-04
-3.062345e-02 1.576535e-04
-3.054811e-02 1.623200e-04
-3.046130e-02 1.562223e-04
-3.036678e-02 1.586445e-04
-3.027083e-02 1.635890e-04
-3.018926e-02 1.567448e-04
-3.012501e-02 1.660088e-04
-3.006254e-02 1.682773e-04
-2.998722e-02 1.531266e-04
-2.989665e-02 1.566153e-04
-2.979855e-02 1.538249e-04
-2.970328e-02 1.513304e-04
-2.962371e-02 1.704767e-04
-2.955818e-02 1.689706e-04
-2.948974e-02 1.605765e-04
-2.941225e-02 1.629705e-04
-2.932410e-02 1.512127e-04
-2.922898e-02 1.511611e-04
-2.914140e-02 1.635971e-04
-2.906407e-02 1.616968e-04
-2.899056e-02 1.627602e-04
-2.891840e-02 1.625524e-04
-2.884282e-02 1.568677e-04
-2.875637e-02 1.613342e-04
-2.866182e-02 1.596019e-04
-2.857181e-02 1.562515e-04
-2.849107e-02 1.624385e-04
-2.841586e-02 1.611312e-04
-2.834523e-02 1.651155e-04
-2.827583e-02 1.660433e-04
-2.819371e-02 1.474979e-04
-2.809790e-02 1.490089e-04
-2.800275e-02 1.548700e-04
-2.791486e-02 1.526474e-04
-2.783989e-02 1.674299e-04
-2.777297e-02 1.679091e-04
-2.769893e-02 1.573488e-04
-2.761477e-02 1.594083e-04
-2.752498e-02 1.557734e-04
-2.743224e-02 1.564448e-04
-2.734717e-02 1.717077e-04
-2.727838e-02 1.674344e-04
-2.721233e-02 1.595113e-04
-2.713589e-02 1.629084e-04
-2.704878e-02 1.545358e-04
-2.695351e-02 1.562008e-04
-2.685889e-02 1.619581e-04
-2.677622e-02 1.570832e-04
-2.670508e-02 1.627186e-04
-2.663665e-02 1.631315e-04
-2.656464e-02 1.589352e-04
-2.648404e-02 1.625694e-04
-2.639160e-02 1.522861e-04
-2.629740e-02 1.496361e-04
-2.621398e-02 1.602739e-04
-2.613833e-02 1.592272e-04
-2.606777e-02 1.647869e-04
-2.599742e-02 1.668873e-04
-2.591396e-02 1.514939e-04
-2.581865e-02 1.530701e-04
-2.572595e-02 1.612160e-04
-2.564355e-02 1.579633e-04
-2.557049e-02 1.645455e-04
-2.550461e-02 1.623988e-04
-2.543512e-02 1.504294e-04
-2.534648e-02 1.578128e-04
-2.524767e-02 1.613758e-04
-2.515540e-02 1.587368e-04
-2.507124e-02 1.655019e-04
-2.499814e-02 1.612992e-04
-2.493246e-02 1.614058e-04
-2.485886e-02 1.662092e-04
-2.477225e-02 1.578288e-04
-2.467851e-02 1.588711e-04
-2.458614e-02 1.640777e-04
-2.450233e-02 1.610370e-04
-2.442670e-02 1.668421e-04
-2.435453e-02 1.668511e-04
-2.427878e-02 1.602902e-04
-2.419660e-02 1.617906e-04
-2.410759e-02 1.545437e-04
-2.401653e-02 1.529494e-04
-2.393101e-02 1.577743e-04
-2.384984e-02 1.571064e-04
-2.377343e-02 1.631444e-04
-2.370218e-02 1.622269e-04
-2.363001e-02 1.587486e-04
-2.355112e-02 1.615152e-04
-2.346510e-02 1.566788e-04
-2.337273e-02 1.587450e-04
-2.328088e-02 1.653234e-04
-2.320145e-02 1.600054e-04
-2.313028e-02 1.589818e-04
-2.305616e-02 1.605964e-04
-2.297639e-02 1.562623e-04
-2.288959e-02 1.589249e-04
-2.279818e-02 1.580298e-04
-2.271258e-02 1.542120e-04
-2.263827e-02 1.624471e-04
-2.256571e-02 1.641366e-04
-2.248966e-02 1.629683e-04
-2.241084e-02 1.644251e-04
-2.232258e-02 1.527728e-04
-2.222946e-02 1.514738e-04
-2.214396e-02 1.611244e-04
-2.206608e-02 1.600395e-04
-2.199320e-02 1.647771e-04
-2.192222e-02 1.653449e-04
-2.184455e-02 1.557612e-04
-2.175609e-02 1.585691e-04
-2.166347e-02 1.594559e-04
-2.157343e-02 1.584370e-04
-2.148998e-02 1.665474e-04
-2.141671e-02 1.633739e-04
-2.134635e-02 1.600230e-04
-2.126900e-02 1.630092e-04
-2.118354e-02 1.571903e-04
-2.109062e-02 1.595774e-04
-2.099598e-02 1.633132e-04
-2.091199e-02 1.580394e-04
-2.083920e-02 1.620634e-04
-2.076960e-02 1.618250e-04
-2.069630e-02 1.556115e-04
-2.061050e-02 1.608740e-04
-2.051430e-02 1.575315e-04
-2.042264e-02 1.535993e-04
-2.034415e-02 1.646847e-04
-2.027241e-02 1.644039e-04
-2.019925e-02 1.612317e-04
-2.012191e-02 1.628260e-04
-2.003631e-02 1.535543e-04
-1.994563e-02 1.532547e-04
-1.985986e-02 1.611879e-04
-1.978000e-02 1.605094e-04
-1.970363e-02 1.638441e-04
-1.963040e-02 1.631577e-04
-1.955331e-02 1.547967e-04
-1.946764e-02 1.567169e-04
-1.937907e-02 1.572326e-04
-1.929319e-02 1.560135e-04
-1.921172e-02 1.605590e-04
-1.913567e-02 1.589454e-04
-1.906185e-02 1.575794e-04
-1.898649e-02 1.580105e-04
-1.890773e-02 1.535131e-04
-1.882170e-02 1.560356e-04
-1.873157e-02 1.562384e-04
-1.864686e-02 1.532768e-04
-1.857219e-02 1.617532e-04
-1.850280e-02 1.616510e-04
-1.842801e-02 1.529642e-04
-1.834528e-02 1.545943e-04
-1.825879e-02 1.522729e-04
-1.817030e-02 1.526475e-04
-1.808709e-02 1.625258e-04
-1.801339e-02 1.601618e-04
-1.794231e-02 1.579578e-04
-1.786842e-02 1.590684e-04
-1.778731e-02 1.507102e-04
-1.769914e-02 1.519405e-04
-1.761188e-02 1.562848e-04
-1.753302e-02 1.528004e-04
-1.746032e-02 1.534166e-04
-1.738849e-02 1.529113e-04
-1.731657e-02 1.513458e-04
-1.723957e-02 1.540328e-04
-1.715496e-02 1.488365e-04
-1.706926e-02 1.476118e-04
-1.698881e-02 1.535017e-04
-1.691408e-02 1.521959e-04
-1.684395e-02 1.556837e-04
-1.677332e-02 1.572421e-04
-1.669444e-02 1.477960e-04
-1.660987e-02 1.476108e-04
-1.652564e-02 1.477158e-04
-1.644301e-02 1.469965e-04
-1.636817e-02 1.585542e-04
-1.630126e-02 1.579625e-04
-1.623136e-02 1.507660e-04
-1.615255e-02 1.535311e-04
-1.606585e-02 1.480282e-04
-1.597765e-02 1.467396e-04
-1.589728e-02 1.562266e-04
-1.582681e-02 1.539142e-04
-1.575899e-02 1.519151e-04
-1.568764e-02 1.533121e-04
-1.561068e-02 1.484284e-04
-1.552625e-02 1.511590e-04
-1.543988e-02 1.549298e-04
-1.536078e-02 1.519128e-04
-1.528805e-02 1.541644e-04
-1.521646e-02 1.540858e-04
-1.514400e-02 1.524002e-04
-1.506579e-02 1.554458e-04
-1.498057e-02 1.528221e-04
-1.489627e-02 1.513366e-04
-1.481669e-02 1.544872e-04
-1.474078e-02 1.534109e-04
-1.466892e-02 1.571739e-04
-1.459662e-02 1.587908e-04
-1.451935e-02 1.549794e-04
-1.443688e-02 1.565102e-04
-1.435143e-02 1.557929e-04
-1.426645e-02 1.554579e-04
-1.418544e-02 1.617383e-04
-1.410960e-02 1.609024e-04
-1.403453e-02 1.592534e-04
-1.395448e-02 1.616460e-04
-1.386943e-02 1.599274e-04
-1.378108e-02 1.610638e-04
-1.369195e-02 1.629334e-04
-1.360948e-02 1.598314e-04
-1.353432e-02 1.633830e-04
-1.345589e-02 1.666309e-04
-1.337118e-02 1.658427e-04
-1.328316e-02 1.675487e-04
-1.319148e-02 1.655354e-04
-1.310144e-02 1.638257e-04
-1.301843e-02 1.708168e-04
-1.293623e-02 1.726104e-04
-1.285124e-02 1.729101e-04
-1.276413e-02 1.745191e-04
-1.267203e-02 1.713458e-04
-1.257679e-02 1.721042e-04
-1.248343e-02 1.766926e-04
-1.239459e-02 1.756267e-04
-1.230751e-02 1.756132e-04
-1.222378e-02 1.733664e-04
-1.213952e-02 1.662523e-04
-1.204911e-02 1.676021e-04
-1.195595e-02 1.667701e-04
-1.186216e-02 1.668514e-04
-1.177270e-02 1.749427e-04
-1.169224e-02 1.724632e-04
-1.161512e-02 1.705081e-04
-1.153349e-02 1.725178e-04
-1.144368e-02 1.644396e-04
-1.134625e-02 1.658680e-04
-1.124895e-02 1.700672e-04
-1.115875e-02 1.675421e-04
-1.107697e-02 1.751801e-04
-1.099715e-02 1.767498e-04
-1.091280e-02 1.729113e-04
-1.082289e-02 1.748784e-04
-1.072702e-02 1.704082e-04
-1.062950e-02 1.695563e-04
-1.053846e-02 1.780022e-04
-1.045197e-02 1.785485e-04
-1.036586e-02 1.806844e-04
-1.027811e-02 1.824296e-04
-1.018356e-02 1.766087e-04
-1.008152e-02 1.790140e-04
-9.979895e-03 1.857067e-04
-9.880588e-03 1.867245e-04
-9.784123e-03 1.942969e-04
-9.692667e-03 1.937519e-04
-9.599863e-03 1.899860e-04
-9.500818e-03 1.926320e-04
-9.395417e-03 1.901140e-04
-9.285439e-03 1.919689e-04
-9.176212e-03 1.976307e-04
-9.073147e-03 1.959650e-04
-8.976256e-03 2.016481e-04
-8.876462e-03 2.051567e-04
-8.770007e-03 2.037967e-04
-8.656969e-03 2.075269e-04
-8.539517e-03 2.105372e-04
-8.425781e-03 2.093981e-04
-8.318296e-03 2.174458e-04
-8.214515e-03 2.181257e-04
-8.107481e-03 2.137737e-04
-7.990941e-03 2.179221e-04
-7.867656e-03 2.181798e-04
-7.737093e-03 2.223237e-04
-7.610280e-03 2.400820e-04
-7.488572e-03 2.437219e-04
-7.365745e-03 2.529146e-04
-7.228159e-03 2.651048e-04
-7.082102e-03 2.838846e-04
-6.909489e-03 3.066119e-04
-6.722868e-03 3.463515e-04
-6.488772e-03 3.885820e-04
-6.243213e-03 4.865419e-04
-5.291433e-03 9.454088e-04
-3.411444e-03 6.761972e-04
-2.371736e-03 7.570069e-05
-2.330662e-03 6.959384e-05
-2.288390e-03 6.811527e-05
-2.246249e-03 6.394154e-05
-2.208327e-03 5.990197e-05
-2.178970e-03 6.298286e-05
-2.153115e-03 6.190722e-05
-2.125933e-03 5.670929e-05
-2.094804e-03 5.728547e-05
-2.059482e-03 5.210138e-05
-2.024172e-03 5.023192e-05
-1.994405e-03 5.407044e-05
-1.970492e-03 5.193312e-05
-1.948616e-03 4.939866e-05
-1.924497e-03 4.983463e-05
-1.897272e-03 4.585853e-05
-1.867368e-03 4.596947e-05
-1.838550e-03 4.810347e-05
-1.814476e-03 4.609135e-05
-1.793324e-03 4.554042e-05
-1.772772e-03 4.497852e-05
-1.751728e-03 4.242661e-05
-1.727639e-03 4.333832e-05
-1.701299e-03 4.211178e-05
-1.676296e-03 4.080908e-05
-1.654215e-03 4.207035e-05
-1.634337e-03 4.125994e-05
-1.615873e-03 4.136009e-05
-1.596820e-03 4.174862e-05
-1.575271e-03 3.882349e-05
-1.552876e-03 3.827753e-05
-1.530939e-03 3.736877e-05
-1.509289e-03 3.686861e-05
-1.490258e-03 3.985262e-05
-1.473285e-03 3.963864e-05
-1.455188e-03 3.717195e-05
-1.435671e-03 3.718794e-05
-1.414884e-03 3.525225e-05
-1.393577e-03 3.486987e-05
-1.374287e-03 3.703424e-05
-1.357367e-03 3.638900e-05
-1.341211e-03 3.587358e-05
-1.324134e-03 3.619297e-05
-1.305290e-03 3.413962e-05
-1.285292e-03 3.413893e-05
-1.265606e-03 3.465317e-05
-1.247881e-03 3.366344e-05
-1.231904e-03 3.395081e-05
-1.215664e-03 3.421168e-05
-1.198716e-03 3.362844e-05
-1.181219e-03 3.374842e-05
-1.163129e-03 3.309156e-05
-1.145345e-03 3.262591e-05
-1.128245e-03 3.247698e-05
-1.111552e-03 3.222329e-05
-1.095601e-03 3.287796e-05
-1.079944e-03 3.293809e-05
-1.063334e-03 3.139377e-05
-1.046089e-03 3.122008e-05
-1.029121e-03 3.120070e-05
-1.012148e-03 3.115301e-05
-9.958127e-04 3.208323e-05
-9.809228e-04 3.159462e-05
-9.666688e-04 3.129609e-05
-9.517233e-04 3.160260e-05
-9.353702e-04 3.022685e-05
-9.181006e-04 3.028225e-05
-9.011466e-04 3.084417e-05
-8.855988e-04 3.020102e-05
-8.713703e-04 3.061762e-05
-8.570327e-04 3.079183e-05
-8.418249e-04 2.982545e-05
-8.258827e-04 2.995890e-05
-8.094368e-04 2.960184e-05
-7.936269e-04 2.909260e-05
-7.792058e-04 2.988123e-05
-7.651512e-04 2.994471e-05
-7.508844e-04 2.976644e-05
-7.362707e-04 2.987025e-05
-7.208274e-04 2.877914e-05
-7.052947e-04 2.847958e-05
-6.903827e-04 2.867988e-05
-6.757539e-04 2.858258e-05
-6.613676e-04 2.882427e-05
-6.473978e-04 2.866112e-05
-6.335905e-04 2.837047e-05
-6.194699e-04 2.845417e-05
-6.049269e-04 2.798138e-05
-5.898293e-04 2.810531e-05
-5.746714e-04 2.835164e-05
-5.603246e-04 2.799231e-05
-5.465242e-04 2.800950e-05
-5.329141e-04 2.790101e-05
-5.192692e-04 2.743597e-05
-5.049432e-04 2.767802e-05
-4.901438e-04 2.755982e-05
-4.758248e-04 2.719135e-05
-4.622983e-04 2.748968e-05
-4.490792e-04 2.745006e-05
-4.358056e-04 2.724976e-05
-4.221688e-04 2.739502e-05
-4.079809e-04 2.698309e-05
-3.937918e-04 2.683576e-05
-3.800297e-04 2.703534e-05
-3.666888e-04 2.685397e-05
-3.535858e-04 2.674740e-05
-3.402460e-04 2.681476e-05
-3.267021e-04 2.666182e-05
-3.132254e-04 2.660274e-05
-2.999610e-04 2.679149e-05
-2.867362e-04 2.683597e-05
-2.731818e-04 2.651146e-05
-2.597712e-04 2.630801e-05
-2.467193e-04 2.624020e-05
-2.336835e-04 2.620602e-05
-2.206872e-04 2.617695e-05
-2.075006e-04 2.624498e-05
-1.941284e-04 2.612518e-05
-1.810218e-04 2.595837e-05
-1.680766e-04 2.586116e-05
-1.552415e-04 2.575973e-05
-1.426618e-04 2.580624e-05
-1.299753e-04 2.588716e-05
-1.168966e-04 2.545699e-05
-1.039374e-04 2.519601e-05
-9.136809e-05 2.512219e-05
-7.888232e-05 2.507980e-05
-6.641626e-05 2.499505e-05
-5.408015e-05 2.488663e-05
-4.159901e-05 2.443676e-05
-2.925130e-05 2.419698e-05
-1.724704e-05 2.400049e-05
-5.176639e-06 2.397320e-05
6.841549e-06 2.397437e-05
1.907091e-05 2.407235e-05
3.119004e-05 2.451956e-05
4.338923e-05 2.476146e-05
5.582628e-05 2.513204e-05
6.812410e-05 2.518205e-05
8.050662e-05 2.508516e-05
9.319080e-05 2.523166e-05
1.060154e-04 2.540413e-05
1.189015e-04 2.546828e-05
1.317713e-04 2.567319e-05
1.444868e-04 2.568917e-05
1.572313e-04 2.578271e-05
1.700374e-04 2.585326e-05
1.829304e-04 2.580675e-05
1.959998e-04 2.589604e-05
2.090390e-04 2.619448e-05
2.219715e-04 2.620216e-05
2.348669e-04 2.628435e-05
2.477669e-04 2.635249e-05
2.608584e-04 2.622347e-05
2.742133e-04 2.633470e-05
2.878142e-04 2.633315e-05
3.013187e-04 2.627520e-05
3.143371e-04 2.682556e-05
3.270306e-04 2.679245e-05
3.397567e-04 2.664429e-05
3.528969e-04 2.687577e-05
3.665082e-04 2.673515e-05
3.802135e-04 2.674071e-05
3.938468e-04 2.697716e-05
4.072470e-04 2.692253e-05
4.203721e-04 2.712795e-05
4.336040e-04 2.726608e-05
4.470343e-04 2.731841e-05
4.607709e-04 2.748375e-05
4.748963e-04 2.729583e-05
4.888336e-04 2.715264e-05
5.024495e-04 2.739288e-05
5.159425e-04 2.740561e-05
5.292835e-04 2.759165e-05
5.426569e-04 2.767816e-05
5.563912e-04 2.731577e-05
5.707161e-04 2.750222e-05
5.851860e-04 2.777927e-05
5.995875e-04 2.787520e-05
6.136930e-04 2.863220e-05
6.269749e-04 2.841185e-05
6.401858e-04 2.802506e-05
6.542763e-04 2.841301e-05
6.688019e-04 2.865912e-05
6.835539e-04 2.884394e-05
6.984554e-04 2.910790e-05
7.126968e-04 2.884654e-05
7.263440e-04 2.910851e-05
7.400377e-04 2.923085e-05
7.542988e-04 2.873593e-05
7.693813e-04 2.905081e-05
7.848456e-04 2.917871e-05
7.999502e-04 2.900848e-05
8.143354e-04 2.973713e-05
8.284979e-04 2.982534e-05
8.427044e-04 2.999342e-05
8.573135e-04 3.033611e-05
8.727604e-04 3.000718e-05
8.884718e-04 3.004789e-05
9.040057e-04 3.034245e-05
9.193888e-04 3.035780e-05
9.341441e-04 3.144883e-05
9.480420e-04 3.128504e-05
9.625201e-04 2.986239e-05
9.783766e-04 3.021829e-05
9.946866e-04 3.045136e-05
1.011065e-03 3.057648e-05
1.026888e-03 3.196760e-05
1.041359e-03 3.165735e-05
1.055517e-03 3.120001e-05
1.070899e-03 3.172782e-05
1.087587e-03 3.101749e-05
1.105249e-03 3.138729e-05
1.122718e-03 3.273179e-05
1.138397e-03 3.214442e-05
1.152709e-03 3.291329e-05
1.167345e-03 3.338301e-05
1.183211e-03 3.251483e-05
1.200364e-03 3.297597e-05
1.218486e-03 3.263684e-05
1.236557e-03 3.243863e-05
1.253190e-03 3.428514e-05
1.268726e-03 3.433797e-05
1.284778e-03 3.375690e-05
1.301611e-03 3.401600e-05
1.319214e-03 3.332417e-05
1.337810e-03 3.367230e-05
1.355940e-03 3.541640e-05
1.373093e-03 3.540836e-05
1.390014e-03 3.576735e-05
1.406449e-03 3.565335e-05
1.423146e-03 3.503275e-05
1.441612e-03 3.587056e-05
1.461233e-03 3.613799e-05
1.481056e-03 3.635636e-05
1.500591e-03 3.744545e-05
1.518513e-03 3.681886e-05
1.534851e-03 3.771252e-05
1.552118e-03 3.864258e-05
1.571519e-03 3.767755e-05
1.592156e-03 3.806959e-05
1.613604e-03 3.794911e-05
1.634498e-03 3.757590e-05
1.652904e-03 4.054670e-05
1.670148e-03 4.091785e-05
1.688831e-03 3.954581e-05
1.709894e-03 4.042580e-05
1.732590e-03 4.015140e-05
1.756045e-03 4.056083e-05
1.778396e-03 4.369556e-05
1.798075e-03 4.322308e-05
1.817031e-03 4.295760e-05
1.837257e-03 4.362594e-05
1.859330e-03 4.239731e-05
1.884587e-03 4.380507e-05
1.910940e-03 4.589362e-05
1.935964e-03 4.590821e-05
1.960130e-03 4.755205e-05
1.982593e-03 4.712244e-05
2.002719e-03 4.965332e-05
2.025357e-03 5.207414e-05
2.052919e-03 5.057227e-05
2.082914e-03 5.141922e-05
2.113613e-03 5.260843e-05
2.142383e-03 5.194946e-05
2.166350e-03 5.809796e-05
2.189068e-03 5.956882e-05
2.215523e-03 5.766109e-05
2.247472e-03 6.027252e-05
2.284411e-03 5.897800e-05
2.323088e-03 5.946818e-05
2.357313e-03 6.824682e-05
2.385435e-03 6.783462e-05
2.412590e-03 6.829691e-05
2.443943e-03 7.097866e-05
2.482126e-03 6.731691e-05
2.529297e-03 7.140385e-05
2.576927e-03 8.172120e-05
2.618542e-03 8.181887e-05
2.656227e-03 8.865382e-05
2.696167e-03 9.234485e-05
2.740717e-03 9.488430e-05
2.799646e-03 1.045415e-04
2.868238e-03 1.156933e-04
4.286651e-03 9.313408e-04
7.018674e-03 1.002607e-03
8.416876e-03 2.262802e-04
8.525847e-03 2.230769e-04
8.637382e-03 2.231613e-04
8.753398e-03 2.159528e-04
8.869936e-03 2.139661e-04
8.986909e-03 2.077367e-04
9.103926e-03 2.055151e-04
9.210623e-03 2.173214e-04
9.310058e-03 2.172189e-04
9.411696e-03 2.124536e-04
9.517427e-03 2.129092e-04
9.629364e-03 2.038631e-04
9.745996e-03 2.036997e-04
9.858869e-03 2.094842e-04
9.963201e-03 2.064548e-04
1.006359e-02 2.053815e-04
1.016185e-02 2.037101e-04
1.025982e-02 1.987879e-04
1.036450e-02 2.010517e-04
1.047423e-02 1.989007e-04
1.058060e-02 1.958391e-04
1.068166e-02 1.962251e-04
1.077764e-02 1.935871e-04
1.086934e-02 1.941158e-04
1.096210e-02 1.949353e-04
1.106129e-02 1.857497e-04
1.116463e-02 1.849363e-04
1.126692e-02 1.844208e-04
1.136663e-02 1.824260e-04
1.145811e-02 1.905833e-04
1.154043e-02 1.882797e-04
1.162668e-02 1.760141e-04
1.172078e-02 1.762996e-04
1.181739e-02 1.722358e-04
1.191593e-02 1.719372e-04
1.200817e-02 1.816422e-04
1.209152e-02 1.795568e-04
1.217285e-02 1.771106e-04
1.225759e-02 1.785147e-04
1.234966e-02 1.702223e-04
1.244996e-02 1.721540e-04
1.254972e-02 1.790614e-04
1.264092e-02 1.764276e-04
1.272421e-02 1.816386e-04
1.280765e-02 1.835997e-04
1.289497e-02 1.825435e-04
1.298856e-02 1.856728e-04
1.309176e-02 1.783898e-04
1.319272e-02 1.746709e-04
1.328447e-02 1.803280e-04
1.337030e-02 1.788086e-04
1.345362e-02 1.780819e-04
1.354062e-02 1.800290e-04
1.363404e-02 1.747115e-04
1.373084e-02 1.745805e-04
1.382667e-02 1.758577e-04
1.391942e-02 1.747066e-04
1.400705e-02 1.806926e-04
1.408922e-02 1.795671e-04
1.417343e-02 1.723679e-04
1.426257e-02 1.727355e-04
1.435534e-02 1.676718e-04
1.445055e-02 1.670742e-04
1.454143e-02 1.726403e-04
1.462295e-02 1.692635e-04
1.469990e-02 1.674971e-04
1.477991e-02 1.686948e-04
1.486510e-02 1.640287e-04
1.495586e-02 1.656963e-04
1.504857e-02 1.664405e-04
1.513673e-02 1.637476e-04
1.521784e-02 1.680297e-04
1.529618e-02 1.681458e-04
1.537614e-02 1.657938e-04
1.546148e-02 1.681663e-04
1.555379e-02 1.637634e-04
1.564304e-02 1.603484e-04
1.572454e-02 1.631699e-04
1.580303e-02 1.623809e-04
1.587944e-02 1.636793e-04
1.595491e-02 1.633693e-04
1.603487e-02 1.550363e-04
1.612082e-02 1.558447e-04
1.620707e-02 1.581877e-04
1.629299e-02 1.588460e-04
1.637658e-02 1.639640e-04
1.645146e-02 1.605783e-04
1.652387e-02 1.553227e-04
1.660300e-02 1.572598e-04
1.668551e-02 1.570229e-04
1.677068e-02 1.587496e-04
1.685720e-02 1.613115e-04
1.693662e-02 1.579833e-04
1.701078e-02 1.580786e-04
1.708463e-02 1.579162e-04
1.715859e-02 1.567049e-04
1.723988e-02 1.604584e-04
1.733110e-02 1.543663e-04
1.742174e-02 1.520355e-04
1.750194e-02 1.629225e-04
1.757370e-02 1.617985e-04
1.764409e-02 1.615829e-04
1.771797e-02 1.635948e-04
1.780137e-02 1.527135e-04
1.789254e-02 1.534684e-04
1.798108e-02 1.599506e-04
1.806238e-02 1.577212e-04
1.813607e-02 1.642197e-04
1.820805e-02 1.657629e-04
1.828873e-02 1.561793e-04
1.837802e-02 1.578938e-04
1.846692e-02 1.626824e-04
1.855098e-02 1.614915e-04
1.863102e-02 1.648964e-04
1.870635e-02 1.630735e-04
1.877952e-02 1.615898e-04
1.885928e-02 1.652315e-04
1.894834e-02 1.604810e-04
1.904042e-02 1.605932e-04
1.913209e-02 1.609711e-04
1.921832e-02 1.578429e-04
1.929321e-02 1.681060e-04
1.936673e-02 1.707521e-04
1.944783e-02 1.654511e-04
1.953327e-02 1.663749e-04
1.962444e-02 1.594116e-04
1.971758e-02 1.580743e-04
1.980136e-02 1.705576e-04
1.987625e-02 1.697182e-04
1.995227e-02 1.648637e-04
2.003495e-02 1.671227e-04
2.012629e-02 1.589467e-04
2.022171e-02 1.582299e-04
2.030784e-02 1.717174e-04
2.038363e-02 1.705920e-04
2.046046e-02 1.663638e-04
2.053921e-02 1.659826e-04
2.062076e-02 1.596399e-04
2.071219e-02 1.633018e-04
2.080577e-02 1.698887e-04
2.089341e-02 1.684556e-04
2.097838e-02 1.689281e-04
2.106064e-02 1.677061e-04
2.114130e-02 1.676328e-04
2.122514e-02 1.695212e-04
2.131331e-02 1.669070e-04
2.140304e-02 1.668986e-04
2.149395e-02 1.648832e-04
2.158535e-02 1.642141e-04
2.166800e-02 1.769069e-04
2.174192e-02 1.764725e-04
2.182063e-02 1.673056e-04
2.190684e-02 1.684908e-04
2.199925e-02 1.620792e-04
2.209930e-02 1.643669e-04
2.219548e-02 1.765116e-04
2.227664e-02 1.718472e-04
2.235119e-02 1.699403e-04
2.242900e-02 1.709881e-04
2.251359e-02 1.625927e-04
2.261042e-02 1.671270e-04
2.271275e-02 1.711795e-04
2.280455e-02 1.663349e-04
2.288403e-02 1.727803e-04
2.295838e-02 1.720185e-04
2.303554e-02 1.652223e-04
2.312571e-02 1.703602e-04
2.322533e-02 1.689101e-04
2.331981e-02 1.655298e-04
2.340650e-02 1.697278e-04
2.348850e-02 1.684272e-04
2.356370e-02 1.755412e-04
2.363796e-02 1.775400e-04
2.372536e-02 1.611299e-04
2.382371e-02 1.615620e-04
2.391973e-02 1.666697e-04
2.401169e-02 1.662895e-04
2.409642e-02 1.772420e-04
2.416775e-02 1.731644e-04
2.424093e-02 1.593715e-04
2.433065e-02 1.643146e-04
2.442704e-02 1.662835e-04
2.452344e-02 1.667568e-04
2.461560e-02 1.751348e-04
2.469122e-02 1.684624e-04
2.475990e-02 1.614818e-04
2.484032e-02 1.659965e-04
2.493082e-02 1.623764e-04
2.502774e-02 1.649377e-04
2.512852e-02 1.649474e-04
2.521830e-02 1.583323e-04
2.529067e-02 1.690373e-04
2.536229e-02 1.722172e-04
2.544034e-02 1.703062e-04
2.552423e-02 1.733633e-04
2.562079e-02 1.614087e-04
2.571809e-02 1.575575e-04
2.580239e-02 1.678981e-04
2.588391e-02 1.699457e-04
2.596592e-02 1.748273e-04
2.604328e-02 1.735647e-04
2.612626e-02 1.606891e-04
2.622060e-02 1.630845e-04
2.631292e-02 1.730874e-04
2.639899e-02 1.729553e-04
2.648243e-02 1.776322e-04
2.655635e-02 1.735918e-04
2.663015e-02 1.619044e-04
2.671738e-02 1.655298e-04
2.681038e-02 1.659777e-04
2.690620e-02 1.680471e-04
2.700277e-02 1.725429e-04
2.708527e-02 1.657356e-04
2.715601e-02 1.670319e-04
2.723183e-02 1.705331e-04
2.731623e-02 1.653222e-04
2.740802e-02 1.678916e-04
2.750602e-02 1.646514e-04
2.760021e-02 1.609622e-04
2.768076e-02 1.734238e-04
2.775293e-02 1.731096e-04
2.782737e-02 1.691147e-04
2.791078e-02 1.730518e-04
2.800832e-02 1.597617e-04
2.811292e-02 1.592203e-04
2.820484e-02 1.789035e-04
2.828046e-02 1.759666e-04
2.835250e-02 1.737283e-04
2.842558e-02 1.737853e-04
2.850788e-02 1.592278e-04
2.860649e-02 1.637828e-04
2.870799e-02 1.709802e-04
2.879916e-02 1.673531e-04
2.888163e-02 1.717832e-04
2.895718e-02 1.689881e-04
2.902779e-02 1.694064e-04
2.910826e-02 1.757021e-04
2.920443e-02 1.670841e-04
2.930351e-02 1.657148e-04
2.939970e-02 1.673294e-04
2.948680e-02 1.624621e-04
2.955691e-02 1.766649e-04
2.962521e-02 1.806924e-04
2.970840e-02 1.670089e-04
2.980465e-02 1.696894e-04
2.990940e-02 1.630288e-04
3.001315e-02 1.602497e-04
3.009677e-02 1.867079e-04
3.016016e-02 1.840884e-04
3.023049e-02 1.645467e-04
3.031560e-02 1.663947e-04
3.040818e-02 1.590618e-04
3.051145e-02 1.626095e-04
3.060945e-02 1.812520e-04
3.068738e-02 1.761617e-04
3.076197e-02 1.682396e-04
3.083949e-02 1.671304e-04
3.091930e-02 1.596114e-04
3.101442e-02 1.661079e-04
3.111644e-02 1.726095e-04
3.120669e-02 1.676358e-04
3.128922e-02 1.666937e-04
3.136775e-02 1.641878e-04
3.143885e-02 1.695774e-04
3.151461e-02 1.743062e-04
3.160307e-02 1.669248e-04
3.169638e-02 1.671793e-04
3.179330e-02 1.612164e-04
3.189026e-02 1.588710e-04
3.197454e-02 1.734982e-04
3.204922e-02 1.732389e-04
3.212586e-02 1.692786e-04
3.220600e-02 1.699445e-04
3.229403e-02 1.592563e-04
3.239410e-02 1.626392e-04
3.249191e-02 1.751832e-04
3.257534e-02 1.710588e-04
3.264973e-02 1.747059e-04
3.272030e-02 1.734969e-04
3.279766e-02 1.588021e-04
3.289454e-02 1.654300e-04
3.299846e-02 1.727337e-04
3.308971e-02 1.677794e-04
3.317127e-02 1.695177e-04
3.324850e-02 1.675343e-04
3.331998e-02 1.716058e-04
3.339740e-02 1.764004e-04
3.348814e-02 1.675170e-04
3.358433e-02 1.678228e-04
3.368400e-02 1.629052e-04
3.377883e-02 1.582306e-04
3.385763e-02 1.725704e-04
3.392746e-02 1.723559e-04
3.400126e-02 1.645191e-04
3.408778e-02 1.691100e-04
3.418670e-02 1.612336e-04
3.428860e-02 1.604022e-04
3.438041e-02 1.748681e-04
3.445467e-02 1.695797e-04
3.452091e-02 1.689047e-04
3.459474e-02 1.732039e-04
3.468447e-02 1.579875e-04
3.478846e-02 1.610829e-04
3.489178e-02 1.708054e-04
3.497915e-02 1.644903e-04
3.505412e-02 1.676004e-04
3.512485e-02 1.664062e-04
3.519390e-02 1.665227e-04
3.527762e-02 1.753659e-04
3.537792e-02 1.716587e-04
3.547464e-02 1.681802e-04
3.556487e-02 1.693662e-04
3.564798e-02 1.652916e-04
3.572087e-02 1.709863e-04
3.579579e-02 1.744834e-04
3.588523e-02 1.606476e-04
3.598140e-02 1.597078e-04
3.607417e-02 1.621399e-04
3.616432e-02 1.614471e-04
3.624447e-02 1.762371e-04
3.631324e-02 1.744935e-04
3.638700e-02 1.613028e-04
3.647242e-02 1.637760e-04
3.656475e-02 1.591627e-04
3.666507e-02 1.622838e-04
3.676408e-02 1.737412e-04
3.684625e-02 1.677634e-04
3.691868e-02 1.667324e-04
3.699138e-02 1.665196e-04
3.706542e-02 1.637000e-04
3.715468e-02 1.715971e-04
3.726020e-02 1.664770e-04
3.735583e-02 1.589253e-04
3.743182e-02 1.712563e-04
3.750087e-02 1.715269e-04
3.757188e-02 1.683991e-04
3.765842e-02 1.766076e-04
3.776583e-02 1.645442e-04
3.786706e-02 1.562695e-04
3.794788e-02 1.673469e-04
3.802411e-02 1.688011e-04
3.809732e-02 1.785444e-04
