-1.356829e-02 7.241872e-05
-1.359448e-02 4.408043e-05
-1.359943e-02 4.665572e-05
-1.359900e-02 4.483016e-05
-1.359736e-02 4.489893e-05
-1.359555e-02 4.481402e-05
-1.359225e-02 4.568518e-05
-1.358523e-02 4.190673e-05
-1.357471e-02 4.265561e-05
-1.356014e-02 3.798563e-05
-1.354342e-02 3.759590e-05
-1.352980e-02 4.167153e-05
-1.351950e-02 4.113662e-05
-1.350998e-02 4.094561e-05
-1.349811e-02 4.229057e-05
-1.348197e-02 3.889421e-05
-1.346295e-02 3.939857e-05
-1.344396e-02 4.084199e-05
-1.342699e-02 4.014658e-05
-1.341316e-02 4.345807e-05
-1.340090e-02 4.371024e-05
-1.338688e-02 4.148133e-05
-1.337023e-02 4.226080e-05
-1.335093e-02 4.001077e-05
-1.332921e-02 4.066032e-05
-1.330754e-02 4.254951e-05
-1.328931e-02 4.115871e-05
-1.327470e-02 4.334511e-05
-1.326058e-02 4.384181e-05
-1.324397e-02 4.106105e-05
-1.322362e-02 4.230668e-05
-1.320066e-02 4.141511e-05
-1.317772e-02 4.108651e-05
-1.315789e-02 4.537444e-05
-1.314157e-02 4.480895e-05
-1.312605e-02 4.457544e-05
-1.310786e-02 4.579649e-05
-1.308579e-02 4.275040e-05
-1.306136e-02 4.335083e-05
-1.303747e-02 4.586437e-05
-1.301661e-02 4.498625e-05
-1.299769e-02 4.662263e-05
-1.297963e-02 4.668034e-05
-1.296079e-02 4.472740e-05
-1.293901e-02 4.579725e-05
-1.291418e-02 4.369577e-05
-1.288806e-02 4.371869e-05
-1.286399e-02 4.719997e-05
-1.284277e-02 4.673383e-05
-1.282372e-02 4.904757e-05
-1.280587e-02 4.915455e-05
-1.278601e-02 4.607662e-05
-1.276169e-02 4.764318e-05
-1.273451e-02 4.721863e-05
-1.270856e-02 4.633218e-05
-1.268583e-02 4.926157e-05
-1.266579e-02 4.870372e-05
-1.264681e-02 4.893723e-05
-1.262590e-02 5.018285e-05
-1.260101e-02 4.699875e-05
-1.257372e-02 4.729676e-05
-1.254630e-02 4.791237e-05
-1.251994e-02 4.749972e-05
-1.249716e-02 5.233950e-05
-1.247770e-02 5.208731e-05
-1.245747e-02 5.009196e-05
-1.243383e-02 5.142163e-05
-1.240642e-02 4.883192e-05
-1.237707e-02 4.906882e-05
-1.234874e-02 5.142506e-05
-1.232411e-02 5.004954e-05
-1.230350e-02 5.295763e-05
-1.228375e-02 5.349256e-05
-1.226084e-02 4.971415e-05
-1.223405e-02 5.069230e-05
-1.220489e-02 4.946109e-05
-1.217572e-02 4.902551e-05
-1.214984e-02 5.331344e-05
-1.212890e-02 5.188442e-05
-1.210948e-02 5.044091e-05
-1.208716e-02 5.166360e-05
-1.206090e-02 4.847958e-05
-1.203105e-02 4.912996e-05
-1.200057e-02 4.995404e-05
-1.197251e-02 4.914345e-05
-1.194911e-02 5.447959e-05
-1.193018e-02 5.378161e-05
-1.190878e-02 4.874638e-05
-1.188146e-02 5.042989e-05
-1.185090e-02 4.877417e-05
-1.181946e-02 4.871303e-05
-1.179117e-02 5.382878e-05
-1.176710e-02 5.314102e-05
-1.174525e-02 5.494537e-05
-1.172259e-02 5.608401e-05
-1.169624e-02 5.309096e-05
-1.166616e-02 5.425249e-05
-1.163349e-02 5.314866e-05
-1.160196e-02 5.207118e-05
-1.157496e-02 5.665624e-05
-1.155198e-02 5.589205e-05
-1.152901e-02 5.379057e-05
-1.150307e-02 5.482221e-05
-1.147414e-02 5.269952e-05
-1.144129e-02 5.428903e-05
-1.140756e-02 5.721837e-05
-1.137836e-02 5.554480e-05
-1.135352e-02 5.817697e-05
-1.132927e-02 5.877304e-05
-1.130309e-02 5.720224e-05
-1.127261e-02 5.921967e-05
-1.123816e-02 5.820077e-05
-1.120249e-02 5.856757e-05
-1.116914e-02 6.344981e-05
-1.114137e-02 6.185267e-05
-1.111640e-02 6.210738e-05
-1.108971e-02 6.323837e-05
-1.105951e-02 6.052133e-05
-1.102435e-02 6.252349e-05
-1.098563e-02 6.214139e-05
-1.094951e-02 6.044491e-05
-1.091772e-02 6.297095e-05
-1.088942e-02 6.177883e-05
-1.086348e-02 6.239439e-05
-1.083558e-02 6.379283e-05
-1.080332e-02 6.039647e-05
-1.076721e-02 6.148924e-05
-1.073021e-02 6.303883e-05
-1.069524e-02 6.194552e-05
-1.066450e-02 6.588507e-05
-1.063918e-02 6.453412e-05
-1.061323e-02 6.093425e-05
-1.058149e-02 6.305757e-05
-1.054464e-02 5.930033e-05
-1.050515e-02 5.953722e-05
-1.046778e-02 6.374023e-05
-1.043533e-02 6.229593e-05
-1.040851e-02 6.768765e-05
-1.038403e-02 6.822258e-05
-1.035473e-02 6.166337e-05
-1.031452e-02 6.585871e-05
-1.026945e-02 6.938240e-05
-1.022768e-02 6.866408e-05
-1.019118e-02 7.545680e-05
-1.016095e-02 7.412712e-05
-1.013254e-02 7.346905e-05
-1.009920e-02 7.619717e-05
-1.005822e-02 7.101770e-05
-1.000983e-02 7.360827e-05
-9.961311e-03 8.059204e-05
-9.913213e-03 8.285402e-05
-9.872296e-03 1.011307e-04
-9.833541e-03 1.064111e-04
-9.787222e-03 1.084490e-04
-9.722587e-03 1.201944e-04
-9.648356e-03 1.367941e-04
-9.546833e-03 1.591769e-04
-9.438842e-03 2.105467e-04
-9.360402e-03 2.112727e-04
-9.275595e-03 2.026545e-04
-9.195313e-03 1.968314e-04
-9.104150e-03 1.624858e-04
-8.991443e-03 1.630742e-04
-8.883006e-03 1.718410e-04
-8.730691e-03 2.013766e-04
-8.579494e-03 2.852877e-04
-7.802133e-03 6.919458e-04
-6.248706e-03 5.255245e-04
-5.412570e-03 3.437874e-05
-5.390656e-03 2.983611e-05
-5.364574e-03 3.070728e-05
-5.337474e-03 3.142900e-05
-5.314467e-03 2.922816e-05
-5.299392e-03 3.636051e-05
-5.289706e-03 3.548552e-05
-5.279106e-03 3.147295e-05
-5.264818e-03 3.244865e-05
-5.243947e-03 2.482871e-05
-5.219224e-03 2.439940e-05
-5.198010e-03 2.845380e-05
-5.183697e-03 2.576389e-05
-5.175117e-03 2.786538e-05
-5.166474e-03 2.866013e-05
-5.154068e-03 2.458450e-05
-5.136642e-03 2.613579e-05
-5.115618e-03 2.443761e-05
-5.095687e-03 2.316907e-05
-5.081756e-03 2.966460e-05
-5.073570e-03 2.854890e-05
-5.066287e-03 2.695685e-05
-5.056969e-03 2.760641e-05
-5.042505e-03 2.081370e-05
-5.022663e-03 2.160081e-05
-5.002961e-03 2.402071e-05
-4.988038e-03 2.201856e-05
-4.978683e-03 2.575455e-05
-4.972480e-03 2.520433e-05
-4.965807e-03 2.289057e-05
-4.954901e-03 2.460233e-05
-4.938186e-03 1.965639e-05
-4.919310e-03 1.917496e-05
-4.904133e-03 2.401476e-05
-4.894219e-03 2.259339e-05
-4.887533e-03 2.403684e-05
-4.880784e-03 2.459469e-05
-4.871009e-03 2.109220e-05
-4.857281e-03 2.220790e-05
-4.840909e-03 2.089182e-05
-4.825415e-03 1.989074e-05
-4.813403e-03 2.292623e-05
-4.805548e-03 2.152015e-05
-4.799929e-03 2.135033e-05
-4.792761e-03 2.222149e-05
-4.781422e-03 1.767887e-05
-4.766716e-03 1.806860e-05
-4.751729e-03 1.868419e-05
-4.737481e-03 1.846258e-05
-4.726257e-03 2.289906e-05
-4.719698e-03 2.157117e-05
-4.715058e-03 2.098742e-05
-4.707699e-03 2.254102e-05
-4.695369e-03 1.875009e-05
-4.680358e-03 1.895274e-05
-4.665232e-03 1.965510e-05
-4.653207e-03 1.808048e-05
-4.646140e-03 2.156175e-05
-4.641704e-03 2.123315e-05
-4.635209e-03 1.688158e-05
-4.624468e-03 1.786737e-05
-4.611350e-03 1.663619e-05
-4.597101e-03 1.687308e-05
-4.584606e-03 2.046048e-05
-4.576675e-03 1.900854e-05
-4.571641e-03 1.981517e-05
-4.565807e-03 2.058700e-05
-4.557087e-03 1.791237e-05
-4.545457e-03 1.869947e-05
-4.531703e-03 1.734093e-05
-4.518459e-03 1.654618e-05
-4.508659e-03 2.009113e-05
-4.502850e-03 1.896778e-05
-4.498121e-03 1.765169e-05
-4.491931e-03 1.805671e-05
-4.483453e-03 1.536085e-05
-4.471072e-03 1.673638e-05
-4.456773e-03 1.735196e-05
-4.444990e-03 1.606050e-05
-4.436893e-03 1.862900e-05
-4.431338e-03 1.802530e-05
-4.426622e-03 1.774934e-05
-4.419924e-03 1.884212e-05
-4.409348e-03 1.540331e-05
-4.396358e-03 1.561728e-05
-4.383863e-03 1.703950e-05
-4.374813e-03 1.548057e-05
-4.369436e-03 1.728489e-05
-4.365101e-03 1.730781e-05
-4.358937e-03 1.431478e-05
-4.349175e-03 1.539991e-05
-4.336998e-03 1.438101e-05
-4.324821e-03 1.401420e-05
-4.314881e-03 1.673128e-05
-4.308068e-03 1.582955e-05
-4.303644e-03 1.731546e-05
-4.298814e-03 1.798520e-05
-4.290971e-03 1.485232e-05
-4.280244e-03 1.554281e-05
-4.268562e-03 1.589306e-05
-4.257491e-03 1.566039e-05
-4.247716e-03 1.744535e-05
-4.241768e-03 1.580578e-05
-4.238590e-03 1.555106e-05
-4.233353e-03 1.669732e-05
-4.224328e-03 1.355570e-05
-4.212876e-03 1.388429e-05
-4.200978e-03 1.405411e-05
-4.191267e-03 1.280085e-05
-4.185700e-03 1.623966e-05
-4.181798e-03 1.647656e-05
-4.176561e-03 1.490575e-05
-4.168044e-03 1.631184e-05
-4.156643e-03 1.539906e-05
-4.145266e-03 1.505518e-05
-4.135746e-03 1.719913e-05
-4.129963e-03 1.572427e-05
-4.126403e-03 1.534218e-05
-4.121561e-03 1.597645e-05
-4.114315e-03 1.372636e-05
-4.104439e-03 1.449819e-05
-4.092821e-03 1.373400e-05
-4.082195e-03 1.286284e-05
-4.074708e-03 1.568605e-05
-4.069776e-03 1.516641e-05
-4.065518e-03 1.484800e-05
-4.059836e-03 1.558926e-05
-4.051739e-03 1.361513e-05
-4.041177e-03 1.438696e-05
-4.029877e-03 1.529972e-05
-4.021462e-03 1.389363e-05
-4.016594e-03 1.591022e-05
-4.012704e-03 1.604777e-05
-4.007213e-03 1.375523e-05
-3.999155e-03 1.447356e-05
-3.988630e-03 1.235084e-05
-3.977470e-03 1.196875e-05
-3.968953e-03 1.532265e-05
-3.964123e-03 1.431393e-05
-3.960844e-03 1.410166e-05
-3.955963e-03 1.498811e-05
-3.948552e-03 1.322625e-05
-3.938498e-03 1.406848e-05
-3.927046e-03 1.414653e-05
-3.917563e-03 1.309578e-05
-3.911437e-03 1.596832e-05
-3.907547e-03 1.566483e-05
-3.903530e-03 1.434874e-05
-3.897709e-03 1.496008e-05
-3.888938e-03 1.173355e-05
-3.877956e-03 1.190167e-05
-3.868105e-03 1.425789e-05
-3.860987e-03 1.346315e-05
-3.856042e-03 1.488537e-05
-3.852102e-03 1.479367e-05
-3.847361e-03 1.320163e-05
-3.839950e-03 1.423327e-05
-3.829845e-03 1.259877e-05
-3.819664e-03 1.205620e-05
-3.811834e-03 1.447611e-05
-3.806203e-03 1.402524e-05
-3.802084e-03 1.529887e-05
-3.798335e-03 1.553577e-05
-3.792233e-03 1.226678e-05
-3.782967e-03 1.299275e-05
-3.772150e-03 1.241961e-05
-3.762795e-03 1.133448e-05
-3.756389e-03 1.324492e-05
-3.752448e-03 1.245018e-05
-3.749614e-03 1.208932e-05
-3.744733e-03 1.318973e-05
-3.736496e-03 1.064247e-05
-3.725959e-03 1.110862e-05
-3.715942e-03 1.327380e-05
-3.708329e-03 1.260896e-05
-3.703257e-03 1.500763e-05
-3.700028e-03 1.476310e-05
-3.695503e-03 1.191865e-05
-3.688449e-03 1.241537e-05
-3.680022e-03 1.150260e-05
-3.670781e-03 1.166307e-05
-3.661959e-03 1.280934e-05
-3.655451e-03 1.183120e-05
-3.651892e-03 1.403883e-05
-3.649198e-03 1.431393e-05
-3.643821e-03 1.059917e-05
-3.635139e-03 1.124872e-05
-3.625593e-03 1.160959e-05
-3.616187e-03 1.156292e-05
-3.609069e-03 1.520463e-05
-3.605713e-03 1.437904e-05
-3.602739e-03 1.298741e-05
-3.597388e-03 1.388259e-05
-3.589393e-03 1.173865e-05
-3.579923e-03 1.185328e-05
-3.570453e-03 1.217168e-05
-3.562598e-03 1.131580e-05
-3.557501e-03 1.354466e-05
-3.554489e-03 1.309379e-05
-3.551006e-03 1.105598e-05
-3.544765e-03 1.198063e-05
-3.536324e-03 1.087682e-05
-3.526779e-03 1.114428e-05
-3.518211e-03 1.352173e-05
-3.512237e-03 1.281868e-05
-3.507877e-03 1.356164e-05
-3.504141e-03 1.345465e-05
-3.499743e-03 1.205365e-05
-3.492930e-03 1.300123e-05
-3.483892e-03 1.191865e-05
-3.474842e-03 1.153656e-05
-3.467330e-03 1.304369e-05
-3.462233e-03 1.213432e-05
-3.458940e-03 1.262255e-05
-3.455432e-03 1.292822e-05
-3.449916e-03 1.042341e-05
-3.441997e-03 1.096598e-05
-3.433099e-03 1.083861e-05
-3.424468e-03 1.063228e-05
-3.417376e-03 1.262764e-05
-3.412889e-03 1.177940e-05
-3.410131e-03 1.231008e-05
-3.406203e-03 1.320417e-05
-3.399580e-03 1.118759e-05
-3.390988e-03 1.164610e-05
-3.381849e-03 1.200696e-05
-3.374044e-03 1.133448e-05
-3.368845e-03 1.381806e-05
-3.365795e-03 1.342069e-05
-3.362198e-03 1.140411e-05
-3.356363e-03 1.202309e-05
-3.348572e-03 1.047350e-05
-3.339750e-03 1.044962e-05
-3.331615e-03 1.155718e-05
-3.325794e-03 1.065654e-05
-3.322463e-03 1.222236e-05
-3.319044e-03 1.284530e-05
-3.313528e-03 1.136065e-05
-3.306244e-03 1.187620e-05
-3.297766e-03 1.109079e-05
-3.289351e-03 1.076984e-05
-3.282513e-03 1.251047e-05
