-5.000000e-02 -1.399981e-02
-4.990000e-02 -1.397475e-02
-4.980000e-02 -1.400259e-02
-4.970000e-02 -1.401373e-02
-4.960000e-02 -1.394412e-02
-4.950000e-02 -1.382439e-02
-4.940000e-02 -1.384945e-02
-4.930000e-02 -1.369631e-02
-4.920000e-02 -1.379098e-02
-4.910000e-02 -1.364341e-02
-4.900000e-02 -1.365733e-02
-4.890000e-02 -1.351533e-02
-4.880000e-02 -1.349305e-02
-4.870000e-02 -1.352646e-02
-4.860000e-02 -1.348470e-02
-4.850000e-02 -1.352089e-02
-4.840000e-02 -1.349305e-02
-4.830000e-02 -1.334269e-02
-4.820000e-02 -1.336219e-02
-4.810000e-02 -1.314500e-02
-4.800000e-02 -1.334826e-02
-4.790000e-02 -1.321461e-02
-4.780000e-02 -1.322018e-02
-4.770000e-02 -1.323410e-02
-4.760000e-02 -1.302528e-02
-4.750000e-02 -1.319512e-02
-4.740000e-02 -1.302528e-02
-4.730000e-02 -1.310324e-02
-4.720000e-02 -1.299186e-02
-4.710000e-02 -1.298630e-02
-4.700000e-02 -1.292782e-02
-4.690000e-02 -1.276076e-02
-4.680000e-02 -1.293339e-02
-4.670000e-02 -1.269951e-02
-4.660000e-02 -1.276355e-02
-4.650000e-02 -1.267445e-02
-4.640000e-02 -1.257421e-02
-4.630000e-02 -1.266052e-02
-4.620000e-02 -1.251852e-02
-4.610000e-02 -1.260484e-02
-4.600000e-02 -1.273849e-02
-4.590000e-02 -1.328144e-02
-4.580000e-02 -1.336775e-02
-4.570000e-02 -1.325638e-02
-4.560000e-02 -1.352089e-02
-4.550000e-02 -1.630526e-02
-4.540000e-02 -1.808169e-02
-4.530000e-02 -1.811510e-02
-4.520000e-02 -1.812902e-02
-4.510000e-02 -1.811232e-02
-4.500000e-02 -1.833785e-02
-4.490000e-02 -1.930124e-02
-4.480000e-02 -1.899496e-02
-4.470000e-02 -1.993051e-02
-4.460000e-02 -1.896155e-02
-4.450000e-02 -2.035095e-02
-4.440000e-02 -2.076582e-02
-4.430000e-02 -1.910077e-02
-4.420000e-02 -2.041499e-02
-4.410000e-02 -2.057092e-02
-4.400000e-02 -2.083821e-02
-4.390000e-02 -1.876664e-02
-4.380000e-02 -2.018110e-02
-4.370000e-02 -1.926226e-02
-4.360000e-02 -2.036209e-02
-4.350000e-02 -2.005024e-02
-4.340000e-02 -1.952678e-02
-4.330000e-02 -1.974674e-02
-4.320000e-02 -1.997228e-02
-4.310000e-02 -1.994722e-02
-4.300000e-02 -1.993051e-02
-4.290000e-02 -1.946274e-02
-4.280000e-02 -1.969384e-02
-4.270000e-02 -1.993886e-02
-4.260000e-02 -2.037323e-02
-4.250000e-02 -2.102755e-02
-4.240000e-02 -2.063495e-02
-4.230000e-02 -1.977459e-02
-4.220000e-02 -2.024236e-02
-4.210000e-02 -1.988318e-02
-4.200000e-02 -1.989153e-02
-4.190000e-02 -2.063217e-02
-4.180000e-02 -1.974117e-02
-4.170000e-02 -1.818471e-02
-4.160000e-02 -2.004745e-02
-4.150000e-02 -2.015604e-02
-4.140000e-02 -1.834342e-02
-4.130000e-02 -1.881955e-02
-4.120000e-02 -1.933466e-02
-4.110000e-02 -1.899775e-02
-4.100000e-02 -1.932630e-02
-4.090000e-02 -1.909241e-02
-4.080000e-02 -2.030083e-02
-4.070000e-02 -1.845758e-02
-4.060000e-02 -1.966043e-02
-4.050000e-02 -1.877778e-02
-4.040000e-02 -1.976902e-02
-4.030000e-02 -1.929846e-02
-4.020000e-02 -1.930681e-02
-4.010000e-02 -1.971611e-02
-4.000000e-02 -1.973282e-02
-3.990000e-02 -1.849099e-02
-3.980000e-02 -1.722967e-02
-3.970000e-02 -1.874159e-02
-3.960000e-02 -1.872209e-02
-3.950000e-02 -1.864970e-02
-3.940000e-02 -1.981078e-02
-3.930000e-02 -1.858009e-02
-3.920000e-02 -1.972725e-02
-3.910000e-02 -1.895598e-02
-3.900000e-02 -1.876943e-02
-3.890000e-02 -1.785894e-02
-3.880000e-02 -1.868033e-02
-3.870000e-02 -1.813181e-02
-3.860000e-02 -1.780047e-02
-3.850000e-02 -1.726308e-02
-3.840000e-02 -1.747191e-02
-3.830000e-02 -1.753317e-02
-3.820000e-02 -1.838518e-02
-3.810000e-02 -1.791184e-02
-3.800000e-02 -1.885574e-02
-3.790000e-02 -1.837126e-02
-3.780000e-02 -1.795918e-02
-3.770000e-02 -1.824875e-02
-3.760000e-02 -1.721018e-02
-3.750000e-02 -1.767239e-02
-3.740000e-02 -1.753317e-02
-3.730000e-02 -1.742736e-02
-3.720000e-02 -1.712944e-02
-3.710000e-02 -1.771972e-02
-3.700000e-02 -1.686770e-02
-3.690000e-02 -1.660041e-02
-3.680000e-02 -1.845480e-02
-3.670000e-02 -1.727701e-02
-3.660000e-02 -1.669507e-02
-3.650000e-02 -1.746913e-02
-3.640000e-02 -1.677025e-02
-3.630000e-02 -1.750533e-02
-3.620000e-02 -1.636652e-02
-3.610000e-02 -1.647789e-02
-3.600000e-02 -1.584584e-02
-3.590000e-02 -1.674519e-02
-3.580000e-02 -1.692339e-02
-3.570000e-02 -1.717677e-02
-3.560000e-02 -1.684543e-02
-3.550000e-02 -1.717677e-02
-3.540000e-02 -1.666166e-02
-3.530000e-02 -1.551729e-02
-3.520000e-02 -1.661154e-02
-3.510000e-02 -1.538085e-02
-3.500000e-02 -1.641664e-02
-3.490000e-02 -1.667280e-02
-3.480000e-02 -1.755823e-02
-3.470000e-02 -1.656421e-02
-3.460000e-02 -1.587369e-02
-3.450000e-02 -1.640550e-02
-3.440000e-02 -1.625236e-02
-3.430000e-02 -1.668951e-02
-3.420000e-02 -1.717677e-02
-3.410000e-02 -1.702920e-02
-3.400000e-02 -1.568435e-02
-3.390000e-02 -1.595443e-02
-3.380000e-02 -1.559525e-02
-3.370000e-02 -1.466248e-02
-3.360000e-02 -1.660598e-02
-3.350000e-02 -1.578180e-02
-3.340000e-02 -1.542819e-02
-3.330000e-02 -1.505508e-02
-3.320000e-02 -1.513861e-02
-3.310000e-02 -1.464299e-02
-3.300000e-02 -1.511912e-02
-3.290000e-02 -1.406106e-02
-3.280000e-02 -1.464021e-02
-3.270000e-02 -1.517202e-02
-3.260000e-02 -1.486574e-02
-3.250000e-02 -1.447036e-02
-3.240000e-02 -1.544211e-02
-3.230000e-02 -1.527783e-02
-3.220000e-02 -1.445923e-02
-3.210000e-02 -1.611314e-02
-3.200000e-02 -1.419750e-02
-3.190000e-02 -1.458731e-02
-3.180000e-02 -1.417244e-02
-3.170000e-02 -1.389122e-02
-3.160000e-02 -1.434507e-02
-3.150000e-02 -1.426432e-02
-3.140000e-02 -1.526669e-02
-3.130000e-02 -1.497155e-02
-3.120000e-02 -1.355988e-02
-3.110000e-02 -1.350697e-02
-3.100000e-02 -1.370466e-02
-3.090000e-02 -1.436734e-02
-3.080000e-02 -1.473209e-02
-3.070000e-02 -1.366847e-02
-3.060000e-02 -1.328422e-02
-3.050000e-02 -1.288606e-02
-3.040000e-02 -1.436177e-02
-3.030000e-02 -1.302249e-02
-3.020000e-02 -1.342623e-02
-3.010000e-02 -1.343736e-02
-3.000000e-02 -1.388565e-02
-2.990000e-02 -1.334548e-02
-2.980000e-02 -1.277468e-02
-2.970000e-02 -1.413346e-02
-2.960000e-02 -1.270229e-02
-2.950000e-02 -1.276911e-02
-2.940000e-02 -1.253244e-02
-2.930000e-02 -1.295288e-02
-2.920000e-02 -1.366847e-02
-2.910000e-02 -1.252687e-02
-2.900000e-02 -1.375757e-02
-2.890000e-02 -1.260762e-02
-2.880000e-02 -1.306704e-02
-2.870000e-02 -1.196722e-02
-2.860000e-02 -1.284986e-02
-2.850000e-02 -1.293618e-02
-2.840000e-02 -1.283872e-02
-2.830000e-02 -1.288049e-02
-2.820000e-02 -1.160246e-02
-2.810000e-02 -1.339003e-02
-2.800000e-02 -1.270786e-02
-2.790000e-02 -1.317842e-02
-2.780000e-02 -1.213706e-02
-2.770000e-02 -1.255750e-02
-2.760000e-02 -1.178902e-02
-2.750000e-02 -1.207859e-02
-2.740000e-02 -1.155791e-02
-2.730000e-02 -1.142426e-02
-2.720000e-02 -1.123771e-02
-2.710000e-02 -1.206745e-02
-2.700000e-02 -1.266331e-02
-2.690000e-02 -1.179180e-02
-2.680000e-02 -1.187255e-02
-2.670000e-02 -1.112355e-02
-2.660000e-02 -1.204518e-02
-2.650000e-02 -1.159968e-02
-2.640000e-02 -1.197835e-02
-2.630000e-02 -1.203683e-02
-2.620000e-02 -1.294175e-02
-2.610000e-02 -1.119038e-02
-2.600000e-02 -1.116253e-02
-2.590000e-02 -1.141313e-02
-2.580000e-02 -1.125999e-02
-2.570000e-02 -1.129618e-02
-2.560000e-02 -1.054162e-02
-2.550000e-02 -1.139642e-02
-2.540000e-02 -1.095092e-02
-2.530000e-02 -1.048872e-02
-2.520000e-02 -1.144654e-02
-2.510000e-02 -9.876155e-03
-2.500000e-02 -1.077272e-02
-2.490000e-02 -1.126556e-02
-2.480000e-02 -1.018244e-02
-2.470000e-02 -1.079500e-02
-2.460000e-02 -1.043025e-02
-2.450000e-02 -9.736937e-03
-2.440000e-02 -1.104281e-02
-2.430000e-02 -1.058617e-02
-2.420000e-02 -1.009612e-02
-2.410000e-02 -9.962471e-03
-2.400000e-02 -1.015459e-02
-2.390000e-02 -1.008220e-02
-2.380000e-02 -9.720231e-03
-2.370000e-02 -1.050821e-02
-2.360000e-02 -9.324851e-03
-2.350000e-02 -8.651034e-03
-2.340000e-02 -9.530894e-03
-2.330000e-02 -1.009891e-02
-2.320000e-02 -8.472834e-03
-2.310000e-02 -1.040240e-02
-2.300000e-02 -1.038569e-02
-2.290000e-02 -9.413950e-03
-2.280000e-02 -8.787468e-03
-2.270000e-02 -9.823253e-03
-2.260000e-02 -9.664544e-03
-2.250000e-02 -9.903999e-03
-2.240000e-02 -8.545227e-03
-2.230000e-02 -8.767977e-03
-2.220000e-02 -7.100141e-03
-2.210000e-02 -8.851508e-03
-2.200000e-02 -9.146651e-03
-2.190000e-02 -8.676093e-03
-2.180000e-02 -8.556365e-03
-2.170000e-02 -8.464481e-03
-2.160000e-02 -4.424362e-03
-2.150000e-02 -5.638347e-03
-2.140000e-02 -7.411990e-03
-2.130000e-02 -9.249673e-03
-2.120000e-02 -3.380224e-03
-2.110000e-02 -7.328459e-03
-2.100000e-02 -7.896470e-03
-2.090000e-02 -6.253692e-03
-2.080000e-02 -7.462108e-03
-2.070000e-02 -6.690838e-03
-2.060000e-02 -8.130357e-03
-2.050000e-02 -3.474893e-03
-2.040000e-02 -8.158200e-03
-2.030000e-02 -3.121278e-03
-2.020000e-02 -7.885332e-03
-2.010000e-02 -3.413636e-03
-2.000000e-02 -6.534914e-03
-1.990000e-02 -4.098591e-03
-1.980000e-02 -3.291124e-03
-1.970000e-02 -3.992785e-03
-1.960000e-02 -2.720329e-03
-1.950000e-02 -3.633602e-03
-1.940000e-02 -3.271634e-03
-1.930000e-02 -2.394558e-03
-1.920000e-02 -2.781585e-03
-1.910000e-02 -2.227496e-03
-1.900000e-02 -3.034962e-03
-1.890000e-02 -5.933490e-03
-1.880000e-02 -3.307831e-03
-1.870000e-02 -3.332890e-03
-1.860000e-02 -3.040531e-03
-1.850000e-02 -3.970510e-03
-1.840000e-02 -3.266065e-03
-1.830000e-02 -2.617307e-03
-1.820000e-02 -2.631229e-03
-1.810000e-02 -2.700838e-03
-1.800000e-02 -4.485618e-03
-1.790000e-02 -5.345988e-03
-1.780000e-02 -2.344439e-03
-1.770000e-02 -2.801075e-03
-1.760000e-02 -3.218731e-03
-1.750000e-02 -2.182946e-03
-1.740000e-02 -2.820566e-03
-1.730000e-02 -2.672995e-03
-1.720000e-02 -2.517070e-03
-1.710000e-02 -2.258124e-03
-1.700000e-02 -2.436323e-03
-1.690000e-02 -2.322164e-03
-1.680000e-02 -2.018668e-03
-1.670000e-02 -2.283183e-03
-1.660000e-02 -2.155102e-03
-1.650000e-02 -2.489226e-03
-1.640000e-02 -2.472520e-03
-1.630000e-02 -2.464167e-03
-1.620000e-02 -2.160671e-03
-1.610000e-02 -2.015884e-03
-1.600000e-02 -2.169024e-03
-1.590000e-02 -2.453029e-03
-1.580000e-02 -2.035374e-03
-1.570000e-02 -1.957412e-03
-1.560000e-02 -2.230280e-03
-1.550000e-02 -2.088277e-03
-1.540000e-02 -2.102199e-03
-1.530000e-02 -1.871096e-03
-1.520000e-02 -1.962980e-03
-1.510000e-02 -2.074355e-03
-1.500000e-02 -2.130043e-03
-1.490000e-02 -2.333302e-03
-1.480000e-02 -1.820978e-03
-1.470000e-02 -2.327733e-03
-1.460000e-02 -1.862743e-03
-1.450000e-02 -1.876665e-03
-1.440000e-02 -2.447461e-03
-1.430000e-02 -1.781997e-03
-1.420000e-02 -2.071571e-03
-1.410000e-02 -1.979687e-03
-1.400000e-02 -1.990824e-03
-1.390000e-02 -1.748584e-03
-1.380000e-02 -1.837684e-03
-1.370000e-02 -1.862743e-03
-1.360000e-02 -1.815409e-03
-1.350000e-02 -1.807056e-03
-1.340000e-02 -1.556463e-03
-1.330000e-02 -1.768075e-03
-1.320000e-02 -1.684544e-03
-1.310000e-02 -1.517482e-03
-1.300000e-02 -1.598228e-03
-1.290000e-02 -1.656700e-03
-1.280000e-02 -1.472932e-03
-1.270000e-02 -1.614935e-03
-1.260000e-02 -1.367126e-03
-1.250000e-02 -1.467363e-03
-1.240000e-02 -1.729094e-03
-1.230000e-02 -1.472932e-03
-1.220000e-02 -1.397754e-03
-1.210000e-02 -1.333713e-03
-1.200000e-02 -1.506344e-03
-1.190000e-02 -1.509129e-03
-1.180000e-02 -1.556463e-03
-1.170000e-02 -1.500776e-03
-1.160000e-02 -1.344851e-03
-1.150000e-02 -1.417244e-03
-1.140000e-02 -1.372694e-03
-1.130000e-02 -1.389401e-03
-1.120000e-02 -1.289163e-03
-1.110000e-02 -1.342067e-03
-1.100000e-02 -1.364342e-03
-1.090000e-02 -1.303085e-03
-1.080000e-02 -1.319792e-03
-1.070000e-02 -1.375479e-03
-1.060000e-02 -1.330929e-03
-1.050000e-02 -1.297516e-03
-1.040000e-02 -1.303085e-03
-1.030000e-02 -1.169436e-03
-1.020000e-02 -1.211201e-03
-1.010000e-02 -1.219554e-03
-1.000000e-02 -1.227907e-03
-9.900000e-03 -1.197279e-03
-9.800000e-03 -1.169436e-03
-9.700000e-03 -1.294732e-03
-9.600000e-03 -1.149945e-03
-9.500000e-03 -1.269673e-03
-9.400000e-03 -1.088689e-03
-9.300000e-03 -1.122101e-03
-9.200000e-03 -1.138808e-03
-9.100000e-03 -1.063630e-03
-9.000000e-03 -1.035786e-03
-8.900000e-03 -1.074767e-03
-8.800000e-03 -1.108180e-03
-8.700000e-03 -9.689611e-04
-8.600000e-03 -1.049708e-03
-8.500000e-03 -9.355487e-04
-8.400000e-03 -8.770770e-04
-8.300000e-03 -9.021361e-04
-8.200000e-03 -8.965677e-04
-8.100000e-03 -9.773140e-04
-8.000000e-03 -9.439018e-04
-7.900000e-03 -9.411175e-04
-7.800000e-03 -9.188423e-04
-7.700000e-03 -9.049206e-04
-7.600000e-03 -9.383332e-04
-7.500000e-03 -8.993518e-04
-7.400000e-03 -8.715082e-04
-7.300000e-03 -8.575863e-04
-7.200000e-03 -8.018989e-04
-7.100000e-03 -7.684865e-04
-7.000000e-03 -7.545649e-04
-6.900000e-03 -8.520177e-04
-6.800000e-03 -8.380957e-04
-6.700000e-03 -6.933084e-04
-6.600000e-03 -7.657022e-04
-6.500000e-03 -7.712711e-04
-6.400000e-03 -6.459744e-04
-6.300000e-03 -8.464489e-04
-6.200000e-03 -7.378586e-04
-6.100000e-03 -6.960931e-04
-6.000000e-03 -6.710337e-04
-5.900000e-03 -5.902868e-04
-5.800000e-03 -6.209150e-04
-5.700000e-03 -6.598963e-04
-5.600000e-03 -6.654650e-04
-5.500000e-03 -5.401683e-04
-5.400000e-03 -6.571119e-04
-5.300000e-03 -5.902871e-04
-5.200000e-03 -6.487588e-04
-5.100000e-03 -5.290309e-04
-5.000000e-03 -5.875026e-04
-4.900000e-03 -5.178934e-04
-4.800000e-03 -5.401683e-04
-4.700000e-03 -4.649903e-04
-4.600000e-03 -4.538529e-04
-4.500000e-03 -5.067559e-04
-4.400000e-03 -4.733434e-04
-4.300000e-03 -4.956185e-04
-4.200000e-03 -4.844810e-04
-4.100000e-03 -4.371468e-04
-4.000000e-03 -5.039716e-04
-3.900000e-03 -4.594218e-04
-3.800000e-03 -3.758906e-04
-3.700000e-03 -4.120874e-04
-3.600000e-03 -3.536156e-04
-3.500000e-03 -3.508313e-04
-3.400000e-03 -3.647531e-04
-3.300000e-03 -3.731063e-04
-3.200000e-03 -3.675375e-04
-3.100000e-03 -3.146345e-04
-3.000000e-03 -3.536157e-04
-2.900000e-03 -3.118502e-04
-2.800000e-03 -2.700845e-04
-2.700000e-03 -2.728690e-04
-2.600000e-03 -2.867909e-04
-2.500000e-03 -2.840066e-04
-2.400000e-03 -2.673002e-04
-2.300000e-03 -3.034972e-04
-2.200000e-03 -3.007128e-04
-2.100000e-03 -2.199659e-04
-2.000000e-03 -1.614940e-04
-1.900000e-03 -1.754159e-04
-1.800000e-03 -1.782003e-04
-1.700000e-03 -2.116128e-04
-1.600000e-03 -1.893378e-04
-1.500000e-03 -1.559253e-04
-1.400000e-03 -1.503565e-04
-1.300000e-03 -1.837691e-04
-1.200000e-03 -1.169439e-04
-1.100000e-03 -7.239386e-05
-1.000000e-03 -7.239386e-05
-9.000000e-04 -8.910014e-05
-8.000000e-04 -7.796263e-05
-7.000000e-04 -9.745328e-05
-6.000000e-04 -1.949066e-05
-5.000000e-04 -9.188453e-05
-4.000000e-04 -2.227503e-05
-3.000000e-04 -3.062817e-05
-2.000000e-04 -5.847197e-05
-1.000000e-04 0.000000e+00
0.000000e+00 5.568759e-06
1.000000e-04 5.290321e-05
2.000000e-04 -3.619693e-05
3.000000e-04 4.733445e-05
4.000000e-04 2.784379e-05
5.000000e-04 7.796263e-05
6.000000e-04 8.631576e-05
7.000000e-04 8.353138e-05
8.000000e-04 1.030220e-04
9.000000e-04 5.847197e-05
1.000000e-03 1.169439e-04
1.100000e-03 1.085908e-04
1.200000e-03 9.466890e-05
1.300000e-03 1.197283e-04
1.400000e-03 1.921222e-04
1.500000e-03 1.225127e-04
1.600000e-03 1.698471e-04
1.700000e-03 1.837691e-04
1.800000e-03 1.782003e-04
1.900000e-03 2.032597e-04
2.000000e-03 1.726315e-04
2.100000e-03 2.088285e-04
2.200000e-03 2.979286e-04
2.300000e-03 2.311035e-04
2.400000e-03 2.895755e-04
2.500000e-03 2.450254e-04
2.600000e-03 2.923599e-04
2.700000e-03 2.728692e-04
2.800000e-03 3.118505e-04
2.900000e-03 3.146349e-04
3.000000e-03 3.118505e-04
3.100000e-03 3.647537e-04
3.200000e-03 3.703225e-04
3.300000e-03 3.898131e-04
3.400000e-03 3.257724e-04
3.500000e-03 4.093038e-04
3.600000e-03 4.093038e-04
3.700000e-03 4.037350e-04
3.800000e-03 4.093038e-04
3.900000e-03 4.260101e-04
4.000000e-03 5.178946e-04
4.100000e-03 4.260101e-04
4.200000e-03 4.928352e-04
4.300000e-03 4.956195e-04
4.400000e-03 5.234634e-04
4.500000e-03 4.928352e-04
4.600000e-03 4.538539e-04
4.700000e-03 5.318165e-04
4.800000e-03 5.707978e-04
4.900000e-03 5.262477e-04
5.000000e-03 5.234634e-04
5.100000e-03 6.571136e-04
5.200000e-03 6.905261e-04
5.300000e-03 5.513071e-04
5.400000e-03 6.097791e-04
5.500000e-03 6.237010e-04
5.600000e-03 5.902884e-04
5.700000e-03 5.680134e-04
5.800000e-03 6.821729e-04
5.900000e-03 6.209166e-04
6.000000e-03 6.598979e-04
6.100000e-03 6.877417e-04
6.200000e-03 6.877417e-04
6.300000e-03 6.960949e-04
6.400000e-03 8.186076e-04
6.500000e-03 6.821729e-04
6.600000e-03 7.239387e-04
6.700000e-03 7.907638e-04
6.800000e-03 7.712731e-04
6.900000e-03 8.742951e-04
7.000000e-03 8.464514e-04
7.100000e-03 8.464514e-04
7.200000e-03 9.188452e-04
7.300000e-03 8.158232e-04
7.400000e-03 8.464514e-04
7.500000e-03 9.049233e-04
7.600000e-03 9.244140e-04
7.700000e-03 9.271984e-04
7.800000e-03 1.033005e-03
7.900000e-03 8.659420e-04
8.000000e-03 9.466890e-04
8.100000e-03 9.801015e-04
8.200000e-03 9.606109e-04
8.300000e-03 9.606109e-04
8.400000e-03 9.216296e-04
8.500000e-03 9.606109e-04
8.600000e-03 8.965702e-04
8.700000e-03 9.995922e-04
8.800000e-03 1.041358e-03
8.900000e-03 1.091477e-03
9.000000e-03 1.024652e-03
9.100000e-03 1.060849e-03
9.200000e-03 1.175008e-03
9.300000e-03 1.007945e-03
9.400000e-03 1.163871e-03
9.500000e-03 1.097045e-03
9.600000e-03 1.105399e-03
9.700000e-03 1.138811e-03
9.800000e-03 1.213989e-03
9.900000e-03 1.194499e-03
1.000000e-02 1.175008e-03
1.010000e-02 1.133243e-03
1.020000e-02 1.046927e-03
1.030000e-02 1.169439e-03
1.040000e-02 1.216774e-03
1.050000e-02 1.314227e-03
1.060000e-02 1.333718e-03
1.070000e-02 1.230696e-03
1.080000e-02 1.191714e-03
1.090000e-02 1.213989e-03
1.100000e-02 1.392190e-03
1.110000e-02 1.278030e-03
1.120000e-02 1.336502e-03
1.130000e-02 1.478506e-03
1.140000e-02 1.369915e-03
1.150000e-02 1.523056e-03
1.160000e-02 1.564821e-03
1.170000e-02 1.854397e-03
1.180000e-02 1.578743e-03
1.190000e-02 1.400543e-03
1.200000e-02 1.319796e-03
1.210000e-02 1.570390e-03
1.220000e-02 1.436740e-03
1.230000e-02 1.406112e-03
1.240000e-02 1.475721e-03
1.250000e-02 1.692903e-03
1.260000e-02 1.486859e-03
1.270000e-02 1.606587e-03
1.280000e-02 1.631646e-03
1.290000e-02 1.503565e-03
1.300000e-02 1.612156e-03
1.310000e-02 1.673412e-03
1.320000e-02 1.673412e-03
1.330000e-02 1.584312e-03
1.340000e-02 1.759728e-03
1.350000e-02 1.620509e-03
1.360000e-02 1.729100e-03
1.370000e-02 1.709609e-03
1.380000e-02 1.587096e-03
1.390000e-02 1.890594e-03
1.400000e-02 1.584312e-03
1.410000e-02 1.640000e-03
1.420000e-02 1.706825e-03
1.430000e-02 1.509134e-03
1.440000e-02 2.199660e-03
1.450000e-02 1.729100e-03
1.460000e-02 2.052088e-03
1.470000e-02 1.698471e-03
1.480000e-02 1.882241e-03
1.490000e-02 1.912869e-03
1.500000e-02 1.740237e-03
1.510000e-02 2.113344e-03
1.520000e-02 1.759728e-03
1.530000e-02 2.188522e-03
1.540000e-02 1.926791e-03
1.550000e-02 2.107775e-03
1.560000e-02 2.375076e-03
1.570000e-02 2.216366e-03
1.580000e-02 1.990831e-03
1.590000e-02 2.466960e-03
1.600000e-02 2.319388e-03
1.610000e-02 2.024244e-03
1.620000e-02 2.066010e-03
1.630000e-02 2.503157e-03
1.640000e-02 2.110560e-03
1.650000e-02 2.088285e-03
1.660000e-02 2.141188e-03
1.670000e-02 2.759320e-03
1.680000e-02 2.185738e-03
1.690000e-02 2.553276e-03
1.700000e-02 2.341663e-03
1.710000e-02 2.436332e-03
1.720000e-02 2.372291e-03
1.730000e-02 2.216366e-03
1.740000e-02 2.121697e-03
1.750000e-02 2.544923e-03
1.760000e-02 2.060441e-03
1.770000e-02 2.706417e-03
1.780000e-02 2.650729e-03
1.790000e-02 2.458607e-03
1.800000e-02 2.689711e-03
1.810000e-02 2.792733e-03
1.820000e-02 2.517079e-03
1.830000e-02 4.279591e-03
1.840000e-02 2.737045e-03
1.850000e-02 3.357962e-03
1.860000e-02 3.224311e-03
1.870000e-02 3.923191e-03
1.880000e-02 2.656298e-03
1.890000e-02 3.168624e-03
1.900000e-02 5.382205e-03
1.910000e-02 3.352393e-03
1.920000e-02 3.402512e-03
1.930000e-02 2.970933e-03
1.940000e-02 3.664243e-03
1.950000e-02 3.433140e-03
1.960000e-02 3.137996e-03
1.970000e-02 3.731068e-03
1.980000e-02 7.977247e-03
1.990000e-02 3.422002e-03
2.000000e-02 7.412018e-03
2.010000e-02 7.534531e-03
2.020000e-02 8.626007e-03
2.030000e-02 3.884209e-03
2.040000e-02 7.381390e-03
2.050000e-02 8.030150e-03
2.060000e-02 3.859150e-03
2.070000e-02 7.799047e-03
2.080000e-02 7.996738e-03
2.090000e-02 8.303019e-03
2.100000e-02 8.525770e-03
2.110000e-02 8.403257e-03
2.120000e-02 4.783564e-03
2.130000e-02 8.032935e-03
2.140000e-02 3.388590e-03
2.150000e-02 8.712323e-03
2.160000e-02 8.935073e-03
2.170000e-02 8.884955e-03
2.180000e-02 9.656228e-03
2.190000e-02 8.587026e-03
2.200000e-02 7.662612e-03
2.210000e-02 9.024174e-03
2.220000e-02 8.606517e-03
2.230000e-02 8.497926e-03
2.240000e-02 8.790286e-03
2.250000e-02 9.157824e-03
2.260000e-02 9.514225e-03
2.270000e-02 8.158232e-03
2.280000e-02 9.558775e-03
2.290000e-02 8.737382e-03
2.300000e-02 9.010252e-03
2.310000e-02 8.467298e-03
2.320000e-02 8.637145e-03
2.330000e-02 1.024652e-02
2.340000e-02 8.832051e-03
2.350000e-02 9.310964e-03
2.360000e-02 7.893716e-03
2.370000e-02 1.011008e-02
2.380000e-02 9.383359e-03
2.390000e-02 1.010451e-02
2.400000e-02 1.074214e-02
2.410000e-02 1.054723e-02
2.420000e-02 9.837213e-03
2.430000e-02 8.999115e-03
2.440000e-02 1.040523e-02
2.450000e-02 1.141317e-02
2.460000e-02 1.013236e-02
2.470000e-02 9.330455e-03
2.480000e-02 1.042750e-02
2.490000e-02 8.901661e-03
2.500000e-02 1.083402e-02
2.510000e-02 1.093983e-02
2.520000e-02 1.115422e-02
2.530000e-02 1.061405e-02
2.540000e-02 1.171667e-02
2.550000e-02 1.125446e-02
2.560000e-02 9.603324e-03
2.570000e-02 1.151619e-02
2.580000e-02 1.182804e-02
2.590000e-02 1.146329e-02
2.600000e-02 1.107069e-02
2.610000e-02 1.172781e-02
2.620000e-02 1.163871e-02
2.630000e-02 1.114587e-02
2.640000e-02 1.191993e-02
2.650000e-02 1.135748e-02
2.660000e-02 1.219280e-02
2.670000e-02 1.133242e-02
2.680000e-02 1.177514e-02
2.690000e-02 1.220950e-02
2.700000e-02 1.239327e-02
2.710000e-02 1.088414e-02
2.720000e-02 1.193385e-02
2.730000e-02 1.188095e-02
2.740000e-02 1.182248e-02
2.750000e-02 1.174173e-02
2.760000e-02 1.106512e-02
2.770000e-02 1.154404e-02
2.780000e-02 1.313670e-02
2.790000e-02 1.195613e-02
2.800000e-02 1.246567e-02
2.810000e-02 1.199232e-02
2.820000e-02 1.193663e-02
2.830000e-02 1.220950e-02
2.840000e-02 1.212319e-02
2.850000e-02 1.275803e-02
2.860000e-02 1.354322e-02
2.870000e-02 1.340400e-02
2.880000e-02 1.296129e-02
2.890000e-02 1.300305e-02
2.900000e-02 1.234594e-02
2.910000e-02 1.315898e-02
2.920000e-02 1.200624e-02
2.930000e-02 1.400264e-02
2.940000e-02 1.332047e-02
2.950000e-02 1.296129e-02
2.960000e-02 1.318125e-02
2.970000e-02 1.372699e-02
2.980000e-02 1.288611e-02
2.990000e-02 1.432006e-02
3.000000e-02 1.384393e-02
3.010000e-02 1.338451e-02
3.020000e-02 1.234594e-02
3.030000e-02 1.336502e-02
3.040000e-02 1.381887e-02
3.050000e-02 1.312835e-02
3.060000e-02 1.494376e-02
3.070000e-02 1.474051e-02
3.080000e-02 1.399986e-02
3.090000e-02 1.458458e-02
3.100000e-02 1.434512e-02
3.110000e-02 1.401378e-02
3.120000e-02 1.548950e-02
3.130000e-02 1.341236e-02
3.140000e-02 1.504400e-02
3.150000e-02 1.405833e-02
3.160000e-02 1.477113e-02
3.170000e-02 1.500224e-02
3.180000e-02 1.457901e-02
3.190000e-02 1.621901e-02
3.200000e-02 1.590438e-02
3.210000e-02 1.411959e-02
3.220000e-02 1.490200e-02
3.230000e-02 1.474329e-02
3.240000e-02 1.403049e-02
3.250000e-02 1.508020e-02
3.260000e-02 1.433399e-02
3.270000e-02 1.506906e-02
3.280000e-02 1.522777e-02
3.290000e-02 1.497996e-02
3.300000e-02 1.600183e-02
3.310000e-02 1.574567e-02
3.320000e-02 1.607979e-02
3.330000e-02 1.694573e-02
3.340000e-02 1.641670e-02
3.350000e-02 1.639164e-02
3.360000e-02 1.577351e-02
3.370000e-02 1.538370e-02
3.380000e-02 1.600183e-02
3.390000e-02 1.581527e-02
3.400000e-02 1.602410e-02
3.410000e-02 1.615775e-02
3.420000e-02 1.628027e-02
3.430000e-02 1.677032e-02
3.440000e-02 1.585704e-02
3.450000e-02 1.651972e-02
3.460000e-02 1.676196e-02
3.470000e-02 1.699307e-02
3.480000e-02 1.619395e-02
3.490000e-02 1.646404e-02
3.500000e-02 1.615775e-02
3.510000e-02 1.596006e-02
3.520000e-02 1.654757e-02
3.530000e-02 1.732998e-02
3.540000e-02 1.729935e-02
3.550000e-02 1.663110e-02
3.560000e-02 1.679259e-02
3.570000e-02 1.633317e-02
3.580000e-02 1.651972e-02
3.590000e-02 1.681765e-02
3.600000e-02 1.729378e-02
3.610000e-02 1.768916e-02
3.620000e-02 1.780332e-02
3.630000e-02 1.653921e-02
3.640000e-02 1.684550e-02
3.650000e-02 1.782560e-02
3.660000e-02 1.765297e-02
3.670000e-02 1.783673e-02
3.680000e-02 1.805948e-02
3.690000e-02 1.746920e-02
3.700000e-02 1.811239e-02
3.710000e-02 1.788964e-02
3.720000e-02 1.783395e-02
3.730000e-02 1.837969e-02
3.740000e-02 1.750539e-02
3.750000e-02 1.830729e-02
3.760000e-02 1.807619e-02
3.770000e-02 1.833792e-02
3.780000e-02 1.677310e-02
3.790000e-02 1.832122e-02
3.800000e-02 1.856903e-02
3.810000e-02 1.693738e-02
3.820000e-02 1.921222e-02
3.830000e-02 1.744414e-02
3.840000e-02 1.905908e-02
3.850000e-02 1.881127e-02
3.860000e-02 1.849663e-02
3.870000e-02 1.954913e-02
3.880000e-02 1.816529e-02
3.890000e-02 1.882519e-02
3.900000e-02 1.943775e-02
3.910000e-02 1.907022e-02
3.920000e-02 1.776156e-02
3.930000e-02 1.904516e-02
3.940000e-02 1.813188e-02
3.950000e-02 1.870825e-02
3.960000e-02 1.899504e-02
3.970000e-02 1.956862e-02
3.980000e-02 1.932638e-02
3.990000e-02 1.911476e-02
4.000000e-02 1.891151e-02
4.010000e-02 2.034825e-02
4.020000e-02 1.867762e-02
4.030000e-02 1.931803e-02
4.040000e-02 2.135341e-02
4.050000e-02 2.085222e-02
4.060000e-02 2.072135e-02
4.070000e-02 1.951572e-02
4.080000e-02 2.071022e-02
4.090000e-02 1.867205e-02
4.100000e-02 1.978859e-02
4.110000e-02 1.975796e-02
4.120000e-02 1.931524e-02
4.130000e-02 1.802050e-02
4.140000e-02 2.076869e-02
4.150000e-02 1.926234e-02
4.160000e-02 1.973847e-02
4.170000e-02 1.928740e-02
4.180000e-02 2.089398e-02
4.190000e-02 1.954078e-02
4.200000e-02 2.074363e-02
4.210000e-02 1.949622e-02
4.220000e-02 2.081045e-02
4.230000e-02 2.130050e-02
4.240000e-02 2.087728e-02
4.250000e-02 2.093018e-02
4.260000e-02 2.133948e-02
4.270000e-02 2.046240e-02
4.280000e-02 2.060162e-02
4.290000e-02 2.069072e-02
4.300000e-02 2.105826e-02
4.310000e-02 2.126987e-02
4.320000e-02 1.984984e-02
4.330000e-02 2.092740e-02
4.340000e-02 2.111117e-02
4.350000e-02 2.066288e-02
4.360000e-02 2.261473e-02
4.370000e-02 2.232515e-02
4.380000e-02 2.012828e-02
4.390000e-02 2.307137e-02
4.400000e-02 2.316604e-02
4.410000e-02 2.149541e-02
4.420000e-02 2.103599e-02
4.430000e-02 2.150933e-02
4.440000e-02 2.055150e-02
4.450000e-02 2.173208e-02
4.460000e-02 2.312149e-02
4.470000e-02 2.128380e-02
4.480000e-02 2.178220e-02
4.490000e-02 2.359762e-02
4.500000e-02 2.221099e-02
4.510000e-02 2.332196e-02
4.520000e-02 2.357534e-02
4.530000e-02 2.193813e-02
4.540000e-02 2.148984e-02
4.550000e-02 2.268434e-02
4.560000e-02 2.343055e-02
4.570000e-02 2.108054e-02
4.580000e-02 2.112787e-02
4.590000e-02 2.173487e-02
4.600000e-02 2.221656e-02
4.610000e-02 2.225276e-02
4.620000e-02 2.258967e-02
4.630000e-02 2.118913e-02
4.640000e-02 2.387884e-02
4.650000e-02 2.239476e-02
4.660000e-02 2.147035e-02
4.670000e-02 2.364217e-02
4.680000e-02 2.209684e-02
4.690000e-02 2.315768e-02
4.700000e-02 2.368672e-02
4.710000e-02 2.317439e-02
4.720000e-02 2.406261e-02
4.730000e-02 2.378974e-02
4.740000e-02 2.375354e-02
4.750000e-02 2.435218e-02
4.760000e-02 2.376746e-02
4.770000e-02 2.421018e-02
4.780000e-02 2.409880e-02
4.790000e-02 2.351408e-02
4.800000e-02 2.373683e-02
4.810000e-02 2.381758e-02
4.820000e-02 2.348067e-02
4.830000e-02 2.421853e-02
4.840000e-02 2.327741e-02
4.850000e-02 2.471137e-02
4.860000e-02 2.397629e-02
4.870000e-02 2.304909e-02
4.880000e-02 2.449976e-02
4.890000e-02 2.303796e-02
4.900000e-02 2.505663e-02
4.910000e-02 2.406539e-02
4.920000e-02 2.402641e-02
4.930000e-02 2.460278e-02
4.940000e-02 2.478098e-02
4.950000e-02 2.446913e-02
4.960000e-02 2.511789e-02
