-9.275818e-04 3.780786e-06
-9.263285e-04 4.728069e-06
-9.255064e-04 4.811005e-06
-9.242351e-04 4.293886e-06
-9.224910e-04 4.390945e-06
-9.201214e-04 3.619876e-06
-9.171130e-04 3.725015e-06
-9.146057e-04 4.850400e-06
-9.130172e-04 4.705228e-06
-9.116823e-04 4.745790e-06
-9.104923e-04 4.671652e-06
-9.088725e-04 3.728091e-06
-9.062826e-04 3.965907e-06
-9.034168e-04 4.168031e-06
-9.010245e-04 3.962508e-06
-8.990905e-04 4.154852e-06
-8.973701e-04 4.096162e-06
-8.957485e-04 4.097630e-06
-8.937893e-04 4.300511e-06
-8.914198e-04 4.180662e-06
-8.889863e-04 4.175828e-06
-8.864304e-04 3.958964e-06
-8.839893e-04 3.811978e-06
-8.821824e-04 4.479251e-06
-8.806977e-04 4.525646e-06
-8.790025e-04 4.285379e-06
-8.770722e-04 4.334080e-06
-8.749492e-04 4.147407e-06
-8.724240e-04 4.327928e-06
-8.696319e-04 4.384917e-06
-8.673232e-04 4.115644e-06
-8.655121e-04 4.196314e-06
-8.639733e-04 4.062094e-06
-8.625902e-04 3.948529e-06
-8.603749e-04 4.406480e-06
-8.573162e-04 4.273850e-06
-8.545382e-04 4.057675e-06
-8.524209e-04 4.556771e-06
-8.508975e-04 4.380554e-06
-8.496502e-04 4.370735e-06
-8.481364e-04 4.526312e-06
-8.459750e-04 3.858463e-06
-8.432402e-04 3.956675e-06
-8.404423e-04 4.126444e-06
-8.380302e-04 3.961708e-06
-8.361826e-04 4.443418e-06
-8.345656e-04 4.478769e-06
-8.328054e-04 4.338595e-06
-8.309877e-04 4.322506e-06
-8.288521e-04 3.749023e-06
-8.263119e-04 3.784901e-06
-8.238556e-04 4.024183e-06
-8.215229e-04 4.036419e-06
-8.194516e-04 4.525059e-06
-8.179189e-04 4.377006e-06
-8.165265e-04 4.182304e-06
-8.145756e-04 4.448570e-06
-8.118689e-04 3.923738e-06
-8.090628e-04 3.788606e-06
-8.066883e-04 4.135997e-06
-8.048295e-04 3.957437e-06
-8.033875e-04 4.155652e-06
-8.018140e-04 4.306037e-06
-7.997894e-04 3.972887e-06
-7.975302e-04 3.993433e-06
-7.949950e-04 3.591344e-06
-7.922977e-04 3.543609e-06
-7.902005e-04 4.409390e-06
-7.886689e-04 4.382349e-06
-7.869853e-04 4.071766e-06
-7.851899e-04 4.026377e-06
-7.835102e-04 4.077006e-06
-7.813892e-04 4.353903e-06
-7.786329e-04 4.063837e-06
-7.760720e-04 3.848496e-06
-7.739875e-04 4.043567e-06
-7.721418e-04 3.970753e-06
-7.706346e-04 4.331983e-06
-7.690323e-04 4.519302e-06
-7.669366e-04 4.218417e-06
-7.645631e-04 4.276502e-06
-7.618283e-04 3.836490e-06
-7.590788e-04 3.686634e-06
-7.570908e-04 4.557869e-06
-7.559301e-04 4.374003e-06
-7.547841e-04 3.870058e-06
-7.529468e-04 4.105081e-06
-7.504379e-04 3.634248e-06
-7.475627e-04 3.678941e-06
-7.449219e-04 4.196724e-06
-7.430730e-04 3.913554e-06
-7.416632e-04 3.858238e-06
-7.401249e-04 3.915264e-06
-7.383139e-04 3.619827e-06
-7.360323e-04 3.795515e-06
-7.335669e-04 3.977178e-06
-7.312024e-04 3.982163e-06
-7.288720e-04 4.052774e-06
-7.268988e-04 3.864019e-06
-7.254173e-04 4.176698e-06
-7.239632e-04 4.272190e-06
-7.222289e-04 4.053017e-06
-7.202036e-04 4.143107e-06
-7.177763e-04 3.723992e-06
-7.151333e-04 3.708508e-06
-7.129438e-04 4.420071e-06
-7.112672e-04 4.369163e-06
-7.095626e-04 4.181634e-06
-7.079789e-04 4.041597e-06
-7.061873e-04 3.307405e-06
-7.036177e-04 3.509227e-06
-7.010424e-04 4.059661e-06
-6.988932e-04 4.002634e-06
-6.968307e-04 3.988596e-06
-6.949893e-04 3.850901e-06
-6.934944e-04 4.063173e-06
-6.918323e-04 4.239681e-06
-6.897885e-04 4.075987e-06
-6.876392e-04 4.074412e-06
-6.853890e-04 3.902840e-06
-6.831143e-04 3.861825e-06
-6.810314e-04 4.066955e-06
-6.792351e-04 3.968990e-06
-6.777201e-04 4.164901e-06
-6.762327e-04 4.218906e-06
-6.742663e-04 3.571878e-06
-6.717448e-04 3.671429e-06
-6.691552e-04 3.834234e-06
-6.669907e-04 3.638001e-06
-6.654522e-04 4.153486e-06
-6.641755e-04 4.181248e-06
-6.625486e-04 3.656837e-06
-6.604095e-04 3.770622e-06
-6.580420e-04 3.706842e-06
-6.555999e-04 3.734033e-06
-6.533599e-04 4.145760e-06
-6.514987e-04 4.067131e-06
-6.497863e-04 4.096674e-06
-6.481173e-04 4.081341e-06
-6.463826e-04 3.929432e-06
-6.444224e-04 4.009798e-06
-6.422810e-04 3.931224e-06
-6.399928e-04 3.990895e-06
-6.377161e-04 4.175491e-06
-6.357674e-04 4.045424e-06
-6.341471e-04 4.249835e-06
-6.326406e-04 4.254431e-06
-6.309989e-04 4.024500e-06
-6.290025e-04 4.148989e-06
-6.265817e-04 3.787507e-06
-6.240194e-04 3.748231e-06
-6.218249e-04 4.251102e-06
-6.202805e-04 4.042633e-06
-6.189495e-04 3.819275e-06
-6.172438e-04 3.963390e-06
-6.151659e-04 3.744012e-06
-6.127707e-04 3.855120e-06
-6.102833e-04 4.009753e-06
-6.082221e-04 3.809895e-06
-6.065484e-04 3.916950e-06
-6.049283e-04 3.922958e-06
-6.031591e-04 3.674465e-06
-6.011773e-04 3.707356e-06
-5.990579e-04 3.570119e-06
-5.967240e-04 3.654790e-06
-5.944935e-04 4.061488e-06
-5.926708e-04 3.963523e-06
-5.910477e-04 4.023868e-06
-5.895544e-04 3.967823e-06
-5.878932e-04 3.533048e-06
-5.858371e-04 3.613112e-06
-5.835500e-04 3.450936e-06
-5.810900e-04 3.496029e-06
-5.790357e-04 4.295595e-06
-5.776729e-04 4.169154e-06
-5.762365e-04 3.711619e-06
-5.743653e-04 3.807518e-06
-5.722397e-04 3.633065e-06
-5.698642e-04 3.714591e-06
-5.674982e-04 3.958110e-06
-5.655921e-04 3.775398e-06
-5.640136e-04 3.813323e-06
-5.623200e-04 3.895955e-06
-5.605675e-04 4.027122e-06
-5.589161e-04 4.013752e-06
-5.569951e-04 3.528271e-06
-5.547149e-04 3.568681e-06
-5.525288e-04 3.837298e-06
-5.505153e-04 3.830576e-06
-5.486438e-04 4.065370e-06
-5.471155e-04 3.943251e-06
-5.456305e-04 3.659740e-06
-5.438037e-04 3.763562e-06
-5.416713e-04 3.540382e-06
-5.392313e-04 3.639045e-06
-5.367510e-04 3.847665e-06
-5.347453e-04 3.643426e-06
-5.332567e-04 3.936977e-06
-5.318028e-04 4.021950e-06
-5.302415e-04 4.078942e-06
-5.285771e-04 4.161273e-06
-5.262707e-04 3.321686e-06
-5.236936e-04 3.181348e-06
-5.218709e-04 4.046915e-06
-5.204336e-04 4.127811e-06
-5.186972e-04 3.870898e-06
-5.169070e-04 3.810218e-06
-5.150334e-04 3.485573e-06
-5.129181e-04 3.508712e-06
-5.108226e-04 3.607305e-06
-5.088378e-04 3.581624e-06
-5.070022e-04 3.758467e-06
-5.052603e-04 3.765944e-06
-5.035087e-04 3.770345e-06
-5.017372e-04 3.783789e-06
-4.997937e-04 3.534868e-06
-4.975352e-04 3.634042e-06
-4.952053e-04 3.790561e-06
-4.932677e-04 3.611776e-06
-4.916962e-04 3.740972e-06
-4.902741e-04 3.697242e-06
-4.887921e-04 3.460561e-06
-4.868291e-04 3.665096e-06
-4.844979e-04 3.617422e-06
-4.822592e-04 3.538872e-06
-4.802824e-04 3.758775e-06
-4.785895e-04 3.673046e-06
-4.770260e-04 3.650626e-06
-4.753975e-04 3.681595e-06
-4.734783e-04 3.284117e-06
-4.712789e-04 3.308816e-06
-4.693388e-04 3.808544e-06
-4.675504e-04 3.897747e-06
-4.655661e-04 3.819593e-06
-4.637225e-04 3.707126e-06
-4.620464e-04 3.689320e-06
-4.604532e-04 3.632662e-06
-4.589053e-04 3.535838e-06
-4.569273e-04 3.753908e-06
-4.545069e-04 3.622340e-06
-4.521970e-04 3.514027e-06
-4.501904e-04 3.717900e-06
-4.485354e-04 3.580582e-06
-4.472649e-04 3.839351e-06
-4.458705e-04 4.006957e-06
-4.438611e-04 3.448979e-06
-4.415565e-04 3.424884e-06
-4.393880e-04 3.584546e-06
-4.373528e-04 3.562189e-06
-4.356002e-04 3.970354e-06
-4.341314e-04 3.947392e-06
-4.324561e-04 3.554999e-06
-4.305133e-04 3.574160e-06
-4.285683e-04 3.608333e-06
-4.265157e-04 3.679508e-06
-4.244831e-04 3.910753e-06
-4.226452e-04 3.882806e-06
-4.208720e-04 3.912978e-06
-4.192386e-04 3.840014e-06
-4.176588e-04 3.726658e-06
-4.158849e-04 3.802191e-06
-4.138727e-04 3.615500e-06
-4.117856e-04 3.593142e-06
-4.098165e-04 3.727450e-06
-4.079911e-04 3.689684e-06
-4.063532e-04 3.913799e-06
-4.047877e-04 3.950727e-06
-4.029401e-04 3.565962e-06
-4.009265e-04 3.522161e-06
-3.989313e-04 3.432633e-06
-3.969365e-04 3.405366e-06
-3.951593e-04 3.691583e-06
-3.935003e-04 3.723836e-06
-3.917623e-04 3.681720e-06
-3.899322e-04 3.721751e-06
-3.879795e-04 3.628930e-06
-3.860332e-04 3.591617e-06
-3.841323e-04 3.563540e-06
-3.822939e-04 3.515879e-06
-3.806223e-04 3.660874e-06
-3.789518e-04 3.712463e-06
-3.771153e-04 3.594545e-06
-3.753348e-04 3.518342e-06
-3.736047e-04 3.375321e-06
-3.716219e-04 3.470407e-06
-3.696726e-04 3.790433e-06
-3.679217e-04 3.791868e-06
-3.661480e-04 3.757924e-06
-3.645008e-04 3.669853e-06
-3.629066e-04 3.513754e-06
-3.610901e-04 3.590797e-06
-3.590890e-04 3.497556e-06
-3.571087e-04 3.451481e-06
-3.553495e-04 3.691393e-06
-3.537787e-04 3.664881e-06
-3.520846e-04 3.400252e-06
-3.502534e-04 3.387269e-06
-3.484894e-04 3.449076e-06
-3.465691e-04 3.565411e-06
-3.445691e-04 3.755684e-06
-3.428225e-04 3.666230e-06
-3.410616e-04 3.394447e-06
-3.391825e-04 3.373072e-06
-3.373942e-04 3.464846e-06
-3.355837e-04 3.511222e-06
-3.336770e-04 3.479793e-06
-3.317055e-04 3.507287e-06
-3.298037e-04 3.699426e-06
-3.279603e-04 3.733642e-06
-3.260632e-04 3.739090e-06
-3.243575e-04 3.626245e-06
-3.228094e-04 3.590735e-06
-3.211635e-04 3.636476e-06
-3.194108e-04 3.570450e-06
-3.175032e-04 3.634306e-06
-3.154982e-04 3.649515e-06
-3.136448e-04 3.569527e-06
-3.121279e-04 3.907498e-06
-3.106667e-04 3.996022e-06
-3.088026e-04 3.571724e-06
-3.067740e-04 3.517492e-06
-3.048767e-04 3.585589e-06
-3.031322e-04 3.518516e-06
-3.014008e-04 3.354245e-06
-2.995735e-04 3.352584e-06
-2.978552e-04 3.544556e-06
-2.961755e-04 3.590580e-06
-2.943588e-04 3.474772e-06
-2.924690e-04 3.477198e-06
-2.905741e-04 3.475511e-06
-2.886724e-04 3.473587e-06
-2.868553e-04 3.609480e-06
-2.851948e-04 3.569674e-06
-2.835912e-04 3.553750e-06
-2.820496e-04 3.510772e-06
-2.803272e-04 3.090664e-06
-2.783002e-04 3.121859e-06
-2.763815e-04 3.388591e-06
-2.745443e-04 3.435874e-06
-2.727908e-04 3.706167e-06
-2.712028e-04 3.704354e-06
-2.695644e-04 3.630951e-06
-2.679456e-04 3.592353e-06
-2.662291e-04 3.306311e-06
-2.643074e-04 3.321720e-06
-2.624256e-04 3.431825e-06
-2.605579e-04 3.467930e-06
-2.587045e-04 3.591762e-06
-2.570939e-04 3.490776e-06
-2.555246e-04 3.279151e-06
-2.537266e-04 3.339954e-06
-2.518623e-04 3.398413e-06
-2.500633e-04 3.380361e-06
-2.483742e-04 3.513202e-06
-2.467368e-04 3.530121e-06
-2.450688e-04 3.541166e-06
-2.434658e-04 3.505866e-06
-2.418547e-04 3.379509e-06
-2.400373e-04 3.458305e-06
-2.380471e-04 3.388060e-06
-2.360706e-04 3.349247e-06
-2.342300e-04 3.469012e-06
-2.325727e-04 3.407227e-06
-2.310449e-04 3.451228e-06
-2.293692e-04 3.555765e-06
-2.274919e-04 3.510507e-06
-2.256580e-04 3.468209e-06
-2.238162e-04 3.337671e-06
-2.219106e-04 3.328834e-06
-2.202084e-04 3.642709e-06
-2.187294e-04 3.622089e-06
-2.171305e-04 3.379730e-06
-2.153699e-04 3.389454e-06
-2.135860e-04 3.363086e-06
-2.117496e-04 3.379949e-06
-2.098606e-04 3.339830e-06
-2.080489e-04 3.284087e-06
-2.063723e-04 3.354279e-06
-2.045533e-04 3.465010e-06
-2.028041e-04 3.888470e-06
-2.013374e-04 3.871777e-06
-1.996902e-04 3.525214e-06
-1.978512e-04 3.515320e-06
-1.959771e-04 3.429622e-06
-1.941876e-04 3.347972e-06
-1.926670e-04 3.568606e-06
-1.912377e-04 3.593381e-06
-1.895950e-04 3.320886e-06
-1.877244e-04 3.359649e-06
-1.857817e-04 3.332226e-06
-1.838868e-04 3.288402e-06
-1.821667e-04 3.458622e-06
-1.805697e-04 3.450993e-06
-1.790273e-04 3.520557e-06
-1.774672e-04 3.556208e-06
-1.756922e-04 3.297438e-06
-1.738007e-04 3.273948e-06
-1.720009e-04 3.361322e-06
-1.702235e-04 3.379374e-06
-1.684168e-04 3.380631e-06
-1.667912e-04 3.272545e-06
-1.654671e-04 3.489786e-06
-1.640274e-04 3.637162e-06
-1.621902e-04 3.367995e-06
-1.601906e-04 3.363678e-06
-1.582117e-04 3.387526e-06
-1.563159e-04 3.351195e-06
-1.545938e-04 3.539353e-06
-1.531063e-04 3.466540e-06
-1.516185e-04 3.263924e-06
-1.499568e-04 3.295119e-06
-1.481551e-04 3.148867e-06
-1.461675e-04 3.207631e-06
-1.442711e-04 3.522345e-06
-1.426375e-04 3.478234e-06
-1.410317e-04 3.402175e-06
-1.395290e-04 3.312972e-06
-1.381797e-04 3.335214e-06
-1.367052e-04 3.418165e-06
-1.351375e-04 3.479550e-06
-1.333573e-04 3.623800e-06
-1.313035e-04 3.567830e-06
-1.293942e-04 3.466315e-06
-1.277636e-04 3.648187e-06
-1.261914e-04 3.678777e-06
-1.244965e-04 3.559765e-06
-1.227766e-04 3.531893e-06
-1.209986e-04 3.357983e-06
-1.191158e-04 3.358134e-06
-1.173096e-04 3.485947e-06
-1.156512e-04 3.443423e-06
-1.141291e-04 3.567641e-06
-1.127100e-04 3.550076e-06
-1.111343e-04 3.224798e-06
-1.092888e-04 3.270301e-06
-1.074466e-04 3.402353e-06
-1.058698e-04 3.285287e-06
-1.043624e-04 3.076249e-06
-1.026685e-04 3.117867e-06
-1.009759e-04 3.235623e-06
-9.925207e-05 3.296804e-06
-9.756202e-05 3.522677e-06
-9.603913e-05 3.503870e-06
-9.443134e-05 3.310474e-06
-9.265550e-05 3.341517e-06
-9.086341e-05 3.400604e-06
-8.917701e-05 3.358533e-06
-8.758245e-05 3.409089e-06
-8.603865e-05 3.396616e-06
-8.443501e-05 3.247688e-06
-8.282722e-05 3.191881e-06
-8.132361e-05 3.210631e-06
-7.970574e-05 3.290771e-06
-7.798231e-05 3.337495e-06
-7.628747e-05 3.337193e-06
-7.453493e-05 3.240390e-06
-7.278983e-05 3.201038e-06
-7.112182e-05 3.220106e-06
-6.948179e-05 3.210211e-06
-6.797326e-05 3.401512e-06
-6.646486e-05 3.470397e-06
-6.466459e-05 3.188838e-06
-6.288358e-05 3.075853e-06
-6.136548e-05 3.187443e-06
-5.981866e-05 3.244852e-06
-5.818076e-05 3.252024e-06
-5.649222e-05 3.280030e-06
-5.478264e-05 3.322767e-06
-5.318669e-05 3.274956e-06
-5.165864e-05 3.255260e-06
-5.009280e-05 3.270820e-06
-4.849886e-05 3.267257e-06
-4.691904e-05 3.257514e-06
-4.532661e-05 3.209531e-06
-4.378269e-05 3.163155e-06
-4.233337e-05 3.191860e-06
-4.090484e-05 3.189745e-06
-3.940740e-05 3.082171e-06
-3.768258e-05 3.180145e-06
-3.586202e-05 3.279290e-06
-3.425209e-05 3.183431e-06
-3.269922e-05 3.012922e-06
-3.115278e-05 2.952496e-06
-2.968658e-05 2.918343e-06
-2.811066e-05 2.971820e-06
-2.655729e-05 3.157672e-06
-2.513417e-05 3.146569e-06
-2.361242e-05 2.951706e-06
-2.204859e-05 2.906689e-06
-2.056539e-05 2.915908e-06
-1.900937e-05 2.962889e-06
-1.739289e-05 2.992643e-06
-1.590452e-05 2.926552e-06
-1.454401e-05 2.968567e-06
-1.309356e-05 3.037701e-06
-1.149081e-05 2.962816e-06
-9.920557e-06 2.911885e-06
-8.383437e-06 2.826371e-06
-6.790509e-06 2.833830e-06
-5.261451e-06 2.959113e-06
-3.817046e-06 2.954128e-06
-2.339636e-06 2.884135e-06
-8.044050e-07 2.893577e-06
7.625712e-07 2.866964e-06
2.321233e-06 2.852384e-06
3.767275e-06 2.999286e-06
5.139624e-06 3.008049e-06
6.606074e-06 2.887796e-06
8.237548e-06 2.943763e-06
9.839546e-06 3.136385e-06
1.128156e-05 3.104744e-06
1.270669e-05 3.044739e-06
1.425250e-05 3.100263e-06
1.591156e-05 3.065895e-06
1.753334e-05 3.031145e-06
1.906882e-05 3.078296e-06
2.064625e-05 3.120450e-06
2.222318e-05 3.238224e-06
2.377391e-05 3.264966e-06
2.540374e-05 3.207546e-06
2.702741e-05 3.183146e-06
2.857876e-05 3.249553e-06
3.010732e-05 3.254841e-06
3.159921e-05 3.316685e-06
3.315233e-05 3.380671e-06
3.484755e-05 3.321784e-06
3.637359e-05 3.199101e-06
3.776206e-05 3.087614e-06
3.934126e-05 3.161798e-06
4.106960e-05 3.119467e-06
4.285086e-05 3.135935e-06
4.452428e-05 3.361004e-06
4.596377e-05 3.301853e-06
4.739584e-05 3.163508e-06
4.895525e-05 3.190015e-06
5.056745e-05 3.162166e-06
5.231444e-05 3.228200e-06
5.410641e-05 3.336766e-06
5.574733e-05 3.290079e-06
5.727992e-05 3.340793e-06
5.879298e-05 3.347365e-06
6.042634e-05 3.165465e-06
6.212093e-05 3.136608e-06
6.368967e-05 3.265908e-06
6.527000e-05 3.319469e-06
6.702643e-05 3.175080e-06
6.879207e-05 3.128545e-06
7.040717e-05 3.263726e-06
7.196923e-05 3.280572e-06
7.355864e-05 3.268124e-06
7.534367e-05 3.376076e-06
7.720177e-05 3.553856e-06
7.877441e-05 3.451720e-06
8.031292e-05 3.225184e-06
8.202301e-05 3.246412e-06
8.364768e-05 3.447381e-06
8.514070e-05 3.440885e-06
8.669811e-05 3.315776e-06
8.840907e-05 3.362765e-06
9.015077e-05 3.441979e-06
9.178061e-05 3.403452e-06
9.344357e-05 3.254938e-06
9.520593e-05 3.261199e-06
9.692181e-05 3.342425e-06
9.862333e-05 3.357845e-06
1.003285e-04 3.394536e-06
1.019251e-04 3.347699e-06
1.035394e-04 3.188223e-06
1.053275e-04 3.234909e-06
1.070788e-04 3.425610e-06
1.087185e-04 3.427499e-06
1.103224e-04 3.492463e-06
1.118529e-04 3.471840e-06
1.134636e-04 3.281138e-06
1.152879e-04 3.340516e-06
1.172186e-04 3.342005e-06
1.189891e-04 3.246501e-06
1.205002e-04 3.400726e-06
1.220199e-04 3.456268e-06
1.236565e-04 3.414764e-06
1.253278e-04 3.425869e-06
1.270709e-04 3.337225e-06
1.288787e-04 3.344099e-06
1.305797e-04 3.540878e-06
1.321756e-04 3.548734e-06
1.337947e-04 3.531759e-06
1.354667e-04 3.557369e-06
1.371965e-04 3.547377e-06
1.388996e-04 3.527693e-06
1.406045e-04 3.455116e-06
1.423255e-04 3.433478e-06
1.440512e-04 3.365581e-06
1.458168e-04 3.370264e-06
1.475894e-04 3.371732e-06
1.492527e-04 3.306764e-06
1.507781e-04 3.356011e-06
1.524781e-04 3.478468e-06
1.543931e-04 3.460445e-06
1.562735e-04 3.433174e-06
1.579936e-04 3.624294e-06
1.595364e-04 3.586900e-06
1.610351e-04 3.571918e-06
1.625978e-04 3.604620e-06
1.643173e-04 3.418538e-06
1.660655e-04 3.363852e-06
1.678032e-04 3.230246e-06
1.696588e-04 3.257896e-06
1.714990e-04 3.360162e-06
1.731167e-04 3.263617e-06
1.746016e-04 3.216885e-06
1.762260e-04 3.283741e-06
1.779225e-04 3.349334e-06
1.797208e-04 3.434018e-06
1.816471e-04 3.455813e-06
1.835360e-04 3.441157e-06
1.852210e-04 3.755904e-06
1.867605e-04 3.781662e-06
1.882884e-04 3.857826e-06
1.897013e-04 3.810688e-06
1.912902e-04 3.385410e-06
1.933345e-04 3.511266e-06
1.956285e-04 3.445044e-06
1.976097e-04 3.233597e-06
1.991839e-04 3.323919e-06
2.007523e-04 3.352927e-06
2.024432e-04 3.229495e-06
2.040462e-04 3.132271e-06
2.055758e-04 2.984739e-06
2.075110e-04 3.174807e-06
2.095720e-04 3.507274e-06
2.113586e-04 3.462477e-06
2.130027e-04 3.561426e-06
2.145740e-04 3.548054e-06
2.160885e-04 3.604918e-06
2.176510e-04 3.659763e-06
2.193063e-04 3.657667e-06
2.210399e-04 3.703824e-06
2.229496e-04 3.538689e-06
2.248640e-04 3.481956e-06
2.278081e-04 1.611615e-06
2.346047e-04 3.247670e-06
2.553697e-04 -1.545078e-05
3.360246e-04 1.372372e-05
4.565612e-04 2.828429e-05
5.290476e-04 4.727629e-06
5.566087e-04 1.414167e-05
5.704890e-04 9.321813e-06
5.822249e-04 -4.815354e-07
5.986292e-04 -1.215975e-06
6.115903e-04 2.474427e-06
6.210480e-04 1.703802e-06
6.243254e-04 9.847413e-06
6.248851e-04 1.115342e-05
6.308777e-04 5.738735e-06
6.403379e-04 5.866328e-06
6.557431e-04 -3.719110e-06
6.759106e-04 -4.288154e-06
6.822247e-04 1.728886e-05
6.732625e-04 1.584125e-05
6.665129e-04 8.084317e-06
6.692093e-04 1.098687e-05
6.773822e-04 9.928158e-06
6.885191e-04 1.132398e-05
7.039912e-04 7.984391e-06
7.144916e-04 3.799177e-06
7.154265e-04 8.102130e-06
7.152008e-04 8.957363e-06
7.132188e-04 1.425176e-05
7.141800e-04 1.792531e-05
7.258502e-04 1.032796e-05
7.339672e-04 5.454592e-06
7.385857e-04 -2.312381e-06
7.466075e-04 -3.058285e-06
7.469541e-04 7.682043e-06
7.446684e-04 9.966193e-06
7.514936e-04 1.146323e-06
7.636268e-04 1.150100e-06
7.755174e-04 1.564196e-06
7.829313e-04 -9.711372e-07
7.837336e-04 2.994630e-06
7.832543e-04 3.655791e-06
7.790726e-04 1.164915e-05
7.763390e-04 1.539900e-05
7.824845e-04 1.107217e-05
7.984201e-04 1.540541e-05
8.169454e-04 2.306669e-05
8.153642e-04 1.371536e-05
8.095029e-04 -5.095931e-06
8.162964e-04 -4.254672e-06
8.182777e-04 6.084319e-06
8.180107e-04 8.463049e-06
8.247060e-04 3.479436e-06
8.368852e-04 4.971506e-06
8.487097e-04 9.700710e-06
8.557002e-04 8.506661e-06
8.549681e-04 1.804135e-05
8.490162e-04 1.834829e-05
8.483134e-04 1.051366e-05
8.593138e-04 1.472275e-05
8.818164e-04 7.125408e-06
8.918058e-04 -3.130612e-06
8.848200e-04 -3.249035e-06
8.839937e-04 4.002700e-07
8.854202e-04 6.776009e-06
8.864570e-04 8.840628e-06
8.933743e-04 4.785377e-06
9.035788e-04 5.294770e-06
9.119614e-04 9.738550e-06
9.194791e-04 1.082178e-05
9.303358e-04 8.294868e-06
9.349186e-04 3.614457e-06
9.340762e-04 -3.736750e-07
9.389478e-04 1.623942e-06
9.525045e-04 -7.275622e-06
9.757070e-04 -4.700779e-06
9.923835e-04 1.329836e-05
9.927397e-04 9.999808e-06
9.794036e-04 2.362726e-05
9.629357e-04 2.666156e-05
9.606716e-04 1.145002e-05
9.760697e-04 1.655824e-05
1.010504e-03 -9.394228e-07
1.045401e-03 -6.970177e-06
1.051330e-03 2.462866e-05
1.032866e-03 2.134176e-05
1.017889e-03 6.319224e-06
1.013125e-03 7.063696e-06
1.011529e-03 3.822919e-06
1.017806e-03 7.390787e-06
1.033874e-03 1.001636e-06
1.051448e-03 -3.978170e-07
1.057915e-03 1.419781e-05
1.051350e-03 1.164412e-05
1.046004e-03 2.533590e-06
1.060550e-03 1.117877e-05
1.087049e-03 1.527656e-05
1.096188e-03 6.343710e-06
1.087767e-03 1.084810e-05
1.079739e-03 1.269216e-05
1.074486e-03 1.317087e-05
1.073713e-03 1.602044e-05
1.084994e-03 3.826069e-06
1.101287e-03 2.462047e-06
1.118898e-03 -3.515733e-06
1.142845e-03 -1.871593e-06
1.169943e-03 -2.554558e-06
1.170273e-03 -1.885379e-05
1.133895e-03 -3.003502e-06
1.110618e-03 1.056700e-05
1.111491e-03 8.037786e-06
1.117105e-03 9.969144e-06
1.131969e-03 -9.089051e-08
1.154541e-03 9.399794e-07
1.170212e-03 1.531607e-05
1.167611e-03 9.484232e-06
1.161993e-03 -1.675522e-06
1.171269e-03 3.256898e-06
1.180789e-03 1.653270e-05
1.189918e-03 2.108355e-05
1.214446e-03 8.090656e-06
1.230935e-03 -1.413840e-06
1.213741e-03 2.825523e-05
1.187857e-03 3.374018e-05
1.184238e-03 1.191945e-05
1.192025e-03 1.089401e-05
1.203974e-03 1.105134e-06
1.223639e-03 2.211401e-06
1.269008e-03 -3.745718e-05
1.308228e-03 -5.545146e-05
1.277395e-03 1.116940e-05
1.230883e-03 2.578301e-05
1.218759e-03 9.117320e-06
1.216492e-03 9.021379e-06
1.232996e-03 -2.247067e-05
1.272308e-03 -2.014558e-05
1.286958e-03 2.733109e-05
1.267071e-03 2.373466e-05
1.245058e-03 1.740770e-05
1.238435e-03 2.434548e-05
1.257383e-03 8.112144e-07
1.290041e-03 5.766872e-07
1.307465e-03 2.540065e-05
1.309610e-03 2.517099e-05
1.304103e-03 3.726339e-05
1.284984e-03 3.345975e-05
1.273709e-03 9.859630e-06
1.286753e-03 1.593533e-05
1.302448e-03 2.837854e-05
1.318184e-03 3.288905e-05
1.343903e-03 2.879440e-05
1.368534e-03 2.666542e-05
1.372069e-03 5.615180e-05
1.342374e-03 4.675606e-05
1.324326e-03 9.850505e-07
1.331165e-03 -4.886307e-07
1.342481e-03 -1.199014e-05
1.357623e-03 -1.384535e-05
1.368882e-03 -1.253140e-05
1.376641e-03 -1.415590e-05
1.365312e-03 1.309356e-05
1.353387e-03 2.255960e-05
1.363567e-03 1.204709e-05
1.412792e-03 3.167252e-05
1.451852e-03 1.030255e-04
1.419827e-03 8.611884e-05
1.396525e-03 2.480931e-05
1.397538e-03 1.726055e-05
1.395674e-03 9.763598e-07
1.401836e-03 -4.874760e-08
1.409431e-03 -5.246592e-06
1.430041e-03 6.824796e-07
1.460350e-03 9.964037e-07
1.489386e-03 3.462714e-07
1.518186e-03 -1.063877e-06
1.512842e-03 -2.204744e-05
1.473345e-03 -2.344124e-05
1.456909e-03 -1.011444e-05
1.451009e-03 9.327961e-06
1.465298e-03 2.844377e-05
1.506363e-03 3.705839e-05
1.518348e-03 2.269193e-05
1.504213e-03 2.627772e-05
1.487461e-03 2.597861e-05
1.479199e-03 1.090739e-05
1.494914e-03 1.990800e-05
1.537081e-03 8.711036e-07
1.580262e-03 -5.383790e-06
1.580825e-03 4.815993e-05
1.544642e-03 4.542524e-05
1.521352e-03 1.639052e-05
1.516703e-03 1.710214e-05
1.521119e-03 3.995300e-06
1.530188e-03 2.066980e-06
1.543194e-03 -9.933494e-06
1.563027e-03 -1.014352e-05
1.579165e-03 -4.478396e-06
1.597906e-03 -9.034277e-07
1.615589e-03 1.077404e-05
1.618957e-03 6.399130e-06
1.623107e-03 -7.037407e-06
1.637129e-03 -5.960526e-06
1.634541e-03 2.466037e-05
1.614174e-03 2.503764e-05
1.619480e-03 -1.662408e-05
1.637872e-03 -2.379554e-05
1.625247e-03 7.994196e-06
1.633322e-03 3.191301e-05
1.705066e-03 -8.131820e-06
1.790827e-03 -1.414103e-05
1.839124e-03 3.190808e-05
1.799323e-03 -4.388252e-06
1.696035e-03 5.381522e-07
1.643497e-03 3.274816e-05
1.657009e-03 1.222399e-05
1.675347e-03 7.719605e-06
1.694553e-03 -6.220513e-06
1.725602e-03 -4.143808e-06
1.747001e-03 1.767063e-05
1.747641e-03 1.308541e-05
1.731401e-03 2.862453e-05
1.711005e-03 3.168868e-05
1.715510e-03 -1.515582e-06
1.743180e-03 4.667533e-07
1.774792e-03 -4.913178e-07
1.810432e-03 1.563253e-06
1.813199e-03 6.194794e-05
1.777140e-03 6.043192e-05
1.753309e-03 3.588478e-05
1.749135e-03 3.882428e-05
1.768428e-03 7.940165e-06
1.828535e-03 2.128215e-05
1.945011e-03 -3.548046e-05
1.995108e-03 -9.574887e-05
1.881979e-03 8.903323e-06
1.780596e-03 5.359572e-05
1.786988e-03 -2.181372e-06
1.809185e-03 -1.270823e-05
1.830196e-03 -3.977539e-05
1.879666e-03 -3.249136e-05
1.891403e-03 5.048609e-05
1.860434e-03 5.478817e-05
1.854374e-03 2.528445e-05
1.880427e-03 3.390606e-05
1.899932e-03 6.871507e-05
1.879688e-03 5.742668e-05
1.862771e-03 2.057883e-05
1.877209e-03 2.609899e-05
1.909018e-03 1.251839e-05
1.938611e-03 6.293407e-06
1.926259e-03 5.879988e-05
1.891357e-03 6.420543e-05
1.899140e-03 8.190339e-06
1.967069e-03 2.406561e-05
2.050680e-03 4.201551e-05
2.067319e-03 8.324008e-06
2.024955e-03 1.301737e-05
1.993208e-03 2.107656e-05
1.975350e-03 2.032780e-05
1.977288e-03 3.192902e-05
2.017951e-03 -3.989756e-07
2.051127e-03 -1.652079e-05
2.047736e-03 -2.680381e-07
2.058442e-03 1.401798e-05
2.061399e-03 6.648884e-05
2.024014e-03 6.121767e-05
2.001268e-03 2.224213e-05
2.040685e-03 4.547041e-05
