-9.289152e-04 4.100774e-06
-9.288934e-04 3.715243e-06
-9.269176e-04 4.716110e-06
-9.231929e-04 4.455183e-06
-9.194418e-04 4.414978e-06
-9.163211e-04 5.486545e-06
-9.146266e-04 4.965551e-06
-9.136130e-04 4.527127e-06
-9.119199e-04 4.786172e-06
-9.100040e-04 5.241772e-06
-9.083409e-04 5.297972e-06
-9.060996e-04 4.380523e-06
-9.038692e-04 4.003723e-06
-9.017118e-04 3.188674e-06
-8.993385e-04 3.055523e-06
-8.973826e-04 3.286968e-06
-8.957227e-04 3.164487e-06
-8.938697e-04 2.588165e-06
-8.919166e-04 2.466139e-06
-8.892437e-04 8.660122e-07
-8.854897e-04 9.077585e-07
-8.836361e-04 4.233519e-06
-8.837549e-04 4.284290e-06
-8.842366e-04 4.950732e-06
-8.838725e-04 5.660910e-06
-8.805183e-04 2.784512e-06
-8.755266e-04 2.766961e-06
-8.716525e-04 4.443056e-06
-8.696261e-04 3.908015e-06
-8.682834e-04 3.660957e-06
-8.666663e-04 3.767827e-06
-8.650906e-04 4.042563e-06
-8.630793e-04 4.364520e-06
-8.606554e-04 4.677344e-06
-8.593983e-04 4.128473e-06
-8.582569e-04 2.769322e-06
-8.557616e-04 3.067052e-06
-8.533472e-04 3.950410e-06
-8.508713e-04 4.334264e-06
-8.482581e-04 5.294620e-06
-8.468021e-04 4.896071e-06
-8.450951e-04 3.254287e-06
-8.423355e-04 3.340408e-06
-8.398187e-04 4.078763e-06
-8.381951e-04 3.771741e-06
-8.375922e-04 4.517166e-06
-8.380850e-04 4.164761e-06
-8.376288e-04 1.665164e-06
-8.340732e-04 2.612728e-06
-8.295795e-04 3.621681e-06
-8.263743e-04 3.223588e-06
-8.242546e-04 4.033196e-06
-8.227716e-04 3.906337e-06
-8.213247e-04 3.514865e-06
-8.197379e-04 3.463838e-06
-8.179434e-04 3.064430e-06
-8.156731e-04 3.236377e-06
-8.140384e-04 4.673122e-06
-8.131643e-04 4.703585e-06
-8.112123e-04 3.102830e-06
-8.080959e-04 3.256489e-06
-8.051775e-04 3.906908e-06
-8.032981e-04 3.487880e-06
-8.018913e-04 3.202532e-06
-7.995222e-04 3.708823e-06
-7.968621e-04 4.533026e-06
-7.950131e-04 4.308531e-06
-7.934824e-04 4.318729e-06
-7.927325e-04 3.886309e-06
-7.928930e-04 4.110679e-06
-7.910748e-04 5.333708e-06
-7.866748e-04 4.561534e-06
-7.827858e-04 4.025267e-06
-7.802268e-04 4.606376e-06
-7.785794e-04 4.234960e-06
-7.779494e-04 4.990691e-06
-7.770559e-04 5.459423e-06
-7.747140e-04 4.257663e-06
-7.724181e-04 3.758082e-06
-7.706025e-04 3.274382e-06
-7.689866e-04 3.009000e-06
-7.675772e-04 2.598716e-06
-7.652842e-04 2.960104e-06
-7.622709e-04 2.696032e-06
-7.599792e-04 2.185852e-06
-7.589376e-04 2.937952e-06
-7.575233e-04 3.408614e-06
-7.555024e-04 3.611640e-06
-7.533637e-04 3.786928e-06
-7.508597e-04 3.750625e-06
-7.489896e-04 3.321997e-06
-7.488953e-04 4.996306e-06
-7.488420e-04 5.616213e-06
-7.465351e-04 3.663959e-06
-7.429210e-04 3.711703e-06
-7.393783e-04 3.883170e-06
-7.367590e-04 3.415784e-06
-7.353600e-04 4.272191e-06
-7.335879e-04 4.767827e-06
-7.312946e-04 5.143360e-06
-7.298664e-04 4.765773e-06
-7.283139e-04 3.624371e-06
-7.266321e-04 3.320145e-06
-7.257537e-04 3.719969e-06
-7.237273e-04 4.513085e-06
-7.200778e-04 4.128038e-06
-7.171880e-04 3.575087e-06
-7.156811e-04 4.219884e-06
-7.142327e-04 4.382882e-06
-7.121929e-04 3.954128e-06
-7.098097e-04 4.042488e-06
-7.070813e-04 3.611236e-06
-7.048623e-04 3.117908e-06
-7.040395e-04 4.151914e-06
-7.041311e-04 4.005080e-06
-7.036651e-04 2.606425e-06
-7.009890e-04 3.387396e-06
-6.970090e-04 3.485635e-06
-6.939573e-04 3.003615e-06
-6.921598e-04 3.640294e-06
-6.905834e-04 3.706569e-06
-6.889550e-04 3.892015e-06
-6.874696e-04 3.906380e-06
-6.860758e-04 4.006699e-06
-6.848818e-04 3.892134e-06
-6.835561e-04 3.445272e-06
-6.817062e-04 3.629283e-06
-6.792023e-04 3.031811e-06
-6.764930e-04 2.914013e-06
-6.746656e-04 3.985404e-06
-6.733187e-04 4.110284e-06
-6.716165e-04 3.965519e-06
-6.696716e-04 4.022400e-06
-6.674295e-04 3.585849e-06
-6.645314e-04 3.859443e-06
-6.617500e-04 4.925813e-06
-6.610797e-04 3.993706e-06
-6.617901e-04 3.601272e-06
-6.610579e-04 4.375907e-06
-6.583235e-04 3.250705e-06
-6.546809e-04 3.364163e-06
-6.509969e-04 3.540694e-06
-6.478716e-04 3.291468e-06
-6.458194e-04 4.504008e-06
-6.447936e-04 4.282956e-06
-6.436100e-04 3.297072e-06
-6.420625e-04 3.172796e-06
-6.410520e-04 3.795946e-06
-6.397737e-04 4.213462e-06
-6.371070e-04 2.984852e-06
-6.341423e-04 2.684932e-06
-6.317514e-04 2.897020e-06
-6.297174e-04 2.789481e-06
-6.282636e-04 3.370381e-06
-6.270697e-04 3.397119e-06
-6.251707e-04 2.383303e-06
-6.225114e-04 2.500557e-06
-6.202806e-04 3.450685e-06
-6.185401e-04 3.469906e-06
-6.172312e-04 4.322836e-06
-6.165380e-04 4.294705e-06
-6.150752e-04 2.859003e-06
-6.121911e-04 3.154436e-06
-6.094070e-04 4.232357e-06
-6.073144e-04 4.247144e-06
-6.052324e-04 4.199898e-06
-6.033907e-04 4.003366e-06
-6.017086e-04 3.822915e-06
-5.996759e-04 4.002847e-06
-5.980429e-04 5.062036e-06
-5.969240e-04 5.099454e-06
-5.951988e-04 4.307508e-06
-5.933827e-04 4.112086e-06
-5.915227e-04 3.480506e-06
-5.888837e-04 3.690137e-06
-5.861917e-04 4.092979e-06
-5.842892e-04 3.793267e-06
-5.825612e-04 3.342945e-06
-5.804994e-04 3.350483e-06
-5.782029e-04 2.902710e-06
-5.757784e-04 2.845829e-06
-5.744378e-04 4.615031e-06
-5.739734e-04 4.683943e-06
-5.732434e-04 4.300076e-06
-5.717225e-04 4.686518e-06
-5.685741e-04 3.108730e-06
-5.648168e-04 2.879378e-06
-5.622192e-04 4.113538e-06
-5.610986e-04 3.666667e-06
-5.600738e-04 2.674080e-06
-5.581314e-04 2.891370e-06
-5.561478e-04 3.346765e-06
-5.542542e-04 3.425990e-06
-5.521863e-04 3.444722e-06
-5.504366e-04 3.292169e-06
-5.488571e-04 3.066136e-06
-5.468673e-04 3.198992e-06
-5.446384e-04 3.256228e-06
-5.425413e-04 3.230130e-06
-5.406732e-04 3.448461e-06
-5.387386e-04 3.534546e-06
-5.366486e-04 3.605936e-06
-5.345809e-04 3.652574e-06
-5.325205e-04 3.699195e-06
-5.308790e-04 3.434389e-06
-5.301080e-04 4.227377e-06
-5.293443e-04 4.541754e-06
-5.276920e-04 3.854290e-06
-5.251149e-04 4.118895e-06
-5.219782e-04 4.034393e-06
-5.194596e-04 3.672626e-06
-5.181979e-04 4.643358e-06
-5.172371e-04 4.779301e-06
-5.153909e-04 3.790044e-06
-5.132768e-04 3.627374e-06
-5.112512e-04 3.304456e-06
-5.090700e-04 3.251992e-06
-5.073712e-04 3.828000e-06
-5.058553e-04 3.956458e-06
-5.038473e-04 3.579911e-06
-5.018412e-04 3.409724e-06
-4.999962e-04 3.125241e-06
-4.982398e-04 2.998838e-06
-4.965266e-04 2.790306e-06
-4.941889e-04 3.067402e-06
-4.917103e-04 3.526110e-06
-4.898478e-04 3.345567e-06
-4.884523e-04 3.722861e-06
-4.873437e-04 3.651131e-06
-4.865784e-04 3.923005e-06
-4.849724e-04 4.566974e-06
-4.817151e-04 3.673302e-06
-4.787069e-04 3.168605e-06
-4.767168e-04 3.396875e-06
-4.750053e-04 3.309346e-06
-4.735140e-04 3.515398e-06
-4.718612e-04 3.718212e-06
-4.697675e-04 3.462416e-06
-4.678876e-04 3.210914e-06
-4.663425e-04 3.154927e-06
-4.647740e-04 3.177228e-06
-4.634142e-04 3.504830e-06
-4.615199e-04 3.908830e-06
-4.588330e-04 3.810382e-06
-4.566516e-04 3.507810e-06
-4.553988e-04 4.108274e-06
-4.537388e-04 4.532158e-06
-4.513448e-04 4.592933e-06
-4.493055e-04 4.442718e-06
-4.475323e-04 4.356967e-06
-4.460108e-04 4.140421e-06
-4.449277e-04 4.363124e-06
-4.436643e-04 4.586599e-06
-4.413527e-04 3.375264e-06
-4.386104e-04 3.159223e-06
-4.363393e-04 3.437913e-06
-4.345701e-04 3.269644e-06
-4.333710e-04 3.660727e-06
-4.320247e-04 3.858803e-06
-4.297506e-04 2.960084e-06
-4.271613e-04 2.855820e-06
-4.250830e-04 3.407251e-06
-4.235152e-04 3.269350e-06
-4.223841e-04 3.529013e-06
-4.210892e-04 3.754026e-06
-4.189246e-04 2.997011e-06
-4.164170e-04 2.903656e-06
-4.145279e-04 3.605516e-06
-4.129579e-04 3.693160e-06
-4.112011e-04 3.718032e-06
-4.090998e-04 3.901011e-06
-4.066813e-04 3.783312e-06
-4.048191e-04 3.438445e-06
-4.036767e-04 3.788560e-06
-4.026903e-04 3.784676e-06
-4.010623e-04 2.610979e-06
-3.983756e-04 2.859368e-06
-3.955894e-04 3.454196e-06
-3.932904e-04 3.348048e-06
-3.918074e-04 4.326082e-06
-3.908576e-04 4.357385e-06
-3.892938e-04 3.520274e-06
-3.870377e-04 3.666011e-06
-3.847000e-04 3.837721e-06
-3.825396e-04 3.758215e-06
-3.810471e-04 4.740604e-06
-3.801137e-04 4.797189e-06
-3.784926e-04 3.719268e-06
-3.761566e-04 3.720439e-06
-3.739340e-04 4.011201e-06
-3.722374e-04 3.836264e-06
-3.706971e-04 3.516363e-06
-3.687676e-04 3.600242e-06
-3.665456e-04 3.440188e-06
-3.643776e-04 3.383341e-06
-3.627648e-04 4.051240e-06
-3.619486e-04 3.787487e-06
-3.608894e-04 2.737664e-06
-3.587688e-04 3.021748e-06
-3.562465e-04 3.062126e-06
-3.538105e-04 2.993014e-06
-3.518122e-04 3.614291e-06
-3.504604e-04 3.482605e-06
-3.489901e-04 2.840098e-06
-3.469292e-04 2.931272e-06
-3.448199e-04 3.184779e-06
-3.427865e-04 3.262497e-06
-3.410770e-04 4.033734e-06
-3.399624e-04 3.916926e-06
-3.389492e-04 3.657488e-06
-3.372110e-04 4.040199e-06
-3.347297e-04 3.952315e-06
-3.323502e-04 3.824313e-06
-3.304415e-04 4.158419e-06
-3.288789e-04 4.105725e-06
-3.268767e-04 3.310691e-06
-3.244202e-04 3.266831e-06
-3.225706e-04 4.074145e-06
-3.213148e-04 4.038127e-06
-3.202218e-04 4.328066e-06
-3.189404e-04 4.504421e-06
-3.167508e-04 3.366548e-06
-3.141795e-04 3.224535e-06
-3.121982e-04 3.912320e-06
-3.105108e-04 3.949251e-06
-3.088691e-04 4.024483e-06
-3.073132e-04 4.003143e-06
-3.053099e-04 3.298612e-06
-3.030076e-04 3.255608e-06
-3.010889e-04 3.678743e-06
-2.996274e-04 3.527886e-06
-2.986298e-04 3.962260e-06
-2.973882e-04 4.298000e-06
-2.951946e-04 3.562665e-06
-2.929111e-04 3.316497e-06
-2.909987e-04 3.342930e-06
-2.892056e-04 3.312002e-06
-2.873933e-04 3.109488e-06
-2.853684e-04 3.132537e-06
-2.835139e-04 3.562748e-06
-2.818473e-04 3.637928e-06
-2.801900e-04 3.773215e-06
-2.787343e-04 3.670234e-06
-2.770222e-04 3.048957e-06
-2.746654e-04 3.241943e-06
-2.723641e-04 3.777053e-06
-2.706715e-04 3.574404e-06
-2.692807e-04 3.602293e-06
-2.678401e-04 3.673057e-06
-2.661339e-04 3.344623e-06
-2.639138e-04 3.499238e-06
-2.614624e-04 3.637855e-06
-2.595312e-04 3.409987e-06
-2.582085e-04 3.796386e-06
-2.568466e-04 3.924084e-06
-2.551425e-04 3.605744e-06
-2.532410e-04 3.646025e-06
-2.512670e-04 3.729131e-06
-2.495540e-04 3.567854e-06
-2.480870e-04 3.440832e-06
-2.462249e-04 3.667138e-06
-2.440644e-04 3.889121e-06
-2.422008e-04 3.755484e-06
-2.405439e-04 3.635070e-06
-2.391258e-04 3.481940e-06
-2.380381e-04 3.709890e-06
-2.363131e-04 4.141563e-06
-2.338394e-04 3.983546e-06
-2.318151e-04 3.690916e-06
-2.301349e-04 3.548224e-06
-2.284805e-04 3.447939e-06
-2.271311e-04 3.588966e-06
-2.253685e-04 3.885578e-06
-2.230227e-04 3.834585e-06
-2.210567e-04 3.623638e-06
-2.194568e-04 3.550375e-06
-2.181615e-04 3.313167e-06
-2.170633e-04 3.062159e-06
-2.152459e-04 3.431329e-06
-2.130603e-04 3.760179e-06
-2.111290e-04 3.693100e-06
-2.091531e-04 3.528050e-06
-2.072848e-04 3.436288e-06
-2.056730e-04 3.517252e-06
-2.036935e-04 3.732407e-06
-2.015912e-04 4.217565e-06
-1.999942e-04 4.126224e-06
-1.986119e-04 4.131011e-06
-1.971484e-04 4.147053e-06
-1.952244e-04 3.525359e-06
-1.930114e-04 3.507414e-06
-1.910071e-04 3.707846e-06
-1.893475e-04 3.542411e-06
-1.879190e-04 3.554899e-06
-1.863496e-04 3.674951e-06
-1.844611e-04 3.392931e-06
-1.825405e-04 3.278677e-06
-1.806865e-04 3.159624e-06
-1.788628e-04 3.128210e-06
-1.774654e-04 3.765176e-06
-1.762134e-04 3.872999e-06
-1.743776e-04 3.101163e-06
-1.722255e-04 3.047252e-06
-1.702650e-04 3.297454e-06
-1.683505e-04 3.331568e-06
-1.666464e-04 3.691611e-06
-1.649983e-04 3.819157e-06
-1.630233e-04 3.719062e-06
-1.612613e-04 3.520244e-06
-1.598537e-04 3.470899e-06
-1.584324e-04 3.494581e-06
-1.567713e-04 3.242566e-06
-1.545771e-04 3.443592e-06
-1.524194e-04 3.974088e-06
-1.509033e-04 3.809384e-06
-1.494767e-04 3.599110e-06
-1.477269e-04 3.683784e-06
-1.456981e-04 3.362071e-06
-1.436056e-04 3.284832e-06
-1.417431e-04 3.540627e-06
-1.399531e-04 3.622131e-06
-1.382919e-04 3.970754e-06
-1.370133e-04 3.836548e-06
-1.354637e-04 3.105376e-06
-1.333756e-04 3.193894e-06
-1.315073e-04 3.715684e-06
-1.299041e-04 3.713689e-06
-1.282043e-04 3.637513e-06
-1.265625e-04 3.607145e-06
-1.248041e-04 3.242496e-06
-1.228393e-04 3.202990e-06
-1.210903e-04 3.536004e-06
-1.195288e-04 3.575433e-06
-1.180671e-04 3.763793e-06
-1.164723e-04 3.878531e-06
-1.144015e-04 3.500561e-06
-1.123887e-04 3.361914e-06
-1.107556e-04 3.515516e-06
-1.091318e-04 3.534338e-06
-1.073905e-04 3.478350e-06
-1.056906e-04 3.464553e-06
-1.038546e-04 3.115098e-06
-1.018668e-04 3.049135e-06
-1.001891e-04 3.462488e-06
-9.885924e-05 3.433267e-06
-9.753905e-05 3.375311e-06
-9.584295e-05 3.549381e-06
-9.376087e-05 3.300133e-06
-9.165674e-05 3.254217e-06
-8.992915e-05 3.852088e-06
-8.854936e-05 3.823533e-06
-8.696778e-05 3.310789e-06
-8.511597e-05 3.323581e-06
-8.318985e-05 3.316210e-06
-8.133477e-05 3.241130e-06
-7.964081e-05 3.221652e-06
-7.808630e-05 3.159669e-06
-7.641818e-05 2.870633e-06
-7.459597e-05 2.833093e-06
-7.303668e-05 3.096737e-06
-7.146706e-05 3.194413e-06
-6.979136e-05 3.367995e-06
-6.832441e-05 3.335272e-06
-6.668222e-05 2.874465e-06
-6.456941e-05 2.959147e-06
-6.266016e-05 3.612269e-06
-6.115882e-05 3.635868e-06
-5.967750e-05 3.648147e-06
-5.820072e-05 3.618826e-06
-5.644743e-05 3.166760e-06
-5.441523e-05 3.201032e-06
-5.262138e-05 3.603561e-06
-5.112961e-05 3.537921e-06
-4.962902e-05 3.426778e-06
-4.800913e-05 3.488534e-06
-4.621175e-05 3.281234e-06
-4.432064e-05 3.231445e-06
-4.259784e-05 3.457061e-06
-4.105139e-05 3.463599e-06
-3.950633e-05 3.400118e-06
-3.782182e-05 3.429707e-06
-3.600542e-05 3.378714e-06
-3.435744e-05 3.289732e-06
-3.292034e-05 3.308880e-06
-3.135740e-05 3.361364e-06
-2.961469e-05 3.291432e-06
-2.774374e-05 3.373955e-06
-2.583436e-05 3.540574e-06
-2.412857e-05 3.446229e-06
-2.266224e-05 3.495859e-06
-2.125222e-05 3.512231e-06
-1.953635e-05 3.126335e-06
-1.763365e-05 3.070748e-06
-1.601263e-05 3.309494e-06
-1.449718e-05 3.360360e-06
-1.294380e-05 3.527690e-06
-1.143742e-05 3.527233e-06
-9.776719e-06 3.180076e-06
-7.929073e-06 3.199832e-06
-6.126274e-06 3.411646e-06
-4.435340e-06 3.390921e-06
-2.775646e-06 3.298903e-06
-1.180451e-06 3.257550e-06
3.862750e-07 3.274108e-06
2.101019e-06 3.339451e-06
3.811858e-06 3.441964e-06
5.349861e-06 3.375679e-06
6.980707e-06 3.121717e-06
8.795599e-06 3.169572e-06
1.059613e-05 3.243471e-06
1.242954e-05 3.259330e-06
1.419908e-05 3.493099e-06
1.564273e-05 3.412658e-06
1.696683e-05 3.305453e-06
1.849199e-05 3.357419e-06
2.030537e-05 3.106165e-06
2.209746e-05 3.031731e-06
2.348896e-05 3.407261e-06
2.485501e-05 3.498496e-06
2.661913e-05 3.174175e-06
2.852561e-05 3.172349e-06
3.038446e-05 3.161941e-06
3.217227e-05 3.086300e-06
3.379896e-05 3.224729e-06
3.552492e-05 3.364267e-06
3.738781e-05 3.440455e-06
3.918330e-05 3.396376e-06
4.088255e-05 3.520234e-06
4.241791e-05 3.497675e-06
4.390653e-05 3.518397e-06
4.554758e-05 3.585035e-06
4.733727e-05 3.431088e-06
4.915758e-05 3.426366e-06
5.097663e-05 3.502902e-06
5.263897e-05 3.404201e-06
5.411160e-05 3.360556e-06
5.573513e-05 3.467786e-06
5.766542e-05 3.334274e-06
5.952176e-05 3.211355e-06
6.100836e-05 3.406067e-06
6.245390e-05 3.481845e-06
6.411511e-05 3.418103e-06
6.581461e-05 3.386650e-06
6.758604e-05 3.096303e-06
6.953522e-05 3.128823e-06
7.132593e-05 3.571173e-06
7.298285e-05 3.618620e-06
7.468827e-05 3.576570e-06
7.644459e-05 3.592661e-06
7.837726e-05 3.434872e-06
8.003091e-05 3.241257e-06
8.127539e-05 3.298502e-06
8.274185e-05 3.422531e-06
8.463219e-05 3.146087e-06
8.658919e-05 3.116342e-06
8.829562e-05 3.364059e-06
8.992747e-05 3.378861e-06
9.158300e-05 3.464209e-06
9.317153e-05 3.485658e-06
9.501400e-05 3.040601e-06
9.705225e-05 2.966664e-06
9.878135e-05 3.355933e-06
1.003224e-04 3.414105e-06
1.018923e-04 3.444913e-06
1.034849e-04 3.439228e-06
1.051536e-04 3.382191e-06
1.069814e-04 3.488329e-06
1.088645e-04 3.603236e-06
1.106314e-04 3.543192e-06
1.122830e-04 3.656643e-06
1.137685e-04 3.629561e-06
1.154804e-04 3.169777e-06
1.174450e-04 3.126595e-06
1.190023e-04 3.605947e-06
1.203695e-04 3.694062e-06
1.220714e-04 3.467544e-06
1.239879e-04 3.483080e-06
1.258604e-04 3.512674e-06
1.276162e-04 3.484343e-06
1.292615e-04 3.684381e-06
1.308402e-04 3.682553e-06
1.325258e-04 3.405910e-06
1.345931e-04 3.570107e-06
1.367439e-04 3.980972e-06
1.383623e-04 3.772680e-06
1.397058e-04 3.557281e-06
1.410910e-04 3.510644e-06
1.426393e-04 3.194858e-06
1.445797e-04 3.346060e-06
1.466808e-04 3.412465e-06
1.486258e-04 3.311445e-06
1.504102e-04 3.385344e-06
1.520067e-04 3.329707e-06
1.536613e-04 2.996851e-06
1.556915e-04 3.070702e-06
1.575810e-04 3.590907e-06
1.589866e-04 3.520101e-06
1.602994e-04 3.394162e-06
1.619555e-04 3.522881e-06
1.638246e-04 3.612600e-06
1.656314e-04 3.640614e-06
1.673751e-04 3.731790e-06
1.689608e-04 3.638353e-06
1.707666e-04 3.104410e-06
1.729971e-04 3.197009e-06
1.751189e-04 3.544228e-06
1.769849e-04 3.484490e-06
1.785038e-04 3.982004e-06
1.795464e-04 3.908010e-06
1.806822e-04 3.464202e-06
1.825107e-04 3.685027e-06
1.847498e-04 3.707300e-06
1.867609e-04 3.613126e-06
1.885310e-04 3.751885e-06
1.901514e-04 3.677174e-06
1.917081e-04 3.482835e-06
1.936823e-04 3.699123e-06
1.958604e-04 4.055441e-06
1.975217e-04 3.836106e-06
1.990048e-04 3.429205e-06
2.005009e-04 3.325477e-06
2.019305e-04 3.233651e-06
2.036463e-04 3.343013e-06
2.054802e-04 3.364689e-06
2.072478e-04 3.362556e-06
2.090752e-04 3.340014e-06
2.109336e-04 3.320517e-06
2.127280e-04 3.290810e-06
2.147202e-04 3.395841e-06
2.167570e-04 3.700803e-06
2.182711e-04 3.529895e-06
2.195468e-04 3.364820e-06
2.210822e-04 3.430382e-06
2.228631e-04 3.288621e-06
2.249323e-04 3.442090e-06
2.268393e-04 4.044936e-06
2.283303e-04 3.980830e-06
2.300216e-04 3.565332e-06
2.318109e-04 3.505759e-06
2.336753e-04 3.128147e-06
2.359703e-04 3.216418e-06
2.379723e-04 4.034506e-06
2.392447e-04 3.926663e-06
2.404902e-04 3.583817e-06
2.422038e-04 3.707126e-06
2.442556e-04 3.579111e-06
2.461768e-04 3.487640e-06
2.478390e-04 3.571948e-06
2.496250e-04 3.643869e-06
2.516453e-04 3.545823e-06
2.536659e-04 3.543968e-06
2.556807e-04 3.542485e-06
2.574324e-04 3.351252e-06
2.586886e-04 3.560901e-06
2.597776e-04 3.568136e-06
2.611386e-04 3.219276e-06
2.630558e-04 3.398324e-06
2.652847e-04 3.291925e-06
2.672430e-04 3.119046e-06
2.687511e-04 3.481749e-06
2.703925e-04 3.661787e-06
2.722610e-04 3.687730e-06
2.743060e-04 3.837305e-06
2.766974e-04 3.763007e-06
2.786104e-04 3.414049e-06
2.798109e-04 3.548507e-06
2.810521e-04 3.654900e-06
2.826520e-04 3.438911e-06
2.845252e-04 3.493745e-06
2.864310e-04 3.504066e-06
2.883130e-04 3.492354e-06
2.901552e-04 3.615172e-06
2.919252e-04 3.648970e-06
2.938342e-04 3.422486e-06
2.956494e-04 3.253677e-06
2.971383e-04 3.411675e-06
2.986195e-04 3.494120e-06
2.999377e-04 3.908787e-06
3.014883e-04 4.163496e-06
3.039219e-04 3.503194e-06
3.061152e-04 3.153896e-06
3.073868e-04 3.619771e-06
3.088189e-04 3.852645e-06
3.106206e-04 3.973381e-06
3.124849e-04 4.090074e-06
3.148341e-04 3.513038e-06
3.170469e-04 3.189889e-06
3.185828e-04 3.506301e-06
3.199539e-04 3.552082e-06
3.213665e-04 3.527518e-06
3.229192e-04 3.571324e-06
3.250693e-04 2.790702e-06
3.273131e-04 2.593589e-06
3.289478e-04 3.052326e-06
3.308013e-04 3.324059e-06
3.328539e-04 3.660100e-06
3.345227e-04 3.579448e-06
3.362542e-04 3.336865e-06
3.379480e-04 3.195516e-06
3.392786e-04 3.327978e-06
3.406766e-04 3.447090e-06
3.424575e-04 3.217700e-06
3.447044e-04 3.387076e-06
3.467966e-04 4.028010e-06
3.481220e-04 3.827409e-06
3.492665e-04 3.675448e-06
3.510818e-04 3.989829e-06
3.536374e-04 3.528533e-06
3.563317e-04 3.443227e-06
3.584031e-04 4.337716e-06
3.594486e-04 4.080691e-06
3.603248e-04 3.559443e-06
3.617363e-04 3.660121e-06
3.636134e-04 3.253574e-06
3.659427e-04 3.410387e-06
3.681921e-04 3.883340e-06
3.698326e-04 3.657757e-06
3.714336e-04 3.189591e-06
3.732584e-04 3.184110e-06
3.750287e-04 3.175992e-06
3.768794e-04 3.190915e-06
3.785501e-04 3.613075e-06
3.800375e-04 3.687486e-06
3.816698e-04 3.567791e-06
3.835673e-04 3.649877e-06
3.856151e-04 3.720236e-06
3.874068e-04 3.625661e-06
3.889626e-04 3.662714e-06
3.905994e-04 3.692312e-06
3.928246e-04 2.890874e-06
3.956897e-04 3.017476e-06
3.979437e-04 4.283541e-06
3.990207e-04 4.006019e-06
3.999081e-04 3.640895e-06
4.010487e-04 3.689639e-06
4.026015e-04 3.137175e-06
4.048370e-04 3.320107e-06
4.073012e-04 3.366727e-06
4.094360e-04 3.212279e-06
4.111729e-04 3.537971e-06
4.127353e-04 3.518551e-06
4.144495e-04 3.124372e-06
4.164014e-04 3.157044e-06
4.181419e-04 3.691952e-06
4.197430e-04 3.768262e-06
4.213466e-04 3.876587e-06
4.228473e-04 3.889153e-06
4.244224e-04 3.901608e-06
4.264559e-04 4.146381e-06
4.285268e-04 4.652675e-06
4.301195e-04 4.548751e-06
4.323626e-04 3.291429e-06
4.353720e-04 3.331761e-06
4.383300e-04 3.425644e-06
4.404091e-04 2.903334e-06
4.410126e-04 3.983090e-06
4.410459e-04 4.058656e-06
4.418195e-04 2.972654e-06
4.439120e-04 3.336691e-06
4.466052e-04 3.437651e-06
4.489431e-04 3.295844e-06
4.506150e-04 3.910350e-06
4.517057e-04 3.755000e-06
4.532339e-04 2.686068e-06
4.560785e-04 3.119625e-06
4.589927e-04 4.111119e-06
4.606685e-04 3.696000e-06
4.617138e-04 3.683094e-06
4.627512e-04 3.702799e-06
4.639089e-04 3.477980e-06
4.656781e-04 3.729559e-06
4.676619e-04 4.160463e-06
4.693453e-04 4.172314e-06
4.711247e-04 4.050902e-06
4.732368e-04 4.170090e-06
4.758508e-04 3.563962e-06
4.786993e-04 3.521618e-06
4.808457e-04 4.691528e-06
4.817819e-04 4.342114e-06
4.824115e-04 3.768391e-06
4.834863e-04 3.873490e-06
4.852819e-04 3.038624e-06
4.877543e-04 3.117067e-06
4.900214e-04 3.601590e-06
4.917090e-04 3.453690e-06
4.931074e-04 3.622287e-06
4.947511e-04 3.797451e-06
4.973335e-04 2.629866e-06
5.005113e-04 2.597347e-06
5.026897e-04 4.275155e-06
5.035799e-04 4.067852e-06
5.042272e-04 3.786837e-06
5.054058e-04 4.013155e-06
5.072891e-04 3.561019e-06
5.093242e-04 3.521669e-06
5.112583e-04 3.487322e-06
5.133603e-04 3.541615e-06
5.154285e-04 3.840541e-06
5.174698e-04 3.968266e-06
5.199201e-04 3.546730e-06
5.219078e-04 3.086312e-06
5.231018e-04 3.212044e-06
5.242901e-04 3.281162e-06
5.257538e-04 2.942475e-06
5.280187e-04 3.266792e-06
5.307277e-04 3.518048e-06
5.322387e-04 2.921771e-06
5.327560e-04 2.834965e-06
5.342234e-04 3.343515e-06
5.368547e-04 2.903037e-06
5.404062e-04 3.332147e-06
5.437082e-04 4.824280e-06
5.452689e-04 4.286106e-06
5.458137e-04 4.579411e-06
5.462895e-04 4.676324e-06
5.475768e-04 3.603412e-06
5.495779e-04 3.609885e-06
5.516392e-04 3.439215e-06
