9.900000e+37 9.900000e+37
9.900000e+37 9.900000e+37
9.900000e+37 9.900000e+37
9.900000e+37 9.900000e+37
9.900000e+37 9.900000e+37
9.900000e+37 9.900000e+37
9.900000e+37 9.900000e+37
9.900000e+37 9.900000e+37
9.900000e+37 9.900000e+37
9.900000e+37 9.900000e+37
9.900000e+37 9.900000e+37
9.900000e+37 9.900000e+37
9.900000e+37 9.900000e+37
9.900000e+37 9.900000e+37
9.900000e+37 9.900000e+37
9.900000e+37 9.900000e+37
9.900000e+37 9.900000e+37
9.900000e+37 9.900000e+37
9.900000e+37 9.900000e+37
9.900000e+37 9.900000e+37
9.900000e+37 9.900000e+37
9.900000e+37 9.900000e+37
9.900000e+37 9.900000e+37
9.900000e+37 9.900000e+37
9.900000e+37 9.900000e+37
9.900000e+37 9.900000e+37
9.900000e+37 9.900000e+37
9.900000e+37 9.900000e+37
9.900000e+37 9.900000e+37
9.900000e+37 9.900000e+37
9.900000e+37 9.900000e+37
9.900000e+37 9.900000e+37
9.900000e+37 9.900000e+37
9.900000e+37 9.900000e+37
9.900000e+37 9.900000e+37
9.900000e+37 9.900000e+37
9.900000e+37 9.900000e+37
9.900000e+37 9.900000e+37
9.900000e+37 9.900000e+37
9.900000e+37 9.900000e+37
9.900000e+37 9.900000e+37
9.900000e+37 9.900000e+37
9.900000e+37 9.900000e+37
9.900000e+37 9.900000e+37
9.900000e+37 9.900000e+37
9.900000e+37 9.900000e+37
9.900000e+37 9.900000e+37
9.900000e+37 9.900000e+37
9.900000e+37 9.900000e+37
9.900000e+37 9.900000e+37
9.900000e+37 9.900000e+37
9.900000e+37 9.900000e+37
9.900000e+37 9.900000e+37
9.900000e+37 9.900000e+37
9.900000e+37 9.900000e+37
9.900000e+37 9.900000e+37
9.900000e+37 9.900000e+37
9.900000e+37 9.900000e+37
9.900000e+37 9.900000e+37
9.900000e+37 9.900000e+37
9.900000e+37 9.900000e+37
9.900000e+37 9.900000e+37
9.900000e+37 9.900000e+37
9.900000e+37 9.900000e+37
9.900000e+37 9.900000e+37
9.900000e+37 9.900000e+37
9.900000e+37 9.900000e+37
9.900000e+37 9.900000e+37
9.900000e+37 9.900000e+37
9.900000e+37 9.900000e+37
9.900000e+37 9.900000e+37
9.900000e+37 9.900000e+37
9.900000e+37 9.900000e+37
9.900000e+37 9.900000e+37
9.900000e+37 9.900000e+37
9.900000e+37 9.900000e+37
9.900000e+37 9.900000e+37
9.900000e+37 9.900000e+37
9.900000e+37 9.900000e+37
9.900000e+37 9.900000e+37
9.900000e+37 9.900000e+37
9.900000e+37 9.900000e+37
7.425000e+37 9.900000e+37
4.950000e+37 9.900000e+37
4.950000e+37 9.900000e+37
2.475000e+37 9.900000e+37
-1.189495e-01 5.452589e-04
-1.186936e-01 6.016599e-04
-1.184886e-01 5.912995e-04
-1.182766e-01 5.484787e-04
-1.179766e-01 5.858807e-04
-1.175952e-01 5.536518e-04
-1.172230e-01 5.356686e-04
-1.169097e-01 5.838351e-04
-1.166559e-01 5.661764e-04
-1.164377e-01 5.761763e-04
-1.162113e-01 5.846764e-04
-1.159382e-01 5.324932e-04
-1.156109e-01 5.461755e-04
-1.152539e-01 5.326017e-04
-1.149182e-01 5.149729e-04
-1.146513e-01 5.808835e-04
-1.144033e-01 5.924255e-04
-1.141174e-01 5.612766e-04
-1.138262e-01 5.540274e-04
-1.135253e-01 5.195700e-04
-1.131739e-01 5.374862e-04
-1.128173e-01 5.765516e-04
-1.125238e-01 5.527250e-04
-1.122900e-01 5.861909e-04
-1.120707e-01 5.887208e-04
-1.118250e-01 5.514557e-04
-1.115311e-01 5.676561e-04
-1.111936e-01 5.400853e-04
-1.108131e-01 5.559017e-04
-1.104451e-01 6.228982e-04
-1.101856e-01 5.820030e-04
-1.099959e-01 5.827294e-04
-1.097659e-01 6.072487e-04
-1.094604e-01 5.492714e-04
-1.090976e-01 5.620171e-04
-1.087333e-01 5.951581e-04
-1.084220e-01 5.760989e-04
-1.081600e-01 6.076394e-04
-1.079351e-01 5.967314e-04
-1.077131e-01 5.691526e-04
-1.074356e-01 5.926426e-04
-1.070872e-01 5.396318e-04
-1.067194e-01 5.314286e-04
-1.063861e-01 5.664926e-04
-1.061079e-01 5.469195e-04
-1.058921e-01 5.965082e-04
-1.056785e-01 6.131334e-04
-1.053914e-01 5.392481e-04
-1.050422e-01 5.499547e-04
-1.046849e-01 5.640766e-04
-1.043587e-01 5.504414e-04
-1.040942e-01 6.156189e-04
-1.038704e-01 6.139235e-04
-1.036211e-01 5.668814e-04
-1.033134e-01 5.858574e-04
-1.029368e-01 5.260948e-04
-1.025567e-01 5.067904e-04
-1.022605e-01 5.909262e-04
-1.020200e-01 5.877182e-04
-1.017944e-01 6.036616e-04
-1.015502e-01 6.197533e-04
-1.012478e-01 5.674872e-04
-1.009003e-01 5.765351e-04
-1.005472e-01 5.923153e-04
-1.002293e-01 5.768744e-04
-9.993850e-02 5.810842e-04
-9.966416e-02 5.726906e-04
-9.942032e-02 5.981346e-04
-9.915690e-02 6.190685e-04
-9.881860e-02 5.521702e-04
-9.845483e-02 5.426002e-04
-9.812648e-02 5.752569e-04
-9.784131e-02 5.618795e-04
-9.760062e-02 6.010138e-04
-9.736887e-02 6.097007e-04
-9.710281e-02 5.744408e-04
-9.678697e-02 5.916818e-04
-9.642298e-02 5.591773e-04
-9.605448e-02 5.493742e-04
-9.574699e-02 6.238510e-04
-9.550408e-02 6.127533e-04
-9.527213e-02 6.001804e-04
-9.500846e-02 6.146420e-04
-9.468760e-02 5.618162e-04
-9.433115e-02 5.641676e-04
-9.399094e-02 5.955037e-04
-9.368967e-02 5.833681e-04
-9.342761e-02 6.151499e-04
-9.319024e-02 6.109818e-04
-9.292168e-02 5.474359e-04
-9.258045e-02 5.689021e-04
-9.221869e-02 5.964984e-04
-9.187670e-02 5.946687e-04
-9.155644e-02 6.235167e-04
-9.129544e-02 5.982706e-04
-9.106894e-02 5.857319e-04
-9.080002e-02 6.058915e-04
-9.047548e-02 5.692314e-04
-9.012161e-02 5.743990e-04
-8.977770e-02 6.052612e-04
-8.947326e-02 5.927575e-04
-8.921222e-02 6.326371e-04
-8.898317e-02 6.277442e-04
-8.873329e-02 5.771419e-04
-8.841192e-02 6.019054e-04
-8.803617e-02 5.798973e-04
-8.766910e-02 5.659449e-04
-8.735018e-02 6.075816e-04
-8.708476e-02 5.913032e-04
-8.685620e-02 6.073815e-04
-8.660483e-02 6.268452e-04
-8.629396e-02 5.841394e-04
-8.594773e-02 5.899810e-04
-8.556997e-02 5.512333e-04
-8.520009e-02 5.325442e-04
-8.492550e-02 6.397577e-04
-8.471245e-02 6.405659e-04
-8.446432e-02 5.841824e-04
-8.415228e-02 6.030394e-04
-8.379275e-02 5.785327e-04
-8.342818e-02 5.727971e-04
-8.310419e-02 6.222408e-04
-8.283312e-02 6.082149e-04
-8.259282e-02 6.206199e-04
-8.234119e-02 6.310734e-04
-8.204573e-02 5.870232e-04
-8.169427e-02 6.055549e-04
-8.130943e-02 6.015026e-04
-8.095708e-02 5.805800e-04
-8.067419e-02 6.404171e-04
-8.044756e-02 6.281677e-04
-8.021700e-02 5.853043e-04
-7.992232e-02 6.084258e-04
-7.957059e-02 5.774055e-04
-7.920817e-02 5.718401e-04
-7.888053e-02 6.144395e-04
-7.859082e-02 6.078283e-04
-7.833824e-02 6.537264e-04
-7.810066e-02 6.611994e-04
-7.781486e-02 5.991763e-04
-7.748234e-02 6.049375e-04
-7.713237e-02 5.918156e-04
-7.677991e-02 5.877468e-04
-7.646452e-02 6.382164e-04
-7.621540e-02 6.175009e-04
-7.599120e-02 6.014380e-04
-7.571518e-02 6.266741e-04
-7.537088e-02 5.853499e-04
-7.500892e-02 5.810887e-04
-7.468107e-02 6.238105e-04
-7.437094e-02 6.285358e-04
-7.406898e-02 6.553067e-04
-7.381415e-02 6.358167e-04
-7.355722e-02 5.781534e-04
-7.324596e-02 5.907898e-04
-7.289875e-02 5.681462e-04
-7.253726e-02 5.686234e-04
-7.221656e-02 6.357502e-04
-7.195970e-02 6.215402e-04
-7.171936e-02 6.096623e-04
-7.144345e-02 6.259189e-04
-7.114278e-02 6.296418e-04
-7.081216e-02 6.497811e-04
-7.042863e-02 6.177690e-04
-7.008330e-02 5.833355e-04
-6.981853e-02 6.241053e-04
-6.957351e-02 6.269134e-04
-6.931383e-02 6.080386e-04
-6.901517e-02 6.246796e-04
-6.867246e-02 5.973526e-04
-6.831745e-02 5.940623e-04
-6.798811e-02 6.277720e-04
-6.771377e-02 6.077661e-04
-6.748599e-02 6.321071e-04
-6.723178e-02 6.566736e-04
-6.690092e-02 5.947204e-04
-6.653893e-02 5.911224e-04
-6.618480e-02 5.942537e-04
-6.585716e-02 5.786599e-04
-6.559061e-02 6.370291e-04
-6.535138e-02 6.424976e-04
-6.508853e-02 6.184476e-04
-6.478269e-02 6.355246e-04
-6.442711e-02 6.024340e-04
-6.407051e-02 5.911489e-04
-6.375050e-02 6.184507e-04
-6.346235e-02 6.091187e-04
-6.319429e-02 6.167299e-04
-6.292795e-02 6.176219e-04
-6.264194e-02 5.872658e-04
-6.231707e-02 6.004443e-04
-6.196248e-02 5.897702e-04
-6.162227e-02 5.773465e-04
-6.133544e-02 6.295998e-04
-6.108566e-02 6.261358e-04
-6.082786e-02 6.031258e-04
-6.053749e-02 6.144215e-04
-6.020756e-02 5.797255e-04
-5.983927e-02 5.894254e-04
-5.947441e-02 6.222352e-04
-5.917400e-02 5.962311e-04
-5.892676e-02 6.148531e-04
-5.867669e-02 6.232148e-04
-5.839944e-02 5.989066e-04
-5.808559e-02 6.121645e-04
-5.773259e-02 5.836129e-04
-5.737945e-02 5.725953e-04
-5.707528e-02 6.236183e-04
-5.682380e-02 6.112217e-04
-5.657935e-02 5.885353e-04
-5.629888e-02 6.019237e-04
-5.596908e-02 5.591534e-04
-5.560544e-02 5.641085e-04
-5.526369e-02 6.121454e-04
-5.498030e-02 5.943513e-04
-5.473507e-02 6.086552e-04
-5.448385e-02 6.166032e-04
-5.421197e-02 6.040993e-04
-5.390804e-02 6.196493e-04
-5.355271e-02 5.794911e-04
-5.320036e-02 5.632652e-04
-5.290623e-02 6.130131e-04
-5.264197e-02 6.129663e-04
-5.236496e-02 5.915608e-04
-5.207904e-02 5.884232e-04
-5.178715e-02 5.698024e-04
-5.145792e-02 5.862595e-04
-5.111316e-02 6.061011e-04
-5.081034e-02 5.881470e-04
-5.055020e-02 6.116470e-04
-5.029862e-02 6.149423e-04
-5.002648e-02 5.876017e-04
-4.972289e-02 5.966715e-04
-4.939130e-02 5.751032e-04
-4.905101e-02 5.717479e-04
-4.873305e-02 5.997106e-04
-4.845162e-02 5.886658e-04
-4.818862e-02 5.909075e-04
-4.791756e-02 5.965204e-04
-4.762273e-02 5.702475e-04
-4.729532e-02 5.803719e-04
-4.696519e-02 6.039341e-04
-4.665345e-02 6.005315e-04
-4.635797e-02 6.181536e-04
-4.609508e-02 6.058111e-04
-4.584428e-02 5.916820e-04
-4.555876e-02 6.073745e-04
-4.522230e-02 5.683311e-04
-4.486372e-02 5.675891e-04
-4.453263e-02 6.091231e-04
-4.424886e-02 5.956253e-04
-4.399271e-02 6.042517e-04
-4.373067e-02 6.100950e-04
-4.344038e-02 5.792286e-04
-4.311594e-02 5.893920e-04
-4.277024e-02 5.843805e-04
-4.243527e-02 5.761872e-04
-4.214499e-02 6.257316e-04
-4.189909e-02 6.168844e-04
-4.164560e-02 5.796229e-04
-4.134070e-02 5.962756e-04
-4.100598e-02 5.928851e-04
-4.066704e-02 5.949904e-04
-4.033912e-02 6.191271e-04
-4.004487e-02 6.076680e-04
-3.977323e-02 6.158145e-04
-3.950253e-02 6.181385e-04
-3.921522e-02 5.945861e-04
-3.890082e-02 6.023883e-04
-3.856150e-02 5.824554e-04
-3.824233e-02 5.623998e-04
-3.796243e-02 5.722095e-04
-3.767690e-02 5.798723e-04
-3.739430e-02 6.082794e-04
-3.711507e-02 6.164806e-04
-3.680173e-02 5.800562e-04
-3.646568e-02 5.805898e-04
-3.614305e-02 6.044755e-04
-3.583331e-02 6.044975e-04
-3.553058e-02 6.162307e-04
-3.524858e-02 6.088667e-04
-3.497453e-02 6.016634e-04
-3.468410e-02 6.088842e-04
-3.435830e-02 5.722800e-04
-3.400176e-02 5.775868e-04
-3.367325e-02 6.368370e-04
-3.338480e-02 6.340810e-04
-3.310452e-02 6.400626e-04
-3.281375e-02 6.476552e-04
-3.249370e-02 6.199481e-04
-3.214224e-02 6.296557e-04
-3.178525e-02 6.497767e-04
-3.144943e-02 6.443540e-04
-3.113970e-02 6.703537e-04
-3.083836e-02 6.746682e-04
-3.052293e-02 6.631177e-04
-3.017900e-02 6.760979e-04
-2.981022e-02 6.706666e-04
-2.943546e-02 6.713609e-04
-2.907573e-02 6.983784e-04
-2.873141e-02 6.997922e-04
-2.840334e-02 7.335130e-04
-2.805692e-02 7.566785e-04
-2.767303e-02 7.558084e-04
-2.724821e-02 7.801017e-04
-2.681661e-02 8.362439e-04
-2.636944e-02 8.645795e-04
-2.591978e-02 9.388826e-04
-2.545735e-02 9.744879e-04
-2.498072e-02 1.049581e-03
-2.449963e-02 1.079356e-03
-2.395410e-02 1.058872e-03
-2.344563e-02 1.029215e-03
-2.290739e-02 8.930661e-04
-2.242238e-02 8.120573e-04
-2.205307e-02 7.802737e-04
-2.169527e-02 7.609252e-04
-2.134175e-02 7.144180e-04
-2.097284e-02 7.079145e-04
-2.058644e-02 6.632482e-04
-2.019367e-02 6.510042e-04
-1.984131e-02 6.817861e-04
-1.952418e-02 6.716868e-04
-1.922194e-02 6.685032e-04
-1.890638e-02 6.744548e-04
-1.856739e-02 6.519338e-04
-1.821478e-02 6.528831e-04
-1.786064e-02 6.529737e-04
-1.753009e-02 6.388728e-04
-1.722622e-02 6.465422e-04
-1.693326e-02 6.427317e-04
-1.663455e-02 6.201519e-04
-1.631509e-02 6.244949e-04
-1.597977e-02 6.100766e-04
-1.563887e-02 6.073875e-04
-1.531697e-02 6.316045e-04
-1.502812e-02 6.213521e-04
-1.475276e-02 6.177035e-04
-1.446010e-02 6.267430e-04
-1.414540e-02 6.127742e-04
-1.382344e-02 6.121115e-04
-1.349885e-02 6.058781e-04
-1.317938e-02 5.997295e-04
-1.287418e-02 6.064832e-04
-1.258252e-02 6.016277e-04
-1.229936e-02 6.022902e-04
-1.199476e-02 6.153701e-04
-1.166628e-02 6.142552e-04
-1.132801e-02 6.197619e-04
-1.099252e-02 6.373191e-04
-1.068028e-02 6.296627e-04
-1.039354e-02 6.509771e-04
-1.010395e-02 6.594837e-04
-9.782619e-03 6.301936e-04
-9.463525e-03 6.191946e-04
-9.132433e-03 5.708499e-04
-8.813697e-03 5.460068e-04
-8.538648e-03 5.476306e-04
-8.293606e-03 5.301755e-04
-8.060336e-03 5.013467e-04
-7.822709e-03 4.929337e-04
-7.574982e-03 4.528559e-04
-7.324993e-03 4.404293e-04
-7.088056e-03 4.276599e-04
-6.873112e-03 4.098774e-04
-6.686413e-03 4.090510e-04
-6.500172e-03 4.084540e-04
-6.304358e-03 3.892982e-04
-6.100759e-03 3.870820e-04
-5.891858e-03 3.720708e-04
-5.689535e-03 3.622142e-04
-5.504319e-03 3.634101e-04
-5.335403e-03 3.545672e-04
-5.173586e-03 3.431423e-04
-5.007365e-03 3.416481e-04
-4.835705e-03 3.271233e-04
-4.656262e-03 3.265736e-04
-4.479291e-03 3.291740e-04
-4.314686e-03 3.222428e-04
-4.164344e-03 3.267520e-04
-4.017627e-03 3.266499e-04
-3.861047e-03 3.099938e-04
-3.700277e-03 3.064922e-04
-3.540654e-03 2.998029e-04
-3.383181e-03 2.961054e-04
-3.233213e-03 2.972041e-04
-3.092826e-03 2.918391e-04
-2.960906e-03 2.910757e-04
-2.827646e-03 2.912194e-04
-2.683494e-03 2.734927e-04
-2.537196e-03 2.687831e-04
-2.393363e-03 2.598233e-04
-2.257481e-03 2.518270e-04
-2.136102e-03 2.547130e-04
-2.018928e-03 2.532200e-04
-1.897033e-03 2.402415e-04
-1.770170e-03 2.385562e-04
-1.642922e-03 2.332334e-04
-1.519251e-03 2.288539e-04
-1.401571e-03 2.267136e-04
-1.292372e-03 2.211714e-04
-1.189064e-03 2.164096e-04
-1.087025e-03 2.139189e-04
-9.826489e-04 2.022832e-04
-8.790597e-04 1.976214e-04
-7.792206e-04 1.909344e-04
-6.829958e-04 1.861046e-04
-5.922556e-04 1.818552e-04
-5.040832e-04 1.790389e-04
-4.171766e-04 1.733360e-04
-3.317204e-04 1.704092e-04
-2.471216e-04 1.643330e-04
-1.646450e-04 1.608822e-04
-8.539868e-05 1.559869e-04
-4.134582e-06 1.554617e-04
7.483099e-05 1.577752e-04
1.568181e-04 1.602260e-04
2.391649e-04 1.663666e-04
3.220316e-04 1.691089e-04
4.068185e-04 1.741833e-04
4.938263e-04 1.773493e-04
5.832348e-04 1.814868e-04
6.772891e-04 1.857696e-04
7.750900e-04 1.914089e-04
8.766003e-04 1.953948e-04
9.772195e-04 2.079155e-04
1.075539e-03 2.113167e-04
1.177912e-03 2.148321e-04
1.286569e-03 2.198750e-04
1.401335e-03 2.228845e-04
1.522189e-03 2.276292e-04
1.644469e-03 2.384291e-04
1.762850e-03 2.396460e-04
1.877566e-03 2.490918e-04
1.993368e-03 2.534773e-04
2.116955e-03 2.527068e-04
2.248669e-03 2.572974e-04
2.386569e-03 2.607243e-04
2.529762e-03 2.651554e-04
2.668537e-03 2.838464e-04
2.796178e-03 2.835068e-04
2.921749e-03 2.859521e-04
3.054549e-03 2.915575e-04
3.201779e-03 2.831341e-04
3.363464e-03 2.887534e-04
3.526015e-03 3.040296e-04
3.680259e-03 3.045691e-04
3.826888e-03 3.176325e-04
3.970074e-03 3.202647e-04
4.119880e-03 3.165188e-04
4.282505e-03 3.224294e-04
4.456645e-03 3.196716e-04
4.638047e-03 3.234599e-04
4.812526e-03 3.467750e-04
4.972606e-03 3.465445e-04
5.126392e-03 3.551294e-04
5.286573e-03 3.620640e-04
5.463211e-03 3.538395e-04
5.660423e-03 3.627305e-04
5.864352e-03 3.762369e-04
6.066028e-03 3.802407e-04
6.256582e-03 4.098025e-04
6.434814e-03 4.130891e-04
6.620440e-03 4.114977e-04
6.829659e-03 4.250821e-04
7.053815e-03 4.363530e-04
7.285879e-03 4.445403e-04
7.520827e-03 4.624386e-04
7.749319e-03 4.656223e-04
7.968345e-03 4.901586e-04
8.202048e-03 5.078062e-04
8.459679e-03 5.189527e-04
8.756544e-03 5.465681e-04
9.074427e-03 5.862273e-04
9.380091e-03 5.931570e-04
9.670739e-03 6.374845e-04
9.952002e-03 6.469396e-04
1.024841e-02 6.478154e-04
1.055923e-02 6.576638e-04
1.090803e-02 6.241925e-04
1.126187e-02 6.151758e-04
1.159074e-02 6.293516e-04
1.189329e-02 6.186294e-04
1.217633e-02 6.214278e-04
1.246411e-02 6.244504e-04
1.277114e-02 6.007742e-04
1.310181e-02 6.072534e-04
1.344427e-02 6.056488e-04
1.377902e-02 6.004563e-04
1.407651e-02 6.504589e-04
1.434844e-02 6.531281e-04
1.463261e-02 6.377664e-04
1.493749e-02 6.438119e-04
1.526623e-02 6.208516e-04
1.560954e-02 6.221682e-04
1.595050e-02 6.296978e-04
1.627528e-02 6.227146e-04
1.657415e-02 6.488638e-04
1.685778e-02 6.491177e-04
1.715234e-02 6.292096e-04
1.748679e-02 6.460249e-04
1.783985e-02 6.616367e-04
1.818198e-02 6.597738e-04
1.851898e-02 6.631720e-04
1.884571e-02 6.591375e-04
1.915326e-02 6.824321e-04
1.947222e-02 6.976729e-04
1.982442e-02 6.820418e-04
2.019614e-02 6.881580e-04
2.057983e-02 6.851601e-04
2.095544e-02 6.782753e-04
2.129342e-02 7.218079e-04
2.162381e-02 7.338758e-04
2.196365e-02 7.545324e-04
2.234877e-02 7.891771e-04
2.277779e-02 8.093623e-04
2.331057e-02 8.790193e-04
2.384632e-02 1.067544e-03
2.432242e-02 1.098065e-03
2.480342e-02 1.174116e-03
2.525733e-02 1.186837e-03
2.582213e-02 1.038001e-03
2.638670e-02 9.841524e-04
2.691349e-02 9.008885e-04
2.741405e-02 8.551257e-04
2.783208e-02 8.621545e-04
2.819668e-02 8.325548e-04
2.855346e-02 7.633911e-04
2.893619e-02 7.530831e-04
2.933246e-02 7.021244e-04
2.974729e-02 6.958878e-04
3.013849e-02 7.205240e-04
3.049694e-02 7.097725e-04
3.083107e-02 7.177605e-04
3.114904e-02 7.109159e-04
3.147716e-02 6.749369e-04
3.183839e-02 6.809363e-04
3.221706e-02 6.686540e-04
3.257168e-02 6.507304e-04
3.288957e-02 6.645959e-04
3.319155e-02 6.600249e-04
3.348865e-02 6.530117e-04
3.379977e-02 6.589173e-04
3.414197e-02 6.234207e-04
3.450417e-02 6.217872e-04
3.485275e-02 6.400665e-04
3.516634e-02 6.265201e-04
3.545566e-02 6.292727e-04
3.573600e-02 6.248893e-04
3.602664e-02 5.978867e-04
3.635218e-02 6.090971e-04
3.669259e-02 6.131125e-04
3.703018e-02 6.120036e-04
3.735451e-02 6.310419e-04
3.764416e-02 6.179445e-04
3.790995e-02 6.212365e-04
3.819841e-02 6.359958e-04
3.853175e-02 6.045806e-04
3.888251e-02 6.037367e-04
3.922197e-02 6.178563e-04
3.953663e-02 6.080230e-04
3.980518e-02 6.577088e-04
4.004731e-02 6.588817e-04
4.032166e-02 6.083368e-04
4.063436e-02 6.140062e-04
4.097320e-02 5.884361e-04
4.133026e-02 5.901986e-04
4.166849e-02 6.241584e-04
4.196280e-02 6.099683e-04
4.223024e-02 6.154216e-04
4.251185e-02 6.250666e-04
4.282281e-02 6.029216e-04
4.315782e-02 6.101946e-04
4.352512e-02 5.767457e-04
4.387876e-02 5.564941e-04
4.415697e-02 6.280758e-04
4.441091e-02 6.393087e-04
4.468692e-02 6.314504e-04
4.497476e-02 6.348873e-04
4.529088e-02 5.973471e-04
4.563749e-02 6.029456e-04
4.599053e-02 6.077958e-04
4.631728e-02 5.937968e-04
4.660713e-02 6.186422e-04
4.687999e-02 6.173864e-04
4.717071e-02 5.818103e-04
4.746998e-02 5.741425e-04
4.776397e-02 5.616702e-04
4.810065e-02 5.819952e-04
4.844068e-02 6.328357e-04
4.872514e-02 6.186435e-04
4.898079e-02 6.295852e-04
4.924174e-02 6.366442e-04
4.954799e-02 5.783656e-04
4.988930e-02 5.784682e-04
5.022972e-02 5.802239e-04
5.056415e-02 5.764317e-04
5.086567e-02 6.207356e-04
5.111998e-02 6.092071e-04
5.136059e-02 6.023454e-04
5.164518e-02 6.262263e-04
5.198886e-02 5.917045e-04
5.234026e-02 5.839174e-04
5.266463e-02 6.074299e-04
5.296112e-02 5.983256e-04
5.322966e-02 6.195115e-04
5.348607e-02 6.207106e-04
5.376229e-02 5.911353e-04
5.408328e-02 6.072745e-04
5.443746e-02 5.990444e-04
5.477818e-02 5.880395e-04
5.507013e-02 6.365257e-04
5.532606e-02 6.323217e-04
5.558338e-02 6.183126e-04
5.586103e-02 6.246623e-04
5.617832e-02 5.763040e-04
5.652721e-02 5.786466e-04
5.686753e-02 6.015989e-04
5.718380e-02 5.954797e-04
5.746907e-02 6.279066e-04
5.772817e-02 6.238387e-04
5.799958e-02 5.919582e-04
5.830731e-02 6.014782e-04
5.864219e-02 5.827737e-04
5.899656e-02 5.885084e-04
5.933421e-02 6.345566e-04
5.961892e-02 6.193913e-04
5.986661e-02 6.367181e-04
6.012253e-02 6.479132e-04
6.042778e-02 5.966402e-04
6.078607e-02 6.091840e-04
6.115254e-02 6.304963e-04
6.148078e-02 6.160712e-04
6.176762e-02 6.448086e-04
6.201328e-02 6.305100e-04
6.225907e-02 5.929502e-04
6.255899e-02 6.118571e-04
6.290783e-02 5.805057e-04
6.326973e-02 5.762373e-04
6.360407e-02 6.104379e-04
6.389366e-02 5.967232e-04
6.415268e-02 6.094729e-04
6.440898e-02 6.124452e-04
6.469943e-02 5.660763e-04
6.505626e-02 5.892418e-04
6.543619e-02 6.127990e-04
6.577678e-02 5.976266e-04
6.605841e-02 6.539575e-04
6.629534e-02 6.465608e-04
6.654976e-02 5.967669e-04
6.685326e-02 6.091359e-04
6.719161e-02 5.877080e-04
6.754604e-02 5.896899e-04
6.790695e-02 5.820119e-04
6.824316e-02 5.643921e-04
6.850742e-02 6.356256e-04
6.873933e-02 6.410152e-04
6.901037e-02 5.906570e-04
6.930336e-02 5.865419e-04
6.958415e-02 5.953930e-04
6.988327e-02 6.095719e-04
7.021792e-02 5.920429e-04
7.052566e-02 5.695752e-04
7.077097e-02 6.090929e-04
7.102127e-02 6.254943e-04
7.132822e-02 5.765923e-04
7.167765e-02 5.852605e-04
7.204393e-02 5.813079e-04
7.238653e-02 5.656955e-04
7.266453e-02 6.321658e-04
7.289891e-02 6.299111e-04
7.311131e-02 6.581269e-04
7.333776e-02 6.767261e-04
7.364976e-02 5.854994e-04
7.401744e-02 5.852858e-04
7.436417e-02 6.197634e-04
7.465925e-02 6.020268e-04
7.491697e-02 6.173145e-04
7.517880e-02 6.252507e-04
7.547206e-02 5.926165e-04
7.580526e-02 6.048866e-04
7.617021e-02 5.859533e-04
7.654837e-02 5.862119e-04
7.684124e-02 7.287965e-04
7.701089e-02 7.071818e-04
7.721588e-02 5.908771e-04
7.751024e-02 6.024648e-04
7.783639e-02 5.793727e-04
7.819771e-02 5.922122e-04
7.855606e-02 6.328481e-04
7.886364e-02 6.161298e-04
7.913318e-02 6.329913e-04
7.937512e-02 6.233826e-04
7.963042e-02 5.745586e-04
7.997496e-02 6.103981e-04
8.034242e-02 6.742043e-04
8.063511e-02 6.523399e-04
8.093081e-02 5.840134e-04
8.123112e-02 5.621750e-04
8.146668e-02 6.096361e-04
8.170178e-02 6.256309e-04
8.198325e-02 5.926141e-04
8.230449e-02 6.053931e-04
8.267288e-02 5.645022e-04
8.304077e-02 5.495355e-04
8.333924e-02 6.215441e-04
8.359692e-02 6.229477e-04
8.383430e-02 6.607581e-04
8.406469e-02 6.693330e-04
8.438466e-02 5.439991e-04
8.477089e-02 5.394252e-04
8.512355e-02 5.846385e-04
8.542475e-02 5.701114e-04
8.568180e-02 6.012050e-04
8.592222e-02 6.023966e-04
8.617955e-02 5.774598e-04
8.648984e-02 5.994710e-04
8.685636e-02 5.670570e-04
8.722828e-02 5.593836e-04
8.753769e-02 6.418801e-04
8.776606e-02 6.230946e-04
8.797494e-02 6.057801e-04
8.822773e-02 6.258055e-04
8.854382e-02 5.735984e-04
8.891241e-02 5.863632e-04
8.928989e-02 6.069631e-04
8.962534e-02 5.883018e-04
8.989927e-02 6.389591e-04
9.012342e-02 6.282153e-04
9.035952e-02 5.808254e-04
9.065828e-02 6.012971e-04
9.100314e-02 5.790034e-04
9.135202e-02 5.733881e-04
9.167631e-02 5.988560e-04
9.196831e-02 5.878318e-04
9.221634e-02 6.303428e-04
9.244134e-02 6.327048e-04
9.271570e-02 5.593773e-04
9.306329e-02 5.768974e-04
9.344627e-02 5.642526e-04
9.379603e-02 5.397311e-04
9.407009e-02 5.980484e-04
9.430230e-02 5.931216e-04
9.452299e-02 5.983553e-04
9.475178e-02 6.059286e-04
9.504343e-02 5.225442e-04
9.541285e-02 5.390435e-04
9.576248e-02 6.199557e-04
9.603608e-02 6.035237e-04
9.627874e-02 6.071999e-04
9.652460e-02 6.096580e-04
9.680294e-02 5.623266e-04
9.713472e-02 5.781141e-04
9.750328e-02 5.608030e-04
9.785868e-02 5.466741e-04
9.814312e-02 6.277984e-04
9.835155e-02 6.113733e-04
9.855176e-02 5.772565e-04
9.881176e-02 6.009234e-04
9.913081e-02 5.680391e-04
9.948342e-02 5.755310e-04
9.983308e-02 6.013906e-04
1.001471e-01 5.901123e-04
1.004222e-01 6.259267e-04
1.006517e-01 6.114243e-04
1.008761e-01 5.774274e-04
1.011619e-01 6.020870e-04
1.015247e-01 5.418221e-04
1.018892e-01 5.203024e-04
1.021839e-01 5.769142e-04
1.024548e-01 5.837667e-04
1.027103e-01 6.283415e-04
1.029332e-01 6.249235e-04
1.031864e-01 5.673845e-04
1.035106e-01 5.892947e-04
1.038754e-01 5.802874e-04
1.042287e-01 5.692961e-04
1.045308e-01 6.241137e-04
1.047628e-01 6.026727e-04
1.049697e-01 5.850539e-04
1.051976e-01 5.913524e-04
1.054764e-01 5.264478e-04
1.058395e-01 5.537382e-04
1.062193e-01 5.994588e-04
1.065197e-01 5.681129e-04
1.067545e-01 5.904182e-04
1.069718e-01 5.871374e-04
1.072024e-01 5.557255e-04
1.074867e-01 5.774513e-04
1.078362e-01 5.314033e-04
1.082052e-01 5.266650e-04
1.085572e-01 5.398602e-04
1.088178e-01 4.896878e-04
1.089538e-01 5.583437e-04
1.091355e-01 6.096913e-04
1.094467e-01 5.362646e-04
1.098074e-01 5.402408e-04
1.101715e-01 5.475773e-04
1.105033e-01 5.309778e-04
1.107787e-01 5.769718e-04
1.109976e-01 5.595702e-04
1.111918e-01 5.523400e-04
1.114512e-01 5.880616e-04
1.118135e-01 5.159416e-04
1.121758e-01 4.907374e-04
1.124544e-01 5.598298e-04
1.127067e-01 5.689643e-04
1.129437e-01 6.221213e-04
1.131530e-01 6.246071e-04
1.134079e-01 5.533273e-04
1.137198e-01 5.619411e-04
1.140692e-01 5.231948e-04
1.144310e-01 5.159357e-04
1.147270e-01 6.056139e-04
1.149303e-01 5.831678e-04
1.151225e-01 5.415125e-04
1.153550e-01 5.505661e-04
1.156196e-01 5.202615e-04
1.159531e-01 5.507869e-04
1.163277e-01 5.668620e-04
1.166332e-01 5.303951e-04
1.168402e-01 5.931047e-04
1.170332e-01 6.080287e-04
1.172792e-01 5.634477e-04
1.175633e-01 5.701894e-04
1.178872e-01 5.202170e-04
1.182423e-01 5.209224e-04
1.185650e-01 5.769338e-04
1.188164e-01 5.535652e-04
1.190203e-01 5.678773e-04
1.192178e-01 5.700202e-04
1.194396e-01 5.355153e-04
2.475000e+37 9.900000e+37
4.950000e+37 9.900000e+37
4.950000e+37 9.900000e+37
7.425000e+37 9.900000e+37
9.900000e+37 9.900000e+37
9.900000e+37 9.900000e+37
9.900000e+37 9.900000e+37
9.900000e+37 9.900000e+37
9.900000e+37 9.900000e+37
9.900000e+37 9.900000e+37
9.900000e+37 9.900000e+37
9.900000e+37 9.900000e+37
9.900000e+37 9.900000e+37
9.900000e+37 9.900000e+37
9.900000e+37 9.900000e+37
9.900000e+37 9.900000e+37
9.900000e+37 9.900000e+37
9.900000e+37 9.900000e+37
9.900000e+37 9.900000e+37
9.900000e+37 9.900000e+37
9.900000e+37 9.900000e+37
9.900000e+37 9.900000e+37
9.900000e+37 9.900000e+37
9.900000e+37 9.900000e+37
9.900000e+37 9.900000e+37
9.900000e+37 9.900000e+37
9.900000e+37 9.900000e+37
9.900000e+37 9.900000e+37
9.900000e+37 9.900000e+37
9.900000e+37 9.900000e+37
9.900000e+37 9.900000e+37
9.900000e+37 9.900000e+37
9.900000e+37 9.900000e+37
9.900000e+37 9.900000e+37
9.900000e+37 9.900000e+37
9.900000e+37 9.900000e+37
9.900000e+37 9.900000e+37
9.900000e+37 9.900000e+37
9.900000e+37 9.900000e+37
9.900000e+37 9.900000e+37
9.900000e+37 9.900000e+37
9.900000e+37 9.900000e+37
9.900000e+37 9.900000e+37
9.900000e+37 9.900000e+37
9.900000e+37 9.900000e+37
9.900000e+37 9.900000e+37
9.900000e+37 9.900000e+37
9.900000e+37 9.900000e+37
9.900000e+37 9.900000e+37
9.900000e+37 9.900000e+37
9.900000e+37 9.900000e+37
9.900000e+37 9.900000e+37
9.900000e+37 9.900000e+37
9.900000e+37 9.900000e+37
9.900000e+37 9.900000e+37
9.900000e+37 9.900000e+37
9.900000e+37 9.900000e+37
9.900000e+37 9.900000e+37
9.900000e+37 9.900000e+37
9.900000e+37 9.900000e+37
9.900000e+37 9.900000e+37
9.900000e+37 9.900000e+37
9.900000e+37 9.900000e+37
9.900000e+37 9.900000e+37
9.900000e+37 9.900000e+37
9.900000e+37 9.900000e+37
9.900000e+37 9.900000e+37
9.900000e+37 9.900000e+37
9.900000e+37 9.900000e+37
9.900000e+37 9.900000e+37
9.900000e+37 9.900000e+37
9.900000e+37 9.900000e+37
9.900000e+37 9.900000e+37
9.900000e+37 9.900000e+37
9.900000e+37 9.900000e+37
9.900000e+37 9.900000e+37
9.900000e+37 9.900000e+37
9.900000e+37 9.900000e+37
