-3.129393e-04 7.123334e-06
-3.095988e-04 6.481988e-06
-3.060036e-04 6.403955e-06
-3.025896e-04 6.489398e-06
-2.993187e-04 6.434277e-06
-2.960874e-04 6.356723e-06
-2.931202e-04 6.166784e-06
-2.901563e-04 5.635111e-06
-2.867835e-04 5.692426e-06
-2.836194e-04 6.199415e-06
-2.807787e-04 6.187922e-06
-2.778083e-04 5.939781e-06
-2.744596e-04 6.073990e-06
-2.709997e-04 6.271117e-06
-2.677265e-04 6.233616e-06
-2.644738e-04 6.154261e-06
-2.614922e-04 5.963037e-06
-2.588244e-04 5.955060e-06
-2.556327e-04 6.262988e-06
-2.519609e-04 6.327647e-06
-2.484255e-04 6.272644e-06
-2.451514e-04 6.545557e-06
-2.425387e-04 6.246887e-06
-2.402138e-04 5.897138e-06
-2.371399e-04 6.217137e-06
-2.335451e-04 6.247158e-06
-2.300492e-04 6.202086e-06
-2.267021e-04 6.315031e-06
-2.236303e-04 6.190496e-06
-2.206330e-04 5.969016e-06
-2.174143e-04 6.022172e-06
-2.142640e-04 6.283749e-06
-2.113118e-04 6.255686e-06
-2.084374e-04 6.316567e-06
-2.054393e-04 6.416008e-06
-2.022696e-04 6.396695e-06
-1.990445e-04 6.423008e-06
-1.956790e-04 6.262199e-06
-1.925114e-04 6.082234e-06
-1.897497e-04 6.268024e-06
-1.867773e-04 6.464700e-06
-1.833638e-04 6.266733e-06
-1.800374e-04 6.143182e-06
-1.770847e-04 6.423023e-06
-1.742627e-04 6.442012e-06
-1.715201e-04 6.636620e-06
-1.687197e-04 6.744811e-06
-1.654007e-04 6.171484e-06
-1.619496e-04 6.044304e-06
-1.586600e-04 5.960330e-06
-1.554594e-04 5.873388e-06
-1.525255e-04 6.085421e-06
-1.496311e-04 6.141286e-06
-1.464362e-04 5.786499e-06
-1.431234e-04 5.729486e-06
-1.400402e-04 5.953905e-06
-1.371501e-04 5.918821e-06
-1.342442e-04 5.794961e-06
-1.310736e-04 5.905864e-06
-1.278424e-04 6.122095e-06
-1.248357e-04 6.068582e-06
-1.219446e-04 6.103431e-06
-1.190612e-04 6.111371e-06
-1.161791e-04 6.135513e-06
-1.130355e-04 6.297663e-06
-1.095280e-04 6.151339e-06
-1.062129e-04 5.986693e-06
-1.032901e-04 6.173534e-06
-1.004976e-04 6.162646e-06
-9.760813e-05 5.970977e-06
-9.448073e-05 6.041411e-06
-9.123228e-05 6.044560e-06
-8.814016e-05 5.955223e-06
-8.528272e-05 6.088951e-06
-8.235210e-05 6.181047e-06
-7.907782e-05 5.864047e-06
-7.580581e-05 5.748511e-06
-7.279960e-05 5.879598e-06
-6.986280e-05 5.881941e-06
-6.705362e-05 6.092207e-06
-6.421117e-05 6.191108e-06
-6.112523e-05 6.059900e-06
-5.803373e-05 6.015969e-06
-5.498646e-05 5.967684e-06
-5.197206e-05 5.927333e-06
-4.904408e-05 5.968271e-06
-4.604707e-05 6.027676e-06
-4.292219e-05 5.970574e-06
-3.981521e-05 5.939270e-06
-3.679237e-05 5.992593e-06
-3.388606e-05 5.938669e-06
-3.102283e-05 5.869601e-06
-2.809598e-05 5.886097e-06
-2.508625e-05 5.784909e-06
-2.209087e-05 5.739844e-06
-1.927916e-05 5.920806e-06
-1.642576e-05 6.007740e-06
-1.334158e-05 5.873593e-06
-1.017223e-05 5.880634e-06
-7.019646e-06 5.915351e-06
-4.051733e-06 5.818319e-06
-1.249600e-06 5.821556e-06
1.676741e-06 5.895352e-06
4.759289e-06 5.846220e-06
7.814375e-06 5.815282e-06
1.072472e-05 5.961630e-06
1.352710e-05 5.949530e-06
1.638240e-05 5.827748e-06
1.938974e-05 5.871918e-06
2.251058e-05 5.814388e-06
2.563848e-05 5.801148e-06
2.859594e-05 6.039461e-06
3.137375e-05 6.017454e-06
3.422187e-05 5.839192e-06
3.731790e-05 5.920503e-06
4.039087e-05 6.193881e-06
4.321303e-05 6.145089e-06
4.608949e-05 5.909924e-06
4.907944e-05 5.893362e-06
5.204698e-05 5.884754e-06
5.511731e-05 5.940065e-06
5.819885e-05 6.084103e-06
6.119775e-05 6.089670e-06
6.416252e-05 6.152871e-06
6.710989e-05 6.165197e-06
7.020516e-05 5.952920e-06
7.339579e-05 5.930419e-06
7.637354e-05 6.231933e-06
7.908006e-05 6.181002e-06
8.178078e-05 6.040113e-06
8.468092e-05 6.105770e-06
8.776964e-05 5.973994e-06
9.088343e-05 5.944845e-06
9.395527e-05 5.942662e-06
9.690264e-05 5.867207e-06
9.975894e-05 5.800437e-06
1.028169e-04 5.894166e-06
1.059918e-04 5.968705e-06
1.090822e-04 5.948105e-06
1.120255e-04 6.126788e-06
1.148197e-04 6.101605e-06
1.176778e-04 5.925232e-06
1.207235e-04 5.971090e-06
1.236850e-04 6.248039e-06
1.265413e-04 6.287939e-06
1.295251e-04 6.177075e-06
1.325293e-04 6.149397e-06
1.356770e-04 5.833395e-06
1.391703e-04 5.923648e-06
1.425134e-04 6.434290e-06
1.453858e-04 6.339121e-06
1.481286e-04 6.281380e-06
1.508156e-04 6.227081e-06
1.536589e-04 5.815754e-06
1.569205e-04 5.915305e-06
1.601467e-04 6.260073e-06
1.631266e-04 6.239852e-06
1.662032e-04 6.013507e-06
1.693770e-04 5.990441e-06
1.724453e-04 6.102354e-06
1.753711e-04 6.053814e-06
1.781836e-04 6.116594e-06
1.809659e-04 6.124221e-06
1.838937e-04 5.893676e-06
1.871176e-04 5.988359e-06
1.904553e-04 6.061638e-06
1.936048e-04 5.971864e-06
1.964790e-04 6.190650e-06
1.992570e-04 6.214933e-06
2.022530e-04 5.909849e-06
2.055615e-04 5.984190e-06
2.090255e-04 5.940936e-06
2.122848e-04 5.805869e-06
2.151519e-04 6.075048e-06
2.178815e-04 6.089417e-06
2.206337e-04 6.091516e-06
2.237172e-04 6.287579e-06
2.271267e-04 6.298078e-06
2.303499e-04 6.193446e-06
2.333595e-04 6.249087e-06
2.363280e-04 6.244475e-06
2.393394e-04 6.160281e-06
2.425526e-04 6.247631e-06
2.456956e-04 6.616766e-06
2.484651e-04 6.528970e-06
2.511111e-04 6.481519e-06
2.539775e-04 6.596773e-06
2.572504e-04 6.239196e-06
2.607075e-04 6.217557e-06
2.640135e-04 6.419337e-06
2.670070e-04 6.307951e-06
2.697422e-04 6.419445e-06
2.725650e-04 6.512161e-06
2.758928e-04 5.927818e-06
2.797087e-04 6.006749e-06
2.833287e-04 6.562327e-06
2.860955e-04 6.253872e-06
2.883991e-04 6.159806e-06
2.909950e-04 6.301453e-06
2.940573e-04 5.917419e-06
