-9.559201e-03 4.299344e-07
-9.517854e-03 2.965359e-05
-9.493649e-03 2.988490e-05
-9.477791e-03 4.437046e-05
-9.466357e-03 4.695088e-05
-9.454821e-03 5.393428e-05
-9.429633e-03 6.462582e-05
-9.385365e-03 6.261056e-05
-9.345986e-03 5.895700e-05
-9.312376e-03 5.840022e-05
-9.302338e-03 4.409237e-05
-9.304221e-03 2.421601e-05
-9.295736e-03 2.324841e-05
-9.275534e-03 1.135541e-06
-9.240963e-03 1.756180e-06
-9.205320e-03 1.700815e-06
-9.170881e-03 9.608293e-07
-9.153816e-03 2.772387e-05
-9.141811e-03 3.435246e-05
-9.135572e-03 6.228149e-05
-9.123399e-03 7.591186e-05
-9.073593e-03 5.155666e-05
-9.027475e-03 4.057888e-05
-9.002593e-03 4.509206e-05
-8.990343e-03 3.909775e-05
-8.984661e-03 3.343439e-05
-8.976925e-03 3.263873e-05
-8.976835e-03 4.325681e-05
-8.958491e-03 5.807449e-05
-8.903423e-03 3.768801e-05
-8.853936e-03 2.700349e-05
-8.835495e-03 4.937355e-05
-8.832159e-03 4.830168e-05
-8.828773e-03 4.523157e-05
-8.813979e-03 5.086950e-05
-8.774410e-03 2.528090e-05
-8.725350e-03 2.186649e-05
-8.692051e-03 3.854365e-05
-8.672214e-03 3.650493e-05
-8.664342e-03 5.069759e-05
-8.664088e-03 5.125905e-05
-8.654960e-03 3.809365e-05
-8.615143e-03 5.170857e-05
-8.561635e-03 6.673148e-05
-8.525769e-03 6.159538e-05
-8.498387e-03 6.143493e-05
-8.487773e-03 5.134134e-05
-8.484712e-03 3.589641e-05
-8.469875e-03 3.737080e-05
-8.442001e-03 1.983769e-05
-8.401681e-03 2.096046e-05
-8.367223e-03 3.379449e-05
-8.341761e-03 3.304147e-05
-8.330907e-03 5.518024e-05
-8.328258e-03 5.825817e-05
-8.321433e-03 6.038153e-05
-8.303830e-03 6.758726e-05
-8.266415e-03 5.404583e-05
-8.228918e-03 4.923289e-05
-8.196994e-03 4.518749e-05
-8.176569e-03 3.680216e-05
-8.178963e-03 5.175917e-05
-8.175104e-03 6.090089e-05
-8.149032e-03 4.906919e-05
-8.118880e-03 4.727996e-05
-8.084622e-03 3.540490e-05
-8.047923e-03 3.249719e-05
-8.023464e-03 4.490511e-05
-8.013637e-03 4.069922e-05
-8.006715e-03 3.386477e-05
-7.991154e-03 3.656928e-05
-7.968019e-03 3.150189e-05
-7.927854e-03 3.986506e-05
-7.878969e-03 4.857875e-05
-7.845446e-03 4.253047e-05
-7.831796e-03 5.873316e-05
-7.827390e-03 5.904861e-05
-7.817251e-03 5.041513e-05
-7.802849e-03 4.985119e-05
-7.777818e-03 3.066176e-05
-7.743012e-03 2.958711e-05
-7.706441e-03 2.368110e-05
-7.677977e-03 1.669794e-05
-7.669516e-03 3.052248e-05
-7.661217e-03 3.541438e-05
-7.647630e-03 4.019973e-05
-7.628139e-03 4.546015e-05
-7.589260e-03 2.799973e-05
-7.553040e-03 2.014057e-05
-7.530814e-03 2.137809e-05
-7.508261e-03 2.202019e-05
-7.498001e-03 4.444418e-05
-7.496412e-03 4.726936e-05
-7.483988e-03 3.694691e-05
-7.444973e-03 4.927082e-05
-7.401031e-03 7.531812e-05
-7.383391e-03 6.881636e-05
-7.367546e-03 5.372527e-05
-7.340976e-03 5.477102e-05
-7.304756e-03 4.148208e-05
-7.272248e-03 3.437163e-05
-7.240075e-03 1.538828e-05
-7.201194e-03 1.264177e-05
-7.171385e-03 2.007373e-05
-7.141457e-03 2.282575e-05
-7.129187e-03 5.973422e-05
-7.127476e-03 6.673299e-05
-7.111673e-03 6.275408e-05
-7.091424e-03 6.397923e-05
-7.072179e-03 6.904097e-05
-7.046204e-03 7.489550e-05
-6.995143e-03 4.951405e-05
-6.954026e-03 3.440355e-05
-6.940293e-03 3.794665e-05
-6.924613e-03 4.039000e-05
-6.905515e-03 4.149060e-05
-6.880164e-03 4.562963e-05
-6.846877e-03 4.393673e-05
-6.816830e-03 4.138700e-05
-6.795521e-03 4.920836e-05
-6.788692e-03 4.330191e-05
-6.780483e-03 2.420158e-05
-6.776422e-03 1.484190e-05
-6.759165e-03 -3.337266e-05
-6.688471e-03 -1.847273e-05
-6.623473e-03 3.257975e-05
-6.592520e-03 3.039052e-05
-6.577237e-03 5.060190e-05
-6.570025e-03 5.299443e-05
-6.561021e-03 5.664778e-05
-6.549726e-03 5.934127e-05
-6.518395e-03 3.320790e-05
-6.481388e-03 2.714928e-05
-6.455802e-03 2.951924e-05
-6.437933e-03 2.581735e-05
-6.429573e-03 3.133058e-05
-6.412692e-03 3.842020e-05
-6.377493e-03 2.768665e-05
-6.335671e-03 2.777743e-05
-6.296871e-03 3.304224e-05
-6.264988e-03 3.080253e-05
-6.244567e-03 4.360628e-05
-6.237000e-03 4.053400e-05
-6.233400e-03 3.859918e-05
-6.219444e-03 4.409867e-05
-6.192753e-03 3.821649e-05
-6.162582e-03 3.817653e-05
-6.132079e-03 3.751655e-05
-6.108403e-03 3.319290e-05
-6.098463e-03 4.399371e-05
-6.091366e-03 4.619030e-05
-6.073320e-03 3.411881e-05
-6.050044e-03 3.289277e-05
-6.021082e-03 2.014745e-05
-5.987978e-03 1.807981e-05
-5.966548e-03 3.164619e-05
-5.956132e-03 2.987784e-05
-5.957372e-03 4.452103e-05
-5.952467e-03 5.348474e-05
-5.924993e-03 4.055869e-05
-5.892935e-03 3.868045e-05
-5.866244e-03 4.246131e-05
-5.840216e-03 4.341964e-05
-5.813613e-03 4.512197e-05
-5.796591e-03 3.986634e-05
-5.788574e-03 4.025593e-05
-5.771759e-03 4.578045e-05
-5.741144e-03 3.819932e-05
-5.705747e-03 3.832523e-05
-5.677967e-03 5.130760e-05
-5.665662e-03 4.673092e-05
-5.653719e-03 3.464858e-05
-5.641102e-03 3.069216e-05
-5.628569e-03 1.986961e-05
-5.612873e-03 1.785728e-05
-5.592883e-03 5.157367e-06
-5.552675e-03 1.267356e-05
-5.521555e-03 4.857315e-05
-5.509297e-03 5.024018e-05
-5.502006e-03 6.309866e-05
-5.495168e-03 6.746794e-05
-5.472168e-03 5.277199e-05
-5.448062e-03 4.813062e-05
-5.420598e-03 2.969853e-05
-5.394405e-03 2.228578e-05
-5.380942e-03 2.302577e-05
-5.371152e-03 2.108358e-05
-5.367022e-03 2.499427e-05
-5.352408e-03 3.271942e-05
-5.323465e-03 3.017756e-05
-5.288160e-03 3.310025e-05
-5.256489e-03 4.733826e-05
-5.236376e-03 4.548364e-05
-5.223501e-03 5.247122e-05
-5.217644e-03 5.075042e-05
-5.204660e-03 3.399697e-05
-5.180019e-03 3.500862e-05
-5.151778e-03 3.178181e-05
-5.124151e-03 3.015368e-05
-5.102566e-03 3.576307e-05
-5.089420e-03 3.280984e-05
-5.085081e-03 3.923479e-05
-5.073764e-03 4.573008e-05
-5.049227e-03 4.180445e-05
-5.022156e-03 4.190458e-05
-4.992673e-03 3.818138e-05
-4.969351e-03 3.314963e-05
-4.957879e-03 3.885590e-05
-4.949935e-03 3.880290e-05
-4.938119e-03 3.223378e-05
-4.919642e-03 3.384984e-05
-4.897244e-03 3.182581e-05
-4.870190e-03 3.388164e-05
-4.846977e-03 4.594705e-05
-4.834990e-03 4.358227e-05
-4.824821e-03 4.004460e-05
-4.811032e-03 4.093448e-05
-4.792797e-03 3.629144e-05
-4.768027e-03 3.854994e-05
-4.737685e-03 3.519583e-05
-4.711838e-03 3.128108e-05
-4.696720e-03 3.838919e-05
-4.687111e-03 3.762004e-05
-4.677040e-03 3.470070e-05
-4.662546e-03 3.631793e-05
-4.641716e-03 3.018257e-05
-4.613528e-03 3.241478e-05
-4.585919e-03 3.960347e-05
-4.568154e-03 3.625101e-05
-4.558909e-03 4.121948e-05
-4.548759e-03 4.344352e-05
-4.531658e-03 3.797655e-05
-4.509920e-03 3.890472e-05
-4.481612e-03 3.058025e-05
-4.456368e-03 2.574248e-05
-4.440417e-03 2.774938e-05
-4.424206e-03 2.862907e-05
-4.412292e-03 3.819203e-05
-4.401083e-03 4.122073e-05
-4.384180e-03 4.016944e-05
-4.360568e-03 4.380521e-05
-4.328990e-03 4.066972e-05
-4.301643e-03 3.700680e-05
-4.285484e-03 4.541338e-05
-4.277302e-03 4.367300e-05
-4.267800e-03 3.666098e-05
-4.254100e-03 3.664296e-05
-4.276563e-03 9.656831e-05
-4.325181e-03 1.025400e-04
-4.325808e-03 3.949670e-05
-4.297887e-03 3.383232e-05
-4.282239e-03 3.880092e-05
-4.252348e-03 4.917615e-05
-4.203943e-03 4.672269e-05
-4.164031e-03 4.072101e-05
-4.133512e-03 3.977595e-05
-4.107969e-03 3.643656e-05
-4.091870e-03 4.299147e-05
-4.081178e-03 4.208569e-05
-4.068545e-03 3.630433e-05
-4.053543e-03 3.565600e-05
-4.031529e-03 2.207861e-05
-3.999827e-03 2.294576e-05
-3.974470e-03 3.601028e-05
-3.960538e-03 3.392943e-05
-3.947246e-03 2.922514e-05
-3.926788e-03 3.181611e-05
-3.907500e-03 4.093574e-05
-3.886768e-03 4.509119e-05
-3.858720e-03 4.447467e-05
-3.834871e-03 4.173955e-05
-3.815183e-03 4.106118e-05
-3.801471e-03 3.723987e-05
-3.791444e-03 3.276226e-05
-3.776616e-03 3.401937e-05
-3.757166e-03 2.983551e-05
-3.732780e-03 3.127937e-05
-3.707585e-03 3.393936e-05
-3.683574e-03 3.419087e-05
-3.662477e-03 3.971955e-05
-3.648313e-03 3.756489e-05
-3.637647e-03 3.739378e-05
-3.620366e-03 4.129049e-05
-3.594327e-03 3.782494e-05
-3.569483e-03 3.586872e-05
-3.547814e-03 3.542379e-05
-3.530088e-03 3.288727e-05
-3.516864e-03 3.338295e-05
-3.504201e-03 3.322332e-05
-3.491014e-03 3.190122e-05
-3.473709e-03 3.390962e-05
-3.449623e-03 2.811875e-05
-3.421350e-03 2.856256e-05
-3.397111e-03 3.656858e-05
-3.381524e-03 3.422776e-05
-3.369886e-03 3.433963e-05
-3.356811e-03 3.515563e-05
-3.341820e-03 3.420064e-05
-3.324357e-03 3.543460e-05
-3.302425e-03 3.144337e-05
-3.278036e-03 3.147353e-05
-3.256502e-03 3.629167e-05
-3.242264e-03 3.366391e-05
-3.233953e-03 3.621192e-05
-3.222502e-03 3.901052e-05
-3.202306e-03 3.226215e-05
-3.177178e-03 3.277860e-05
-3.151424e-03 3.317157e-05
-3.131462e-03 2.984665e-05
-3.118401e-03 3.207710e-05
-3.106092e-03 3.243220e-05
-3.093180e-03 3.241653e-05
-3.078249e-03 3.361883e-05
-3.059787e-03 3.109380e-05
-3.036981e-03 3.278209e-05
-3.014584e-03 3.842731e-05
-2.999003e-03 3.636925e-05
-2.987367e-03 3.697066e-05
-2.975818e-03 3.713440e-05
-2.961787e-03 3.342480e-05
-2.941103e-03 3.610364e-05
-2.915348e-03 3.504946e-05
-2.892919e-03 3.266536e-05
-2.876593e-03 3.627113e-05
-2.864421e-03 3.506164e-05
-2.854676e-03 3.576732e-05
-2.843347e-03 3.697520e-05
-2.825503e-03 2.940101e-05
-2.800117e-03 3.112222e-05
-2.773983e-03 3.470615e-05
-2.753081e-03 3.294021e-05
-2.738904e-03 3.919699e-05
-2.729851e-03 3.838772e-05
-2.719400e-03 3.382738e-05
-2.702024e-03 3.632637e-05
-2.679191e-03 3.420143e-05
-2.657174e-03 3.294666e-05
-2.637019e-03 3.255848e-05
-2.621133e-03 2.986370e-05
-2.611611e-03 3.295198e-05
-2.600266e-03 3.515799e-05
-2.584263e-03 3.354678e-05
-2.564859e-03 3.500120e-05
-2.542081e-03 3.343637e-05
-2.519415e-03 3.280473e-05
-2.499644e-03 3.585623e-05
-2.485075e-03 3.384376e-05
-2.473740e-03 3.362920e-05
-2.460416e-03 3.474193e-05
-2.444034e-03 3.299788e-05
-2.424167e-03 3.446560e-05
-2.401570e-03 3.371128e-05
-2.381305e-03 3.203399e-05
-2.365313e-03 3.453757e-05
-2.352574e-03 3.347611e-05
-2.342599e-03 3.516004e-05
-2.329212e-03 3.782133e-05
-2.306698e-03 2.990900e-05
-2.283035e-03 2.775994e-05
-2.264289e-03 3.003176e-05
-2.247558e-03 2.955102e-05
-2.233421e-03 3.253884e-05
-2.220507e-03 3.296504e-05
-2.206632e-03 3.255514e-05
-2.190187e-03 3.394637e-05
-2.169539e-03 3.083323e-05
-2.148492e-03 2.994887e-05
-2.131427e-03 3.410244e-05
-2.118012e-03 3.341719e-05
-2.105511e-03 3.303590e-05
-2.090984e-03 3.411124e-05
-2.072267e-03 3.014110e-05
-2.051098e-03 3.017571e-05
-2.030677e-03 3.151385e-05
-2.012629e-03 3.057709e-05
-1.998572e-03 3.460050e-05
-1.987207e-03 3.444172e-05
-1.975118e-03 3.280273e-05
-1.959415e-03 3.437423e-05
-1.939316e-03 3.143826e-05
-1.917686e-03 3.129561e-05
-1.898337e-03 3.495042e-05
-1.882703e-03 3.403900e-05
-1.869340e-03 3.505024e-05
-1.856234e-03 3.525840e-05
-1.841001e-03 3.226654e-05
-1.822291e-03 3.328798e-05
-1.801689e-03 3.295555e-05
-1.782841e-03 3.177843e-05
-1.767501e-03 3.438859e-05
-1.754659e-03 3.381947e-05
-1.742298e-03 3.304169e-05
-1.727507e-03 3.422770e-05
-1.709064e-03 3.140057e-05
-1.688700e-03 3.145044e-05
-1.669169e-03 3.300315e-05
-1.652056e-03 3.219728e-05
-1.638449e-03 3.577861e-05
-1.625949e-03 3.640897e-05
-1.610755e-03 3.368965e-05
-1.593772e-03 3.377967e-05
-1.574730e-03 3.061534e-05
-1.555235e-03 2.974425e-05
-1.538499e-03 3.190429e-05
-1.524326e-03 3.114952e-05
-1.511886e-03 3.193256e-05
-1.498063e-03 3.304303e-05
-1.481652e-03 3.182920e-05
-1.463201e-03 3.261261e-05
-1.443872e-03 3.332796e-05
-1.425699e-03 3.289400e-05
-1.409205e-03 3.447532e-05
-1.395097e-03 3.361817e-05
-1.381734e-03 3.273187e-05
-1.367046e-03 3.320149e-05
-1.350187e-03 3.062686e-05
-1.331262e-03 3.094840e-05
-1.312248e-03 3.169594e-05
-1.295664e-03 3.049960e-05
-1.281647e-03 3.147807e-05
-1.267436e-03 3.194634e-05
-1.252952e-03 3.279158e-05
-1.238253e-03 3.322506e-05
-1.220654e-03 2.956559e-05
-1.200727e-03 2.965520e-05
-1.182029e-03 3.196699e-05
-1.165865e-03 3.118501e-05
-1.152298e-03 3.333463e-05
-1.139617e-03 3.366598e-05
-1.125186e-03 3.168269e-05
-1.108025e-03 3.260121e-05
-1.089428e-03 3.276667e-05
-1.071940e-03 3.216353e-05
-1.055336e-03 3.196004e-05
-1.040052e-03 3.109701e-05
-1.026044e-03 3.082291e-05
-1.011469e-03 3.106341e-05
-9.952361e-04 2.897942e-05
-9.772565e-04 2.927263e-05
-9.597678e-04 3.089950e-05
-9.432420e-04 3.091036e-05
-9.280334e-04 3.312492e-05
-9.142075e-04 3.309650e-05
-8.997733e-04 3.200885e-05
-8.844960e-04 3.212096e-05
-8.684676e-04 3.118583e-05
-8.512739e-04 3.154568e-05
-8.337911e-04 3.230446e-05
-8.176622e-04 3.176595e-05
-8.030149e-04 3.250398e-05
-7.886673e-04 3.258835e-05
-7.731799e-04 3.090992e-05
-7.562776e-04 3.116008e-05
-7.387396e-04 3.078938e-05
-7.217001e-04 3.035574e-05
-7.059643e-04 3.133674e-05
-6.909542e-04 3.125153e-05
-6.765890e-04 3.209699e-05
-6.623169e-04 3.225903e-05
-6.456168e-04 2.866609e-05
-6.260121e-04 2.919724e-05
-6.076153e-04 3.267243e-05
-5.916831e-04 3.245153e-05
-5.766460e-04 3.332398e-05
-5.625588e-04 3.307036e-05
-5.476073e-04 3.093414e-05
-5.315775e-04 3.080854e-05
-5.150949e-04 2.970940e-05
-4.981611e-04 2.958282e-05
-4.820758e-04 3.063933e-05
-4.668538e-04 3.050392e-05
-4.526496e-04 3.181678e-05
-4.383483e-04 3.234869e-05
-4.224643e-04 3.119774e-05
-4.056124e-04 3.136172e-05
-3.886696e-04 3.166549e-05
-3.727476e-04 3.116420e-05
-3.577072e-04 3.123732e-05
-3.429988e-04 3.106505e-05
-3.280082e-04 3.034786e-05
-3.123705e-04 3.047761e-05
-2.966204e-04 3.041840e-05
-2.806709e-04 3.051736e-05
-2.645853e-04 3.056430e-05
-2.488730e-04 3.035607e-05
-2.338889e-04 3.099872e-05
-2.189318e-04 3.121326e-05
-2.033213e-04 3.071377e-05
-1.874283e-04 3.070473e-05
-1.716678e-04 3.090204e-05
-1.561697e-04 3.081462e-05
-1.408938e-04 3.094404e-05
-1.254785e-04 3.098997e-05
-1.100763e-04 3.113734e-05
-9.472771e-05 3.124282e-05
-7.910410e-05 3.107902e-05
-6.356490e-05 3.096940e-05
-4.811463e-05 3.081313e-05
-3.270354e-05 3.073837e-05
-1.748671e-05 3.083420e-05
-2.166447e-06 3.093762e-05
1.337149e-05 3.084393e-05
2.872086e-05 3.070417e-05
4.388970e-05 3.060220e-05
5.913337e-05 3.061019e-05
7.451107e-05 3.041001e-05
9.016000e-05 3.050012e-05
1.057480e-04 3.085096e-05
1.211167e-04 3.084636e-05
1.363220e-04 3.110484e-05
1.514128e-04 3.112965e-05
1.666969e-04 3.111316e-05
1.819186e-04 3.106851e-05
1.972255e-04 3.056555e-05
2.132056e-04 3.079084e-05
2.290441e-04 3.165591e-05
2.439629e-04 3.141204e-05
2.587115e-04 3.101869e-05
2.735072e-04 3.090576e-05
2.885037e-04 3.025391e-05
3.044097e-04 3.048321e-05
3.204285e-04 3.093337e-05
3.363006e-04 3.108991e-05
3.519074e-04 3.196377e-05
3.663050e-04 3.155529e-05
3.804885e-04 3.077839e-05
3.955299e-04 3.101154e-05
4.109887e-04 3.096537e-05
4.267571e-04 3.113405e-05
4.430404e-04 3.074748e-05
4.590043e-04 3.041682e-05
4.739958e-04 3.111348e-05
4.882577e-04 3.092813e-05
5.025835e-04 3.030858e-05
5.176316e-04 3.051738e-05
5.334237e-04 2.986188e-05
5.499860e-04 3.008636e-05
5.663210e-04 3.108539e-05
5.811838e-04 3.056463e-05
5.952552e-04 3.066902e-05
6.095716e-04 3.085098e-05
6.246710e-04 2.981588e-05
6.412974e-04 3.036489e-05
6.583398e-04 3.119526e-05
6.746919e-04 3.107723e-05
6.900676e-04 3.238771e-05
7.034918e-04 3.168162e-05
7.165747e-04 3.028843e-05
7.313455e-04 3.080585e-05
7.471567e-04 3.049980e-05
7.639875e-04 3.091685e-05
7.814762e-04 3.098656e-05
7.977657e-04 3.037608e-05
8.127758e-04 3.080674e-05
8.267284e-04 3.032919e-05
8.401985e-04 2.980638e-05
8.552985e-04 3.059339e-05
8.724551e-04 2.936285e-05
8.900361e-04 2.917282e-05
9.059994e-04 3.132967e-05
9.208996e-04 3.147166e-05
9.349476e-04 3.327872e-05
9.482845e-04 3.350517e-05
9.631172e-04 3.165151e-05
9.790638e-04 3.164940e-05
9.958871e-04 3.018942e-05
1.013138e-03 2.991841e-05
1.029006e-03 3.170195e-05
1.043060e-03 3.125292e-05
1.056595e-03 3.063745e-05
