-7.341529e-02 3.788563e-04
-7.332144e-02 3.185908e-04
-7.319144e-02 3.182132e-04
-7.306004e-02 3.147254e-04
-7.292352e-02 3.169781e-04
-7.278106e-02 3.145694e-04
-7.263705e-02 3.146121e-04
-7.249576e-02 3.181038e-04
-7.235902e-02 3.166228e-04
-7.222294e-02 3.136078e-04
-7.208268e-02 3.146221e-04
-7.194110e-02 3.151962e-04
-7.179953e-02 3.158357e-04
-7.165226e-02 3.081471e-04
-7.149839e-02 3.093321e-04
-7.134378e-02 3.125867e-04
-7.119203e-02 3.120457e-04
-7.104258e-02 3.132316e-04
-7.089239e-02 3.141070e-04
-7.073935e-02 3.117760e-04
-7.058460e-02 3.115431e-04
-7.042989e-02 3.109725e-04
-7.027608e-02 3.106562e-04
-7.012452e-02 3.147224e-04
-6.997883e-02 3.126620e-04
-6.983481e-02 3.085813e-04
-6.968374e-02 3.113589e-04
-6.952734e-02 3.101808e-04
-6.936944e-02 3.102294e-04
-6.921226e-02 3.115550e-04
-6.905847e-02 3.104180e-04
-6.890702e-02 3.111287e-04
-6.875532e-02 3.115283e-04
-6.860366e-02 3.138848e-04
-6.845149e-02 3.150354e-04
-6.829558e-02 3.108228e-04
-6.813908e-02 3.096600e-04
-6.799073e-02 3.200110e-04
-6.784342e-02 3.226706e-04
-6.768695e-02 3.147535e-04
-6.752957e-02 3.128734e-04
-6.737378e-02 3.114549e-04
-6.721681e-02 3.116547e-04
-6.705930e-02 3.101414e-04
-6.690158e-02 3.097264e-04
-6.674699e-02 3.138013e-04
-6.659308e-02 3.144259e-04
-6.643805e-02 3.142573e-04
-6.628352e-02 3.143227e-04
-6.612922e-02 3.148832e-04
-6.598051e-02 3.117340e-04
-6.583049e-02 3.019694e-04
-6.566869e-02 3.055225e-04
-6.550710e-02 3.145754e-04
-6.535237e-02 3.137111e-04
-6.519876e-02 3.132131e-04
-6.504426e-02 3.131557e-04
-6.488767e-02 3.095330e-04
-6.472940e-02 3.096602e-04
-6.457236e-02 3.132538e-04
-6.441656e-02 3.138167e-04
-6.426141e-02 3.153009e-04
-6.410908e-02 3.141444e-04
-6.396060e-02 3.173648e-04
-6.381059e-02 3.190087e-04
-6.365053e-02 3.068103e-04
-6.348518e-02 3.060089e-04
-6.332505e-02 3.124668e-04
-6.316917e-02 3.122548e-04
-6.301397e-02 3.139669e-04
-6.285998e-02 3.138505e-04
-6.270614e-02 3.125929e-04
-6.255125e-02 3.127673e-04
-6.239437e-02 3.099093e-04
-6.223388e-02 3.106166e-04
-6.207600e-02 3.169144e-04
-6.192770e-02 3.138660e-04
-6.177937e-02 3.065218e-04
-6.162207e-02 3.092550e-04
-6.146083e-02 3.091077e-04
-6.129969e-02 3.089926e-04
-6.114061e-02 3.121181e-04
-6.098249e-02 3.122412e-04
-6.082482e-02 3.133349e-04
-6.066913e-02 3.129693e-04
-6.051506e-02 3.146488e-04
-6.036032e-02 3.156510e-04
-6.020232e-02 3.141722e-04
-6.004423e-02 3.136823e-04
-5.989243e-02 3.216210e-04
-5.973980e-02 3.249812e-04
-5.957665e-02 3.167577e-04
-5.941315e-02 3.135829e-04
-5.925513e-02 3.139368e-04
-5.909782e-02 3.140702e-04
-5.894009e-02 3.137370e-04
-5.878038e-02 3.148004e-04
-5.861751e-02 3.136811e-04
-5.845563e-02 3.126909e-04
-5.829872e-02 3.170332e-04
-5.814356e-02 3.175425e-04
-5.798802e-02 3.183233e-04
-5.783570e-02 3.162452e-04
-5.767910e-02 3.033740e-04
-5.750956e-02 3.069152e-04
-5.734087e-02 3.193330e-04
-5.718095e-02 3.185612e-04
-5.702312e-02 3.187123e-04
-5.686597e-02 3.183635e-04
-5.670767e-02 3.154881e-04
-5.654573e-02 3.162118e-04
-5.638289e-02 3.167454e-04
-5.622003e-02 3.173792e-04
-5.605784e-02 3.202509e-04
-5.589949e-02 3.189922e-04
-5.574670e-02 3.259903e-04
-5.559044e-02 3.305909e-04
-5.542295e-02 3.234099e-04
-5.525277e-02 3.224375e-04
-5.508586e-02 3.251754e-04
-5.492079e-02 3.246012e-04
-5.475782e-02 3.264818e-04
-5.459525e-02 3.273555e-04
-5.443016e-02 3.268177e-04
-5.426481e-02 3.267868e-04
-5.409917e-02 3.250041e-04
-5.393148e-02 3.256013e-04
-5.376530e-02 3.297866e-04
-5.360248e-02 3.288298e-04
-5.343795e-02 3.233343e-04
-5.326664e-02 3.258559e-04
-5.309630e-02 3.344362e-04
-5.292799e-02 3.363163e-04
-5.275522e-02 3.353881e-04
-5.258031e-02 3.363435e-04
-5.240669e-02 3.398642e-04
-5.223332e-02 3.409824e-04
-5.206031e-02 3.446892e-04
-5.188762e-02 3.453575e-04
-5.171300e-02 3.439946e-04
-5.153806e-02 3.441614e-04
-5.136570e-02 3.502232e-04
-5.118962e-02 3.546400e-04
-5.100600e-02 3.529949e-04
-5.082308e-02 3.519835e-04
-5.064329e-02 3.544152e-04
-5.046062e-02 3.565368e-04
-5.027615e-02 3.594455e-04
-5.008880e-02 3.627024e-04
-4.989913e-02 3.678833e-04
-4.970788e-02 3.707017e-04
-4.951417e-02 3.758503e-04
-4.932168e-02 3.769868e-04
-4.913078e-02 3.813659e-04
-4.893732e-02 3.844827e-04
-4.873977e-02 3.863215e-04
-4.853249e-02 3.922874e-04
-4.832086e-02 4.016330e-04
-4.810988e-02 4.051457e-04
-4.789684e-02 4.130260e-04
-4.768256e-02 4.166295e-04
-4.746616e-02 4.215299e-04
-4.724596e-02 4.255785e-04
-4.702158e-02 4.298492e-04
-4.679268e-02 4.334997e-04
-4.656050e-02 4.381949e-04
-4.632627e-02 4.416972e-04
-4.609387e-02 4.544299e-04
-4.585399e-02 4.635008e-04
-4.559621e-02 4.606306e-04
-4.534100e-02 4.580924e-04
-4.509561e-02 4.656551e-04
-4.484143e-02 4.736632e-04
-4.458283e-02 4.885038e-04
-4.431738e-02 4.972516e-04
-4.404692e-02 5.131877e-04
-4.378088e-02 5.169548e-04
-4.350393e-02 5.111916e-04
-4.323041e-02 5.070739e-04
-4.296107e-02 5.006098e-04
-4.269514e-02 4.962284e-04
-4.242943e-02 4.844260e-04
-4.216662e-02 4.777754e-04
-4.191113e-02 4.716189e-04
-4.166652e-02 4.635280e-04
-4.142665e-02 4.489886e-04
-4.119111e-02 4.411479e-04
-4.095760e-02 4.243421e-04
-4.072442e-02 4.180975e-04
-4.050181e-02 4.167257e-04
-4.027971e-02 4.159235e-04
-4.006149e-02 4.201786e-04
-3.984486e-02 4.201818e-04
-3.962730e-02 4.186772e-04
-3.941103e-02 4.179245e-04
-3.918925e-02 4.066651e-04
-3.897193e-02 3.999246e-04
-3.876205e-02 3.950597e-04
-3.855862e-02 3.894361e-04
-3.835973e-02 3.798679e-04
-3.816245e-02 3.754558e-04
-3.796755e-02 3.671664e-04
-3.777616e-02 3.615756e-04
-3.758786e-02 3.512499e-04
-3.740616e-02 3.440528e-04
-3.723240e-02 3.385478e-04
-3.706244e-02 3.342768e-04
-3.689457e-02 3.246019e-04
-3.672597e-02 3.215570e-04
-3.655991e-02 3.173310e-04
-3.639438e-02 3.150554e-04
-3.623143e-02 3.130692e-04
-3.607023e-02 3.117354e-04
-3.591106e-02 3.114311e-04
-3.575286e-02 3.107437e-04
-3.559440e-02 3.095677e-04
-3.543613e-02 3.090325e-04
-3.527881e-02 3.079397e-04
-3.512294e-02 3.066729e-04
-3.496762e-02 3.040783e-04
-3.480958e-02 3.043589e-04
-3.465258e-02 3.068745e-04
-3.449840e-02 3.065026e-04
-3.434228e-02 3.033825e-04
-3.418553e-02 3.026374e-04
-3.402932e-02 3.003025e-04
-3.387215e-02 3.000346e-04
-3.371696e-02 3.025924e-04
-3.356337e-02 3.021388e-04
-3.341069e-02 3.023975e-04
-3.325910e-02 3.022446e-04
-3.310873e-02 3.038393e-04
-3.295672e-02 3.053983e-04
-3.279879e-02 3.010045e-04
-3.264067e-02 2.995309e-04
-3.248690e-02 3.015171e-04
-3.233518e-02 3.009897e-04
-3.218450e-02 3.012262e-04
-3.203240e-02 3.017404e-04
-3.187862e-02 3.003504e-04
-3.172379e-02 3.008814e-04
-3.156764e-02 3.013006e-04
-3.141258e-02 3.008113e-04
-3.125988e-02 3.022510e-04
-3.111017e-02 3.009717e-04
-3.096070e-02 2.978075e-04
-3.080613e-02 2.993141e-04
-3.065006e-02 3.009950e-04
-3.049471e-02 3.015698e-04
-3.033891e-02 3.024018e-04
-3.018381e-02 3.022746e-04
-3.002856e-02 3.027806e-04
-2.987351e-02 3.028382e-04
-2.972003e-02 3.044425e-04
-2.956542e-02 3.056925e-04
-2.940855e-02 3.053845e-04
-2.925057e-02 3.055191e-04
-2.909442e-02 3.089363e-04
-2.893897e-02 3.101616e-04
-2.878054e-02 3.097769e-04
-2.862171e-02 3.098797e-04
-2.846367e-02 3.102827e-04
-2.830390e-02 3.114610e-04
-2.814310e-02 3.130014e-04
-2.798100e-02 3.139021e-04
-2.781818e-02 3.152092e-04
-2.765717e-02 3.150160e-04
-2.749728e-02 3.163353e-04
-2.733632e-02 3.174550e-04
-2.717307e-02 3.179560e-04
-2.701040e-02 3.177974e-04
-2.684737e-02 3.155535e-04
-2.668024e-02 3.172081e-04
-2.651378e-02 3.229049e-04
-2.634911e-02 3.234273e-04
-2.618392e-02 3.239918e-04
-2.601824e-02 3.249224e-04
-2.585000e-02 3.244819e-04
-2.568031e-02 3.252102e-04
-2.551088e-02 3.264271e-04
-2.534339e-02 3.256926e-04
-2.517679e-02 3.251306e-04
-2.501195e-02 3.238750e-04
-2.484918e-02 3.238537e-04
-2.468401e-02 3.248389e-04
-2.451542e-02 3.218820e-04
-2.434614e-02 3.216652e-04
-2.417771e-02 3.236824e-04
-2.401012e-02 3.239108e-04
-2.384406e-02 3.258484e-04
-2.367681e-02 3.272575e-04
-2.350884e-02 3.299722e-04
-2.333801e-02 3.322136e-04
-2.316449e-02 3.339685e-04
-2.299078e-02 3.351625e-04
-2.281689e-02 3.381844e-04
-2.264517e-02 3.379829e-04
-2.247225e-02 3.367076e-04
-2.229637e-02 3.380321e-04
-2.212067e-02 3.407216e-04
-2.194517e-02 3.415657e-04
-2.176743e-02 3.401608e-04
-2.158920e-02 3.394852e-04
-2.141233e-02 3.399150e-04
-2.123678e-02 3.397357e-04
-2.106233e-02 3.423480e-04
-2.088577e-02 3.445674e-04
-2.070779e-02 3.470767e-04
-2.052891e-02 3.485221e-04
-2.034924e-02 3.512096e-04
-2.016713e-02 3.531579e-04
-1.998305e-02 3.553004e-04
-1.980049e-02 3.556375e-04
-1.961845e-02 3.574479e-04
-1.943538e-02 3.587226e-04
-1.924910e-02 3.582634e-04
-1.906036e-02 3.595834e-04
-1.887138e-02 3.614726e-04
-1.868325e-02 3.616386e-04
-1.849672e-02 3.647602e-04
-1.831098e-02 3.649103e-04
-1.812415e-02 3.635482e-04
-1.793867e-02 3.627517e-04
-1.775091e-02 3.581089e-04
-1.756052e-02 3.580229e-04
-1.737210e-02 3.596952e-04
-1.718767e-02 3.579018e-04
-1.700521e-02 3.562257e-04
-1.682302e-02 3.549837e-04
-1.664086e-02 3.516374e-04
-1.645910e-02 3.506782e-04
-1.627676e-02 3.470747e-04
-1.609507e-02 3.453878e-04
-1.591548e-02 3.454918e-04
-1.573989e-02 3.431310e-04
-1.556733e-02 3.402923e-04
-1.539315e-02 3.402338e-04
-1.521742e-02 3.374609e-04
-1.504149e-02 3.361188e-04
-1.486627e-02 3.336160e-04
-1.469373e-02 3.315643e-04
-1.452288e-02 3.299166e-04
-1.435351e-02 3.284366e-04
-1.418616e-02 3.264253e-04
-1.401917e-02 3.254801e-04
-1.385143e-02 3.215951e-04
-1.368317e-02 3.200655e-04
-1.351718e-02 3.196186e-04
-1.335525e-02 3.174584e-04
-1.319479e-02 3.139203e-04
-1.303493e-02 3.122828e-04
-1.287506e-02 3.088776e-04
-1.271579e-02 3.072940e-04
-1.255719e-02 3.028335e-04
-1.240017e-02 3.002755e-04
-1.224633e-02 2.984638e-04
-1.209444e-02 2.962297e-04
-1.194416e-02 2.927200e-04
-1.179699e-02 2.899878e-04
-1.165023e-02 2.841366e-04
-1.150371e-02 2.818775e-04
-1.135924e-02 2.779228e-04
-1.121571e-02 2.759291e-04
-1.107390e-02 2.732571e-04
-1.093531e-02 2.699929e-04
-1.079935e-02 2.653411e-04
-1.066479e-02 2.631976e-04
-1.053092e-02 2.584231e-04
-1.039741e-02 2.564867e-04
-1.026492e-02 2.537523e-04
-1.013504e-02 2.512013e-04
-1.000824e-02 2.482929e-04
-9.883621e-03 2.459351e-04
-9.761009e-03 2.427360e-04
-9.637865e-03 2.415757e-04
-9.514052e-03 2.372631e-04
-9.391750e-03 2.351300e-04
-9.270962e-03 2.326007e-04
-9.152299e-03 2.304147e-04
-9.036588e-03 2.283801e-04
-8.922233e-03 2.268330e-04
-8.808295e-03 2.232328e-04
-8.694496e-03 2.218537e-04
-8.581338e-03 2.190944e-04
-8.468983e-03 2.173217e-04
-8.358325e-03 2.152464e-04
-8.250356e-03 2.131821e-04
-8.143750e-03 2.105140e-04
-8.037002e-03 2.096369e-04
-7.931078e-03 2.077748e-04
-7.825931e-03 2.066377e-04
-7.720729e-03 2.033883e-04
-7.616182e-03 2.015491e-04
-7.513517e-03 1.995948e-04
-7.412354e-03 1.982632e-04
-7.312727e-03 1.971230e-04
-7.214100e-03 1.961131e-04
-7.114958e-03 1.931833e-04
-7.015965e-03 1.920381e-04
-6.918594e-03 1.908252e-04
-6.822486e-03 1.896288e-04
-6.727252e-03 1.877648e-04
-6.632485e-03 1.865595e-04
-6.538893e-03 1.851801e-04
-6.446287e-03 1.843453e-04
-6.353009e-03 1.815956e-04
-6.259762e-03 1.805866e-04
-6.167848e-03 1.793135e-04
-6.077153e-03 1.781221e-04
-5.987681e-03 1.768548e-04
-5.898939e-03 1.757212e-04
-5.811106e-03 1.740969e-04
-5.724455e-03 1.730426e-04
-5.637818e-03 1.701439e-04
-5.550439e-03 1.695420e-04
-5.463338e-03 1.689669e-04
-5.377788e-03 1.678295e-04
-5.293830e-03 1.666844e-04
-5.210615e-03 1.658264e-04
-5.127650e-03 1.638616e-04
-5.044622e-03 1.629698e-04
-4.962060e-03 1.612794e-04
-4.880022e-03 1.605767e-04
-4.798242e-03 1.596571e-04
-4.717518e-03 1.586929e-04
-4.638494e-03 1.582453e-04
-4.560137e-03 1.576837e-04
-4.481468e-03 1.556046e-04
-4.402654e-03 1.547332e-04
-4.324295e-03 1.530833e-04
-4.246815e-03 1.521721e-04
-4.170207e-03 1.510955e-04
-4.094372e-03 1.502441e-04
-4.019014e-03 1.492367e-04
-3.944206e-03 1.485426e-04
-3.870015e-03 1.470777e-04
-3.795967e-03 1.464639e-04
-3.722075e-03 1.450165e-04
-3.648898e-03 1.438695e-04
-3.576699e-03 1.423232e-04
-3.504806e-03 1.417783e-04
-3.433216e-03 1.413036e-04
-3.362454e-03 1.406356e-04
-3.292117e-03 1.389537e-04
-3.221974e-03 1.382317e-04
-3.152357e-03 1.371040e-04
-3.082826e-03 1.364603e-04
-3.014013e-03 1.358753e-04
-2.946406e-03 1.351274e-04
-2.879266e-03 1.338312e-04
-2.812468e-03 1.331584e-04
-2.745914e-03 1.321951e-04
-2.679570e-03 1.317211e-04
-2.613469e-03 1.303066e-04
-2.547914e-03 1.294688e-04
-2.483237e-03 1.286085e-04
-2.418974e-03 1.278769e-04
-2.355179e-03 1.266313e-04
-2.291808e-03 1.261024e-04
-2.228314e-03 1.249007e-04
-2.165240e-03 1.242143e-04
-2.103100e-03 1.233888e-04
-2.041581e-03 1.227185e-04
-1.980538e-03 1.216528e-04
-1.919911e-03 1.208556e-04
-1.859642e-03 1.192452e-04
-1.799607e-03 1.186892e-04
-1.739975e-03 1.178186e-04
-1.680823e-03 1.172174e-04
-1.621917e-03 1.163985e-04
-1.563526e-03 1.157942e-04
-1.505878e-03 1.149145e-04
-1.448588e-03 1.143830e-04
-1.391698e-03 1.135750e-04
-1.334819e-03 1.131240e-04
-1.278048e-03 1.120579e-04
-1.222065e-03 1.113559e-04
-1.166754e-03 1.105277e-04
-1.111853e-03 1.099835e-04
-1.056935e-03 1.088570e-04
-1.002392e-03 1.082250e-04
-9.484682e-04 1.070876e-04
-8.948689e-04 1.064828e-04
-8.417545e-04 1.056128e-04
-7.887933e-04 1.050647e-04
-7.362880e-04 1.043062e-04
-6.844001e-04 1.038058e-04
-6.325737e-04 1.029076e-04
-5.810825e-04 1.023817e-04
-5.301739e-04 1.015020e-04
-4.797583e-04 1.008888e-04
-4.296479e-04 9.969519e-05
-3.797650e-04 9.899450e-05
-3.303693e-04 9.786559e-05
-2.817627e-04 9.712051e-05
-2.336236e-04 9.583202e-05
-1.861970e-04 9.494028e-05
-1.390337e-04 9.325564e-05
-9.259098e-05 9.222455e-05
-4.698482e-05 9.036173e-05
-6.430398e-07 9.014728e-05
4.485057e-05 9.092961e-05
9.126777e-05 9.165421e-05
1.376803e-04 9.364015e-05
1.843877e-04 9.465715e-05
2.321126e-04 9.614987e-05
2.803040e-04 9.696921e-05
3.289166e-04 9.818051e-05
3.779759e-04 9.888517e-05
4.275121e-04 1.000460e-04
4.775856e-04 1.006491e-04
5.281788e-04 1.014537e-04
5.789159e-04 1.019667e-04
6.301950e-04 1.028772e-04
6.818487e-04 1.034312e-04
7.337368e-04 1.041908e-04
7.860799e-04 1.047378e-04
8.387280e-04 1.057474e-04
8.919134e-04 1.062883e-04
9.453516e-04 1.073647e-04
9.988410e-04 1.079277e-04
1.052740e-03 1.088080e-04
1.107050e-03 1.093718e-04
1.161970e-03 1.103375e-04
1.217510e-03 1.110592e-04
1.273364e-03 1.121251e-04
1.329651e-03 1.126149e-04
1.386147e-03 1.136229e-04
1.442814e-03 1.142423e-04
1.500000e-03 1.150975e-04
1.557430e-03 1.155521e-04
1.615509e-03 1.161713e-04
1.674204e-03 1.167646e-04
1.732837e-03 1.180766e-04
1.791710e-03 1.186933e-04
1.850940e-03 1.198095e-04
1.910925e-03 1.204999e-04
1.971517e-03 1.213994e-04
2.032339e-03 1.220243e-04
2.093993e-03 1.228360e-04
2.156218e-03 1.234727e-04
2.218577e-03 1.245540e-04
2.281193e-03 1.250982e-04
2.343755e-03 1.267009e-04
2.407082e-03 1.275636e-04
2.471339e-03 1.284059e-04
2.535995e-03 1.291218e-04
2.601123e-03 1.303218e-04
2.666364e-03 1.308223e-04
2.732052e-03 1.319641e-04
2.798165e-03 1.326308e-04
2.864410e-03 1.337625e-04
2.931570e-03 1.345354e-04
2.999393e-03 1.355731e-04
3.067915e-03 1.365490e-04
3.136931e-03 1.384329e-04
3.205526e-03 1.388604e-04
3.274736e-03 1.395511e-04
3.344603e-03 1.401946e-04
3.414712e-03 1.410512e-04
3.485663e-03 1.418653e-04
3.557217e-03 1.431191e-04
3.629694e-03 1.439282e-04
3.702520e-03 1.455902e-04
3.775074e-03 1.462221e-04
3.848279e-03 1.474495e-04
3.922191e-03 1.483170e-04
3.997001e-03 1.486697e-04
4.072633e-03 1.492900e-04
4.148165e-03 1.511775e-04
4.224430e-03 1.520885e-04
4.301360e-03 1.535039e-04
4.378195e-03 1.541629e-04
4.455145e-03 1.557963e-04
4.532772e-03 1.567911e-04
4.611783e-03 1.578448e-04
4.691733e-03 1.587899e-04
4.772057e-03 1.601929e-04
4.852923e-03 1.608028e-04
4.933888e-03 1.623256e-04
5.015219e-03 1.633127e-04
5.096982e-03 1.653314e-04
5.178705e-03 1.660355e-04
5.262029e-03 1.659532e-04
5.346804e-03 1.667963e-04
5.431496e-03 1.686490e-04
5.516432e-03 1.694624e-04
5.601319e-03 1.718034e-04
5.686954e-03 1.728598e-04
5.773458e-03 1.743365e-04
5.860521e-03 1.754390e-04
5.949380e-03 1.761773e-04
6.039508e-03 1.772080e-04
6.130133e-03 1.785723e-04
6.220628e-03 1.789846e-04
6.310262e-03 1.815659e-04
6.401090e-03 1.829617e-04
6.493401e-03 1.843570e-04
6.586903e-03 1.858216e-04
6.681973e-03 1.879862e-04
6.777023e-03 1.887578e-04
6.871817e-03 1.906162e-04
6.967199e-03 1.916383e-04
7.062820e-03 1.940762e-04
7.159901e-03 1.955628e-04
7.258958e-03 1.963907e-04
7.359952e-03 1.981146e-04
7.461738e-03 2.015760e-04
7.561971e-03 2.018944e-04
7.662360e-03 2.032870e-04
7.764565e-03 2.048809e-04
7.867429e-03 2.074428e-04
7.971105e-03 2.088534e-04
8.076755e-03 2.094755e-04
8.184195e-03 2.104853e-04
8.291767e-03 2.130666e-04
8.399752e-03 2.145305e-04
8.508188e-03 2.186698e-04
8.617402e-03 2.206331e-04
8.729156e-03 2.210246e-04
8.842542e-03 2.221464e-04
8.956021e-03 2.251075e-04
9.071335e-03 2.269640e-04
9.187448e-03 2.307809e-04
9.303505e-03 2.324311e-04
9.420706e-03 2.359956e-04
9.538556e-03 2.376718e-04
9.658381e-03 2.381408e-04
9.781177e-03 2.400956e-04
9.904970e-03 2.438590e-04
1.003070e-02 2.460378e-04
1.015671e-02 2.516128e-04
1.028259e-02 2.538823e-04
1.040975e-02 2.580565e-04
1.053817e-02 2.603163e-04
1.067028e-02 2.614291e-04
1.080524e-02 2.635433e-04
1.094054e-02 2.678513e-04
1.107748e-02 2.700155e-04
1.121477e-02 2.754298e-04
1.135194e-02 2.776757e-04
1.149170e-02 2.795884e-04
1.163542e-02 2.826441e-04
1.178232e-02 2.869000e-04
1.193167e-02 2.899141e-04
1.208175e-02 2.959758e-04
1.223026e-02 2.972127e-04
1.237900e-02 3.002630e-04
1.253074e-02 3.027532e-04
1.268523e-02 3.050957e-04
1.284180e-02 3.075988e-04
1.300111e-02 3.111553e-04
1.316128e-02 3.129591e-04
1.332068e-02 3.180732e-04
1.347920e-02 3.193925e-04
1.363933e-02 3.203944e-04
1.380329e-02 3.226209e-04
1.397028e-02 3.237815e-04
1.413895e-02 3.256507e-04
1.430726e-02 3.314467e-04
1.447323e-02 3.321370e-04
1.464063e-02 3.329107e-04
1.480957e-02 3.341077e-04
1.497828e-02 3.365397e-04
1.514918e-02 3.382663e-04
1.532274e-02 3.386357e-04
1.549794e-02 3.402123e-04
1.567335e-02 3.442438e-04
1.584664e-02 3.444301e-04
1.602069e-02 3.449805e-04
1.619738e-02 3.467688e-04
1.637472e-02 3.493442e-04
1.655223e-02 3.503746e-04
1.673118e-02 3.508320e-04
1.691390e-02 3.527763e-04
1.709694e-02 3.576549e-04
1.727775e-02 3.585572e-04
1.745902e-02 3.616704e-04
1.764005e-02 3.626546e-04
1.782302e-02 3.607903e-04
1.801015e-02 3.626273e-04
1.819836e-02 3.659411e-04
1.838754e-02 3.672128e-04
1.857744e-02 3.695613e-04
1.876483e-02 3.694035e-04
1.895185e-02 3.709890e-04
1.913829e-02 3.712194e-04
1.932625e-02 3.679269e-04
1.951677e-02 3.682806e-04
1.970715e-02 3.694860e-04
1.989548e-02 3.681824e-04
2.008276e-02 3.663264e-04
2.026652e-02 3.640416e-04
2.044901e-02 3.598116e-04
2.063303e-02 3.592047e-04
2.081810e-02 3.571109e-04
2.100359e-02 3.566117e-04
2.118782e-02 3.559663e-04
2.136816e-02 3.533990e-04
2.154649e-02 3.496395e-04
2.172430e-02 3.475010e-04
2.190026e-02 3.446498e-04
2.207629e-02 3.441257e-04
2.225272e-02 3.432852e-04
2.242953e-02 3.432151e-04
2.260559e-02 3.429438e-04
2.278054e-02 3.421701e-04
2.295387e-02 3.427205e-04
2.312835e-02 3.431402e-04
2.330425e-02 3.419431e-04
2.348006e-02 3.419166e-04
2.365652e-02 3.420440e-04
2.383248e-02 3.417959e-04
2.400831e-02 3.400013e-04
2.418151e-02 3.377661e-04
2.435241e-02 3.353767e-04
2.452294e-02 3.338326e-04
2.469118e-02 3.333702e-04
2.485838e-02 3.330303e-04
2.502775e-02 3.284709e-04
2.519646e-02 3.264300e-04
2.536361e-02 3.245898e-04
2.553079e-02 3.239499e-04
2.569499e-02 3.258975e-04
2.585919e-02 3.261474e-04
2.602452e-02 3.249652e-04
2.619166e-02 3.260670e-04
2.636024e-02 3.267142e-04
2.652911e-02 3.271180e-04
2.669741e-02 3.304319e-04
2.686480e-02 3.310861e-04
2.703134e-02 3.330724e-04
2.719732e-02 3.334512e-04
2.736634e-02 3.294224e-04
2.753679e-02 3.283838e-04
2.770727e-02 3.255003e-04
2.787464e-02 3.230472e-04
2.803772e-02 3.246033e-04
2.820091e-02 3.252304e-04
2.836567e-02 3.231219e-04
2.853071e-02 3.225317e-04
2.869578e-02 3.208283e-04
2.886119e-02 3.199775e-04
2.902545e-02 3.195596e-04
2.918728e-02 3.183932e-04
2.934754e-02 3.177787e-04
2.950713e-02 3.171531e-04
2.966780e-02 3.147961e-04
2.983065e-02 3.152567e-04
2.999304e-02 3.161036e-04
3.015306e-02 3.145544e-04
3.031174e-02 3.124972e-04
3.047040e-02 3.121705e-04
3.062864e-02 3.119567e-04
3.078490e-02 3.106923e-04
3.094162e-02 3.075798e-04
3.109877e-02 3.067142e-04
3.125560e-02 3.036640e-04
3.141385e-02 3.034212e-04
3.157007e-02 3.061498e-04
3.172478e-02 3.058123e-04
3.188059e-02 3.030671e-04
3.203603e-02 3.022712e-04
3.219007e-02 3.035397e-04
3.234586e-02 3.050603e-04
3.250327e-02 3.054401e-04
3.265920e-02 3.046824e-04
3.281304e-02 3.060390e-04
3.296570e-02 3.053935e-04
3.311854e-02 3.032959e-04
3.327144e-02 3.029872e-04
3.342656e-02 2.995541e-04
3.358376e-02 2.995727e-04
3.373900e-02 3.017625e-04
3.389470e-02 3.028243e-04
3.404852e-02 3.088841e-04
3.419825e-02 3.081826e-04
3.435048e-02 3.020602e-04
3.450610e-02 3.022951e-04
3.466140e-02 3.034624e-04
3.481668e-02 3.038739e-04
3.497203e-02 3.060598e-04
3.512630e-02 3.062056e-04
3.528020e-02 3.060777e-04
3.543342e-02 3.056235e-04
3.558739e-02 3.030964e-04
3.574609e-02 3.046095e-04
3.590706e-02 3.050708e-04
3.606589e-02 3.043688e-04
3.622136e-02 3.091727e-04
3.637512e-02 3.098861e-04
3.653041e-02 3.081613e-04
3.668844e-02 3.091918e-04
3.684763e-02 3.101220e-04
3.700851e-02 3.110460e-04
3.716906e-02 3.141733e-04
3.732779e-02 3.146251e-04
3.748790e-02 3.147419e-04
3.764749e-02 3.144697e-04
3.780622e-02 3.139543e-04
3.797069e-02 3.172220e-04
3.813713e-02 3.230143e-04
3.830260e-02 3.240769e-04
3.846879e-02 3.258526e-04
3.863810e-02 3.288069e-04
3.880771e-02 3.365194e-04
3.898290e-02 3.426525e-04
3.916229e-02 3.540218e-04
3.934843e-02 3.621957e-04
3.954018e-02 3.742106e-04
3.973451e-02 3.800876e-04
3.993354e-02 3.885737e-04
4.013583e-02 3.930498e-04
4.034217e-02 3.987428e-04
4.055060e-02 4.025763e-04
4.076366e-02 4.070321e-04
4.097925e-02 4.101791e-04
4.119793e-02 4.122217e-04
4.141775e-02 4.136456e-04
4.163546e-02 4.211259e-04
4.185157e-02 4.222778e-04
4.207144e-02 4.192479e-04
4.229597e-02 4.215216e-04
4.252298e-02 4.253131e-04
4.275556e-02 4.300596e-04
4.298822e-02 4.414932e-04
4.322459e-02 4.478404e-04
4.346248e-02 4.629231e-04
4.370698e-02 4.716660e-04
4.395990e-02 4.819168e-04
4.422283e-02 4.922427e-04
4.449362e-02 5.078124e-04
4.477162e-02 5.177553e-04
4.505753e-02 5.341831e-04
4.534262e-02 5.396537e-04
4.563161e-02 5.463124e-04
4.591753e-02 5.461183e-04
4.621181e-02 5.317616e-04
4.649905e-02 5.230970e-04
4.678174e-02 5.066220e-04
4.705157e-02 4.929636e-04
4.730894e-02 4.775493e-04
4.758106e-02 4.808699e-04
4.785642e-02 4.828020e-04
4.811437e-02 4.730225e-04
4.836472e-02 4.585347e-04
4.861395e-02 4.520199e-04
4.885641e-02 4.453275e-04
4.909698e-02 4.423934e-04
4.933117e-02 4.465394e-04
4.955629e-02 4.426033e-04
4.978712e-02 4.204337e-04
5.001811e-02 4.125531e-04
5.023807e-02 4.091017e-04
5.045219e-02 4.037971e-04
5.066158e-02 3.970124e-04
5.086712e-02 3.928084e-04
5.106831e-02 3.884012e-04
5.126713e-02 3.853976e-04
5.146663e-02 3.773480e-04
5.166565e-02 3.741633e-04
5.186160e-02 3.689949e-04
5.205667e-02 3.661064e-04
5.224662e-02 3.666555e-04
5.243695e-02 3.675717e-04
5.262678e-02 3.709291e-04
5.280709e-02 3.664345e-04
5.298833e-02 3.537570e-04
5.317533e-02 3.526455e-04
5.336010e-02 3.519129e-04
5.354242e-02 3.501744e-04
5.372159e-02 3.506066e-04
5.390009e-02 3.498795e-04
5.407864e-02 3.477750e-04
5.425715e-02 3.474587e-04
5.443865e-02 3.428833e-04
5.462015e-02 3.412393e-04
5.480130e-02 3.359256e-04
5.498090e-02 3.330792e-04
5.515203e-02 3.393192e-04
5.532143e-02 3.400581e-04
5.549474e-02 3.355882e-04
5.566866e-02 3.348006e-04
5.584287e-02 3.333851e-04
5.601685e-02 3.327432e-04
5.618756e-02 3.351384e-04
5.635529e-02 3.342112e-04
5.652236e-02 3.327404e-04
5.669096e-02 3.326781e-04
5.686146e-02 3.293745e-04
5.703567e-02 3.308565e-04
5.720875e-02 3.368182e-04
5.737254e-02 3.333996e-04
5.753477e-02 3.277687e-04
5.769923e-02 3.270789e-04
5.786305e-02 3.249821e-04
5.802834e-02 3.251111e-04
5.819482e-02 3.234988e-04
5.836250e-02 3.232025e-04
5.853000e-02 3.227226e-04
5.869577e-02 3.219552e-04
5.885956e-02 3.243401e-04
5.902196e-02 3.243650e-04
5.919050e-02 3.129449e-04
5.936208e-02 3.106657e-04
5.952458e-02 3.195200e-04
5.968650e-02 3.219196e-04
5.985218e-02 3.223259e-04
6.001465e-02 3.209871e-04
6.017609e-02 3.201893e-04
6.033810e-02 3.202476e-04
6.050076e-02 3.181295e-04
6.066545e-02 3.185969e-04
6.083060e-02 3.191550e-04
6.099595e-02 3.190415e-04
6.116019e-02 3.205845e-04
6.132514e-02 3.219942e-04
6.148849e-02 3.285395e-04
6.164416e-02 3.262915e-04
6.180187e-02 3.178447e-04
6.196605e-02 3.186737e-04
6.213104e-02 3.183888e-04
6.229519e-02 3.173373e-04
6.245688e-02 3.185298e-04
6.261619e-02 3.179709e-04
6.277513e-02 3.170482e-04
6.293467e-02 3.170767e-04
6.309725e-02 3.132916e-04
6.326317e-02 3.139435e-04
6.343222e-02 3.093197e-04
6.359765e-02 3.054722e-04
6.375001e-02 3.166132e-04
6.390215e-02 3.200633e-04
6.406226e-02 3.163584e-04
6.422423e-02 3.165718e-04
6.438788e-02 3.155404e-04
6.455185e-02 3.153609e-04
6.471326e-02 3.179132e-04
6.487183e-02 3.171213e-04
6.502928e-02 3.168074e-04
6.518733e-02 3.166345e-04
6.534838e-02 3.112054e-04
6.551787e-02 3.147365e-04
6.568472e-02 3.288846e-04
6.583743e-02 3.255147e-04
6.599024e-02 3.172125e-04
6.614834e-02 3.173873e-04
6.630627e-02 3.169513e-04
6.646620e-02 3.175598e-04
6.662782e-02 3.164551e-04
6.679191e-02 3.179760e-04
6.695727e-02 3.200987e-04
6.711825e-02 3.182428e-04
6.727786e-02 3.165620e-04
6.743797e-02 3.162537e-04
6.760516e-02 3.023628e-04
6.777730e-02 3.003340e-04
6.793962e-02 3.110758e-04
6.809945e-02 3.130111e-04
6.826099e-02 3.155603e-04
6.841990e-02 3.153372e-04
6.857862e-02 3.162491e-04
6.873836e-02 3.172005e-04
6.889925e-02 3.167335e-04
6.906129e-02 3.172511e-04
6.922420e-02 3.172162e-04
6.938653e-02 3.164242e-04
6.954835e-02 3.151166e-04
6.971246e-02 3.164485e-04
6.987589e-02 3.224826e-04
7.003289e-02 3.208014e-04
7.019204e-02 3.113328e-04
7.035689e-02 3.113496e-04
7.051989e-02 3.144599e-04
7.068228e-02 3.147695e-04
7.084327e-02 3.179541e-04
7.100176e-02 3.180292e-04
7.116068e-02 3.175226e-04
7.132144e-02 3.184381e-04
7.148562e-02 3.164655e-04
7.165044e-02 3.161448e-04
7.181763e-02 3.100734e-04
7.198313e-02 3.068670e-04
7.213750e-02 3.165352e-04
7.229026e-02 3.186046e-04
7.245038e-02 3.120590e-04
7.261365e-02 3.120145e-04
7.277695e-02 3.130157e-04
7.293982e-02 3.131305e-04
7.310149e-02 3.142623e-04
7.326232e-02 3.141674e-04
7.342128e-02 3.170296e-04
7.358076e-02 3.179405e-04
7.374506e-02 3.124887e-04
7.391226e-02 3.127007e-04
7.407571e-02 3.207242e-04
