-3.643986e-02 3.533584e-04
-3.632697e-02 3.300853e-04
-3.619405e-02 3.339853e-04
-3.605370e-02 3.331073e-04
-3.591488e-02 3.316429e-04
-3.577890e-02 3.316671e-04
-3.563954e-02 3.339412e-04
-3.549141e-02 3.256537e-04
-3.533264e-02 3.288267e-04
-3.516581e-02 3.248258e-04
-3.500114e-02 3.223054e-04
-3.484835e-02 3.344449e-04
-3.470177e-02 3.350855e-04
-3.455020e-02 3.291684e-04
-3.439556e-02 3.286475e-04
-3.423693e-02 3.199079e-04
-3.406857e-02 3.228170e-04
-3.389761e-02 3.271756e-04
-3.373478e-02 3.236489e-04
-3.358027e-02 3.271161e-04
-3.342712e-02 3.277720e-04
-3.326983e-02 3.232971e-04
-3.310453e-02 3.262682e-04
-3.293267e-02 3.229734e-04
-3.276783e-02 3.177908e-04
-3.261237e-02 3.190252e-04
-3.245553e-02 3.200781e-04
-3.229801e-02 3.224600e-04
-3.213967e-02 3.240288e-04
-3.197449e-02 3.163981e-04
-3.180347e-02 3.171522e-04
-3.163410e-02 3.225896e-04
-3.147309e-02 3.193177e-04
-3.131869e-02 3.206668e-04
-3.116300e-02 3.221520e-04
-3.100270e-02 3.192062e-04
-3.083672e-02 3.213397e-04
-3.066838e-02 3.227438e-04
-3.050324e-02 3.215531e-04
-3.034149e-02 3.245262e-04
-3.018247e-02 3.237449e-04
-3.002478e-02 3.231886e-04
-2.986550e-02 3.241606e-04
-2.970006e-02 3.165879e-04
-2.953006e-02 3.165955e-04
-2.936216e-02 3.207253e-04
-2.920051e-02 3.182486e-04
-2.904481e-02 3.206889e-04
-2.888917e-02 3.217501e-04
-2.872910e-02 3.179166e-04
-2.856298e-02 3.199525e-04
-2.839237e-02 3.175328e-04
-2.822347e-02 3.158547e-04
-2.806263e-02 3.252637e-04
-2.790734e-02 3.251070e-04
-2.775056e-02 3.215689e-04
-2.759209e-02 3.215264e-04
-2.742868e-02 3.131655e-04
-2.725514e-02 3.160018e-04
-2.708161e-02 3.244941e-04
-2.691777e-02 3.219571e-04
-2.675939e-02 3.233828e-04
-2.660153e-02 3.235861e-04
-2.644043e-02 3.193628e-04
-2.627411e-02 3.207617e-04
-2.610451e-02 3.185984e-04
-2.593650e-02 3.170825e-04
-2.577378e-02 3.222899e-04
-2.561548e-02 3.212991e-04
-2.546027e-02 3.231119e-04
-2.530348e-02 3.249432e-04
-2.513736e-02 3.151026e-04
-2.496256e-02 3.165585e-04
-2.479024e-02 3.241293e-04
-2.462647e-02 3.219325e-04
-2.446694e-02 3.228926e-04
-2.430823e-02 3.225289e-04
-2.414694e-02 3.178325e-04
-2.397832e-02 3.207517e-04
-2.380579e-02 3.217157e-04
-2.363700e-02 3.198190e-04
-2.347387e-02 3.246002e-04
-2.331564e-02 3.231582e-04
-2.315752e-02 3.187131e-04
-2.299564e-02 3.195883e-04
-2.282911e-02 3.148682e-04
-2.265946e-02 3.148327e-04
-2.249200e-02 3.178084e-04
-2.232991e-02 3.158700e-04
-2.217307e-02 3.198253e-04
-2.201866e-02 3.195677e-04
-2.186209e-02 3.146367e-04
-2.169965e-02 3.165975e-04
-2.153290e-02 3.148550e-04
-2.136751e-02 3.134067e-04
-2.120853e-02 3.206595e-04
-2.105335e-02 3.207779e-04
-2.089613e-02 3.171260e-04
-2.073823e-02 3.164429e-04
-2.057712e-02 3.097748e-04
-2.041165e-02 3.097734e-04
-2.024715e-02 3.107987e-04
-2.008718e-02 3.086555e-04
-1.993157e-02 3.105387e-04
-1.977723e-02 3.102400e-04
-1.962315e-02 3.092589e-04
-1.946595e-02 3.109913e-04
-1.930440e-02 3.085592e-04
-1.914088e-02 3.086524e-04
-1.897984e-02 3.136501e-04
-1.882226e-02 3.135958e-04
-1.866563e-02 3.144400e-04
-1.850940e-02 3.145047e-04
-1.834901e-02 3.083441e-04
-1.818464e-02 3.083100e-04
-1.802285e-02 3.119476e-04
-1.786474e-02 3.112604e-04
-1.770780e-02 3.118914e-04
-1.755116e-02 3.117264e-04
-1.739536e-02 3.120690e-04
-1.723540e-02 3.148953e-04
-1.707027e-02 3.147154e-04
-1.690450e-02 3.148275e-04
-1.674079e-02 3.179921e-04
-1.657792e-02 3.188436e-04
-1.641664e-02 3.238683e-04
-1.625280e-02 3.269997e-04
-1.608529e-02 3.302200e-04
-1.591214e-02 3.349916e-04
-1.573398e-02 3.392628e-04
-1.555447e-02 3.416114e-04
-1.537639e-02 3.511631e-04
-1.520064e-02 3.529651e-04
-1.502325e-02 3.545716e-04
-1.483929e-02 3.593322e-04
-1.464968e-02 3.638119e-04
-1.445381e-02 3.689366e-04
-1.425458e-02 3.768785e-04
-1.405236e-02 3.817811e-04
-1.385105e-02 3.976493e-04
-1.364129e-02 4.081696e-04
-1.342523e-02 4.261296e-04
-1.319286e-02 4.426708e-04
-1.294790e-02 4.676260e-04
-1.269580e-02 4.809141e-04
-1.243407e-02 5.027037e-04
-1.217075e-02 5.111637e-04
-1.190178e-02 5.242685e-04
-1.162316e-02 5.351259e-04
-1.133255e-02 5.463019e-04
-1.101213e-02 5.678433e-04
-1.068352e-02 6.129332e-04
-1.026035e-02 6.863013e-04
-9.829031e-03 8.780374e-04
-8.884988e-03 1.254211e-03
-7.870316e-03 2.178538e-03
-7.487095e-03 2.133386e-03
-6.491629e-03 9.887567e-04
-5.556738e-03 5.395070e-04
-5.280694e-03 3.909772e-04
-5.034735e-03 3.197221e-04
-4.880087e-03 2.731324e-04
-4.733029e-03 2.517847e-04
-4.603192e-03 2.216228e-04
-4.475434e-03 2.093617e-04
-4.359989e-03 1.954491e-04
-4.252015e-03 1.860923e-04
-4.156825e-03 1.817559e-04
-4.067403e-03 1.766096e-04
-3.980241e-03 1.657561e-04
-3.892391e-03 1.623798e-04
-3.804370e-03 1.530078e-04
-3.716864e-03 1.492214e-04
-3.635383e-03 1.484706e-04
-3.559970e-03 1.446584e-04
-3.489093e-03 1.416331e-04
-3.418639e-03 1.401947e-04
-3.346977e-03 1.344572e-04
-3.273604e-03 1.335108e-04
-3.199932e-03 1.301243e-04
-3.128819e-03 1.273677e-04
-3.062384e-03 1.277465e-04
-2.998901e-03 1.260245e-04
-2.936655e-03 1.230668e-04
-2.874071e-03 1.222904e-04
-2.809714e-03 1.174006e-04
-2.744551e-03 1.160435e-04
-2.681393e-03 1.154006e-04
-2.621293e-03 1.134120e-04
-2.564281e-03 1.132508e-04
-2.508327e-03 1.124807e-04
-2.451826e-03 1.092187e-04
-2.394060e-03 1.088789e-04
-2.335502e-03 1.066168e-04
-2.277960e-03 1.051914e-04
-2.223009e-03 1.057493e-04
-2.170625e-03 1.043386e-04
-2.119823e-03 1.028612e-04
-2.068717e-03 1.025827e-04
-2.015664e-03 9.875085e-05
-1.961785e-03 9.779971e-05
-1.909126e-03 9.700871e-05
-1.858828e-03 9.537172e-05
-1.811241e-03 9.552135e-05
-1.764291e-03 9.512724e-05
-1.716723e-03 9.282363e-05
-1.668409e-03 9.250612e-05
-1.619446e-03 9.054533e-05
-1.571235e-03 8.932599e-05
-1.525065e-03 8.951144e-05
-1.480735e-03 8.853536e-05
-1.437416e-03 8.733956e-05
-1.393624e-03 8.719195e-05
-1.348734e-03 8.511130e-05
-1.303633e-03 8.443102e-05
-1.259519e-03 8.402928e-05
-1.216955e-03 8.301129e-05
-1.175650e-03 8.243838e-05
-1.134909e-03 8.183748e-05
-1.094222e-03 8.010573e-05
-1.053130e-03 7.978126e-05
-1.011741e-03 7.853480e-05
-9.706336e-04 7.786427e-05
-9.306653e-04 7.775459e-05
-8.919849e-04 7.699493e-05
-8.540552e-04 7.613721e-05
-8.161534e-04 7.576003e-05
-7.778443e-04 7.417787e-05
-7.394215e-04 7.372715e-05
-7.014176e-04 7.303170e-05
-6.643268e-04 7.223304e-05
-6.283348e-04 7.198250e-05
-5.926607e-04 7.165246e-05
-5.571386e-04 7.085402e-05
-5.215864e-04 7.063329e-05
-4.856965e-04 6.958900e-05
-4.502278e-04 6.891290e-05
-4.154889e-04 6.812197e-05
-3.813858e-04 6.750226e-05
-3.480172e-04 6.700579e-05
-3.148969e-04 6.663281e-05
-2.816060e-04 6.543895e-05
-2.486076e-04 6.487819e-05
-2.160558e-04 6.394125e-05
-1.841051e-04 6.324287e-05
-1.526950e-04 6.232264e-05
-1.220079e-04 6.151493e-05
-9.173257e-05 5.984267e-05
-6.255028e-05 5.863286e-05
-3.379148e-05 5.606081e-05
-3.808592e-06 5.583943e-05
2.500589e-05 5.704242e-05
5.429958e-05 5.780999e-05
8.363503e-05 5.996668e-05
1.135541e-04 6.105303e-05
1.442761e-04 6.261550e-05
1.749854e-04 6.321231e-05
2.063560e-04 6.388813e-05
2.383427e-04 6.445780e-05
2.708087e-04 6.511910e-05
3.037040e-04 6.565883e-05
3.369184e-04 6.662487e-05
3.701363e-04 6.692950e-05
4.035201e-04 6.762503e-05
4.370768e-04 6.802514e-05
4.708771e-04 6.860282e-05
5.054607e-04 6.923357e-05
5.406824e-04 7.005276e-05
5.760642e-04 7.049165e-05
6.113950e-04 7.166246e-05
6.463359e-04 7.185049e-05
6.814010e-04 7.230284e-05
7.174662e-04 7.301663e-05
7.543541e-04 7.348973e-05
7.920183e-04 7.417565e-05
8.301175e-04 7.549705e-05
8.678280e-04 7.568856e-05
9.055467e-04 7.606349e-05
9.429718e-04 7.607393e-05
9.797877e-04 7.726483e-05
1.018375e-03 7.870424e-05
1.059135e-03 7.893340e-05
1.100286e-03 7.930387e-05
1.140976e-03 8.125291e-05
1.180644e-03 8.128634e-05
1.219709e-03 8.222957e-05
1.259942e-03 8.332636e-05
1.302139e-03 8.309838e-05
1.345958e-03 8.393133e-05
1.389920e-03 8.616863e-05
1.432801e-03 8.638583e-05
1.474892e-03 8.814398e-05
1.517089e-03 8.878178e-05
1.560810e-03 8.818092e-05
1.606931e-03 8.946443e-05
1.654151e-03 9.102745e-05
1.701229e-03 9.144281e-05
1.747647e-03 9.387139e-05
1.792795e-03 9.404795e-05
1.837616e-03 9.490771e-05
1.884655e-03 9.654907e-05
1.934801e-03 9.610879e-05
1.986607e-03 9.688108e-05
2.037888e-03 9.971709e-05
2.087717e-03 9.993227e-05
2.136269e-03 1.028518e-04
2.184955e-03 1.039131e-04
2.235990e-03 1.027478e-04
2.290329e-03 1.043815e-04
2.346824e-03 1.055197e-04
2.403504e-03 1.059695e-04
2.457768e-03 1.110449e-04
2.509945e-03 1.116932e-04
2.563267e-03 1.117979e-04
2.619799e-03 1.136850e-04
2.679528e-03 1.133833e-04
2.741529e-03 1.147148e-04
2.803028e-03 1.192454e-04
2.862595e-03 1.196374e-04
2.920932e-03 1.229991e-04
2.979610e-03 1.244971e-04
3.041151e-03 1.236586e-04
3.107029e-03 1.258705e-04
3.175715e-03 1.275764e-04
3.245099e-03 1.286989e-04
3.312667e-03 1.345916e-04
3.377669e-03 1.351752e-04
3.442747e-03 1.369282e-04
3.511943e-03 1.399373e-04
3.585890e-03 1.401124e-04
3.663677e-03 1.425741e-04
3.741985e-03 1.488173e-04
3.818639e-03 1.499733e-04
3.893110e-03 1.565318e-04
3.968983e-03 1.598375e-04
4.049878e-03 1.609492e-04
4.139260e-03 1.663336e-04
4.233283e-03 1.732399e-04
4.329624e-03 1.772301e-04
4.424380e-03 1.913074e-04
4.518995e-03 1.961639e-04
4.616192e-03 2.049698e-04
4.726099e-03 2.159043e-04
4.846760e-03 2.287680e-04
4.988620e-03 2.459720e-04
5.136339e-03 2.835153e-04
5.318381e-03 3.178036e-04
5.505142e-03 4.050759e-04
6.501852e-03 9.214579e-04
7.529467e-03 2.305947e-03
7.898657e-03 2.410981e-03
9.042514e-03 1.409168e-03
1.010847e-02 1.000689e-03
1.060164e-02 8.229331e-04
1.104948e-02 7.322975e-04
1.140623e-02 6.307608e-04
1.175953e-02 5.920945e-04
1.206640e-02 5.631673e-04
1.236966e-02 5.502001e-04
1.266010e-02 5.345434e-04
1.294358e-02 5.250991e-04
1.321486e-02 5.201733e-04
1.347656e-02 5.122924e-04
1.373476e-02 4.952779e-04
1.398344e-02 4.837856e-04
1.423355e-02 4.503508e-04
1.447446e-02 4.324832e-04
1.469678e-02 4.130495e-04
1.490968e-02 4.006882e-04
1.510841e-02 3.907181e-04
1.530593e-02 3.861317e-04
1.550310e-02 3.732477e-04
1.570053e-02 3.690186e-04
1.589366e-02 3.644357e-04
1.608174e-02 3.595121e-04
1.626295e-02 3.579780e-04
1.644031e-02 3.553557e-04
1.661723e-02 3.481241e-04
1.679694e-02 3.469538e-04
1.697923e-02 3.400873e-04
1.715926e-02 3.365034e-04
1.733313e-02 3.361808e-04
1.750156e-02 3.325806e-04
1.766573e-02 3.303105e-04
1.782967e-02 3.295750e-04
1.799618e-02 3.226177e-04
1.816700e-02 3.226964e-04
1.833750e-02 3.240703e-04
1.850455e-02 3.222785e-04
1.866708e-02 3.242123e-04
1.882576e-02 3.228140e-04
1.898486e-02 3.188493e-04
1.914994e-02 3.207998e-04
1.931867e-02 3.195499e-04
1.948522e-02 3.180151e-04
1.964835e-02 3.200712e-04
1.980884e-02 3.190127e-04
1.996600e-02 3.210178e-04
2.012497e-02 3.230428e-04
2.029075e-02 3.179235e-04
2.046075e-02 3.184061e-04
2.062951e-02 3.212437e-04
2.079316e-02 3.194205e-04
2.095233e-02 3.218221e-04
2.111050e-02 3.218638e-04
2.127211e-02 3.168463e-04
2.144036e-02 3.192419e-04
2.160981e-02 3.232896e-04
2.177834e-02 3.239741e-04
2.194537e-02 3.289993e-04
2.210709e-02 3.278489e-04
2.226753e-02 3.261622e-04
2.243170e-02 3.277882e-04
2.260089e-02 3.245427e-04
2.277197e-02 3.242899e-04
2.294214e-02 3.244925e-04
2.310988e-02 3.233212e-04
2.327304e-02 3.283199e-04
2.343561e-02 3.295490e-04
2.360193e-02 3.260979e-04
2.377163e-02 3.271048e-04
2.394335e-02 3.271530e-04
2.411642e-02 3.277644e-04
2.428694e-02 3.331028e-04
2.445311e-02 3.326383e-04
2.461818e-02 3.338133e-04
2.478549e-02 3.353495e-04
2.495599e-02 3.336510e-04
2.512806e-02 3.342073e-04
2.530131e-02 3.338016e-04
2.547220e-02 3.320185e-04
2.563884e-02 3.347813e-04
2.580339e-02 3.347518e-04
2.596856e-02 3.330304e-04
2.613824e-02 3.348950e-04
2.631241e-02 3.332469e-04
2.648761e-02 3.335062e-04
2.666193e-02 3.350615e-04
2.683228e-02 3.330130e-04
2.699814e-02 3.354223e-04
2.716205e-02 3.353392e-04
2.732805e-02 3.309766e-04
2.750162e-02 3.339397e-04
2.768080e-02 3.334190e-04
2.786020e-02 3.331335e-04
2.803452e-02 3.401710e-04
2.819935e-02 3.372309e-04
2.836144e-02 3.342474e-04
2.852855e-02 3.359535e-04
2.870162e-02 3.301385e-04
2.887854e-02 3.305827e-04
2.905549e-02 3.323863e-04
2.922726e-02 3.297039e-04
2.939102e-02 3.349677e-04
2.955349e-02 3.363083e-04
2.972284e-02 3.291744e-04
2.989997e-02 3.310511e-04
3.008152e-02 3.282968e-04
3.026128e-02 3.264583e-04
3.043252e-02 3.355602e-04
3.059605e-02 3.339906e-04
3.075922e-02 3.308646e-04
3.092661e-02 3.325010e-04
3.109857e-02 3.288147e-04
3.127601e-02 3.305398e-04
3.145378e-02 3.354067e-04
3.162372e-02 3.326954e-04
3.178824e-02 3.335803e-04
3.195290e-02 3.339870e-04
3.212077e-02 3.303842e-04
3.229475e-02 3.325241e-04
3.247257e-02 3.314263e-04
3.264691e-02 3.291631e-04
3.281446e-02 3.348324e-04
3.297834e-02 3.344425e-04
3.314187e-02 3.332979e-04
3.330754e-02 3.343982e-04
3.347836e-02 3.294829e-04
3.365570e-02 3.313945e-04
3.383386e-02 3.347043e-04
3.400554e-02 3.322307e-04
3.417152e-02 3.354904e-04
3.433614e-02 3.356158e-04
3.450224e-02 3.328526e-04
3.467271e-02 3.347064e-04
3.484943e-02 3.300649e-04
3.502946e-02 3.301637e-04
3.520442e-02 3.382752e-04
3.537169e-02 3.368030e-04
3.553614e-02 3.374058e-04
3.570106e-02 3.376739e-04
3.587109e-02 3.305292e-04
3.604847e-02 3.325877e-04
3.622830e-02 3.335770e-04
3.640271e-02 3.304507e-04
3.656930e-02 3.354142e-04
3.673093e-02 3.344540e-04
3.689336e-02 3.298500e-04
3.706311e-02 3.325937e-04
