-7.548326e-02 3.441879e-04
-7.534786e-02 3.210674e-04
-7.519604e-02 3.221816e-04
-7.503983e-02 3.179132e-04
-7.488260e-02 3.174121e-04
-7.472725e-02 3.203377e-04
-7.457406e-02 3.200867e-04
-7.442157e-02 3.193523e-04
-7.426337e-02 3.225144e-04
-7.410288e-02 3.274555e-04
-7.396252e-02 3.167315e-04
-7.382858e-02 2.976656e-04
-7.366791e-02 3.072453e-04
-7.349929e-02 3.206079e-04
-7.334133e-02 3.190531e-04
-7.318313e-02 3.155504e-04
-7.301907e-02 3.178156e-04
-7.285275e-02 3.191410e-04
-7.268553e-02 3.201539e-04
-7.251770e-02 3.219346e-04
-7.235394e-02 3.196949e-04
-7.219580e-02 3.228534e-04
-7.203960e-02 3.232607e-04
-7.187905e-02 3.183351e-04
-7.171569e-02 3.182457e-04
-7.155173e-02 3.158042e-04
-7.138895e-02 3.142221e-04
-7.123424e-02 3.232982e-04
-7.108717e-02 3.215452e-04
-7.094095e-02 3.180662e-04
-7.078748e-02 3.216005e-04
-7.062524e-02 3.168260e-04
-7.045877e-02 3.176329e-04
-7.029388e-02 3.237124e-04
-7.013638e-02 3.214737e-04
-6.998237e-02 3.198634e-04
-6.982522e-02 3.211727e-04
-6.966300e-02 3.163518e-04
-6.949863e-02 3.154741e-04
-6.933314e-02 3.112034e-04
-6.916893e-02 3.093198e-04
-6.901009e-02 3.141893e-04
-6.885316e-02 3.147992e-04
-6.869870e-02 3.194168e-04
-6.854213e-02 3.223417e-04
-6.838002e-02 3.212062e-04
-6.821609e-02 3.214503e-04
-6.805209e-02 3.220123e-04
-6.789295e-02 3.197367e-04
-6.773654e-02 3.179725e-04
-6.758048e-02 3.171315e-04
-6.742388e-02 3.151016e-04
-6.726322e-02 3.168084e-04
-6.710005e-02 3.161593e-04
-6.693545e-02 3.167829e-04
-6.677219e-02 3.207455e-04
-6.661449e-02 3.183949e-04
-6.645983e-02 3.169091e-04
-6.630459e-02 3.171462e-04
-6.614498e-02 3.116989e-04
-6.597902e-02 3.135523e-04
-6.581068e-02 3.135368e-04
-6.564526e-02 3.117782e-04
-6.548708e-02 3.189806e-04
-6.533265e-02 3.188830e-04
-6.517756e-02 3.174804e-04
-6.502089e-02 3.183534e-04
-6.485983e-02 3.134845e-04
-6.469692e-02 3.128395e-04
-6.453604e-02 3.156270e-04
-6.438056e-02 3.133976e-04
-6.422886e-02 3.123416e-04
-6.407566e-02 3.128641e-04
-6.391975e-02 3.097813e-04
-6.375786e-02 3.118398e-04
-6.359301e-02 3.126557e-04
-6.342950e-02 3.125674e-04
-6.327006e-02 3.203103e-04
-6.311528e-02 3.203148e-04
-6.296011e-02 3.184915e-04
-6.280304e-02 3.189784e-04
-6.264187e-02 3.134870e-04
-6.247661e-02 3.135419e-04
-6.231191e-02 3.146642e-04
-6.215101e-02 3.132157e-04
-6.199438e-02 3.163012e-04
-6.183964e-02 3.162880e-04
-6.168385e-02 3.157191e-04
-6.152392e-02 3.180069e-04
-6.135999e-02 3.165013e-04
-6.119570e-02 3.161756e-04
-6.103489e-02 3.210876e-04
-6.087920e-02 3.193515e-04
-6.072499e-02 3.169915e-04
-6.056978e-02 3.171792e-04
-6.041145e-02 3.125356e-04
-6.024761e-02 3.141626e-04
-6.008286e-02 3.183546e-04
-5.992203e-02 3.175234e-04
-5.976459e-02 3.196820e-04
-5.961049e-02 3.184543e-04
-5.945725e-02 3.164662e-04
-5.929917e-02 3.182152e-04
-5.913589e-02 3.143958e-04
-5.897164e-02 3.140288e-04
-5.880908e-02 3.170169e-04
-5.865015e-02 3.159175e-04
-5.849505e-02 3.180489e-04
-5.834121e-02 3.180607e-04
-5.818676e-02 3.170784e-04
-5.802723e-02 3.193392e-04
-5.786295e-02 3.176943e-04
-5.770085e-02 3.162236e-04
-5.754225e-02 3.179570e-04
-5.738719e-02 3.164627e-04
-5.723365e-02 3.160409e-04
-5.707820e-02 3.170297e-04
-5.692064e-02 3.150707e-04
-5.676003e-02 3.161994e-04
-5.659731e-02 3.158079e-04
-5.643451e-02 3.152849e-04
-5.627549e-02 3.201352e-04
-5.612184e-02 3.190940e-04
-5.596824e-02 3.174932e-04
-5.581217e-02 3.183989e-04
-5.565169e-02 3.123785e-04
-5.548838e-02 3.119147e-04
-5.532638e-02 3.128195e-04
-5.516730e-02 3.109710e-04
-5.501294e-02 3.137063e-04
-5.485954e-02 3.145362e-04
-5.470385e-02 3.130281e-04
-5.454480e-02 3.145023e-04
-5.438212e-02 3.137497e-04
-5.422020e-02 3.130215e-04
-5.406062e-02 3.136726e-04
-5.390444e-02 3.118554e-04
-5.375117e-02 3.116597e-04
-5.359555e-02 3.125711e-04
-5.343734e-02 3.107650e-04
-5.327659e-02 3.120529e-04
-5.311353e-02 3.129560e-04
-5.295167e-02 3.125691e-04
-5.279382e-02 3.169928e-04
-5.263945e-02 3.164933e-04
-5.248540e-02 3.156369e-04
-5.233002e-02 3.157011e-04
-5.217123e-02 3.102273e-04
-5.200895e-02 3.107784e-04
-5.184684e-02 3.125889e-04
-5.168673e-02 3.120447e-04
-5.152936e-02 3.162796e-04
-5.137504e-02 3.159748e-04
-5.122191e-02 3.159418e-04
-5.106642e-02 3.173579e-04
-5.090623e-02 3.134612e-04
-5.074335e-02 3.132452e-04
-5.058171e-02 3.147176e-04
-5.042394e-02 3.133539e-04
-5.026899e-02 3.154701e-04
-5.011523e-02 3.155221e-04
-4.996053e-02 3.129218e-04
-4.980050e-02 3.151924e-04
-4.963738e-02 3.163453e-04
-4.947541e-02 3.156407e-04
-4.931626e-02 3.184003e-04
-4.916157e-02 3.171589e-04
-4.900803e-02 3.156489e-04
-4.885318e-02 3.158950e-04
-4.869411e-02 3.107391e-04
-4.853194e-02 3.107403e-04
-4.837013e-02 3.101435e-04
-4.820945e-02 3.092457e-04
-4.805402e-02 3.154987e-04
-4.790087e-02 3.159448e-04
-4.774605e-02 3.143756e-04
-4.758842e-02 3.159179e-04
-4.742676e-02 3.146716e-04
-4.726532e-02 3.140923e-04
-4.710530e-02 3.136331e-04
-4.694838e-02 3.115969e-04
-4.679521e-02 3.121995e-04
-4.664089e-02 3.126861e-04
-4.648445e-02 3.105128e-04
-4.632462e-02 3.121823e-04
-4.616243e-02 3.128796e-04
-4.600120e-02 3.125529e-04
-4.584317e-02 3.181504e-04
-4.568933e-02 3.176463e-04
-4.553567e-02 3.153405e-04
-4.538000e-02 3.157207e-04
-4.522049e-02 3.103726e-04
-4.505759e-02 3.100531e-04
-4.489560e-02 3.106842e-04
-4.473579e-02 3.100225e-04
-4.458031e-02 3.153961e-04
-4.442642e-02 3.163907e-04
-4.427040e-02 3.168230e-04
-4.411301e-02 3.178016e-04
-4.395183e-02 3.129903e-04
-4.378905e-02 3.122181e-04
-4.362819e-02 3.132877e-04
-4.346947e-02 3.119665e-04
-4.331388e-02 3.135309e-04
-4.315913e-02 3.140174e-04
-4.300142e-02 3.116198e-04
-4.283982e-02 3.130962e-04
-4.267697e-02 3.139372e-04
-4.251545e-02 3.134496e-04
-4.235763e-02 3.182899e-04
-4.220274e-02 3.178397e-04
-4.204695e-02 3.150819e-04
-4.189022e-02 3.150854e-04
-4.173062e-02 3.103358e-04
-4.156676e-02 3.111727e-04
-4.140279e-02 3.144772e-04
-4.124272e-02 3.133338e-04
-4.108663e-02 3.155950e-04
-4.093060e-02 3.163679e-04
-4.077364e-02 3.169492e-04
-4.061355e-02 3.185959e-04
-4.044951e-02 3.165820e-04
-4.028515e-02 3.164805e-04
-4.012140e-02 3.184111e-04
-3.996108e-02 3.170522e-04
-3.980405e-02 3.175657e-04
-3.964673e-02 3.179242e-04
-3.948744e-02 3.156125e-04
-3.932235e-02 3.178202e-04
-3.915475e-02 3.197890e-04
-3.898910e-02 3.197675e-04
-3.882641e-02 3.246365e-04
-3.866644e-02 3.247616e-04
-3.850587e-02 3.253296e-04
-3.834314e-02 3.268291e-04
-3.817640e-02 3.230739e-04
-3.800649e-02 3.236292e-04
-3.783738e-02 3.265027e-04
-3.767010e-02 3.259860e-04
-3.750639e-02 3.304868e-04
-3.734419e-02 3.316489e-04
-3.717868e-02 3.306244e-04
-3.700874e-02 3.329136e-04
-3.683615e-02 3.335899e-04
-3.666338e-02 3.339429e-04
-3.649202e-02 3.372796e-04
-3.632180e-02 3.373403e-04
-3.615260e-02 3.392190e-04
-3.598354e-02 3.402692e-04
-3.581189e-02 3.388709e-04
-3.563644e-02 3.406384e-04
-3.545878e-02 3.431498e-04
-3.528078e-02 3.442684e-04
-3.510442e-02 3.488045e-04
-3.493051e-02 3.489677e-04
-3.475690e-02 3.499346e-04
-3.458105e-02 3.511528e-04
-3.440118e-02 3.478475e-04
-3.422035e-02 3.477009e-04
-3.403872e-02 3.472432e-04
-3.385881e-02 3.460447e-04
-3.368352e-02 3.490752e-04
-3.351190e-02 3.479529e-04
-3.333921e-02 3.430370e-04
-3.316429e-02 3.421405e-04
-3.298745e-02 3.365022e-04
-3.281249e-02 3.338124e-04
-3.264116e-02 3.323967e-04
-3.247371e-02 3.295616e-04
-3.230930e-02 3.279794e-04
-3.214416e-02 3.278478e-04
-3.197835e-02 3.251176e-04
-3.181020e-02 3.255375e-04
-3.164143e-02 3.256596e-04
-3.147279e-02 3.251746e-04
-3.130619e-02 3.272386e-04
-3.114371e-02 3.259612e-04
-3.098169e-02 3.244223e-04
-3.081698e-02 3.254865e-04
-3.065022e-02 3.238065e-04
-3.048120e-02 3.245647e-04
-3.031201e-02 3.263784e-04
-3.014348e-02 3.266253e-04
-2.997681e-02 3.303864e-04
-2.981010e-02 3.313029e-04
-2.964284e-02 3.329146e-04
-2.947318e-02 3.353778e-04
-2.929914e-02 3.361766e-04
-2.912373e-02 3.372941e-04
-2.894869e-02 3.397336e-04
-2.877559e-02 3.394420e-04
-2.860401e-02 3.411646e-04
-2.843085e-02 3.422647e-04
-2.825582e-02 3.422036e-04
-2.807889e-02 3.437876e-04
-2.789896e-02 3.432213e-04
-2.771988e-02 3.425152e-04
-2.754322e-02 3.458998e-04
-2.736853e-02 3.459497e-04
-2.719496e-02 3.466531e-04
-2.701930e-02 3.481641e-04
-2.684042e-02 3.469820e-04
-2.665925e-02 3.474486e-04
-2.647734e-02 3.475106e-04
-2.629754e-02 3.467314e-04
-2.611987e-02 3.494210e-04
-2.594242e-02 3.502623e-04
-2.576472e-02 3.508650e-04
-2.558425e-02 3.527553e-04
-2.540112e-02 3.535711e-04
-2.521671e-02 3.541436e-04
-2.503249e-02 3.560660e-04
-2.484930e-02 3.566178e-04
-2.466774e-02 3.608531e-04
-2.448445e-02 3.634220e-04
-2.429676e-02 3.646159e-04
-2.410351e-02 3.683985e-04
-2.390836e-02 3.743297e-04
-2.371108e-02 3.777366e-04
-2.351358e-02 3.868089e-04
-2.331654e-02 3.892560e-04
-2.311776e-02 3.931373e-04
-2.291480e-02 3.975689e-04
-2.270582e-02 4.013744e-04
-2.249347e-02 4.047924e-04
-2.227916e-02 4.094932e-04
-2.206215e-02 4.128109e-04
-2.184631e-02 4.239913e-04
-2.162170e-02 4.326862e-04
-2.139294e-02 4.498922e-04
-2.115198e-02 4.639869e-04
-2.090034e-02 4.853077e-04
-2.063544e-02 5.009405e-04
-2.036044e-02 5.294807e-04
-2.006922e-02 5.495562e-04
-1.977111e-02 5.918326e-04
-1.946469e-02 6.120473e-04
-1.913741e-02 6.333677e-04
-1.882304e-02 6.324284e-04
-1.849252e-02 6.030275e-04
-1.818712e-02 5.782341e-04
-1.789299e-02 5.301451e-04
-1.761525e-02 5.029430e-04
-1.736362e-02 4.688476e-04
-1.711363e-02 4.555834e-04
-1.687754e-02 4.419382e-04
-1.663709e-02 4.390362e-04
-1.640278e-02 4.412656e-04
-1.617082e-02 4.412454e-04
-1.594172e-02 4.459179e-04
-1.571423e-02 4.466331e-04
-1.548301e-02 4.440794e-04
-1.525008e-02 4.441999e-04
-1.501580e-02 4.405861e-04
-1.478285e-02 4.384879e-04
-1.455311e-02 4.380228e-04
-1.432488e-02 4.363489e-04
-1.409921e-02 4.359996e-04
-1.387462e-02 4.358098e-04
-1.364746e-02 4.326054e-04
-1.341636e-02 4.338218e-04
-1.318544e-02 4.358292e-04
-1.295270e-02 4.376464e-04
-1.272227e-02 4.465404e-04
-1.248774e-02 4.515756e-04
-1.225093e-02 4.617635e-04
-1.201006e-02 4.684831e-04
-1.176156e-02 4.744537e-04
-1.150801e-02 4.796401e-04
-1.124955e-02 4.876987e-04
-1.099169e-02 4.902677e-04
-1.073470e-02 4.969818e-04
-1.048067e-02 4.976187e-04
-1.022363e-02 4.943711e-04
-9.969096e-03 4.910296e-04
-9.711203e-03 4.762457e-04
-9.463518e-03 4.654615e-04
-9.222267e-03 4.479075e-04
-8.993165e-03 4.342812e-04
-8.774219e-03 4.116355e-04
-8.562284e-03 3.992683e-04
-8.357651e-03 3.771090e-04
-8.157059e-03 3.667020e-04
-7.965280e-03 3.525123e-04
-7.781046e-03 3.424043e-04
-7.605887e-03 3.295419e-04
-7.439260e-03 3.202562e-04
-7.278007e-03 3.045688e-04
-7.121984e-03 2.957663e-04
-6.970922e-03 2.784046e-04
-6.824438e-03 2.694018e-04
-6.685580e-03 2.571305e-04
-6.552664e-03 2.488058e-04
-6.427083e-03 2.379772e-04
-6.305922e-03 2.317629e-04
-6.188485e-03 2.207230e-04
-6.073058e-03 2.155346e-04
-5.961156e-03 2.077739e-04
-5.852700e-03 2.029073e-04
-5.749464e-03 1.972919e-04
-5.649888e-03 1.930702e-04
-5.553368e-03 1.864453e-04
-5.457944e-03 1.831522e-04
-5.364231e-03 1.768920e-04
-5.271531e-03 1.742759e-04
-5.180769e-03 1.708786e-04
-5.092338e-03 1.682567e-04
-5.007234e-03 1.658675e-04
-4.923936e-03 1.639220e-04
-4.841795e-03 1.604516e-04
-4.759632e-03 1.589993e-04
-4.677671e-03 1.553269e-04
-4.596984e-03 1.534544e-04
-4.518239e-03 1.514880e-04
-4.441222e-03 1.497427e-04
-4.365561e-03 1.477084e-04
-4.290625e-03 1.465393e-04
-4.216452e-03 1.440010e-04
-4.142162e-03 1.431576e-04
-4.068454e-03 1.417857e-04
-3.995899e-03 1.404071e-04
-3.924790e-03 1.390020e-04
-3.855343e-03 1.376904e-04
-3.786436e-03 1.354586e-04
-3.717612e-03 1.346030e-04
-3.649034e-03 1.321189e-04
-3.581074e-03 1.308535e-04
-3.514274e-03 1.292762e-04
-3.448104e-03 1.281548e-04
-3.383246e-03 1.272371e-04
-3.319626e-03 1.263384e-04
-3.256370e-03 1.244529e-04
-3.193088e-03 1.237884e-04
-3.129650e-03 1.221447e-04
-3.066945e-03 1.211133e-04
-3.005397e-03 1.197124e-04
-2.944940e-03 1.185523e-04
-2.885603e-03 1.171998e-04
-2.826376e-03 1.164881e-04
-2.767401e-03 1.149396e-04
-2.708728e-03 1.143579e-04
-2.650114e-03 1.132653e-04
-2.592160e-03 1.124758e-04
-2.535356e-03 1.117686e-04
-2.479650e-03 1.108533e-04
-2.424445e-03 1.091463e-04
-2.369160e-03 1.084315e-04
-2.314020e-03 1.066959e-04
-2.259239e-03 1.060015e-04
-2.205129e-03 1.051907e-04
-2.151878e-03 1.043830e-04
-2.099336e-03 1.037091e-04
-2.047327e-03 1.031453e-04
-1.995667e-03 1.017676e-04
-1.944210e-03 1.011503e-04
-1.893065e-03 9.995861e-05
-1.842096e-03 9.928882e-05
-1.791692e-03 9.837774e-05
-1.742393e-03 9.752146e-05
-1.693652e-03 9.643478e-05
-1.645227e-03 9.585212e-05
-1.597177e-03 9.449186e-05
-1.549103e-03 9.401682e-05
-1.501376e-03 9.327663e-05
-1.454122e-03 9.259951e-05
-1.407472e-03 9.173239e-05
-1.361584e-03 9.108948e-05
-1.316204e-03 9.015152e-05
-1.271152e-03 8.961633e-05
-1.225989e-03 8.827850e-05
-1.181077e-03 8.764549e-05
-1.136965e-03 8.688592e-05
-1.093369e-03 8.630205e-05
-1.050145e-03 8.530027e-05
-1.007216e-03 8.464680e-05
-9.648170e-04 8.371870e-05
-9.229177e-04 8.319951e-05
-8.812912e-04 8.221339e-05
-8.401044e-04 8.159411e-05
-7.992320e-04 8.070256e-05
-7.589595e-04 8.002024e-05
-7.192579e-04 7.877044e-05
-6.798451e-04 7.814682e-05
-6.408269e-04 7.707334e-05
-6.018423e-04 7.656245e-05
-5.632870e-04 7.586362e-05
-5.253397e-04 7.535138e-05
-4.875862e-04 7.453300e-05
-4.501518e-04 7.404591e-05
-4.132743e-04 7.333865e-05
-3.768748e-04 7.279664e-05
-3.407155e-04 7.169216e-05
-3.047233e-04 7.109766e-05
-2.692730e-04 7.035340e-05
-2.345374e-04 6.975359e-05
-2.001452e-04 6.866154e-05
-1.666964e-04 6.770239e-05
-1.334576e-04 6.563813e-05
-1.014289e-04 6.417221e-05
-7.013821e-05 6.105305e-05
-3.755958e-05 6.071390e-05
-6.402317e-06 6.211962e-05
2.577601e-05 6.316121e-05
5.805644e-05 6.585618e-05
9.063970e-05 6.709488e-05
1.245469e-04 6.858966e-05
1.587905e-04 6.933160e-05
1.935017e-04 7.035483e-05
2.285333e-04 7.091578e-05
2.640313e-04 7.169494e-05
3.000816e-04 7.220847e-05
3.364974e-04 7.302206e-05
3.730316e-04 7.348433e-05
4.098965e-04 7.449823e-05
4.470897e-04 7.506149e-05
4.845742e-04 7.585991e-05
5.223673e-04 7.633292e-05
5.605074e-04 7.706739e-05
5.991684e-04 7.753883e-05
6.380638e-04 7.845349e-05
6.771541e-04 7.900542e-05
7.164532e-04 8.018813e-05
7.561156e-04 8.083250e-05
7.965159e-04 8.170207e-05
8.375079e-04 8.237144e-05
8.788353e-04 8.336365e-05
9.207440e-04 8.395523e-05
9.629068e-04 8.516965e-05
1.005078e-03 8.572643e-05
1.047583e-03 8.671459e-05
1.090667e-03 8.741806e-05
1.134712e-03 8.810491e-05
1.179201e-03 8.862019e-05
1.223763e-03 8.959689e-05
1.268624e-03 9.012780e-05
1.313561e-03 9.147466e-05
1.359110e-03 9.220171e-05
1.405260e-03 9.321520e-05
1.451671e-03 9.386236e-05
1.498912e-03 9.463368e-05
1.546575e-03 9.516544e-05
1.594294e-03 9.619059e-05
1.642220e-03 9.668383e-05
1.690286e-03 9.781944e-05
1.739182e-03 9.859202e-05
1.788846e-03 9.945269e-05
1.838970e-03 1.001721e-04
1.889513e-03 1.014685e-04
1.940528e-03 1.022185e-04
1.991978e-03 1.039683e-04
2.043386e-03 1.045748e-04
2.095107e-03 1.053461e-04
2.147571e-03 1.059255e-04
2.200827e-03 1.062109e-04
2.254946e-03 1.069742e-04
2.309401e-03 1.085306e-04
2.363958e-03 1.091534e-04
2.418690e-03 1.110091e-04
2.473717e-03 1.118558e-04
2.529258e-03 1.129333e-04
2.585842e-03 1.139483e-04
2.643467e-03 1.150297e-04
2.701788e-03 1.156787e-04
2.760369e-03 1.170442e-04
2.818776e-03 1.175891e-04
2.877696e-03 1.186964e-04
2.937316e-03 1.195173e-04
2.997495e-03 1.204184e-04
3.059022e-03 1.215535e-04
3.121236e-03 1.235592e-04
3.184026e-03 1.244568e-04
3.247012e-03 1.266181e-04
3.309626e-03 1.273438e-04
3.372957e-03 1.281644e-04
3.437422e-03 1.291396e-04
3.503160e-03 1.302196e-04
3.570228e-03 1.314107e-04
3.637622e-03 1.336839e-04
3.705631e-03 1.346872e-04
3.773681e-03 1.373979e-04
3.841746e-03 1.385671e-04
3.910833e-03 1.401119e-04
3.981275e-03 1.414820e-04
4.053522e-03 1.428213e-04
4.126726e-03 1.438817e-04
4.199965e-03 1.462285e-04
4.273208e-03 1.470754e-04
4.346602e-03 1.491742e-04
4.421572e-03 1.506701e-04
4.497970e-03 1.524381e-04
4.576101e-03 1.543184e-04
4.655902e-03 1.573487e-04
4.736381e-03 1.588525e-04
4.816767e-03 1.625907e-04
4.897492e-03 1.641402e-04
4.979422e-03 1.664327e-04
5.063860e-03 1.685338e-04
5.150390e-03 1.708741e-04
5.239223e-03 1.733251e-04
5.329608e-03 1.782112e-04
5.421243e-03 1.807292e-04
5.512998e-03 1.868510e-04
5.606889e-03 1.903392e-04
5.703059e-03 1.962227e-04
5.803831e-03 2.008283e-04
5.908368e-03 2.073232e-04
6.016018e-03 2.118011e-04
6.125817e-03 2.206426e-04
6.238531e-03 2.255800e-04
6.354050e-03 2.355043e-04
6.475084e-03 2.424037e-04
6.600684e-03 2.530700e-04
6.734194e-03 2.616664e-04
6.872848e-03 2.769546e-04
7.017717e-03 2.857921e-04
7.166423e-03 3.038787e-04
7.318879e-03 3.130321e-04
7.478827e-03 3.272077e-04
7.646197e-03 3.367886e-04
7.820931e-03 3.498908e-04
8.004497e-03 3.599174e-04
8.194612e-03 3.768295e-04
8.392232e-03 3.868856e-04
8.593936e-03 4.079410e-04
8.802310e-03 4.200507e-04
9.019915e-03 4.399588e-04
9.249927e-03 4.546093e-04
9.489888e-03 4.770522e-04
9.736752e-03 4.892820e-04
9.991698e-03 5.097560e-04
1.024406e-02 5.148679e-04
1.050320e-02 5.177429e-04
1.076009e-02 5.181350e-04
1.102206e-02 5.107902e-04
1.128587e-02 5.092408e-04
1.155017e-02 5.060228e-04
1.180850e-02 5.012807e-04
1.206120e-02 4.955502e-04
1.230668e-02 4.884865e-04
1.254880e-02 4.745185e-04
1.278883e-02 4.688922e-04
1.302676e-02 4.567858e-04
1.326417e-02 4.521041e-04
1.349780e-02 4.470597e-04
1.372751e-02 4.428914e-04
1.395029e-02 4.411861e-04
1.417352e-02 4.408484e-04
1.439653e-02 4.402787e-04
1.462338e-02 4.417712e-04
1.485282e-02 4.416132e-04
1.508235e-02 4.422096e-04
1.531153e-02 4.461291e-04
1.553866e-02 4.463194e-04
1.576400e-02 4.481506e-04
1.599089e-02 4.497510e-04
1.622029e-02 4.500224e-04
1.645280e-02 4.513716e-04
1.668808e-02 4.505464e-04
1.691760e-02 4.474114e-04
1.714363e-02 4.445086e-04
1.736756e-02 4.422001e-04
1.759016e-02 4.396764e-04
1.782102e-02 4.437407e-04
1.805271e-02 4.519846e-04
1.830809e-02 4.685236e-04
1.856618e-02 5.098575e-04
1.885233e-02 5.421917e-04
1.914803e-02 6.159299e-04
1.944731e-02 6.446828e-04
1.978016e-02 6.711730e-04
2.009700e-02 6.711169e-04
2.043663e-02 6.304072e-04
2.075883e-02 6.052724e-04
2.106040e-02 5.699036e-04
2.134823e-02 5.481740e-04
2.161938e-02 5.157759e-04
2.188232e-02 4.999216e-04
2.213421e-02 4.760700e-04
2.238100e-02 4.643888e-04
2.261807e-02 4.462888e-04
2.284901e-02 4.360864e-04
2.306902e-02 4.260034e-04
2.328543e-02 4.196394e-04
2.349492e-02 4.135461e-04
2.370362e-02 4.114475e-04
2.391447e-02 4.035588e-04
2.412363e-02 3.997009e-04
2.432811e-02 3.952360e-04
2.452808e-02 3.909113e-04
2.472296e-02 3.873804e-04
2.491773e-02 3.855130e-04
2.511270e-02 3.800201e-04
2.530760e-02 3.785270e-04
2.550235e-02 3.746456e-04
2.569464e-02 3.717678e-04
2.588386e-02 3.702685e-04
2.606871e-02 3.671018e-04
2.624963e-02 3.634566e-04
2.643030e-02 3.619922e-04
2.661295e-02 3.546030e-04
2.679858e-02 3.532455e-04
2.698200e-02 3.531895e-04
2.716315e-02 3.522845e-04
2.734162e-02 3.555555e-04
2.751849e-02 3.557704e-04
2.769486e-02 3.558518e-04
2.787298e-02 3.569352e-04
2.805442e-02 3.544101e-04
2.823660e-02 3.534670e-04
2.841804e-02 3.521254e-04
2.859520e-02 3.495631e-04
2.876942e-02 3.486626e-04
2.894426e-02 3.487069e-04
2.911996e-02 3.460733e-04
2.929814e-02 3.466203e-04
2.947714e-02 3.467870e-04
2.965689e-02 3.468227e-04
2.983484e-02 3.499166e-04
3.000935e-02 3.494384e-04
3.018247e-02 3.504324e-04
3.035571e-02 3.508661e-04
3.053343e-02 3.459313e-04
3.071244e-02 3.449306e-04
3.089034e-02 3.426729e-04
3.106744e-02 3.409092e-04
3.124005e-02 3.434979e-04
3.140895e-02 3.426693e-04
3.157841e-02 3.394447e-04
3.175022e-02 3.396901e-04
3.192499e-02 3.367234e-04
3.209982e-02 3.357021e-04
3.227157e-02 3.367350e-04
3.243997e-02 3.350998e-04
3.260591e-02 3.346909e-04
3.277154e-02 3.339135e-04
3.293812e-02 3.302079e-04
3.310855e-02 3.316412e-04
3.328164e-02 3.324574e-04
3.345453e-02 3.326483e-04
3.362338e-02 3.386810e-04
3.378884e-02 3.388220e-04
3.395522e-02 3.376825e-04
3.412402e-02 3.382620e-04
3.429596e-02 3.346328e-04
3.447105e-02 3.356651e-04
3.464616e-02 3.384909e-04
3.482393e-02 3.411038e-04
3.499989e-02 3.526800e-04
3.517391e-02 3.556941e-04
3.535053e-02 3.584033e-04
3.553089e-02 3.611357e-04
3.571682e-02 3.594730e-04
3.590429e-02 3.602905e-04
3.609107e-02 3.636961e-04
3.627330e-02 3.621932e-04
3.645478e-02 3.606170e-04
3.663496e-02 3.592683e-04
3.681511e-02 3.542200e-04
3.699894e-02 3.546198e-04
3.718396e-02 3.537497e-04
3.736771e-02 3.521948e-04
3.754780e-02 3.540071e-04
3.772338e-02 3.524333e-04
3.789778e-02 3.513342e-04
3.807304e-02 3.514441e-04
3.825084e-02 3.461711e-04
3.842993e-02 3.450478e-04
3.860814e-02 3.433910e-04
3.878384e-02 3.408188e-04
3.895555e-02 3.403435e-04
3.912474e-02 3.391215e-04
3.929325e-02 3.381240e-04
3.946537e-02 3.399285e-04
3.964060e-02 3.384615e-04
3.981517e-02 3.375406e-04
3.998792e-02 3.380309e-04
4.015809e-02 3.361943e-04
4.032519e-02 3.361922e-04
4.048900e-02 3.346720e-04
4.065348e-02 3.293478e-04
4.082248e-02 3.301354e-04
4.099331e-02 3.305006e-04
4.116362e-02 3.303183e-04
4.133136e-02 3.328260e-04
4.149498e-02 3.312507e-04
4.165664e-02 3.301576e-04
4.181839e-02 3.293739e-04
4.198180e-02 3.244388e-04
4.214799e-02 3.247739e-04
4.231644e-02 3.231510e-04
4.248440e-02 3.222757e-04
4.264809e-02 3.257271e-04
4.280774e-02 3.245376e-04
4.296578e-02 3.239097e-04
4.312730e-02 3.253254e-04
4.329194e-02 3.240399e-04
4.345820e-02 3.249797e-04
4.362626e-02 3.258001e-04
4.379107e-02 3.241472e-04
4.395159e-02 3.254785e-04
4.410953e-02 3.244069e-04
4.426751e-02 3.213547e-04
4.443049e-02 3.228169e-04
4.459707e-02 3.209012e-04
4.476521e-02 3.215873e-04
4.493101e-02 3.273737e-04
4.509091e-02 3.259251e-04
4.524913e-02 3.259359e-04
4.540798e-02 3.263142e-04
4.556942e-02 3.218337e-04
4.573497e-02 3.226995e-04
4.590237e-02 3.220290e-04
4.606865e-02 3.206772e-04
4.623160e-02 3.224849e-04
4.639116e-02 3.215382e-04
4.654947e-02 3.221877e-04
4.671051e-02 3.240523e-04
4.687493e-02 3.223761e-04
4.704119e-02 3.228812e-04
4.720765e-02 3.239393e-04
4.737056e-02 3.217447e-04
4.753035e-02 3.208504e-04
4.768897e-02 3.202610e-04
4.784779e-02 3.194945e-04
4.800973e-02 3.210925e-04
4.817467e-02 3.193193e-04
4.834089e-02 3.194553e-04
4.850522e-02 3.230016e-04
4.866521e-02 3.212371e-04
4.882113e-02 3.231197e-04
4.897752e-02 3.245203e-04
4.913948e-02 3.191481e-04
4.930485e-02 3.192503e-04
4.947186e-02 3.179843e-04
4.963744e-02 3.166728e-04
4.979811e-02 3.200060e-04
4.995684e-02 3.196019e-04
5.011435e-02 3.204934e-04
5.027326e-02 3.220908e-04
5.043595e-02 3.202590e-04
5.060131e-02 3.212050e-04
5.076866e-02 3.217442e-04
5.093376e-02 3.205956e-04
5.109378e-02 3.246574e-04
5.125054e-02 3.241649e-04
5.140771e-02 3.221321e-04
5.156840e-02 3.230809e-04
5.173253e-02 3.200023e-04
5.189913e-02 3.208113e-04
5.206639e-02 3.231788e-04
5.222980e-02 3.217327e-04
5.238715e-02 3.266046e-04
5.254282e-02 3.273434e-04
5.270245e-02 3.227776e-04
5.286628e-02 3.232160e-04
5.303380e-02 3.183022e-04
5.320226e-02 3.175292e-04
5.336644e-02 3.224912e-04
5.352650e-02 3.218141e-04
5.368472e-02 3.242407e-04
5.384242e-02 3.248087e-04
5.400206e-02 3.219464e-04
5.416682e-02 3.235499e-04
5.433490e-02 3.224793e-04
5.450092e-02 3.212928e-04
5.466302e-02 3.244941e-04
5.482080e-02 3.230580e-04
5.497763e-02 3.218865e-04
5.513661e-02 3.227542e-04
5.529874e-02 3.186788e-04
5.546583e-02 3.201858e-04
5.563317e-02 3.239472e-04
5.579778e-02 3.232193e-04
5.595967e-02 3.257257e-04
5.611688e-02 3.242638e-04
5.627333e-02 3.227051e-04
5.643374e-02 3.245195e-04
5.659957e-02 3.193027e-04
5.676814e-02 3.190732e-04
5.693414e-02 3.227164e-04
5.709694e-02 3.216626e-04
5.725531e-02 3.261222e-04
5.741128e-02 3.267373e-04
5.757162e-02 3.223941e-04
5.773753e-02 3.241645e-04
5.790690e-02 3.220619e-04
5.807430e-02 3.201161e-04
5.823626e-02 3.237962e-04
5.839597e-02 3.233369e-04
5.855399e-02 3.248891e-04
5.871299e-02 3.264803e-04
5.887848e-02 3.201044e-04
5.904816e-02 3.203102e-04
5.921669e-02 3.240020e-04
5.938135e-02 3.230147e-04
5.954089e-02 3.275804e-04
5.969707e-02 3.272030e-04
5.985472e-02 3.236915e-04
6.001654e-02 3.244870e-04
6.018280e-02 3.192978e-04
6.035071e-02 3.188481e-04
6.051709e-02 3.213280e-04
6.068036e-02 3.203523e-04
6.083842e-02 3.251002e-04
6.099501e-02 3.259220e-04
6.115471e-02 3.229939e-04
6.131953e-02 3.245671e-04
6.148730e-02 3.240276e-04
6.165476e-02 3.240859e-04
6.182001e-02 3.291680e-04
6.197776e-02 3.265003e-04
6.213305e-02 3.219598e-04
6.229202e-02 3.225353e-04
6.245474e-02 3.178766e-04
6.262386e-02 3.196045e-04
6.279280e-02 3.247098e-04
6.295706e-02 3.241767e-04
6.311812e-02 3.280176e-04
6.327470e-02 3.267254e-04
6.343266e-02 3.220793e-04
6.359526e-02 3.231828e-04
6.376037e-02 3.208379e-04
6.392869e-02 3.214868e-04
6.409630e-02 3.245078e-04
6.425837e-02 3.227172e-04
6.441640e-02 3.244720e-04
6.457369e-02 3.246583e-04
6.473305e-02 3.229385e-04
6.489743e-02 3.253319e-04
6.506588e-02 3.239754e-04
6.523300e-02 3.226931e-04
6.539672e-02 3.248228e-04
6.555625e-02 3.226378e-04
6.571361e-02 3.201941e-04
6.587269e-02 3.207905e-04
6.603381e-02 3.202751e-04
6.620007e-02 3.231773e-04
6.636811e-02 3.270396e-04
6.653332e-02 3.267263e-04
6.669546e-02 3.309820e-04
6.685231e-02 3.288955e-04
6.700875e-02 3.237779e-04
6.716992e-02 3.252155e-04
6.733604e-02 3.209797e-04
6.750370e-02 3.203763e-04
6.767130e-02 3.199995e-04
6.783508e-02 3.175724e-04
6.799053e-02 3.234946e-04
6.814700e-02 3.257910e-04
6.830754e-02 3.253675e-04
6.847098e-02 3.274028e-04
6.863768e-02 3.276436e-04
6.880423e-02 3.276373e-04
6.897082e-02 3.287619e-04
6.913175e-02 3.257571e-04
6.928736e-02 3.250343e-04
6.944419e-02 3.255114e-04
6.960450e-02 3.210407e-04
6.977027e-02 3.222705e-04
6.993747e-02 3.233173e-04
7.010178e-02 3.224011e-04
7.026296e-02 3.262940e-04
7.042118e-02 3.259190e-04
7.057811e-02 3.258299e-04
7.073633e-02 3.265805e-04
7.090101e-02 3.178677e-04
7.107119e-02 3.175915e-04
7.123785e-02 3.226912e-04
7.139855e-02 3.213781e-04
7.155568e-02 3.248808e-04
7.171233e-02 3.258478e-04
7.187090e-02 3.241037e-04
7.203473e-02 3.266320e-04
7.220206e-02 3.277888e-04
7.236770e-02 3.267342e-04
7.253147e-02 3.269103e-04
7.268841e-02 3.233242e-04
7.284126e-02 3.201690e-04
7.299788e-02 3.212923e-04
7.315888e-02 3.183626e-04
7.332364e-02 3.195807e-04
7.348856e-02 3.215089e-04
7.364767e-02 3.187135e-04
7.379847e-02 3.248373e-04
7.395405e-02 3.294697e-04
7.411808e-02 3.282287e-04
7.428179e-02 3.280418e-04
7.444911e-02 3.227326e-04
7.461690e-02 3.210994e-04
7.478098e-02 3.215160e-04
7.494020e-02 3.187471e-04
7.509337e-02 3.211811e-04
7.524744e-02 3.221758e-04
7.540557e-02 3.181968e-04
7.557011e-02 3.210489e-04
7.573877e-02 3.233245e-04
