-1.178434e-02 1.230438e-04
-1.171637e-02 1.231392e-04
-1.174141e-02 6.708405e-05
-1.181445e-02 -8.400343e-06
-1.176989e-02 3.515629e-05
-1.169773e-02 1.099270e-04
-1.165537e-02 1.190787e-04
-1.152570e-02 -3.844541e-07
-1.140038e-02 -4.609901e-05
-1.140816e-02 4.801558e-05
-1.143891e-02 6.822689e-05
-1.148004e-02 1.414469e-04
-1.151836e-02 1.695499e-04
-1.138934e-02 -3.017570e-05
-1.123822e-02 -8.902248e-05
-1.127974e-02 6.747594e-05
-1.134249e-02 1.112457e-04
-1.135196e-02 1.441526e-04
-1.141109e-02 1.263000e-04
-1.136466e-02 -9.827364e-05
-1.112930e-02 -6.621714e-05
-1.098408e-02 1.736798e-04
-1.103045e-02 1.451350e-04
-1.108050e-02 7.090913e-05
-1.109378e-02 6.643002e-05
-1.110878e-02 5.685467e-05
-1.106466e-02 8.906681e-05
-1.096390e-02 8.366453e-05
-1.091787e-02 4.872241e-05
-1.090928e-02 1.429602e-05
-1.085602e-02 2.887371e-05
-1.081003e-02 8.167340e-05
-1.078197e-02 8.958260e-05
-1.077499e-02 1.462886e-04
-1.080843e-02 1.428074e-04
-1.078047e-02 3.131840e-05
-1.062511e-02 6.735481e-05
-1.048243e-02 1.882614e-04
-1.049681e-02 1.378738e-04
-1.050124e-02 -1.826852e-05
-1.051919e-02 -8.271006e-05
-1.064263e-02 -8.628428e-05
-1.058896e-02 1.844788e-05
-1.040864e-02 9.856215e-05
-1.034263e-02 5.904112e-05
-1.030257e-02 -7.419195e-06
-1.025346e-02 -2.598160e-05
-1.029268e-02 6.911076e-05
-1.033909e-02 9.912593e-05
-1.032377e-02 8.054769e-05
-1.026632e-02 9.915868e-05
-1.015143e-02 5.397054e-05
-1.008709e-02 7.256956e-06
-1.010172e-02 9.775896e-06
-1.007990e-02 3.266532e-05
-1.007993e-02 1.331157e-04
-1.014548e-02 1.296882e-04
-1.011634e-02 -3.884930e-05
-9.972046e-03 -3.013982e-05
-9.882061e-03 8.514237e-05
-9.836965e-03 9.962275e-05
-9.775210e-03 1.121122e-04
-9.831413e-03 4.600651e-05
-9.943572e-03 -4.435494e-05
-9.882111e-03 2.696979e-05
-9.751081e-03 1.092147e-04
-9.676558e-03 1.050688e-04
-9.581036e-03 5.874673e-05
-9.539141e-03 9.928163e-06
-9.595455e-03 3.756127e-05
-9.579094e-03 9.103833e-05
-9.551805e-03 2.211008e-04
-9.637171e-03 2.005985e-04
-9.636817e-03 1.586999e-06
-9.544207e-03 -1.500420e-05
-9.467969e-03 -3.436013e-05
-9.327776e-03 -2.561198e-06
-9.227170e-03 1.522435e-04
-9.306380e-03 9.940952e-05
-9.419574e-03 9.354654e-06
-9.405366e-03 5.383778e-05
-9.312361e-03 4.539824e-05
-9.211916e-03 4.685279e-05
-9.119992e-03 6.520859e-05
-9.116233e-03 1.863774e-05
-9.228218e-03 8.330191e-05
-9.305905e-03 1.269707e-04
-9.261798e-03 4.457634e-05
-9.146130e-03 5.809268e-05
-8.990491e-03 2.924123e-05
-8.873355e-03 -4.219699e-06
-8.857945e-03 7.180456e-05
-8.913969e-03 5.647747e-05
-8.956467e-03 -8.433492e-06
-8.951372e-03 -3.368686e-06
-8.924482e-03 -2.549134e-05
-8.823689e-03 1.076524e-05
-8.742837e-03 1.443153e-04
-8.726314e-03 1.540011e-04
-8.650448e-03 8.240176e-05
-8.606520e-03 3.744500e-05
-8.658023e-03 7.116983e-05
-8.680895e-03 1.004786e-04
-8.645923e-03 8.639180e-05
-8.572191e-03 1.046432e-04
-8.465244e-03 9.903828e-05
-8.404411e-03 6.921961e-05
-8.409607e-03 9.705528e-05
-8.443598e-03 8.968877e-05
-8.489677e-03 8.947447e-05
-8.499866e-03 1.110388e-04
-8.385906e-03 -3.737008e-05
-8.203932e-03 -4.981976e-05
-8.158977e-03 1.445495e-04
-8.164356e-03 1.842456e-04
-8.079348e-03 1.443097e-04
-8.086445e-03 7.476240e-05
-8.154134e-03 -1.744484e-05
-8.094876e-03 2.527402e-05
-8.054473e-03 1.749282e-04
-8.057161e-03 2.031381e-04
-7.921563e-03 5.191343e-05
-7.816038e-03 -2.066223e-05
-7.872251e-03 4.652181e-05
-7.904655e-03 8.501907e-05
-7.903012e-03 1.352194e-04
-7.874692e-03 1.693048e-04
-7.689913e-03 4.218280e-06
-7.555707e-03 -8.563065e-05
-7.638652e-03 2.560815e-05
-7.696115e-03 8.100500e-05
-7.721776e-03 1.836204e-04
-7.774788e-03 2.039650e-04
-7.668121e-03 -8.093039e-06
-7.468394e-03 -2.813423e-05
-7.380759e-03 1.042683e-04
-7.367899e-03 1.067276e-04
-7.363629e-03 1.279959e-04
-7.417231e-03 1.007365e-04
-7.449311e-03 -1.130556e-05
-7.405290e-03 -5.728864e-06
-7.388922e-03 5.588348e-05
-7.353883e-03 8.922494e-05
-7.228685e-03 3.205711e-05
-7.102528e-03 1.200070e-05
-7.038277e-03 5.911383e-05
-7.010322e-03 5.438727e-05
-7.031622e-03 1.229956e-04
-7.068518e-03 1.384185e-04
-7.030070e-03 5.617362e-05
-6.935291e-03 6.021462e-05
-6.874791e-03 1.282744e-04
-6.877742e-03 1.148518e-04
-6.903521e-03 1.155255e-04
-6.972173e-03 9.010352e-05
-6.974340e-03 -9.063091e-05
-6.838708e-03 -7.336180e-05
-6.743983e-03 4.266451e-05
-6.704872e-03 5.131379e-05
-6.641588e-03 3.446978e-05
-6.594860e-03 1.843753e-05
-6.604415e-03 6.829743e-05
-6.635238e-03 7.337891e-05
-6.664181e-03 8.437253e-05
-6.673035e-03 1.004342e-04
-6.582124e-03 -2.235410e-05
-6.447348e-03 -3.999973e-05
-6.402475e-03 6.182022e-05
-6.386698e-03 8.061118e-05
-6.377684e-03 1.435712e-04
-6.434206e-03 1.272738e-04
-6.414666e-03 -4.406224e-05
-6.273318e-03 -3.297481e-05
-6.196517e-03 1.048231e-04
-6.186298e-03 1.146923e-04
-6.159089e-03 1.138550e-04
-6.223531e-03 5.868736e-05
-6.311693e-03 -5.484185e-05
-6.220416e-03 1.160492e-05
-6.071427e-03 9.999931e-05
-5.985771e-03 9.398571e-05
-5.900210e-03 7.747937e-05
-5.882683e-03 3.079591e-05
-5.922387e-03 -3.629512e-06
-5.865333e-03 4.186971e-05
-5.821673e-03 1.919976e-04
-5.878324e-03 1.857136e-04
-5.872511e-03 6.251424e-05
-5.826882e-03 4.227925e-05
-5.808144e-03 3.108693e-05
-5.741415e-03 5.600671e-05
-5.652527e-03 8.819268e-05
-5.651962e-03 4.649342e-05
-5.678821e-03 -2.357307e-05
-5.622519e-03 1.250581e-06
-5.554139e-03 5.019454e-05
-5.498695e-03 6.002340e-05
-5.449850e-03 9.820587e-05
-5.479632e-03 6.491650e-05
-5.536085e-03 1.691222e-05
-5.521954e-03 4.184244e-05
-5.468558e-03 4.579195e-05
-5.388110e-03 6.341111e-05
-5.264125e-03 4.001430e-05
-5.200883e-03 -4.791048e-06
-5.220479e-03 8.464453e-06
-5.215648e-03 2.787075e-05
-5.186561e-03 4.141111e-05
-5.175932e-03 3.524818e-05
-5.177397e-03 3.823341e-05
-5.164081e-03 4.815952e-05
-5.139529e-03 5.748813e-05
-5.077249e-03 8.360350e-05
-4.979649e-03 9.662517e-05
-4.953572e-03 5.817363e-05
-4.981829e-03 4.233489e-05
-4.980478e-03 5.450023e-05
-4.940354e-03 2.327083e-05
-4.854958e-03 3.935416e-05
-4.794321e-03 1.257133e-04
-4.823601e-03 1.025083e-04
-4.848375e-03 3.032808e-05
-4.840391e-03 2.411670e-05
-4.825703e-03 -4.194655e-06
-4.761970e-03 1.502827e-05
-4.679449e-03 3.713361e-05
-4.628153e-03 2.641986e-05
-4.610572e-03 5.266140e-05
-4.583202e-03 6.799126e-05
-4.530764e-03 6.888626e-05
-4.510394e-03 5.001200e-05
-4.533276e-03 6.945738e-05
-4.594290e-03 5.364757e-05
-4.627698e-03 -3.595746e-05
-4.539494e-03 4.506131e-06
-4.413155e-03 5.337267e-05
-4.344149e-03 3.668631e-05
-4.313029e-03 5.329466e-05
-4.326754e-03 3.244296e-05
-4.388723e-03 5.538106e-05
-4.399727e-03 9.418335e-05
-4.312451e-03 3.725543e-05
-4.248392e-03 2.812837e-06
-4.249408e-03 1.617349e-05
-4.241663e-03 2.625460e-05
-4.254163e-03 8.831795e-05
-4.263908e-03 1.122673e-04
-4.208302e-03 6.922607e-05
-4.156860e-03 5.112497e-05
-4.117328e-03 2.105513e-05
-4.062679e-03 1.939650e-05
-4.042619e-03 7.217791e-05
-4.058656e-03 6.961633e-05
-4.061593e-03 4.078605e-05
-4.045489e-03 4.177998e-05
-4.047865e-03 7.518723e-05
-4.041668e-03 9.237437e-05
-3.974977e-03 3.965263e-05
-3.905435e-03 2.233421e-05
-3.858880e-03 1.247583e-05
-3.825204e-03 1.208509e-06
-3.840539e-03 5.128763e-05
-3.844964e-03 7.589139e-05
-3.797431e-03 5.788185e-05
-3.762620e-03 4.376679e-05
-3.743742e-03 3.108293e-05
-3.722538e-03 2.789832e-05
-3.745201e-03 9.282834e-05
-3.780355e-03 1.086190e-04
-3.751654e-03 4.515098e-05
-3.709974e-03 3.018497e-05
-3.680350e-03 8.756882e-06
-3.624259e-03 1.702173e-05
-3.598735e-03 9.136059e-05
-3.591815e-03 1.068394e-04
-3.541762e-03 7.751729e-05
-3.531847e-03 4.277908e-05
-3.570388e-03 2.710370e-05
-3.569875e-03 4.500834e-05
-3.548033e-03 5.924159e-05
-3.513937e-03 7.171329e-05
-3.437952e-03 3.678745e-05
-3.377069e-03 1.514395e-05
-3.378019e-03 5.773978e-05
-3.399669e-03 6.072018e-05
-3.404113e-03 4.043755e-05
-3.388778e-03 4.495851e-05
-3.340785e-03 3.313484e-06
-3.277497e-03 -2.558414e-06
-3.258537e-03 5.470373e-05
-3.269260e-03 5.759870e-05
-3.275040e-03 5.742162e-05
-3.281184e-03 5.714033e-05
-3.254544e-03 1.835120e-06
-3.198560e-03 -4.219857e-07
-3.166005e-03 3.235428e-05
-3.131260e-03 4.544526e-05
-3.076453e-03 4.821168e-05
-3.049517e-03 3.239912e-05
-3.063972e-03 5.786579e-05
-3.079226e-03 6.652944e-05
-3.080331e-03 6.689569e-05
-3.075700e-03 7.048554e-05
-3.027304e-03 6.996137e-06
-2.949063e-03 2.074548e-06
-2.909409e-03 5.303612e-05
-2.900273e-03 5.309724e-05
-2.895017e-03 5.970286e-05
-2.894501e-03 5.924930e-05
-2.878059e-03 3.157385e-05
-2.848425e-03 2.948320e-05
-2.831831e-03 4.531974e-05
-2.824066e-03 4.574898e-05
-2.819559e-03 5.234112e-05
-2.822055e-03 5.052760e-05
-2.815478e-03 3.045284e-05
-2.784739e-03 3.767290e-05
-2.751152e-03 5.295704e-05
-2.730896e-03 5.049271e-05
-2.695541e-03 1.861754e-05
-2.657851e-03 8.512924e-06
-2.651821e-03 3.335132e-05
-2.656705e-03 3.573311e-05
-2.668208e-03 5.334081e-05
-2.683230e-03 5.754215e-05
-2.656662e-03 -5.916981e-07
-2.588898e-03 3.371765e-06
-2.533060e-03 3.443168e-05
-2.509003e-03 2.642220e-05
-2.504973e-03 3.774700e-05
-2.519365e-03 3.068893e-05
-2.521147e-03 -9.941035e-06
-2.481546e-03 2.934598e-07
-2.447108e-03 3.721908e-05
-2.434584e-03 3.742606e-05
-2.418002e-03 3.126891e-05
-2.412889e-03 2.218184e-05
-2.409510e-03 -1.217353e-07
-2.375086e-03 1.041420e-05
-2.345626e-03 4.784602e-05
-2.334676e-03 5.027424e-05
-2.310654e-03 3.532114e-05
-2.288613e-03 2.874009e-05
-2.278142e-03 2.969860e-05
-2.259079e-03 3.518848e-05
-2.247023e-03 6.202476e-05
-2.265956e-03 5.315788e-05
-2.271668e-03 6.654644e-06
-2.236214e-03 1.462259e-05
-2.195196e-03 2.733450e-05
-2.158265e-03 2.943622e-05
-2.129118e-03 4.835894e-05
-2.128839e-03 3.774680e-05
-2.139388e-03 2.637719e-05
-2.127490e-03 3.583003e-05
-2.097674e-03 3.206808e-05
-2.070353e-03 2.921285e-05
-2.051402e-03 3.531652e-05
-2.038731e-03 3.364135e-05
-2.028084e-03 3.234142e-05
-2.015869e-03 3.290957e-05
-2.005467e-03 3.749232e-05
-1.992889e-03 4.044841e-05
-1.964181e-03 2.188070e-05
-1.930521e-03 1.814391e-05
-1.903052e-03 1.805730e-05
-1.875349e-03 1.816565e-05
-1.863078e-03 4.406459e-05
-1.869458e-03 4.224552e-05
-1.870297e-03 2.801226e-05
-1.860051e-03 2.951184e-05
-1.843619e-03 2.340665e-05
-1.811843e-03 3.038847e-05
-1.772545e-03 3.725585e-05
-1.754445e-03 2.704427e-05
-1.754557e-03 2.922227e-05
-1.744308e-03 3.622022e-05
-1.723086e-03 3.713002e-05
-1.700886e-03 3.804585e-05
-1.676820e-03 3.746140e-05
-1.665718e-03 2.943372e-05
-1.667394e-03 2.853366e-05
-1.661168e-03 3.297498e-05
-1.650340e-03 3.761556e-05
-1.635244e-03 4.174036e-05
-1.606736e-03 3.084639e-05
-1.579056e-03 2.653172e-05
-1.564853e-03 3.693095e-05
-1.548547e-03 4.194296e-05
-1.526567e-03 4.642177e-05
-1.517891e-03 4.007479e-05
-1.515778e-03 3.337486e-05
-1.508062e-03 3.431115e-05
-1.499751e-03 3.591828e-05
-1.483022e-03 4.153735e-05
-1.446783e-03 2.474423e-05
-1.414136e-03 1.653440e-05
-1.402901e-03 2.930488e-05
-1.397132e-03 3.064123e-05
-1.388780e-03 3.005997e-05
-1.376398e-03 3.226315e-05
-1.351563e-03 1.771231e-05
-1.326073e-03 1.285379e-05
-1.320659e-03 3.300427e-05
-1.318037e-03 3.858560e-05
-1.310594e-03 4.588546e-05
-1.306443e-03 4.652143e-05
-1.286366e-03 2.154959e-05
-1.257275e-03 1.801641e-05
-1.241120e-03 2.989644e-05
-1.220157e-03 3.706145e-05
-1.191628e-03 4.430870e-05
-1.179914e-03 3.670303e-05
-1.177312e-03 3.075672e-05
-1.171363e-03 3.073242e-05
-1.166941e-03 3.319798e-05
-1.155418e-03 3.833849e-05
-1.128757e-03 2.747155e-05
-1.098482e-03 2.571360e-05
-1.076181e-03 3.406878e-05
-1.062717e-03 3.179336e-05
-1.055233e-03 3.540798e-05
-1.045351e-03 3.814806e-05
-1.027659e-03 3.278581e-05
-1.010350e-03 3.062153e-05
-9.958721e-04 2.932042e-05
-9.827099e-04 2.806325e-05
-9.771081e-04 3.712095e-05
-9.748363e-04 3.839618e-05
-9.593095e-04 2.004925e-05
-9.373826e-04 1.728170e-05
-9.224684e-04 2.112352e-05
-9.060620e-04 2.340295e-05
-8.858825e-04 2.341464e-05
-8.679064e-04 2.209022e-05
-8.527276e-04 2.309938e-05
-8.415136e-04 2.107112e-05
-8.406434e-04 3.279140e-05
-8.377055e-04 3.824720e-05
-8.202120e-04 2.899917e-05
-7.986773e-04 2.802873e-05
-7.773096e-04 2.567746e-05
-7.578286e-04 2.377017e-05
-7.470752e-04 3.296259e-05
-7.394928e-04 3.438160e-05
-7.275408e-04 3.106532e-05
-7.129294e-04 3.146053e-05
-6.948975e-04 2.688164e-05
-6.775050e-04 2.484655e-05
-6.656841e-04 2.844961e-05
-6.552555e-04 2.891636e-05
-6.433685e-04 2.779041e-05
-6.296621e-04 2.847317e-05
-6.147700e-04 2.839811e-05
-6.002538e-04 2.814598e-05
-5.851145e-04 2.641373e-05
-5.696585e-04 2.597824e-05
-5.544368e-04 2.534355e-05
-5.401352e-04 2.456532e-05
-5.307091e-04 3.037871e-05
-5.235723e-04 3.108604e-05
-5.122955e-04 2.610453e-05
-4.982689e-04 2.597370e-05
-4.816201e-04 2.120649e-05
-4.627865e-04 2.081189e-05
-4.481299e-04 2.672658e-05
-4.373103e-04 2.646928e-05
-4.268888e-04 2.640070e-05
-4.160367e-04 2.670839e-05
-4.025194e-04 2.313997e-05
-3.872177e-04 2.292049e-05
-3.739546e-04 2.569400e-05
-3.625120e-04 2.560510e-05
-3.504822e-04 2.438483e-05
-3.369313e-04 2.485505e-05
-3.243969e-04 2.784413e-05
-3.125006e-04 2.854079e-05
-2.990762e-04 2.793642e-05
-2.857759e-04 2.764401e-05
-2.714616e-04 2.515151e-05
-2.562190e-04 2.480770e-05
-2.431346e-04 2.743493e-05
-2.322524e-04 2.706472e-05
-2.213794e-04 2.605425e-05
-2.097035e-04 2.617024e-05
-1.965298e-04 2.418316e-05
-1.815030e-04 2.458380e-05
-1.670912e-04 2.653783e-05
-1.544396e-04 2.617822e-05
-1.421163e-04 2.572819e-05
-1.298510e-04 2.553159e-05
-1.177296e-04 2.522572e-05
-1.048993e-04 2.554336e-05
-9.180090e-05 2.597780e-05
-7.905294e-05 2.585255e-05
-6.628758e-05 2.547566e-05
-5.366957e-05 2.532216e-05
-4.128130e-05 2.527790e-05
-2.877932e-05 2.533387e-05
-1.614159e-05 2.524915e-05
-3.441199e-06 2.526136e-05
9.234822e-06 2.532100e-05
2.173332e-05 2.524152e-05
3.420049e-05 2.506250e-05
4.695657e-05 2.517087e-05
5.975790e-05 2.539610e-05
7.309412e-05 2.579762e-05
8.655217e-05 2.670815e-05
9.892303e-05 2.638582e-05
1.108797e-04 2.617984e-05
1.227644e-04 2.606244e-05
1.350401e-04 2.527870e-05
1.484378e-04 2.567050e-05
1.622892e-04 2.580690e-05
1.753272e-04 2.536535e-05
1.877144e-04 2.522896e-05
2.006050e-04 2.548367e-05
2.134307e-04 2.630203e-05
2.265790e-04 2.671673e-05
2.414201e-04 2.505165e-05
2.559306e-04 2.432503e-05
2.688491e-04 2.495262e-05
2.818883e-04 2.525134e-05
2.943962e-04 2.696076e-05
3.060813e-04 2.708510e-05
3.173210e-04 2.816889e-05
3.281429e-04 2.830991e-05
3.421232e-04 2.346079e-05
3.596422e-04 2.382967e-05
3.763851e-04 2.613969e-05
3.909919e-04 2.569440e-05
4.031412e-04 2.853765e-05
4.121252e-04 2.766860e-05
4.205129e-04 2.624987e-05
4.333259e-04 2.838739e-05
4.507579e-04 2.683639e-05
4.667930e-04 2.544257e-05
4.802709e-04 2.562963e-05
4.926882e-04 2.505723e-05
5.027258e-04 2.745972e-05
5.140594e-04 2.910414e-05
5.308405e-04 2.453492e-05
5.482216e-04 2.318672e-05
5.609324e-04 2.725061e-05
5.728555e-04 2.830514e-05
5.860027e-04 2.919642e-05
5.974186e-04 2.848159e-05
6.067206e-04 3.000813e-05
6.130813e-04 2.879800e-05
6.198619e-04 2.474777e-05
6.354190e-04 2.854072e-05
6.582150e-04 2.704113e-05
6.790676e-04 2.533639e-05
6.978062e-04 2.411978e-05
7.114058e-04 2.060400e-05
7.153009e-04 2.696233e-05
7.214887e-04 3.062954e-05
7.380378e-04 2.360131e-05
7.564282e-04 2.216749e-05
7.713680e-04 2.409636e-05
7.878765e-04 2.574778e-05
8.030413e-04 3.241163e-05
8.125452e-04 3.139069e-05
8.266832e-04 2.076556e-05
8.446989e-04 1.928839e-05
8.582429e-04 2.268461e-05
8.753605e-04 2.605951e-05
8.929295e-04 3.469912e-05
9.039718e-04 3.378535e-05
9.160168e-04 2.955505e-05
9.253338e-04 2.649429e-05
9.296361e-04 2.633259e-05
9.433947e-04 3.193588e-05
9.695382e-04 2.691544e-05
9.948880e-04 2.462855e-05
1.016332e-03 2.477100e-05
1.033223e-03 2.209579e-05
1.036051e-03 3.801183e-05
1.034691e-03 4.124764e-05
1.045142e-03 3.061963e-05
1.061539e-03 3.034453e-05
1.084439e-03 1.879444e-05
1.106935e-03 1.438530e-05
1.115376e-03 2.571057e-05
1.125946e-03 3.108222e-05
1.144540e-03 3.242083e-05
1.158891e-03 3.034327e-05
1.177133e-03 1.802491e-05
1.199081e-03 1.583609e-05
1.211533e-03 2.568766e-05
1.223686e-03 2.904506e-05
1.241095e-03 2.956726e-05
1.252595e-03 2.613133e-05
1.257088e-03 2.824997e-05
1.263689e-03 3.035416e-05
1.276492e-03 2.589582e-05
1.300084e-03 3.074677e-05
1.337121e-03 2.188207e-05
1.371740e-03 1.723536e-05
1.386005e-03 3.812948e-05
1.385957e-03 3.710066e-05
1.386510e-03 3.325448e-05
1.391295e-03 3.440070e-05
1.407134e-03 1.923735e-05
1.434248e-03 2.051625e-05
1.453821e-03 3.657282e-05
1.463838e-03 3.664576e-05
1.481106e-03 2.497347e-05
1.499743e-03 2.158572e-05
1.509521e-03 2.678430e-05
1.529985e-03 3.509523e-05
1.557388e-03 4.658549e-05
1.568889e-03 4.112254e-05
1.579476e-03 2.744802e-05
1.594927e-03 2.547122e-05
1.599806e-03 3.772139e-05
1.602827e-03 4.090762e-05
1.616987e-03 3.110340e-05
1.634601e-03 2.975642e-05
1.654958e-03 2.147307e-05
1.689295e-03 2.685406e-05
1.721824e-03 4.476634e-05
1.737543e-03 4.116651e-05
1.750145e-03 3.636360e-05
1.748227e-03 2.593714e-05
1.739596e-03 8.182719e-06
1.766343e-03 2.295717e-05
1.801566e-03 4.983425e-05
1.815497e-03 4.678460e-05
1.831251e-03 3.530765e-05
1.843074e-03 2.881240e-05
1.849434e-03 1.987839e-05
1.877210e-03 2.947679e-05
1.910408e-03 4.744043e-05
1.927093e-03 4.400749e-05
1.945975e-03 3.040312e-05
1.969168e-03 2.811703e-05
1.981446e-03 4.008078e-05
1.995587e-03 4.550105e-05
2.004230e-03 6.982797e-05
1.993557e-03 6.681171e-05
2.003393e-03 2.413665e-05
2.046264e-03 2.874446e-05
2.090428e-03 3.936863e-05
2.121340e-03 3.526864e-05
2.134755e-03 5.293644e-05
2.122273e-03 4.380695e-05
2.105141e-03 2.622193e-05
2.121262e-03 3.978485e-05
2.162506e-03 3.568842e-05
2.193326e-03 2.796983e-05
2.214070e-03 2.329974e-05
2.226985e-03 1.692744e-05
2.228627e-03 1.797273e-05
2.249528e-03 2.988093e-05
2.280341e-03 4.643415e-05
2.296434e-03 4.359429e-05
2.319862e-03 2.367265e-05
2.339010e-03 1.391088e-05
2.343621e-03 1.085564e-05
2.368155e-03 2.177385e-05
2.392565e-03 5.238466e-05
2.389327e-03 4.670339e-05
2.385172e-03 3.242289e-05
2.408239e-03 4.356108e-05
2.451849e-03 4.025916e-05
2.495780e-03 3.935886e-05
2.533551e-03 4.708395e-05
2.539482e-03 3.080899e-05
2.519668e-03 2.842390e-05
2.512446e-03 3.510254e-05
2.514449e-03 3.830577e-05
2.530969e-03 4.815355e-05
2.569620e-03 3.872482e-05
2.608265e-03 3.531811e-05
2.638866e-03 3.922205e-05
2.658783e-03 3.423425e-05
2.667985e-03 3.819016e-05
2.679325e-03 4.089732e-05
2.702133e-03 2.937225e-05
2.736708e-03 3.225865e-05
2.758543e-03 6.193247e-05
2.770950e-03 6.696272e-05
2.793840e-03 6.301507e-05
2.784793e-03 4.233675e-05
2.761553e-03 8.592756e-06
2.789357e-03 2.725860e-05
2.840985e-03 3.922624e-05
2.894797e-03 4.484174e-05
2.960399e-03 4.067976e-05
2.985441e-03 1.472396e-05
2.963926e-03 2.038005e-05
2.949859e-03 2.694547e-05
2.941318e-03 3.597380e-05
2.942972e-03 4.533670e-05
2.990460e-03 -4.759928e-06
3.046443e-03 -1.775252e-05
3.060786e-03 1.532696e-05
3.085596e-03 3.353104e-05
3.119777e-03 6.842966e-05
3.121565e-03 6.162943e-05
3.142117e-03 1.165410e-05
3.176356e-03 1.813955e-06
3.171661e-03 3.914002e-05
3.184024e-03 6.282234e-05
3.229425e-03 7.419072e-05
3.244738e-03 6.018095e-05
3.245925e-03 4.432217e-05
3.251145e-03 4.105923e-05
3.244028e-03 5.269173e-05
3.251786e-03 6.584005e-05
3.314231e-03 1.061394e-05
3.391033e-03 -5.603791e-07
3.437586e-03 1.912328e-05
3.468980e-03 1.697233e-05
3.451169e-03 9.282627e-05
3.396561e-03 9.819544e-05
3.403605e-03 1.078622e-05
3.443421e-03 -1.135870e-06
3.475686e-03 -2.164499e-05
3.530704e-03 -1.542344e-05
3.559238e-03 4.575743e-05
3.565564e-03 5.453957e-05
3.591333e-03 4.661813e-05
3.610474e-03 3.979151e-05
3.622737e-03 3.228587e-05
3.656131e-03 4.222882e-05
3.701761e-03 4.948036e-05
3.724037e-03 3.811470e-05
3.728768e-03 3.603324e-05
3.720502e-03 2.740741e-05
3.692430e-03 3.642892e-05
3.681761e-03 5.016433e-05
3.720987e-03 4.622224e-06
3.800624e-03 1.263857e-05
3.877064e-03 4.032859e-05
3.901269e-03 1.876998e-05
3.879861e-03 3.533800e-05
3.858086e-03 4.100796e-05
3.852922e-03 2.881075e-05
3.872777e-03 3.953105e-05
3.894456e-03 6.621178e-05
3.912858e-03 7.387826e-05
3.948922e-03 6.582015e-05
3.977810e-03 5.861632e-05
4.024985e-03 8.315642e-06
4.088464e-03 -7.470116e-08
4.082899e-03 9.122690e-05
4.058482e-03 1.128884e-04
4.091960e-03 7.685980e-05
4.126099e-03 6.425344e-05
4.166774e-03 1.847656e-05
4.221881e-03 1.059820e-05
4.176939e-03 1.547588e-04
3.881311e-03 5.669225e-05
3.617555e-03 -2.701551e-04
3.978079e-03 -1.229174e-05
4.698372e-03 1.033201e-04
5.171190e-03 -4.409990e-06
5.606453e-03 -2.413232e-04
6.280633e-03 -1.823168e-04
6.842816e-03 1.700700e-04
6.975955e-03 3.793546e-05
6.827053e-03 1.416190e-04
6.662143e-03 1.696555e-04
6.613309e-03 5.476672e-05
6.671628e-03 7.746121e-05
6.753796e-03 1.007828e-04
6.787291e-03 8.005770e-05
6.819376e-03 2.496566e-05
6.950143e-03 6.416714e-05
7.110609e-03 1.235250e-04
7.193938e-03 9.876246e-05
7.309275e-03 -2.296017e-05
7.522375e-03 -8.353137e-06
7.668705e-03 1.429031e-04
7.718739e-03 1.398326e-04
7.782210e-03 1.090304e-04
7.828874e-03 8.785241e-05
7.831282e-03 1.035290e-04
7.811300e-03 9.557277e-05
7.814533e-03 3.391079e-05
7.898921e-03 6.071054e-05
7.988059e-03 1.273607e-04
7.990170e-03 9.881223e-05
7.975993e-03 4.667254e-05
8.041099e-03 7.543528e-05
8.120224e-03 1.318334e-04
8.181063e-03 1.413700e-04
8.268182e-03 1.241931e-04
8.334549e-03 1.055694e-04
8.383234e-03 8.329697e-05
8.362507e-03 3.370101e-05
8.289977e-03 -1.778740e-05
8.296809e-03 1.114809e-05
8.298465e-03 9.992022e-05
8.271589e-03 1.148725e-04
8.253703e-03 1.413896e-04
8.276801e-03 1.754963e-04
8.358289e-03 1.731324e-04
8.385093e-03 1.395384e-04
8.408387e-03 5.226967e-05
8.420798e-03 1.426166e-05
8.374076e-03 7.223518e-06
8.421551e-03 6.135569e-05
8.142401e-03 7.607533e-04
7.557734e-03 8.276711e-04
7.575973e-03 1.529966e-06
7.977189e-03 -6.418990e-05
8.597291e-03 -6.147753e-04
9.499587e-03 -6.423168e-04
9.974048e-03 -5.322067e-07
1.009607e-02 1.711952e-05
1.002448e-02 3.879193e-04
9.380518e-03 1.789533e-04
8.484592e-03 1.792764e-05
8.072224e-03 2.493331e-04
8.153268e-03 7.196212e-05
8.273109e-03 3.118302e-05
8.256774e-03 1.441083e-04
8.148979e-03 1.301008e-04
8.075431e-03 3.446600e-05
8.080140e-03 4.680768e-05
8.090269e-03 7.201384e-05
8.148653e-03 1.100003e-04
8.259962e-03 1.274525e-04
8.314321e-03 9.965213e-05
8.335140e-03 7.887028e-05
8.361187e-03 7.445264e-05
8.368962e-03 9.226381e-05
8.377519e-03 9.913186e-05
8.416780e-03 6.669336e-05
8.458911e-03 5.677440e-05
8.519284e-03 -1.479668e-06
8.621337e-03 2.736328e-06
8.671059e-03 1.023549e-04
8.675057e-03 1.103139e-04
8.713861e-03 7.418780e-05
8.753029e-03 6.170510e-05
8.787760e-03 3.447574e-05
8.855010e-03 4.411998e-05
8.918811e-03 7.656998e-05
8.966326e-03 7.852967e-05
9.013914e-03 8.383695e-05
9.041779e-03 7.394262e-05
9.056746e-03 6.792117e-05
9.093536e-03 7.881375e-05
9.132465e-03 1.054502e-04
9.166052e-03 1.118642e-04
9.237005e-03 6.764270e-05
9.291169e-03 4.163250e-05
9.283907e-03 7.217650e-05
9.288046e-03 8.999548e-05
9.314751e-03 1.014448e-04
9.323617e-03 9.479859e-05
9.358854e-03 3.200843e-05
9.414331e-03 2.166542e-05
9.425150e-03 6.785832e-05
9.446948e-03 9.106765e-05
9.507710e-03 9.025902e-05
9.561875e-03 8.574880e-05
9.613687e-03 7.726796e-05
9.658896e-03 7.048371e-05
9.693203e-03 6.977146e-05
9.725336e-03 6.821259e-05
9.747862e-03 7.983199e-05
9.793639e-03 9.794646e-05
9.841614e-03 1.444972e-04
9.830390e-03 1.258520e-04
9.823771e-03 6.654418e-05
9.871601e-03 7.774172e-05
9.965258e-03 3.274061e-05
1.004717e-02 9.470919e-06
1.007347e-02 3.726431e-05
1.010217e-02 4.873208e-05
1.013182e-02 7.892212e-05
1.011993e-02 6.493890e-05
1.012907e-02 -8.943645e-06
1.021554e-02 1.097946e-05
1.027984e-02 1.034841e-04
1.030220e-02 1.114088e-04
1.035525e-02 8.193394e-05
1.040079e-02 6.682492e-05
1.039182e-02 1.163127e-04
1.038450e-02 1.347831e-04
1.044837e-02 6.715732e-05
1.051182e-02 4.291090e-05
1.053204e-02 4.745396e-05
1.056326e-02 5.568314e-05
1.060738e-02 5.708840e-05
1.067704e-02 7.288334e-05
1.075411e-02 1.043497e-04
1.078628e-02 8.882358e-05
1.080373e-02 7.022211e-05
1.085068e-02 8.117095e-05
1.090414e-02 1.007099e-04
1.096659e-02 1.131377e-04
1.104163e-02 1.266686e-04
1.105841e-02 9.666889e-05
1.104638e-02 6.134100e-05
1.110070e-02 8.831960e-05
1.117479e-02 1.313216e-04
1.120352e-02 1.195521e-04
1.127106e-02 2.068945e-05
1.136744e-02 2.579893e-06
1.137334e-02 1.041021e-04
1.137705e-02 1.392464e-04
1.142021e-02 1.708763e-04
1.139439e-02 1.404922e-04
1.141956e-02 -2.871502e-05
1.154812e-02 -2.734788e-05
1.161167e-02 8.429539e-05
1.165849e-02 1.145716e-04
1.173462e-02 1.498629e-04
1.172600e-02 1.118633e-04
1.169196e-02 4.875929e-05
1.171883e-02 6.246323e-05
1.177822e-02 4.649909e-05
1.185803e-02 5.296656e-05
1.193561e-02 7.459220e-05
1.195489e-02 4.749483e-05
1.194492e-02 2.094114e-05
1.197497e-02 3.531614e-05
1.198105e-02 1.149136e-04
1.199406e-02 1.477880e-04
1.207166e-02 1.326739e-04
1.208827e-02 9.044931e-05
1.209024e-02 -3.657067e-06
1.218662e-02 1.948019e-05
1.225471e-02 1.314172e-04
1.224068e-02 1.220902e-04
1.224044e-02 7.296480e-05
1.229720e-02 8.969934e-05
1.235133e-02 1.407089e-04
1.236594e-02 1.349251e-04
1.240096e-02 8.469572e-05
1.243524e-02 6.654928e-05
1.242921e-02 8.314102e-05
1.244422e-02 1.017314e-04
1.251337e-02 6.343700e-05
1.259166e-02 5.508695e-05
1.267337e-02 2.626367e-05
1.273113e-02 1.523327e-06
1.275004e-02 -2.580817e-06
1.277858e-02 1.701894e-06
1.276966e-02 7.572266e-05
1.276259e-02 1.035425e-04
1.284682e-02 2.915603e-05
1.295492e-02 1.660456e-05
1.300691e-02 7.553940e-05
1.304287e-02 8.723634e-05
1.309680e-02 8.914195e-05
1.310001e-02 5.924021e-05
1.306844e-02 3.440085e-05
1.311424e-02 7.214471e-05
1.316888e-02 1.624027e-04
1.316870e-02 1.617520e-04
1.321534e-02 8.129289e-05
1.328457e-02 6.581620e-05
1.331582e-02 8.630983e-05
1.333347e-02 8.573184e-05
1.334103e-02 1.008721e-04
1.335402e-02 1.095848e-04
1.342824e-02 3.213756e-05
1.350984e-02 8.606662e-06
1.351451e-02 7.103297e-05
1.351095e-02 8.863267e-05
1.352722e-02 1.045045e-04
1.351119e-02 9.089780e-05
1.356016e-02 -5.463347e-05
1.369307e-02 -5.689256e-05
1.373368e-02 8.998236e-05
1.375544e-02 1.316986e-04
1.384155e-02 1.405267e-04
1.387037e-02 1.094071e-04
1.386631e-02 7.837555e-05
1.388182e-02 7.883632e-05
1.389313e-02 8.667899e-05
1.389996e-02 8.678534e-05
1.396212e-02 -5.861566e-06
1.405181e-02 -2.253522e-05
1.409921e-02 2.058661e-06
1.414747e-02 1.128786e-05
1.415874e-02 9.846225e-05
1.413750e-02 1.104281e-04
1.417763e-02 4.175887e-05
1.427781e-02 5.293417e-05
1.437388e-02 9.073765e-05
1.442230e-02 7.585830e-05
1.441633e-02 1.248865e-04
1.438797e-02 1.291810e-04
1.437898e-02 1.089607e-04
1.444875e-02 1.488262e-04
1.462204e-02 8.757418e-05
1.475035e-02 3.854369e-05
1.479977e-02 3.355985e-05
