-1.674994e-02 7.737665e-05
-1.671524e-02 8.495818e-05
-1.668805e-02 8.314630e-05
-1.666229e-02 8.049498e-05
-1.663291e-02 8.151525e-05
-1.659742e-02 7.409530e-05
-1.655443e-02 7.614217e-05
-1.651010e-02 7.960322e-05
-1.647088e-02 7.779129e-05
-1.643663e-02 8.101538e-05
-1.640605e-02 7.998394e-05
-1.637590e-02 7.784802e-05
-1.633872e-02 8.129120e-05
-1.629474e-02 7.955972e-05
-1.625112e-02 7.872083e-05
-1.620922e-02 7.924280e-05
-1.617222e-02 7.649395e-05
-1.614176e-02 8.038316e-05
-1.610792e-02 8.381078e-05
-1.606724e-02 8.131545e-05
-1.602581e-02 8.087649e-05
-1.598246e-02 7.644337e-05
-1.593583e-02 7.661156e-05
-1.589393e-02 8.498774e-05
-1.586011e-02 8.336900e-05
-1.582696e-02 7.999273e-05
-1.579188e-02 7.993157e-05
-1.575242e-02 7.249911e-05
-1.570592e-02 7.403512e-05
-1.566057e-02 8.019835e-05
-1.562075e-02 7.911203e-05
-1.558462e-02 8.223789e-05
-1.555069e-02 8.204676e-05
-1.551537e-02 7.919437e-05
-1.547376e-02 8.192792e-05
-1.542581e-02 7.953792e-05
-1.537953e-02 7.767876e-05
-1.533870e-02 8.099480e-05
-1.530243e-02 7.943006e-05
-1.527132e-02 8.373847e-05
-1.523859e-02 8.604061e-05
-1.519622e-02 7.633785e-05
-1.514780e-02 7.670689e-05
-1.509989e-02 7.857702e-05
-1.505538e-02 7.721269e-05
-1.501865e-02 8.634384e-05
-1.498795e-02 8.602272e-05
-1.495431e-02 8.024663e-05
-1.491389e-02 8.222469e-05
-1.486787e-02 7.839774e-05
-1.481861e-02 7.895448e-05
-1.477244e-02 8.563768e-05
-1.473242e-02 8.436715e-05
-1.469603e-02 8.755385e-05
-1.466209e-02 8.721304e-05
-1.462433e-02 7.923773e-05
-1.457703e-02 8.212848e-05
-1.452615e-02 8.414037e-05
-1.447896e-02 8.240013e-05
-1.443765e-02 8.738981e-05
-1.440275e-02 8.557300e-05
-1.436910e-02 8.261469e-05
-1.432941e-02 8.516477e-05
-1.428232e-02 7.994917e-05
-1.423211e-02 7.993387e-05
-1.418462e-02 8.439065e-05
-1.414245e-02 8.281154e-05
-1.410634e-02 8.850865e-05
-1.407242e-02 8.925233e-05
-1.403210e-02 8.067585e-05
-1.398408e-02 8.219240e-05
-1.393464e-02 8.404714e-05
-1.388773e-02 8.320685e-05
-1.384567e-02 8.964371e-05
-1.381015e-02 8.802540e-05
-1.377386e-02 8.158039e-05
-1.373003e-02 8.382003e-05
-1.368224e-02 8.341452e-05
-1.363255e-02 8.417214e-05
-1.358338e-02 8.719746e-05
-1.354045e-02 8.477875e-05
-1.350354e-02 8.806642e-05
-1.346592e-02 8.967263e-05
-1.342427e-02 8.742308e-05
-1.337851e-02 8.907102e-05
-1.332867e-02 8.686575e-05
-1.328055e-02 8.504197e-05
-1.323740e-02 8.823333e-05
-1.319693e-02 8.777808e-05
-1.315841e-02 8.976574e-05
-1.311820e-02 9.150053e-05
-1.307142e-02 8.604634e-05
-1.302063e-02 8.650833e-05
-1.297060e-02 8.840913e-05
-1.292238e-02 8.800587e-05
-1.287906e-02 9.511559e-05
-1.284068e-02 9.444245e-05
-1.279925e-02 8.745596e-05
-1.275150e-02 8.899198e-05
-1.270004e-02 8.709869e-05
-1.264837e-02 8.653780e-05
-1.260064e-02 9.149915e-05
-1.256146e-02 8.816020e-05
-1.252674e-02 8.630356e-05
-1.248783e-02 8.814193e-05
-1.244407e-02 8.518554e-05
-1.239556e-02 8.696551e-05
-1.234328e-02 8.563848e-05
-1.229482e-02 8.287295e-05
-1.225389e-02 8.840088e-05
-1.221658e-02 8.821097e-05
-1.217925e-02 8.702178e-05
-1.213769e-02 8.915010e-05
-1.208860e-02 8.241270e-05
-1.203505e-02 8.243221e-05
-1.198491e-02 8.821103e-05
-1.194110e-02 8.671254e-05
-1.190369e-02 9.318385e-05
-1.186848e-02 9.419790e-05
-1.182636e-02 8.552900e-05
-1.177456e-02 8.820348e-05
-1.171987e-02 9.082668e-05
-1.166873e-02 8.964512e-05
-1.162283e-02 9.506295e-05
-1.158328e-02 9.321208e-05
-1.154485e-02 8.994366e-05
-1.150016e-02 9.251320e-05
-1.144881e-02 8.921431e-05
-1.139360e-02 9.036608e-05
-1.133979e-02 9.522815e-05
-1.129389e-02 9.220720e-05
-1.125521e-02 9.593460e-05
-1.121378e-02 9.867187e-05
-1.116627e-02 9.608924e-05
-1.111516e-02 9.758634e-05
-1.105975e-02 9.458758e-05
-1.100477e-02 9.324129e-05
-1.095488e-02 9.794457e-05
-1.090964e-02 9.685128e-05
-1.086608e-02 9.660859e-05
-1.082049e-02 9.773941e-05
-1.076949e-02 9.188054e-05
-1.071338e-02 9.281745e-05
-1.066046e-02 1.006948e-04
-1.061261e-02 1.005043e-04
-1.056509e-02 1.013164e-04
-1.051995e-02 1.001682e-04
-1.047473e-02 9.608203e-05
-1.042285e-02 9.863112e-05
-1.036695e-02 9.897233e-05
-1.030999e-02 9.945151e-05
-1.025448e-02 1.032261e-04
-1.020494e-02 1.012716e-04
-1.016122e-02 1.055165e-04
-1.011667e-02 1.075460e-04
-1.006625e-02 1.034282e-04
-1.000975e-02 1.055814e-04
-9.946783e-03 1.007973e-04
-9.885247e-03 9.821178e-05
-9.833643e-03 1.075355e-04
-9.788000e-03 1.073298e-04
-9.742529e-03 1.070467e-04
-9.694912e-03 1.082310e-04
-9.638357e-03 9.737477e-05
-9.574039e-03 9.814910e-05
-9.514566e-03 1.076392e-04
-9.461616e-03 1.071106e-04
-9.411946e-03 1.111480e-04
-9.367271e-03 1.093057e-04
-9.319977e-03 9.979336e-05
-9.262161e-03 1.029731e-04
-9.199636e-03 1.039670e-04
-9.137583e-03 1.040427e-04
-9.079170e-03 1.102945e-04
-9.031643e-03 1.060298e-04
-8.990585e-03 1.049512e-04
-8.941939e-03 1.091075e-04
-8.884012e-03 1.052189e-04
-8.818716e-03 1.082298e-04
-8.750390e-03 1.115444e-04
-8.688710e-03 1.087601e-04
-8.637168e-03 1.188066e-04
-8.588035e-03 1.209683e-04
-8.534308e-03 1.184281e-04
-8.471950e-03 1.227239e-04
-8.400305e-03 1.190823e-04
-8.324428e-03 1.199720e-04
-8.255358e-03 1.338380e-04
-8.195607e-03 1.335691e-04
-8.138570e-03 1.373286e-04
-8.077282e-03 1.412319e-04
-8.004532e-03 1.330233e-04
-7.917401e-03 1.386753e-04
-7.828728e-03 1.517760e-04
-7.744362e-03 1.539236e-04
-7.666042e-03 1.699113e-04
-7.593384e-03 1.722890e-04
-7.516885e-03 1.725028e-04
-7.422137e-03 1.835121e-04
-7.312453e-03 1.906390e-04
-7.191528e-03 2.000372e-04
-7.068333e-03 2.209006e-04
-6.943655e-03 2.292885e-04
-6.828816e-03 2.691750e-04
-5.751508e-03 8.592716e-04
-3.593725e-03 7.006478e-04
-2.456518e-03 3.283230e-05
-2.432529e-03 3.013398e-05
-2.410033e-03 2.826573e-05
-2.393915e-03 3.367392e-05
-2.382716e-03 3.267864e-05
-2.371521e-03 2.992832e-05
-2.357024e-03 3.091457e-05
-2.338439e-03 2.686420e-05
-2.316570e-03 2.737019e-05
-2.296333e-03 3.148026e-05
-2.282614e-03 2.905877e-05
-2.273005e-03 2.940822e-05
-2.262505e-03 3.005970e-05
-2.249699e-03 2.780024e-05
-2.233348e-03 2.912764e-05
-2.214650e-03 2.888006e-05
-2.198180e-03 2.737172e-05
-2.184064e-03 2.713144e-05
-2.172210e-03 2.576361e-05
-2.162982e-03 2.632986e-05
-2.152217e-03 2.745443e-05
-2.136926e-03 2.305930e-05
-2.119519e-03 2.274167e-05
-2.102928e-03 2.321740e-05
-2.088890e-03 2.185999e-05
-2.079844e-03 2.638608e-05
-2.072793e-03 2.682464e-05
-2.062970e-03 2.343875e-05
-2.049476e-03 2.441596e-05
-2.033055e-03 2.241659e-05
-2.016736e-03 2.164382e-05
-2.003847e-03 2.505347e-05
-1.995088e-03 2.378558e-05
-1.987568e-03 2.233711e-05
-1.977390e-03 2.335677e-05
-1.963773e-03 2.045396e-05
-1.948276e-03 2.059575e-05
-1.933914e-03 2.287228e-05
-1.923920e-03 2.107770e-05
-1.916836e-03 2.093710e-05
-1.908301e-03 2.175586e-05
-1.897965e-03 2.103553e-05
-1.885540e-03 2.202735e-05
-1.870755e-03 2.085826e-05
-1.857376e-03 1.959330e-05
-1.847428e-03 2.178123e-05
-1.839092e-03 2.160539e-05
-1.830741e-03 2.126080e-05
-1.821292e-03 2.179302e-05
-1.809877e-03 1.982014e-05
-1.797638e-03 1.960871e-05
-1.786006e-03 2.003954e-05
-1.775031e-03 1.979800e-05
-1.765256e-03 2.114120e-05
-1.756991e-03 2.066023e-05
-1.748908e-03 1.961665e-05
-1.739647e-03 2.000378e-05
-1.728570e-03 1.806045e-05
-1.715833e-03 1.835376e-05
-1.703458e-03 1.976936e-05
-1.693605e-03 1.876990e-05
-1.686556e-03 2.065545e-05
-1.680043e-03 2.101548e-05
-1.671608e-03 1.882562e-05
-1.660791e-03 1.946296e-05
-1.647869e-03 1.773535e-05
-1.635307e-03 1.689645e-05
-1.625400e-03 1.912724e-05
-1.616994e-03 1.903015e-05
-1.609090e-03 1.946294e-05
-1.601462e-03 1.945173e-05
-1.593025e-03 1.805980e-05
-1.583679e-03 1.805828e-05
-1.573116e-03 1.603549e-05
-1.561219e-03 1.615295e-05
-1.551027e-03 1.930773e-05
-1.543425e-03 1.889488e-05
-1.536187e-03 1.835560e-05
-1.528437e-03 1.846820e-05
-1.519221e-03 1.634768e-05
-1.507925e-03 1.682795e-05
-1.496465e-03 1.788532e-05
-1.486953e-03 1.709993e-05
-1.479539e-03 1.840575e-05
-1.473535e-03 1.803252e-05
-1.467145e-03 1.648557e-05
-1.457888e-03 1.765069e-05
-1.446043e-03 1.642447e-05
-1.434761e-03 1.564385e-05
-1.425774e-03 1.732430e-05
-1.418401e-03 1.690991e-05
-1.411812e-03 1.705697e-05
-1.404455e-03 1.761786e-05
-1.394979e-03 1.565528e-05
-1.384390e-03 1.561357e-05
-1.374853e-03 1.724296e-05
-1.366456e-03 1.714774e-05
-1.358699e-03 1.794704e-05
-1.351760e-03 1.774617e-05
-1.343980e-03 1.579514e-05
-1.334919e-03 1.585839e-05
-1.325788e-03 1.591616e-05
-1.316305e-03 1.614761e-05
-1.307107e-03 1.739457e-05
-1.299606e-03 1.682349e-05
-1.292675e-03 1.605929e-05
-1.285304e-03 1.604949e-05
-1.277674e-03 1.558551e-05
-1.268779e-03 1.613582e-05
-1.258840e-03 1.593021e-05
-1.249563e-03 1.550137e-05
-1.241628e-03 1.653948e-05
-1.234764e-03 1.627259e-05
-1.228081e-03 1.583346e-05
-1.220161e-03 1.641590e-05
-1.210783e-03 1.561083e-05
-1.201301e-03 1.538286e-05
-1.192711e-03 1.623030e-05
-1.185318e-03 1.581815e-05
-1.178788e-03 1.610705e-05
-1.172230e-03 1.622798e-05
-1.164487e-03 1.470210e-05
-1.155254e-03 1.504892e-05
-1.145834e-03 1.558113e-05
-1.137338e-03 1.521427e-05
-1.129850e-03 1.588489e-05
-1.123137e-03 1.561788e-05
-1.116494e-03 1.498949e-05
-1.108922e-03 1.536342e-05
-1.100734e-03 1.537690e-05
-1.092333e-03 1.550895e-05
-1.083517e-03 1.518347e-05
-1.075588e-03 1.453361e-05
-1.069099e-03 1.512103e-05
-1.062648e-03 1.531008e-05
-1.055514e-03 1.470147e-05
-1.047468e-03 1.502883e-05
-1.038348e-03 1.415443e-05
-1.029319e-03 1.378468e-05
-1.021614e-03 1.507481e-05
-1.015030e-03 1.486647e-05
-1.009137e-03 1.533629e-05
-1.002867e-03 1.573255e-05
-9.949383e-04 1.405015e-05
-9.858359e-04 1.411244e-05
-9.771002e-04 1.490736e-05
-9.694191e-04 1.459877e-05
-9.626570e-04 1.526902e-05
-9.564774e-04 1.516198e-05
-9.500738e-04 1.449365e-05
-9.427361e-04 1.481198e-05
-9.345353e-04 1.426115e-05
-9.263622e-04 1.404569e-05
-9.188598e-04 1.456185e-05
-9.118344e-04 1.446246e-05
-9.049528e-04 1.442587e-05
-8.979887e-04 1.446202e-05
-8.908205e-04 1.433102e-05
-8.833263e-04 1.448021e-05
-8.753331e-04 1.394801e-05
-8.674095e-04 1.371487e-05
-8.603086e-04 1.444788e-05
-8.536776e-04 1.438934e-05
-8.472926e-04 1.463154e-05
-8.407973e-04 1.482476e-05
-8.333263e-04 1.374042e-05
-8.252565e-04 1.370776e-05
-8.175116e-04 1.415651e-05
-8.102367e-04 1.403697e-05
-8.035059e-04 1.460899e-05
-7.973262e-04 1.448527e-05
-7.907277e-04 1.344716e-05
-7.831917e-04 1.363413e-05
-7.753888e-04 1.370924e-05
-7.678261e-04 1.359247e-05
-7.608377e-04 1.433198e-05
-7.545119e-04 1.419931e-05
-7.483055e-04 1.392443e-05
-7.416942e-04 1.407005e-05
-7.345179e-04 1.352615e-05
-7.267649e-04 1.363970e-05
-7.190130e-04 1.396165e-05
-7.119597e-04 1.369545e-05
-7.054958e-04 1.393620e-05
-6.991340e-04 1.396191e-05
-6.926039e-04 1.375391e-05
-6.860031e-04 1.372124e-05
-6.790715e-04 1.308181e-05
-6.714148e-04 1.328545e-05
-6.638719e-04 1.403852e-05
-6.572513e-04 1.375773e-05
-6.510867e-04 1.373654e-05
-6.449036e-04 1.374001e-05
-6.382088e-04 1.299656e-05
-6.307969e-04 1.316051e-05
-6.232319e-04 1.325799e-05
-6.159882e-04 1.309906e-05
-6.094176e-04 1.378723e-05
-6.035071e-04 1.360079e-05
-5.975920e-04 1.307133e-05
-5.909482e-04 1.335491e-05
-5.835526e-04 1.289267e-05
-5.760015e-04 1.281899e-05
-5.688797e-04 1.332746e-05
-5.624297e-04 1.310852e-05
-5.564925e-04 1.335312e-05
-5.504416e-04 1.350951e-05
-5.438744e-04 1.308579e-05
-5.369209e-04 1.316433e-05
-5.299290e-04 1.331841e-05
-5.231971e-04 1.321832e-05
-5.167064e-04 1.344392e-05
-5.104920e-04 1.335823e-05
-5.042496e-04 1.297224e-05
-4.977150e-04 1.301004e-05
-4.910167e-04 1.284044e-05
-4.840085e-04 1.293002e-05
-4.769738e-04 1.313676e-05
-4.703486e-04 1.300053e-05
-4.640958e-04 1.324128e-05
-4.581540e-04 1.314189e-05
-4.521449e-04 1.275477e-05
-4.455139e-04 1.298760e-05
-4.384803e-04 1.296449e-05
-4.315847e-04 1.287344e-05
-4.248772e-04 1.293315e-05
-4.185629e-04 1.271908e-05
-4.126547e-04 1.279997e-05
-4.065111e-04 1.297025e-05
-3.999218e-04 1.279825e-05
-3.932363e-04 1.279448e-05
-3.865484e-04 1.268141e-05
-3.800137e-04 1.254839e-05
-3.738364e-04 1.277843e-05
-3.675952e-04 1.286448e-05
-3.612230e-04 1.288292e-05
-3.550398e-04 1.281133e-05
-3.487674e-04 1.246465e-05
-3.422431e-04 1.249037e-05
-3.356608e-04 1.246533e-05
-3.291099e-04 1.243753e-05
-3.227933e-04 1.274954e-05
-3.168213e-04 1.265571e-05
-3.109631e-04 1.258445e-05
-3.048403e-04 1.271720e-05
-2.982882e-04 1.237245e-05
-2.915991e-04 1.233005e-05
-2.851468e-04 1.260547e-05
-2.790043e-04 1.251929e-05
-2.730056e-04 1.261537e-05
-2.670174e-04 1.264294e-05
-2.607484e-04 1.215362e-05
-2.541128e-04 1.219913e-05
-2.474737e-04 1.232000e-05
-2.410213e-04 1.221704e-05
-2.349971e-04 1.264540e-05
-2.291772e-04 1.271074e-05
-2.231275e-04 1.251043e-05
-2.170163e-04 1.247499e-05
-2.107473e-04 1.211483e-05
-2.043240e-04 1.207729e-05
-1.981397e-04 1.237005e-05
-1.922106e-04 1.232278e-05
-1.862874e-04 1.220145e-05
-1.802992e-04 1.219658e-05
-1.743203e-04 1.219851e-05
-1.683112e-04 1.221727e-05
-1.620700e-04 1.197328e-05
-1.556827e-04 1.197373e-05
-1.494728e-04 1.218037e-05
-1.435415e-04 1.208656e-05
-1.377575e-04 1.207291e-05
-1.318041e-04 1.213709e-05
-1.256604e-04 1.199741e-05
-1.195538e-04 1.195779e-05
-1.134786e-04 1.190001e-05
-1.075472e-04 1.179298e-05
-1.018294e-04 1.185076e-05
-9.610570e-05 1.187508e-05
-9.015810e-05 1.157077e-05
-8.411768e-05 1.151656e-05
-7.825246e-05 1.165716e-05
-7.238259e-05 1.171068e-05
-6.647212e-05 1.179157e-05
-6.068929e-05 1.174431e-05
-5.487512e-05 1.164904e-05
-4.912476e-05 1.157592e-05
-4.341270e-05 1.134783e-05
-3.758693e-05 1.133453e-05
-3.182729e-05 1.140861e-05
-2.617788e-05 1.133795e-05
-2.054704e-05 1.117314e-05
-1.501018e-05 1.108960e-05
-9.512766e-06 1.091886e-05
-3.955020e-06 1.089507e-05
1.540071e-06 1.092851e-05
7.143068e-06 1.100690e-05
1.271590e-05 1.127079e-05
1.820287e-05 1.131458e-05
2.381283e-05 1.123175e-05
2.960959e-05 1.131377e-05
3.536807e-05 1.160463e-05
4.104184e-05 1.165885e-05
4.682816e-05 1.171081e-05
5.256923e-05 1.170203e-05
5.827898e-05 1.164159e-05
6.415348e-05 1.168721e-05
7.012777e-05 1.164754e-05
7.613919e-05 1.168716e-05
8.204966e-05 1.196453e-05
8.776056e-05 1.194507e-05
9.355616e-05 1.175052e-05
9.956062e-05 1.180544e-05
1.056103e-04 1.188248e-05
1.116774e-04 1.192072e-05
1.177039e-04 1.209408e-05
1.235993e-04 1.207809e-05
1.295040e-04 1.201837e-05
1.354632e-04 1.202950e-05
1.414154e-04 1.216414e-05
1.474176e-04 1.224254e-05
1.535787e-04 1.210217e-05
1.597363e-04 1.204965e-05
1.657837e-04 1.208865e-05
1.719355e-04 1.213227e-05
1.780710e-04 1.228007e-05
1.839444e-04 1.220917e-05
1.898282e-04 1.199536e-05
1.960310e-04 1.210936e-05
2.023198e-04 1.228272e-05
2.085586e-04 1.231539e-05
2.147568e-04 1.247334e-05
2.207682e-04 1.241842e-05
2.267077e-04 1.238568e-05
2.327261e-04 1.242113e-05
2.388454e-04 1.235180e-05
2.451156e-04 1.241715e-05
2.516039e-04 1.232805e-05
2.579228e-04 1.219429e-05
2.639006e-04 1.229958e-05
2.699434e-04 1.237660e-05
2.761033e-04 1.239414e-05
2.823932e-04 1.244463e-05
2.887922e-04 1.240321e-05
2.952272e-04 1.244353e-05
3.016226e-04 1.262074e-05
3.078917e-04 1.260893e-05
3.140829e-04 1.270524e-05
3.201002e-04 1.263573e-05
3.261256e-04 1.242962e-05
3.326197e-04 1.263607e-05
3.393540e-04 1.280943e-05
3.458400e-04 1.272324e-05
3.521438e-04 1.288457e-05
3.582283e-04 1.281016e-05
3.642351e-04 1.263663e-05
3.705192e-04 1.274166e-05
3.770656e-04 1.259348e-05
3.839055e-04 1.268173e-05
3.907744e-04 1.288062e-05
3.971536e-04 1.269294e-05
4.030931e-04 1.290290e-05
4.090071e-04 1.296338e-05
4.150707e-04 1.288247e-05
4.214361e-04 1.303401e-05
4.283839e-04 1.248696e-05
4.355289e-04 1.240772e-05
4.420891e-04 1.315895e-05
4.481273e-04 1.311724e-05
4.542582e-04 1.284757e-05
4.604866e-04 1.280864e-05
4.669262e-04 1.244285e-05
4.739042e-04 1.263579e-05
4.808531e-04 1.312516e-05
4.874227e-04 1.307195e-05
4.937358e-04 1.335466e-05
4.998284e-04 1.328792e-05
5.059884e-04 1.298757e-05
5.125823e-04 1.317595e-05
5.195811e-04 1.302570e-05
5.266832e-04 1.303335e-05
5.336867e-04 1.321826e-05
5.402621e-04 1.302850e-05
5.462550e-04 1.346960e-05
5.521318e-04 1.355927e-05
5.584310e-04 1.310661e-05
5.651839e-04 1.321505e-05
5.724275e-04 1.270075e-05
5.796480e-04 1.250125e-05
5.861351e-04 1.326744e-05
5.923682e-04 1.339093e-05
5.987625e-04 1.336558e-05
6.052682e-04 1.338737e-05
6.121882e-04 1.275825e-05
6.195885e-04 1.285557e-05
6.266373e-04 1.370888e-05
6.330803e-04 1.365397e-05
6.394294e-04 1.365782e-05
6.456926e-04 1.360777e-05
6.521008e-04 1.322831e-05
6.590104e-04 1.339166e-05
6.662494e-04 1.329727e-05
6.735835e-04 1.332021e-05
6.806752e-04 1.378636e-05
6.872134e-04 1.362301e-05
6.934152e-04 1.383550e-05
6.997155e-04 1.396996e-05
7.064451e-04 1.352153e-05
7.136529e-04 1.364896e-05
7.212493e-04 1.335066e-05
7.288584e-04 1.321388e-05
7.355962e-04 1.428939e-05
7.415891e-04 1.426646e-05
7.477826e-04 1.386965e-05
7.544868e-04 1.403231e-05
7.620275e-04 1.309424e-05
7.702110e-04 1.314081e-05
7.777517e-04 1.433700e-05
7.842609e-04 1.415071e-05
7.903861e-04 1.427206e-05
7.965204e-04 1.432141e-05
8.031341e-04 1.366264e-05
8.106330e-04 1.395529e-05
8.186541e-04 1.400236e-05
8.264013e-04 1.385666e-05
8.335811e-04 1.429339e-05
8.404454e-04 1.425978e-05
8.468711e-04 1.490319e-05
8.531737e-04 1.502064e-05
8.602202e-04 1.410145e-05
8.678548e-04 1.416401e-05
8.756276e-04 1.410815e-05
8.832356e-04 1.398929e-05
8.900859e-04 1.491773e-05
8.962192e-04 1.482319e-05
9.027330e-04 1.392943e-05
9.101507e-04 1.414839e-05
9.183180e-04 1.351081e-05
9.270132e-04 1.359700e-05
9.348439e-04 1.527089e-05
9.411420e-04 1.495670e-05
9.472497e-04 1.451371e-05
9.538030e-04 1.461916e-05
9.608482e-04 1.397965e-05
9.689935e-04 1.437191e-05
9.773661e-04 1.508456e-05
9.849346e-04 1.489758e-05
9.922537e-04 1.479356e-05
9.992282e-04 1.454958e-05
1.005750e-03 1.462470e-05
1.012793e-03 1.496391e-05
1.020673e-03 1.451511e-05
1.028882e-03 1.455056e-05
1.037033e-03 1.474510e-05
1.044791e-03 1.458036e-05
1.051819e-03 1.533737e-05
1.058387e-03 1.533459e-05
1.065096e-03 1.520677e-05
1.072451e-03 1.554738e-05
1.080967e-03 1.443410e-05
1.090328e-03 1.454473e-05
1.099130e-03 1.579254e-05
1.106261e-03 1.519324e-05
1.112190e-03 1.552939e-05
1.118300e-03 1.580188e-05
1.125616e-03 1.455561e-05
1.134549e-03 1.507486e-05
1.144117e-03 1.546011e-05
1.152621e-03 1.496241e-05
1.159748e-03 1.587158e-05
1.166031e-03 1.569433e-05
1.172571e-03 1.477552e-05
1.180742e-03 1.542059e-05
1.190162e-03 1.513358e-05
1.199351e-03 1.489099e-05
1.207626e-03 1.585482e-05
1.214806e-03 1.554346e-05
1.221070e-03 1.609523e-05
1.227746e-03 1.654195e-05
1.235886e-03 1.532728e-05
1.245086e-03 1.548596e-05
1.254377e-03 1.578215e-05
1.263334e-03 1.572862e-05
1.271612e-03 1.670522e-05
1.278860e-03 1.644038e-05
1.285673e-03 1.643075e-05
1.292742e-03 1.658159e-05
1.300756e-03 1.543163e-05
1.310236e-03 1.589458e-05
1.320054e-03 1.661499e-05
1.328962e-03 1.632930e-05
1.336766e-03 1.750584e-05
1.343456e-03 1.725691e-05
1.350003e-03 1.667785e-05
1.358332e-03 1.754468e-05
1.368844e-03 1.628907e-05
1.379016e-03 1.558844e-05
1.387426e-03 1.659522e-05
1.395003e-03 1.650068e-05
1.401851e-03 1.744838e-05
1.408706e-03 1.779455e-05
1.417164e-03 1.609178e-05
1.426676e-03 1.610846e-05
1.436383e-03 1.583108e-05
1.446450e-03 1.594647e-05
1.455321e-03 1.825023e-05
1.462334e-03 1.796801e-05
1.469297e-03 1.726880e-05
1.477273e-03 1.762331e-05
1.486535e-03 1.659036e-05
1.497186e-03 1.705625e-05
1.507982e-03 1.797456e-05
1.517051e-03 1.726177e-05
1.524279e-03 1.836921e-05
1.531169e-03 1.851532e-05
1.538906e-03 1.749555e-05
1.548756e-03 1.844577e-05
1.561052e-03 1.701651e-05
1.572806e-03 1.617542e-05
1.581819e-03 1.839443e-05
1.589015e-03 1.810665e-05
1.595091e-03 1.916993e-05
1.601969e-03 2.003465e-05
1.612157e-03 1.693536e-05
1.624589e-03 1.716058e-05
1.636349e-03 1.889803e-05
1.645884e-03 1.819179e-05
1.653266e-03 1.997014e-05
1.659881e-03 2.014411e-05
1.668538e-03 1.706162e-05
1.679993e-03 1.758971e-05
1.691706e-03 1.863960e-05
1.702988e-03 1.880434e-05
1.713378e-03 2.074019e-05
1.720977e-03 1.976633e-05
1.727516e-03 1.882634e-05
1.736068e-03 1.969245e-05
1.746301e-03 1.929950e-05
1.757716e-03 1.986532e-05
1.770463e-03 1.922196e-05
1.782341e-03 1.846915e-05
1.791724e-03 2.052443e-05
1.799772e-03 2.046604e-05
1.807790e-03 2.051502e-05
1.816789e-03 2.111916e-05
1.828488e-03 1.811856e-05
1.842009e-03 1.814026e-05
1.854086e-03 2.062614e-05
1.863967e-03 2.014001e-05
1.872262e-03 2.142826e-05
1.879964e-03 2.159369e-05
1.889686e-03 1.869859e-05
1.903235e-03 1.994632e-05
1.917530e-03 2.216340e-05
1.929421e-03 2.152250e-05
1.939652e-03 2.250102e-05
1.948206e-03 2.184900e-05
1.955838e-03 2.157163e-05
1.965777e-03 2.285342e-05
1.978611e-03 2.159945e-05
1.992897e-03 2.201651e-05
2.007559e-03 2.270976e-05
2.020152e-03 2.171987e-05
2.029295e-03 2.457425e-05
2.037397e-03 2.497126e-05
2.047027e-03 2.351092e-05
2.058799e-03 2.421225e-05
2.073683e-03 2.098078e-05
2.090537e-03 2.106002e-05
2.104819e-03 2.555004e-05
2.115461e-03 2.498978e-05
2.124147e-03 2.668485e-05
2.131557e-03 2.653193e-05
2.142054e-03 2.098249e-05
2.159777e-03 2.330904e-05
2.179642e-03 2.620029e-05
2.195529e-03 2.486011e-05
2.207239e-03 2.830616e-05
2.214941e-03 2.712848e-05
2.222253e-03 2.430920e-05
2.235297e-03 2.675566e-05
2.253282e-03 2.526413e-05
2.272765e-03 2.555033e-05
2.290799e-03 2.879204e-05
2.304396e-03 2.736636e-05
2.314293e-03 2.956032e-05
2.325031e-03 3.085671e-05
2.339537e-03 2.819468e-05
2.356274e-03 2.857073e-05
2.374999e-03 2.631320e-05
2.394956e-03 2.623674e-05
2.410694e-03 3.302859e-05
2.422437e-03 3.308629e-05
2.434392e-03 3.289367e-05
2.447423e-03 3.346783e-05
2.464574e-03 2.841528e-05
2.487395e-03 3.001564e-05
2.510954e-03 3.299090e-05
2.531699e-03 3.236143e-05
2.547907e-03 3.823201e-05
2.559658e-03 3.756140e-05
2.571232e-03 3.595245e-05
2.589400e-03 3.943219e-05
2.614926e-03 3.685876e-05
2.641140e-03 3.634229e-05
2.663936e-03 4.058575e-05
2.682253e-03 3.943326e-05
2.695914e-03 4.396758e-05
2.710948e-03 4.642619e-05
2.733558e-03 4.066102e-05
2.760317e-03 4.106558e-05
2.788951e-03 3.907194e-05
2.819445e-03 3.946606e-05
2.844044e-03 5.074613e-05
2.861300e-03 5.039504e-05
2.878379e-03 4.936169e-05
2.897807e-03 5.027721e-05
2.923636e-03 4.213778e-05
2.962853e-03 4.736157e-05
3.005180e-03 5.667291e-05
3.042183e-03 5.684322e-05
3.072446e-03 6.850262e-05
3.092954e-03 6.686564e-05
3.110681e-03 6.694654e-05
4.648162e-03 9.774432e-04
7.695006e-03 9.947733e-04
9.247163e-03 1.055771e-04
9.315437e-03 1.049723e-04
9.375634e-03 9.991533e-05
9.422051e-03 1.096424e-04
9.465890e-03 1.115847e-04
9.517377e-03 1.033706e-04
9.575229e-03 1.042612e-04
9.638418e-03 9.777451e-05
9.702910e-03 9.594810e-05
9.756528e-03 1.090698e-04
9.801459e-03 1.088494e-04
9.847607e-03 1.062201e-04
9.896761e-03 1.070716e-04
9.953218e-03 9.730570e-05
1.001907e-02 9.941259e-05
1.008236e-02 1.095233e-04
1.013738e-02 1.082248e-04
1.019006e-02 1.085273e-04
1.023893e-02 1.063550e-04
1.028583e-02 1.035890e-04
1.034003e-02 1.069575e-04
1.040135e-02 1.052383e-04
1.046168e-02 1.040396e-04
1.051826e-02 1.061472e-04
1.056901e-02 1.033814e-04
1.061506e-02 1.035667e-04
1.066402e-02 1.051025e-04
1.071777e-02 1.013640e-04
1.077385e-02 1.016962e-04
1.083326e-02 9.709065e-05
1.089179e-02 9.490313e-05
1.094132e-02 1.037849e-04
1.098464e-02 1.032705e-04
1.102890e-02 1.002753e-04
1.107539e-02 1.005235e-04
1.112637e-02 9.374318e-05
1.118337e-02 9.490055e-05
1.124125e-02 9.736507e-05
1.129700e-02 9.699577e-05
1.134872e-02 1.019577e-04
1.139240e-02 9.888811e-05
1.143268e-02 9.605131e-05
1.148125e-02 9.975091e-05
1.153785e-02 9.662702e-05
1.159449e-02 9.579357e-05
1.164922e-02 9.666808e-05
1.169820e-02 9.354146e-05
1.173843e-02 9.940295e-05
1.177826e-02 1.012756e-04
1.182680e-02 9.199507e-05
1.188262e-02 9.300854e-05
1.194063e-02 9.218027e-05
1.199554e-02 9.001778e-05
1.204103e-02 9.964697e-05
1.207865e-02 9.840200e-05
1.211820e-02 9.244631e-05
1.216400e-02 9.404735e-05
1.221539e-02 8.843609e-05
1.227072e-02 8.879947e-05
1.232219e-02 9.629221e-05
1.236497e-02 9.349921e-05
1.240491e-02 9.048299e-05
1.244639e-02 9.058588e-05
1.249023e-02 8.696655e-05
1.254004e-02 8.923749e-05
1.259440e-02 8.796035e-05
1.264551e-02 8.554690e-05
1.269064e-02 8.878295e-05
1.273196e-02 8.766659e-05
1.276952e-02 9.081211e-05
1.281000e-02 9.369753e-05
1.285807e-02 8.909775e-05
1.290881e-02 8.903728e-05
1.296167e-02 8.596748e-05
1.301498e-02 8.515547e-05
1.305885e-02 9.804698e-05
1.309689e-02 9.889861e-05
1.313926e-02 9.396569e-05
1.318467e-02 9.427988e-05
1.323465e-02 8.755737e-05
1.329013e-02 8.843112e-05
1.334332e-02 9.466245e-05
1.338981e-02 9.289546e-05
1.343268e-02 9.400493e-05
1.347222e-02 9.241240e-05
1.351181e-02 8.793587e-05
1.355988e-02 9.141077e-05
1.361340e-02 9.201173e-05
1.366346e-02 9.015716e-05
1.371100e-02 8.986617e-05
1.375600e-02 8.823052e-05
1.379489e-02 9.324904e-05
1.383383e-02 9.508353e-05
1.387856e-02 9.044714e-05
1.392768e-02 9.116514e-05
1.398131e-02 8.566330e-05
1.403460e-02 8.371280e-05
1.407993e-02 9.152170e-05
1.411939e-02 9.082659e-05
1.415828e-02 8.985770e-05
1.419847e-02 9.029145e-05
1.424448e-02 8.183536e-05
1.429857e-02 8.361971e-05
1.435183e-02 8.992616e-05
1.439625e-02 8.690172e-05
1.443371e-02 9.007804e-05
1.446922e-02 9.006343e-05
1.450894e-02 8.368416e-05
1.455784e-02 8.691372e-05
1.461246e-02 8.564643e-05
1.466452e-02 8.364179e-05
1.471139e-02 8.676325e-05
1.475255e-02 8.421204e-05
1.478726e-02 8.786650e-05
1.482368e-02 9.044885e-05
1.486748e-02 8.536554e-05
1.491692e-02 8.691078e-05
1.496917e-02 8.651979e-05
1.501823e-02 8.446641e-05
1.506078e-02 8.959590e-05
1.509954e-02 8.918232e-05
1.513878e-02 8.725230e-05
1.517930e-02 8.732251e-05
1.522396e-02 8.121680e-05
1.527520e-02 8.297960e-05
1.532535e-02 8.905485e-05
1.536736e-02 8.632063e-05
1.540559e-02 8.504166e-05
1.544326e-02 8.401809e-05
1.548074e-02 8.146350e-05
1.552541e-02 8.508297e-05
1.557718e-02 8.332431e-05
1.562511e-02 8.038954e-05
1.566725e-02 8.187273e-05
1.570664e-02 8.075915e-05
1.574142e-02 8.531080e-05
1.577732e-02 8.761998e-05
1.582127e-02 8.066444e-05
1.586862e-02 8.019523e-05
1.591585e-02 7.909344e-05
1.596238e-02 7.827530e-05
1.600232e-02 8.761945e-05
1.603637e-02 8.743181e-05
1.607421e-02 7.991568e-05
1.611679e-02 8.007461e-05
1.616145e-02 7.701550e-05
1.621289e-02 7.976418e-05
1.626368e-02 8.851910e-05
1.630406e-02 8.564410e-05
1.634001e-02 8.503733e-05
1.637444e-02 8.391123e-05
1.640957e-02 7.963305e-05
1.645290e-02 8.300018e-05
1.650291e-02 8.123775e-05
1.655332e-02 8.084710e-05
1.660180e-02 8.299094e-05
1.664027e-02 7.777132e-05
1.666704e-02 8.273132e-05
1.669764e-02 8.681511e-05
1.673947e-02 8.008767e-05
1.678656e-02 8.083538e-05
1.683750e-02 7.581683e-05
1.688708e-02 7.298378e-05
