-3.643250e-02 3.651315e-04
-3.633314e-02 3.318066e-04
-3.620498e-02 3.373526e-04
-3.606172e-02 3.282366e-04
-3.591343e-02 3.277429e-04
-3.576824e-02 3.309012e-04
-3.562506e-02 3.310551e-04
-3.547923e-02 3.270523e-04
-3.532832e-02 3.284368e-04
-3.517048e-02 3.213451e-04
-3.500635e-02 3.227806e-04
-3.484278e-02 3.270828e-04
-3.468524e-02 3.250093e-04
-3.453256e-02 3.279574e-04
-3.438077e-02 3.282567e-04
-3.422524e-02 3.222254e-04
-3.406207e-02 3.248644e-04
-3.389246e-02 3.220870e-04
-3.372434e-02 3.199814e-04
-3.356425e-02 3.269199e-04
-3.340999e-02 3.261394e-04
-3.325649e-02 3.258471e-04
-3.309741e-02 3.288634e-04
-3.292888e-02 3.208818e-04
-3.275847e-02 3.193617e-04
-3.259440e-02 3.257039e-04
-3.243655e-02 3.240330e-04
-3.228104e-02 3.238843e-04
-3.212458e-02 3.246193e-04
-3.196343e-02 3.182366e-04
-3.179661e-02 3.193319e-04
-3.162800e-02 3.199750e-04
-3.146233e-02 3.182252e-04
-3.130366e-02 3.244343e-04
-3.114934e-02 3.242818e-04
-3.099236e-02 3.200531e-04
-3.082968e-02 3.217388e-04
-3.066262e-02 3.185358e-04
-3.049539e-02 3.177051e-04
-3.033158e-02 3.216948e-04
-3.017130e-02 3.207882e-04
-3.001421e-02 3.229572e-04
-2.985618e-02 3.245162e-04
-2.969261e-02 3.195997e-04
-2.952515e-02 3.201595e-04
-2.935651e-02 3.203493e-04
-2.919196e-02 3.177458e-04
-2.903510e-02 3.227333e-04
-2.888094e-02 3.231344e-04
-2.872248e-02 3.177012e-04
-2.855727e-02 3.195785e-04
-2.838801e-02 3.174389e-04
-2.822029e-02 3.159564e-04
-2.805799e-02 3.214657e-04
-2.790061e-02 3.202708e-04
-2.774500e-02 3.192762e-04
-2.758455e-02 3.220440e-04
-2.741726e-02 3.183485e-04
-2.724751e-02 3.182732e-04
-2.707987e-02 3.221910e-04
-2.691792e-02 3.204161e-04
-2.676106e-02 3.233757e-04
-2.660347e-02 3.248832e-04
-2.644009e-02 3.200376e-04
-2.627249e-02 3.206127e-04
-2.610337e-02 3.190756e-04
-2.593683e-02 3.171872e-04
-2.577616e-02 3.223420e-04
-2.561878e-02 3.220084e-04
-2.546032e-02 3.186793e-04
-2.529691e-02 3.206742e-04
-2.512849e-02 3.184596e-04
-2.495864e-02 3.182974e-04
-2.479278e-02 3.238694e-04
-2.463301e-02 3.224274e-04
-2.447532e-02 3.218614e-04
-2.431442e-02 3.233563e-04
-2.414814e-02 3.191546e-04
-2.397803e-02 3.201601e-04
-2.380837e-02 3.230867e-04
-2.364299e-02 3.215737e-04
-2.348139e-02 3.242835e-04
-2.332176e-02 3.238539e-04
-2.316042e-02 3.192007e-04
-2.299506e-02 3.201588e-04
-2.282628e-02 3.177008e-04
-2.265903e-02 3.156781e-04
-2.249734e-02 3.187311e-04
-2.234070e-02 3.170126e-04
-2.218545e-02 3.151435e-04
-2.202634e-02 3.165674e-04
-2.186228e-02 3.116713e-04
-2.169558e-02 3.117040e-04
-2.153134e-02 3.158883e-04
-2.137205e-02 3.144240e-04
-2.121568e-02 3.158198e-04
-2.105929e-02 3.161227e-04
-2.090102e-02 3.132452e-04
-2.073980e-02 3.141935e-04
-2.057515e-02 3.116843e-04
-2.041111e-02 3.102040e-04
-2.025167e-02 3.131923e-04
-2.009674e-02 3.117795e-04
-1.994289e-02 3.102522e-04
-1.978608e-02 3.112668e-04
-1.962590e-02 3.078892e-04
-1.946351e-02 3.082122e-04
-1.930232e-02 3.111081e-04
-1.914321e-02 3.106949e-04
-1.898689e-02 3.148077e-04
-1.883232e-02 3.154597e-04
-1.867454e-02 3.113410e-04
-1.851332e-02 3.119197e-04
-1.834957e-02 3.098844e-04
-1.818659e-02 3.084800e-04
-1.802818e-02 3.116338e-04
-1.787346e-02 3.107753e-04
-1.771943e-02 3.101365e-04
-1.756115e-02 3.122386e-04
-1.739871e-02 3.105418e-04
-1.723379e-02 3.116294e-04
-1.706962e-02 3.164982e-04
-1.690848e-02 3.162253e-04
-1.674987e-02 3.190953e-04
-1.659034e-02 3.208994e-04
-1.642758e-02 3.205324e-04
-1.625811e-02 3.241973e-04
-1.608519e-02 3.292336e-04
-1.591255e-02 3.311049e-04
-1.574251e-02 3.399971e-04
-1.557245e-02 3.432112e-04
-1.539824e-02 3.458601e-04
-1.521776e-02 3.503400e-04
-1.503148e-02 3.524551e-04
-1.484147e-02 3.556866e-04
-1.465119e-02 3.648837e-04
-1.446044e-02 3.682350e-04
-1.427053e-02 3.782479e-04
-1.407627e-02 3.847172e-04
-1.387498e-02 3.917133e-04
-1.365895e-02 4.028157e-04
-1.343710e-02 4.231781e-04
-1.320444e-02 4.372656e-04
-1.296734e-02 4.689418e-04
-1.272697e-02 4.823148e-04
-1.247284e-02 4.974419e-04
-1.220717e-02 5.094816e-04
-1.192784e-02 5.191957e-04
-1.163985e-02 5.282268e-04
-1.134901e-02 5.495523e-04
-1.104348e-02 5.656757e-04
-1.073443e-02 6.035027e-04
-1.034005e-02 6.687158e-04
-9.926827e-03 8.198821e-04
-8.951984e-03 1.210822e-03
-7.910494e-03 2.182883e-03
-7.524208e-03 2.140634e-03
-6.551480e-03 1.047020e-03
-5.649876e-03 6.097985e-04
-5.360127e-03 4.164752e-04
-5.085926e-03 3.378251e-04
-4.906134e-03 2.757962e-04
-4.738053e-03 2.464110e-04
-4.607261e-03 2.273795e-04
-4.487577e-03 2.137056e-04
-4.382473e-03 1.996334e-04
-4.279629e-03 1.933535e-04
-4.177328e-03 1.771534e-04
-4.075506e-03 1.709118e-04
-3.981355e-03 1.660473e-04
-3.892937e-03 1.609678e-04
-3.810905e-03 1.578006e-04
-3.732345e-03 1.544689e-04
-3.655092e-03 1.471057e-04
-3.576218e-03 1.455307e-04
-3.496935e-03 1.404790e-04
-3.418993e-03 1.377577e-04
-3.344493e-03 1.362045e-04
-3.273923e-03 1.333819e-04
-3.207603e-03 1.323618e-04
-3.142697e-03 1.311461e-04
-3.076665e-03 1.261335e-04
-3.009126e-03 1.251468e-04
-2.941145e-03 1.214392e-04
-2.874137e-03 1.196031e-04
-2.810670e-03 1.206289e-04
-2.750819e-03 1.187469e-04
-2.692688e-03 1.161639e-04
-2.633619e-03 1.158778e-04
-2.572599e-03 1.120412e-04
-2.510890e-03 1.109967e-04
-2.450738e-03 1.104848e-04
-2.394032e-03 1.083075e-04
-2.341090e-03 1.085354e-04
-2.288972e-03 1.081232e-04
-2.235024e-03 1.041249e-04
-2.179403e-03 1.036173e-04
-2.123353e-03 1.013005e-04
-2.068584e-03 9.976653e-05
-2.016788e-03 1.006495e-04
-1.967390e-03 9.946021e-05
-1.918725e-03 9.719214e-05
-1.869028e-03 9.706263e-05
-1.818132e-03 9.488373e-05
-1.767354e-03 9.396393e-05
-1.717875e-03 9.339770e-05
-1.670629e-03 9.191668e-05
-1.625459e-03 9.126372e-05
-1.580260e-03 9.098417e-05
-1.533936e-03 8.850564e-05
-1.486946e-03 8.807288e-05
-1.440174e-03 8.706254e-05
-1.394597e-03 8.598119e-05
-1.350998e-03 8.643798e-05
-1.308802e-03 8.570199e-05
-1.266738e-03 8.371712e-05
-1.224109e-03 8.339962e-05
-1.180842e-03 8.160795e-05
-1.137546e-03 8.092488e-05
-1.095347e-03 8.070552e-05
-1.054799e-03 7.969101e-05
-1.015566e-03 7.921668e-05
-9.763368e-04 7.898969e-05
-9.364926e-04 7.718640e-05
-8.964151e-04 7.673033e-05
-8.565953e-04 7.589385e-05
-8.175934e-04 7.505036e-05
-7.798864e-04 7.500786e-05
-7.430740e-04 7.450680e-05
-7.062419e-04 7.294202e-05
-6.688737e-04 7.269971e-05
-6.314115e-04 7.200568e-05
-5.944680e-04 7.139572e-05
-5.584098e-04 7.104270e-05
-5.232380e-04 7.043206e-05
-4.885060e-04 6.960115e-05
-4.537287e-04 6.928154e-05
-4.188830e-04 6.814973e-05
-3.841731e-04 6.770757e-05
-3.498959e-04 6.720144e-05
-3.162858e-04 6.657362e-05
-2.831226e-04 6.570043e-05
-2.504326e-04 6.514663e-05
-2.181767e-04 6.420777e-05
-1.861853e-04 6.371061e-05
-1.542855e-04 6.260127e-05
-1.232328e-04 6.165083e-05
-9.286110e-05 6.003050e-05
-6.365786e-05 5.879424e-05
-3.499182e-05 5.633882e-05
-5.027423e-06 5.620381e-05
2.385907e-05 5.749490e-05
5.320039e-05 5.827993e-05
8.262641e-05 6.041437e-05
1.126175e-04 6.148122e-05
1.436911e-04 6.252306e-05
1.751546e-04 6.317418e-05
2.070765e-04 6.433964e-05
2.391190e-04 6.478815e-05
2.713100e-04 6.566307e-05
3.036717e-04 6.612481e-05
3.365995e-04 6.646293e-05
3.702422e-04 6.696780e-05
4.042584e-04 6.787393e-05
4.383246e-04 6.827645e-05
4.722376e-04 6.952069e-05
5.062109e-04 6.995787e-05
5.409895e-04 6.996173e-05
5.766359e-04 7.053152e-05
6.125736e-04 7.149561e-05
6.486343e-04 7.191692e-05
6.846764e-04 7.325597e-05
7.204110e-04 7.350388e-05
7.561364e-04 7.406790e-05
7.925800e-04 7.475244e-05
8.302048e-04 7.482600e-05
8.689144e-04 7.545274e-05
9.077250e-04 7.688231e-05
9.459043e-04 7.706964e-05
9.838180e-04 7.818065e-05
1.021985e-03 7.867926e-05
1.060843e-03 7.876225e-05
1.101086e-03 7.967729e-05
1.142451e-03 8.050124e-05
1.184299e-03 8.103397e-05
1.225481e-03 8.346939e-05
1.265598e-03 8.376256e-05
1.305798e-03 8.443878e-05
1.347388e-03 8.545909e-05
1.390863e-03 8.531418e-05
1.435519e-03 8.602926e-05
1.480236e-03 8.775071e-05
1.524170e-03 8.784197e-05
1.567126e-03 8.988995e-05
1.610220e-03 9.077013e-05
1.655227e-03 8.985820e-05
1.702930e-03 9.108353e-05
1.751627e-03 9.300592e-05
1.800034e-03 9.358909e-05
1.847300e-03 9.693153e-05
1.893227e-03 9.733334e-05
1.939638e-03 9.783100e-05
1.987981e-03 9.910329e-05
2.038681e-03 9.852254e-05
2.091505e-03 9.965486e-05
2.144489e-03 1.027239e-04
2.196203e-03 1.029982e-04
2.246915e-03 1.052327e-04
2.297444e-03 1.059973e-04
2.349646e-03 1.055302e-04
2.405249e-03 1.073304e-04
2.462936e-03 1.086534e-04
2.520445e-03 1.090949e-04
2.576358e-03 1.131922e-04
2.630998e-03 1.138273e-04
2.685934e-03 1.148827e-04
2.743808e-03 1.171049e-04
2.805193e-03 1.174237e-04
2.868921e-03 1.188610e-04
2.932952e-03 1.225744e-04
2.995022e-03 1.228188e-04
3.054655e-03 1.273224e-04
3.114637e-03 1.290674e-04
3.178931e-03 1.269692e-04
3.248532e-03 1.294854e-04
3.320129e-03 1.329012e-04
3.390612e-03 1.334639e-04
3.458664e-03 1.393392e-04
3.525583e-03 1.406804e-04
3.593908e-03 1.417933e-04
3.667372e-03 1.453748e-04
3.746546e-03 1.460738e-04
3.828958e-03 1.481706e-04
3.909159e-03 1.573985e-04
3.987173e-03 1.595106e-04
4.064959e-03 1.660708e-04
4.147474e-03 1.711586e-04
4.237452e-03 1.725294e-04
4.335819e-03 1.781742e-04
4.436297e-03 1.906807e-04
4.539011e-03 1.963994e-04
4.642029e-03 2.113975e-04
4.748840e-03 2.192109e-04
4.860207e-03 2.337561e-04
4.995530e-03 2.532150e-04
5.143656e-03 2.854331e-04
5.341440e-03 3.270118e-04
5.550793e-03 4.231061e-04
6.566409e-03 9.404393e-04
7.602503e-03 2.344980e-03
7.954067e-03 2.441592e-03
9.088275e-03 1.403079e-03
1.015412e-02 9.871100e-04
1.063931e-02 8.016488e-04
1.108947e-02 7.144032e-04
1.144699e-02 6.248759e-04
1.179298e-02 5.856872e-04
1.208862e-02 5.618421e-04
1.238295e-02 5.520830e-04
1.267222e-02 5.323856e-04
1.295914e-02 5.242519e-04
1.323692e-02 5.178729e-04
1.350242e-02 5.078590e-04
1.375838e-02 4.950025e-04
1.400063e-02 4.824879e-04
1.424331e-02 4.478812e-04
1.448171e-02 4.325484e-04
1.470652e-02 4.118212e-04
1.492307e-02 3.996889e-04
1.512476e-02 3.915161e-04
1.532179e-02 3.855133e-04
1.551423e-02 3.757663e-04
1.570673e-02 3.725462e-04
1.589887e-02 3.641921e-04
1.609020e-02 3.604421e-04
1.627723e-02 3.578647e-04
1.645847e-02 3.537045e-04
1.663452e-02 3.501244e-04
1.680978e-02 3.481258e-04
1.698665e-02 3.405657e-04
1.716418e-02 3.384801e-04
1.734022e-02 3.345252e-04
1.751321e-02 3.310402e-04
1.768090e-02 3.308277e-04
1.784452e-02 3.285397e-04
1.800654e-02 3.242351e-04
1.817350e-02 3.256467e-04
1.834501e-02 3.225846e-04
1.851585e-02 3.208638e-04
1.868183e-02 3.235820e-04
1.884282e-02 3.217797e-04
1.900159e-02 3.210751e-04
1.916168e-02 3.213968e-04
1.932524e-02 3.159208e-04
1.949211e-02 3.161569e-04
1.965882e-02 3.176718e-04
1.982312e-02 3.165521e-04
1.998237e-02 3.212468e-04
2.014034e-02 3.223826e-04
2.030277e-02 3.186994e-04
2.047180e-02 3.211138e-04
2.064326e-02 3.231489e-04
2.081075e-02 3.217108e-04
2.097502e-02 3.230806e-04
2.113521e-02 3.209042e-04
2.129235e-02 3.205255e-04
2.145316e-02 3.228023e-04
2.161922e-02 3.197651e-04
2.179028e-02 3.214478e-04
2.196078e-02 3.276709e-04
2.212638e-02 3.271944e-04
2.228957e-02 3.292500e-04
2.245104e-02 3.289568e-04
2.261537e-02 3.240047e-04
2.278561e-02 3.255520e-04
2.295878e-02 3.243487e-04
2.312993e-02 3.229149e-04
2.329605e-02 3.279204e-04
2.345880e-02 3.274803e-04
2.362037e-02 3.276082e-04
2.378549e-02 3.300079e-04
2.395707e-02 3.265236e-04
2.413356e-02 3.279943e-04
2.430818e-02 3.345642e-04
2.447622e-02 3.331930e-04
2.464131e-02 3.349193e-04
2.480691e-02 3.356199e-04
2.497653e-02 3.302362e-04
2.515195e-02 3.320063e-04
2.533027e-02 3.320914e-04
2.550665e-02 3.307305e-04
2.567737e-02 3.370174e-04
2.584248e-02 3.361408e-04
2.600674e-02 3.344734e-04
2.617639e-02 3.368744e-04
2.635369e-02 3.314454e-04
2.653161e-02 3.300939e-04
2.670345e-02 3.358205e-04
2.686931e-02 3.340641e-04
2.703173e-02 3.355247e-04
2.719372e-02 3.360122e-04
2.736002e-02 3.295534e-04
2.753344e-02 3.314977e-04
2.770889e-02 3.341431e-04
2.788054e-02 3.325937e-04
2.804621e-02 3.376166e-04
2.820868e-02 3.377224e-04
2.837461e-02 3.328546e-04
2.854637e-02 3.343650e-04
2.872188e-02 3.316785e-04
2.889818e-02 3.314146e-04
2.907190e-02 3.356243e-04
2.924097e-02 3.341229e-04
2.940588e-02 3.362348e-04
2.956983e-02 3.366394e-04
2.973949e-02 3.288455e-04
2.991705e-02 3.305530e-04
3.009557e-02 3.330918e-04
3.026643e-02 3.296399e-04
3.042955e-02 3.329804e-04
3.059262e-02 3.339392e-04
3.075892e-02 3.318720e-04
3.092923e-02 3.337662e-04
3.110495e-02 3.294094e-04
3.128307e-02 3.290563e-04
3.145705e-02 3.356079e-04
3.162389e-02 3.339143e-04
3.178680e-02 3.351257e-04
3.195176e-02 3.367956e-04
3.212307e-02 3.314921e-04
3.229922e-02 3.322665e-04
3.247617e-02 3.324675e-04
3.264792e-02 3.296429e-04
3.281412e-02 3.316764e-04
3.297922e-02 3.315239e-04
3.314427e-02 3.305743e-04
3.331172e-02 3.319044e-04
3.348486e-02 3.267321e-04
3.366384e-02 3.281555e-04
3.384019e-02 3.358742e-04
3.400760e-02 3.335079e-04
3.417110e-02 3.340873e-04
3.433637e-02 3.351298e-04
3.450580e-02 3.304603e-04
3.468180e-02 3.329554e-04
3.486183e-02 3.338247e-04
3.503869e-02 3.320232e-04
3.520755e-02 3.397380e-04
3.536950e-02 3.385931e-04
3.553158e-02 3.352023e-04
3.570019e-02 3.376757e-04
3.587829e-02 3.294027e-04
3.606053e-02 3.291432e-04
3.623820e-02 3.354030e-04
3.640739e-02 3.323496e-04
3.656990e-02 3.356399e-04
3.673104e-02 3.362302e-04
3.689769e-02 3.280595e-04
3.707419e-02 3.310261e-04
