-9.698676e-02 4.019423e-04
-9.680320e-02 3.834894e-04
-9.660457e-02 3.859935e-04
-9.640402e-02 3.897380e-04
-9.620801e-02 3.883232e-04
-9.602816e-02 4.116188e-04
-9.585872e-02 4.136814e-04
-9.567249e-02 3.911434e-04
-9.547284e-02 3.894046e-04
-9.527157e-02 3.819625e-04
-9.506674e-02 3.831620e-04
-9.486492e-02 3.914720e-04
-9.467464e-02 3.875851e-04
-9.449236e-02 3.900750e-04
-9.430996e-02 3.910492e-04
-9.411953e-02 3.804487e-04
-9.391800e-02 3.832450e-04
-9.372249e-02 4.009548e-04
-9.353538e-02 4.023449e-04
-9.334140e-02 3.948463e-04
-9.315212e-02 3.893320e-04
-9.296908e-02 3.844058e-04
-9.277617e-02 3.885265e-04
-9.257396e-02 3.845326e-04
-9.236817e-02 3.852162e-04
-9.216673e-02 3.942859e-04
-9.197536e-02 3.915492e-04
-9.178747e-02 3.947419e-04
-9.160006e-02 3.955649e-04
-9.141365e-02 3.946371e-04
-9.122073e-02 3.982514e-04
-9.101355e-02 3.842949e-04
-9.080377e-02 3.808658e-04
-9.060863e-02 3.960027e-04
-9.042296e-02 3.957051e-04
-9.023564e-02 3.920995e-04
-9.004270e-02 3.942113e-04
-8.984265e-02 3.881236e-04
-8.963884e-02 3.882177e-04
-8.943797e-02 3.934480e-04
-8.924238e-02 3.903609e-04
-8.905970e-02 4.031493e-04
-8.888118e-02 4.070544e-04
-8.868465e-02 3.880785e-04
-8.847731e-02 3.876784e-04
-8.827131e-02 3.887987e-04
-8.806748e-02 3.879133e-04
-8.787027e-02 3.964152e-04
-8.768191e-02 3.941979e-04
-8.749627e-02 3.925500e-04
-8.730438e-02 3.956868e-04
-8.710366e-02 3.897612e-04
-8.689845e-02 3.903034e-04
-8.669709e-02 3.981722e-04
-8.650636e-02 3.946604e-04
-8.631875e-02 3.900986e-04
-8.612671e-02 3.910978e-04
-8.593273e-02 3.906355e-04
-8.573388e-02 3.933681e-04
-8.552501e-02 3.891301e-04
-8.531525e-02 3.881710e-04
-8.511631e-02 3.986825e-04
-8.492909e-02 3.953664e-04
-8.474670e-02 3.942761e-04
-8.455762e-02 3.979311e-04
-8.435854e-02 3.912269e-04
-8.414388e-02 3.982325e-04
-8.391647e-02 3.962300e-04
-8.370240e-02 3.874348e-04
-8.350985e-02 3.992069e-04
-8.331938e-02 4.003741e-04
-8.312438e-02 3.959679e-04
-8.292729e-02 3.974489e-04
-8.272444e-02 3.920144e-04
-8.251592e-02 3.934420e-04
-8.231062e-02 4.027342e-04
-8.211558e-02 3.999622e-04
-8.192609e-02 4.014642e-04
-8.173422e-02 4.034327e-04
-8.153118e-02 3.904247e-04
-8.131822e-02 3.916505e-04
-8.110627e-02 3.967033e-04
-8.090101e-02 3.945303e-04
-8.070369e-02 4.016472e-04
-8.051340e-02 4.000261e-04
-8.032502e-02 3.987274e-04
-8.013418e-02 3.997321e-04
-7.993486e-02 3.884909e-04
-7.972341e-02 3.916762e-04
-7.950864e-02 3.999708e-04
-7.930632e-02 3.955055e-04
-7.911205e-02 3.914731e-04
-7.891314e-02 3.928291e-04
-7.871527e-02 3.983511e-04
-7.851527e-02 4.016201e-04
-7.830580e-02 3.947768e-04
-7.809432e-02 3.935465e-04
-7.789201e-02 4.055946e-04
-7.770088e-02 4.031467e-04
-7.751277e-02 4.013967e-04
-7.731568e-02 4.043564e-04
-7.710896e-02 3.964867e-04
-7.690035e-02 3.966080e-04
-7.669289e-02 3.988793e-04
-7.648934e-02 3.973726e-04
-7.629340e-02 4.057805e-04
-7.610168e-02 4.062908e-04
-7.590592e-02 4.010098e-04
-7.570231e-02 4.037936e-04
-7.549211e-02 4.006227e-04
-7.528265e-02 3.990425e-04
-7.508018e-02 4.062399e-04
-7.488468e-02 4.046833e-04
-7.469206e-02 4.051725e-04
-7.449988e-02 4.050914e-04
-7.429963e-02 3.915079e-04
-7.408408e-02 3.957360e-04
-7.386785e-02 4.063116e-04
-7.366274e-02 4.034959e-04
-7.346196e-02 4.080360e-04
-7.326455e-02 4.076273e-04
-7.306912e-02 4.046774e-04
-7.286523e-02 4.087381e-04
-7.265367e-02 4.071467e-04
-7.244214e-02 4.065614e-04
-7.223602e-02 4.140526e-04
-7.204292e-02 4.088591e-04
-7.185428e-02 4.018788e-04
-7.165167e-02 4.078204e-04
-7.144027e-02 4.095625e-04
-7.122421e-02 4.110970e-04
-7.100674e-02 4.130654e-04
-7.079895e-02 4.098315e-04
-7.059883e-02 4.135703e-04
-7.040226e-02 4.127945e-04
-7.020529e-02 4.099611e-04
-7.000075e-02 4.134543e-04
-6.978638e-02 4.068458e-04
-6.957206e-02 4.044204e-04
-6.936777e-02 4.142901e-04
-6.916684e-02 4.158515e-04
-6.896418e-02 4.173094e-04
-6.876184e-02 4.176429e-04
-6.855366e-02 4.089146e-04
-6.833665e-02 4.110398e-04
-6.811862e-02 4.152409e-04
-6.790777e-02 4.124681e-04
-6.770713e-02 4.216644e-04
-6.751060e-02 4.225339e-04
-6.730595e-02 4.167608e-04
-6.709716e-02 4.171477e-04
-6.688806e-02 4.124107e-04
-6.667297e-02 4.143309e-04
-6.645939e-02 4.222253e-04
-6.625548e-02 4.192026e-04
-6.605624e-02 4.186565e-04
-6.585443e-02 4.200250e-04
-6.564616e-02 4.129566e-04
-6.542951e-02 4.154930e-04
-6.521013e-02 4.179692e-04
-6.499270e-02 4.157659e-04
-6.478295e-02 4.224725e-04
-6.458419e-02 4.202052e-04
-6.439003e-02 4.215422e-04
-6.418675e-02 4.274705e-04
-6.396770e-02 4.177831e-04
-6.374667e-02 4.154617e-04
-6.353385e-02 4.226055e-04
-6.332842e-02 4.207674e-04
-6.312618e-02 4.209362e-04
-6.292234e-02 4.219450e-04
-6.271438e-02 4.179070e-04
-6.249979e-02 4.204079e-04
-6.228010e-02 4.189040e-04
-6.206484e-02 4.157180e-04
-6.186094e-02 4.256989e-04
-6.166245e-02 4.260789e-04
-6.146009e-02 4.207479e-04
-6.125150e-02 4.225458e-04
-6.103295e-02 4.162010e-04
-6.081061e-02 4.162230e-04
-6.059498e-02 4.222069e-04
-6.038791e-02 4.191680e-04
-6.018642e-02 4.200802e-04
-5.998353e-02 4.212494e-04
-5.977546e-02 4.157725e-04
-5.955962e-02 4.185060e-04
-5.934222e-02 4.234936e-04
-5.912830e-02 4.231820e-04
-5.891731e-02 4.272770e-04
-5.870870e-02 4.253882e-04
-5.850189e-02 4.230689e-04
-5.829364e-02 4.250284e-04
-5.807747e-02 4.173667e-04
-5.785571e-02 4.179380e-04
-5.763778e-02 4.258452e-04
-5.742961e-02 4.228735e-04
-5.722626e-02 4.226145e-04
-5.702252e-02 4.227477e-04
-5.681667e-02 4.196228e-04
-5.660473e-02 4.221320e-04
-5.638599e-02 4.178350e-04
-5.616976e-02 4.147821e-04
-5.596317e-02 4.222673e-04
-5.576263e-02 4.213597e-04
-5.556125e-02 4.174771e-04
-5.535467e-02 4.191870e-04
-5.514187e-02 4.136526e-04
-5.492539e-02 4.138571e-04
-5.470731e-02 4.169679e-04
-5.449425e-02 4.150871e-04
-5.429199e-02 4.226918e-04
-5.409123e-02 4.245060e-04
-5.388343e-02 4.176725e-04
-5.367022e-02 4.184866e-04
-5.345361e-02 4.150062e-04
-5.323628e-02 4.141936e-04
-5.302494e-02 4.220410e-04
-5.281992e-02 4.210374e-04
-5.261759e-02 4.227913e-04
-5.241210e-02 4.253367e-04
-5.219926e-02 4.200575e-04
-5.197786e-02 4.213938e-04
-5.175911e-02 4.295534e-04
-5.154992e-02 4.286784e-04
-5.134125e-02 4.271227e-04
-5.113467e-02 4.253151e-04
-5.092821e-02 4.205117e-04
-5.071437e-02 4.231853e-04
-5.049426e-02 4.202368e-04
-5.027548e-02 4.183855e-04
-5.006274e-02 4.232638e-04
-4.985724e-02 4.206997e-04
-4.965517e-02 4.192572e-04
-4.944983e-02 4.206799e-04
-4.924316e-02 4.224007e-04
-4.902944e-02 4.272403e-04
-4.880488e-02 4.227381e-04
-4.858610e-02 4.176634e-04
-4.837917e-02 4.232130e-04
-4.817678e-02 4.225044e-04
-4.797083e-02 4.199366e-04
-4.775775e-02 4.232894e-04
-4.754091e-02 4.209835e-04
-4.732259e-02 4.210537e-04
-4.710704e-02 4.259375e-04
-4.689768e-02 4.239478e-04
-4.669545e-02 4.304153e-04
-4.649390e-02 4.323221e-04
-4.628174e-02 4.197553e-04
-4.606123e-02 4.203048e-04
-4.584118e-02 4.226224e-04
-4.562220e-02 4.208717e-04
-4.540899e-02 4.256505e-04
-4.520439e-02 4.241265e-04
-4.500114e-02 4.221315e-04
-4.479411e-02 4.236693e-04
-4.458014e-02 4.164470e-04
-4.436183e-02 4.164262e-04
-4.414653e-02 4.213543e-04
-4.393781e-02 4.192125e-04
-4.373273e-02 4.193199e-04
-4.353080e-02 4.174763e-04
-4.332834e-02 4.114912e-04
-4.312059e-02 4.124848e-04
-4.290874e-02 4.084467e-04
-4.269681e-02 4.070309e-04
-4.248941e-02 4.105874e-04
-4.228912e-02 4.076247e-04
-4.209398e-02 4.079604e-04
-4.189681e-02 4.093000e-04
-4.169070e-02 4.032341e-04
-4.148077e-02 4.033426e-04
-4.127243e-02 4.011424e-04
-4.106560e-02 3.994454e-04
-4.086519e-02 4.055644e-04
-4.067049e-02 4.043103e-04
-4.047580e-02 4.008279e-04
-4.027632e-02 4.024793e-04
-4.007247e-02 3.997447e-04
-3.986732e-02 3.995623e-04
-3.966386e-02 4.019171e-04
-3.946041e-02 4.009265e-04
-3.926113e-02 4.051075e-04
-3.906769e-02 4.049459e-04
-3.887039e-02 3.981302e-04
-3.866676e-02 3.994566e-04
-3.846031e-02 3.984706e-04
-3.825458e-02 3.976822e-04
-3.805288e-02 4.021672e-04
-3.785592e-02 4.009587e-04
-3.766176e-02 4.022458e-04
-3.746573e-02 4.038281e-04
-3.726443e-02 3.995024e-04
-3.705927e-02 4.002526e-04
-3.685342e-02 4.012059e-04
-3.665115e-02 3.994143e-04
-3.645393e-02 4.028135e-04
-3.625779e-02 4.033980e-04
-3.606027e-02 4.027285e-04
-3.585910e-02 4.046713e-04
-3.565039e-02 4.026066e-04
-3.543995e-02 4.029284e-04
-3.523456e-02 4.071741e-04
-3.503468e-02 4.053619e-04
-3.483891e-02 4.072391e-04
-3.464103e-02 4.091937e-04
-3.443805e-02 4.060500e-04
-3.423188e-02 4.068501e-04
-3.402336e-02 4.051002e-04
-3.381555e-02 4.040383e-04
-3.361214e-02 4.085072e-04
-3.340905e-02 4.080648e-04
-3.320727e-02 4.089605e-04
-3.300771e-02 4.098016e-04
-3.280390e-02 4.050845e-04
-3.259679e-02 4.053466e-04
-3.238875e-02 4.045198e-04
-3.218340e-02 4.026096e-04
-3.198311e-02 4.056903e-04
-3.178589e-02 4.049658e-04
-3.158829e-02 4.023205e-04
-3.138585e-02 4.042591e-04
-3.117946e-02 4.030985e-04
-3.097326e-02 4.025626e-04
-3.076866e-02 4.037021e-04
-3.056728e-02 4.021788e-04
-3.036971e-02 4.042448e-04
-3.017345e-02 4.042059e-04
-2.997570e-02 4.016335e-04
-2.977468e-02 4.026631e-04
-2.956712e-02 3.996852e-04
-2.936183e-02 3.972560e-04
-2.916288e-02 3.960248e-04
-2.896387e-02 3.956170e-04
-2.876803e-02 3.998314e-04
-2.857299e-02 4.008609e-04
-2.837367e-02 3.965174e-04
-2.817132e-02 3.967953e-04
-2.796866e-02 3.970479e-04
-2.776828e-02 3.957551e-04
-2.757185e-02 3.987911e-04
-2.737430e-02 3.987413e-04
-2.717548e-02 3.964572e-04
-2.697601e-02 3.978294e-04
-2.677411e-02 3.976030e-04
-2.657076e-02 3.983831e-04
-2.636819e-02 4.018072e-04
-2.616880e-02 4.011346e-04
-2.597213e-02 4.037473e-04
-2.577410e-02 4.055009e-04
-2.557188e-02 4.034176e-04
-2.536666e-02 4.044535e-04
-2.516068e-02 4.060668e-04
-2.495602e-02 4.058629e-04
-2.475420e-02 4.099815e-04
-2.455550e-02 4.095988e-04
-2.435530e-02 4.060384e-04
-2.414997e-02 4.078127e-04
-2.394167e-02 4.078166e-04
-2.373425e-02 4.072938e-04
-2.352544e-02 4.086511e-04
-2.331992e-02 4.071595e-04
-2.312060e-02 4.082341e-04
-2.292042e-02 4.091381e-04
-2.271667e-02 4.056342e-04
-2.250995e-02 4.061753e-04
-2.230288e-02 4.070856e-04
-2.209793e-02 4.061269e-04
-2.189627e-02 4.090083e-04
-2.169485e-02 4.098996e-04
-2.149202e-02 4.100210e-04
-2.128390e-02 4.113788e-04
-2.107263e-02 4.098978e-04
-2.086209e-02 4.107839e-04
-2.065271e-02 4.151691e-04
-2.044669e-02 4.147517e-04
-2.024404e-02 4.191868e-04
-2.004085e-02 4.211171e-04
-1.983245e-02 4.178502e-04
-1.962028e-02 4.189278e-04
-1.940688e-02 4.199003e-04
-1.919343e-02 4.202900e-04
-1.898210e-02 4.248805e-04
-1.877394e-02 4.246433e-04
-1.856633e-02 4.248908e-04
-1.835602e-02 4.265923e-04
-1.814169e-02 4.246625e-04
-1.792455e-02 4.256491e-04
-1.770744e-02 4.284288e-04
-1.749137e-02 4.288101e-04
-1.727510e-02 4.350034e-04
-1.705996e-02 4.365555e-04
-1.684499e-02 4.356943e-04
-1.662635e-02 4.376053e-04
-1.640387e-02 4.364544e-04
-1.618087e-02 4.363547e-04
-1.596049e-02 4.405025e-04
-1.574387e-02 4.397235e-04
-1.552832e-02 4.393731e-04
-1.531176e-02 4.398574e-04
-1.509351e-02 4.383502e-04
-1.487024e-02 4.388376e-04
-1.464447e-02 4.360687e-04
-1.442369e-02 4.340690e-04
-1.420823e-02 4.373493e-04
-1.399465e-02 4.374166e-04
-1.377949e-02 4.350034e-04
-1.356306e-02 4.348945e-04
-1.334467e-02 4.313552e-04
-1.312570e-02 4.304220e-04
-1.290881e-02 4.312718e-04
-1.269614e-02 4.290537e-04
-1.248662e-02 4.281118e-04
-1.227747e-02 4.275426e-04
-1.206607e-02 4.222328e-04
-1.185297e-02 4.213258e-04
-1.164079e-02 4.203226e-04
-1.143060e-02 4.187667e-04
-1.122164e-02 4.164896e-04
-1.101584e-02 4.137751e-04
-1.081308e-02 4.112756e-04
-1.060980e-02 4.106773e-04
-1.040157e-02 4.058817e-04
-1.019280e-02 4.044801e-04
-9.988684e-03 4.032156e-04
-9.788455e-03 4.004132e-04
-9.591183e-03 3.975867e-04
-9.396173e-03 3.952047e-04
-9.203730e-03 3.928910e-04
-9.010913e-03 3.922881e-04
-8.814163e-03 3.839729e-04
-8.618670e-03 3.802315e-04
-8.428517e-03 3.788065e-04
-8.238641e-03 3.764199e-04
-8.051006e-03 3.735467e-04
-7.867106e-03 3.719846e-04
-7.682907e-03 3.671677e-04
-7.498696e-03 3.654343e-04
-7.314750e-03 3.610778e-04
-7.133900e-03 3.576526e-04
-6.958318e-03 3.568853e-04
-6.786191e-03 3.545438e-04
-6.612723e-03 3.458501e-04
-6.440368e-03 3.420429e-04
-6.269869e-03 3.345768e-04
-6.101585e-03 3.305546e-04
-5.936807e-03 3.252237e-04
-5.775944e-03 3.209567e-04
-5.619005e-03 3.156373e-04
-5.464514e-03 3.122516e-04
-5.310955e-03 3.044249e-04
-5.158049e-03 3.012056e-04
-5.005416e-03 2.964335e-04
-4.855757e-03 2.929126e-04
-4.711160e-03 2.878134e-04
-4.569204e-03 2.843885e-04
-4.429897e-03 2.793070e-04
-4.291695e-03 2.768176e-04
-4.154184e-03 2.710432e-04
-4.018527e-03 2.678520e-04
-3.885159e-03 2.628136e-04
-3.754262e-03 2.595122e-04
-3.626316e-03 2.552822e-04
-3.498475e-03 2.525598e-04
-3.372540e-03 2.482161e-04
-3.249840e-03 2.458607e-04
-3.127669e-03 2.402171e-04
-3.006768e-03 2.374180e-04
-2.888541e-03 2.340936e-04
-2.772911e-03 2.313396e-04
-2.659259e-03 2.269889e-04
-2.547032e-03 2.245642e-04
-2.436114e-03 2.200178e-04
-2.326369e-03 2.176728e-04
-2.218177e-03 2.137518e-04
-2.111650e-03 2.113396e-04
-2.007189e-03 2.080823e-04
-1.904609e-03 2.057811e-04
-1.803401e-03 2.016817e-04
-1.703050e-03 1.996876e-04
-1.603949e-03 1.962365e-04
-1.506253e-03 1.941495e-04
-1.408440e-03 1.905502e-04
-1.312363e-03 1.881991e-04
-1.219692e-03 1.849321e-04
-1.128425e-03 1.829116e-04
-1.038219e-03 1.790671e-04
-9.492661e-04 1.769315e-04
-8.616574e-04 1.732437e-04
-7.755711e-04 1.710007e-04
-6.911521e-04 1.675575e-04
-6.081719e-04 1.654528e-04
-5.264957e-04 1.617825e-04
-4.452908e-04 1.594617e-04
-3.655895e-04 1.555638e-04
-2.891730e-04 1.529179e-04
-2.141604e-04 1.479188e-04
-1.410658e-04 1.449821e-04
-6.980447e-05 1.398266e-04
3.691594e-06 1.393203e-04
7.468840e-05 1.419921e-04
1.477622e-04 1.442209e-04
2.209927e-04 1.500841e-04
2.957722e-04 1.531291e-04
3.730754e-04 1.573808e-04
4.518382e-04 1.597898e-04
5.324471e-04 1.634024e-04
6.143684e-04 1.654925e-04
6.977922e-04 1.687904e-04
7.825840e-04 1.708000e-04
8.685651e-04 1.743934e-04
9.559176e-04 1.765119e-04
1.046021e-03 1.800897e-04
1.137790e-03 1.823918e-04
1.229962e-03 1.858588e-04
1.323201e-03 1.877469e-04
1.417532e-03 1.911709e-04
1.513304e-03 1.932710e-04
1.610401e-03 1.968947e-04
1.709317e-03 1.992945e-04
1.809954e-03 2.030845e-04
1.913917e-03 2.055055e-04
2.019356e-03 2.097281e-04
2.124118e-03 2.117717e-04
2.230017e-03 2.155455e-04
2.337877e-03 2.180821e-04
2.447506e-03 2.221762e-04
2.558642e-03 2.245568e-04
2.671798e-03 2.278048e-04
2.787284e-03 2.303720e-04
2.903746e-03 2.358609e-04
3.020906e-03 2.382623e-04
3.139750e-03 2.421223e-04
3.261112e-03 2.450223e-04
3.384852e-03 2.491126e-04
3.510710e-03 2.518566e-04
3.638295e-03 2.565934e-04
3.767945e-03 2.595398e-04
3.898664e-03 2.659228e-04
4.029484e-03 2.682895e-04
4.164571e-03 2.711887e-04
4.303623e-03 2.746304e-04
4.443087e-03 2.801041e-04
4.584698e-03 2.833651e-04
4.728033e-03 2.895534e-04
4.872372e-03 2.923799e-04
5.018240e-03 2.976833e-04
5.166377e-03 3.009569e-04
5.317352e-03 3.052991e-04
5.472940e-03 3.096466e-04
5.631689e-03 3.164397e-04
5.793340e-03 3.191598e-04
5.954990e-03 3.266515e-04
6.116522e-03 3.307241e-04
6.281078e-03 3.369919e-04
6.448858e-03 3.411837e-04
6.621065e-03 3.454601e-04
6.796757e-03 3.490889e-04
6.974630e-03 3.555236e-04
7.152144e-03 3.576352e-04
7.330001e-03 3.629111e-04
7.510151e-03 3.661890e-04
7.693698e-03 3.696424e-04
7.877968e-03 3.713233e-04
8.064297e-03 3.725703e-04
8.253246e-03 3.745868e-04
8.441932e-03 3.806014e-04
8.629794e-03 3.822837e-04
8.821320e-03 3.857290e-04
9.015271e-03 3.884310e-04
9.209784e-03 3.901439e-04
9.408158e-03 3.930947e-04
9.608445e-03 3.981005e-04
9.808672e-03 3.998595e-04
1.000920e-02 4.042604e-04
1.020888e-02 4.053265e-04
1.040873e-02 4.080124e-04
1.061216e-02 4.111422e-04
1.082031e-02 4.119116e-04
1.103298e-02 4.130154e-04
1.124473e-02 4.175973e-04
1.145240e-02 4.186687e-04
1.165979e-02 4.220952e-04
1.186827e-02 4.239821e-04
1.207965e-02 4.244022e-04
1.229441e-02 4.265734e-04
1.251125e-02 4.291288e-04
1.272688e-02 4.293286e-04
1.294029e-02 4.335686e-04
1.315222e-02 4.342252e-04
1.336569e-02 4.335173e-04
1.358259e-02 4.353133e-04
1.380266e-02 4.350389e-04
1.402458e-02 4.360507e-04
1.424569e-02 4.402139e-04
1.446356e-02 4.397854e-04
1.467963e-02 4.415638e-04
1.489617e-02 4.424854e-04
1.511952e-02 4.392535e-04
1.534606e-02 4.400100e-04
1.556947e-02 4.417719e-04
1.579154e-02 4.415908e-04
1.601185e-02 4.440320e-04
1.622946e-02 4.432670e-04
1.644647e-02 4.421530e-04
1.666458e-02 4.424239e-04
1.688645e-02 4.368406e-04
1.711295e-02 4.356402e-04
1.733696e-02 4.365334e-04
1.755399e-02 4.346466e-04
1.776932e-02 4.322273e-04
1.798186e-02 4.296830e-04
1.819201e-02 4.265942e-04
1.840608e-02 4.278209e-04
1.862348e-02 4.257029e-04
1.884010e-02 4.244707e-04
1.905364e-02 4.261685e-04
1.926406e-02 4.249252e-04
1.947235e-02 4.250326e-04
1.968113e-02 4.253710e-04
1.989318e-02 4.208990e-04
2.010786e-02 4.208525e-04
2.032297e-02 4.200256e-04
2.053460e-02 4.176519e-04
2.074047e-02 4.206103e-04
2.094356e-02 4.200195e-04
2.115174e-02 4.151658e-04
2.136304e-02 4.152859e-04
2.157286e-02 4.128212e-04
2.178316e-02 4.122239e-04
2.199171e-02 4.134905e-04
2.219605e-02 4.113897e-04
2.239730e-02 4.107202e-04
2.259972e-02 4.111820e-04
2.280572e-02 4.064229e-04
2.301490e-02 4.066363e-04
2.322238e-02 4.100935e-04
2.343188e-02 4.106718e-04
2.364018e-02 4.142575e-04
2.384254e-02 4.138483e-04
2.404491e-02 4.126877e-04
2.425033e-02 4.140863e-04
2.445906e-02 4.124652e-04
2.466958e-02 4.129464e-04
2.487885e-02 4.163518e-04
2.508275e-02 4.143748e-04
2.528520e-02 4.113051e-04
2.548764e-02 4.101915e-04
2.569012e-02 4.070413e-04
2.589629e-02 4.081085e-04
2.610471e-02 4.073449e-04
2.631089e-02 4.057257e-04
2.651340e-02 4.073046e-04
2.671251e-02 4.058456e-04
2.691379e-02 4.032725e-04
2.711725e-02 4.036445e-04
2.732104e-02 3.989931e-04
2.752732e-02 3.988281e-04
2.773203e-02 4.010031e-04
2.793326e-02 3.996765e-04
2.812995e-02 4.036408e-04
2.832592e-02 4.046255e-04
2.852557e-02 4.011546e-04
2.872969e-02 4.026096e-04
2.893621e-02 4.026096e-04
2.914449e-02 4.018288e-04
2.934870e-02 4.064791e-04
2.954708e-02 4.064909e-04
2.974497e-02 4.073293e-04
2.994549e-02 4.091968e-04
3.015177e-02 4.048302e-04
3.036066e-02 4.048122e-04
3.056677e-02 4.093437e-04
3.076931e-02 4.088382e-04
3.096951e-02 4.112901e-04
3.116895e-02 4.117207e-04
3.137122e-02 4.082309e-04
3.157829e-02 4.098369e-04
3.178788e-02 4.101305e-04
3.199710e-02 4.100216e-04
3.220401e-02 4.135401e-04
3.240649e-02 4.121643e-04
3.260709e-02 4.114641e-04
3.281088e-02 4.131194e-04
3.302119e-02 4.120635e-04
3.323422e-02 4.133257e-04
3.344557e-02 4.143770e-04
3.365378e-02 4.128482e-04
3.385770e-02 4.158337e-04
3.405890e-02 4.152624e-04
3.426104e-02 4.120753e-04
3.446825e-02 4.139957e-04
3.468054e-02 4.107792e-04
3.489572e-02 4.094879e-04
3.510604e-02 4.140521e-04
3.530843e-02 4.127963e-04
3.550889e-02 4.124913e-04
3.571038e-02 4.129878e-04
3.591596e-02 4.075795e-04
3.612637e-02 4.085101e-04
3.633688e-02 4.109351e-04
3.654253e-02 4.089179e-04
3.674437e-02 4.096584e-04
3.694306e-02 4.080427e-04
3.714132e-02 4.042785e-04
3.734494e-02 4.061252e-04
3.755317e-02 4.036196e-04
3.776275e-02 4.035204e-04
3.796920e-02 4.084299e-04
3.816992e-02 4.067858e-04
3.836663e-02 4.088847e-04
3.856378e-02 4.099116e-04
3.876873e-02 4.049170e-04
3.897839e-02 4.059580e-04
3.918793e-02 4.038887e-04
3.939746e-02 4.031391e-04
3.960046e-02 4.120701e-04
3.979601e-02 4.107667e-04
3.999219e-02 4.060447e-04
4.019360e-02 4.075040e-04
4.039898e-02 4.048572e-04
4.060765e-02 4.058925e-04
4.081700e-02 4.076074e-04
4.102514e-02 4.056297e-04
4.122667e-02 4.111470e-04
4.142281e-02 4.117593e-04
4.162293e-02 4.068825e-04
4.183026e-02 4.094253e-04
4.204317e-02 4.072151e-04
4.225518e-02 4.058713e-04
4.246138e-02 4.117363e-04
4.266399e-02 4.117009e-04
4.286444e-02 4.151542e-04
4.306451e-02 4.161715e-04
4.326958e-02 4.107114e-04
4.348202e-02 4.131433e-04
4.369685e-02 4.159385e-04
4.391025e-02 4.160994e-04
4.411962e-02 4.232095e-04
4.432511e-02 4.234640e-04
4.452888e-02 4.270286e-04
4.473688e-02 4.308508e-04
4.495731e-02 4.261905e-04
4.518324e-02 4.278526e-04
4.540578e-02 4.327410e-04
4.561861e-02 4.286293e-04
4.582386e-02 4.299566e-04
4.602989e-02 4.309013e-04
4.624013e-02 4.264359e-04
4.645674e-02 4.286932e-04
4.667991e-02 4.239379e-04
4.690611e-02 4.221141e-04
4.712506e-02 4.292231e-04
4.733211e-02 4.265679e-04
4.753581e-02 4.247587e-04
4.774865e-02 4.295698e-04
4.796955e-02 4.295564e-04
4.818969e-02 4.290988e-04
4.840911e-02 4.290258e-04
4.862324e-02 4.258381e-04
4.882902e-02 4.308358e-04
4.903385e-02 4.320799e-04
4.924480e-02 4.254130e-04
4.946301e-02 4.273449e-04
4.968521e-02 4.260921e-04
4.990680e-02 4.252738e-04
5.012206e-02 4.334813e-04
5.033039e-02 4.323073e-04
5.053708e-02 4.317701e-04
5.074545e-02 4.325842e-04
5.096318e-02 4.246526e-04
5.118883e-02 4.265745e-04
5.141132e-02 4.317780e-04
5.162643e-02 4.291740e-04
5.183440e-02 4.339663e-04
5.204124e-02 4.350058e-04
5.225322e-02 4.292229e-04
5.247170e-02 4.310766e-04
5.269425e-02 4.293950e-04
5.291711e-02 4.289893e-04
5.313610e-02 4.343984e-04
5.334860e-02 4.304745e-04
5.355493e-02 4.297981e-04
5.376109e-02 4.314138e-04
5.397454e-02 4.238395e-04
5.419488e-02 4.252236e-04
5.441736e-02 4.255248e-04
5.463556e-02 4.230811e-04
5.484561e-02 4.298113e-04
5.504940e-02 4.285077e-04
5.525427e-02 4.231146e-04
5.546736e-02 4.260757e-04
5.568833e-02 4.212487e-04
5.590879e-02 4.192058e-04
5.612163e-02 4.261738e-04
5.632853e-02 4.251497e-04
5.653268e-02 4.268610e-04
5.673720e-02 4.276917e-04
5.695000e-02 4.215304e-04
5.717104e-02 4.242713e-04
5.739342e-02 4.242596e-04
5.761434e-02 4.233710e-04
5.782824e-02 4.327326e-04
5.803338e-02 4.307891e-04
5.823728e-02 4.274532e-04
5.844742e-02 4.300305e-04
5.866592e-02 4.231199e-04
5.889051e-02 4.243300e-04
5.911264e-02 4.318572e-04
5.932945e-02 4.293877e-04
5.953904e-02 4.345320e-04
5.974542e-02 4.364244e-04
5.995903e-02 4.297211e-04
6.017909e-02 4.311579e-04
6.040299e-02 4.287847e-04
6.062431e-02 4.263854e-04
6.083934e-02 4.301399e-04
6.104666e-02 4.268828e-04
6.124940e-02 4.254344e-04
6.145743e-02 4.280722e-04
6.167395e-02 4.213401e-04
6.189627e-02 4.223748e-04
6.211733e-02 4.273187e-04
6.233109e-02 4.247440e-04
6.254018e-02 4.253445e-04
6.274627e-02 4.237718e-04
6.295071e-02 4.221717e-04
6.316268e-02 4.261001e-04
6.338778e-02 4.204495e-04
6.361413e-02 4.192056e-04
6.382960e-02 4.286084e-04
6.403794e-02 4.276622e-04
6.424287e-02 4.307749e-04
6.444804e-02 4.320383e-04
6.466059e-02 4.231270e-04
6.488138e-02 4.249210e-04
6.510495e-02 4.252304e-04
6.532776e-02 4.229399e-04
6.554007e-02 4.341335e-04
6.574026e-02 4.328479e-04
6.594554e-02 4.208744e-04
6.616127e-02 4.227904e-04
6.638122e-02 4.211366e-04
6.660289e-02 4.215790e-04
6.682078e-02 4.290804e-04
6.702752e-02 4.251403e-04
6.722735e-02 4.257005e-04
6.743070e-02 4.280132e-04
6.764430e-02 4.174689e-04
6.786555e-02 4.182338e-04
6.808688e-02 4.202175e-04
6.830271e-02 4.176351e-04
6.851333e-02 4.190741e-04
6.871956e-02 4.169702e-04
6.891930e-02 4.218777e-04
6.912471e-02 4.270321e-04
6.934646e-02 4.194307e-04
6.957076e-02 4.182529e-04
6.978732e-02 4.225852e-04
6.999796e-02 4.205504e-04
7.020243e-02 4.252586e-04
7.040425e-02 4.253379e-04
7.060914e-02 4.203537e-04
7.082172e-02 4.232055e-04
7.104556e-02 4.121465e-04
7.126761e-02 4.071069e-04
7.147246e-02 4.220949e-04
7.167318e-02 4.230668e-04
7.187805e-02 4.187172e-04
7.208455e-02 4.200535e-04
7.229766e-02 4.128264e-04
7.251514e-02 4.128278e-04
7.273035e-02 4.165939e-04
7.293741e-02 4.130906e-04
7.313688e-02 4.159703e-04
7.333580e-02 4.166832e-04
7.354333e-02 4.044104e-04
7.376172e-02 4.064643e-04
7.397848e-02 4.148406e-04
7.418861e-02 4.139073e-04
7.439516e-02 4.172570e-04
7.459367e-02 4.136671e-04
7.478783e-02 4.109427e-04
7.498787e-02 4.134780e-04
7.520051e-02 4.046657e-04
7.542089e-02 4.061855e-04
7.563641e-02 4.133898e-04
7.584144e-02 4.096318e-04
7.604142e-02 4.076917e-04
7.624039e-02 4.063974e-04
7.643732e-02 4.062427e-04
7.664072e-02 4.100926e-04
7.685380e-02 4.044702e-04
7.706618e-02 4.020227e-04
7.727107e-02 4.077959e-04
7.747126e-02 4.051849e-04
7.766544e-02 4.078813e-04
7.786110e-02 4.115933e-04
7.806715e-02 4.047077e-04
7.827868e-02 4.054989e-04
7.849271e-02 4.035516e-04
7.870439e-02 4.014463e-04
7.890336e-02 4.166487e-04
7.909039e-02 4.150073e-04
7.928118e-02 4.042405e-04
7.948405e-02 4.075628e-04
7.969522e-02 4.030178e-04
7.990701e-02 4.017419e-04
8.011410e-02 4.059569e-04
8.031347e-02 4.028579e-04
8.050714e-02 4.037097e-04
8.070026e-02 4.036931e-04
8.089892e-02 3.944995e-04
8.110852e-02 3.977171e-04
8.132406e-02 4.017860e-04
8.153268e-02 3.991380e-04
8.173024e-02 4.052401e-04
8.192196e-02 4.038995e-04
8.211435e-02 3.990209e-04
8.231419e-02 4.017744e-04
8.252437e-02 3.920213e-04
8.273891e-02 3.911671e-04
8.294495e-02 4.031286e-04
8.314225e-02 4.003249e-04
8.333407e-02 4.015956e-04
8.352534e-02 4.035532e-04
8.371835e-02 4.061010e-04
8.391397e-02 4.085808e-04
8.411957e-02 3.989402e-04
8.432753e-02 3.968668e-04
8.452630e-02 4.063232e-04
8.471700e-02 4.049169e-04
8.490839e-02 3.998788e-04
8.510940e-02 4.038044e-04
8.531734e-02 4.031963e-04
8.552159e-02 4.007713e-04
8.572307e-02 3.986628e-04
8.592462e-02 3.979458e-04
8.611840e-02 4.088047e-04
8.630347e-02 4.075218e-04
8.649556e-02 3.923424e-04
8.670009e-02 3.942820e-04
8.691045e-02 3.948999e-04
8.711754e-02 3.931950e-04
8.731559e-02 3.985924e-04
8.750670e-02 3.963365e-04
8.769484e-02 3.950855e-04
8.788912e-02 3.983605e-04
8.809147e-02 3.938951e-04
8.830425e-02 3.986090e-04
8.851662e-02 4.124635e-04
8.870719e-02 4.042485e-04
8.888921e-02 3.957815e-04
8.908091e-02 3.968083e-04
8.927768e-02 3.911162e-04
8.947866e-02 3.933657e-04
8.968434e-02 3.917945e-04
8.988954e-02 3.909436e-04
9.008821e-02 3.994043e-04
9.027772e-02 3.969890e-04
9.046447e-02 3.948672e-04
9.066536e-02 4.025478e-04
9.087549e-02 4.085067e-04
9.107333e-02 4.033114e-04
9.126940e-02 3.918597e-04
9.146843e-02 3.894923e-04
9.165879e-02 3.972892e-04
9.184527e-02 3.977898e-04
9.203881e-02 3.875008e-04
9.224238e-02 3.897753e-04
9.245364e-02 3.881192e-04
9.266157e-02 3.855627e-04
9.285688e-02 3.946816e-04
9.305143e-02 3.974990e-04
9.324655e-02 4.043861e-04
9.343315e-02 4.016978e-04
9.362575e-02 3.840865e-04
9.383209e-02 3.860905e-04
9.403669e-02 3.946279e-04
9.423015e-02 3.909479e-04
9.441461e-02 3.958440e-04
9.460279e-02 3.980482e-04
9.479916e-02 3.904065e-04
9.500026e-02 3.922830e-04
9.520698e-02 3.881735e-04
9.541663e-02 3.884363e-04
9.561931e-02 4.006822e-04
9.580339e-02 3.939981e-04
9.598021e-02 3.875365e-04
9.617095e-02 3.935203e-04
9.637231e-02 3.924900e-04
9.657568e-02 3.933062e-04
9.677932e-02 3.951000e-04
9.697644e-02 3.918554e-04
