-7.375184e-04 1.564179e-05
-7.292387e-04 1.586479e-05
-7.214265e-04 1.567316e-05
-7.139029e-04 1.559799e-05
-7.065025e-04 1.548867e-05
-6.992008e-04 1.537255e-05
-6.915400e-04 1.555455e-05
-6.834456e-04 1.531412e-05
-6.752986e-04 1.525914e-05
-6.673576e-04 1.545001e-05
-6.594269e-04 1.550409e-05
-6.516979e-04 1.601414e-05
-6.445278e-04 1.587073e-05
-6.371964e-04 1.517969e-05
-6.294697e-04 1.516804e-05
-6.217115e-04 1.508321e-05
-6.139313e-04 1.505762e-05
-6.062421e-04 1.516114e-05
-5.987329e-04 1.509862e-05
-5.914500e-04 1.527941e-05
-5.840650e-04 1.539751e-05
-5.764488e-04 1.534006e-05
-5.690209e-04 1.521492e-05
-5.615146e-04 1.475981e-05
-5.534786e-04 1.491380e-05
-5.453186e-04 1.511202e-05
-5.376696e-04 1.486854e-05
-5.307123e-04 1.536767e-05
-5.238012e-04 1.552772e-05
-5.163043e-04 1.497338e-05
-5.084775e-04 1.497179e-05
-5.006962e-04 1.504339e-05
-4.929899e-04 1.501602e-05
-4.853047e-04 1.499818e-05
-4.776321e-04 1.499242e-05
-4.700879e-04 1.516775e-05
-4.626441e-04 1.517070e-05
-4.552116e-04 1.519779e-05
-4.479167e-04 1.511677e-05
-4.406348e-04 1.493577e-05
-4.331565e-04 1.499652e-05
-4.255575e-04 1.494129e-05
-4.180150e-04 1.487933e-05
-4.107249e-04 1.515063e-05
-4.033875e-04 1.528489e-05
-3.958027e-04 1.522273e-05
-3.883294e-04 1.513341e-05
-3.807432e-04 1.469729e-05
-3.731348e-04 1.454556e-05
-3.659299e-04 1.481895e-05
-3.588255e-04 1.486510e-05
-3.516380e-04 1.483276e-05
-3.443428e-04 1.488578e-05
-3.367536e-04 1.454309e-05
-3.291372e-04 1.442815e-05
-3.217863e-04 1.457366e-05
-3.146940e-04 1.447881e-05
-3.077128e-04 1.437886e-05
-3.004273e-04 1.452558e-05
-2.928198e-04 1.439623e-05
-2.852433e-04 1.432314e-05
-2.777549e-04 1.428891e-05
-2.705307e-04 1.412582e-05
-2.636232e-04 1.417894e-05
-2.565130e-04 1.431198e-05
-2.492490e-04 1.444700e-05
-2.421057e-04 1.443103e-05
-2.348886e-04 1.424184e-05
-2.275613e-04 1.423987e-05
-2.202956e-04 1.433710e-05
-2.130220e-04 1.436892e-05
-2.058218e-04 1.460137e-05
-1.989846e-04 1.447501e-05
-1.922053e-04 1.419867e-05
-1.851451e-04 1.426772e-05
-1.778285e-04 1.403192e-05
-1.704697e-04 1.396462e-05
-1.632865e-04 1.409187e-05
-1.562279e-04 1.407060e-05
-1.492391e-04 1.410672e-05
-1.422104e-04 1.413607e-05
-1.350258e-04 1.395825e-05
-1.278547e-04 1.389376e-05
-1.208355e-04 1.398863e-05
-1.139274e-04 1.395616e-05
-1.069263e-04 1.368991e-05
-9.975833e-05 1.368666e-05
-9.285868e-05 1.414588e-05
-8.626792e-05 1.413340e-05
-7.954059e-05 1.385014e-05
-7.259622e-05 1.387842e-05
-6.555510e-05 1.379569e-05
-5.849938e-05 1.376713e-05
-5.145524e-05 1.372807e-05
-4.466921e-05 1.356658e-05
-3.803146e-05 1.334442e-05
-3.123763e-05 1.335811e-05
-2.436846e-05 1.327055e-05
-1.763031e-05 1.315522e-05
-1.108779e-05 1.317336e-05
-4.344599e-06 1.331029e-05
2.510204e-06 1.347687e-05
9.158791e-06 1.340860e-05
1.583925e-05 1.318031e-05
2.283149e-05 1.329256e-05
2.971035e-05 1.377306e-05
3.644926e-05 1.385456e-05
4.332258e-05 1.385666e-05
5.014905e-05 1.383687e-05
5.678226e-05 1.412501e-05
6.357887e-05 1.432684e-05
7.074571e-05 1.424913e-05
7.759636e-05 1.402381e-05
8.424280e-05 1.375941e-05
9.121791e-05 1.386899e-05
9.837139e-05 1.385513e-05
1.056089e-04 1.389291e-05
1.128808e-04 1.394084e-05
1.199213e-04 1.382686e-05
1.267650e-04 1.385895e-05
1.338904e-04 1.403961e-05
1.410826e-04 1.440902e-05
1.481689e-04 1.447066e-05
1.552347e-04 1.469790e-05
1.620031e-04 1.460902e-05
1.689379e-04 1.406299e-05
1.761521e-04 1.402641e-05
1.832702e-04 1.408513e-05
1.905275e-04 1.419737e-05
1.978641e-04 1.439843e-05
2.049774e-04 1.433692e-05
2.119353e-04 1.440349e-05
2.191117e-04 1.455073e-05
2.263746e-04 1.483740e-05
2.335376e-04 1.488858e-05
2.409173e-04 1.464708e-05
2.484265e-04 1.462976e-05
2.558216e-04 1.479401e-05
2.628496e-04 1.464077e-05
2.699313e-04 1.410356e-05
2.773404e-04 1.410666e-05
2.847069e-04 1.418625e-05
2.920030e-04 1.416479e-05
2.992417e-04 1.422212e-05
3.066030e-04 1.432407e-05
3.137647e-04 1.491820e-05
3.207838e-04 1.503846e-05
3.280325e-04 1.501200e-05
3.352925e-04 1.501730e-05
3.426712e-04 1.481149e-05
3.502044e-04 1.482197e-05
3.578073e-04 1.473535e-05
3.654628e-04 1.474374e-05
3.729915e-04 1.500068e-05
3.803411e-04 1.498589e-05
3.876270e-04 1.502853e-05
3.948776e-04 1.501453e-05
4.021839e-04 1.490512e-05
4.096612e-04 1.497645e-05
4.173311e-04 1.483070e-05
4.249683e-04 1.475038e-05
4.323590e-04 1.493789e-05
4.397469e-04 1.501184e-05
4.472716e-04 1.501229e-05
4.546879e-04 1.494740e-05
4.621455e-04 1.467565e-05
4.698265e-04 1.470375e-05
4.774117e-04 1.496395e-05
4.847881e-04 1.494047e-05
4.920471e-04 1.504862e-05
4.992952e-04 1.507294e-05
5.067264e-04 1.485789e-05
5.146306e-04 1.507260e-05
5.226476e-04 1.545797e-05
5.302191e-04 1.532923e-05
5.376625e-04 1.518537e-05
5.454838e-04 1.535198e-05
5.533603e-04 1.574617e-05
5.606532e-04 1.554628e-05
5.679249e-04 1.500319e-05
5.755717e-04 1.502460e-05
5.831359e-04 1.524469e-05
5.907940e-04 1.538856e-05
5.985811e-04 1.554985e-05
6.062196e-04 1.551869e-05
6.137587e-04 1.559786e-05
6.212619e-04 1.559642e-05
6.290575e-04 1.512851e-05
6.370765e-04 1.510264e-05
6.449748e-04 1.520891e-05
6.527007e-04 1.513545e-05
6.601161e-04 1.547210e-05
6.674382e-04 1.554556e-05
6.749618e-04 1.539057e-05
6.827129e-04 1.546289e-05
6.905009e-04 1.560219e-05
6.985033e-04 1.578944e-05
7.066170e-04 1.614828e-05
7.144693e-04 1.612079e-05
7.223836e-04 1.591687e-05
