-5.611898e-04 1.205549e-05
-5.550230e-04 1.125715e-05
-5.485479e-04 1.116105e-05
-5.426708e-04 1.187289e-05
-5.369831e-04 1.200901e-05
-5.311614e-04 1.218161e-05
-5.255610e-04 1.211741e-05
-5.197621e-04 1.159015e-05
-5.135856e-04 1.162691e-05
-5.074302e-04 1.176403e-05
-5.014619e-04 1.169473e-05
-4.956403e-04 1.176465e-05
-4.900141e-04 1.167891e-05
-4.842579e-04 1.120645e-05
-4.782502e-04 1.118724e-05
-4.725396e-04 1.162904e-05
-4.667689e-04 1.181774e-05
-4.607671e-04 1.197439e-05
-4.549258e-04 1.194088e-05
-4.492892e-04 1.217081e-05
-4.438974e-04 1.210025e-05
-4.383609e-04 1.166304e-05
-4.327065e-04 1.158284e-05
-4.271445e-04 1.153164e-05
-4.210657e-04 1.182337e-05
-4.144627e-04 1.174231e-05
-4.083214e-04 1.142974e-05
-4.027017e-04 1.144864e-05
-3.972086e-04 1.138563e-05
-3.917085e-04 1.118174e-05
-3.860999e-04 1.117350e-05
-3.802829e-04 1.080351e-05
-3.741206e-04 1.087144e-05
-3.682143e-04 1.150411e-05
-3.627127e-04 1.149525e-05
-3.570046e-04 1.110931e-05
-3.512390e-04 1.100486e-05
-3.459257e-04 1.146892e-05
-3.408049e-04 1.151440e-05
-3.351933e-04 1.083953e-05
-3.291798e-04 1.084381e-05
-3.232683e-04 1.100864e-05
-3.174836e-04 1.098578e-05
-3.121174e-04 1.163672e-05
-3.070538e-04 1.169558e-05
-3.017876e-04 1.150450e-05
-2.964232e-04 1.149467e-05
-2.906234e-04 1.074168e-05
-2.843714e-04 1.073585e-05
-2.783370e-04 1.109953e-05
-2.726512e-04 1.102739e-05
-2.674886e-04 1.168211e-05
-2.626905e-04 1.169905e-05
-2.574628e-04 1.102984e-05
-2.516340e-04 1.114342e-05
-2.457691e-04 1.141577e-05
-2.400557e-04 1.142909e-05
-2.342188e-04 1.124284e-05
-2.284625e-04 1.112728e-05
-2.229633e-04 1.123479e-05
-2.177528e-04 1.109430e-05
-2.127148e-04 1.100800e-05
-2.074996e-04 1.108912e-05
-2.020473e-04 1.090265e-05
-1.964067e-04 1.094245e-05
-1.904633e-04 1.056490e-05
-1.844580e-04 1.047209e-05
-1.791280e-04 1.132314e-05
-1.743115e-04 1.132133e-05
-1.692162e-04 1.085139e-05
-1.637007e-04 1.092834e-05
-1.581191e-04 1.104845e-05
-1.527830e-04 1.095032e-05
-1.472008e-04 1.025088e-05
-1.410889e-04 1.031690e-05
-1.352501e-04 1.095524e-05
-1.302711e-04 1.066337e-05
-1.255223e-04 1.025201e-05
-1.202829e-04 1.040398e-05
-1.150181e-04 1.076829e-05
-1.098573e-04 1.083119e-05
-1.042563e-04 1.027305e-05
-9.813000e-05 1.039268e-05
-9.238324e-05 1.137308e-05
-8.748881e-05 1.121507e-05
-8.262121e-05 1.080435e-05
-7.765057e-05 1.071261e-05
-7.249034e-05 1.015763e-05
-6.695950e-05 1.018591e-05
-6.143382e-05 1.025731e-05
-5.582412e-05 1.033347e-05
-5.009701e-05 1.034921e-05
-4.480904e-05 1.008581e-05
-4.009953e-05 1.033379e-05
-3.513129e-05 1.058389e-05
-2.995921e-05 1.092343e-05
-2.517199e-05 1.081468e-05
-2.026950e-05 1.032059e-05
-1.502738e-05 1.034245e-05
-9.518710e-06 9.968565e-06
-4.046443e-06 9.819792e-06
9.166408e-07 1.023405e-05
5.669098e-06 1.025344e-05
1.043440e-05 1.029670e-05
1.544422e-05 1.046458e-05
2.080652e-05 1.032786e-05
2.628244e-05 1.034111e-05
3.191948e-05 1.011030e-05
3.745687e-05 9.972905e-06
4.248357e-05 1.045720e-05
4.744426e-05 1.059216e-05
5.255990e-05 1.069318e-05
5.759365e-05 1.067469e-05
6.269594e-05 1.052495e-05
6.796476e-05 1.057672e-05
7.363418e-05 1.003678e-05
7.947428e-05 9.939155e-06
8.475003e-05 1.060836e-05
8.986668e-05 1.075949e-05
9.513991e-05 1.093497e-05
1.001850e-04 1.086118e-05
1.053745e-04 1.039936e-05
1.109920e-04 1.048418e-05
1.165115e-04 1.089937e-05
1.219664e-04 1.101599e-05
1.275259e-04 1.114893e-05
1.329003e-04 1.107967e-05
1.382652e-04 1.090315e-05
1.437087e-04 1.089265e-05
1.490477e-04 1.105405e-05
1.544564e-04 1.115408e-05
1.600171e-04 1.116206e-05
1.656231e-04 1.118598e-05
1.710273e-04 1.160558e-05
1.761379e-04 1.158651e-05
1.813800e-04 1.129732e-05
1.866667e-04 1.121398e-05
1.919895e-04 1.093907e-05
1.975824e-04 1.100827e-05
2.034364e-04 1.074869e-05
2.094390e-04 1.074446e-05
2.150871e-04 1.132367e-05
2.202885e-04 1.125810e-05
2.254226e-04 1.120497e-05
2.307587e-04 1.131313e-05
2.363189e-04 1.122325e-05
2.419486e-04 1.122651e-05
2.475886e-04 1.123556e-05
2.533139e-04 1.129623e-05
2.590879e-04 1.136659e-05
2.644234e-04 1.112276e-05
2.697344e-04 1.048717e-05
2.755720e-04 1.057992e-05
2.813211e-04 1.100109e-05
2.868965e-04 1.104891e-05
2.925730e-04 1.099662e-05
2.984657e-04 1.110137e-05
3.043650e-04 1.139833e-05
3.098575e-04 1.126718e-05
3.151689e-04 1.118758e-05
3.205583e-04 1.119969e-05
3.261262e-04 1.093609e-05
3.319429e-04 1.099637e-05
3.377597e-04 1.118016e-05
3.433739e-04 1.112487e-05
3.489682e-04 1.098731e-05
3.545543e-04 1.092681e-05
3.600288e-04 1.096126e-05
3.657092e-04 1.110322e-05
3.714715e-04 1.134432e-05
3.771534e-04 1.137668e-05
3.828926e-04 1.138823e-05
3.885782e-04 1.136638e-05
3.942965e-04 1.123386e-05
4.000743e-04 1.122184e-05
4.058188e-04 1.124389e-05
4.115321e-04 1.122693e-05
4.172409e-04 1.120425e-05
4.231371e-04 1.131470e-05
4.291476e-04 1.141383e-05
4.349362e-04 1.131017e-05
4.404606e-04 1.147986e-05
4.458537e-04 1.146824e-05
4.513868e-04 1.118535e-05
4.574037e-04 1.137393e-05
4.636294e-04 1.154929e-05
4.697949e-04 1.156985e-05
4.757968e-04 1.191764e-05
4.813240e-04 1.176432e-05
4.868536e-04 1.131678e-05
4.927094e-04 1.134517e-05
4.985474e-04 1.147097e-05
5.044178e-04 1.154197e-05
5.102323e-04 1.181478e-05
5.157905e-04 1.175284e-05
5.213277e-04 1.161566e-05
5.272517e-04 1.180464e-05
5.334723e-04 1.185340e-05
5.394671e-04 1.173559e-05
5.452938e-04 1.167049e-05
