-9.676378e-02 3.881644e-04
-9.658380e-02 3.923279e-04
-9.640532e-02 3.929076e-04
-9.622166e-02 3.857904e-04
-9.602670e-02 3.900792e-04
-9.582154e-02 3.848390e-04
-9.561921e-02 3.812507e-04
-9.542818e-02 3.903019e-04
-9.524219e-02 3.887459e-04
-9.505842e-02 3.879722e-04
-9.487239e-02 3.908163e-04
-9.467535e-02 3.804824e-04
-9.446874e-02 3.824675e-04
-9.426204e-02 3.878080e-04
-9.406398e-02 3.845756e-04
-9.387784e-02 3.953430e-04
-9.369726e-02 3.959087e-04
-9.350999e-02 3.863940e-04
-9.331232e-02 3.891661e-04
-9.310769e-02 3.853314e-04
-9.290312e-02 3.839079e-04
-9.270723e-02 3.943128e-04
-9.252222e-02 3.915733e-04
-9.234110e-02 3.904377e-04
-9.215518e-02 3.928998e-04
-9.195856e-02 3.820212e-04
-9.175140e-02 3.843800e-04
-9.154122e-02 3.907389e-04
-9.134138e-02 3.868447e-04
-9.115431e-02 3.924801e-04
-9.096988e-02 3.929068e-04
-9.078357e-02 3.909376e-04
-9.059029e-02 3.944537e-04
-9.038662e-02 3.867512e-04
-9.017927e-02 3.862199e-04
-8.997786e-02 3.947641e-04
-8.978768e-02 3.910382e-04
-8.960550e-02 3.941584e-04
-8.942054e-02 3.969572e-04
-8.922485e-02 3.866493e-04
-8.901746e-02 3.882200e-04
-8.880789e-02 3.890661e-04
-8.860613e-02 3.864327e-04
-8.841468e-02 3.961796e-04
-8.823081e-02 3.951714e-04
-8.804531e-02 3.896813e-04
-8.785099e-02 3.929671e-04
-8.764835e-02 3.883114e-04
-8.744187e-02 3.889250e-04
-8.723952e-02 3.974518e-04
-8.704810e-02 3.940003e-04
-8.686300e-02 3.948981e-04
-8.667602e-02 3.963472e-04
-8.648195e-02 3.886318e-04
-8.627867e-02 3.913497e-04
-8.607098e-02 3.916010e-04
-8.587008e-02 3.876399e-04
-8.568025e-02 3.949870e-04
-8.549559e-02 3.945557e-04
-8.530592e-02 3.899843e-04
-8.510792e-02 3.933254e-04
-8.490381e-02 3.873787e-04
-8.469623e-02 3.873366e-04
-8.449339e-02 3.951957e-04
-8.429967e-02 3.924986e-04
-8.411368e-02 3.980382e-04
-8.392777e-02 3.999829e-04
-8.373251e-02 3.896437e-04
-8.352777e-02 3.916684e-04
-8.331999e-02 3.921833e-04
-8.311386e-02 3.895783e-04
-8.291744e-02 3.985535e-04
-8.273169e-02 3.971661e-04
-8.254536e-02 3.923512e-04
-8.235054e-02 3.956779e-04
-8.214606e-02 3.888987e-04
-8.193647e-02 3.894998e-04
-8.173128e-02 3.984333e-04
-8.153697e-02 3.951641e-04
-8.134961e-02 3.976253e-04
-8.116167e-02 3.988630e-04
-8.096792e-02 3.926688e-04
-8.076522e-02 3.957743e-04
-8.055701e-02 3.952717e-04
-8.035161e-02 3.934219e-04
-8.015385e-02 4.009608e-04
-7.996411e-02 3.988987e-04
-7.977721e-02 3.979070e-04
-7.958366e-02 4.015298e-04
-7.937664e-02 3.941642e-04
-7.916674e-02 3.932606e-04
-7.896435e-02 3.982913e-04
-7.876991e-02 3.952883e-04
-7.858962e-02 4.107951e-04
-7.848421e-02 3.710611e-04
-7.899940e-02 1.307196e-03
-7.960612e-02 1.587465e-03
-7.916328e-02 5.985008e-04
-7.848426e-02 3.867710e-04
-7.817167e-02 4.144061e-04
-7.791235e-02 3.902535e-04
-7.771255e-02 4.229185e-04
-7.752903e-02 4.267327e-04
-7.730543e-02 3.710293e-04
-7.648499e-02 7.075513e-04
-7.492924e-02 4.229090e-04
-7.380194e-02 6.400064e-05
-7.347342e-02 3.916548e-04
-7.332585e-02 4.019533e-04
-7.315331e-02 3.891659e-04
-7.296606e-02 3.933365e-04
-7.276928e-02 3.891316e-04
-7.257196e-02 3.879397e-04
-7.237827e-02 3.906483e-04
-7.218868e-02 3.891756e-04
-7.200457e-02 3.941517e-04
-7.181779e-02 3.975408e-04
-7.162022e-02 3.890581e-04
-7.141696e-02 3.893868e-04
-7.121204e-02 3.924376e-04
-7.101193e-02 3.906645e-04
-7.082152e-02 3.970556e-04
-7.063510e-02 3.969342e-04
-7.044647e-02 3.928549e-04
-7.025000e-02 3.961316e-04
-7.004517e-02 3.911754e-04
-6.983844e-02 3.905522e-04
-6.963886e-02 4.008640e-04
-6.944891e-02 3.987248e-04
-6.926232e-02 3.984077e-04
-6.906848e-02 4.008590e-04
-6.886659e-02 3.941891e-04
-6.866144e-02 3.955418e-04
-6.845619e-02 3.990887e-04
-6.825575e-02 3.974850e-04
-6.806073e-02 4.020007e-04
-6.787012e-02 4.010015e-04
-6.767817e-02 3.960236e-04
-6.747773e-02 3.992949e-04
-6.727061e-02 3.973171e-04
-6.706419e-02 3.961939e-04
-6.686314e-02 4.019794e-04
-6.666770e-02 4.007244e-04
-6.647548e-02 4.025910e-04
-6.628133e-02 4.044200e-04
-6.607972e-02 3.971439e-04
-6.587258e-02 3.978151e-04
-6.566553e-02 3.998140e-04
-6.546228e-02 3.982678e-04
-6.526250e-02 4.048385e-04
-6.506736e-02 4.044002e-04
-6.487454e-02 4.020200e-04
-6.467699e-02 4.040356e-04
-6.447257e-02 3.980712e-04
-6.426371e-02 3.986151e-04
-6.405617e-02 4.023461e-04
-6.385543e-02 3.995634e-04
-6.366123e-02 4.028088e-04
-6.346834e-02 4.031724e-04
-6.327163e-02 3.977307e-04
-6.306343e-02 4.008679e-04
-6.284962e-02 4.002918e-04
-6.264070e-02 3.989543e-04
-6.243791e-02 4.053825e-04
-6.224241e-02 4.033482e-04
-6.205009e-02 4.029780e-04
-6.185344e-02 4.054359e-04
-6.164922e-02 3.997290e-04
-6.143977e-02 4.007913e-04
-6.122993e-02 4.030855e-04
-6.102515e-02 4.008903e-04
-6.082820e-02 4.077521e-04
-6.063510e-02 4.079233e-04
-6.043890e-02 4.032580e-04
-6.023675e-02 4.051329e-04
-6.002816e-02 3.996945e-04
-5.981706e-02 3.992335e-04
-5.961167e-02 4.074092e-04
-5.941365e-02 4.059657e-04
-5.921586e-02 4.075028e-04
-5.901653e-02 4.089604e-04
-5.881388e-02 4.023070e-04
-5.860395e-02 4.043233e-04
-5.839294e-02 4.081168e-04
-5.818727e-02 4.062457e-04
-5.798643e-02 4.091800e-04
-5.778914e-02 4.080893e-04
-5.759265e-02 4.064040e-04
-5.738961e-02 4.097580e-04
-5.717972e-02 4.075461e-04
-5.696554e-02 4.074685e-04
-5.675396e-02 4.116571e-04
-5.655175e-02 4.093981e-04
-5.635540e-02 4.128319e-04
-5.615843e-02 4.144412e-04
-5.595378e-02 4.061868e-04
-5.574330e-02 4.066881e-04
-5.553218e-02 4.070257e-04
-5.532380e-02 4.055079e-04
-5.512116e-02 4.107871e-04
-5.492262e-02 4.102455e-04
-5.472424e-02 4.090063e-04
-5.452388e-02 4.097364e-04
-5.431827e-02 4.030704e-04
-5.410691e-02 4.040959e-04
-5.389610e-02 4.078422e-04
-5.369248e-02 4.049010e-04
-5.349518e-02 4.072164e-04
-5.329965e-02 4.069966e-04
-5.309791e-02 4.011208e-04
-5.288756e-02 4.041904e-04
-5.267542e-02 4.046210e-04
-5.246598e-02 4.031486e-04
-5.226123e-02 4.069774e-04
-5.206241e-02 4.047709e-04
-5.186748e-02 4.051898e-04
-5.166861e-02 4.077247e-04
-5.146262e-02 4.027803e-04
-5.125159e-02 4.040583e-04
-5.104152e-02 4.092631e-04
-5.083748e-02 4.074854e-04
-5.063901e-02 4.119210e-04
-5.043969e-02 4.121653e-04
-5.023713e-02 4.073701e-04
-5.003209e-02 4.089961e-04
-4.982099e-02 4.034868e-04
-4.960733e-02 4.030312e-04
-4.939996e-02 4.121757e-04
-4.920020e-02 4.109332e-04
-4.900251e-02 4.109237e-04
-4.880318e-02 4.118964e-04
-4.859906e-02 4.066441e-04
-4.838854e-02 4.085682e-04
-4.817630e-02 4.110677e-04
-4.796913e-02 4.089481e-04
-4.776721e-02 4.117642e-04
-4.756798e-02 4.111741e-04
-4.736882e-02 4.096529e-04
-4.716467e-02 4.120817e-04
-4.695482e-02 4.093789e-04
-4.674388e-02 4.090572e-04
-4.653228e-02 4.122304e-04
-4.632676e-02 4.097126e-04
-4.612957e-02 4.114626e-04
-4.593234e-02 4.121146e-04
-4.572937e-02 4.042515e-04
-4.551978e-02 4.054334e-04
-4.530862e-02 4.060676e-04
-4.509950e-02 4.050577e-04
-4.489631e-02 4.122474e-04
-4.469929e-02 4.110971e-04
-4.450218e-02 4.077499e-04
-4.429827e-02 4.087955e-04
-4.408886e-02 4.025223e-04
-4.387779e-02 4.030909e-04
-4.366873e-02 4.079749e-04
-4.346740e-02 4.051155e-04
-4.327136e-02 4.059346e-04
-4.307514e-02 4.063318e-04
-4.287492e-02 4.008110e-04
-4.266813e-02 4.027447e-04
-4.245835e-02 4.031553e-04
-4.225243e-02 4.009948e-04
-4.205181e-02 4.037687e-04
-4.185652e-02 4.015804e-04
-4.166322e-02 3.988065e-04
-4.146557e-02 4.004040e-04
-4.126279e-02 3.963488e-04
-4.105538e-02 3.976502e-04
-4.084830e-02 4.017899e-04
-4.064846e-02 3.989569e-04
-4.045188e-02 4.015676e-04
-4.025753e-02 4.011434e-04
-4.006362e-02 3.956430e-04
-3.986469e-02 3.967006e-04
-3.966153e-02 3.925078e-04
-3.945795e-02 3.912614e-04
-3.925998e-02 3.972531e-04
-3.906770e-02 3.959547e-04
-3.887702e-02 3.950151e-04
-3.868441e-02 3.958426e-04
-3.848656e-02 3.892989e-04
-3.828174e-02 3.893615e-04
-3.807817e-02 3.916761e-04
-3.788175e-02 3.899808e-04
-3.768925e-02 3.917610e-04
-3.749915e-02 3.909747e-04
-3.730941e-02 3.894133e-04
-3.711601e-02 3.910378e-04
-3.691778e-02 3.875388e-04
-3.671797e-02 3.872116e-04
-3.651992e-02 3.892008e-04
-3.632627e-02 3.872899e-04
-3.613704e-02 3.893099e-04
-3.594899e-02 3.893349e-04
-3.575818e-02 3.848480e-04
-3.556196e-02 3.864621e-04
-3.536240e-02 3.854147e-04
-3.516449e-02 3.840516e-04
-3.497285e-02 3.906525e-04
-3.478478e-02 3.909104e-04
-3.459222e-02 3.890826e-04
-3.439676e-02 3.901531e-04
-3.419945e-02 3.850911e-04
-3.399888e-02 3.852518e-04
-3.380119e-02 3.905722e-04
-3.360783e-02 3.898661e-04
-3.341756e-02 3.931135e-04
-3.322757e-02 3.941031e-04
-3.303378e-02 3.904309e-04
-3.283489e-02 3.921946e-04
-3.262699e-02 3.819102e-04
-3.241190e-02 3.807778e-04
-3.220744e-02 3.954983e-04
-3.201609e-02 3.946683e-04
-3.182502e-02 3.928229e-04
-3.163012e-02 3.944419e-04
-3.143080e-02 3.916105e-04
-3.122846e-02 3.923899e-04
-3.102700e-02 3.960001e-04
-3.083130e-02 3.938652e-04
-3.064002e-02 3.952618e-04
-3.044845e-02 3.959371e-04
-3.025310e-02 3.915654e-04
-3.005424e-02 3.920874e-04
-2.985380e-02 3.909192e-04
-2.965511e-02 3.894500e-04
-2.946144e-02 3.936760e-04
-2.927086e-02 3.933522e-04
-2.907979e-02 3.916449e-04
-2.888660e-02 3.922931e-04
-2.868624e-02 3.870231e-04
-2.848324e-02 3.867231e-04
-2.828548e-02 3.897375e-04
-2.809227e-02 3.880595e-04
-2.790200e-02 3.883159e-04
-2.771130e-02 3.886647e-04
-2.751898e-02 3.869011e-04
