9.900000e+37 9.900000e+37
9.900000e+37 9.900000e+37
9.900000e+37 9.900000e+37
9.900000e+37 9.900000e+37
9.900000e+37 9.900000e+37
9.900000e+37 9.900000e+37
9.900000e+37 9.900000e+37
9.900000e+37 9.900000e+37
9.900000e+37 9.900000e+37
9.900000e+37 9.900000e+37
9.900000e+37 9.900000e+37
9.900000e+37 9.900000e+37
9.900000e+37 9.900000e+37
9.900000e+37 9.900000e+37
9.900000e+37 9.900000e+37
9.900000e+37 9.900000e+37
9.900000e+37 9.900000e+37
9.900000e+37 9.900000e+37
9.900000e+37 9.900000e+37
9.900000e+37 9.900000e+37
9.900000e+37 9.900000e+37
9.900000e+37 9.900000e+37
9.900000e+37 9.900000e+37
9.900000e+37 9.900000e+37
9.900000e+37 9.900000e+37
9.900000e+37 9.900000e+37
9.900000e+37 9.900000e+37
9.900000e+37 9.900000e+37
9.900000e+37 9.900000e+37
9.900000e+37 9.900000e+37
9.900000e+37 9.900000e+37
9.900000e+37 9.900000e+37
9.900000e+37 9.900000e+37
9.900000e+37 9.900000e+37
9.900000e+37 9.900000e+37
9.900000e+37 9.900000e+37
9.900000e+37 9.900000e+37
9.900000e+37 9.900000e+37
9.900000e+37 9.900000e+37
9.900000e+37 9.900000e+37
9.900000e+37 9.900000e+37
9.900000e+37 9.900000e+37
9.900000e+37 9.900000e+37
9.900000e+37 9.900000e+37
9.900000e+37 9.900000e+37
9.900000e+37 9.900000e+37
9.900000e+37 9.900000e+37
9.900000e+37 9.900000e+37
9.900000e+37 9.900000e+37
9.900000e+37 9.900000e+37
9.900000e+37 9.900000e+37
9.900000e+37 9.900000e+37
9.900000e+37 9.900000e+37
9.900000e+37 9.900000e+37
9.900000e+37 9.900000e+37
9.900000e+37 9.900000e+37
9.900000e+37 9.900000e+37
9.900000e+37 9.900000e+37
9.900000e+37 9.900000e+37
9.900000e+37 9.900000e+37
9.900000e+37 9.900000e+37
9.900000e+37 9.900000e+37
9.900000e+37 9.900000e+37
9.900000e+37 9.900000e+37
9.900000e+37 9.900000e+37
9.900000e+37 9.900000e+37
9.900000e+37 9.900000e+37
9.900000e+37 9.900000e+37
9.900000e+37 9.900000e+37
9.900000e+37 9.900000e+37
9.900000e+37 9.900000e+37
9.900000e+37 9.900000e+37
9.900000e+37 9.900000e+37
9.900000e+37 9.900000e+37
9.900000e+37 9.900000e+37
9.900000e+37 9.900000e+37
9.900000e+37 9.900000e+37
9.900000e+37 9.900000e+37
9.900000e+37 9.900000e+37
9.900000e+37 9.900000e+37
9.900000e+37 9.900000e+37
9.900000e+37 9.900000e+37
9.900000e+37 9.900000e+37
9.900000e+37 9.900000e+37
9.900000e+37 9.900000e+37
9.900000e+37 9.900000e+37
9.900000e+37 9.900000e+37
9.900000e+37 9.900000e+37
9.900000e+37 9.900000e+37
9.900000e+37 9.900000e+37
9.900000e+37 9.900000e+37
9.900000e+37 9.900000e+37
9.900000e+37 9.900000e+37
9.900000e+37 9.900000e+37
9.900000e+37 9.900000e+37
9.900000e+37 9.900000e+37
9.900000e+37 9.900000e+37
9.900000e+37 9.900000e+37
9.900000e+37 9.900000e+37
9.900000e+37 9.900000e+37
9.900000e+37 9.900000e+37
9.900000e+37 9.900000e+37
9.900000e+37 9.900000e+37
9.900000e+37 9.900000e+37
9.900000e+37 9.900000e+37
9.900000e+37 9.900000e+37
9.900000e+37 9.900000e+37
9.900000e+37 9.900000e+37
7.425000e+37 9.900000e+37
4.950000e+37 9.900000e+37
4.950000e+37 9.900000e+37
4.950000e+37 9.900000e+37
4.950000e+37 9.900000e+37
2.475000e+37 9.900000e+37
-1.186054e-01 5.861381e-04
-1.183139e-01 5.950480e-04
-1.180214e-01 5.988372e-04
-1.177173e-01 5.898885e-04
-1.174084e-01 5.895167e-04
-1.171031e-01 5.944311e-04
-1.168015e-01 5.919609e-04
-1.165088e-01 5.998684e-04
-1.162225e-01 6.008878e-04
-1.159280e-01 5.955374e-04
-1.156250e-01 5.986387e-04
-1.153213e-01 6.005320e-04
-1.150161e-01 6.021476e-04
-1.147099e-01 6.050388e-04
-1.144147e-01 5.994938e-04
-1.141288e-01 5.996061e-04
-1.138375e-01 6.028541e-04
-1.135373e-01 5.969306e-04
-1.132320e-01 5.978653e-04
-1.129232e-01 5.946159e-04
-1.126165e-01 5.921514e-04
-1.123193e-01 6.010667e-04
-1.120292e-01 5.999694e-04
-1.117382e-01 5.952721e-04
-1.114379e-01 5.991239e-04
-1.111278e-01 5.933287e-04
-1.108134e-01 5.937934e-04
-1.105054e-01 6.057255e-04
-1.102060e-01 6.028108e-04
-1.099126e-01 6.047391e-04
-1.096215e-01 6.061751e-04
-1.093225e-01 5.972596e-04
-1.090127e-01 6.004698e-04
-1.086971e-01 6.053390e-04
-1.083887e-01 6.028310e-04
-1.080916e-01 6.090956e-04
-1.077988e-01 6.088077e-04
-1.075025e-01 6.022972e-04
-1.071993e-01 6.041037e-04
-1.068906e-01 5.998076e-04
-1.065792e-01 5.998621e-04
-1.062703e-01 6.041253e-04
-1.059683e-01 6.014424e-04
-1.056747e-01 6.078272e-04
-1.053841e-01 6.083071e-04
-1.050868e-01 5.985468e-04
-1.047785e-01 6.016628e-04
-1.044660e-01 6.031896e-04
-1.041563e-01 6.020268e-04
-1.038535e-01 6.104402e-04
-1.035579e-01 6.091833e-04
-1.032635e-01 6.077692e-04
-1.029631e-01 6.088767e-04
-1.026577e-01 6.039114e-04
-1.023487e-01 6.063723e-04
-1.020327e-01 6.071772e-04
-1.017188e-01 6.061543e-04
-1.014155e-01 6.150520e-04
-1.011188e-01 6.142867e-04
-1.008263e-01 6.192625e-04
-1.005309e-01 6.227859e-04
-1.002190e-01 6.048374e-04
-9.989887e-02 6.032623e-04
-9.958697e-02 6.125765e-04
-9.928389e-02 6.106303e-04
-9.898644e-02 6.146355e-04
-9.869186e-02 6.143517e-04
-9.839357e-02 6.073721e-04
-9.808359e-02 6.118944e-04
-9.776436e-02 6.090170e-04
-9.744796e-02 6.062805e-04
-9.714609e-02 6.229503e-04
-9.685390e-02 6.231344e-04
-9.655595e-02 6.140293e-04
-9.624751e-02 6.149603e-04
-9.593050e-02 6.034066e-04
-9.560867e-02 6.041739e-04
-9.528789e-02 6.137299e-04
-9.497617e-02 6.117909e-04
-9.467576e-02 6.194563e-04
-9.437929e-02 6.198554e-04
-9.407990e-02 6.160943e-04
-9.377180e-02 6.199693e-04
-9.345523e-02 6.165570e-04
-9.313932e-02 6.149199e-04
-9.282772e-02 6.175396e-04
-9.252207e-02 6.148937e-04
-9.222299e-02 6.184901e-04
-9.192079e-02 6.216598e-04
-9.160910e-02 6.146260e-04
-9.129050e-02 6.162520e-04
-9.097261e-02 6.219740e-04
-9.066104e-02 6.202392e-04
-9.035575e-02 6.259088e-04
-9.005475e-02 6.253724e-04
-8.975694e-02 6.292245e-04
-8.944777e-02 6.352802e-04
-8.911938e-02 6.202143e-04
-8.879188e-02 6.163790e-04
-8.847655e-02 6.258160e-04
-8.816983e-02 6.240982e-04
-8.786353e-02 6.258984e-04
-8.755426e-02 6.282997e-04
-8.723866e-02 6.185240e-04
-8.691584e-02 6.193485e-04
-8.659622e-02 6.269868e-04
-8.628311e-02 6.258254e-04
-8.597766e-02 6.354014e-04
-8.567882e-02 6.348810e-04
-8.536994e-02 6.166843e-04
-8.504464e-02 6.199984e-04
-8.471730e-02 6.257630e-04
-8.439392e-02 6.254512e-04
-8.407611e-02 6.338839e-04
-8.376714e-02 6.316057e-04
-8.346339e-02 6.339852e-04
-8.315711e-02 6.363555e-04
-8.284161e-02 6.275371e-04
-8.251651e-02 6.301398e-04
-8.219050e-02 6.358579e-04
-8.186726e-02 6.340835e-04
-8.154942e-02 6.380988e-04
-8.123783e-02 6.379730e-04
-8.092175e-02 6.361899e-04
-8.060012e-02 6.388595e-04
-8.027488e-02 6.342420e-04
-7.994625e-02 6.346180e-04
-7.962190e-02 6.428144e-04
-7.930397e-02 6.419096e-04
-7.899011e-02 6.462054e-04
-7.867758e-02 6.469546e-04
-7.835983e-02 6.403219e-04
-7.803509e-02 6.421363e-04
-7.770513e-02 6.384451e-04
-7.737088e-02 6.396909e-04
-7.704208e-02 6.522412e-04
-7.672475e-02 6.498555e-04
-7.641070e-02 6.486813e-04
-7.609154e-02 6.513293e-04
-7.576424e-02 6.451113e-04
-7.543206e-02 6.458109e-04
-7.510126e-02 6.500505e-04
-7.477014e-02 6.495465e-04
-7.444434e-02 6.569370e-04
-7.412653e-02 6.570406e-04
-7.380519e-02 6.515129e-04
-7.347683e-02 6.536974e-04
-7.313993e-02 6.517455e-04
-7.280196e-02 6.517116e-04
-7.247105e-02 6.572185e-04
-7.214820e-02 6.543627e-04
-7.183097e-02 6.558120e-04
-7.150973e-02 6.587453e-04
-7.118014e-02 6.529536e-04
-7.084532e-02 6.540118e-04
-7.050940e-02 6.551027e-04
-7.017903e-02 6.521541e-04
-6.985635e-02 6.568065e-04
-6.953421e-02 6.581604e-04
-6.920713e-02 6.536825e-04
-6.887545e-02 6.548369e-04
-6.854083e-02 6.531143e-04
-6.820617e-02 6.525116e-04
-6.787478e-02 6.563094e-04
-6.754699e-02 6.533058e-04
-6.722561e-02 6.555606e-04
-6.690270e-02 6.594898e-04
-6.657078e-02 6.554929e-04
-6.623465e-02 6.565582e-04
-6.589454e-02 6.591044e-04
-6.555909e-02 6.572559e-04
-6.523386e-02 6.629120e-04
-6.491111e-02 6.634554e-04
-6.458522e-02 6.597138e-04
-6.425436e-02 6.613516e-04
-6.391785e-02 6.564590e-04
-6.357871e-02 6.562783e-04
-6.324395e-02 6.631009e-04
-6.291718e-02 6.607550e-04
-6.259473e-02 6.614564e-04
-6.227599e-02 6.594872e-04
-6.195081e-02 6.432844e-04
-6.160856e-02 6.477132e-04
-6.126473e-02 6.573705e-04
-6.092819e-02 6.564665e-04
-6.059842e-02 6.652655e-04
-6.027481e-02 6.647255e-04
-5.995113e-02 6.630921e-04
-5.961978e-02 6.648468e-04
-5.928265e-02 6.601143e-04
-5.894290e-02 6.622074e-04
-5.859903e-02 6.674360e-04
-5.826568e-02 6.630364e-04
-5.794292e-02 6.621567e-04
-5.761651e-02 6.640373e-04
-5.728475e-02 6.603267e-04
-5.695135e-02 6.599744e-04
-5.661612e-02 6.559499e-04
-5.628197e-02 6.538572e-04
-5.595398e-02 6.583371e-04
-5.563232e-02 6.561411e-04
-5.531221e-02 6.526126e-04
-5.498953e-02 6.528861e-04
-5.466168e-02 6.450191e-04
-5.433271e-02 6.428601e-04
-5.400703e-02 6.423505e-04
-5.368097e-02 6.423903e-04
-5.335896e-02 6.492496e-04
-5.304264e-02 6.483010e-04
-5.272453e-02 6.426992e-04
-5.239635e-02 6.445310e-04
-5.206384e-02 6.424644e-04
-5.173319e-02 6.427782e-04
-5.140813e-02 6.528527e-04
-5.109005e-02 6.523466e-04
-5.076928e-02 6.526476e-04
-5.044579e-02 6.543667e-04
-5.011999e-02 6.491601e-04
-4.978782e-02 6.511154e-04
-4.945255e-02 6.513751e-04
-4.912423e-02 6.472950e-04
-4.880475e-02 6.507267e-04
-4.848856e-02 6.499844e-04
-4.817027e-02 6.444253e-04
-4.785029e-02 6.434452e-04
-4.752539e-02 6.325283e-04
-4.719870e-02 6.296809e-04
-4.687999e-02 6.350928e-04
-4.656754e-02 6.332694e-04
-4.625793e-02 6.329187e-04
-4.594513e-02 6.346995e-04
-4.562572e-02 6.285765e-04
-4.530172e-02 6.291213e-04
-4.497914e-02 6.329830e-04
-4.465814e-02 6.312699e-04
-4.434255e-02 6.354962e-04
-4.403263e-02 6.357893e-04
-4.371640e-02 6.321211e-04
-4.339476e-02 6.340308e-04
-4.307308e-02 6.332886e-04
-4.275183e-02 6.327606e-04
-4.243387e-02 6.367774e-04
-4.211955e-02 6.360338e-04
-4.180690e-02 6.367449e-04
-4.149154e-02 6.386234e-04
-4.117165e-02 6.362633e-04
-4.084806e-02 6.376355e-04
-4.052400e-02 6.406622e-04
-4.020368e-02 6.395007e-04
-3.988807e-02 6.441259e-04
-3.957406e-02 6.448256e-04
-3.925597e-02 6.399504e-04
-3.893263e-02 6.413560e-04
-3.860649e-02 6.406023e-04
-3.828107e-02 6.399012e-04
-3.795923e-02 6.439393e-04
-3.763958e-02 6.419059e-04
-3.732152e-02 6.388933e-04
-3.700543e-02 6.388054e-04
-3.668309e-02 6.341758e-04
-3.635791e-02 6.342079e-04
-3.603676e-02 6.349945e-04
-3.571677e-02 6.345746e-04
-3.540123e-02 6.408217e-04
-3.508923e-02 6.409431e-04
-3.477412e-02 6.361066e-04
-3.445535e-02 6.365734e-04
-3.413345e-02 6.326495e-04
-3.381113e-02 6.314894e-04
-3.349272e-02 6.347932e-04
-3.317834e-02 6.335627e-04
-3.286638e-02 6.342022e-04
-3.255427e-02 6.345265e-04
-3.223926e-02 6.306046e-04
-3.192035e-02 6.315464e-04
-3.159958e-02 6.310697e-04
-3.127980e-02 6.303024e-04
-3.096585e-02 6.379019e-04
-3.065024e-02 6.394678e-04
-3.033067e-02 6.372079e-04
-3.001284e-02 6.375149e-04
-2.969289e-02 6.348522e-04
-2.937080e-02 6.351557e-04
-2.904650e-02 6.383013e-04
-2.872515e-02 6.376778e-04
-2.841011e-02 6.404352e-04
-2.809321e-02 6.425412e-04
-2.777283e-02 6.425682e-04
-2.744761e-02 6.454910e-04
-2.712007e-02 6.497597e-04
-2.679411e-02 6.503541e-04
-2.647004e-02 6.551692e-04
-2.614608e-02 6.568378e-04
-2.582065e-02 6.590176e-04
-2.549318e-02 6.610280e-04
-2.516034e-02 6.576410e-04
-2.482584e-02 6.574150e-04
-2.449396e-02 6.611392e-04
-2.416675e-02 6.596631e-04
-2.384193e-02 6.595353e-04
-2.351568e-02 6.603416e-04
-2.318862e-02 6.612156e-04
-2.285330e-02 6.642243e-04
-2.251244e-02 6.633971e-04
-2.217481e-02 6.634074e-04
-2.183831e-02 6.715668e-04
-2.150410e-02 6.731446e-04
-2.117203e-02 6.747742e-04
-2.083550e-02 6.780437e-04
-2.049406e-02 6.789467e-04
-2.014899e-02 6.814579e-04
-1.980421e-02 6.889064e-04
-1.946268e-02 6.896269e-04
-1.912290e-02 6.945311e-04
-1.878069e-02 6.977539e-04
-1.843343e-02 6.982867e-04
-1.807942e-02 7.025447e-04
-1.772230e-02 7.091947e-04
-1.736437e-02 7.120820e-04
-1.700682e-02 7.207473e-04
-1.665084e-02 7.229216e-04
-1.629306e-02 7.259502e-04
-1.593347e-02 7.281321e-04
-1.556928e-02 7.265277e-04
-1.519838e-02 7.274933e-04
-1.482682e-02 7.290888e-04
-1.446523e-02 7.261772e-04
-1.410723e-02 7.240394e-04
-1.375073e-02 7.223713e-04
-1.338877e-02 7.154400e-04
-1.302672e-02 7.129749e-04
-1.266879e-02 7.061911e-04
-1.231531e-02 7.010702e-04
-1.196752e-02 6.963481e-04
-1.162406e-02 6.920407e-04
-1.128302e-02 6.840962e-04
-1.094272e-02 6.807891e-04
-1.060303e-02 6.726353e-04
-1.026335e-02 6.696979e-04
-9.926967e-03 6.670394e-04
-9.596741e-03 6.623797e-04
-9.270279e-03 6.557237e-04
-8.949295e-03 6.500344e-04
-8.629991e-03 6.370365e-04
-8.314664e-03 6.299660e-04
-8.001462e-03 6.138717e-04
-7.691529e-03 6.040744e-04
-7.389935e-03 5.908839e-04
-7.099179e-03 5.817037e-04
-6.814708e-03 5.666951e-04
-6.537195e-03 5.571140e-04
-6.260222e-03 5.364894e-04
-5.988426e-03 5.258993e-04
-5.727858e-03 5.100492e-04
-5.474865e-03 4.997894e-04
-5.230042e-03 4.849352e-04
-4.991358e-03 4.758968e-04
-4.758662e-03 4.607888e-04
-4.530322e-03 4.527305e-04
-4.306869e-03 4.385080e-04
-4.088748e-03 4.301826e-04
-3.876696e-03 4.171924e-04
-3.670596e-03 4.089381e-04
-3.470727e-03 3.964168e-04
-3.275529e-03 3.891015e-04
-3.084391e-03 3.755629e-04
-2.897238e-03 3.682936e-04
-2.715448e-03 3.570571e-04
-2.537951e-03 3.504309e-04
-2.365500e-03 3.404519e-04
-2.195464e-03 3.342860e-04
-2.029720e-03 3.243985e-04
-1.869213e-03 3.188379e-04
-1.710386e-03 3.091025e-04
-1.555267e-03 3.033432e-04
-1.405934e-03 2.940307e-04
-1.260218e-03 2.885032e-04
-1.118437e-03 2.797197e-04
-9.804207e-04 2.742941e-04
-8.457729e-04 2.648479e-04
-7.146025e-04 2.593567e-04
-5.871149e-04 2.502535e-04
-4.641176e-04 2.442767e-04
-3.448784e-04 2.339509e-04
-2.290134e-04 2.282308e-04
-1.172175e-04 2.190398e-04
-1.752635e-06 2.179707e-04
1.093251e-04 2.222343e-04
2.246370e-04 2.263492e-04
3.401739e-04 2.373335e-04
4.598229e-04 2.437604e-04
5.840471e-04 2.539713e-04
7.133731e-04 2.598131e-04
8.468518e-04 2.690355e-04
9.821592e-04 2.743334e-04
1.122674e-03 2.830598e-04
1.266765e-03 2.883748e-04
1.412957e-03 2.969907e-04
1.563217e-03 3.025384e-04
1.716959e-03 3.121329e-04
1.873715e-03 3.173995e-04
2.033607e-03 3.267925e-04
2.197888e-03 3.328132e-04
2.366074e-03 3.430143e-04
2.538930e-03 3.494940e-04
2.716393e-03 3.597978e-04
2.898951e-03 3.665706e-04
3.085259e-03 3.791204e-04
3.276189e-03 3.864178e-04
3.471576e-03 3.992448e-04
3.673363e-03 4.077100e-04
3.881329e-03 4.209033e-04
4.093431e-03 4.281399e-04
4.309695e-03 4.412906e-04
4.534207e-03 4.494289e-04
4.763694e-03 4.636112e-04
4.996764e-03 4.723873e-04
5.238473e-03 4.869907e-04
5.488132e-03 4.970659e-04
5.741892e-03 5.136622e-04
6.002847e-03 5.239622e-04
6.269167e-03 5.436106e-04
6.540503e-03 5.536999e-04
6.819283e-03 5.692943e-04
7.104290e-03 5.786524e-04
7.396670e-03 5.923340e-04
7.696954e-03 6.020125e-04
8.003892e-03 6.177831e-04
8.313795e-03 6.252424e-04
8.627600e-03 6.394433e-04
8.944906e-03 6.466605e-04
9.268316e-03 6.565127e-04
9.595199e-03 6.621470e-04
9.928588e-03 6.669278e-04
1.026867e-02 6.703745e-04
1.061010e-02 6.776614e-04
1.094686e-02 6.797714e-04
1.128312e-02 6.864147e-04
1.162411e-02 6.916386e-04
1.197489e-02 6.964499e-04
1.233133e-02 7.015908e-04
1.268712e-02 7.103560e-04
1.304313e-02 7.136342e-04
1.339979e-02 7.216358e-04
1.375608e-02 7.242939e-04
1.411525e-02 7.268829e-04
1.447805e-02 7.300028e-04
1.484609e-02 7.299156e-04
1.521414e-02 7.298891e-04
1.558031e-02 7.329645e-04
1.594229e-02 7.315539e-04
1.630322e-02 7.293893e-04
1.666247e-02 7.276012e-04
1.702347e-02 7.197062e-04
1.738569e-02 7.175944e-04
1.774755e-02 7.123194e-04
1.810867e-02 7.075680e-04
1.846286e-02 7.059279e-04
1.880809e-02 7.023875e-04
1.915295e-02 6.932301e-04
1.950048e-02 6.915100e-04
1.985166e-02 6.871434e-04
2.020307e-02 6.857070e-04
2.054763e-02 6.866062e-04
2.088650e-02 6.835065e-04
2.122234e-02 6.799640e-04
2.155861e-02 6.789545e-04
2.189702e-02 6.725944e-04
2.223623e-02 6.707875e-04
2.257482e-02 6.667993e-04
2.291096e-02 6.638914e-04
2.324154e-02 6.651065e-04
2.357044e-02 6.645309e-04
2.389869e-02 6.640077e-04
2.423005e-02 6.656877e-04
2.456521e-02 6.639978e-04
2.490045e-02 6.634341e-04
2.523344e-02 6.656278e-04
2.556786e-02 6.650205e-04
2.590006e-02 6.670185e-04
2.622693e-02 6.668242e-04
2.656072e-02 6.610667e-04
2.689631e-02 6.600558e-04
2.723095e-02 6.525483e-04
2.756237e-02 6.479076e-04
2.788461e-02 6.503533e-04
2.820412e-02 6.495928e-04
2.852409e-02 6.466918e-04
2.884517e-02 6.463066e-04
2.916895e-02 6.407158e-04
2.949568e-02 6.404744e-04
2.981999e-02 6.438387e-04
3.013981e-02 6.423457e-04
3.045694e-02 6.426867e-04
3.077360e-02 6.425297e-04
3.109258e-02 6.382296e-04
3.141567e-02 6.391547e-04
3.174018e-02 6.393523e-04
3.206256e-02 6.381454e-04
3.238009e-02 6.429010e-04
3.269746e-02 6.423417e-04
3.301487e-02 6.406825e-04
3.333245e-02 6.423681e-04
3.365901e-02 6.381941e-04
3.398932e-02 6.389474e-04
3.431394e-02 6.444491e-04
3.463353e-02 6.434019e-04
3.495122e-02 6.436597e-04
3.526964e-02 6.441863e-04
3.558904e-02 6.440080e-04
3.591121e-02 6.456106e-04
3.623746e-02 6.432347e-04
3.656310e-02 6.420061e-04
3.688455e-02 6.455816e-04
3.720260e-02 6.448198e-04
3.751911e-02 6.452693e-04
3.783949e-02 6.477606e-04
3.816478e-02 6.464836e-04
3.849497e-02 6.489658e-04
3.882682e-02 6.530819e-04
3.915795e-02 6.519146e-04
3.948376e-02 6.574998e-04
3.980182e-02 6.571119e-04
4.012286e-02 6.511387e-04
4.044854e-02 6.517402e-04
4.078134e-02 6.477098e-04
4.111444e-02 6.464429e-04
4.144014e-02 6.490842e-04
4.176110e-02 6.471804e-04
4.207908e-02 6.468741e-04
4.239685e-02 6.466432e-04
4.271835e-02 6.397850e-04
4.304486e-02 6.403292e-04
4.337100e-02 6.424609e-04
4.369294e-02 6.407084e-04
4.400939e-02 6.450221e-04
4.432204e-02 6.442889e-04
4.463622e-02 6.396767e-04
4.495700e-02 6.419768e-04
4.528444e-02 6.372367e-04
4.561164e-02 6.353894e-04
4.593300e-02 6.400267e-04
4.625352e-02 6.390240e-04
4.657121e-02 6.409047e-04
4.688586e-02 6.419348e-04
4.720475e-02 6.378000e-04
4.752987e-02 6.400117e-04
4.786006e-02 6.437542e-04
4.818858e-02 6.441236e-04
4.850856e-02 6.532898e-04
4.882603e-02 6.550737e-04
4.914744e-02 6.534265e-04
4.947747e-02 6.580080e-04
4.981369e-02 6.603742e-04
5.014825e-02 6.602235e-04
5.047945e-02 6.654093e-04
5.080519e-02 6.639896e-04
5.112945e-02 6.625090e-04
5.145622e-02 6.634808e-04
5.178916e-02 6.558513e-04
5.212463e-02 6.546158e-04
5.245733e-02 6.557902e-04
5.278496e-02 6.531607e-04
5.310617e-02 6.565695e-04
5.342850e-02 6.562487e-04
5.375464e-02 6.490290e-04
5.408395e-02 6.505403e-04
5.441672e-02 6.490418e-04
5.474907e-02 6.482516e-04
5.507878e-02 6.565647e-04
5.540408e-02 6.569354e-04
5.572535e-02 6.585341e-04
5.605156e-02 6.620858e-04
5.638508e-02 6.597526e-04
5.672379e-02 6.620318e-04
5.706300e-02 6.675122e-04
5.739727e-02 6.665104e-04
5.772506e-02 6.745411e-04
5.805140e-02 6.765524e-04
5.838308e-02 6.732056e-04
5.872380e-02 6.774389e-04
5.907037e-02 6.794388e-04
5.941094e-02 6.765519e-04
5.974697e-02 6.761063e-04
6.007965e-02 6.739254e-04
6.040912e-02 6.731987e-04
6.074495e-02 6.744547e-04
6.108684e-02 6.678802e-04
6.142880e-02 6.678214e-04
6.177531e-02 6.663690e-04
6.211631e-02 6.625690e-04
6.244483e-02 6.665010e-04
6.277647e-02 6.697925e-04
6.310866e-02 6.780092e-04
6.343749e-02 6.789482e-04
6.377462e-02 6.676948e-04
6.411677e-02 6.666546e-04
6.445467e-02 6.708269e-04
6.478706e-02 6.690040e-04
6.511424e-02 6.726396e-04
6.544272e-02 6.747374e-04
6.577842e-02 6.685186e-04
6.611989e-02 6.697520e-04
6.646214e-02 6.718992e-04
6.679949e-02 6.697365e-04
6.713048e-02 6.743546e-04
6.745523e-02 6.722609e-04
6.778100e-02 6.647399e-04
6.811927e-02 6.672646e-04
6.846406e-02 6.635159e-04
6.880414e-02 6.616043e-04
6.914155e-02 6.669460e-04
6.947334e-02 6.655125e-04
6.979962e-02 6.644389e-04
7.012714e-02 6.647953e-04
7.045896e-02 6.585960e-04
7.080100e-02 6.625167e-04
7.114618e-02 6.681909e-04
7.147887e-02 6.627235e-04
7.180081e-02 6.654676e-04
7.212300e-02 6.665977e-04
7.245005e-02 6.616154e-04
7.278394e-02 6.639386e-04
7.312427e-02 6.596500e-04
7.346369e-02 6.575668e-04
7.379526e-02 6.649134e-04
7.411884e-02 6.627549e-04
7.443985e-02 6.610573e-04
7.477058e-02 6.640331e-04
7.511120e-02 6.559260e-04
7.544973e-02 6.539895e-04
7.578229e-02 6.584584e-04
7.610928e-02 6.567591e-04
7.643468e-02 6.608953e-04
7.675754e-02 6.608451e-04
7.708130e-02 6.529986e-04
7.741275e-02 6.547964e-04
7.775015e-02 6.498412e-04
7.808694e-02 6.476890e-04
7.841444e-02 6.572312e-04
7.873208e-02 6.547364e-04
7.905006e-02 6.472193e-04
7.937484e-02 6.485922e-04
7.970404e-02 6.450071e-04
8.003622e-02 6.455045e-04
8.036552e-02 6.516981e-04
8.068654e-02 6.489556e-04
8.100218e-02 6.503412e-04
8.131872e-02 6.513863e-04
8.164077e-02 6.450862e-04
8.197286e-02 6.466316e-04
8.230851e-02 6.450808e-04
8.263491e-02 6.411828e-04
8.295199e-02 6.457587e-04
8.326357e-02 6.441416e-04
8.357821e-02 6.406302e-04
8.389878e-02 6.428891e-04
8.422446e-02 6.346104e-04
8.455379e-02 6.338311e-04
8.487839e-02 6.395848e-04
8.519313e-02 6.357275e-04
8.550218e-02 6.345066e-04
8.581116e-02 6.340288e-04
8.612388e-02 6.264728e-04
8.644659e-02 6.297643e-04
8.677441e-02 6.303845e-04
8.709683e-02 6.273623e-04
8.740963e-02 6.350267e-04
8.771631e-02 6.341002e-04
8.802275e-02 6.319181e-04
8.833486e-02 6.345406e-04
8.865533e-02 6.278470e-04
8.898298e-02 6.275896e-04
8.930826e-02 6.308758e-04
8.962248e-02 6.275814e-04
8.993037e-02 6.348743e-04
9.023608e-02 6.361734e-04
9.054998e-02 6.201740e-04
9.087323e-02 6.200338e-04
9.119505e-02 6.220279e-04
9.151272e-02 6.202503e-04
9.182212e-02 6.291376e-04
9.212441e-02 6.280688e-04
9.242639e-02 6.256231e-04
9.273551e-02 6.290305e-04
9.305494e-02 6.212594e-04
9.337613e-02 6.195209e-04
9.369321e-02 6.215692e-04
9.400152e-02 6.170360e-04
9.430183e-02 6.177956e-04
9.460372e-02 6.190109e-04
9.490998e-02 6.150692e-04
9.522544e-02 6.191804e-04
9.554672e-02 6.208819e-04
9.586498e-02 6.175695e-04
9.617352e-02 6.245089e-04
9.647149e-02 6.228116e-04
9.677268e-02 6.186260e-04
9.708276e-02 6.224182e-04
9.739855e-02 6.176181e-04
9.771645e-02 6.171598e-04
9.803712e-02 6.112647e-04
9.834880e-02 6.037378e-04
9.864128e-02 6.148846e-04
9.893669e-02 6.206527e-04
9.924580e-02 6.137828e-04
9.955852e-02 6.134815e-04
9.987270e-02 6.102163e-04
1.001856e-01 6.082398e-04
1.004908e-01 6.153964e-04
1.007872e-01 6.125981e-04
1.010823e-01 6.068212e-04
1.013874e-01 6.107272e-04
1.017100e-01 5.922729e-04
1.020401e-01 5.880452e-04
1.023479e-01 6.134303e-04
1.026413e-01 6.160236e-04
1.029360e-01 6.210709e-04
1.032274e-01 6.209643e-04
1.035312e-01 6.058956e-04
1.038486e-01 6.085142e-04
1.041652e-01 6.110838e-04
1.044763e-01 6.086490e-04
1.047773e-01 6.187628e-04
1.050711e-01 6.180728e-04
1.053750e-01 5.991296e-04
1.056895e-01 5.986203e-04
1.059966e-01 6.095638e-04
1.063008e-01 6.117676e-04
1.066083e-01 6.122715e-04
1.069064e-01 6.067652e-04
1.071959e-01 6.058061e-04
1.074895e-01 6.079269e-04
1.077912e-01 6.003434e-04
1.081005e-01 6.022492e-04
1.084134e-01 6.016876e-04
1.087274e-01 6.000854e-04
1.090373e-01 6.025198e-04
1.093462e-01 6.048352e-04
1.096487e-01 6.217735e-04
1.099368e-01 6.192949e-04
1.102352e-01 6.010112e-04
1.105477e-01 6.028619e-04
1.108585e-01 6.052068e-04
1.111628e-01 6.021462e-04
1.114584e-01 6.081401e-04
1.117508e-01 6.083284e-04
1.120476e-01 6.014527e-04
1.123514e-01 6.032100e-04
1.126614e-01 5.978207e-04
1.129723e-01 5.964855e-04
1.132746e-01 6.072874e-04
1.135660e-01 6.045916e-04
1.138549e-01 6.010237e-04
1.141489e-01 6.027078e-04
1.144511e-01 5.934680e-04
1.147604e-01 5.943518e-04
1.150703e-01 5.956696e-04
1.153786e-01 5.931336e-04
1.156780e-01 6.008900e-04
1.159672e-01 5.995682e-04
1.162590e-01 5.971047e-04
1.165636e-01 6.038954e-04
1.168773e-01 6.019396e-04
1.171834e-01 5.965936e-04
1.174804e-01 5.966967e-04
1.177749e-01 5.951967e-04
1.180638e-01 6.005121e-04
1.183503e-01 6.010117e-04
1.186454e-01 5.879446e-04
1.189550e-01 5.919546e-04
1.192692e-01 5.955184e-04
2.475000e+37 9.900000e+37
4.950000e+37 9.900000e+37
4.950000e+37 9.900000e+37
4.950000e+37 9.900000e+37
4.950000e+37 9.900000e+37
7.425000e+37 9.900000e+37
9.900000e+37 9.900000e+37
9.900000e+37 9.900000e+37
9.900000e+37 9.900000e+37
9.900000e+37 9.900000e+37
9.900000e+37 9.900000e+37
9.900000e+37 9.900000e+37
9.900000e+37 9.900000e+37
9.900000e+37 9.900000e+37
9.900000e+37 9.900000e+37
9.900000e+37 9.900000e+37
9.900000e+37 9.900000e+37
9.900000e+37 9.900000e+37
9.900000e+37 9.900000e+37
9.900000e+37 9.900000e+37
9.900000e+37 9.900000e+37
9.900000e+37 9.900000e+37
9.900000e+37 9.900000e+37
9.900000e+37 9.900000e+37
9.900000e+37 9.900000e+37
9.900000e+37 9.900000e+37
9.900000e+37 9.900000e+37
9.900000e+37 9.900000e+37
9.900000e+37 9.900000e+37
9.900000e+37 9.900000e+37
9.900000e+37 9.900000e+37
9.900000e+37 9.900000e+37
9.900000e+37 9.900000e+37
9.900000e+37 9.900000e+37
9.900000e+37 9.900000e+37
9.900000e+37 9.900000e+37
9.900000e+37 9.900000e+37
9.900000e+37 9.900000e+37
9.900000e+37 9.900000e+37
9.900000e+37 9.900000e+37
9.900000e+37 9.900000e+37
9.900000e+37 9.900000e+37
9.900000e+37 9.900000e+37
9.900000e+37 9.900000e+37
9.900000e+37 9.900000e+37
9.900000e+37 9.900000e+37
9.900000e+37 9.900000e+37
9.900000e+37 9.900000e+37
9.900000e+37 9.900000e+37
9.900000e+37 9.900000e+37
9.900000e+37 9.900000e+37
9.900000e+37 9.900000e+37
9.900000e+37 9.900000e+37
9.900000e+37 9.900000e+37
9.900000e+37 9.900000e+37
9.900000e+37 9.900000e+37
9.900000e+37 9.900000e+37
9.900000e+37 9.900000e+37
9.900000e+37 9.900000e+37
9.900000e+37 9.900000e+37
9.900000e+37 9.900000e+37
9.900000e+37 9.900000e+37
9.900000e+37 9.900000e+37
9.900000e+37 9.900000e+37
9.900000e+37 9.900000e+37
9.900000e+37 9.900000e+37
9.900000e+37 9.900000e+37
9.900000e+37 9.900000e+37
9.900000e+37 9.900000e+37
9.900000e+37 9.900000e+37
9.900000e+37 9.900000e+37
9.900000e+37 9.900000e+37
9.900000e+37 9.900000e+37
9.900000e+37 9.900000e+37
9.900000e+37 9.900000e+37
9.900000e+37 9.900000e+37
9.900000e+37 9.900000e+37
9.900000e+37 9.900000e+37
9.900000e+37 9.900000e+37
9.900000e+37 9.900000e+37
9.900000e+37 9.900000e+37
9.900000e+37 9.900000e+37
9.900000e+37 9.900000e+37
9.900000e+37 9.900000e+37
9.900000e+37 9.900000e+37
9.900000e+37 9.900000e+37
9.900000e+37 9.900000e+37
9.900000e+37 9.900000e+37
9.900000e+37 9.900000e+37
9.900000e+37 9.900000e+37
9.900000e+37 9.900000e+37
9.900000e+37 9.900000e+37
9.900000e+37 9.900000e+37
9.900000e+37 9.900000e+37
9.900000e+37 9.900000e+37
9.900000e+37 9.900000e+37
9.900000e+37 9.900000e+37
9.900000e+37 9.900000e+37
9.900000e+37 9.900000e+37
9.900000e+37 9.900000e+37
9.900000e+37 9.900000e+37
9.900000e+37 9.900000e+37
9.900000e+37 9.900000e+37
9.900000e+37 9.900000e+37
9.900000e+37 9.900000e+37
9.900000e+37 9.900000e+37
9.900000e+37 9.900000e+37
9.900000e+37 9.900000e+37
9.900000e+37 9.900000e+37
