9.900000e+37 9.900000e+37
9.900000e+37 9.900000e+37
9.900000e+37 9.900000e+37
9.900000e+37 9.900000e+37
9.900000e+37 9.900000e+37
9.900000e+37 9.900000e+37
9.900000e+37 9.900000e+37
9.900000e+37 9.900000e+37
9.900000e+37 9.900000e+37
9.900000e+37 9.900000e+37
9.900000e+37 9.900000e+37
9.900000e+37 9.900000e+37
9.900000e+37 9.900000e+37
9.900000e+37 9.900000e+37
9.900000e+37 9.900000e+37
9.900000e+37 9.900000e+37
9.900000e+37 9.900000e+37
9.900000e+37 9.900000e+37
9.900000e+37 9.900000e+37
9.900000e+37 9.900000e+37
9.900000e+37 9.900000e+37
9.900000e+37 9.900000e+37
9.900000e+37 9.900000e+37
9.900000e+37 9.900000e+37
9.900000e+37 9.900000e+37
9.900000e+37 9.900000e+37
9.900000e+37 9.900000e+37
9.900000e+37 9.900000e+37
9.900000e+37 9.900000e+37
9.900000e+37 9.900000e+37
9.900000e+37 9.900000e+37
9.900000e+37 9.900000e+37
9.900000e+37 9.900000e+37
9.900000e+37 9.900000e+37
9.900000e+37 9.900000e+37
9.900000e+37 9.900000e+37
9.900000e+37 9.900000e+37
9.900000e+37 9.900000e+37
9.900000e+37 9.900000e+37
9.900000e+37 9.900000e+37
9.900000e+37 9.900000e+37
9.900000e+37 9.900000e+37
9.900000e+37 9.900000e+37
9.900000e+37 9.900000e+37
9.900000e+37 9.900000e+37
9.900000e+37 9.900000e+37
9.900000e+37 9.900000e+37
9.900000e+37 9.900000e+37
7.425000e+37 9.900000e+37
4.950000e+37 9.900000e+37
4.950000e+37 9.900000e+37
2.475000e+37 9.900000e+37
-1.190363e-01 4.841121e-04
-1.187816e-01 4.962145e-04
-1.185349e-01 4.950925e-04
-1.182952e-01 5.036998e-04
-1.180616e-01 5.038700e-04
-1.178138e-01 4.826141e-04
-1.175470e-01 4.863627e-04
-1.172820e-01 4.979594e-04
-1.170310e-01 4.937315e-04
-1.167918e-01 5.018085e-04
-1.165649e-01 4.973813e-04
-1.163367e-01 4.829049e-04
-1.160878e-01 4.900711e-04
-1.158273e-01 4.903594e-04
-1.155642e-01 4.919711e-04
-1.153051e-01 5.032161e-04
-1.150599e-01 4.982641e-04
-1.148243e-01 5.003280e-04
-1.145866e-01 5.029875e-04
-1.143350e-01 4.891288e-04
-1.140726e-01 4.906020e-04
-1.138124e-01 4.964790e-04
-1.135545e-01 4.972369e-04
-1.133016e-01 5.077572e-04
-1.130626e-01 5.032147e-04
-1.128291e-01 4.999382e-04
-1.125854e-01 5.049295e-04
-1.123294e-01 4.982298e-04
-1.120645e-01 5.004923e-04
-1.117997e-01 5.071658e-04
-1.115503e-01 5.010896e-04
-1.113145e-01 5.068615e-04
-1.110772e-01 5.098412e-04
-1.108288e-01 5.016540e-04
-1.105741e-01 5.024755e-04
-1.103147e-01 4.948557e-04
-1.100501e-01 4.951883e-04
-1.097919e-01 5.068008e-04
-1.095477e-01 5.026014e-04
-1.093094e-01 5.007310e-04
-1.090695e-01 5.009758e-04
-1.088220e-01 4.890107e-04
-1.085574e-01 4.943291e-04
-1.082882e-01 5.015247e-04
-1.080329e-01 4.964502e-04
-1.077897e-01 5.024170e-04
-1.075479e-01 5.037382e-04
-1.073046e-01 5.069730e-04
-1.070552e-01 5.118435e-04
-1.067932e-01 5.024480e-04
-1.065289e-01 5.004202e-04
-1.062755e-01 5.128559e-04
-1.060319e-01 5.113657e-04
-1.057912e-01 5.119272e-04
-1.055482e-01 5.135151e-04
-1.052949e-01 5.007618e-04
-1.050272e-01 5.041485e-04
-1.047585e-01 5.121129e-04
-1.045013e-01 5.088476e-04
-1.042518e-01 5.126953e-04
-1.040054e-01 5.122877e-04
-1.037578e-01 5.112053e-04
-1.035015e-01 5.160019e-04
-1.032350e-01 5.102568e-04
-1.029659e-01 5.097089e-04
-1.027030e-01 5.185427e-04
-1.024479e-01 5.170795e-04
-1.021997e-01 5.245269e-04
-1.019538e-01 5.257859e-04
-1.016977e-01 5.122290e-04
-1.014283e-01 5.146143e-04
-1.011508e-01 5.077674e-04
-1.008746e-01 5.052419e-04
-1.006125e-01 5.237637e-04
-1.003635e-01 5.226016e-04
-1.001145e-01 5.174002e-04
-9.985909e-02 5.193863e-04
-9.959646e-02 5.128644e-04
-9.933041e-02 5.125612e-04
-9.906540e-02 5.134305e-04
-9.880494e-02 5.110032e-04
-9.855611e-02 5.236517e-04
-9.831234e-02 5.251609e-04
-9.805534e-02 5.072725e-04
-9.778443e-02 5.084839e-04
-9.751341e-02 5.117129e-04
-9.724971e-02 5.091805e-04
-9.699323e-02 5.161021e-04
-9.674173e-02 5.156134e-04
-9.649399e-02 5.185955e-04
-9.624144e-02 5.225557e-04
-9.597658e-02 5.130112e-04
-9.570523e-02 5.134789e-04
-9.543752e-02 5.208605e-04
-9.518177e-02 5.163279e-04
-9.493327e-02 5.158284e-04
-9.467971e-02 5.179885e-04
-9.441844e-02 5.111748e-04
-9.415010e-02 5.136649e-04
-9.387907e-02 5.161343e-04
-9.361322e-02 5.139304e-04
-9.335511e-02 5.226529e-04
-9.310409e-02 5.215457e-04
-9.285416e-02 5.183332e-04
-9.259820e-02 5.207919e-04
-9.233478e-02 5.151647e-04
-9.206509e-02 5.169151e-04
-9.179443e-02 5.201876e-04
-9.153199e-02 5.164323e-04
-9.128098e-02 5.250783e-04
-9.102935e-02 5.278481e-04
-9.076709e-02 5.178137e-04
-9.049605e-02 5.201676e-04
-9.022358e-02 5.243308e-04
-8.995724e-02 5.221637e-04
-8.969782e-02 5.296324e-04
-8.944343e-02 5.292990e-04
-8.918939e-02 5.269735e-04
-8.893007e-02 5.293053e-04
-8.865932e-02 5.167032e-04
-8.838220e-02 5.159943e-04
-8.811389e-02 5.287183e-04
-8.785397e-02 5.282575e-04
-8.759955e-02 5.361676e-04
-8.734895e-02 5.360051e-04
-8.709037e-02 5.222447e-04
-8.681899e-02 5.256752e-04
-8.654093e-02 5.240969e-04
-8.626897e-02 5.198739e-04
-8.600692e-02 5.265899e-04
-8.574972e-02 5.260963e-04
-8.549872e-02 5.330867e-04
-8.524000e-02 5.402425e-04
-8.496372e-02 5.308142e-04
-8.468483e-02 5.289885e-04
-8.441095e-02 5.322919e-04
-8.414350e-02 5.296249e-04
-8.388720e-02 5.408327e-04
-8.363020e-02 5.445526e-04
-8.336382e-02 5.392247e-04
-8.308841e-02 5.434526e-04
-8.280357e-02 5.415616e-04
-8.252081e-02 5.396563e-04
-8.225060e-02 5.532498e-04
-8.199186e-02 5.512547e-04
-8.173107e-02 5.422795e-04
-8.146252e-02 5.437058e-04
-8.118697e-02 5.359931e-04
-8.090391e-02 5.377324e-04
-8.062142e-02 5.435183e-04
-8.035211e-02 5.376905e-04
-8.009519e-02 5.422159e-04
-7.983642e-02 5.442305e-04
-7.956674e-02 5.316522e-04
-7.928892e-02 5.327274e-04
-7.901004e-02 5.359586e-04
-7.873593e-02 5.342777e-04
-7.846854e-02 5.387837e-04
-7.821037e-02 5.348674e-04
-7.795597e-02 5.302859e-04
-7.769586e-02 5.320712e-04
-7.742753e-02 5.233187e-04
-7.715163e-02 5.247108e-04
-7.687766e-02 5.317728e-04
-7.661548e-02 5.265218e-04
-7.636128e-02 5.252393e-04
-7.610596e-02 5.261673e-04
-7.584538e-02 5.199927e-04
-7.557706e-02 5.223883e-04
-7.530396e-02 5.230525e-04
-7.503382e-02 5.215349e-04
-7.477149e-02 5.283568e-04
-7.451490e-02 5.273662e-04
-7.426078e-02 5.287391e-04
-7.400270e-02 5.316112e-04
-7.373434e-02 5.224288e-04
-7.346036e-02 5.224985e-04
-7.319070e-02 5.299246e-04
-7.292564e-02 5.291257e-04
-7.266418e-02 5.328900e-04
-7.240912e-02 5.311327e-04
-7.215373e-02 5.257146e-04
-7.188793e-02 5.299946e-04
-7.161075e-02 5.249271e-04
-7.133291e-02 5.235038e-04
-7.106603e-02 5.358115e-04
-7.080872e-02 5.344919e-04
-7.055309e-02 5.336089e-04
-7.029167e-02 5.367647e-04
-7.002123e-02 5.304811e-04
-6.974822e-02 5.297659e-04
-6.947654e-02 5.300021e-04
-6.920632e-02 5.284833e-04
-6.894479e-02 5.387017e-04
-6.868989e-02 5.391344e-04
-6.842986e-02 5.318089e-04
-6.816169e-02 5.340336e-04
-6.788628e-02 5.301667e-04
-6.760912e-02 5.298326e-04
-6.733841e-02 5.376362e-04
-6.707498e-02 5.360754e-04
-6.681528e-02 5.379847e-04
-6.655514e-02 5.389467e-04
-6.628811e-02 5.301458e-04
-6.601317e-02 5.317283e-04
-6.573720e-02 5.343888e-04
-6.546504e-02 5.323301e-04
-6.519894e-02 5.367125e-04
-6.493895e-02 5.353671e-04
-6.467781e-02 5.317631e-04
-6.440853e-02 5.353499e-04
-6.413341e-02 5.335762e-04
-6.385847e-02 5.328331e-04
-6.358736e-02 5.371648e-04
-6.332453e-02 5.337462e-04
-6.306798e-02 5.347066e-04
-6.280775e-02 5.372615e-04
-6.254008e-02 5.319636e-04
-6.226549e-02 5.342194e-04
-6.198882e-02 5.370116e-04
-6.171439e-02 5.359369e-04
-6.144469e-02 5.408339e-04
-6.118103e-02 5.397115e-04
-6.091848e-02 5.404861e-04
-6.065200e-02 5.431155e-04
-6.037671e-02 5.336989e-04
-6.009467e-02 5.343757e-04
-5.981569e-02 5.414010e-04
-5.954467e-02 5.391570e-04
-5.928102e-02 5.452276e-04
-5.901891e-02 5.464866e-04
-5.874951e-02 5.378251e-04
-5.846998e-02 5.400491e-04
-5.818788e-02 5.419682e-04
-5.791092e-02 5.403068e-04
-5.764190e-02 5.488564e-04
-5.737967e-02 5.478771e-04
-5.711507e-02 5.433008e-04
-5.684340e-02 5.458897e-04
-5.656625e-02 5.418891e-04
-5.628501e-02 5.429006e-04
-5.600613e-02 5.496296e-04
-5.573520e-02 5.472699e-04
-5.546968e-02 5.497349e-04
-5.520339e-02 5.510852e-04
-5.493144e-02 5.453806e-04
-5.465363e-02 5.460943e-04
-5.437301e-02 5.434311e-04
-5.409629e-02 5.408778e-04
-5.382691e-02 5.459764e-04
-5.355982e-02 5.464466e-04
-5.328943e-02 5.443309e-04
-5.301446e-02 5.463115e-04
-5.273514e-02 5.424774e-04
-5.245290e-02 5.428510e-04
-5.217396e-02 5.494077e-04
-5.190226e-02 5.474223e-04
-5.163602e-02 5.510279e-04
-5.136560e-02 5.548389e-04
-5.108690e-02 5.516149e-04
-5.080203e-02 5.534013e-04
-5.051714e-02 5.583489e-04
-5.023629e-02 5.584662e-04
-4.995879e-02 5.643540e-04
-4.968776e-02 5.626106e-04
-4.941538e-02 5.576619e-04
-4.913229e-02 5.623024e-04
-4.884295e-02 5.626665e-04
-4.855398e-02 5.625758e-04
-4.826917e-02 5.692738e-04
-4.798889e-02 5.689706e-04
-4.770989e-02 5.702699e-04
-4.742965e-02 5.714801e-04
-4.714464e-02 5.668753e-04
-4.685256e-02 5.686782e-04
-4.655860e-02 5.705729e-04
-4.627398e-02 5.664352e-04
-4.599680e-02 5.694707e-04
-4.571860e-02 5.711773e-04
-4.543693e-02 5.680229e-04
-4.515107e-02 5.694116e-04
-4.486043e-02 5.652948e-04
-4.456912e-02 5.642108e-04
-4.428363e-02 5.709029e-04
-4.400649e-02 5.682937e-04
-4.373328e-02 5.676024e-04
-4.345855e-02 5.682674e-04
-4.317716e-02 5.589921e-04
-4.288932e-02 5.587543e-04
-4.260237e-02 5.595894e-04
-4.232119e-02 5.571973e-04
-4.204488e-02 5.607848e-04
-4.177301e-02 5.594100e-04
-4.150013e-02 5.518154e-04
-4.121962e-02 5.536739e-04
-4.093518e-02 5.522894e-04
-4.065171e-02 5.512096e-04
-4.037150e-02 5.536475e-04
-4.009568e-02 5.518838e-04
-3.982488e-02 5.553539e-04
-3.955293e-02 5.565371e-04
-3.927692e-02 5.530412e-04
-3.899673e-02 5.550381e-04
-3.871259e-02 5.540296e-04
-3.843208e-02 5.515006e-04
-3.815665e-02 5.550330e-04
-3.788472e-02 5.542082e-04
-3.761469e-02 5.530057e-04
-3.733894e-02 5.560074e-04
-3.705737e-02 5.546210e-04
-3.677347e-02 5.555223e-04
-3.648964e-02 5.581655e-04
-3.621053e-02 5.562868e-04
-3.593929e-02 5.641911e-04
-3.566746e-02 5.666151e-04
-3.538671e-02 5.584598e-04
-3.510198e-02 5.586703e-04
-3.481678e-02 5.584547e-04
-3.453187e-02 5.581977e-04
-3.425060e-02 5.656682e-04
-3.397493e-02 5.649987e-04
-3.369989e-02 5.620534e-04
-3.342000e-02 5.639056e-04
-3.313550e-02 5.613437e-04
-3.284938e-02 5.613918e-04
-3.256595e-02 5.660179e-04
-3.228731e-02 5.648042e-04
-3.201092e-02 5.651799e-04
-3.173234e-02 5.658609e-04
-3.145164e-02 5.642022e-04
-3.116840e-02 5.658907e-04
-3.087996e-02 5.619258e-04
-3.059198e-02 5.602150e-04
-3.030794e-02 5.641326e-04
-3.002770e-02 5.632662e-04
-2.975114e-02 5.648792e-04
-2.947411e-02 5.657506e-04
-2.919273e-02 5.609367e-04
-2.890684e-02 5.619210e-04
-2.862010e-02 5.632475e-04
-2.833775e-02 5.610885e-04
-2.806077e-02 5.640493e-04
-2.778372e-02 5.643924e-04
-2.750510e-02 5.627183e-04
-2.722422e-02 5.642346e-04
-2.693686e-02 5.597781e-04
-2.664808e-02 5.590291e-04
-2.636563e-02 5.653767e-04
-2.608796e-02 5.647917e-04
-2.581183e-02 5.657522e-04
-2.553499e-02 5.665330e-04
-2.525392e-02 5.616571e-04
-2.496836e-02 5.625989e-04
-2.468122e-02 5.625718e-04
-2.439582e-02 5.615192e-04
-2.411556e-02 5.671870e-04
-2.383789e-02 5.669049e-04
-2.355935e-02 5.646494e-04
-2.327845e-02 5.660183e-04
-2.299199e-02 5.626873e-04
-2.270383e-02 5.625095e-04
-2.241971e-02 5.666205e-04
-2.213982e-02 5.655609e-04
-2.186190e-02 5.659055e-04
-2.158350e-02 5.663120e-04
-2.130184e-02 5.619822e-04
-2.101704e-02 5.623105e-04
-2.073156e-02 5.620859e-04
-2.044663e-02 5.609029e-04
-2.016559e-02 5.640862e-04
-1.988893e-02 5.633750e-04
-1.961219e-02 5.612597e-04
-1.933363e-02 5.615757e-04
-1.905168e-02 5.589062e-04
-1.876821e-02 5.588561e-04
-1.848529e-02 5.575239e-04
-1.820485e-02 5.555580e-04
-1.792982e-02 5.591229e-04
-1.765772e-02 5.586440e-04
-1.738365e-02 5.540199e-04
-1.710553e-02 5.547804e-04
-1.682483e-02 5.525691e-04
-1.654479e-02 5.506292e-04
-1.626886e-02 5.521080e-04
-1.599736e-02 5.507390e-04
-1.572676e-02 5.484428e-04
-1.545540e-02 5.480712e-04
-1.518022e-02 5.427483e-04
-1.490092e-02 5.433072e-04
-1.462391e-02 5.466203e-04
-1.435140e-02 5.451111e-04
-1.408181e-02 5.457888e-04
-1.381453e-02 5.446414e-04
-1.354694e-02 5.409274e-04
-1.327615e-02 5.415137e-04
-1.300289e-02 5.390409e-04
-1.272776e-02 5.385430e-04
-1.245422e-02 5.398218e-04
-1.218675e-02 5.373824e-04
-1.192303e-02 5.368666e-04
-1.165851e-02 5.371667e-04
-1.139037e-02 5.340104e-04
-1.111969e-02 5.343980e-04
-1.084937e-02 5.340495e-04
-1.058112e-02 5.326776e-04
-1.031567e-02 5.335334e-04
-1.005311e-02 5.321078e-04
-9.791277e-03 5.293736e-04
-9.528573e-03 5.289150e-04
-9.264816e-03 5.258845e-04
-8.999147e-03 5.252252e-04
-8.733486e-03 5.234244e-04
-8.471568e-03 5.212476e-04
-8.212044e-03 5.211527e-04
-7.954062e-03 5.201903e-04
-7.696510e-03 5.162652e-04
-7.437427e-03 5.157717e-04
-7.177775e-03 5.134499e-04
-6.919642e-03 5.117016e-04
-6.663771e-03 5.106211e-04
-6.411023e-03 5.083555e-04
-6.160135e-03 5.051643e-04
-5.909670e-03 5.037611e-04
-5.658738e-03 4.990847e-04
-5.407281e-03 4.970402e-04
-5.157125e-03 4.935485e-04
-4.910988e-03 4.905583e-04
-4.666565e-03 4.869454e-04
-4.423840e-03 4.846193e-04
-4.183721e-03 4.806575e-04
-3.944628e-03 4.786150e-04
-3.705801e-03 4.733867e-04
-3.469127e-03 4.702121e-04
-3.235248e-03 4.660605e-04
-3.004394e-03 4.627486e-04
-2.775764e-03 4.572608e-04
-2.548972e-03 4.541810e-04
-2.323366e-03 4.476050e-04
-2.099050e-03 4.438616e-04
-1.877414e-03 4.379577e-04
-1.659601e-03 4.341445e-04
-1.443579e-03 4.281550e-04
-1.230165e-03 4.244249e-04
-1.020180e-03 4.181530e-04
-8.124682e-04 4.145294e-04
-6.067740e-04 4.078315e-04
-4.024674e-04 4.046485e-04
-2.011463e-04 4.005549e-04
1.662709e-06 4.000588e-04
2.023646e-04 4.019654e-04
4.065579e-04 4.042781e-04
6.110576e-04 4.100034e-04
8.170101e-04 4.134859e-04
1.024743e-03 4.201831e-04
1.235244e-03 4.242575e-04
1.449712e-03 4.305943e-04
1.666913e-03 4.345253e-04
1.885807e-03 4.410016e-04
2.106952e-03 4.446863e-04
2.330300e-03 4.512459e-04
2.555416e-03 4.546699e-04
2.783003e-03 4.600559e-04
3.014798e-03 4.638859e-04
3.249752e-03 4.692385e-04
3.485544e-03 4.722993e-04
3.723101e-03 4.778530e-04
3.961197e-03 4.801802e-04
4.201675e-03 4.845080e-04
4.444300e-03 4.873587e-04
4.688906e-03 4.901456e-04
4.937106e-03 4.933081e-04
5.187294e-03 4.987755e-04
5.436079e-03 4.999007e-04
5.684169e-03 5.041847e-04
5.934440e-03 5.063459e-04
6.187268e-03 5.080681e-04
6.442309e-03 5.107023e-04
6.700404e-03 5.129354e-04
6.960111e-03 5.147061e-04
7.220309e-03 5.207636e-04
7.479147e-03 5.221338e-04
7.737624e-03 5.245779e-04
7.997359e-03 5.262129e-04
8.261474e-03 5.234434e-04
8.529216e-03 5.246266e-04
8.795800e-03 5.298479e-04
9.061897e-03 5.307107e-04
9.327250e-03 5.343335e-04
9.590056e-03 5.348364e-04
9.853744e-03 5.347652e-04
1.012060e-02 5.366374e-04
1.039222e-02 5.359502e-04
1.066567e-02 5.368119e-04
1.093716e-02 5.404548e-04
1.120572e-02 5.400128e-04
1.147330e-02 5.404350e-04
1.174221e-02 5.413825e-04
1.201304e-02 5.407918e-04
1.228846e-02 5.425896e-04
1.256533e-02 5.451636e-04
1.283918e-02 5.450163e-04
1.311042e-02 5.489434e-04
1.337998e-02 5.493574e-04
1.365204e-02 5.484205e-04
1.392665e-02 5.496084e-04
1.420303e-02 5.478906e-04
1.448244e-02 5.490968e-04
1.476038e-02 5.549088e-04
1.503363e-02 5.541886e-04
1.530551e-02 5.544984e-04
1.557836e-02 5.551970e-04
1.585466e-02 5.513682e-04
1.613690e-02 5.527922e-04
1.641907e-02 5.568519e-04
1.669782e-02 5.570158e-04
1.697585e-02 5.607881e-04
1.725328e-02 5.617889e-04
1.752995e-02 5.637160e-04
1.780808e-02 5.652819e-04
1.809081e-02 5.619527e-04
1.837764e-02 5.632153e-04
1.866377e-02 5.678770e-04
1.894625e-02 5.673604e-04
1.922581e-02 5.708077e-04
1.950526e-02 5.712170e-04
1.978792e-02 5.670232e-04
2.007505e-02 5.689697e-04
2.036645e-02 5.694199e-04
2.065517e-02 5.679774e-04
2.093816e-02 5.713550e-04
2.121876e-02 5.711326e-04
2.149963e-02 5.700577e-04
2.178375e-02 5.716187e-04
2.207153e-02 5.698273e-04
2.236058e-02 5.699431e-04
2.264916e-02 5.710586e-04
2.293701e-02 5.702437e-04
2.322139e-02 5.737416e-04
2.350189e-02 5.734553e-04
2.378443e-02 5.714313e-04
2.406971e-02 5.723351e-04
2.435734e-02 5.687561e-04
2.464778e-02 5.691590e-04
2.493842e-02 5.699512e-04
2.522345e-02 5.668633e-04
2.550112e-02 5.705566e-04
2.577966e-02 5.724056e-04
2.606272e-02 5.700021e-04
2.635047e-02 5.711805e-04
2.664238e-02 5.675693e-04
2.693178e-02 5.655450e-04
2.721526e-02 5.719334e-04
2.749429e-02 5.715669e-04
2.777386e-02 5.675056e-04
2.805727e-02 5.683548e-04
2.834601e-02 5.618165e-04
2.863900e-02 5.620124e-04
2.892661e-02 5.715313e-04
2.920688e-02 5.705489e-04
2.948542e-02 5.707097e-04
2.976687e-02 5.717415e-04
3.005325e-02 5.664039e-04
3.034423e-02 5.680100e-04
3.063646e-02 5.725478e-04
3.092387e-02 5.713015e-04
3.120574e-02 5.749057e-04
3.148438e-02 5.742559e-04
3.176419e-02 5.704832e-04
3.204877e-02 5.719920e-04
3.233788e-02 5.686356e-04
3.263066e-02 5.696348e-04
3.292274e-02 5.735759e-04
3.320828e-02 5.702944e-04
3.348716e-02 5.722898e-04
3.376593e-02 5.737347e-04
3.405163e-02 5.662656e-04
3.434119e-02 5.658828e-04
3.463031e-02 5.676750e-04
3.491848e-02 5.677497e-04
3.520180e-02 5.738735e-04
3.547965e-02 5.727852e-04
3.575698e-02 5.706199e-04
3.603782e-02 5.719530e-04
3.632535e-02 5.645083e-04
3.661640e-02 5.631761e-04
3.690317e-02 5.666332e-04
3.718379e-02 5.649632e-04
3.745953e-02 5.684322e-04
3.773377e-02 5.687850e-04
3.801423e-02 5.615510e-04
3.830001e-02 5.621345e-04
3.858789e-02 5.581295e-04
3.887694e-02 5.573918e-04
3.915979e-02 5.656983e-04
3.943415e-02 5.635934e-04
3.970579e-02 5.622997e-04
3.998294e-02 5.643836e-04
4.026796e-02 5.570886e-04
4.055729e-02 5.578035e-04
4.084345e-02 5.650455e-04
4.112210e-02 5.631698e-04
4.139778e-02 5.650588e-04
4.167220e-02 5.649800e-04
4.194695e-02 5.621040e-04
4.223134e-02 5.668604e-04
4.252269e-02 5.684388e-04
4.281025e-02 5.667257e-04
4.309244e-02 5.709284e-04
4.337187e-02 5.700173e-04
4.364954e-02 5.704286e-04
4.392840e-02 5.720812e-04
4.421387e-02 5.657114e-04
4.450507e-02 5.668409e-04
4.479776e-02 5.696311e-04
4.509003e-02 5.704003e-04
4.537719e-02 5.789101e-04
4.565832e-02 5.783475e-04
4.593904e-02 5.774546e-04
4.622409e-02 5.797366e-04
4.651738e-02 5.723249e-04
4.681654e-02 5.723901e-04
4.711215e-02 5.785018e-04
4.739997e-02 5.768200e-04
4.768129e-02 5.829494e-04
4.796002e-02 5.836058e-04
4.824642e-02 5.748527e-04
4.854088e-02 5.765324e-04
4.883805e-02 5.744911e-04
4.913322e-02 5.725557e-04
4.941937e-02 5.822392e-04
4.969569e-02 5.798150e-04
4.997338e-02 5.707802e-04
5.025798e-02 5.716747e-04
5.054591e-02 5.685896e-04
5.083667e-02 5.684029e-04
5.112711e-02 5.684510e-04
5.140847e-02 5.638042e-04
5.168315e-02 5.641609e-04
5.195729e-02 5.639584e-04
5.223305e-02 5.585745e-04
5.251524e-02 5.605036e-04
5.280381e-02 5.552300e-04
5.309028e-02 5.520723e-04
5.336721e-02 5.592207e-04
5.363775e-02 5.579531e-04
5.390834e-02 5.543412e-04
5.418244e-02 5.543887e-04
5.446024e-02 5.483442e-04
5.474268e-02 5.496898e-04
5.502616e-02 5.537511e-04
5.530571e-02 5.528600e-04
5.557948e-02 5.579303e-04
5.584754e-02 5.563267e-04
5.611542e-02 5.521783e-04
5.638961e-02 5.544763e-04
5.667165e-02 5.477598e-04
5.695646e-02 5.470131e-04
5.723556e-02 5.544849e-04
5.750826e-02 5.525801e-04
5.777823e-02 5.518158e-04
5.804860e-02 5.525369e-04
5.832760e-02 5.422601e-04
5.861253e-02 5.421240e-04
5.889337e-02 5.464990e-04
5.916979e-02 5.454204e-04
5.944133e-02 5.505700e-04
5.970744e-02 5.491575e-04
5.997414e-02 5.442383e-04
6.025069e-02 5.483867e-04
6.053552e-02 5.460878e-04
6.081812e-02 5.431676e-04
6.109278e-02 5.482753e-04
6.136005e-02 5.464240e-04
6.162531e-02 5.466829e-04
6.189432e-02 5.490170e-04
6.216854e-02 5.447543e-04
6.244619e-02 5.452758e-04
6.272890e-02 5.382650e-04
6.300781e-02 5.334570e-04
6.327401e-02 5.413103e-04
6.353409e-02 5.404548e-04
6.379479e-02 5.370268e-04
6.406526e-02 5.409149e-04
6.434499e-02 5.362851e-04
6.462732e-02 5.368930e-04
6.490380e-02 5.482584e-04
6.516720e-02 5.445216e-04
6.542771e-02 5.409913e-04
6.569194e-02 5.419340e-04
6.596050e-02 5.352911e-04
6.623946e-02 5.391446e-04
6.652170e-02 5.443814e-04
6.679586e-02 5.414218e-04
6.706231e-02 5.460893e-04
6.732469e-02 5.445945e-04
6.758666e-02 5.410981e-04
6.785309e-02 5.432474e-04
6.813059e-02 5.308214e-04
6.841628e-02 5.312416e-04
6.869437e-02 5.470982e-04
6.895805e-02 5.441806e-04
6.922099e-02 5.352680e-04
6.948708e-02 5.339551e-04
6.975307e-02 5.304865e-04
7.003096e-02 5.363988e-04
7.031591e-02 5.410663e-04
7.059140e-02 5.363361e-04
7.085509e-02 5.428487e-04
7.111023e-02 5.408097e-04
7.136634e-02 5.335581e-04
7.163586e-02 5.389711e-04
7.192015e-02 5.314366e-04
7.220311e-02 5.279373e-04
7.247449e-02 5.354866e-04
7.273854e-02 5.338035e-04
7.299828e-02 5.363348e-04
7.325812e-02 5.373074e-04
7.352307e-02 5.314605e-04
7.379664e-02 5.337870e-04
7.407484e-02 5.325332e-04
7.434990e-02 5.309146e-04
7.461426e-02 5.441858e-04
7.486727e-02 5.421857e-04
7.512370e-02 5.329804e-04
7.539114e-02 5.362527e-04
7.566651e-02 5.301153e-04
7.594430e-02 5.293678e-04
7.621429e-02 5.403179e-04
7.647360e-02 5.378436e-04
7.672779e-02 5.395169e-04
7.698345e-02 5.402765e-04
7.724682e-02 5.295417e-04
7.751935e-02 5.318939e-04
7.779824e-02 5.278494e-04
7.807645e-02 5.259800e-04
7.834519e-02 5.385359e-04
7.860425e-02 5.372489e-04
7.886124e-02 5.351205e-04
7.912493e-02 5.383939e-04
7.939600e-02 5.351906e-04
7.967343e-02 5.378581e-04
7.995397e-02 5.400853e-04
8.022972e-02 5.380194e-04
8.049500e-02 5.497868e-04
8.075117e-02 5.478275e-04
8.100861e-02 5.402572e-04
8.127722e-02 5.449755e-04
8.156183e-02 5.334771e-04
8.185308e-02 5.333215e-04
8.213611e-02 5.445001e-04
8.240671e-02 5.410475e-04
8.266766e-02 5.475451e-04
8.293094e-02 5.512794e-04
8.320460e-02 5.443267e-04
8.348671e-02 5.469008e-04
8.377539e-02 5.430816e-04
8.406074e-02 5.389670e-04
8.433324e-02 5.489685e-04
8.459547e-02 5.471588e-04
8.485489e-02 5.488995e-04
8.512174e-02 5.539781e-04
8.540706e-02 5.352425e-04
8.569713e-02 5.313611e-04
8.597002e-02 5.492484e-04
8.622762e-02 5.464923e-04
8.648232e-02 5.436784e-04
8.674062e-02 5.448385e-04
8.700716e-02 5.343183e-04
8.728778e-02 5.382377e-04
8.757181e-02 5.434549e-04
8.784471e-02 5.393937e-04
8.811241e-02 5.387685e-04
8.837198e-02 5.336456e-04
8.862419e-02 5.296716e-04
8.888564e-02 5.338025e-04
8.915640e-02 5.297587e-04
8.943364e-02 5.322003e-04
8.971260e-02 5.361124e-04
8.997779e-02 5.292463e-04
9.022940e-02 5.328543e-04
9.048385e-02 5.351460e-04
9.075316e-02 5.168050e-04
9.103075e-02 5.158818e-04
9.130424e-02 5.220913e-04
9.157453e-02 5.224296e-04
9.183592e-02 5.362344e-04
9.208928e-02 5.363809e-04
9.234442e-02 5.338147e-04
9.260692e-02 5.373161e-04
9.288122e-02 5.273634e-04
9.315865e-02 5.256665e-04
9.342969e-02 5.316334e-04
9.369105e-02 5.272568e-04
9.394486e-02 5.276584e-04
9.419849e-02 5.284107e-04
9.445807e-02 5.225611e-04
9.472667e-02 5.258549e-04
9.500124e-02 5.230526e-04
9.527018e-02 5.186608e-04
9.552416e-02 5.314198e-04
9.576619e-02 5.288311e-04
9.601059e-02 5.177048e-04
9.626905e-02 5.221558e-04
9.654270e-02 5.091683e-04
9.682328e-02 5.079406e-04
9.709142e-02 5.252581e-04
9.734484e-02 5.233678e-04
9.759463e-02 5.241436e-04
9.784513e-02 5.248522e-04
9.810384e-02 5.151390e-04
9.837724e-02 5.204550e-04
9.865370e-02 5.281495e-04
9.892046e-02 5.250992e-04
9.917637e-02 5.347653e-04
9.942312e-02 5.327433e-04
9.967408e-02 5.200813e-04
9.993768e-02 5.223925e-04
1.002103e-01 5.137837e-04
1.004859e-01 5.131210e-04
1.007516e-01 5.275243e-04
1.010031e-01 5.241536e-04
1.012515e-01 5.216844e-04
1.015073e-01 5.251342e-04
1.017721e-01 5.176180e-04
1.020408e-01 5.172289e-04
1.023075e-01 5.194001e-04
1.025706e-01 5.179708e-04
1.028263e-01 5.262073e-04
1.030774e-01 5.256873e-04
1.033268e-01 5.271536e-04
1.035741e-01 5.271820e-04
1.038329e-01 5.080589e-04
1.041081e-01 5.108961e-04
1.043820e-01 5.227079e-04
1.046454e-01 5.206823e-04
1.048971e-01 5.326705e-04
1.051399e-01 5.316511e-04
1.053940e-01 5.099889e-04
1.056644e-01 5.119642e-04
1.059377e-01 5.125380e-04
1.062073e-01 5.097953e-04
1.064712e-01 5.116051e-04
1.067263e-01 5.076682e-04
1.069708e-01 5.143904e-04
1.072181e-01 5.184842e-04
1.074800e-01 5.074301e-04
1.077494e-01 5.079822e-04
1.080192e-01 5.070065e-04
1.082798e-01 5.011276e-04
1.085241e-01 5.119787e-04
1.087633e-01 5.127744e-04
1.090079e-01 5.058374e-04
1.092646e-01 5.099324e-04
1.095329e-01 5.021012e-04
1.098070e-01 5.034218e-04
1.100767e-01 5.144407e-04
1.103311e-01 5.092820e-04
1.105762e-01 5.122510e-04
1.108230e-01 5.143060e-04
1.110761e-01 5.076031e-04
1.113382e-01 5.105537e-04
1.116030e-01 5.140514e-04
1.118579e-01 5.093507e-04
1.121061e-01 5.075088e-04
1.123498e-01 5.041175e-04
1.125886e-01 5.029070e-04
1.128336e-01 5.055731e-04
1.130902e-01 4.937138e-04
1.133550e-01 4.949815e-04
1.136176e-01 5.038931e-04
1.138677e-01 4.995989e-04
1.141101e-01 4.987021e-04
1.143509e-01 4.974589e-04
1.145933e-01 4.913022e-04
1.148502e-01 4.977884e-04
1.151168e-01 4.997326e-04
1.153787e-01 4.976896e-04
1.156317e-01 5.069956e-04
1.158734e-01 5.028463e-04
1.161064e-01 5.056674e-04
1.163450e-01 5.107136e-04
1.166006e-01 4.981513e-04
1.168668e-01 4.998767e-04
1.171236e-01 5.182132e-04
1.173657e-01 5.159585e-04
1.176081e-01 5.092093e-04
1.178504e-01 5.067168e-04
1.180919e-01 5.010830e-04
1.183414e-01 5.038439e-04
1.186003e-01 4.958629e-04
1.188627e-01 4.944316e-04
1.191158e-01 5.059244e-04
1.193522e-01 5.007182e-04
1.195843e-01 4.951923e-04
2.475000e+37 9.900000e+37
4.950000e+37 9.900000e+37
4.950000e+37 9.900000e+37
7.425000e+37 9.900000e+37
9.900000e+37 9.900000e+37
9.900000e+37 9.900000e+37
9.900000e+37 9.900000e+37
9.900000e+37 9.900000e+37
9.900000e+37 9.900000e+37
9.900000e+37 9.900000e+37
9.900000e+37 9.900000e+37
9.900000e+37 9.900000e+37
9.900000e+37 9.900000e+37
9.900000e+37 9.900000e+37
9.900000e+37 9.900000e+37
9.900000e+37 9.900000e+37
9.900000e+37 9.900000e+37
9.900000e+37 9.900000e+37
9.900000e+37 9.900000e+37
9.900000e+37 9.900000e+37
9.900000e+37 9.900000e+37
9.900000e+37 9.900000e+37
9.900000e+37 9.900000e+37
9.900000e+37 9.900000e+37
9.900000e+37 9.900000e+37
9.900000e+37 9.900000e+37
9.900000e+37 9.900000e+37
9.900000e+37 9.900000e+37
9.900000e+37 9.900000e+37
9.900000e+37 9.900000e+37
9.900000e+37 9.900000e+37
9.900000e+37 9.900000e+37
9.900000e+37 9.900000e+37
9.900000e+37 9.900000e+37
9.900000e+37 9.900000e+37
9.900000e+37 9.900000e+37
9.900000e+37 9.900000e+37
9.900000e+37 9.900000e+37
9.900000e+37 9.900000e+37
9.900000e+37 9.900000e+37
9.900000e+37 9.900000e+37
9.900000e+37 9.900000e+37
9.900000e+37 9.900000e+37
9.900000e+37 9.900000e+37
9.900000e+37 9.900000e+37
9.900000e+37 9.900000e+37
9.900000e+37 9.900000e+37
9.900000e+37 9.900000e+37
9.900000e+37 9.900000e+37
9.900000e+37 9.900000e+37
