-7.588283e-02 4.061194e-04
-7.585604e-02 3.359891e-04
-7.577135e-02 3.451365e-04
-7.566501e-02 3.341984e-04
-7.554854e-02 3.368299e-04
-7.542527e-02 3.341790e-04
-7.529861e-02 3.352109e-04
-7.517055e-02 3.345598e-04
-7.503988e-02 3.358901e-04
-7.490226e-02 3.279824e-04
-7.475567e-02 3.300901e-04
-7.460462e-02 3.284339e-04
-7.445573e-02 3.269889e-04
-7.430970e-02 3.277150e-04
-7.416362e-02 3.280083e-04
-7.401428e-02 3.246678e-04
-7.386026e-02 3.262635e-04
-7.370370e-02 3.252617e-04
-7.354701e-02 3.249869e-04
-7.339139e-02 3.260352e-04
-7.323655e-02 3.255128e-04
-7.308231e-02 3.250435e-04
-7.292651e-02 3.262550e-04
-7.276741e-02 3.253679e-04
-7.260787e-02 3.253080e-04
-7.244886e-02 3.247771e-04
-7.228929e-02 3.249145e-04
-7.213099e-02 3.274296e-04
-7.197442e-02 3.268642e-04
-7.181660e-02 3.232016e-04
-7.165602e-02 3.239808e-04
-7.149297e-02 3.220567e-04
-7.132974e-02 3.214735e-04
-7.116755e-02 3.227934e-04
-7.100639e-02 3.226536e-04
-7.084724e-02 3.244033e-04
-7.068909e-02 3.244284e-04
-7.052776e-02 3.191870e-04
-7.036320e-02 3.188062e-04
-7.020100e-02 3.216964e-04
-7.003979e-02 3.225846e-04
-6.987691e-02 3.235058e-04
-6.971541e-02 3.230082e-04
-6.955589e-02 3.236961e-04
-6.939775e-02 3.231122e-04
-6.924018e-02 3.224418e-04
-6.908044e-02 3.230653e-04
-6.891856e-02 3.212214e-04
-6.875706e-02 3.207661e-04
-6.859603e-02 3.202923e-04
-6.843437e-02 3.205036e-04
-6.827228e-02 3.215986e-04
-6.811263e-02 3.205320e-04
-6.795556e-02 3.206754e-04
-6.779736e-02 3.214092e-04
-6.763713e-02 3.200567e-04
-6.747519e-02 3.201622e-04
-6.731414e-02 3.219404e-04
-6.715553e-02 3.215588e-04
-6.699575e-02 3.197943e-04
-6.683452e-02 3.200361e-04
-6.667278e-02 3.186390e-04
-6.650931e-02 3.191713e-04
-6.634649e-02 3.217309e-04
-6.618632e-02 3.206239e-04
-6.602626e-02 3.177418e-04
-6.586568e-02 3.174499e-04
-6.570698e-02 3.197592e-04
-6.554890e-02 3.202221e-04
-6.538802e-02 3.180414e-04
-6.522582e-02 3.180428e-04
-6.506427e-02 3.179130e-04
-6.490294e-02 3.177302e-04
-6.474310e-02 3.197105e-04
-6.458493e-02 3.189905e-04
-6.442676e-02 3.170133e-04
-6.426704e-02 3.176728e-04
-6.410562e-02 3.178868e-04
-6.394484e-02 3.175859e-04
-6.378495e-02 3.170414e-04
-6.362517e-02 3.167812e-04
-6.346642e-02 3.177772e-04
-6.330814e-02 3.174208e-04
-6.314918e-02 3.153032e-04
-6.298973e-02 3.152684e-04
-6.283020e-02 3.150527e-04
-6.266966e-02 3.155851e-04
-6.250789e-02 3.162307e-04
-6.234843e-02 3.150870e-04
-6.219240e-02 3.164357e-04
-6.203529e-02 3.175650e-04
-6.187595e-02 3.169624e-04
-6.171649e-02 3.163866e-04
-6.155685e-02 3.145058e-04
-6.139668e-02 3.145704e-04
-6.123715e-02 3.157935e-04
-6.107917e-02 3.153014e-04
-6.092132e-02 3.153217e-04
-6.076364e-02 3.152220e-04
-6.060618e-02 3.141234e-04
-6.044751e-02 3.144554e-04
-6.028709e-02 3.124403e-04
-6.012610e-02 3.116234e-04
-5.996847e-02 3.149422e-04
-5.981323e-02 3.151250e-04
-5.965631e-02 3.140190e-04
-5.949859e-02 3.141041e-04
-5.934051e-02 3.125656e-04
-5.918150e-02 3.125718e-04
-5.902329e-02 3.139360e-04
-5.886494e-02 3.140906e-04
-5.870613e-02 3.137744e-04
-5.854889e-02 3.131461e-04
-5.839310e-02 3.138029e-04
-5.823757e-02 3.138821e-04
-5.808008e-02 3.120165e-04
-5.792136e-02 3.120846e-04
-5.776368e-02 3.128403e-04
-5.760648e-02 3.128256e-04
-5.744993e-02 3.138487e-04
-5.729391e-02 3.134624e-04
-5.713768e-02 3.120238e-04
-5.698144e-02 3.119348e-04
-5.682392e-02 3.107382e-04
-5.666579e-02 3.106812e-04
-5.650847e-02 3.107006e-04
-5.635161e-02 3.104264e-04
-5.619596e-02 3.116646e-04
-5.604033e-02 3.116677e-04
-5.588442e-02 3.112061e-04
-5.572845e-02 3.115001e-04
-5.557207e-02 3.116291e-04
-5.541607e-02 3.114456e-04
-5.525883e-02 3.100265e-04
-5.510121e-02 3.097358e-04
-5.494603e-02 3.118110e-04
-5.479147e-02 3.121891e-04
-5.463585e-02 3.114915e-04
-5.447955e-02 3.112277e-04
-5.432275e-02 3.096474e-04
-5.416552e-02 3.097503e-04
-5.400768e-02 3.101835e-04
-5.385172e-02 3.092074e-04
-5.369834e-02 3.096027e-04
-5.354433e-02 3.101224e-04
-5.338882e-02 3.090644e-04
-5.323198e-02 3.090544e-04
-5.307530e-02 3.092839e-04
-5.291915e-02 3.094695e-04
-5.276353e-02 3.108678e-04
-5.260923e-02 3.105828e-04
-5.245437e-02 3.100402e-04
-5.229942e-02 3.098978e-04
-5.214518e-02 3.095005e-04
-5.199018e-02 3.098123e-04
-5.183375e-02 3.082873e-04
-5.167720e-02 3.073868e-04
-5.152243e-02 3.078563e-04
-5.136848e-02 3.079543e-04
-5.121379e-02 3.081668e-04
-5.105853e-02 3.085885e-04
-5.090322e-02 3.085130e-04
-5.074801e-02 3.084286e-04
-5.059310e-02 3.086940e-04
-5.043777e-02 3.086132e-04
-5.028273e-02 3.088464e-04
-5.012860e-02 3.088005e-04
-4.997484e-02 3.092839e-04
-4.982132e-02 3.093131e-04
-4.966605e-02 3.076528e-04
-4.951006e-02 3.074929e-04
-4.935549e-02 3.082603e-04
-4.920136e-02 3.082722e-04
-4.904740e-02 3.085919e-04
-4.889345e-02 3.082854e-04
-4.873918e-02 3.069075e-04
-4.858457e-02 3.070326e-04
-4.842909e-02 3.071083e-04
-4.827463e-02 3.065322e-04
-4.812123e-02 3.055304e-04
-4.796609e-02 3.062147e-04
-4.781123e-02 3.085903e-04
-4.765769e-02 3.082305e-04
-4.750410e-02 3.071334e-04
-4.734987e-02 3.075344e-04
-4.719517e-02 3.078504e-04
-4.704110e-02 3.075863e-04
-4.688657e-02 3.072455e-04
-4.673244e-02 3.068754e-04
-4.657975e-02 3.070635e-04
-4.642662e-02 3.073948e-04
-4.627239e-02 3.064996e-04
-4.611730e-02 3.062860e-04
-4.596297e-02 3.069776e-04
-4.580898e-02 3.074370e-04
-4.565465e-02 3.081324e-04
-4.550213e-02 3.072983e-04
-4.534960e-02 3.061265e-04
-4.519534e-02 3.067432e-04
-4.504086e-02 3.069486e-04
-4.488657e-02 3.069131e-04
-4.473233e-02 3.068860e-04
-4.457797e-02 3.065223e-04
-4.442484e-02 3.075389e-04
-4.427308e-02 3.074958e-04
-4.411905e-02 3.047334e-04
-4.396291e-02 3.049978e-04
-4.380842e-02 3.073211e-04
-4.365551e-02 3.072116e-04
-4.350242e-02 3.066263e-04
-4.334845e-02 3.065305e-04
-4.319470e-02 3.066208e-04
-4.304155e-02 3.067021e-04
-4.288819e-02 3.065615e-04
-4.273431e-02 3.068215e-04
-4.257923e-02 3.067070e-04
-4.242413e-02 3.066779e-04
-4.227075e-02 3.082920e-04
-4.211869e-02 3.080750e-04
-4.196595e-02 3.063254e-04
-4.181099e-02 3.066097e-04
-4.165606e-02 3.074626e-04
-4.150192e-02 3.077156e-04
-4.134664e-02 3.076823e-04
-4.119176e-02 3.074344e-04
-4.103828e-02 3.079266e-04
-4.088514e-02 3.078987e-04
-4.073200e-02 3.078193e-04
-4.057759e-02 3.081361e-04
-4.042231e-02 3.075620e-04
-4.026676e-02 3.079304e-04
-4.011128e-02 3.090667e-04
-3.995676e-02 3.089013e-04
-3.980238e-02 3.098329e-04
-3.964812e-02 3.100938e-04
-3.949367e-02 3.093284e-04
-3.933841e-02 3.095391e-04
-3.918285e-02 3.096340e-04
-3.902583e-02 3.101272e-04
-3.886902e-02 3.118517e-04
-3.871372e-02 3.119900e-04
-3.855775e-02 3.124512e-04
-3.840210e-02 3.124329e-04
-3.824679e-02 3.117857e-04
-3.809028e-02 3.122781e-04
-3.793253e-02 3.115845e-04
-3.777386e-02 3.114599e-04
-3.761652e-02 3.133200e-04
-3.746057e-02 3.135786e-04
-3.730426e-02 3.136941e-04
-3.714727e-02 3.141424e-04
-3.698882e-02 3.141471e-04
-3.682955e-02 3.146418e-04
-3.667075e-02 3.155913e-04
-3.651197e-02 3.159163e-04
-3.635328e-02 3.169588e-04
-3.619446e-02 3.169738e-04
-3.603632e-02 3.181281e-04
-3.587789e-02 3.191456e-04
-3.571631e-02 3.179254e-04
-3.555365e-02 3.181395e-04
-3.539250e-02 3.200694e-04
-3.523205e-02 3.203526e-04
-3.507148e-02 3.209553e-04
-3.491022e-02 3.211516e-04
-3.474890e-02 3.216054e-04
-3.458746e-02 3.222810e-04
-3.442523e-02 3.228453e-04
-3.426230e-02 3.234680e-04
-3.409756e-02 3.234052e-04
-3.393319e-02 3.231655e-04
-3.377073e-02 3.244637e-04
-3.360809e-02 3.250385e-04
-3.344488e-02 3.256683e-04
-3.327997e-02 3.264655e-04
-3.311366e-02 3.263530e-04
-3.294741e-02 3.267192e-04
-3.278139e-02 3.293507e-04
-3.261593e-02 3.299660e-04
-3.245057e-02 3.306093e-04
-3.228517e-02 3.308660e-04
-3.211923e-02 3.306567e-04
-3.195248e-02 3.310606e-04
-3.178398e-02 3.292566e-04
-3.161382e-02 3.291540e-04
-3.144586e-02 3.325418e-04
-3.128000e-02 3.329498e-04
-3.111253e-02 3.326428e-04
-3.094400e-02 3.331669e-04
-3.077535e-02 3.331766e-04
-3.060585e-02 3.336963e-04
-3.043593e-02 3.344385e-04
-3.026612e-02 3.341801e-04
-3.009676e-02 3.342090e-04
-2.992788e-02 3.343841e-04
-2.975943e-02 3.355840e-04
-2.959125e-02 3.358503e-04
-2.942138e-02 3.350284e-04
-2.925024e-02 3.354997e-04
-2.907936e-02 3.359725e-04
-2.890977e-02 3.353628e-04
-2.874137e-02 3.356457e-04
-2.857259e-02 3.355150e-04
-2.840325e-02 3.342138e-04
-2.823377e-02 3.342819e-04
-2.806317e-02 3.338722e-04
-2.789251e-02 3.337715e-04
-2.772262e-02 3.335177e-04
-2.755313e-02 3.331801e-04
-2.738534e-02 3.350499e-04
-2.721766e-02 3.351886e-04
-2.704864e-02 3.333179e-04
-2.687936e-02 3.332498e-04
-2.671023e-02 3.333133e-04
-2.654131e-02 3.332112e-04
-2.637181e-02 3.332183e-04
-2.620373e-02 3.323660e-04
-2.603722e-02 3.313274e-04
-2.586992e-02 3.314216e-04
-2.570218e-02 3.309411e-04
-2.553369e-02 3.307657e-04
-2.536528e-02 3.304249e-04
-2.519769e-02 3.302616e-04
-2.502953e-02 3.301179e-04
-2.486253e-02 3.293810e-04
-2.469721e-02 3.288946e-04
-2.453135e-02 3.290404e-04
-2.436469e-02 3.280968e-04
-2.419688e-02 3.279978e-04
-2.402949e-02 3.284409e-04
-2.386372e-02 3.280781e-04
-2.369849e-02 3.279760e-04
-2.353374e-02 3.276514e-04
-2.336836e-02 3.269305e-04
-2.320276e-02 3.268059e-04
-2.303765e-02 3.260444e-04
-2.287258e-02 3.257473e-04
-2.270782e-02 3.254334e-04
-2.254292e-02 3.249558e-04
-2.237887e-02 3.250436e-04
-2.221583e-02 3.249095e-04
-2.205174e-02 3.240079e-04
-2.188784e-02 3.235753e-04
-2.172480e-02 3.226084e-04
-2.156132e-02 3.225296e-04
-2.139788e-02 3.223630e-04
-2.123489e-02 3.215850e-04
-2.107256e-02 3.205155e-04
-2.091085e-02 3.201923e-04
-2.074981e-02 3.204080e-04
-2.058903e-02 3.203274e-04
-2.042677e-02 3.188250e-04
-2.026402e-02 3.185732e-04
-2.010236e-02 3.184744e-04
-1.994148e-02 3.179729e-04
-1.978184e-02 3.186568e-04
-1.962215e-02 3.184975e-04
-1.946184e-02 3.170265e-04
-1.930165e-02 3.168563e-04
-1.914084e-02 3.165349e-04
-1.898073e-02 3.159988e-04
-1.882516e-02 3.208896e-04
-1.867403e-02 3.199785e-04
-1.852125e-02 3.146770e-04
-1.836426e-02 3.148668e-04
-1.820600e-02 3.132704e-04
-1.804653e-02 3.138445e-04
-1.788656e-02 3.146130e-04
-1.772810e-02 3.139902e-04
-1.756919e-02 3.127003e-04
-1.741145e-02 3.115372e-04
-1.725582e-02 3.106478e-04
-1.709947e-02 3.107594e-04
-1.694252e-02 3.100483e-04
-1.678548e-02 3.094150e-04
-1.662937e-02 3.091911e-04
-1.647448e-02 3.087956e-04
-1.631897e-02 3.078414e-04
-1.616336e-02 3.075651e-04
-1.600906e-02 3.078189e-04
-1.585527e-02 3.076019e-04
-1.570074e-02 3.057573e-04
-1.554582e-02 3.053297e-04
-1.539152e-02 3.051941e-04
-1.523760e-02 3.045032e-04
-1.508464e-02 3.041755e-04
-1.493260e-02 3.039155e-04
-1.477985e-02 3.031639e-04
-1.462705e-02 3.029282e-04
-1.447462e-02 3.017462e-04
-1.432273e-02 3.009949e-04
-1.417160e-02 3.001733e-04
-1.402017e-02 2.996493e-04
-1.386918e-02 2.989261e-04
-1.371947e-02 2.983013e-04
-1.357046e-02 2.977350e-04
-1.342125e-02 2.976537e-04
-1.327077e-02 2.964339e-04
-1.312064e-02 2.957820e-04
-1.297229e-02 2.957975e-04
-1.282465e-02 2.953720e-04
-1.267727e-02 2.946202e-04
-1.252991e-02 2.939315e-04
-1.238278e-02 2.923938e-04
-1.223557e-02 2.922917e-04
-1.208750e-02 2.916979e-04
-1.194027e-02 2.909827e-04
-1.179461e-02 2.905022e-04
-1.164994e-02 2.897321e-04
-1.150589e-02 2.886237e-04
-1.136137e-02 2.881135e-04
-1.121639e-02 2.859396e-04
-1.107177e-02 2.853314e-04
-1.092820e-02 2.853931e-04
-1.078558e-02 2.848496e-04
-1.064286e-02 2.842530e-04
-1.050075e-02 2.836750e-04
-1.035955e-02 2.825201e-04
-1.021828e-02 2.821441e-04
-1.007768e-02 2.822197e-04
-9.936997e-03 2.819192e-04
-9.795374e-03 2.795350e-04
-9.655165e-03 2.782117e-04
-9.516694e-03 2.784799e-04
-9.378453e-03 2.784373e-04
-9.240110e-03 2.770983e-04
-9.102555e-03 2.761434e-04
-8.965156e-03 2.737523e-04
-8.826765e-03 2.731151e-04
-8.689301e-03 2.728963e-04
-8.552998e-03 2.724932e-04
-8.416828e-03 2.715976e-04
-8.281843e-03 2.705648e-04
-8.146912e-03 2.688037e-04
-8.011776e-03 2.682902e-04
-7.877510e-03 2.672942e-04
-7.743532e-03 2.667627e-04
-7.610004e-03 2.660380e-04
-7.476112e-03 2.656332e-04
-7.342655e-03 2.652360e-04
-7.211057e-03 2.643401e-04
-7.079767e-03 2.633615e-04
-6.948457e-03 2.630188e-04
-6.817456e-03 2.615849e-04
-6.686683e-03 2.609313e-04
-6.556738e-03 2.604972e-04
-6.426890e-03 2.599291e-04
-6.297408e-03 2.589620e-04
-6.168877e-03 2.583970e-04
-6.040617e-03 2.572799e-04
-5.912694e-03 2.566745e-04
-5.784231e-03 2.550576e-04
-5.656590e-03 2.539795e-04
-5.530555e-03 2.526968e-04
-5.404313e-03 2.523591e-04
-5.278540e-03 2.522041e-04
-5.153182e-03 2.515577e-04
-5.028013e-03 2.500805e-04
-4.903010e-03 2.497899e-04
-4.777669e-03 2.493605e-04
-4.653363e-03 2.485836e-04
-4.530113e-03 2.472427e-04
-4.406837e-03 2.467753e-04
-4.284373e-03 2.468334e-04
-4.161755e-03 2.466119e-04
-4.038912e-03 2.456219e-04
-3.917536e-03 2.447219e-04
-3.796542e-03 2.428633e-04
-3.675096e-03 2.424636e-04
-3.553762e-03 2.424561e-04
-3.433757e-03 2.416544e-04
-3.314221e-03 2.392924e-04
-3.194322e-03 2.386604e-04
-3.075717e-03 2.390673e-04
-2.957062e-03 2.389198e-04
-2.837576e-03 2.371305e-04
-2.719212e-03 2.361387e-04
-2.601941e-03 2.352046e-04
-2.484794e-03 2.347932e-04
-2.367197e-03 2.337865e-04
-2.249769e-03 2.333220e-04
-2.133482e-03 2.330488e-04
-2.017867e-03 2.325459e-04
-1.902331e-03 2.312786e-04
-1.786879e-03 2.304584e-04
-1.671898e-03 2.289705e-04
-1.557251e-03 2.285473e-04
-1.442490e-03 2.280432e-04
-1.328330e-03 2.275009e-04
-1.214828e-03 2.262298e-04
-1.101631e-03 2.255894e-04
-9.890421e-04 2.248279e-04
-8.764211e-04 2.242681e-04
-7.640288e-04 2.230992e-04
-6.530183e-04 2.221546e-04
-5.427702e-04 2.208026e-04
-4.330001e-04 2.200283e-04
-3.232973e-04 2.188173e-04
-2.152467e-04 2.174109e-04
-1.079399e-04 2.138229e-04
6.143287e-07 2.133141e-04
1.072633e-04 2.149914e-04
2.156054e-04 2.163495e-04
3.248907e-04 2.184737e-04
4.342387e-04 2.195707e-04
5.446497e-04 2.216832e-04
6.560643e-04 2.230492e-04
7.682030e-04 2.247992e-04
8.805494e-04 2.255540e-04
9.935698e-04 2.265249e-04
1.107255e-03 2.269642e-04
1.221447e-03 2.273394e-04
1.336082e-03 2.280491e-04
1.451572e-03 2.294625e-04
1.567018e-03 2.299482e-04
1.682068e-03 2.310915e-04
1.798024e-03 2.320480e-04
1.914803e-03 2.333309e-04
2.032518e-03 2.340353e-04
2.150727e-03 2.351653e-04
2.268335e-03 2.355296e-04
2.386289e-03 2.359630e-04
2.505182e-03 2.366817e-04
2.624653e-03 2.386124e-04
2.744060e-03 2.392709e-04
2.863824e-03 2.396023e-04
2.984875e-03 2.401665e-04
3.106456e-03 2.408496e-04
3.227883e-03 2.413293e-04
3.349561e-03 2.422423e-04
3.471260e-03 2.425850e-04
3.593223e-03 2.440177e-04
3.716029e-03 2.450423e-04
3.839628e-03 2.456430e-04
3.963712e-03 2.461509e-04
4.087984e-03 2.472478e-04
4.213201e-03 2.478716e-04
4.338942e-03 2.487324e-04
4.464218e-03 2.491001e-04
4.590325e-03 2.496772e-04
4.717344e-03 2.504354e-04
4.844038e-03 2.521388e-04
4.971458e-03 2.531887e-04
5.099875e-03 2.544387e-04
5.228554e-03 2.546972e-04
5.356976e-03 2.558417e-04
5.485081e-03 2.564096e-04
5.613971e-03 2.566793e-04
5.743944e-03 2.574258e-04
5.874927e-03 2.587925e-04
6.006390e-03 2.595769e-04
6.137894e-03 2.607067e-04
6.270169e-03 2.612187e-04
6.402845e-03 2.619737e-04
6.535429e-03 2.625451e-04
6.668528e-03 2.632732e-04
6.802155e-03 2.638522e-04
6.936450e-03 2.653477e-04
7.071214e-03 2.661724e-04
7.206115e-03 2.672286e-04
7.341516e-03 2.679088e-04
7.477334e-03 2.691006e-04
7.613713e-03 2.694982e-04
7.750743e-03 2.695244e-04
7.888390e-03 2.702695e-04
8.026959e-03 2.718266e-04
8.165646e-03 2.724635e-04
8.303991e-03 2.737736e-04
8.442985e-03 2.746366e-04
8.582731e-03 2.757799e-04
8.723243e-03 2.762736e-04
8.864075e-03 2.771172e-04
9.005012e-03 2.778589e-04
9.146508e-03 2.789858e-04
9.288341e-03 2.795940e-04
9.431054e-03 2.808753e-04
9.574017e-03 2.814916e-04
9.716985e-03 2.821272e-04
9.861195e-03 2.827142e-04
1.000578e-02 2.837194e-04
1.015033e-02 2.844416e-04
1.029512e-02 2.860461e-04
1.044009e-02 2.867301e-04
1.058678e-02 2.868354e-04
1.073348e-02 2.868849e-04
1.087924e-02 2.875031e-04
1.102626e-02 2.884806e-04
1.117373e-02 2.904359e-04
1.132219e-02 2.913310e-04
1.147153e-02 2.923447e-04
1.162024e-02 2.927229e-04
1.176970e-02 2.936122e-04
1.191944e-02 2.941019e-04
1.206929e-02 2.941677e-04
1.221967e-02 2.945138e-04
1.237007e-02 2.954440e-04
1.252191e-02 2.962348e-04
1.267456e-02 2.970943e-04
1.282668e-02 2.974940e-04
1.297937e-02 2.987992e-04
1.313188e-02 2.991728e-04
1.328439e-02 2.990914e-04
1.343810e-02 2.997904e-04
1.359222e-02 3.010675e-04
1.374716e-02 3.016124e-04
1.390248e-02 3.025171e-04
1.405711e-02 3.028410e-04
1.421166e-02 3.038773e-04
1.436695e-02 3.046962e-04
1.452383e-02 3.054682e-04
1.468058e-02 3.056719e-04
1.483704e-02 3.055556e-04
1.499447e-02 3.060928e-04
1.515158e-02 3.081062e-04
1.530916e-02 3.086875e-04
1.546747e-02 3.090848e-04
1.562534e-02 3.093789e-04
1.578426e-02 3.095997e-04
1.594448e-02 3.104630e-04
1.610497e-02 3.112342e-04
1.626450e-02 3.109357e-04
1.642328e-02 3.113504e-04
1.658336e-02 3.118486e-04
1.674372e-02 3.127647e-04
1.690387e-02 3.133868e-04
1.706569e-02 3.135036e-04
1.722798e-02 3.138288e-04
1.738929e-02 3.151563e-04
1.755059e-02 3.156272e-04
1.771246e-02 3.159857e-04
1.787522e-02 3.162191e-04
1.803747e-02 3.177410e-04
1.819966e-02 3.186822e-04
1.836347e-02 3.185859e-04
1.852710e-02 3.184371e-04
1.869152e-02 3.178971e-04
1.885649e-02 3.180371e-04
1.901995e-02 3.197211e-04
1.918426e-02 3.203930e-04
1.934969e-02 3.203932e-04
1.951481e-02 3.206379e-04
1.967998e-02 3.212273e-04
1.984520e-02 3.214657e-04
2.001158e-02 3.213820e-04
2.017778e-02 3.212413e-04
2.034272e-02 3.217122e-04
2.050918e-02 3.227935e-04
2.067667e-02 3.240609e-04
2.084435e-02 3.241810e-04
2.101210e-02 3.244258e-04
2.117950e-02 3.247435e-04
2.134782e-02 3.253087e-04
2.151619e-02 3.255497e-04
2.168374e-02 3.263423e-04
2.185149e-02 3.267505e-04
2.202002e-02 3.265896e-04
2.219027e-02 3.271083e-04
2.236100e-02 3.277489e-04
2.253073e-02 3.278198e-04
2.269953e-02 3.295611e-04
2.287689e-02 3.353208e-04
2.306526e-02 3.342431e-04
2.324559e-02 3.290477e-04
2.341624e-02 3.294702e-04
2.358826e-02 3.299853e-04
2.376055e-02 3.309700e-04
2.393174e-02 3.311097e-04
2.410314e-02 3.311540e-04
2.427484e-02 3.313542e-04
2.444698e-02 3.324279e-04
2.461987e-02 3.332716e-04
2.479349e-02 3.331185e-04
2.496699e-02 3.329866e-04
2.513994e-02 3.335312e-04
2.531372e-02 3.337682e-04
2.548744e-02 3.345548e-04
2.565999e-02 3.345847e-04
2.583386e-02 3.336993e-04
2.600848e-02 3.338336e-04
2.618228e-02 3.343044e-04
2.635590e-02 3.343700e-04
2.652960e-02 3.344165e-04
2.670413e-02 3.344662e-04
2.687849e-02 3.348881e-04
2.705187e-02 3.348972e-04
2.722621e-02 3.345819e-04
2.740099e-02 3.347471e-04
2.757521e-02 3.348769e-04
2.774910e-02 3.347311e-04
2.792338e-02 3.336750e-04
2.809827e-02 3.331946e-04
2.827156e-02 3.345384e-04
2.844391e-02 3.349145e-04
2.861741e-02 3.340650e-04
2.879097e-02 3.337947e-04
2.896458e-02 3.342092e-04
2.913755e-02 3.339811e-04
2.930967e-02 3.334830e-04
2.948094e-02 3.327951e-04
2.965210e-02 3.310743e-04
2.982403e-02 3.304617e-04
2.999536e-02 3.297947e-04
3.016637e-02 3.298107e-04
3.033828e-02 3.295766e-04
3.050905e-02 3.288128e-04
3.067825e-02 3.280647e-04
3.084719e-02 3.276447e-04
3.101599e-02 3.267145e-04
3.118488e-02 3.259854e-04
3.135348e-02 3.244806e-04
3.152174e-02 3.241824e-04
3.169035e-02 3.240070e-04
3.185811e-02 3.234430e-04
3.202401e-02 3.237299e-04
3.218968e-02 3.236880e-04
3.235572e-02 3.229400e-04
3.252231e-02 3.225594e-04
3.268884e-02 3.216300e-04
3.285420e-02 3.210273e-04
3.301945e-02 3.195287e-04
3.318463e-02 3.189435e-04
3.334863e-02 3.204936e-04
3.351183e-02 3.205817e-04
3.367573e-02 3.184287e-04
3.384114e-02 3.181189e-04
3.400622e-02 3.178318e-04
3.416933e-02 3.169761e-04
3.433095e-02 3.170666e-04
3.449284e-02 3.172620e-04
3.465601e-02 3.168772e-04
3.481867e-02 3.164388e-04
3.497975e-02 3.166480e-04
3.514121e-02 3.169522e-04
3.530392e-02 3.157139e-04
3.546807e-02 3.156987e-04
3.563168e-02 3.165790e-04
3.579229e-02 3.155273e-04
3.595249e-02 3.144725e-04
3.611375e-02 3.147358e-04
3.627520e-02 3.139568e-04
3.643722e-02 3.140153e-04
3.659889e-02 3.147518e-04
3.676064e-02 3.146329e-04
3.692244e-02 3.142547e-04
3.708208e-02 3.132586e-04
3.724069e-02 3.122165e-04
3.740164e-02 3.132412e-04
3.756433e-02 3.143707e-04
3.772582e-02 3.140698e-04
3.788633e-02 3.136860e-04
3.804839e-02 3.140467e-04
3.821153e-02 3.132682e-04
3.837336e-02 3.126315e-04
3.853488e-02 3.113909e-04
3.909717e-02 5.510424e-04
4.008495e-02 5.096990e-04
4.070017e-02 2.716944e-04
4.088744e-02 3.217330e-04
4.104082e-02 3.193742e-04
4.118410e-02 3.296800e-04
4.132303e-02 3.303377e-04
4.146943e-02 3.196561e-04
4.162093e-02 3.193196e-04
4.177300e-02 3.186567e-04
4.192490e-02 3.183062e-04
4.207473e-02 3.195929e-04
4.222190e-02 3.184558e-04
4.236685e-02 3.190178e-04
4.251517e-02 3.208203e-04
4.266882e-02 3.169051e-04
4.282128e-02 3.152159e-04
4.296866e-02 3.202010e-04
4.311572e-02 3.217967e-04
4.326743e-02 3.173047e-04
4.342062e-02 3.165896e-04
4.357018e-02 3.206864e-04
4.369960e-02 3.096639e-04
4.381206e-02 3.072277e-04
4.394504e-02 3.190836e-04
4.409939e-02 3.164543e-04
4.425675e-02 3.173058e-04
4.441570e-02 3.182126e-04
4.457181e-02 3.168248e-04
4.472496e-02 3.166911e-04
4.487921e-02 3.172987e-04
4.503392e-02 3.182096e-04
4.518905e-02 3.183613e-04
4.534610e-02 3.155891e-04
4.550324e-02 3.150803e-04
4.565858e-02 3.178660e-04
4.581369e-02 3.187289e-04
4.596845e-02 3.205312e-04
4.612194e-02 3.204196e-04
4.628021e-02 3.121214e-04
4.644158e-02 3.105764e-04
4.659580e-02 3.182103e-04
4.674845e-02 3.204450e-04
4.690766e-02 3.169273e-04
4.706622e-02 3.152643e-04
4.721745e-02 3.216885e-04
4.736758e-02 3.233433e-04
4.752398e-02 3.174792e-04
4.768241e-02 3.161617e-04
4.783927e-02 3.151128e-04
4.799616e-02 3.151761e-04
4.815212e-02 3.168770e-04
4.830701e-02 3.168416e-04
4.846298e-02 3.161159e-04
4.861936e-02 3.160898e-04
4.877279e-02 3.197486e-04
4.892527e-02 3.204985e-04
4.908095e-02 3.172370e-04
4.923853e-02 3.167711e-04
4.939575e-02 3.160746e-04
4.955429e-02 3.170443e-04
4.971401e-02 3.189694e-04
4.987310e-02 3.192896e-04
5.003456e-02 3.150204e-04
5.019785e-02 3.145774e-04
5.035872e-02 3.173621e-04
5.051716e-02 3.164638e-04
5.067079e-02 3.219502e-04
5.082608e-02 3.253598e-04
5.099209e-02 3.182203e-04
5.115884e-02 3.161012e-04
5.132062e-02 3.172930e-04
5.148003e-02 3.162954e-04
5.163774e-02 3.163671e-04
5.179641e-02 3.165428e-04
5.195501e-02 3.171544e-04
5.211335e-02 3.176535e-04
5.227331e-02 3.163494e-04
5.243532e-02 3.171036e-04
5.261369e-02 2.930840e-04
5.281748e-02 2.997337e-04
5.301775e-02 3.228839e-04
5.319176e-02 3.149982e-04
5.335008e-02 3.192694e-04
5.350251e-02 3.177047e-04
5.365216e-02 3.179917e-04
5.380125e-02 3.177616e-04
5.394941e-02 3.198872e-04
5.409702e-02 3.203085e-04
5.424445e-02 3.205876e-04
5.439451e-02 3.222592e-04
5.454716e-02 3.225460e-04
5.470026e-02 3.224829e-04
5.485592e-02 3.180269e-04
5.501674e-02 3.199510e-04
5.517195e-02 3.358871e-04
5.530887e-02 3.306321e-04
5.544627e-02 3.140087e-04
5.559789e-02 3.165670e-04
5.575471e-02 3.149604e-04
5.591307e-02 3.148733e-04
5.606969e-02 3.175176e-04
5.622496e-02 3.180911e-04
5.638346e-02 3.143273e-04
5.654293e-02 3.135515e-04
5.669925e-02 3.178143e-04
5.685454e-02 3.187225e-04
5.701191e-02 3.165734e-04
5.717132e-02 3.165952e-04
5.733203e-02 3.145066e-04
5.749313e-02 3.144169e-04
5.765174e-02 3.183002e-04
5.780702e-02 3.177115e-04
5.796524e-02 3.123918e-04
5.812781e-02 3.130930e-04
5.828793e-02 3.179591e-04
5.844482e-02 3.177791e-04
5.860461e-02 3.124537e-04
5.876730e-02 3.118518e-04
5.892572e-02 3.173053e-04
5.908074e-02 3.176612e-04
5.923967e-02 3.133414e-04
5.940153e-02 3.135532e-04
5.956202e-02 3.152489e-04
5.972473e-02 3.171932e-04
5.988859e-02 3.206834e-04
6.004689e-02 3.181720e-04
6.020200e-02 3.165201e-04
6.035882e-02 3.173855e-04
6.051945e-02 3.146442e-04
6.068158e-02 3.145628e-04
6.084206e-02 3.158902e-04
6.100289e-02 3.165739e-04
6.116609e-02 3.145004e-04
6.132968e-02 3.135520e-04
6.148849e-02 3.188751e-04
6.164487e-02 3.197641e-04
6.180314e-02 3.190996e-04
6.196185e-02 3.191246e-04
6.212227e-02 3.175434e-04
6.228191e-02 3.165020e-04
6.243828e-02 3.178527e-04
6.259503e-02 3.185671e-04
6.275351e-02 3.176718e-04
6.291270e-02 3.173461e-04
6.307141e-02 3.172506e-04
6.323069e-02 3.179951e-04
6.339055e-02 3.203288e-04
6.354956e-02 3.206670e-04
6.370813e-02 3.211438e-04
6.386164e-02 3.182792e-04
6.401145e-02 3.165138e-04
6.416623e-02 3.184361e-04
6.432041e-02 3.247492e-04
6.446540e-02 3.219584e-04
6.460560e-02 3.234162e-04
6.474446e-02 3.231072e-04
6.488218e-02 3.229715e-04
6.502046e-02 3.232513e-04
6.516064e-02 3.208269e-04
6.530571e-02 3.224585e-04
6.545953e-02 3.123807e-04
6.561767e-02 3.117829e-04
6.577029e-02 3.193203e-04
6.591931e-02 3.198875e-04
6.607267e-02 3.154437e-04
6.622920e-02 3.157425e-04
6.638440e-02 3.176164e-04
6.654265e-02 3.196838e-04
6.670342e-02 3.212058e-04
6.685852e-02 3.187944e-04
6.701207e-02 3.146839e-04
6.716844e-02 3.148917e-04
6.732376e-02 3.184415e-04
6.747875e-02 3.195236e-04
6.763750e-02 3.150470e-04
6.779691e-02 3.138331e-04
6.795347e-02 3.152381e-04
6.811354e-02 3.174184e-04
6.827402e-02 3.227575e-04
6.842870e-02 3.216384e-04
6.858912e-02 3.101736e-04
6.875370e-02 3.085417e-04
6.891000e-02 3.166577e-04
6.906569e-02 3.192222e-04
6.922635e-02 3.180711e-04
6.938725e-02 3.173747e-04
6.954750e-02 3.165390e-04
6.970686e-02 3.161393e-04
6.986269e-02 3.209048e-04
7.001630e-02 3.212920e-04
7.017812e-02 3.098703e-04
7.034328e-02 3.077537e-04
7.049984e-02 3.150209e-04
7.065739e-02 3.177937e-04
7.081883e-02 3.190011e-04
7.097732e-02 3.181016e-04
7.113462e-02 3.175892e-04
7.129139e-02 3.170915e-04
7.144865e-02 3.161038e-04
7.161145e-02 3.190780e-04
7.177670e-02 3.220605e-04
7.193544e-02 3.192239e-04
7.208902e-02 3.199680e-04
7.224314e-02 3.201314e-04
7.240014e-02 3.157840e-04
7.255945e-02 3.160391e-04
7.272099e-02 3.142375e-04
7.288282e-02 3.137736e-04
7.304112e-02 3.171979e-04
7.319866e-02 3.179765e-04
7.335783e-02 3.174165e-04
7.351625e-02 3.163329e-04
7.367230e-02 3.172506e-04
7.383104e-02 3.196154e-04
7.399371e-02 3.208527e-04
7.415254e-02 3.190007e-04
7.430951e-02 3.157509e-04
7.446738e-02 3.151195e-04
7.462325e-02 3.167067e-04
7.478154e-02 3.183051e-04
7.494300e-02 3.174957e-04
7.510363e-02 3.171481e-04
7.526324e-02 3.178936e-04
7.542233e-02 3.178554e-04
7.558078e-02 3.200258e-04
7.573676e-02 3.193203e-04
7.589189e-02 3.175743e-04
7.604855e-02 3.178680e-04
7.620630e-02 3.168526e-04
7.636582e-02 3.171100e-04
7.652491e-02 3.185274e-04
7.668281e-02 3.187526e-04
7.684154e-02 3.191898e-04
7.699881e-02 3.184658e-04
7.715513e-02 3.168360e-04
7.731326e-02 3.173432e-04
7.747216e-02 3.174866e-04
7.763151e-02 3.173809e-04
7.779032e-02 3.179928e-04
7.794814e-02 3.180505e-04
7.810534e-02 3.204443e-04
