-2.000000e-02 2.005089e-04
-1.985000e-02 1.986138e-04
-1.970000e-02 1.984773e-04
-1.955000e-02 1.990459e-04
-1.940000e-02 1.995236e-04
-1.925000e-02 2.001040e-04
-1.910000e-02 2.003135e-04
-1.895000e-02 2.018321e-04
-1.880000e-02 2.021053e-04
-1.865000e-02 2.038137e-04
-1.850000e-02 2.040869e-04
-1.835000e-02 2.021888e-04
-1.820000e-02 2.015740e-04
-1.805000e-02 2.025230e-04
-1.790000e-02 2.030012e-04
-1.775000e-02 2.024318e-04
-1.760000e-02 2.021585e-04
-1.745000e-02 2.021585e-04
-1.730000e-02 2.022951e-04
-1.715000e-02 2.019155e-04
-1.700000e-02 2.015010e-04
-1.685000e-02 2.003499e-04
-1.670000e-02 1.999404e-04
-1.655000e-02 1.999404e-04
-1.640000e-02 1.995992e-04
-1.625000e-02 1.982726e-04
-1.610000e-02 1.979314e-04
-1.595000e-02 1.971734e-04
-1.580000e-02 1.971051e-04
-1.565000e-02 1.955890e-04
-1.550000e-02 1.954526e-04
-1.535000e-02 1.975372e-04
-1.520000e-02 1.976737e-04
-1.505000e-02 1.976736e-04
-1.490000e-02 1.982878e-04
-1.475000e-02 1.984774e-04
-1.460000e-02 1.975902e-04
-1.445000e-02 1.975902e-04
-1.430000e-02 1.984091e-04
-1.415000e-02 1.972721e-04
-1.400000e-02 1.970673e-04
-1.385000e-02 1.982044e-04
-1.370000e-02 1.984091e-04
-1.355000e-02 1.999252e-04
-1.340000e-02 2.001982e-04
-1.325000e-02 2.000209e-04
-1.310000e-02 2.005034e-04
-1.295000e-02 2.016423e-04
-1.280000e-02 2.023937e-04
-1.265000e-02 2.054307e-04
-1.250000e-02 2.054307e-04
-1.235000e-02 2.035326e-04
-1.220000e-02 2.033276e-04
-1.205000e-02 2.018091e-04
-1.190000e-02 2.017408e-04
-1.175000e-02 2.038288e-04
-1.160000e-02 2.041020e-04
-1.145000e-02 2.023937e-04
-1.130000e-02 2.017789e-04
-1.115000e-02 2.021585e-04
-1.100000e-02 2.019489e-04
-1.085000e-02 2.004181e-04
-1.070000e-02 2.005546e-04
-1.055000e-02 2.018812e-04
-1.040000e-02 2.011987e-04
-1.025000e-02 1.983561e-04
-1.010000e-02 1.969912e-04
-9.950000e-03 1.941486e-04
-9.800000e-03 1.935344e-04
-9.650000e-03 1.941029e-04
-9.500000e-03 1.940346e-04
-9.350000e-03 1.930871e-04
-9.200000e-03 1.925411e-04
-9.050000e-03 1.910251e-04
-8.900000e-03 1.903426e-04
-8.750000e-03 1.893951e-04
-8.600000e-03 1.891221e-04
-8.450000e-03 1.883641e-04
-8.300000e-03 1.880911e-04
-8.150000e-03 1.897967e-04
-8.000000e-03 1.900014e-04
-7.850000e-03 1.900014e-04
-7.700000e-03 1.896602e-04
-7.550000e-03 1.877642e-04
-7.400000e-03 1.872863e-04
-7.250000e-03 1.861474e-04
-7.100000e-03 1.855326e-04
-6.950000e-03 1.857224e-04
-6.800000e-03 1.865422e-04
-6.650000e-03 1.897690e-04
-6.500000e-03 1.901789e-04
-6.350000e-03 1.903687e-04
-6.200000e-03 1.899588e-04
-6.050000e-03 1.886301e-04
-5.900000e-03 1.885618e-04
-5.750000e-03 1.883720e-04
-5.600000e-03 1.882354e-04
-5.450000e-03 1.874761e-04
-5.300000e-03 1.865881e-04
-5.150000e-03 1.852594e-04
-5.000000e-03 1.858063e-04
-4.850000e-03 1.873252e-04
-4.700000e-03 1.867792e-04
-4.550000e-03 1.856421e-04
-4.400000e-03 1.854374e-04
-4.250000e-03 1.848689e-04
-4.100000e-03 1.848689e-04
-3.950000e-03 1.863850e-04
-3.800000e-03 1.865897e-04
-3.650000e-03 1.839366e-04
-3.500000e-03 1.824352e-04
-3.350000e-03 1.803506e-04
-3.200000e-03 1.800776e-04
-3.050000e-03 1.791301e-04
-2.900000e-03 1.784476e-04
-2.750000e-03 1.786371e-04
-2.600000e-03 1.793878e-04
-2.450000e-03 1.799563e-04
-2.300000e-03 1.792739e-04
-2.150000e-03 1.785159e-04
-2.000000e-03 1.785841e-04
-1.850000e-03 1.778261e-04
-1.700000e-03 1.772119e-04
-1.550000e-03 1.768212e-04
-1.400000e-03 1.759976e-04
-1.250000e-03 1.735301e-04
-1.100000e-03 1.733934e-04
-9.500000e-04 1.743425e-04
-8.000000e-04 1.743425e-04
-6.500000e-04 1.749120e-04
-5.000000e-04 1.745021e-04
-3.500000e-04 1.722243e-04
-2.000000e-04 1.715675e-04
-4.999900e-05 1.719208e-04
1.000000e-04 1.727039e-04
2.500000e-04 1.755632e-04
4.000000e-04 1.765871e-04
5.500000e-04 1.767770e-04
7.000000e-04 1.773231e-04
8.500000e-04 1.807349e-04
1.000000e-03 1.810080e-04
1.150000e-03 1.791126e-04
1.300000e-03 1.793173e-04
1.450000e-03 1.806441e-04
1.600000e-03 1.807124e-04
1.750000e-03 1.799542e-04
1.900000e-03 1.802955e-04
2.050000e-03 1.810469e-04
2.200000e-03 1.812492e-04
2.350000e-03 1.833375e-04
2.500000e-03 1.841573e-04
2.650000e-03 1.826386e-04
2.800000e-03 1.822308e-04
2.950000e-03 1.829947e-04
3.100000e-03 1.836773e-04
3.250000e-03 1.853831e-04
3.400000e-03 1.853831e-04
3.550000e-03 1.850041e-04
3.700000e-03 1.850723e-04
3.850000e-03 1.833665e-04
4.000000e-03 1.826157e-04
4.150000e-03 1.820470e-04
4.300000e-03 1.821835e-04
4.450000e-03 1.825626e-04
4.600000e-03 1.831087e-04
4.750000e-03 1.827235e-04
4.900000e-03 1.820388e-04
5.050000e-03 1.814693e-04
5.200000e-03 1.820842e-04
5.350000e-03 1.841724e-04
5.500000e-03 1.841740e-04
5.650000e-03 1.837986e-04
5.800000e-03 1.844129e-04
5.950000e-03 1.840338e-04
6.100000e-03 1.841703e-04
6.250000e-03 1.860657e-04
6.400000e-03 1.859974e-04
6.550000e-03 1.842916e-04
6.700000e-03 1.844964e-04
6.850000e-03 1.858231e-04
7.000000e-03 1.860279e-04
7.150000e-03 1.869746e-04
7.300000e-03 1.879307e-04
7.450000e-03 1.905885e-04
7.600000e-03 1.909985e-04
7.750000e-03 1.906188e-04
7.900000e-03 1.908227e-04
8.050000e-03 1.911990e-04
8.200000e-03 1.916085e-04
8.350000e-03 1.931248e-04
8.500000e-03 1.938756e-04
8.650000e-03 1.957710e-04
8.800000e-03 1.957028e-04
8.950000e-03 1.938074e-04
9.100000e-03 1.944900e-04
9.250000e-03 1.958167e-04
9.400000e-03 1.956120e-04
9.550000e-03 1.954224e-04
9.700000e-03 1.956272e-04
9.850000e-03 1.962044e-04
1.000000e-02 1.969587e-04
1.015000e-02 1.992368e-04
1.030000e-02 1.995784e-04
1.045000e-02 1.997683e-04
1.060000e-02 2.009248e-04
1.075000e-02 2.016704e-04
1.090000e-02 2.011243e-04
1.105000e-02 2.007453e-04
1.120000e-02 2.007453e-04
1.135000e-02 1.975231e-04
1.150000e-02 1.975231e-04
1.165000e-02 1.997976e-04
1.180000e-02 1.995246e-04
1.195000e-02 1.997141e-04
1.210000e-02 2.001919e-04
1.225000e-02 2.001919e-04
1.240000e-02 1.992363e-04
1.255000e-02 1.984889e-04
1.270000e-02 1.992441e-04
