-1.000000e-01 2.395942e-03
-9.900000e-02 2.383052e-03
-9.800000e-02 2.366875e-03
-9.700000e-02 2.341095e-03
-9.600000e-02 2.325328e-03
-9.500000e-02 2.300875e-03
-9.400000e-02 2.285244e-03
-9.300000e-02 2.259843e-03
-9.200000e-02 2.244622e-03
-9.100000e-02 2.218807e-03
-9.000000e-02 2.203977e-03
-8.900000e-02 2.180634e-03
-8.800000e-02 2.167314e-03
-8.700000e-02 2.143780e-03
-8.600000e-02 2.129473e-03
-8.500000e-02 2.106439e-03
-8.400000e-02 2.093061e-03
-8.300000e-02 2.071830e-03
-8.200000e-02 2.059066e-03
-8.100000e-02 2.037646e-03
-8.000000e-02 2.025428e-03
-7.900000e-02 2.006662e-03
-7.800000e-02 1.995058e-03
-7.700000e-02 1.976292e-03
-7.600000e-02 1.964279e-03
-7.500000e-02 1.944755e-03
-7.400000e-02 1.933833e-03
-7.300000e-02 1.915257e-03
-7.200000e-02 1.903721e-03
-7.100000e-02 1.884290e-03
-7.000000e-02 1.873194e-03
-6.900000e-02 1.854784e-03
-6.800000e-02 1.844060e-03
-6.700000e-02 1.828498e-03
-6.600000e-02 1.819125e-03
-6.500000e-02 1.802392e-03
-6.400000e-02 1.792017e-03
-6.300000e-02 1.774388e-03
-6.200000e-02 1.764286e-03
-6.100000e-02 1.747036e-03
-6.000000e-02 1.737002e-03
-5.900000e-02 1.721648e-03
-5.800000e-02 1.712775e-03
-5.700000e-02 1.697800e-03
-5.600000e-02 1.688994e-03
-5.500000e-02 1.674399e-03
-5.400000e-02 1.666003e-03
-5.300000e-02 1.653492e-03
-5.200000e-02 1.645233e-03
-5.100000e-02 1.630350e-03
-5.000000e-02 1.622394e-03
-4.900000e-02 1.609678e-03
-4.800000e-02 1.601071e-03
-4.700000e-02 1.587217e-03
-4.600000e-02 1.579635e-03
-4.500000e-02 1.565970e-03
-4.400000e-02 1.557761e-03
-4.300000e-02 1.545207e-03
-4.200000e-02 1.538245e-03
-4.100000e-02 1.525924e-03
-4.000000e-02 1.518962e-03
-3.900000e-02 1.507778e-03
-3.800000e-02 1.500474e-03
-3.700000e-02 1.488342e-03
-3.600000e-02 1.481312e-03
-3.500000e-02 1.469370e-03
-3.400000e-02 1.462817e-03
-3.300000e-02 1.452771e-03
-3.200000e-02 1.446218e-03
-3.100000e-02 1.435358e-03
-3.000000e-02 1.429125e-03
-2.900000e-02 1.418686e-03
-2.800000e-02 1.412880e-03
-2.700000e-02 1.404150e-03
-2.600000e-02 1.398959e-03
-2.500000e-02 1.390988e-03
-2.400000e-02 1.385899e-03
-2.300000e-02 1.376888e-03
-2.200000e-02 1.371359e-03
-2.100000e-02 1.361502e-03
-2.000000e-02 1.356383e-03
-1.900000e-02 1.347853e-03
-1.800000e-02 1.343347e-03
-1.700000e-02 1.336523e-03
-1.600000e-02 1.332565e-03
-1.500000e-02 1.328015e-03
-1.400000e-02 1.326240e-03
-1.300000e-02 1.323966e-03
-1.200000e-02 1.321031e-03
-1.100000e-02 1.318426e-03
-1.000000e-02 1.316940e-03
-9.000000e-03 1.312765e-03
-8.000000e-03 1.310238e-03
-7.000000e-03 1.306252e-03
-6.000000e-03 1.304271e-03
-5.000000e-03 1.300665e-03
-4.000000e-03 1.299492e-03
-3.000000e-03 1.297941e-03
-2.000000e-03 1.297337e-03
-1.000000e-03 1.296622e-03
3.259600e-09 1.296769e-03
1.000000e-03 1.297340e-03
2.000000e-03 1.297751e-03
3.000000e-03 1.297751e-03
4.000000e-03 1.298434e-03
5.000000e-03 1.299571e-03
6.000000e-03 1.300391e-03
7.000000e-03 1.302133e-03
8.000000e-03 1.303635e-03
9.000000e-03 1.307580e-03
1.000000e-02 1.309833e-03
1.100000e-02 1.313055e-03
1.200000e-02 1.315786e-03
1.300000e-02 1.320715e-03
1.400000e-02 1.323924e-03
1.500000e-02 1.330748e-03
1.600000e-02 1.334708e-03
1.700000e-02 1.341912e-03
1.800000e-02 1.346622e-03
1.900000e-02 1.354852e-03
2.000000e-02 1.359524e-03
2.100000e-02 1.368065e-03
2.200000e-02 1.372882e-03
2.300000e-02 1.379808e-03
2.400000e-02 1.384860e-03
2.500000e-02 1.393960e-03
2.600000e-02 1.399353e-03
2.700000e-02 1.408642e-03
2.800000e-02 1.414991e-03
2.900000e-02 1.427503e-03
3.000000e-02 1.433988e-03
3.100000e-02 1.442853e-03
3.200000e-02 1.448232e-03
3.300000e-02 1.457533e-03
3.400000e-02 1.463623e-03
3.500000e-02 1.472377e-03
3.600000e-02 1.479340e-03
3.700000e-02 1.492990e-03
3.800000e-02 1.500089e-03
3.900000e-02 1.511654e-03
4.000000e-02 1.519231e-03
4.100000e-02 1.531933e-03
4.200000e-02 1.538896e-03
4.300000e-02 1.550877e-03
4.400000e-02 1.558334e-03
4.500000e-02 1.570292e-03
4.600000e-02 1.578194e-03
4.700000e-02 1.592740e-03
4.800000e-02 1.601137e-03
4.900000e-02 1.614976e-03
5.000000e-02 1.623305e-03
5.100000e-02 1.637333e-03
5.200000e-02 1.645798e-03
5.300000e-02 1.658879e-03
5.400000e-02 1.667344e-03
5.500000e-02 1.683027e-03
5.600000e-02 1.691682e-03
5.700000e-02 1.704778e-03
5.800000e-02 1.713941e-03
5.900000e-02 1.731798e-03
6.000000e-02 1.742311e-03
6.100000e-02 1.759942e-03
6.200000e-02 1.769908e-03
6.300000e-02 1.787539e-03
6.400000e-02 1.797779e-03
6.500000e-02 1.814272e-03
6.600000e-02 1.824990e-03
6.700000e-02 1.841863e-03
6.800000e-02 1.851420e-03
6.900000e-02 1.868571e-03
7.000000e-02 1.879767e-03
7.100000e-02 1.898067e-03
7.200000e-02 1.909262e-03
7.300000e-02 1.929358e-03
7.400000e-02 1.941236e-03
7.500000e-02 1.960383e-03
7.600000e-02 1.972125e-03
7.700000e-02 1.991841e-03
7.800000e-02 2.004129e-03
7.900000e-02 2.026120e-03
8.000000e-02 2.038817e-03
8.100000e-02 2.058577e-03
8.200000e-02 2.070660e-03
8.300000e-02 2.090712e-03
8.400000e-02 2.103614e-03
8.500000e-02 2.124657e-03
8.600000e-02 2.137833e-03
8.700000e-02 2.162288e-03
8.800000e-02 2.176965e-03
8.900000e-02 2.199336e-03
9.000000e-02 2.212852e-03
9.100000e-02 2.237687e-03
9.200000e-02 2.252842e-03
9.300000e-02 2.277887e-03
9.400000e-02 2.292850e-03
9.500000e-02 2.319044e-03
9.600000e-02 2.334049e-03
9.700000e-02 2.359590e-03
9.800000e-02 2.375223e-03
9.900000e-02 2.402522e-03
