-1.500000e-02 1.560845e-04
-1.485000e-02 1.600706e-04
-1.470000e-02 1.608221e-04
-1.455000e-02 1.604424e-04
-1.440000e-02 1.605108e-04
-1.425000e-02 1.591820e-04
-1.410000e-02 1.592504e-04
-1.395000e-02 1.609587e-04
-1.380000e-02 1.602756e-04
-1.365000e-02 1.583774e-04
-1.350000e-02 1.583774e-04
-1.335000e-02 1.578080e-04
-1.320000e-02 1.580129e-04
-1.305000e-02 1.582027e-04
-1.290000e-02 1.572579e-04
-1.275000e-02 1.563407e-04
-1.260000e-02 1.570232e-04
-1.245000e-02 1.564546e-04
-1.230000e-02 1.560452e-04
-1.215000e-02 1.566137e-04
-1.200000e-02 1.570914e-04
-1.185000e-02 1.586075e-04
-1.170000e-02 1.590852e-04
-1.155000e-02 1.573796e-04
-1.140000e-02 1.567654e-04
-1.125000e-02 1.577130e-04
-1.110000e-02 1.581224e-04
-1.095000e-02 1.592595e-04
-1.080000e-02 1.601467e-04
-1.065000e-02 1.639368e-04
-1.050000e-02 1.646875e-04
-1.035000e-02 1.626029e-04
-1.020000e-02 1.619205e-04
-1.005000e-02 1.617310e-04
-9.900000e-03 1.617992e-04
-9.750000e-03 1.625573e-04
-9.600000e-03 1.626937e-04
-9.450000e-03 1.632381e-04
-9.300000e-03 1.637751e-04
-9.150000e-03 1.633955e-04
-9.000000e-03 1.633272e-04
-8.850000e-03 1.640864e-04
-8.700000e-03 1.643597e-04
-8.550000e-03 1.643597e-04
-8.400000e-03 1.642231e-04
-8.250000e-03 1.630842e-04
-8.100000e-03 1.629476e-04
-7.950000e-03 1.629476e-04
-7.800000e-03 1.632891e-04
-7.650000e-03 1.625299e-04
-7.500000e-03 1.626665e-04
-7.350000e-03 1.647544e-04
-7.200000e-03 1.651724e-04
-7.050000e-03 1.657642e-04
-6.900000e-03 1.649453e-04
-6.750000e-03 1.609656e-04
-6.600000e-03 1.601467e-04
-6.450000e-03 1.614732e-04
-6.300000e-03 1.830387e-04
-6.150000e-03 2.423549e-04
-6.000000e-03 2.360763e-04
-5.850000e-03 1.549666e-04
-5.700000e-03 1.260307e-04
-5.550000e-03 1.226196e-04
-5.400000e-03 1.216641e-04
-5.250000e-03 1.218536e-04
-5.100000e-03 1.216489e-04
-4.950000e-03 1.248706e-04
-4.800000e-03 1.248706e-04
-4.650000e-03 1.201328e-04
-4.500000e-03 1.191774e-04
-4.350000e-03 1.199354e-04
-4.200000e-03 1.202767e-04
-4.050000e-03 1.200872e-04
-3.900000e-03 1.201554e-04
-3.750000e-03 1.214820e-04
-3.600000e-03 1.219597e-04
-3.450000e-03 1.218933e-04
-3.300000e-03 1.217325e-04
-3.150000e-03 1.213529e-04
-3.000000e-03 1.209430e-04
-2.850000e-03 1.203735e-04
-2.700000e-03 1.202369e-04
-2.550000e-03 1.208064e-04
-2.400000e-03 1.216261e-04
-2.250000e-03 1.233344e-04
-2.100000e-03 1.227196e-04
-1.950000e-03 1.185437e-04
-1.800000e-03 1.179289e-04
-1.650000e-03 1.192576e-04
-1.500000e-03 1.200090e-04
-1.350000e-03 1.209581e-04
-1.200000e-03 1.213238e-04
-1.050000e-03 1.183590e-04
-9.000000e-04 1.163117e-04
-7.500000e-04 1.149851e-04
-6.000000e-04 1.125965e-04
-4.500000e-04 1.071008e-04
-3.000000e-04 1.045235e-04
-1.500000e-04 9.882221e-05
1.047700e-09 9.740401e-05
1.500000e-04 9.967846e-05
3.000000e-04 1.021357e-04
4.500000e-04 1.089590e-04
6.000000e-04 1.123719e-04
7.500000e-04 1.167314e-04
9.000000e-04 1.193252e-04
1.050000e-03 1.251397e-04
1.200000e-03 1.266871e-04
1.350000e-03 1.266871e-04
1.500000e-03 1.262088e-04
1.650000e-03 1.233611e-04
1.800000e-03 1.218143e-04
1.950000e-03 1.211220e-04
2.100000e-03 1.209172e-04
2.250000e-03 1.201591e-04
2.400000e-03 1.202273e-04
2.550000e-03 1.207960e-04
2.700000e-03 1.209325e-04
2.850000e-03 1.199848e-04
3.000000e-03 1.198483e-04
3.150000e-03 1.192797e-04
3.300000e-03 1.187336e-04
3.450000e-03 1.177859e-04
3.600000e-03 1.175129e-04
3.750000e-03 1.180111e-04
3.900000e-03 1.183955e-04
4.050000e-03 1.185853e-04
4.200000e-03 1.185170e-04
4.350000e-03 1.187068e-04
4.500000e-03 1.185273e-04
4.650000e-03 1.167017e-04
4.800000e-03 1.164287e-04
4.950000e-03 1.164287e-04
5.100000e-03 1.168382e-04
5.250000e-03 1.183545e-04
5.400000e-03 1.189688e-04
5.550000e-03 1.199165e-04
5.700000e-03 1.450347e-04
5.850000e-03 2.149744e-04
6.000000e-03 2.241206e-04
6.150000e-03 2.491397e-04
6.300000e-03 2.556240e-04
6.450000e-03 1.886934e-04
6.600000e-03 1.641806e-04
6.750000e-03 1.647501e-04
6.900000e-03 1.659116e-04
7.050000e-03 1.683796e-04
7.200000e-03 1.691382e-04
7.350000e-03 1.680197e-04
7.500000e-03 1.672688e-04
7.650000e-03 1.670793e-04
7.800000e-03 1.667380e-04
7.950000e-03 1.652217e-04
8.100000e-03 1.652217e-04
8.250000e-03 1.671171e-04
8.400000e-03 1.671171e-04
8.550000e-03 1.661694e-04
8.700000e-03 1.657599e-04
8.850000e-03 1.650017e-04
9.000000e-03 1.650017e-04
9.150000e-03 1.649787e-04
9.300000e-03 1.641503e-04
9.450000e-03 1.601636e-04
9.600000e-03 1.586713e-04
9.750000e-03 1.588903e-04
9.900000e-03 1.592315e-04
1.005000e-02 1.573362e-04
1.020000e-02 1.572679e-04
1.035000e-02 1.595424e-04
1.050000e-02 1.601567e-04
1.065000e-02 1.601567e-04
1.080000e-02 1.600201e-04
1.095000e-02 1.607783e-04
1.110000e-02 1.603688e-04
1.125000e-02 1.584734e-04
1.140000e-02 1.582686e-04
1.155000e-02 1.569094e-04
1.170000e-02 1.569671e-04
1.185000e-02 1.600046e-04
1.200000e-02 1.607561e-04
1.215000e-02 1.624647e-04
1.230000e-02 1.628159e-04
1.245000e-02 1.617034e-04
1.260000e-02 1.612939e-04
1.275000e-02 1.624311e-04
1.290000e-02 1.623629e-04
1.305000e-02 1.604675e-04
1.320000e-02 1.599214e-04
1.335000e-02 1.599214e-04
1.350000e-02 1.597849e-04
1.365000e-02 1.590268e-04
1.380000e-02 1.591633e-04
1.395000e-02 1.597319e-04
1.410000e-02 1.597319e-04
1.425000e-02 1.589443e-04
1.440000e-02 1.583873e-04
1.455000e-02 1.591466e-04
1.470000e-02 1.597615e-04
1.485000e-02 1.593818e-04
