-1.000000e-01 2.398474e-03
-9.900000e-02 2.373074e-03
-9.800000e-02 2.357648e-03
-9.700000e-02 2.332626e-03
-9.600000e-02 2.316859e-03
-9.500000e-02 2.290889e-03
-9.400000e-02 2.275873e-03
-9.300000e-02 2.250472e-03
-9.200000e-02 2.235728e-03
-9.100000e-02 2.211994e-03
-9.000000e-02 2.197299e-03
-8.900000e-02 2.173765e-03
-8.800000e-02 2.159626e-03
-8.700000e-02 2.134005e-03
-8.600000e-02 2.119633e-03
-8.500000e-02 2.098122e-03
-8.400000e-02 2.085494e-03
-8.300000e-02 2.063316e-03
-8.200000e-02 2.049597e-03
-8.100000e-02 2.028745e-03
-8.000000e-02 2.017210e-03
-7.900000e-02 1.996927e-03
-7.800000e-02 1.984027e-03
-7.700000e-02 1.963365e-03
-7.600000e-02 1.951624e-03
-7.500000e-02 1.932669e-03
-7.400000e-02 1.920860e-03
-7.300000e-02 1.900198e-03
-7.200000e-02 1.888526e-03
-7.100000e-02 1.870412e-03
-7.000000e-02 1.860131e-03
-6.900000e-02 1.842291e-03
-6.800000e-02 1.831430e-03
-6.700000e-02 1.813970e-03
-6.600000e-02 1.803440e-03
-6.500000e-02 1.784634e-03
-6.400000e-02 1.774395e-03
-6.300000e-02 1.759041e-03
-6.200000e-02 1.749417e-03
-6.100000e-02 1.733873e-03
-6.000000e-02 1.724727e-03
-5.900000e-02 1.708993e-03
-5.800000e-02 1.700052e-03
-5.700000e-02 1.686024e-03
-5.600000e-02 1.677560e-03
-5.500000e-02 1.664291e-03
-5.400000e-02 1.656169e-03
-5.300000e-02 1.642142e-03
-5.200000e-02 1.634156e-03
-5.100000e-02 1.617555e-03
-5.000000e-02 1.608230e-03
-4.900000e-02 1.593996e-03
-4.800000e-02 1.586073e-03
-4.700000e-02 1.575255e-03
-4.600000e-02 1.568424e-03
-4.500000e-02 1.554380e-03
-4.400000e-02 1.546719e-03
-4.300000e-02 1.535502e-03
-4.200000e-02 1.527994e-03
-4.100000e-02 1.515293e-03
-4.000000e-02 1.507853e-03
-3.900000e-02 1.497617e-03
-3.800000e-02 1.491611e-03
-3.700000e-02 1.482133e-03
-3.600000e-02 1.475102e-03
-3.500000e-02 1.462212e-03
-3.400000e-02 1.455250e-03
-3.300000e-02 1.445014e-03
-3.200000e-02 1.438461e-03
-3.100000e-02 1.426457e-03
-3.000000e-02 1.420085e-03
-2.900000e-02 1.410785e-03
-2.800000e-02 1.404979e-03
-2.700000e-02 1.395300e-03
-2.600000e-02 1.388948e-03
-2.500000e-02 1.378509e-03
-2.400000e-02 1.373287e-03
-2.300000e-02 1.363907e-03
-2.200000e-02 1.358856e-03
-2.100000e-02 1.350704e-03
-2.000000e-02 1.345585e-03
-1.900000e-02 1.337624e-03
-1.800000e-02 1.332778e-03
-1.700000e-02 1.324627e-03
-1.600000e-02 1.320668e-03
-1.500000e-02 1.315739e-03
-1.400000e-02 1.314852e-03
-1.300000e-02 1.315420e-03
-1.200000e-02 1.317741e-03
-1.100000e-02 1.324050e-03
-1.000000e-02 1.322430e-03
-9.000000e-03 1.314648e-03
-8.000000e-03 1.305905e-03
-7.000000e-03 1.278955e-03
-6.000000e-03 1.263586e-03
-5.000000e-03 1.242899e-03
-4.000000e-03 1.232798e-03
-3.000000e-03 1.219352e-03
-2.000000e-03 1.212391e-03
-1.000000e-03 1.200691e-03
3.259600e-09 1.199121e-03
1.000000e-03 1.205000e-03
2.000000e-03 1.209370e-03
3.000000e-03 1.220555e-03
4.000000e-03 1.229635e-03
5.000000e-03 1.248403e-03
6.000000e-03 1.262534e-03
7.000000e-03 1.289107e-03
8.000000e-03 1.301258e-03
9.000000e-03 1.319995e-03
1.000000e-02 1.325797e-03
1.100000e-02 1.324849e-03
1.200000e-02 1.323416e-03
1.300000e-02 1.318676e-03
1.400000e-02 1.317584e-03
1.500000e-02 1.320238e-03
1.600000e-02 1.323242e-03
1.700000e-02 1.329687e-03
1.800000e-02 1.333988e-03
1.900000e-02 1.342019e-03
2.000000e-02 1.346960e-03
2.100000e-02 1.355312e-03
2.200000e-02 1.359928e-03
2.300000e-02 1.367243e-03
2.400000e-02 1.372431e-03
2.500000e-02 1.382099e-03
2.600000e-02 1.388039e-03
2.700000e-02 1.396759e-03
2.800000e-02 1.401538e-03
2.900000e-02 1.409310e-03
3.000000e-02 1.415796e-03
3.100000e-02 1.427493e-03
3.200000e-02 1.433414e-03
3.300000e-02 1.443284e-03
3.400000e-02 1.450334e-03
3.500000e-02 1.462132e-03
3.600000e-02 1.469300e-03
3.700000e-02 1.482191e-03
3.800000e-02 1.489496e-03
3.900000e-02 1.499923e-03
4.000000e-02 1.506749e-03
4.100000e-02 1.520020e-03
4.200000e-02 1.527392e-03
4.300000e-02 1.538225e-03
4.400000e-02 1.545406e-03
4.500000e-02 1.558503e-03
4.600000e-02 1.567160e-03
4.700000e-02 1.583989e-03
4.800000e-02 1.593137e-03
4.900000e-02 1.606408e-03
5.000000e-02 1.614463e-03
5.100000e-02 1.629440e-03
5.200000e-02 1.637836e-03
5.300000e-02 1.651865e-03
5.400000e-02 1.660603e-03
5.500000e-02 1.674764e-03
5.600000e-02 1.683484e-03
5.700000e-02 1.697719e-03
5.800000e-02 1.706270e-03
5.900000e-02 1.721857e-03
6.000000e-02 1.732165e-03
6.100000e-02 1.748468e-03
6.200000e-02 1.758299e-03
6.300000e-02 1.776309e-03
6.400000e-02 1.785934e-03
6.500000e-02 1.800911e-03
6.600000e-02 1.810263e-03
6.700000e-02 1.826757e-03
6.800000e-02 1.836997e-03
6.900000e-02 1.854516e-03
7.000000e-02 1.865917e-03
7.100000e-02 1.885365e-03
7.200000e-02 1.896287e-03
7.300000e-02 1.913349e-03
7.400000e-02 1.924886e-03
7.500000e-02 1.945550e-03
7.600000e-02 1.957565e-03
7.700000e-02 1.977281e-03
7.800000e-02 1.989228e-03
7.900000e-02 2.009323e-03
8.000000e-02 2.022157e-03
8.100000e-02 2.043612e-03
8.200000e-02 2.056241e-03
8.300000e-02 2.077631e-03
8.400000e-02 2.090670e-03
8.500000e-02 2.112282e-03
8.600000e-02 2.125525e-03
8.700000e-02 2.148464e-03
8.800000e-02 2.163209e-03
8.900000e-02 2.187476e-03
9.000000e-02 2.201197e-03
9.100000e-02 2.225084e-03
9.200000e-02 2.240444e-03
9.300000e-02 2.266238e-03
9.400000e-02 2.281813e-03
9.500000e-02 2.308577e-03
9.600000e-02 2.323312e-03
9.700000e-02 2.348481e-03
9.800000e-02 2.364933e-03
9.900000e-02 2.392043e-03
