-5.921571e-03 1.227888e-04
-5.859725e-03 1.228805e-04
-5.798110e-03 1.228088e-04
-5.736840e-03 1.232767e-04
-5.675816e-03 1.232639e-04
-5.614655e-03 1.229999e-04
-5.553237e-03 1.230593e-04
-5.491473e-03 1.226492e-04
-5.429572e-03 1.226179e-04
-5.367977e-03 1.229482e-04
-5.306718e-03 1.228315e-04
-5.245536e-03 1.227263e-04
-5.184341e-03 1.226958e-04
-5.123118e-03 1.225641e-04
-5.061626e-03 1.226782e-04
-4.999883e-03 1.225762e-04
-4.938246e-03 1.225085e-04
-4.876975e-03 1.228369e-04
-4.815793e-03 1.228683e-04
-4.754641e-03 1.230978e-04
-4.693573e-03 1.231299e-04
-4.632219e-03 1.227423e-04
-4.570555e-03 1.227888e-04
-4.508824e-03 1.227143e-04
-4.447220e-03 1.226449e-04
-4.385756e-03 1.227776e-04
-4.324440e-03 1.227028e-04
-4.263355e-03 1.228813e-04
-4.202221e-03 1.229758e-04
-4.140744e-03 1.226672e-04
-4.079081e-03 1.226670e-04
-4.017428e-03 1.225908e-04
-3.955761e-03 1.226058e-04
-3.894343e-03 1.231570e-04
-3.833128e-03 1.232004e-04
-3.771825e-03 1.231727e-04
-3.710178e-03 1.233687e-04
-3.648341e-03 1.235967e-04
-3.586483e-03 1.237250e-04
-3.524525e-03 1.238193e-04
-3.462520e-03 1.238474e-04
-3.400653e-03 1.242508e-04
-3.338730e-03 1.244298e-04
-3.276555e-03 1.245061e-04
-3.214337e-03 1.245587e-04
-3.151939e-03 1.244052e-04
-3.089477e-03 1.244232e-04
-3.027173e-03 1.246452e-04
-2.965064e-03 1.245750e-04
-2.902969e-03 1.244985e-04
-2.840700e-03 1.245752e-04
-2.778385e-03 1.247116e-04
-2.715828e-03 1.249066e-04
-2.653133e-03 1.252201e-04
-2.590158e-03 1.255358e-04
-2.527192e-03 1.263339e-04
-2.464249e-03 1.265732e-04
-2.401068e-03 1.269361e-04
-2.337813e-03 1.271109e-04
-2.274236e-03 1.270598e-04
-2.210296e-03 1.272597e-04
-2.146346e-03 1.277027e-04
-2.083065e-03 1.274956e-04
-2.019622e-03 1.267481e-04
-1.956235e-03 1.264114e-04
-1.893093e-03 1.258848e-04
-1.831125e-03 1.249910e-04
-1.769657e-03 1.233414e-04
-1.707785e-03 1.229895e-04
-1.646102e-03 1.222325e-04
-1.585652e-03 1.212532e-04
-1.525887e-03 1.197651e-04
-1.467434e-03 1.184088e-04
-1.408963e-03 1.146111e-04
-1.350779e-03 1.130724e-04
-1.294391e-03 1.117900e-04
-1.238361e-03 1.111433e-04
-1.183026e-03 1.104186e-04
-1.127902e-03 1.100003e-04
-1.073060e-03 1.093907e-04
-1.018419e-03 1.090507e-04
-9.640409e-04 1.085449e-04
-9.098940e-04 1.082243e-04
-8.559284e-04 1.076359e-04
-8.024537e-04 1.071588e-04
-7.492020e-04 1.061242e-04
-6.964682e-04 1.054121e-04
-6.440968e-04 1.041184e-04
-5.922712e-04 1.033254e-04
-5.409379e-04 1.019429e-04
-4.900064e-04 1.012043e-04
-4.396726e-04 1.000731e-04
-3.897318e-04 9.945739e-05
-3.402289e-04 9.855224e-05
-2.909378e-04 9.807227e-05
-2.420652e-04 9.743624e-05
-1.933594e-04 9.710727e-05
-1.448721e-04 9.655754e-05
-9.647025e-05 9.632322e-05
-4.838609e-05 9.607328e-05
-2.507925e-07 9.606021e-05
4.782077e-05 9.614709e-05
9.609224e-05 9.629223e-05
1.443691e-04 9.664547e-05
1.929094e-04 9.693060e-05
2.415724e-04 9.751807e-05
2.905798e-04 9.793611e-05
3.397687e-04 9.879502e-05
3.893603e-04 9.934580e-05
4.392388e-04 1.003218e-04
4.896036e-04 1.009924e-04
5.403816e-04 1.022427e-04
5.917483e-04 1.030185e-04
6.436033e-04 1.043601e-04
6.959393e-04 1.051316e-04
7.488161e-04 1.063738e-04
8.019573e-04 1.069796e-04
8.556398e-04 1.077607e-04
9.095239e-04 1.081628e-04
9.637717e-04 1.086738e-04
1.018189e-03 1.089592e-04
1.072685e-03 1.095371e-04
1.127446e-03 1.099339e-04
1.182568e-03 1.105186e-04
1.238135e-03 1.109669e-04
1.293929e-03 1.118360e-04
1.351129e-03 1.129925e-04
1.408621e-03 1.157189e-04
1.467011e-03 1.172390e-04
1.525925e-03 1.205891e-04
1.584578e-03 1.216384e-04
1.645250e-03 1.210969e-04
1.707284e-03 1.217190e-04
1.769223e-03 1.236983e-04
1.830988e-03 1.243412e-04
1.893365e-03 1.251101e-04
1.956281e-03 1.256774e-04
2.019352e-03 1.269978e-04
2.082388e-03 1.274527e-04
2.146086e-03 1.276144e-04
2.209786e-03 1.276737e-04
2.273756e-03 1.273866e-04
2.337483e-03 1.271371e-04
2.400814e-03 1.270095e-04
2.463726e-03 1.267477e-04
2.526700e-03 1.260143e-04
2.589836e-03 1.258128e-04
2.652880e-03 1.254056e-04
2.715734e-03 1.251446e-04
2.778338e-03 1.248359e-04
2.840759e-03 1.246153e-04
2.902865e-03 1.245288e-04
2.965077e-03 1.245612e-04
3.027263e-03 1.245996e-04
3.089589e-03 1.246973e-04
3.152174e-03 1.246304e-04
3.214570e-03 1.245263e-04
3.276799e-03 1.245143e-04
3.338813e-03 1.243467e-04
3.400686e-03 1.241149e-04
3.462570e-03 1.240372e-04
3.524572e-03 1.236227e-04
3.586672e-03 1.235317e-04
3.648722e-03 1.233612e-04
3.710643e-03 1.232221e-04
3.772177e-03 1.233883e-04
3.833340e-03 1.232596e-04
3.894551e-03 1.229167e-04
3.956060e-03 1.229386e-04
4.017678e-03 1.228185e-04
4.079347e-03 1.228063e-04
4.140993e-03 1.228111e-04
4.202466e-03 1.227089e-04
4.263644e-03 1.229170e-04
4.324712e-03 1.229259e-04
4.385914e-03 1.226334e-04
4.447452e-03 1.227296e-04
4.509201e-03 1.227393e-04
4.570918e-03 1.227570e-04
4.632431e-03 1.231451e-04
4.693570e-03 1.230266e-04
4.754655e-03 1.227864e-04
4.815929e-03 1.228129e-04
4.877316e-03 1.226980e-04
4.938849e-03 1.227443e-04
5.000602e-03 1.225068e-04
5.062429e-03 1.224665e-04
5.123771e-03 1.230713e-04
5.184719e-03 1.230863e-04
5.245816e-03 1.229727e-04
5.307003e-03 1.229520e-04
5.368232e-03 1.228258e-04
5.429880e-03 1.230326e-04
5.491845e-03 1.230796e-04
5.553572e-03 1.229537e-04
5.615108e-03 1.229207e-04
5.676480e-03 1.228101e-04
5.737482e-03 1.230270e-04
5.798629e-03 1.231925e-04
5.860256e-03 1.229469e-04
