-7.302645e-03 7.406559e-05
-7.263735e-03 7.546700e-05
-7.225956e-03 7.529076e-05
-7.188586e-03 7.593389e-05
-7.151739e-03 7.601690e-05
-7.114240e-03 7.516325e-05
-7.076971e-03 7.455206e-05
-7.039668e-03 7.279436e-05
-6.999873e-03 7.365991e-05
-6.960079e-03 7.607098e-05
-6.922471e-03 7.562409e-05
-6.886026e-03 7.632549e-05
-6.849351e-03 7.671645e-05
-6.811451e-03 7.575766e-05
-6.773420e-03 7.549195e-05
-6.735431e-03 7.482384e-05
-6.696952e-03 7.487833e-05
-6.658996e-03 7.544526e-05
-6.622087e-03 7.502147e-05
-6.585474e-03 7.478909e-05
-6.548031e-03 7.520067e-05
-6.509501e-03 7.454085e-05
-6.471058e-03 7.441312e-05
-6.432862e-03 7.446016e-05
-6.394071e-03 7.467358e-05
-6.355204e-03 7.514285e-05
-6.317064e-03 7.487533e-05
-6.279667e-03 7.537410e-05
-6.242730e-03 7.527760e-05
-6.205658e-03 7.478516e-05
-6.167641e-03 7.517597e-05
-6.130205e-03 7.723465e-05
-6.093140e-03 7.775161e-05
-6.054477e-03 7.651944e-05
-6.016439e-03 7.570157e-05
-5.979962e-03 7.557443e-05
-5.942724e-03 7.598534e-05
-5.904210e-03 7.546174e-05
-5.865146e-03 7.560132e-05
-5.826260e-03 7.628178e-05
-5.788433e-03 7.605831e-05
-5.750904e-03 7.593169e-05
-5.712968e-03 7.596423e-05
-5.676027e-03 7.771814e-05
-5.639490e-03 7.810615e-05
-5.600906e-03 7.576374e-05
-5.561063e-03 7.567792e-05
-5.522010e-03 7.675950e-05
-5.484285e-03 7.635053e-05
-5.446801e-03 7.561649e-05
-5.408579e-03 7.579691e-05
-5.370223e-03 7.607747e-05
-5.331984e-03 7.610842e-05
-5.293834e-03 7.588463e-05
-5.255269e-03 7.605170e-05
-5.216404e-03 7.647537e-05
-5.178946e-03 7.578728e-05
-5.142404e-03 7.539595e-05
-5.104579e-03 7.618797e-05
-5.066399e-03 7.780413e-05
-5.028946e-03 7.778210e-05
-4.990299e-03 7.572173e-05
-4.950312e-03 7.578590e-05
-4.910803e-03 7.676280e-05
-4.872243e-03 7.654363e-05
-4.834322e-03 7.700302e-05
-4.796753e-03 7.695700e-05
-4.758662e-03 7.595673e-05
-4.719473e-03 7.625702e-05
-4.680113e-03 7.680655e-05
-4.641001e-03 7.685506e-05
-4.602306e-03 7.721951e-05
-4.564379e-03 7.689046e-05
-4.526830e-03 7.706778e-05
-4.488298e-03 7.771923e-05
-4.448537e-03 7.749080e-05
-4.409073e-03 7.739983e-05
-4.370041e-03 7.786224e-05
-4.330709e-03 7.804016e-05
-4.291388e-03 7.855304e-05
-4.252373e-03 7.855312e-05
-4.214377e-03 8.025626e-05
-4.176504e-03 8.079487e-05
-4.136299e-03 7.839749e-05
-4.095543e-03 7.786736e-05
-4.056018e-03 7.844870e-05
-4.015836e-03 7.905156e-05
-3.975239e-03 8.003352e-05
-3.934935e-03 8.021000e-05
-3.895368e-03 8.143692e-05
-3.855726e-03 8.192374e-05
-3.814986e-03 8.193897e-05
-3.773623e-03 8.231683e-05
-3.731829e-03 8.265163e-05
-3.690058e-03 8.294016e-05
-3.648571e-03 8.421827e-05
-3.606955e-03 8.457548e-05
-3.565306e-03 8.551552e-05
-3.523683e-03 8.583776e-05
-3.480103e-03 8.346292e-05
-3.435279e-03 8.335735e-05
-3.391490e-03 8.479510e-05
-3.349270e-03 8.436933e-05
-3.307643e-03 8.417618e-05
-3.265946e-03 8.414894e-05
-3.223815e-03 8.334708e-05
-3.181963e-03 8.289073e-05
-3.140553e-03 8.186371e-05
-3.097879e-03 8.224874e-05
-3.055462e-03 8.423799e-05
-3.013884e-03 8.445385e-05
-2.972069e-03 8.465766e-05
-2.929043e-03 8.564195e-05
-2.885204e-03 8.702347e-05
-2.840259e-03 8.799875e-05
-2.795198e-03 9.052061e-05
-2.749437e-03 9.184772e-05
-2.702836e-03 9.413663e-05
-2.655430e-03 9.544248e-05
-2.607669e-03 9.848228e-05
-2.558080e-03 1.006724e-04
-2.506317e-03 1.031334e-04
-2.454890e-03 1.038159e-04
-2.402618e-03 1.043014e-04
-2.276252e-03 1.489880e-04
-2.150358e-03 2.723150e-04
-2.109085e-03 2.659974e-04
-1.988096e-03 1.178195e-04
-1.866654e-03 6.464306e-05
-1.833931e-03 6.412760e-05
-1.803013e-03 6.299694e-05
-1.773189e-03 6.167485e-05
-1.743530e-03 6.096195e-05
-1.713445e-03 5.826674e-05
-1.683566e-03 5.717537e-05
-1.655195e-03 5.666101e-05
-1.626985e-03 5.637971e-05
-1.598862e-03 5.574277e-05
-1.570830e-03 5.545935e-05
-1.543071e-03 5.512740e-05
-1.515521e-03 5.488257e-05
-1.488229e-03 5.463130e-05
-1.460984e-03 5.451233e-05
-1.433947e-03 5.420047e-05
-1.407000e-03 5.403515e-05
-1.379922e-03 5.368865e-05
-1.352819e-03 5.357910e-05
-1.325892e-03 5.356763e-05
-1.299413e-03 5.341180e-05
-1.273044e-03 5.316308e-05
-1.246498e-03 5.306318e-05
-1.219975e-03 5.282223e-05
-1.193547e-03 5.267844e-05
-1.167163e-03 5.235091e-05
-1.140885e-03 5.216898e-05
-1.114785e-03 5.195961e-05
-1.088877e-03 5.176890e-05
-1.063097e-03 5.145085e-05
-1.037278e-03 5.135943e-05
-1.011715e-03 5.122172e-05
-9.862764e-04 5.109797e-05
-9.607377e-04 5.089792e-05
-9.352594e-04 5.078964e-05
-9.098905e-04 5.067053e-05
-8.847173e-04 5.062026e-05
-8.595805e-04 5.054088e-05
-8.343022e-04 5.048700e-05
-8.090419e-04 5.036736e-05
-7.837829e-04 5.032362e-05
-7.585954e-04 5.032131e-05
-7.334641e-04 5.028664e-05
-7.083693e-04 5.025104e-05
-6.833173e-04 5.021252e-05
-6.582838e-04 5.013627e-05
-6.331686e-04 5.015800e-05
-6.080302e-04 5.017969e-05
-5.808805e-04 5.139578e-05
-5.538997e-04 5.472600e-05
-5.294223e-04 5.442496e-05
-5.047286e-04 5.355321e-05
-4.801395e-04 5.317625e-05
-4.538217e-04 4.926847e-05
-4.276933e-04 4.784955e-05
-4.038850e-04 4.775705e-05
-3.799270e-04 4.770945e-05
-3.560324e-04 4.768312e-05
-3.321430e-04 4.767056e-05
-3.082559e-04 4.763938e-05
-2.843705e-04 4.762712e-05
-2.604880e-04 4.759785e-05
-2.366225e-04 4.757719e-05
-2.127750e-04 4.755002e-05
-1.889472e-04 4.752845e-05
-1.651619e-04 4.753940e-05
-1.414056e-04 4.752585e-05
-1.178261e-04 4.749543e-05
-9.424910e-05 4.748308e-05
-7.049298e-05 4.743761e-05
-4.671003e-05 4.744259e-05
-2.291699e-05 4.741950e-05
6.883383e-07 4.740912e-05
2.424971e-05 4.743851e-05
4.797534e-05 4.744442e-05
7.172164e-05 4.742630e-05
9.551530e-05 4.744825e-05
1.193237e-04 4.748469e-05
1.431118e-04 4.748560e-05
1.668798e-04 4.752183e-05
1.906704e-04 4.754847e-05
2.144965e-04 4.756343e-05
2.383445e-04 4.758206e-05
2.621740e-04 4.766507e-05
2.860175e-04 4.770332e-05
3.099020e-04 4.774110e-05
3.338277e-04 4.777943e-05
3.575576e-04 4.792244e-05
3.830767e-04 4.904268e-05
4.088779e-04 5.196848e-05
4.334682e-04 5.230041e-05
4.585415e-04 5.242079e-05
4.833435e-04 5.241419e-05
5.092002e-04 5.063936e-05
5.352725e-04 5.001599e-05
5.603085e-04 5.001410e-05
5.853184e-04 4.999775e-05
6.103241e-04 4.995920e-05
6.354307e-04 5.000590e-05
6.605689e-04 5.008279e-05
6.856419e-04 5.007121e-05
7.106599e-04 5.013104e-05
7.357239e-04 5.018016e-05
7.608648e-04 5.018816e-05
7.860505e-04 5.021798e-05
8.110742e-04 5.026708e-05
8.361458e-04 5.031328e-05
8.614268e-04 5.039673e-05
8.867583e-04 5.045701e-05
9.120704e-04 5.065625e-05
9.372415e-04 5.075405e-05
9.625525e-04 5.079344e-05
9.881518e-04 5.087026e-05
1.013760e-03 5.106870e-05
1.039474e-03 5.120319e-05
1.065219e-03 5.152571e-05
1.091009e-03 5.166913e-05
1.116856e-03 5.197500e-05
1.142785e-03 5.213471e-05
1.168964e-03 5.216083e-05
1.195441e-03 5.234906e-05
1.221956e-03 5.281018e-05
1.248416e-03 5.294287e-05
1.274910e-03 5.325421e-05
1.301503e-03 5.342519e-05
1.328051e-03 5.364995e-05
1.354684e-03 5.378201e-05
1.381644e-03 5.392931e-05
1.408833e-03 5.411887e-05
1.436092e-03 5.452694e-05
1.463131e-03 5.466089e-05
1.490176e-03 5.502440e-05
1.517574e-03 5.524821e-05
1.545224e-03 5.545043e-05
1.573118e-03 5.566933e-05
1.601133e-03 5.607463e-05
1.629418e-03 5.638245e-05
1.657797e-03 5.708330e-05
1.686355e-03 5.744327e-05
1.715095e-03 5.814327e-05
1.745439e-03 5.935958e-05
1.776204e-03 6.204352e-05
1.806685e-03 6.283817e-05
1.838235e-03 6.288352e-05
1.955191e-03 1.139177e-04
2.072158e-03 2.557684e-04
2.113408e-03 2.617030e-04
2.161929e-03 2.661153e-04
2.210516e-03 2.682246e-04
2.335340e-03 1.471083e-04
2.459763e-03 1.027025e-04
2.511334e-03 1.009360e-04
2.561675e-03 9.956193e-05
2.611330e-03 9.688578e-05
2.659707e-03 9.515683e-05
2.706800e-03 9.249269e-05
2.753306e-03 9.118306e-05
2.799650e-03 8.780923e-05
2.846046e-03 8.662804e-05
2.890550e-03 8.650376e-05
2.933541e-03 8.554993e-05
2.975843e-03 8.404818e-05
3.018451e-03 8.369267e-05
3.060007e-03 8.395122e-05
3.101558e-03 8.404088e-05
3.143633e-03 8.392550e-05
3.186346e-03 8.426526e-05
3.228868e-03 8.552371e-05
3.270279e-03 8.549817e-05
3.311787e-03 8.527157e-05
3.353950e-03 8.539631e-05
3.396024e-03 8.589240e-05
3.437916e-03 8.596158e-05
3.480545e-03 8.492306e-05
3.523846e-03 8.495394e-05
3.566892e-03 8.546519e-05
3.608712e-03 8.491214e-05
3.650134e-03 8.403918e-05
3.691494e-03 8.368837e-05
3.732736e-03 8.291085e-05
3.773913e-03 8.259341e-05
3.815114e-03 8.118196e-05
3.856715e-03 8.091316e-05
3.898064e-03 8.107985e-05
3.938160e-03 8.039199e-05
3.977594e-03 7.958251e-05
4.017196e-03 7.939160e-05
4.057253e-03 7.811062e-05
4.097310e-03 7.781861e-05
4.136775e-03 7.798643e-05
4.176331e-03 7.793285e-05
4.215934e-03 7.770681e-05
4.255341e-03 7.750835e-05
4.293957e-03 7.827914e-05
4.332237e-03 7.835415e-05
4.371376e-03 7.712583e-05
4.411130e-03 7.705362e-05
4.450489e-03 7.751305e-05
4.489698e-03 7.758829e-05
4.528513e-03 7.845723e-05
4.566663e-03 7.836974e-05
4.604280e-03 7.853766e-05
4.641799e-03 7.854290e-05
4.680681e-03 7.676852e-05
4.720603e-03 7.675008e-05
4.759658e-03 7.813537e-05
4.797793e-03 7.825423e-05
4.836198e-03 7.813772e-05
4.874580e-03 7.791103e-05
4.912612e-03 7.786532e-05
4.950379e-03 7.768889e-05
4.988518e-03 7.657390e-05
5.027698e-03 7.679893e-05
5.066786e-03 7.757919e-05
5.104584e-03 7.708381e-05
5.141663e-03 7.690560e-05
5.178781e-03 7.686480e-05
5.216465e-03 7.580563e-05
5.254801e-03 7.581728e-05
5.293588e-03 7.464793e-05
5.332723e-03 7.443304e-05
5.371053e-03 7.562785e-05
5.408231e-03 7.537118e-05
5.445115e-03 7.514816e-05
5.482245e-03 7.521491e-05
5.519874e-03 7.457274e-05
5.557794e-03 7.467791e-05
5.595824e-03 7.478287e-05
5.634674e-03 7.515095e-05
5.673692e-03 7.589372e-05
5.711565e-03 7.547296e-05
5.748574e-03 7.574786e-05
5.785844e-03 7.600354e-05
5.824108e-03 7.505329e-05
5.862570e-03 7.483076e-05
5.899996e-03 7.594364e-05
5.937551e-03 7.642093e-05
5.975573e-03 7.696737e-05
6.013297e-03 7.698432e-05
6.050495e-03 7.743732e-05
6.087073e-03 7.723151e-05
6.124813e-03 7.519530e-05
6.163821e-03 7.521862e-05
6.202141e-03 7.642324e-05
6.240003e-03 7.675074e-05
6.278140e-03 7.720728e-05
6.315290e-03 7.661146e-05
6.351944e-03 7.578191e-05
6.389488e-03 7.601836e-05
6.427406e-03 7.605017e-05
6.465576e-03 7.621275e-05
6.503995e-03 7.625024e-05
6.541390e-03 7.564912e-05
6.578442e-03 7.454993e-05
6.615772e-03 7.432181e-05
6.652593e-03 7.453773e-05
6.689820e-03 7.485926e-05
6.729130e-03 7.184572e-05
6.769266e-03 7.125108e-05
6.806680e-03 7.456118e-05
6.842443e-03 7.476917e-05
6.879071e-03 7.391255e-05
6.916210e-03 7.390796e-05
6.953842e-03 7.307574e-05
6.991466e-03 7.292905e-05
7.028721e-03 7.312652e-05
7.067959e-03 7.423058e-05
7.107293e-03 7.714307e-05
7.143938e-03 7.657344e-05
7.180343e-03 7.538704e-05
7.217672e-03 7.551564e-05
7.254493e-03 7.672395e-05
