-5.638727e-03 1.170864e-04
-5.578153e-03 1.190056e-04
-5.518921e-03 1.189986e-04
-5.460012e-03 1.192166e-04
-5.401159e-03 1.192611e-04
-5.341766e-03 1.184849e-04
-5.281806e-03 1.184382e-04
-5.222046e-03 1.189408e-04
-5.162988e-03 1.188075e-04
-5.104231e-03 1.186387e-04
-5.045652e-03 1.184711e-04
-4.986925e-03 1.177594e-04
-4.927158e-03 1.180196e-04
-4.866697e-03 1.178835e-04
-4.806819e-03 1.175920e-04
-4.747590e-03 1.175647e-04
-4.688627e-03 1.173950e-04
-4.630233e-03 1.178734e-04
-4.571830e-03 1.179451e-04
-4.512822e-03 1.174329e-04
-4.454130e-03 1.171649e-04
-4.395764e-03 1.166669e-04
-4.337178e-03 1.166200e-04
-4.278678e-03 1.166359e-04
-4.220115e-03 1.165742e-04
-4.161174e-03 1.160665e-04
-4.102041e-03 1.161054e-04
-4.043256e-03 1.165031e-04
-3.984552e-03 1.165987e-04
-3.925852e-03 1.168732e-04
-3.866884e-03 1.170271e-04
-3.807668e-03 1.173376e-04
-3.748994e-03 1.172305e-04
-3.690975e-03 1.177291e-04
-3.633026e-03 1.178669e-04
-3.576050e-03 1.198715e-04
-3.518611e-03 1.207629e-04
-3.457794e-03 1.179092e-04
-3.397282e-03 1.168068e-04
-3.338874e-03 1.169500e-04
-3.280457e-03 1.170067e-04
-3.222100e-03 1.172649e-04
-3.163411e-03 1.174511e-04
-3.104415e-03 1.177542e-04
-3.045351e-03 1.180120e-04
-2.986280e-03 1.184210e-04
-2.927135e-03 1.186127e-04
-2.868014e-03 1.191850e-04
-2.810192e-03 1.185054e-04
-2.751537e-03 1.155264e-04
-2.692335e-03 1.148877e-04
-2.634235e-03 1.146559e-04
-2.576465e-03 1.143742e-04
-2.519025e-03 1.141435e-04
-2.461822e-03 1.138157e-04
-2.404743e-03 1.134017e-04
-2.347994e-03 1.131581e-04
-2.291835e-03 1.131780e-04
-2.235968e-03 1.130093e-04
-2.179804e-03 1.120461e-04
-2.123532e-03 1.116632e-04
-2.067510e-03 1.112996e-04
-2.011620e-03 1.111905e-04
-1.955907e-03 1.109005e-04
-1.900752e-03 1.104606e-04
-1.845892e-03 1.097312e-04
-1.790772e-03 1.095254e-04
-1.735628e-03 1.091894e-04
-1.680839e-03 1.089541e-04
-1.626445e-03 1.086818e-04
-1.572327e-03 1.084179e-04
-1.518512e-03 1.081911e-04
-1.464682e-03 1.080213e-04
-1.410593e-03 1.073912e-04
-1.356564e-03 1.072259e-04
-1.302867e-03 1.070474e-04
-1.249430e-03 1.068267e-04
-1.196167e-03 1.065038e-04
-1.142943e-03 1.062678e-04
-1.089774e-03 1.059722e-04
-1.036832e-03 1.058253e-04
-9.840925e-04 1.054856e-04
-9.314730e-04 1.052908e-04
-8.790249e-04 1.050359e-04
-8.266350e-04 1.049092e-04
-7.743621e-04 1.047528e-04
-7.221195e-04 1.045836e-04
-6.697476e-04 1.041618e-04
-6.176025e-04 1.039685e-04
-5.657533e-04 1.036617e-04
-5.139914e-04 1.034987e-04
-4.623687e-04 1.032783e-04
-4.106503e-04 1.031627e-04
-3.588644e-04 1.029893e-04
-3.073071e-04 1.028831e-04
-2.560166e-04 1.027733e-04
-2.047899e-04 1.026955e-04
-1.536117e-04 1.025603e-04
-1.022547e-04 1.025374e-04
-5.076984e-05 1.024754e-04
5.464638e-07 1.024607e-04
5.165667e-05 1.024729e-04
1.029967e-04 1.025222e-04
1.543563e-04 1.026259e-04
2.056034e-04 1.026887e-04
2.570016e-04 1.028702e-04
3.084368e-04 1.029579e-04
3.598025e-04 1.030582e-04
4.114666e-04 1.031798e-04
4.633470e-04 1.034168e-04
5.151277e-04 1.035361e-04
5.668026e-04 1.037833e-04
6.185707e-04 1.039282e-04
6.704214e-04 1.041926e-04
7.225921e-04 1.043851e-04
7.750910e-04 1.046358e-04
8.275379e-04 1.047898e-04
8.798953e-04 1.051028e-04
9.323116e-04 1.052510e-04
9.848297e-04 1.054929e-04
1.037650e-03 1.056655e-04
1.090748e-03 1.059488e-04
1.143825e-03 1.061349e-04
1.196916e-03 1.063636e-04
1.250191e-03 1.065567e-04
1.303525e-03 1.069934e-04
1.357071e-03 1.071802e-04
1.410904e-03 1.074899e-04
1.464710e-03 1.076826e-04
1.518474e-03 1.080158e-04
1.572418e-03 1.082433e-04
1.626553e-03 1.085551e-04
1.681203e-03 1.088777e-04
1.736186e-03 1.094944e-04
1.790959e-03 1.096898e-04
1.845601e-03 1.101757e-04
1.900460e-03 1.104811e-04
1.955535e-03 1.109677e-04
2.010870e-03 1.111976e-04
2.066625e-03 1.114166e-04
2.122609e-03 1.117345e-04
2.178566e-03 1.123827e-04
2.234570e-03 1.126445e-04
2.290698e-03 1.131629e-04
2.347066e-03 1.133905e-04
2.403966e-03 1.134216e-04
2.461019e-03 1.136279e-04
2.518083e-03 1.138975e-04
2.575450e-03 1.140729e-04
2.632881e-03 1.147423e-04
2.690762e-03 1.153583e-04
2.748542e-03 1.169493e-04
2.806769e-03 1.177910e-04
2.865412e-03 1.194345e-04
2.923534e-03 1.196063e-04
2.983091e-03 1.179908e-04
3.042621e-03 1.175003e-04
3.101268e-03 1.173124e-04
3.159750e-03 1.171457e-04
3.218042e-03 1.170002e-04
3.276282e-03 1.168112e-04
3.334878e-03 1.159864e-04
3.393837e-03 1.160123e-04
3.452119e-03 1.169186e-04
3.510355e-03 1.172177e-04
3.568827e-03 1.176551e-04
3.627133e-03 1.176066e-04
3.685618e-03 1.174684e-04
3.744032e-03 1.174819e-04
3.802551e-03 1.170471e-04
3.861460e-03 1.171245e-04
3.920378e-03 1.173259e-04
3.979094e-03 1.171714e-04
4.037995e-03 1.167300e-04
4.096746e-03 1.165871e-04
4.154665e-03 1.172821e-04
4.212364e-03 1.174005e-04
4.270654e-03 1.167448e-04
4.329478e-03 1.167236e-04
4.388349e-03 1.168834e-04
4.447064e-03 1.169542e-04
4.505436e-03 1.174281e-04
4.563538e-03 1.174364e-04
4.621878e-03 1.170635e-04
4.680805e-03 1.171753e-04
4.739978e-03 1.173706e-04
4.799352e-03 1.176678e-04
4.858709e-03 1.182242e-04
4.917439e-03 1.180482e-04
4.976093e-03 1.176868e-04
5.034946e-03 1.175696e-04
5.093635e-03 1.178131e-04
5.152664e-03 1.182116e-04
5.211994e-03 1.185211e-04
5.271379e-03 1.185585e-04
5.331376e-03 1.179421e-04
5.391048e-03 1.176329e-04
5.449519e-03 1.184772e-04
5.507809e-03 1.186721e-04
5.566820e-03 1.180115e-04
