-5.000000e-02 -8.843428e-03
-4.950000e-02 -8.745967e-03
-4.900000e-02 -8.665214e-03
-4.850000e-02 -8.577035e-03
-4.800000e-02 -8.487928e-03
-4.750000e-02 -8.396965e-03
-4.700000e-02 -8.318068e-03
-4.650000e-02 -8.214572e-03
-4.600000e-02 -8.134283e-03
-4.550000e-02 -8.040535e-03
-4.500000e-02 -7.961174e-03
-4.450000e-02 -7.866498e-03
-4.400000e-02 -7.775534e-03
-4.350000e-02 -7.691068e-03
-4.300000e-02 -7.597784e-03
-4.250000e-02 -7.506356e-03
-4.200000e-02 -7.428387e-03
-4.150000e-02 -7.343921e-03
-4.100000e-02 -7.241819e-03
-4.050000e-02 -7.159673e-03
-4.000000e-02 -7.073815e-03
-3.950000e-02 -6.986100e-03
-3.900000e-02 -6.893744e-03
-3.850000e-02 -6.806957e-03
-3.800000e-02 -6.709496e-03
-3.750000e-02 -6.628743e-03
-3.700000e-02 -6.536851e-03
-3.650000e-02 -6.451921e-03
-3.600000e-02 -6.359565e-03
-3.550000e-02 -6.276955e-03
-3.500000e-02 -6.184135e-03
-3.450000e-02 -6.092707e-03
-3.400000e-02 -6.008705e-03
-3.350000e-02 -5.913564e-03
-3.300000e-02 -5.836524e-03
-3.250000e-02 -5.746488e-03
-3.200000e-02 -5.651812e-03
-3.150000e-02 -5.560384e-03
-3.100000e-02 -5.470813e-03
-3.050000e-02 -5.386347e-03
-3.000000e-02 -5.303737e-03
-2.950000e-02 -5.207668e-03
-2.900000e-02 -5.129235e-03
-2.850000e-02 -5.034095e-03
-2.800000e-02 -4.948700e-03
-2.750000e-02 -4.862378e-03
-2.700000e-02 -4.770486e-03
-2.650000e-02 -4.675809e-03
-2.600000e-02 -4.607587e-03
-2.550000e-02 -4.504093e-03
-2.500000e-02 -4.423339e-03
-2.450000e-02 -4.321701e-03
-2.400000e-02 -4.246517e-03
-2.350000e-02 -4.157410e-03
-2.300000e-02 -4.064125e-03
-2.250000e-02 -3.973162e-03
-2.200000e-02 -3.888696e-03
-2.150000e-02 -3.794019e-03
-2.100000e-02 -3.709089e-03
-2.050000e-02 -3.628336e-03
-2.000000e-02 -3.541549e-03
-1.950000e-02 -3.445480e-03
-1.900000e-02 -3.360086e-03
-1.850000e-02 -3.270050e-03
-1.800000e-02 -3.180015e-03
-1.750000e-02 -3.090908e-03
-1.700000e-02 -3.007370e-03
-1.650000e-02 -2.916870e-03
-1.600000e-02 -2.833332e-03
-1.550000e-02 -2.736799e-03
-1.500000e-02 -2.652797e-03
-1.450000e-02 -2.557656e-03
-1.400000e-02 -2.472726e-03
-1.350000e-02 -2.389652e-03
-1.300000e-02 -2.294048e-03
-1.250000e-02 -2.219792e-03
-1.200000e-02 -2.126043e-03
-1.150000e-02 -2.035080e-03
-1.100000e-02 -1.944580e-03
-1.050000e-02 -1.858722e-03
-1.000000e-02 -1.761725e-03
-9.500000e-03 -1.673082e-03
-9.000000e-03 -1.593721e-03
-8.500000e-03 -1.499972e-03
-8.000000e-03 -1.416434e-03
-7.500000e-03 -1.327791e-03
-7.000000e-03 -1.234043e-03
-6.500000e-03 -1.146328e-03
-6.000000e-03 -1.058613e-03
-5.500000e-03 -9.732188e-04
-5.000000e-03 -8.845757e-04
-4.500000e-03 -7.945403e-04
-4.000000e-03 -7.091459e-04
-3.500000e-03 -6.251438e-04
-3.000000e-03 -5.332520e-04
-2.500000e-03 -4.404319e-04
-2.000000e-03 -3.536452e-04
-1.500000e-03 -2.571123e-04
-1.000000e-03 -1.758946e-04
-5.000000e-04 -8.771527e-05
0.000000e+00 -4.176918e-06
5.000000e-04 8.678706e-05
1.000000e-03 1.717177e-04
1.500000e-03 2.580407e-04
2.000000e-03 3.573585e-04
2.500000e-03 4.395045e-04
3.000000e-03 5.281480e-04
3.500000e-03 6.163274e-04
4.000000e-03 7.054349e-04
4.500000e-03 7.912938e-04
5.000000e-03 8.892193e-04
5.500000e-03 9.727577e-04
6.000000e-03 1.057688e-03
6.500000e-03 1.139370e-03
7.000000e-03 1.233583e-03
7.500000e-03 1.324083e-03
8.000000e-03 1.419688e-03
8.500000e-03 1.505083e-03
9.000000e-03 1.587693e-03
9.500000e-03 1.677264e-03
1.000000e-02 1.772869e-03
1.050000e-02 1.852695e-03
1.100000e-02 1.945515e-03
1.150000e-02 2.030446e-03
1.200000e-02 2.120018e-03
1.250000e-02 2.206805e-03
1.300000e-02 2.297305e-03
1.350000e-02 2.381771e-03
1.400000e-02 2.475520e-03
1.450000e-02 2.560914e-03
1.500000e-02 2.653735e-03
1.550000e-02 2.742843e-03
1.600000e-02 2.825453e-03
1.650000e-02 2.916417e-03
1.700000e-02 3.005060e-03
1.750000e-02 3.093239e-03
1.800000e-02 3.182811e-03
1.850000e-02 3.269598e-03
1.900000e-02 3.353137e-03
1.950000e-02 3.448742e-03
2.000000e-02 3.535064e-03
2.050000e-02 3.623708e-03
2.100000e-02 3.719777e-03
2.150000e-02 3.803315e-03
2.200000e-02 3.883141e-03
2.250000e-02 3.974569e-03
2.300000e-02 4.066925e-03
2.350000e-02 4.157425e-03
2.400000e-02 4.248853e-03
2.450000e-02 4.335640e-03
2.500000e-02 4.415002e-03
2.550000e-02 4.505966e-03
2.600000e-02 4.597858e-03
2.650000e-02 4.683717e-03
2.700000e-02 4.766327e-03
2.750000e-02 4.873535e-03
2.800000e-02 4.950111e-03
2.850000e-02 5.041075e-03
2.900000e-02 5.123221e-03
2.950000e-02 5.203047e-03
3.000000e-02 5.307006e-03
3.050000e-02 5.392401e-03
3.100000e-02 5.482900e-03
3.150000e-02 5.569223e-03
3.200000e-02 5.654154e-03
3.250000e-02 5.751151e-03
3.300000e-02 5.825408e-03
3.350000e-02 5.923797e-03
3.400000e-02 6.010120e-03
3.450000e-02 6.100620e-03
3.500000e-02 6.192976e-03
3.550000e-02 6.276979e-03
3.600000e-02 6.360981e-03
3.650000e-02 6.445448e-03
3.700000e-02 6.538268e-03
3.750000e-02 6.625055e-03
3.800000e-02 6.727158e-03
3.850000e-02 6.801414e-03
3.900000e-02 6.888665e-03
3.950000e-02 6.985198e-03
4.000000e-02 7.074770e-03
4.050000e-02 7.164342e-03
4.100000e-02 7.250665e-03
4.150000e-02 7.332811e-03
4.200000e-02 7.421918e-03
4.250000e-02 7.504993e-03
4.300000e-02 7.598277e-03
4.350000e-02 7.690169e-03
4.400000e-02 7.777885e-03
4.450000e-02 7.862351e-03
4.500000e-02 7.953315e-03
4.550000e-02 8.040102e-03
4.600000e-02 8.130602e-03
4.650000e-02 8.215996e-03
4.700000e-02 8.310674e-03
4.750000e-02 8.393748e-03
4.800000e-02 8.481927e-03
4.850000e-02 8.571034e-03
4.900000e-02 8.661071e-03
4.950000e-02 8.746001e-03
