-3.000000e-02 8.364880e-05
-2.970000e-02 8.361836e-05
-2.940000e-02 8.358013e-05
-2.910000e-02 8.348250e-05
-2.880000e-02 8.350073e-05
-2.850000e-02 8.355007e-05
-2.820000e-02 8.356569e-05
-2.790000e-02 8.361818e-05
-2.760000e-02 8.360082e-05
-2.730000e-02 8.349375e-05
-2.700000e-02 8.345275e-05
-2.670000e-02 8.347059e-05
-2.640000e-02 8.344633e-05
-2.610000e-02 8.321034e-05
-2.580000e-02 8.310087e-05
-2.550000e-02 8.299590e-05
-2.520000e-02 8.293455e-05
-2.490000e-02 8.290180e-05
-2.460000e-02 8.292546e-05
-2.430000e-02 8.298153e-05
-2.400000e-02 8.336542e-05
-2.370000e-02 8.441455e-05
-2.340000e-02 8.430955e-05
-2.310000e-02 8.287202e-05
-2.280000e-02 8.238160e-05
-2.250000e-02 8.242128e-05
-2.220000e-02 8.238840e-05
-2.190000e-02 8.227503e-05
-2.160000e-02 8.221588e-05
-2.130000e-02 8.207605e-05
-2.100000e-02 8.210703e-05
-2.070000e-02 8.230985e-05
-2.040000e-02 8.230141e-05
-2.010000e-02 8.216347e-05
-1.980000e-02 8.212066e-05
-1.950000e-02 8.207509e-05
-1.920000e-02 8.213300e-05
-1.890000e-02 8.234273e-05
-1.860000e-02 8.229361e-05
-1.830000e-02 8.186825e-05
-1.800000e-02 8.167891e-05
-1.770000e-02 8.161551e-05
-1.740000e-02 8.159544e-05
-1.710000e-02 8.151167e-05
-1.680000e-02 8.145178e-05
-1.650000e-02 8.138691e-05
-1.620000e-02 8.133321e-05
-1.590000e-02 8.121143e-05
-1.560000e-02 8.113169e-05
-1.530000e-02 8.101517e-05
-1.500000e-02 8.087933e-05
-1.470000e-02 8.053186e-05
-1.440000e-02 8.038163e-05
-1.410000e-02 8.019309e-05
-1.380000e-02 8.008526e-05
-1.350000e-02 7.990932e-05
-1.320000e-02 7.979961e-05
-1.290000e-02 7.966776e-05
-1.260000e-02 7.958183e-05
-1.230000e-02 7.938343e-05
-1.200000e-02 7.928607e-05
-1.170000e-02 7.912587e-05
-1.140000e-02 7.901718e-05
-1.110000e-02 7.885573e-05
-1.080000e-02 7.875603e-05
-1.050000e-02 7.860529e-05
-1.020000e-02 7.849652e-05
-9.900000e-03 7.828887e-05
-9.600000e-03 7.816134e-05
-9.300000e-03 7.791822e-05
-9.000000e-03 7.782215e-05
-8.700000e-03 7.771109e-05
-8.400000e-03 7.760907e-05
-8.100000e-03 7.744280e-05
-7.800000e-03 7.735722e-05
-7.500000e-03 7.723880e-05
-7.200000e-03 7.716149e-05
-6.900000e-03 7.699374e-05
-6.600000e-03 7.689229e-05
-6.300000e-03 7.671951e-05
-6.000000e-03 7.664115e-05
-5.700000e-03 7.655045e-05
-5.400000e-03 7.649160e-05
-5.100000e-03 7.638453e-05
-4.800000e-03 7.630109e-05
-4.500000e-03 7.619969e-05
-4.200000e-03 7.617765e-05
-3.900000e-03 7.612852e-05
-3.600000e-03 7.609262e-05
-3.300000e-03 7.606050e-05
-3.000000e-03 7.641844e-05
-2.700000e-03 7.745286e-05
-2.400000e-03 7.718870e-05
-2.100000e-03 7.637577e-05
-1.800000e-03 7.592292e-05
-1.500000e-03 7.393280e-05
-1.200000e-03 7.325496e-05
-9.000000e-04 7.337316e-05
-6.000000e-04 7.304962e-05
-3.000000e-04 7.198678e-05
2.095500e-09 7.197716e-05
3.000000e-04 7.253780e-05
6.000000e-04 7.273410e-05
9.000000e-04 7.318171e-05
1.200000e-03 7.345295e-05
1.500000e-03 7.380366e-05
1.800000e-03 7.460174e-05
2.100000e-03 7.680596e-05
2.400000e-03 7.720793e-05
2.700000e-03 7.638238e-05
3.000000e-03 7.609266e-05
3.300000e-03 7.602821e-05
3.600000e-03 7.600982e-05
3.900000e-03 7.608079e-05
4.200000e-03 7.615238e-05
4.500000e-03 7.624771e-05
4.800000e-03 7.627318e-05
5.100000e-03 7.630048e-05
5.400000e-03 7.637098e-05
5.700000e-03 7.652196e-05
6.000000e-03 7.659420e-05
6.300000e-03 7.674748e-05
6.600000e-03 7.685922e-05
6.900000e-03 7.701355e-05
7.200000e-03 7.709132e-05
7.500000e-03 7.729164e-05
7.800000e-03 7.738340e-05
8.100000e-03 7.746782e-05
8.400000e-03 7.754665e-05
8.700000e-03 7.772449e-05
9.000000e-03 7.783835e-05
9.300000e-03 7.802523e-05
9.600000e-03 7.811744e-05
9.900000e-03 7.822978e-05
1.020000e-02 7.834334e-05
1.050000e-02 7.858586e-05
1.080000e-02 7.869578e-05
1.110000e-02 7.890891e-05
1.140000e-02 7.904119e-05
1.170000e-02 7.914869e-05
1.200000e-02 7.923663e-05
1.230000e-02 7.947664e-05
1.260000e-02 7.959193e-05
1.290000e-02 7.973010e-05
1.320000e-02 7.981378e-05
1.350000e-02 7.994229e-05
1.380000e-02 8.001610e-05
1.410000e-02 8.014902e-05
1.440000e-02 8.028402e-05
1.470000e-02 8.053936e-05
1.500000e-02 8.068728e-05
1.530000e-02 8.099049e-05
1.560000e-02 8.114240e-05
1.590000e-02 8.138051e-05
1.620000e-02 8.146730e-05
1.650000e-02 8.150173e-05
1.680000e-02 8.153667e-05
1.710000e-02 8.156081e-05
1.740000e-02 8.159917e-05
1.770000e-02 8.174784e-05
1.800000e-02 8.180458e-05
1.830000e-02 8.183545e-05
1.860000e-02 8.199461e-05
1.890000e-02 8.240658e-05
1.920000e-02 8.244698e-05
1.950000e-02 8.226451e-05
1.980000e-02 8.225370e-05
2.010000e-02 8.230430e-05
2.040000e-02 8.229408e-05
2.070000e-02 8.237996e-05
2.100000e-02 8.242627e-05
2.130000e-02 8.238007e-05
2.160000e-02 8.237184e-05
2.190000e-02 8.243945e-05
2.220000e-02 8.246047e-05
2.250000e-02 8.248189e-05
2.280000e-02 8.250367e-05
2.310000e-02 8.252991e-05
2.340000e-02 8.304943e-05
2.370000e-02 8.444514e-05
2.400000e-02 8.453227e-05
2.430000e-02 8.348870e-05
2.460000e-02 8.308336e-05
2.490000e-02 8.301889e-05
2.520000e-02 8.303137e-05
2.550000e-02 8.310612e-05
2.580000e-02 8.314614e-05
2.610000e-02 8.325197e-05
2.640000e-02 8.333231e-05
2.670000e-02 8.347216e-05
2.700000e-02 8.351911e-05
2.730000e-02 8.351848e-05
2.760000e-02 8.356223e-05
2.790000e-02 8.371405e-05
2.820000e-02 8.372629e-05
2.850000e-02 8.366624e-05
2.880000e-02 8.364310e-05
2.910000e-02 8.358766e-05
2.940000e-02 8.358214e-05
2.970000e-02 8.361301e-05
