-8.385176e-03 1.741812e-04
-8.295618e-03 1.741759e-04
-8.205095e-03 1.748713e-04
-8.113825e-03 1.758868e-04
-8.025971e-03 1.740834e-04
-7.940960e-03 1.734813e-04
-7.855876e-03 1.734266e-04
-7.773726e-03 1.781582e-04
-7.690272e-03 1.805238e-04
-7.595071e-03 1.678645e-04
-7.495305e-03 1.661625e-04
-7.402193e-03 1.721822e-04
-7.313318e-03 1.718096e-04
-7.227334e-03 1.759240e-04
-7.143734e-03 1.758546e-04
-7.057056e-03 1.702001e-04
-6.966696e-03 1.704926e-04
-6.877299e-03 1.732351e-04
-6.788666e-03 1.736479e-04
-6.699439e-03 1.734780e-04
-6.612828e-03 1.719640e-04
-6.530165e-03 1.746693e-04
-6.448844e-03 1.747181e-04
-6.363227e-03 1.673635e-04
-6.272079e-03 1.681513e-04
-6.181187e-03 1.707621e-04
-6.094077e-03 1.693180e-04
-6.010336e-03 1.712400e-04
-5.926120e-03 1.723331e-04
-5.839862e-03 1.716466e-04
-5.752362e-03 1.721448e-04
-5.665269e-03 1.745342e-04
-5.578961e-03 1.748046e-04
-5.491324e-03 1.730119e-04
-5.403734e-03 1.724573e-04
-5.317898e-03 1.741690e-04
-5.234518e-03 1.731924e-04
-5.150278e-03 1.687201e-04
-5.062636e-03 1.692688e-04
-4.974559e-03 1.703864e-04
-4.887311e-03 1.701762e-04
-4.800724e-03 1.703721e-04
-4.715070e-03 1.699983e-04
-4.631426e-03 1.723096e-04
-4.548939e-03 1.724486e-04
-4.464346e-03 1.696458e-04
-4.376617e-03 1.704021e-04
-4.287404e-03 1.697119e-04
-4.199555e-03 1.687609e-04
-4.114341e-03 1.708362e-04
-4.030196e-03 1.708270e-04
-3.946818e-03 1.717562e-04
-3.863716e-03 1.720420e-04
-3.778454e-03 1.695579e-04
-3.691847e-03 1.693553e-04
-3.606173e-03 1.700281e-04
-3.521104e-03 1.700220e-04
-3.436128e-03 1.701591e-04
-3.351628e-03 1.698080e-04
-3.267523e-03 1.698114e-04
-3.182285e-03 1.706078e-04
-3.095654e-03 1.701802e-04
-3.009045e-03 1.700130e-04
-2.922331e-03 1.696922e-04
-2.835671e-03 1.694282e-04
-2.751217e-03 1.720480e-04
-2.667380e-03 1.727373e-04
-2.583393e-03 1.747350e-04
-2.500127e-03 1.749029e-04
-2.412833e-03 1.683289e-04
-2.325974e-03 1.658177e-04
-2.242020e-03 1.639942e-04
-2.158288e-03 1.630930e-04
-2.076515e-03 1.635465e-04
-1.996525e-03 1.627506e-04
-1.916371e-03 1.602677e-04
-1.835737e-03 1.595518e-04
-1.755137e-03 1.579217e-04
-1.674330e-03 1.575661e-04
-1.594284e-03 1.575443e-04
-1.515366e-03 1.568598e-04
-1.437470e-03 1.569599e-04
-1.360401e-03 1.563925e-04
-1.283905e-03 1.554759e-04
-1.206734e-03 1.556583e-04
-1.128003e-03 1.538581e-04
-1.049589e-03 1.529154e-04
-9.728009e-04 1.527174e-04
-8.967161e-04 1.523278e-04
-8.211080e-04 1.520409e-04
-7.455740e-04 1.517900e-04
-6.697143e-04 1.508374e-04
-5.942236e-04 1.503755e-04
-5.191899e-04 1.495691e-04
-4.443751e-04 1.491470e-04
-3.698243e-04 1.486961e-04
-2.953383e-04 1.483937e-04
-2.213165e-04 1.480469e-04
-1.474874e-04 1.479241e-04
-7.358209e-05 1.476720e-04
5.140485e-07 1.476179e-04
7.432272e-05 1.476049e-04
1.480736e-04 1.476886e-04
2.219732e-04 1.479067e-04
2.964458e-04 1.482285e-04
3.708972e-04 1.488771e-04
4.455856e-04 1.493539e-04
5.205784e-04 1.504548e-04
5.953792e-04 1.506338e-04
6.701351e-04 1.509207e-04
7.452521e-04 1.513434e-04
8.208604e-04 1.516979e-04
8.972724e-04 1.522039e-04
9.740773e-04 1.532421e-04
1.050679e-03 1.535979e-04
1.127145e-03 1.545207e-04
1.203603e-03 1.547427e-04
1.280464e-03 1.549778e-04
1.358320e-03 1.557651e-04
1.436820e-03 1.565871e-04
1.516028e-03 1.573087e-04
1.595414e-03 1.593170e-04
1.673685e-03 1.592632e-04
1.751591e-03 1.594201e-04
1.830887e-03 1.604194e-04
1.911200e-03 1.618043e-04
1.992551e-03 1.628159e-04
2.074596e-03 1.641594e-04
2.156067e-03 1.644091e-04
2.238220e-03 1.642760e-04
2.323055e-03 1.657257e-04
2.407177e-03 1.706239e-04
2.489554e-03 1.714540e-04
2.573830e-03 1.709177e-04
2.658514e-03 1.708524e-04
2.743671e-03 1.695590e-04
2.829080e-03 1.693598e-04
2.914310e-03 1.691054e-04
2.998461e-03 1.682529e-04
3.081328e-03 1.683426e-04
3.164681e-03 1.687805e-04
3.248247e-03 1.693249e-04
3.333803e-03 1.705984e-04
3.421542e-03 1.708209e-04
3.507249e-03 1.697984e-04
3.591586e-03 1.689174e-04
3.674980e-03 1.679205e-04
3.756701e-03 1.682561e-04
3.839336e-03 1.690396e-04
3.923237e-03 1.687911e-04
4.007688e-03 1.690313e-04
4.093877e-03 1.671178e-04
4.180459e-03 1.665513e-04
4.264118e-03 1.695330e-04
4.347289e-03 1.704274e-04
4.431104e-03 1.721637e-04
4.514787e-03 1.725919e-04
4.600861e-03 1.694700e-04
4.690596e-03 1.706601e-04
4.779270e-03 1.760645e-04
4.862331e-03 1.745234e-04
4.943789e-03 1.725826e-04
5.025725e-03 1.722904e-04
5.108155e-03 1.709818e-04
5.193816e-03 1.723320e-04
5.281755e-03 1.719594e-04
5.368545e-03 1.712522e-04
5.453550e-03 1.722613e-04
5.537327e-03 1.717723e-04
5.621040e-03 1.708441e-04
5.704808e-03 1.706583e-04
5.788685e-03 1.696397e-04
5.875174e-03 1.707229e-04
5.963220e-03 1.714605e-04
6.050287e-03 1.712555e-04
6.136618e-03 1.715871e-04
6.220923e-03 1.704911e-04
6.303134e-03 1.712628e-04
6.386177e-03 1.719226e-04
6.471321e-03 1.699275e-04
6.559433e-03 1.711069e-04
6.651481e-03 1.681353e-04
6.742645e-03 1.664212e-04
6.825821e-03 1.746557e-04
6.904090e-03 1.747915e-04
6.984435e-03 1.720404e-04
7.068862e-03 1.733806e-04
7.156997e-03 1.705974e-04
7.245503e-03 1.699352e-04
7.332876e-03 1.703056e-04
7.420522e-03 1.704876e-04
7.505228e-03 1.755688e-04
7.586492e-03 1.754502e-04
7.669897e-03 1.718810e-04
7.756308e-03 1.722809e-04
7.845915e-03 1.677422e-04
7.936960e-03 1.670863e-04
8.022067e-03 1.751538e-04
8.103009e-03 1.754449e-04
8.185582e-03 1.738618e-04
