-3.084459e-02 6.323350e-04
-3.052714e-02 6.309162e-04
-3.020975e-02 6.303614e-04
-2.989436e-02 6.321320e-04
-2.958308e-02 6.302979e-04
-2.926534e-02 6.144354e-04
-2.893512e-02 6.162117e-04
-2.860820e-02 6.266462e-04
-2.828998e-02 6.251894e-04
-2.797373e-02 6.249145e-04
-2.765843e-02 6.242446e-04
-2.734525e-02 6.254251e-04
-2.703344e-02 6.250246e-04
-2.672236e-02 6.251427e-04
-2.641073e-02 6.253514e-04
-2.609739e-02 6.230828e-04
-2.578366e-02 6.226666e-04
-2.546477e-02 6.129008e-04
-2.513849e-02 6.138120e-04
-2.481598e-02 6.226111e-04
-2.450107e-02 6.212197e-04
-2.418880e-02 6.217649e-04
-2.387711e-02 6.216194e-04
-2.356487e-02 6.203184e-04
-2.325209e-02 6.201806e-04
-2.294012e-02 6.211548e-04
-2.262980e-02 6.205117e-04
-2.232051e-02 6.204150e-04
-2.201136e-02 6.202912e-04
-2.170213e-02 6.202905e-04
-2.139173e-02 6.209956e-04
-2.107943e-02 6.193273e-04
-2.076728e-02 6.186432e-04
-2.045705e-02 6.199497e-04
-2.014775e-02 6.196913e-04
-1.983898e-02 6.198567e-04
-1.953033e-02 6.200105e-04
-1.922055e-02 6.185530e-04
-1.891025e-02 6.183448e-04
-1.859997e-02 6.178113e-04
-1.829015e-02 6.173463e-04
-1.798179e-02 6.185062e-04
-1.767385e-02 6.186816e-04
-1.736560e-02 6.186815e-04
-1.705718e-02 6.187894e-04
-1.674766e-02 6.172565e-04
-1.643754e-02 6.170644e-04
-1.612808e-02 6.176192e-04
-1.581952e-02 6.172754e-04
-1.551139e-02 6.175103e-04
-1.520344e-02 6.174875e-04
-1.489523e-02 6.165178e-04
-1.458663e-02 6.164001e-04
-1.427788e-02 6.158215e-04
-1.396929e-02 6.155178e-04
-1.366124e-02 6.155720e-04
-1.335254e-02 6.158151e-04
-1.304392e-02 6.166258e-04
-1.273633e-02 6.164684e-04
-1.242844e-02 6.155405e-04
-1.211976e-02 6.156826e-04
-1.181090e-02 6.157773e-04
-1.150213e-02 6.157557e-04
-1.119383e-02 6.164825e-04
-1.088591e-02 6.165180e-04
-1.057813e-02 6.168524e-04
-1.026982e-02 6.172972e-04
-9.961070e-03 6.178211e-04
-9.651386e-03 6.185729e-04
-9.340627e-03 6.193385e-04
-9.029822e-03 6.196423e-04
-8.719291e-03 6.204746e-04
-8.409888e-03 6.200963e-04
-8.100724e-03 6.194421e-04
-7.791382e-03 6.193133e-04
-7.481760e-03 6.184869e-04
-7.171715e-03 6.182746e-04
-6.861943e-03 6.181418e-04
-6.553127e-03 6.176894e-04
-6.244882e-03 6.173840e-04
-5.936937e-03 6.170937e-04
-5.628694e-03 6.157908e-04
-5.320089e-03 6.155389e-04
-5.011869e-03 6.154809e-04
-4.703058e-03 6.158143e-04
-4.394639e-03 6.173917e-04
-4.085723e-03 6.182576e-04
-3.776255e-03 6.197421e-04
-3.465858e-03 6.208335e-04
-3.154820e-03 6.232673e-04
-2.840930e-03 6.258558e-04
-2.526089e-03 6.309923e-04
-2.220127e-03 6.275108e-04
-1.912463e-03 6.149986e-04
-1.618456e-03 6.022967e-04
-1.325545e-03 5.688339e-04
-1.041771e-03 5.511587e-04
-7.724485e-04 5.261694e-04
-5.093429e-04 5.136516e-04
-2.558112e-04 4.946189e-04
3.632844e-06 4.913886e-04
2.531944e-04 4.987280e-04
5.122603e-04 5.070730e-04
7.713229e-04 5.302533e-04
1.044011e-03 5.467751e-04
1.326553e-03 5.762401e-04
1.617773e-03 5.920565e-04
1.918975e-03 6.198237e-04
2.217894e-03 6.282812e-04
2.530795e-03 6.279973e-04
2.842621e-03 6.274216e-04
3.155822e-03 6.235319e-04
3.468010e-03 6.215235e-04
3.778142e-03 6.193718e-04
4.087812e-03 6.183192e-04
4.396215e-03 6.175053e-04
4.704608e-03 6.172059e-04
5.013247e-03 6.159628e-04
5.322141e-03 6.156670e-04
5.630409e-03 6.163514e-04
5.938715e-03 6.166202e-04
6.246778e-03 6.173054e-04
6.555155e-03 6.175719e-04
6.863450e-03 6.184469e-04
7.172225e-03 6.192175e-04
7.481960e-03 6.197569e-04
7.792199e-03 6.202532e-04
8.102809e-03 6.210130e-04
8.413049e-03 6.210645e-04
8.723809e-03 6.203415e-04
9.033436e-03 6.194016e-04
9.342552e-03 6.181113e-04
9.652126e-03 6.179216e-04
9.961503e-03 6.172558e-04
1.027087e-02 6.168453e-04
1.057953e-02 6.168992e-04
1.088756e-02 6.167099e-04
1.119515e-02 6.169206e-04
1.150264e-02 6.169401e-04
1.181080e-02 6.158806e-04
1.211961e-02 6.158876e-04
1.242816e-02 6.163400e-04
1.273724e-02 6.168224e-04
1.304621e-02 6.188102e-04
1.335317e-02 6.183201e-04
1.365995e-02 6.167967e-04
1.396797e-02 6.168211e-04
1.427662e-02 6.158212e-04
1.458611e-02 6.161262e-04
1.489526e-02 6.175258e-04
1.520345e-02 6.174548e-04
1.551142e-02 6.176365e-04
1.581919e-02 6.175836e-04
1.612706e-02 6.172646e-04
1.643605e-02 6.178215e-04
1.674586e-02 6.184707e-04
1.705563e-02 6.186795e-04
1.736538e-02 6.188208e-04
1.767429e-02 6.181950e-04
1.798228e-02 6.179729e-04
1.829063e-02 6.182737e-04
1.859919e-02 6.187628e-04
1.890805e-02 6.191234e-04
1.921803e-02 6.182669e-04
1.952855e-02 6.182850e-04
1.983831e-02 6.196036e-04
2.014730e-02 6.196126e-04
2.045629e-02 6.196377e-04
2.076514e-02 6.195709e-04
2.107448e-02 6.190664e-04
2.138577e-02 6.198961e-04
2.169750e-02 6.210174e-04
2.200807e-02 6.208962e-04
2.231771e-02 6.221200e-04
2.262661e-02 6.221207e-04
2.293583e-02 6.215949e-04
2.324585e-02 6.218859e-04
2.355700e-02 6.208129e-04
2.386966e-02 6.213358e-04
2.418232e-02 6.227954e-04
2.449375e-02 6.225844e-04
2.480479e-02 6.231330e-04
2.511547e-02 6.229471e-04
2.542529e-02 6.233883e-04
2.573600e-02 6.242536e-04
2.604833e-02 6.239598e-04
2.636058e-02 6.238018e-04
2.667185e-02 6.249850e-04
2.698261e-02 6.251006e-04
2.729343e-02 6.253016e-04
2.760432e-02 6.254109e-04
2.791612e-02 6.241949e-04
2.823485e-02 6.279095e-04
2.855567e-02 6.351950e-04
2.886697e-02 6.320956e-04
2.917466e-02 6.290121e-04
2.948543e-02 6.295803e-04
2.979743e-02 6.291192e-04
3.010934e-02 6.290725e-04
3.042284e-02 6.262789e-04
