-1.500000e-02 4.396160e-05
-1.485000e-02 4.160916e-05
-1.470000e-02 4.269506e-05
-1.455000e-02 4.707315e-05
-1.440000e-02 4.755575e-05
-1.425000e-02 4.378604e-05
-1.410000e-02 4.269621e-05
-1.395000e-02 4.478533e-05
-1.380000e-02 4.553618e-05
-1.365000e-02 4.623851e-05
-1.350000e-02 4.531378e-05
-1.335000e-02 4.230609e-05
-1.320000e-02 4.338042e-05
-1.305000e-02 4.569902e-05
-1.290000e-02 4.539628e-05
-1.275000e-02 4.303693e-05
-1.260000e-02 4.191113e-05
-1.245000e-02 4.195057e-05
-1.230000e-02 4.238473e-05
-1.215000e-02 4.446062e-05
-1.200000e-02 4.512393e-05
-1.185000e-02 4.195177e-05
-1.170000e-02 4.172510e-05
-1.155000e-02 4.568259e-05
-1.140000e-02 4.570352e-05
-1.125000e-02 4.319332e-05
-1.110000e-02 4.224303e-05
-1.095000e-02 4.080330e-05
-1.080000e-02 4.142445e-05
-1.065000e-02 4.427812e-05
-1.050000e-02 4.477461e-05
-1.035000e-02 4.346915e-05
-1.020000e-02 4.264316e-05
-1.005000e-02 4.234795e-05
-9.900000e-03 4.294002e-05
-9.750000e-03 4.498800e-05
-9.600000e-03 4.494599e-05
-9.450000e-03 4.290294e-05
-9.300000e-03 4.305991e-05
-9.150000e-03 4.437547e-05
-9.000000e-03 4.431980e-05
-8.850000e-03 4.379400e-05
-8.700000e-03 4.307582e-05
-8.550000e-03 4.291778e-05
-8.400000e-03 4.364897e-05
-8.250000e-03 4.384694e-05
-8.100000e-03 4.372472e-05
-7.950000e-03 4.223811e-05
-7.800000e-03 4.209252e-05
-7.650000e-03 4.385842e-05
-7.500000e-03 4.375548e-05
-7.350000e-03 4.355017e-05
-7.200000e-03 4.371728e-05
-7.050000e-03 4.338673e-05
-6.900000e-03 4.369078e-05
-6.750000e-03 4.457619e-05
-6.600000e-03 4.473237e-05
-6.450000e-03 4.452129e-05
-6.300000e-03 4.400599e-05
-6.150000e-03 4.432932e-05
-6.000000e-03 4.461832e-05
-5.850000e-03 4.342595e-05
-5.700000e-03 4.325701e-05
-5.550000e-03 4.399429e-05
-5.400000e-03 4.413422e-05
-5.250000e-03 4.443656e-05
-5.100000e-03 4.449784e-05
-4.950000e-03 4.440069e-05
-4.800000e-03 4.421044e-05
-4.650000e-03 4.352289e-05
-4.500000e-03 4.377094e-05
-4.350000e-03 4.472244e-05
-4.200000e-03 4.462029e-05
-4.050000e-03 4.371201e-05
-3.900000e-03 4.338764e-05
-3.750000e-03 4.383308e-05
-3.600000e-03 4.414301e-05
-3.450000e-03 4.427564e-05
-3.300000e-03 4.435642e-05
-3.150000e-03 4.387496e-05
-3.000000e-03 4.371031e-05
-2.850000e-03 4.412893e-05
-2.700000e-03 4.413188e-05
-2.550000e-03 4.394443e-05
-2.400000e-03 4.382546e-05
-2.250000e-03 4.369937e-05
-2.100000e-03 4.393284e-05
-1.950000e-03 4.424050e-05
-1.800000e-03 4.419913e-05
-1.650000e-03 4.409385e-05
-1.500000e-03 4.402722e-05
-1.350000e-03 4.397321e-05
-1.200000e-03 4.395794e-05
-1.050000e-03 4.375308e-05
-9.000000e-04 4.367609e-05
-7.500000e-04 4.363790e-05
-6.000000e-04 4.369918e-05
-4.500000e-04 4.383136e-05
-3.000000e-04 4.381640e-05
-1.500000e-04 4.388227e-05
1.047700e-09 4.397863e-05
1.500000e-04 4.395429e-05
3.000000e-04 4.391673e-05
4.500000e-04 4.399962e-05
6.000000e-04 4.399667e-05
7.500000e-04 4.400318e-05
9.000000e-04 4.401935e-05
1.050000e-03 4.384922e-05
1.200000e-03 4.386074e-05
1.350000e-03 4.412768e-05
1.500000e-03 4.420211e-05
1.650000e-03 4.433518e-05
1.800000e-03 4.423437e-05
1.950000e-03 4.394814e-05
2.100000e-03 4.396917e-05
2.250000e-03 4.401662e-05
2.400000e-03 4.424295e-05
2.550000e-03 4.465194e-05
2.700000e-03 4.452582e-05
2.850000e-03 4.423728e-05
3.000000e-03 4.410375e-05
3.150000e-03 4.405800e-05
3.300000e-03 4.393225e-05
3.450000e-03 4.327082e-05
3.600000e-03 4.350440e-05
3.750000e-03 4.469384e-05
3.900000e-03 4.503372e-05
4.050000e-03 4.487209e-05
4.200000e-03 4.424910e-05
4.350000e-03 4.344956e-05
4.500000e-03 4.344596e-05
4.650000e-03 4.395216e-05
4.800000e-03 4.418340e-05
4.950000e-03 4.330498e-05
5.100000e-03 4.344660e-05
5.250000e-03 4.482256e-05
5.400000e-03 4.475613e-05
5.550000e-03 4.424684e-05
5.700000e-03 4.386121e-05
5.850000e-03 4.219083e-05
6.000000e-03 4.210182e-05
6.150000e-03 4.346266e-05
6.300000e-03 4.392054e-05
6.450000e-03 4.383987e-05
6.600000e-03 4.339579e-05
6.750000e-03 4.338508e-05
6.900000e-03 4.361873e-05
7.050000e-03 4.354412e-05
7.200000e-03 4.373836e-05
7.350000e-03 4.301798e-05
7.500000e-03 4.266976e-05
7.650000e-03 4.306532e-05
7.800000e-03 4.357835e-05
7.950000e-03 4.602725e-05
8.100000e-03 4.567072e-05
8.250000e-03 4.320692e-05
8.400000e-03 4.313921e-05
8.550000e-03 4.368711e-05
8.700000e-03 4.409980e-05
8.850000e-03 4.319998e-05
9.000000e-03 4.294833e-05
9.150000e-03 4.439705e-05
9.300000e-03 4.420930e-05
9.450000e-03 4.363823e-05
9.600000e-03 4.359217e-05
9.750000e-03 4.230931e-05
9.900000e-03 4.255582e-05
1.005000e-02 4.522653e-05
1.020000e-02 4.594299e-05
1.035000e-02 4.574805e-05
1.050000e-02 4.469756e-05
1.065000e-02 4.298417e-05
1.080000e-02 4.328441e-05
1.095000e-02 4.343214e-05
1.110000e-02 4.362885e-05
1.125000e-02 4.362905e-05
1.140000e-02 4.320760e-05
1.155000e-02 4.473176e-05
1.170000e-02 4.511660e-05
1.185000e-02 4.413798e-05
1.200000e-02 4.389638e-05
1.215000e-02 4.325973e-05
1.230000e-02 4.367041e-05
1.245000e-02 4.557921e-05
1.260000e-02 4.594550e-05
1.275000e-02 4.520223e-05
1.290000e-02 4.445326e-05
1.305000e-02 4.503243e-05
1.320000e-02 4.513679e-05
1.335000e-02 4.454482e-05
1.350000e-02 4.522449e-05
1.365000e-02 4.341709e-05
1.380000e-02 4.219748e-05
1.395000e-02 4.362044e-05
1.410000e-02 4.461795e-05
1.425000e-02 4.698036e-05
1.440000e-02 4.641026e-05
1.455000e-02 4.270301e-05
1.470000e-02 4.307578e-05
1.485000e-02 4.495294e-05
