-8.746641e-03 1.761419e-04
-8.656130e-03 1.793510e-04
-8.567849e-03 1.791662e-04
-8.480074e-03 1.800333e-04
-8.392338e-03 1.803221e-04
-8.303178e-03 1.787557e-04
-8.212953e-03 1.790246e-04
-8.121811e-03 1.782362e-04
-8.030698e-03 1.777410e-04
-7.941715e-03 1.793798e-04
-7.854210e-03 1.790832e-04
-7.766782e-03 1.789250e-04
-7.678246e-03 1.795312e-04
-7.588072e-03 1.784899e-04
-7.497351e-03 1.786386e-04
-7.406430e-03 1.787154e-04
-7.316098e-03 1.781954e-04
-7.227119e-03 1.790112e-04
-7.138982e-03 1.787982e-04
-7.051263e-03 1.783596e-04
-6.962233e-03 1.789879e-04
-6.871176e-03 1.778960e-04
-6.779657e-03 1.777802e-04
-6.688993e-03 1.788834e-04
-6.599553e-03 1.787419e-04
-6.511020e-03 1.798627e-04
-6.422857e-03 1.798485e-04
-6.334358e-03 1.787052e-04
-6.244310e-03 1.792234e-04
-6.153082e-03 1.792394e-04
-6.061826e-03 1.792614e-04
-5.970989e-03 1.800187e-04
-5.881077e-03 1.799329e-04
-5.792213e-03 1.814448e-04
-5.703509e-03 1.816951e-04
-5.613746e-03 1.806196e-04
-5.522927e-03 1.808671e-04
-5.431768e-03 1.804401e-04
-5.340587e-03 1.802988e-04
-5.249817e-03 1.811366e-04
-5.159804e-03 1.809845e-04
-5.070254e-03 1.813330e-04
-4.980465e-03 1.817997e-04
-4.890030e-03 1.820227e-04
-4.798024e-03 1.828478e-04
-4.705499e-03 1.837186e-04
-4.613179e-03 1.839078e-04
-4.520626e-03 1.846031e-04
-4.428584e-03 1.845481e-04
-4.336959e-03 1.850910e-04
-4.245350e-03 1.854787e-04
-4.152952e-03 1.852444e-04
-4.058853e-03 1.859804e-04
-3.963840e-03 1.865019e-04
-3.868554e-03 1.868535e-04
-3.774470e-03 1.892666e-04
-3.680708e-03 1.899404e-04
-3.586164e-03 1.910792e-04
-3.490462e-03 1.921828e-04
-3.393599e-03 1.933168e-04
-3.296395e-03 1.941416e-04
-3.198233e-03 1.948379e-04
-3.098394e-03 1.958851e-04
-2.999641e-03 2.000065e-04
-2.900235e-03 2.018783e-04
-2.799512e-03 2.054849e-04
-2.698384e-03 2.070260e-04
-2.594582e-03 2.068573e-04
-2.482443e-03 2.120305e-04
-2.369981e-03 2.258880e-04
-2.239347e-03 2.415584e-04
-2.108188e-03 2.842920e-04
-1.998380e-03 2.868190e-04
-1.869918e-03 2.618803e-04
-1.753551e-03 2.456869e-04
-1.638771e-03 2.041582e-04
-1.529823e-03 1.859075e-04
-1.440241e-03 1.673859e-04
-1.353483e-03 1.588269e-04
-1.276055e-03 1.506069e-04
-1.201002e-03 1.462265e-04
-1.129496e-03 1.395485e-04
-1.059264e-03 1.363867e-04
-9.917022e-04 1.324787e-04
-9.260168e-04 1.299479e-04
-8.620343e-04 1.257517e-04
-7.995619e-04 1.234689e-04
-7.387942e-04 1.199562e-04
-6.784421e-04 1.183087e-04
-6.198350e-04 1.162905e-04
-5.615480e-04 1.153738e-04
-5.039025e-04 1.142493e-04
-4.465574e-04 1.136645e-04
-3.897550e-04 1.129430e-04
-3.334360e-04 1.125157e-04
-2.774707e-04 1.119159e-04
-2.214176e-04 1.116303e-04
-1.655702e-04 1.111793e-04
-1.097598e-04 1.110076e-04
-5.437767e-05 1.108619e-04
9.951892e-07 1.108210e-04
5.646353e-05 1.108486e-04
1.121627e-04 1.109969e-04
1.678843e-04 1.113710e-04
2.235427e-04 1.115894e-04
2.792943e-04 1.120419e-04
3.355570e-04 1.123900e-04
3.920037e-04 1.130514e-04
4.488665e-04 1.135390e-04
5.058284e-04 1.143826e-04
5.635095e-04 1.151162e-04
6.216477e-04 1.167373e-04
6.809106e-04 1.179946e-04
7.406711e-04 1.206591e-04
8.020332e-04 1.227136e-04
8.643742e-04 1.268013e-04
9.285195e-04 1.292219e-04
9.941341e-04 1.330943e-04
1.062205e-03 1.359566e-04
1.132035e-03 1.413780e-04
1.204508e-03 1.449137e-04
1.278819e-03 1.516772e-04
1.358729e-03 1.574662e-04
1.441241e-03 1.692148e-04
1.536197e-03 1.811109e-04
1.635084e-03 2.076706e-04
1.755514e-03 2.299685e-04
1.884237e-03 2.772759e-04
1.993663e-03 2.827022e-04
2.121969e-03 2.671260e-04
2.242732e-03 2.569992e-04
2.367541e-03 2.221348e-04
2.492592e-03 2.099571e-04
2.597899e-03 2.089820e-04
2.701608e-03 2.074425e-04
2.803958e-03 2.054299e-04
2.904153e-03 2.034117e-04
3.003411e-03 1.987617e-04
3.103222e-03 1.974246e-04
3.202441e-03 1.953021e-04
3.301386e-03 1.943739e-04
3.399031e-03 1.939588e-04
3.495114e-03 1.930825e-04
3.590177e-03 1.923474e-04
3.684626e-03 1.915029e-04
3.779225e-03 1.888996e-04
3.874312e-03 1.882574e-04
3.969076e-03 1.864478e-04
4.063768e-03 1.857536e-04
4.157227e-03 1.864452e-04
4.249469e-03 1.859656e-04
4.341259e-03 1.853870e-04
4.432967e-03 1.853304e-04
4.525362e-03 1.840266e-04
4.618528e-03 1.838197e-04
4.711304e-03 1.833429e-04
4.803042e-03 1.825489e-04
4.894066e-03 1.820900e-04
4.984304e-03 1.814547e-04
5.073953e-03 1.806715e-04
5.164490e-03 1.809217e-04
5.255994e-03 1.800071e-04
5.347305e-03 1.797584e-04
5.438041e-03 1.800238e-04
5.528776e-03 1.799233e-04
5.618121e-03 1.814138e-04
5.706372e-03 1.812936e-04
5.795825e-03 1.795017e-04
5.886781e-03 1.797565e-04
5.978213e-03 1.796725e-04
6.069064e-03 1.794904e-04
6.159144e-03 1.802703e-04
6.248575e-03 1.799657e-04
6.337184e-03 1.804930e-04
6.425734e-03 1.806470e-04
6.515345e-03 1.787608e-04
6.606289e-03 1.788818e-04
6.697498e-03 1.793191e-04
6.788150e-03 1.791432e-04
6.877355e-03 1.810619e-04
6.964847e-03 1.809211e-04
7.052764e-03 1.798274e-04
7.141992e-03 1.800243e-04
7.231978e-03 1.793049e-04
7.322906e-03 1.796120e-04
7.413870e-03 1.798601e-04
7.503445e-03 1.791156e-04
7.591542e-03 1.800535e-04
7.679359e-03 1.802241e-04
7.767961e-03 1.793933e-04
7.857159e-03 1.796467e-04
7.947869e-03 1.778246e-04
8.039785e-03 1.776989e-04
8.130052e-03 1.795620e-04
8.218517e-03 1.791507e-04
8.306500e-03 1.793517e-04
8.393997e-03 1.791326e-04
8.482362e-03 1.770790e-04
8.572493e-03 1.773975e-04
8.663529e-03 1.767752e-04
