-1.500000e-02 1.882021e-04
-1.440000e-02 1.881625e-04
-1.380000e-02 1.882402e-04
-1.320000e-02 1.884200e-04
-1.260000e-02 1.882578e-04
-1.200000e-02 1.875287e-04
-1.140000e-02 1.872749e-04
-1.080000e-02 1.872161e-04
-1.020000e-02 1.871388e-04
-9.600000e-03 1.870248e-04
-9.000000e-03 1.870289e-04
-8.400000e-03 1.871206e-04
-7.800000e-03 1.871174e-04
-7.200000e-03 1.871290e-04
-6.600000e-03 1.871290e-04
-6.000000e-03 1.871232e-04
-5.400000e-03 1.871083e-04
-4.800000e-03 1.870514e-04
-4.200000e-03 1.870445e-04
-3.600000e-03 1.870522e-04
-3.000000e-03 1.870376e-04
-2.400000e-03 1.869707e-04
-1.800000e-03 1.869732e-04
-1.200000e-03 1.869658e-04
-6.000000e-04 1.870165e-04
1.047700e-09 1.869735e-04
6.000000e-04 1.869807e-04
1.200000e-03 1.869635e-04
1.800000e-03 1.869536e-04
2.400000e-03 1.869461e-04
3.000000e-03 1.869771e-04
3.600000e-03 1.870564e-04
4.200000e-03 1.870682e-04
4.800000e-03 1.869838e-04
5.400000e-03 1.869470e-04
6.000000e-03 1.869385e-04
6.600000e-03 1.869538e-04
7.200000e-03 1.870010e-04
7.800000e-03 1.870316e-04
8.400000e-03 1.870540e-04
9.000000e-03 1.870680e-04
9.600000e-03 1.871113e-04
1.020000e-02 1.871726e-04
1.080000e-02 1.873516e-04
1.140000e-02 1.875243e-04
1.200000e-02 1.879565e-04
1.260000e-02 1.881194e-04
1.320000e-02 1.882943e-04
1.380000e-02 1.883291e-04
1.440000e-02 1.880894e-04
