-5.362828e-03 1.117212e-04
-5.306926e-03 1.136647e-04
-5.252711e-03 1.133831e-04
-5.197807e-03 1.115396e-04
-5.140883e-03 1.120571e-04
-5.082359e-03 1.108272e-04
-5.023964e-03 1.103064e-04
-4.967578e-03 1.122061e-04
-4.913073e-03 1.117915e-04
-4.859566e-03 1.122211e-04
-4.805401e-03 1.127406e-04
-4.749180e-03 1.108388e-04
-4.691241e-03 1.111841e-04
-4.633056e-03 1.117303e-04
-4.575855e-03 1.113352e-04
-4.519789e-03 1.121266e-04
-4.464408e-03 1.120299e-04
-4.409517e-03 1.124921e-04
-4.355127e-03 1.123276e-04
-4.299834e-03 1.104502e-04
-4.242484e-03 1.110082e-04
-4.184491e-03 1.114840e-04
-4.127298e-03 1.111742e-04
-4.071045e-03 1.117939e-04
-4.015433e-03 1.116625e-04
-3.960319e-03 1.122120e-04
-3.905172e-03 1.123990e-04
-3.849073e-03 1.113314e-04
-3.792007e-03 1.115275e-04
-3.734651e-03 1.115892e-04
-3.677468e-03 1.115078e-04
-3.620907e-03 1.122344e-04
-3.565509e-03 1.118293e-04
-3.511017e-03 1.122978e-04
-3.456028e-03 1.127336e-04
-3.399637e-03 1.116084e-04
-3.341828e-03 1.120542e-04
-3.283235e-03 1.119842e-04
-3.225613e-03 1.114065e-04
-3.170015e-03 1.130899e-04
-3.115509e-03 1.130100e-04
-3.060670e-03 1.123173e-04
-3.003871e-03 1.132435e-04
-2.945673e-03 1.134837e-04
-2.886759e-03 1.139997e-04
-2.828016e-03 1.157196e-04
-2.769364e-03 1.163166e-04
-2.711329e-03 1.189174e-04
-2.653329e-03 1.198014e-04
-2.594358e-03 1.207291e-04
-2.533983e-03 1.219060e-04
-2.471548e-03 1.217437e-04
-2.410382e-03 1.209236e-04
-2.349980e-03 1.199168e-04
-2.291774e-03 1.182681e-04
-2.234066e-03 1.144297e-04
-2.176466e-03 1.129522e-04
-2.120514e-03 1.116833e-04
-2.064482e-03 1.112752e-04
-2.008355e-03 1.099851e-04
-1.952506e-03 1.093547e-04
-1.897722e-03 1.092977e-04
-1.843686e-03 1.088585e-04
-1.790193e-03 1.086259e-04
-1.736491e-03 1.086382e-04
-1.682399e-03 1.080231e-04
-1.628268e-03 1.078250e-04
-1.573781e-03 1.066793e-04
-1.519948e-03 1.058743e-04
-1.467154e-03 1.052911e-04
-1.415213e-03 1.045986e-04
-1.363719e-03 1.034996e-04
-1.312197e-03 1.030919e-04
-1.260751e-03 1.020853e-04
-1.209530e-03 1.015875e-04
-1.158601e-03 1.006911e-04
-1.108268e-03 1.000387e-04
-1.058528e-03 9.914060e-05
-1.009443e-03 9.839726e-05
-9.608432e-04 9.721507e-05
-9.125161e-04 9.662582e-05
-8.643582e-04 9.527061e-05
-8.164463e-04 9.463525e-05
-7.690861e-04 9.378946e-05
-7.221762e-04 9.324017e-05
-6.758832e-04 9.267196e-05
-6.297862e-04 9.232456e-05
-5.838572e-04 9.170974e-05
-5.380094e-04 9.143979e-05
-4.922551e-04 9.084576e-05
-4.465974e-04 9.057407e-05
-4.013189e-04 9.038290e-05
-3.562730e-04 9.019911e-05
-3.113621e-04 8.998186e-05
-2.666259e-04 8.977434e-05
-2.218689e-04 8.916330e-05
-1.771770e-04 8.890438e-05
-1.327295e-04 8.859235e-05
-8.838088e-05 8.843429e-05
-4.424476e-05 8.823137e-05
-2.865175e-08 8.824877e-05
4.415912e-05 8.835990e-05
8.843078e-05 8.844466e-05
1.327158e-04 8.862023e-05
1.771880e-04 8.879574e-05
2.216847e-04 8.924266e-05
2.663223e-04 8.948807e-05
3.111475e-04 8.985700e-05
3.562054e-04 9.012932e-05
4.014817e-04 9.045321e-05
4.468253e-04 9.063478e-05
4.921979e-04 9.115940e-05
5.376337e-04 9.136152e-05
5.831841e-04 9.173198e-05
6.291632e-04 9.212246e-05
6.754755e-04 9.265170e-05
7.222051e-04 9.309252e-05
7.691217e-04 9.400544e-05
8.162974e-04 9.448942e-05
8.636452e-04 9.554705e-05
9.114159e-04 9.618144e-05
9.595928e-04 9.719319e-05
1.008470e-03 9.800393e-05
1.057999e-03 9.924352e-05
1.107942e-03 9.991192e-05
1.158289e-03 1.010964e-04
1.208575e-03 1.014862e-04
1.259045e-03 1.022630e-04
1.309923e-03 1.027878e-04
1.361400e-03 1.032494e-04
1.413847e-03 1.039984e-04
1.466736e-03 1.052646e-04
1.519687e-03 1.057574e-04
1.572591e-03 1.072822e-04
1.625242e-03 1.077083e-04
1.678567e-03 1.077692e-04
1.732524e-03 1.081407e-04
1.787043e-03 1.082369e-04
1.841815e-03 1.084238e-04
1.896558e-03 1.089923e-04
1.951407e-03 1.092608e-04
2.005895e-03 1.106108e-04
2.060339e-03 1.110711e-04
2.115333e-03 1.113508e-04
2.172018e-03 1.124972e-04
2.229625e-03 1.142305e-04
2.289352e-03 1.160955e-04
2.349100e-03 1.212417e-04
2.406899e-03 1.219244e-04
2.465965e-03 1.217090e-04
2.525333e-03 1.218127e-04
2.585557e-03 1.206742e-04
2.645541e-03 1.201208e-04
2.705959e-03 1.177721e-04
2.766127e-03 1.167767e-04
2.825051e-03 1.161732e-04
2.882298e-03 1.149812e-04
2.938082e-03 1.141074e-04
2.994071e-03 1.138841e-04
3.050633e-03 1.123103e-04
3.108436e-03 1.124896e-04
3.166317e-03 1.128603e-04
3.222667e-03 1.120760e-04
3.277427e-03 1.125500e-04
3.332002e-03 1.126102e-04
3.386925e-03 1.121142e-04
3.442753e-03 1.125097e-04
3.499741e-03 1.117612e-04
3.557013e-03 1.116326e-04
3.613456e-03 1.126598e-04
3.668658e-03 1.122850e-04
3.723154e-03 1.124190e-04
3.777818e-03 1.125671e-04
3.833341e-03 1.115454e-04
3.889581e-03 1.116081e-04
3.946116e-03 1.112082e-04
4.002432e-03 1.109333e-04
4.057959e-03 1.115676e-04
4.112633e-03 1.113140e-04
4.166669e-03 1.116720e-04
4.221099e-03 1.120066e-04
4.276833e-03 1.107623e-04
4.333682e-03 1.109834e-04
4.390831e-03 1.110981e-04
4.447198e-03 1.106704e-04
4.502607e-03 1.110795e-04
4.557453e-03 1.108891e-04
4.611498e-03 1.116115e-04
4.665584e-03 1.119273e-04
4.721389e-03 1.100246e-04
4.779022e-03 1.104059e-04
4.836229e-03 1.121746e-04
4.891692e-03 1.117642e-04
4.946030e-03 1.124978e-04
4.999725e-03 1.123758e-04
5.053840e-03 1.113377e-04
5.109557e-03 1.119260e-04
5.166610e-03 1.112513e-04
5.223775e-03 1.110760e-04
5.280523e-03 1.113696e-04
