-5.392470e-03 4.493030e-05
-5.370106e-03 4.488318e-05
-5.347602e-03 4.487344e-05
-5.325160e-03 4.494919e-05
-5.302892e-03 4.494911e-05
-5.280558e-03 4.483950e-05
-5.258233e-03 4.479396e-05
-5.235805e-03 4.470560e-05
-5.213341e-03 4.469476e-05
-5.191030e-03 4.470717e-05
-5.168745e-03 4.469566e-05
-5.146497e-03 4.472511e-05
-5.124252e-03 4.473367e-05
-5.101976e-03 4.470401e-05
-5.079555e-03 4.470378e-05
-5.057127e-03 4.469141e-05
-5.034798e-03 4.470369e-05
-5.012355e-03 4.475941e-05
-4.989945e-03 4.475984e-05
-4.967650e-03 4.474111e-05
-4.945386e-03 4.471582e-05
-4.923141e-03 4.467879e-05
-4.900869e-03 4.468205e-05
-4.878564e-03 4.463534e-05
-4.856107e-03 4.463336e-05
-4.833682e-03 4.468094e-05
-4.811415e-03 4.467973e-05
-4.789153e-03 4.468683e-05
-4.766871e-03 4.470161e-05
-4.744420e-03 4.467133e-05
-4.721983e-03 4.465180e-05
-4.699705e-03 4.465159e-05
-4.677413e-03 4.466053e-05
-4.655140e-03 4.471880e-05
-4.632915e-03 4.471046e-05
-4.610682e-03 4.467197e-05
-4.588289e-03 4.467831e-05
-4.565853e-03 4.462533e-05
-4.543529e-03 4.461508e-05
-4.521234e-03 4.463554e-05
-4.498961e-03 4.462981e-05
-4.476594e-03 4.466631e-05
-4.454242e-03 4.466975e-05
-4.431985e-03 4.462558e-05
-4.409705e-03 4.462300e-05
-4.387408e-03 4.458534e-05
-4.365064e-03 4.459905e-05
-4.342756e-03 4.469541e-05
-4.320348e-03 4.471401e-05
-4.297943e-03 4.477010e-05
-4.275613e-03 4.482114e-05
-4.253101e-03 4.487150e-05
-4.230619e-03 4.487108e-05
-4.208231e-03 4.481343e-05
-4.185799e-03 4.481942e-05
-4.163398e-03 4.488800e-05
-4.141076e-03 4.486490e-05
-4.118745e-03 4.478453e-05
-4.096307e-03 4.474349e-05
-4.073906e-03 4.469115e-05
-4.051616e-03 4.468158e-05
-4.029317e-03 4.463877e-05
-4.007045e-03 4.460688e-05
-3.984693e-03 4.459663e-05
-3.962336e-03 4.459674e-05
-3.940098e-03 4.458686e-05
-3.917863e-03 4.458178e-05
-3.895619e-03 4.455338e-05
-3.873322e-03 4.457534e-05
-3.851015e-03 4.461868e-05
-3.828597e-03 4.462400e-05
-3.806258e-03 4.476825e-05
-3.784094e-03 4.479140e-05
-3.761773e-03 4.459450e-05
-3.739414e-03 4.454573e-05
-3.717047e-03 4.460846e-05
-3.694707e-03 4.461567e-05
-3.672459e-03 4.457949e-05
-3.650169e-03 4.459168e-05
-3.627897e-03 4.465521e-05
-3.605705e-03 4.463060e-05
-3.583515e-03 4.456833e-05
-3.561201e-03 4.454542e-05
-3.538857e-03 4.443325e-05
-3.516650e-03 4.438636e-05
-3.494370e-03 4.434348e-05
-3.472101e-03 4.432119e-05
-3.450009e-03 4.434517e-05
-3.427939e-03 4.434086e-05
-3.405833e-03 4.426828e-05
-3.383705e-03 4.425540e-05
-3.361600e-03 4.425856e-05
-3.339374e-03 4.425665e-05
-3.317152e-03 4.425644e-05
-3.295044e-03 4.426315e-05
-3.272955e-03 4.431410e-05
-3.250886e-03 4.432066e-05
-3.228677e-03 4.431494e-05
-3.205730e-03 4.475625e-05
-3.182823e-03 4.583841e-05
-3.160688e-03 4.576381e-05
-3.138651e-03 4.571984e-05
-3.116666e-03 4.567243e-05
-3.094008e-03 4.441671e-05
-3.071192e-03 4.398508e-05
-3.049092e-03 4.398241e-05
-3.027116e-03 4.398173e-05
-3.005167e-03 4.402432e-05
-2.983211e-03 4.404362e-05
-2.961101e-03 4.404829e-05
-2.939043e-03 4.401856e-05
-2.917139e-03 4.398427e-05
-2.895215e-03 4.398412e-05
-2.873245e-03 4.390776e-05
-2.851263e-03 4.388784e-05
-2.829337e-03 4.392676e-05
-2.807300e-03 4.393268e-05
-2.785259e-03 4.394338e-05
-2.763328e-03 4.395634e-05
-2.741257e-03 4.396584e-05
-2.719207e-03 4.395634e-05
-2.697285e-03 4.393552e-05
-2.675333e-03 4.394559e-05
-2.653378e-03 4.396663e-05
-2.631444e-03 4.396140e-05
-2.609506e-03 4.394163e-05
-2.587467e-03 4.399593e-05
-2.565446e-03 4.417874e-05
-2.543452e-03 4.415420e-05
-2.521312e-03 4.384573e-05
-2.499294e-03 4.373649e-05
-2.477311e-03 4.369637e-05
-2.455349e-03 4.366907e-05
-2.433563e-03 4.368064e-05
-2.411756e-03 4.369791e-05
-2.389936e-03 4.372546e-05
-2.368137e-03 4.372350e-05
-2.346313e-03 4.367869e-05
-2.324376e-03 4.365661e-05
-2.302459e-03 4.362996e-05
-2.280692e-03 4.360546e-05
-2.258976e-03 4.362488e-05
-2.237243e-03 4.364275e-05
-2.215334e-03 4.360538e-05
-2.193397e-03 4.360849e-05
-2.171611e-03 4.366276e-05
-2.149893e-03 4.364148e-05
-2.128140e-03 4.352493e-05
-2.106415e-03 4.346639e-05
-2.084747e-03 4.339886e-05
-2.063002e-03 4.334771e-05
-2.041301e-03 4.328104e-05
-2.019739e-03 4.324719e-05
-1.998056e-03 4.315524e-05
-1.976395e-03 4.310945e-05
-1.954898e-03 4.305475e-05
-1.933442e-03 4.301166e-05
-1.912020e-03 4.295212e-05
-1.890558e-03 4.295553e-05
-1.869080e-03 4.293786e-05
-1.847671e-03 4.288939e-05
-1.826309e-03 4.283217e-05
-1.804837e-03 4.280448e-05
-1.783382e-03 4.275544e-05
-1.762066e-03 4.272724e-05
-1.740644e-03 4.267256e-05
-1.719199e-03 4.266575e-05
-1.697898e-03 4.268342e-05
-1.676671e-03 4.264472e-05
-1.655447e-03 4.254121e-05
-1.634238e-03 4.249501e-05
-1.613062e-03 4.242202e-05
-1.591770e-03 4.239319e-05
-1.570520e-03 4.238412e-05
-1.549423e-03 4.236173e-05
-1.528329e-03 4.230389e-05
-1.507269e-03 4.226183e-05
-1.486098e-03 4.215852e-05
-1.464938e-03 4.211467e-05
-1.443931e-03 4.204735e-05
-1.422935e-03 4.201599e-05
-1.401978e-03 4.199412e-05
-1.381049e-03 4.196988e-05
-1.360130e-03 4.192128e-05
-1.339082e-03 4.191044e-05
-1.318039e-03 4.188908e-05
-1.297208e-03 4.182530e-05
-1.276285e-03 4.169055e-05
-1.255347e-03 4.165067e-05
-1.234568e-03 4.160755e-05
-1.213790e-03 4.159111e-05
-1.193028e-03 4.157176e-05
-1.172305e-03 4.154132e-05
-1.151603e-03 4.149230e-05
-1.130896e-03 4.147806e-05
-1.110229e-03 4.150625e-05
-1.089492e-03 4.148776e-05
-1.068717e-03 4.137194e-05
-1.048091e-03 4.131102e-05
-1.027398e-03 4.122404e-05
-1.006697e-03 4.119757e-05
-9.861549e-04 4.119568e-05
-9.656193e-04 4.119136e-05
-9.450772e-04 4.116864e-05
-9.245478e-04 4.115281e-05
-9.040176e-04 4.110737e-05
-8.834229e-04 4.105989e-05
-8.628637e-04 4.098747e-05
-8.424199e-04 4.096199e-05
-8.220020e-04 4.093444e-05
-8.016079e-04 4.091031e-05
-7.811015e-04 4.084956e-05
-7.606099e-04 4.081881e-05
-7.402754e-04 4.080240e-05
-7.199383e-04 4.079808e-05
-6.995820e-04 4.075411e-05
-6.792342e-04 4.073321e-05
-6.589262e-04 4.074162e-05
-6.385493e-04 4.071678e-05
-6.181566e-04 4.062174e-05
-5.978739e-04 4.059075e-05
-5.776425e-04 4.058992e-05
-5.574310e-04 4.057770e-05
-5.370968e-04 4.053094e-05
-5.167238e-04 4.053727e-05
-4.964739e-04 4.056819e-05
-4.762810e-04 4.054502e-05
-4.560851e-04 4.047560e-05
-4.358474e-04 4.047574e-05
-4.156237e-04 4.049952e-05
-3.952264e-04 4.054321e-05
-3.748172e-04 4.064457e-05
-3.536847e-04 4.118279e-05
-3.324319e-04 4.267627e-05
-3.124320e-04 4.246304e-05
-2.921134e-04 4.113937e-05
-2.718582e-04 4.062475e-05
-2.517012e-04 3.935935e-05
-2.315451e-04 3.890328e-05
-2.121374e-04 3.888624e-05
-1.926191e-04 3.888033e-05
-1.731017e-04 3.886548e-05
-1.536588e-04 3.888154e-05
-1.342227e-04 3.893750e-05
-1.147920e-04 3.895453e-05
-9.526097e-05 3.901903e-05
-7.593163e-05 3.892103e-05
-5.667813e-05 3.859096e-05
-3.799479e-05 3.813366e-05
-1.933109e-05 3.687994e-05
-7.444475e-08 3.679080e-05
1.865614e-05 3.740598e-05
3.771451e-05 3.776521e-05
5.677048e-05 3.875095e-05
7.563649e-05 3.905686e-05
9.519635e-05 3.893668e-05
1.147883e-04 3.891256e-05
1.342129e-04 3.894054e-05
1.535912e-04 3.892282e-05
1.729652e-04 3.888095e-05
1.923758e-04 3.888791e-05
2.117875e-04 3.890537e-05
2.313545e-04 3.893860e-05
2.509047e-04 3.905856e-05
2.716494e-04 3.988286e-05
2.924524e-04 4.206902e-05
3.123441e-04 4.231297e-05
3.331745e-04 4.162765e-05
3.539776e-04 4.136327e-05
3.745948e-04 4.074133e-05
3.951839e-04 4.050047e-05
4.154040e-04 4.044745e-05
4.356593e-04 4.044949e-05
4.558575e-04 4.055069e-05
4.761499e-04 4.057472e-05
4.964831e-04 4.057341e-05
5.166972e-04 4.057054e-05
5.370243e-04 4.056597e-05
5.573682e-04 4.057434e-05
5.776098e-04 4.057645e-05
5.978809e-04 4.059493e-05
6.181486e-04 4.065174e-05
6.384219e-04 4.067552e-05
6.587197e-04 4.070077e-05
6.791463e-04 4.071791e-05
6.995567e-04 4.079222e-05
7.198808e-04 4.083648e-05
7.402863e-04 4.082416e-05
7.606806e-04 4.081308e-05
7.811416e-04 4.086428e-05
8.016327e-04 4.090092e-05
8.220460e-04 4.093942e-05
8.424654e-04 4.095699e-05
8.628934e-04 4.099170e-05
8.834954e-04 4.103891e-05
9.041264e-04 4.112164e-05
9.246364e-04 4.114871e-05
9.451414e-04 4.123203e-05
9.656220e-04 4.124748e-05
9.863168e-04 4.112815e-05
1.007068e-03 4.111900e-05
1.027623e-03 4.122568e-05
1.048210e-03 4.128279e-05
1.068847e-03 4.135622e-05
1.089459e-03 4.136705e-05
1.110085e-03 4.137378e-05
1.130900e-03 4.141972e-05
1.151732e-03 4.151927e-05
1.172424e-03 4.154166e-05
1.193258e-03 4.156540e-05
1.214121e-03 4.159198e-05
1.234862e-03 4.167256e-05
1.255637e-03 4.172210e-05
1.276491e-03 4.172862e-05
1.297370e-03 4.174604e-05
1.318217e-03 4.184787e-05
1.339191e-03 4.188931e-05
1.360218e-03 4.191593e-05
1.381161e-03 4.194647e-05
1.402103e-03 4.203208e-05
1.423038e-03 4.205870e-05
1.444135e-03 4.206239e-05
1.465317e-03 4.211529e-05
1.486373e-03 4.227456e-05
1.507391e-03 4.230948e-05
1.528469e-03 4.230654e-05
1.549589e-03 4.233062e-05
1.570735e-03 4.235587e-05
1.592019e-03 4.237622e-05
1.613299e-03 4.243882e-05
1.634488e-03 4.247878e-05
1.655808e-03 4.257272e-05
1.677139e-03 4.261330e-05
1.698398e-03 4.264549e-05
1.719695e-03 4.268033e-05
1.741026e-03 4.272157e-05
1.762345e-03 4.272914e-05
1.783653e-03 4.276828e-05
1.805110e-03 4.279936e-05
1.826574e-03 4.287393e-05
1.847936e-03 4.291223e-05
1.869354e-03 4.292580e-05
1.890765e-03 4.292664e-05
1.912308e-03 4.291234e-05
1.933908e-03 4.294196e-05
1.955382e-03 4.303306e-05
1.976839e-03 4.305646e-05
1.998322e-03 4.307982e-05
2.019992e-03 4.312716e-05
2.041694e-03 4.320469e-05
2.063291e-03 4.324270e-05
2.084918e-03 4.329782e-05
2.106632e-03 4.336953e-05
2.128487e-03 4.353857e-05
2.150295e-03 4.357172e-05
2.171991e-03 4.364536e-05
2.193677e-03 4.366581e-05
2.215473e-03 4.353957e-05
2.237294e-03 4.350943e-05
2.259019e-03 4.358559e-05
2.280840e-03 4.359615e-05
2.302674e-03 4.360233e-05
2.324462e-03 4.365036e-05
2.346398e-03 4.374243e-05
2.368309e-03 4.376088e-05
2.390149e-03 4.372553e-05
2.411990e-03 4.371416e-05
2.433815e-03 4.371122e-05
2.455643e-03 4.371228e-05
2.477450e-03 4.375100e-05
2.499509e-03 4.384186e-05
2.521578e-03 4.407783e-05
2.543463e-03 4.412782e-05
2.565366e-03 4.423787e-05
2.587248e-03 4.426509e-05
2.609441e-03 4.403100e-05
2.631625e-03 4.394110e-05
2.653525e-03 4.395792e-05
2.675433e-03 4.396966e-05
2.697383e-03 4.393390e-05
2.719343e-03 4.392701e-05
2.741274e-03 4.395520e-05
2.763320e-03 4.395920e-05
2.785421e-03 4.387916e-05
2.807410e-03 4.385812e-05
2.829429e-03 4.395668e-05
2.851408e-03 4.396803e-05
2.873322e-03 4.390029e-05
2.895321e-03 4.392649e-05
2.917311e-03 4.401149e-05
2.939238e-03 4.400385e-05
2.961178e-03 4.396155e-05
2.983278e-03 4.396730e-05
3.005360e-03 4.401093e-05
3.027302e-03 4.401666e-05
3.049381e-03 4.401196e-05
3.071452e-03 4.400578e-05
3.093430e-03 4.393572e-05
3.116223e-03 4.440033e-05
3.138915e-03 4.585881e-05
3.160873e-03 4.594213e-05
3.183401e-03 4.521962e-05
3.206065e-03 4.496440e-05
3.228586e-03 4.449655e-05
3.250981e-03 4.432894e-05
3.273125e-03 4.428027e-05
3.295248e-03 4.424974e-05
3.317426e-03 4.428211e-05
3.339599e-03 4.429073e-05
3.361677e-03 4.426296e-05
3.383825e-03 4.429484e-05
3.405988e-03 4.435775e-05
3.428109e-03 4.435487e-05
3.450222e-03 4.435929e-05
3.472456e-03 4.435756e-05
3.494695e-03 4.434327e-05
3.516851e-03 4.436378e-05
3.539145e-03 4.440142e-05
3.561507e-03 4.445604e-05
3.583772e-03 4.455997e-05
3.605988e-03 4.456800e-05
3.628232e-03 4.454381e-05
3.650491e-03 4.454449e-05
3.672745e-03 4.455502e-05
3.695110e-03 4.454967e-05
3.717470e-03 4.454475e-05
3.739742e-03 4.456662e-05
3.762024e-03 4.461151e-05
3.784291e-03 4.461898e-05
3.806649e-03 4.469997e-05
3.828971e-03 4.470750e-05
3.851244e-03 4.459851e-05
3.873553e-03 4.458094e-05
3.895838e-03 4.457253e-05
3.918235e-03 4.456093e-05
3.940604e-03 4.457479e-05
3.962843e-03 4.457705e-05
3.985079e-03 4.458749e-05
4.007314e-03 4.459103e-05
4.029684e-03 4.458798e-05
4.052085e-03 4.460574e-05
4.074363e-03 4.464971e-05
4.096679e-03 4.468857e-05
4.119023e-03 4.475043e-05
4.141355e-03 4.476588e-05
4.163680e-03 4.482269e-05
4.186136e-03 4.484586e-05
4.208637e-03 4.483411e-05
4.231032e-03 4.484233e-05
4.253598e-03 4.479222e-05
4.276095e-03 4.473311e-05
4.298403e-03 4.467399e-05
4.320691e-03 4.464089e-05
4.342939e-03 4.461501e-05
4.365215e-03 4.462228e-05
4.387524e-03 4.458546e-05
4.409960e-03 4.457125e-05
4.432364e-03 4.458176e-05
4.454622e-03 4.457301e-05
4.476867e-03 4.457051e-05
4.499113e-03 4.457073e-05
4.521463e-03 4.461027e-05
4.543816e-03 4.462695e-05
4.566096e-03 4.458466e-05
4.588413e-03 4.459148e-05
4.610708e-03 4.464744e-05
4.632936e-03 4.462752e-05
4.655151e-03 4.459365e-05
4.677529e-03 4.460335e-05
4.699926e-03 4.459820e-05
4.722215e-03 4.460672e-05
4.744619e-03 4.464847e-05
4.767052e-03 4.468154e-05
4.789407e-03 4.469311e-05
4.811693e-03 4.465562e-05
4.833932e-03 4.463037e-05
4.856207e-03 4.464302e-05
4.878502e-03 4.464533e-05
4.900920e-03 4.464421e-05
4.923336e-03 4.464430e-05
4.945657e-03 4.466360e-05
4.968095e-03 4.473484e-05
4.990467e-03 4.472120e-05
5.012709e-03 4.468964e-05
5.034988e-03 4.470062e-05
5.057298e-03 4.467917e-05
5.079616e-03 4.467629e-05
5.101946e-03 4.464830e-05
5.124387e-03 4.462887e-05
5.146770e-03 4.467205e-05
5.169019e-03 4.468336e-05
5.191297e-03 4.466749e-05
5.213627e-03 4.469306e-05
5.236106e-03 4.472633e-05
5.258604e-03 4.474987e-05
5.280958e-03 4.484455e-05
5.303282e-03 4.486061e-05
5.325653e-03 4.482589e-05
5.348008e-03 4.480302e-05
