-7.806769e-03 1.619963e-04
-7.721067e-03 1.605417e-04
-7.634580e-03 1.605985e-04
-7.549870e-03 1.640254e-04
-7.467255e-03 1.638924e-04
-7.385572e-03 1.647679e-04
-7.304343e-03 1.649227e-04
-7.222256e-03 1.639227e-04
-7.139568e-03 1.638108e-04
-7.057082e-03 1.641475e-04
-6.974969e-03 1.641575e-04
-6.893314e-03 1.646405e-04
-6.812483e-03 1.643210e-04
-6.730334e-03 1.615442e-04
-6.646761e-03 1.612884e-04
-6.564260e-03 1.620596e-04
-6.482691e-03 1.618882e-04
-6.400825e-03 1.612240e-04
-6.318241e-03 1.613066e-04
-6.236203e-03 1.621428e-04
-6.154933e-03 1.620934e-04
-6.074141e-03 1.630631e-04
-5.993754e-03 1.630588e-04
-5.912720e-03 1.616619e-04
-5.831513e-03 1.613733e-04
-5.750093e-03 1.602168e-04
-5.668107e-03 1.600295e-04
-5.586451e-03 1.603609e-04
-5.505288e-03 1.602932e-04
-5.425111e-03 1.614413e-04
-5.345410e-03 1.615690e-04
-5.265026e-03 1.610898e-04
-5.183815e-03 1.613041e-04
-5.102376e-03 1.612166e-04
-5.021843e-03 1.607512e-04
-4.942131e-03 1.611319e-04
-4.862317e-03 1.612207e-04
-4.784975e-03 1.652785e-04
-4.707031e-03 1.672120e-04
-4.622271e-03 1.615272e-04
-4.537523e-03 1.593628e-04
-4.456782e-03 1.597299e-04
-4.376794e-03 1.595186e-04
-4.297219e-03 1.596185e-04
-4.218046e-03 1.594125e-04
-4.138667e-03 1.587975e-04
-4.058694e-03 1.588242e-04
-3.978854e-03 1.588194e-04
-3.899173e-03 1.588300e-04
-3.819770e-03 1.596241e-04
-3.740553e-03 1.596903e-04
-3.660481e-03 1.581496e-04
-3.579418e-03 1.582980e-04
-3.498422e-03 1.591228e-04
-3.418274e-03 1.588040e-04
-3.338396e-03 1.580700e-04
-3.258555e-03 1.578908e-04
-3.179274e-03 1.583245e-04
-3.099704e-03 1.585465e-04
-3.020151e-03 1.594916e-04
-2.940361e-03 1.600819e-04
-2.860037e-03 1.605287e-04
-2.780898e-03 1.599782e-04
-2.701341e-03 1.580515e-04
-2.621962e-03 1.571430e-04
-2.543293e-03 1.555088e-04
-2.465361e-03 1.545854e-04
-2.388366e-03 1.538750e-04
-2.311275e-03 1.535723e-04
-2.234436e-03 1.528634e-04
-2.158127e-03 1.523952e-04
-2.081924e-03 1.515599e-04
-2.006091e-03 1.509340e-04
-1.930993e-03 1.501348e-04
-1.856397e-03 1.496480e-04
-1.782186e-03 1.489381e-04
-1.708051e-03 1.485358e-04
-1.633701e-03 1.473413e-04
-1.559709e-03 1.467966e-04
-1.486424e-03 1.461821e-04
-1.413467e-03 1.457635e-04
-1.340768e-03 1.453051e-04
-1.268215e-03 1.449531e-04
-1.195983e-03 1.442374e-04
-1.124194e-03 1.438128e-04
-1.052520e-03 1.430967e-04
-9.807466e-04 1.428012e-04
-9.093669e-04 1.423676e-04
-8.384434e-04 1.420347e-04
-7.676821e-04 1.413812e-04
-6.969283e-04 1.410452e-04
-6.262834e-04 1.405603e-04
-5.560220e-04 1.402512e-04
-4.861347e-04 1.397503e-04
-4.162869e-04 1.395461e-04
-3.464585e-04 1.392744e-04
-2.766702e-04 1.390578e-04
-2.072324e-04 1.387774e-04
-1.379389e-04 1.387001e-04
-6.860315e-05 1.386179e-04
9.454497e-07 1.386430e-04
7.031391e-05 1.386918e-04
1.395466e-04 1.387435e-04
2.089140e-04 1.388817e-04
2.786040e-04 1.390307e-04
3.481921e-04 1.393515e-04
4.177435e-04 1.395397e-04
4.875853e-04 1.398424e-04
5.578175e-04 1.400904e-04
6.279957e-04 1.406042e-04
6.982649e-04 1.409392e-04
7.689801e-04 1.411259e-04
8.398569e-04 1.411939e-04
9.105551e-04 1.419467e-04
9.813721e-04 1.423855e-04
1.052355e-03 1.430593e-04
1.123772e-03 1.434647e-04
1.195742e-03 1.439405e-04
1.267805e-03 1.442657e-04
1.339869e-03 1.448935e-04
1.412219e-03 1.452906e-04
1.485107e-03 1.457703e-04
1.558525e-03 1.461618e-04
1.631858e-03 1.471135e-04
1.705307e-03 1.476254e-04
1.779672e-03 1.477996e-04
1.854658e-03 1.481340e-04
1.929083e-03 1.497149e-04
2.003497e-03 1.503780e-04
2.078826e-03 1.509775e-04
2.154828e-03 1.514939e-04
2.230682e-03 1.528867e-04
2.306392e-03 1.534054e-04
2.382959e-03 1.537094e-04
2.460416e-03 1.542491e-04
2.537959e-03 1.553133e-04
2.616571e-03 1.564428e-04
2.695335e-03 1.593220e-04
2.773721e-03 1.600244e-04
2.852863e-03 1.610172e-04
2.931180e-03 1.609890e-04
3.010292e-03 1.592866e-04
3.089987e-03 1.589152e-04
3.169948e-03 1.577412e-04
3.249905e-03 1.574232e-04
3.328727e-03 1.581305e-04
3.407503e-03 1.582498e-04
3.486423e-03 1.586387e-04
3.565255e-03 1.588336e-04
3.644909e-03 1.577067e-04
3.724690e-03 1.573770e-04
3.803701e-03 1.580441e-04
3.882241e-03 1.578945e-04
3.960707e-03 1.573048e-04
4.039822e-03 1.575893e-04
4.118689e-03 1.590912e-04
4.196905e-03 1.591329e-04
4.275610e-03 1.581331e-04
4.354883e-03 1.582222e-04
4.435485e-03 1.565486e-04
4.517493e-03 1.566835e-04
4.597548e-03 1.600164e-04
4.675496e-03 1.600592e-04
4.753901e-03 1.597191e-04
4.832827e-03 1.597996e-04
4.911459e-03 1.602079e-04
4.990559e-03 1.607446e-04
5.070751e-03 1.604165e-04
5.151317e-03 1.604140e-04
5.231426e-03 1.614722e-04
5.310418e-03 1.612931e-04
5.389409e-03 1.604958e-04
5.469325e-03 1.606548e-04
5.549978e-03 1.601732e-04
5.631615e-03 1.606991e-04
5.713984e-03 1.606341e-04
5.794786e-03 1.596697e-04
5.872813e-03 1.619236e-04
5.950795e-03 1.625981e-04
6.030659e-03 1.610274e-04
6.111681e-03 1.612676e-04
6.192685e-03 1.622720e-04
6.273118e-03 1.621809e-04
6.353554e-03 1.616177e-04
6.434446e-03 1.617996e-04
6.516197e-03 1.611779e-04
6.597334e-03 1.604761e-04
6.677059e-03 1.605782e-04
6.758093e-03 1.615104e-04
6.839905e-03 1.631094e-04
6.920766e-03 1.630034e-04
7.001448e-03 1.626991e-04
7.082308e-03 1.628078e-04
7.162525e-03 1.644929e-04
7.241646e-03 1.643292e-04
7.321514e-03 1.623171e-04
7.401974e-03 1.620597e-04
7.482709e-03 1.608872e-04
7.564688e-03 1.611006e-04
7.646075e-03 1.629862e-04
