-1.500000e-02 -1.352057e-04
-1.485000e-02 1.380387e-05
-1.470000e-02 9.089504e-06
-1.455000e-02 -8.943952e-06
-1.440000e-02 2.806695e-06
-1.425000e-02 2.065248e-05
-1.410000e-02 1.785177e-05
-1.395000e-02 3.246538e-05
-1.380000e-02 3.752045e-05
-1.365000e-02 1.986652e-05
-1.350000e-02 1.494653e-05
-1.335000e-02 1.513420e-05
-1.320000e-02 1.841369e-05
-1.305000e-02 1.822602e-05
-1.290000e-02 1.678319e-05
-1.275000e-02 2.719808e-05
-1.260000e-02 2.712910e-05
-1.245000e-02 3.300009e-05
-1.230000e-02 3.695866e-05
-1.215000e-02 2.748597e-05
-1.200000e-02 2.066192e-05
-1.185000e-02 4.056083e-05
-1.170000e-02 4.602037e-05
-1.155000e-02 3.673088e-05
-1.140000e-02 3.925447e-05
-1.125000e-02 3.072696e-05
-1.110000e-02 2.403937e-05
-1.095000e-02 1.399623e-05
-1.080000e-02 1.324650e-05
-1.065000e-02 2.215708e-05
-1.050000e-02 3.389485e-05
-1.035000e-02 4.260557e-05
-1.020000e-02 3.775931e-05
-1.005000e-02 2.904443e-05
-9.900000e-03 2.829470e-05
-9.750000e-03 3.777157e-05
-9.600000e-03 3.292531e-05
-9.450000e-03 4.454195e-05
-9.300000e-03 4.981104e-05
-9.150000e-03 3.443840e-05
-9.000000e-03 3.245719e-05
-8.850000e-03 2.542982e-05
-8.700000e-03 2.256007e-05
-8.550000e-03 2.768568e-05
-8.400000e-03 3.164809e-05
-8.250000e-03 5.271770e-05
-8.100000e-03 5.620132e-05
-7.950000e-03 4.291812e-05
-7.800000e-03 4.230425e-05
-7.650000e-03 5.350217e-05
-7.500000e-03 5.637192e-05
-7.350000e-03 4.536167e-05
-7.200000e-03 4.622966e-05
-7.050000e-03 4.296400e-05
-6.900000e-03 3.941478e-05
-6.750000e-03 5.931369e-05
-6.600000e-03 5.876788e-05
-6.450000e-03 2.844693e-05
-6.300000e-03 2.605829e-05
-6.150000e-03 3.439426e-05
-6.000000e-03 3.186917e-05
-5.850000e-03 5.537395e-05
-5.700000e-03 7.182152e-05
-5.550000e-03 5.968815e-05
-5.400000e-03 5.279513e-05
-5.250000e-03 5.014277e-05
-5.100000e-03 5.382845e-05
-4.950000e-03 7.126654e-05
-4.800000e-03 7.474679e-05
-4.650000e-03 8.005149e-05
-4.500000e-03 7.827763e-05
-4.350000e-03 4.814405e-05
-4.200000e-03 5.237552e-05
-4.050000e-03 8.630235e-05
-3.900000e-03 8.166152e-05
-3.750000e-03 6.270780e-05
-3.600000e-03 6.107039e-05
-3.450000e-03 6.587710e-05
-3.300000e-03 7.430052e-05
-3.150000e-03 8.720420e-05
-3.000000e-03 9.260148e-05
-2.850000e-03 1.055135e-04
-2.700000e-03 1.131652e-04
-2.550000e-03 1.291092e-04
-2.400000e-03 1.346430e-04
-2.250000e-03 1.293298e-04
-2.100000e-03 1.318573e-04
-1.950000e-03 1.436224e-04
-1.800000e-03 1.537986e-04
-1.650000e-03 1.710689e-04
-1.500000e-03 1.829561e-04
-1.350000e-03 2.296579e-04
-1.200000e-03 2.571572e-04
-1.050000e-03 3.056081e-04
-9.000000e-04 3.599995e-04
-7.500000e-04 4.738967e-04
-6.000000e-04 2.236830e-03
-4.500000e-04 7.075999e-03
-3.000000e-04 3.001830e+00
-1.500000e-04 1.131586e+01
1.047700e-09 1.131938e+01
1.500000e-04 5.244661e+00
3.000000e-04 3.055186e+00
4.500000e-04 8.096906e-01
6.000000e-04 1.000551e-03
7.500000e-04 5.562615e-04
9.000000e-04 3.860976e-04
1.050000e-03 3.047139e-04
1.200000e-03 2.673266e-04
1.350000e-03 2.321634e-04
1.500000e-03 2.093461e-04
1.650000e-03 1.674256e-04
1.800000e-03 1.559002e-04
1.950000e-03 1.479972e-04
2.100000e-03 1.385791e-04
2.250000e-03 1.197974e-04
2.400000e-03 1.162432e-04
2.550000e-03 1.079142e-04
2.700000e-03 1.023204e-04
2.850000e-03 1.197278e-04
3.000000e-03 1.168484e-04
3.150000e-03 7.516217e-05
3.300000e-03 6.944835e-05
3.450000e-03 9.201973e-05
3.600000e-03 8.852546e-05
3.750000e-03 8.270038e-05
3.900000e-03 7.937982e-05
4.050000e-03 6.231965e-05
4.200000e-03 6.347553e-05
4.350000e-03 6.764672e-05
4.500000e-03 6.948148e-05
4.650000e-03 5.767002e-05
4.800000e-03 5.144630e-05
4.950000e-03 6.468930e-05
5.100000e-03 7.199278e-05
5.250000e-03 7.161798e-05
5.400000e-03 6.417952e-05
5.550000e-03 5.701664e-05
5.700000e-03 5.572691e-05
5.850000e-03 6.309801e-05
6.000000e-03 6.827194e-05
6.150000e-03 5.952657e-05
6.300000e-03 5.387274e-05
6.450000e-03 5.718197e-05
6.600000e-03 5.452872e-05
6.750000e-03 4.234885e-05
6.900000e-03 4.596660e-05
7.050000e-03 5.606088e-05
7.200000e-03 5.667105e-05
7.350000e-03 5.490603e-05
7.500000e-03 5.756048e-05
7.650000e-03 6.647243e-05
7.800000e-03 5.943888e-05
7.950000e-03 5.544100e-05
8.100000e-03 5.434623e-05
8.250000e-03 3.785496e-05
8.400000e-03 3.908471e-05
8.550000e-03 4.308259e-05
8.700000e-03 4.294762e-05
8.850000e-03 4.802826e-05
9.000000e-03 4.535881e-05
9.150000e-03 3.931967e-05
9.300000e-03 4.144977e-05
9.450000e-03 5.154404e-05
9.600000e-03 4.989385e-05
9.750000e-03 4.338168e-05
9.900000e-03 4.351665e-05
1.005000e-02 2.889939e-05
1.020000e-02 2.745969e-05
1.035000e-02 3.337322e-05
1.050000e-02 3.380813e-05
1.065000e-02 2.606223e-05
1.080000e-02 2.360274e-05
1.095000e-02 4.575768e-05
1.110000e-02 4.614760e-05
1.125000e-02 1.562209e-05
1.140000e-02 1.809658e-05
1.155000e-02 3.124256e-05
1.170000e-02 2.442586e-05
1.185000e-02 2.288252e-05
1.200000e-02 2.436865e-05
1.215000e-02 1.827871e-05
1.230000e-02 2.810835e-05
1.245000e-02 3.300681e-05
1.260000e-02 2.201408e-05
1.275000e-02 1.501778e-05
1.290000e-02 1.938188e-05
1.305000e-02 2.487897e-05
1.320000e-02 2.535887e-05
1.335000e-02 3.635305e-05
1.350000e-02 3.227389e-05
1.365000e-02 3.077469e-05
1.380000e-02 3.252933e-05
1.395000e-02 3.115505e-05
1.410000e-02 3.845854e-05
1.425000e-02 4.099550e-05
