-7.429692e-03 1.575869e-04
-7.351134e-03 1.569767e-04
-7.272179e-03 1.571029e-04
-7.192732e-03 1.569308e-04
-7.114523e-03 1.560194e-04
-7.037276e-03 1.547965e-04
-6.960596e-03 1.541217e-04
-6.884908e-03 1.539002e-04
-6.808313e-03 1.542598e-04
-6.730763e-03 1.539597e-04
-6.652949e-03 1.541153e-04
-6.575424e-03 1.547376e-04
-6.498892e-03 1.543663e-04
-6.422688e-03 1.541747e-04
-6.346513e-03 1.539831e-04
-6.270473e-03 1.533851e-04
-6.193756e-03 1.536809e-04
-6.115890e-03 1.528747e-04
-6.037663e-03 1.526966e-04
-5.960417e-03 1.535475e-04
-5.883600e-03 1.537001e-04
-5.807213e-03 1.551326e-04
-5.731349e-03 1.552285e-04
-5.654846e-03 1.541365e-04
-5.577680e-03 1.542475e-04
-5.499403e-03 1.527059e-04
-5.421331e-03 1.519235e-04
-5.344817e-03 1.526358e-04
-5.268805e-03 1.526954e-04
-5.192969e-03 1.528657e-04
-5.117326e-03 1.528110e-04
-5.041538e-03 1.527066e-04
-4.965194e-03 1.528984e-04
-4.888164e-03 1.519975e-04
-4.810782e-03 1.519876e-04
-4.733868e-03 1.530285e-04
-4.657591e-03 1.529175e-04
-4.581925e-03 1.533403e-04
-4.505953e-03 1.537811e-04
-4.429142e-03 1.538984e-04
-4.352084e-03 1.539839e-04
-4.274942e-03 1.537905e-04
-4.197963e-03 1.537282e-04
-4.121799e-03 1.549134e-04
-4.047064e-03 1.544832e-04
-3.972084e-03 1.531723e-04
-3.895105e-03 1.537951e-04
-3.817565e-03 1.542990e-04
-3.739565e-03 1.548609e-04
-3.661159e-03 1.560390e-04
-3.584189e-03 1.554958e-04
-3.507591e-03 1.543139e-04
-3.431596e-03 1.536324e-04
-3.356167e-03 1.529718e-04
-3.279845e-03 1.531647e-04
-3.202651e-03 1.519576e-04
-3.124374e-03 1.522761e-04
-3.046561e-03 1.539307e-04
-2.970454e-03 1.533993e-04
-2.894270e-03 1.520845e-04
-2.819147e-03 1.510773e-04
-2.745056e-03 1.497128e-04
-2.669583e-03 1.500506e-04
-2.593757e-03 1.506860e-04
-2.517942e-03 1.508061e-04
-2.441917e-03 1.505059e-04
-2.366920e-03 1.498838e-04
-2.292663e-03 1.496737e-04
-2.219035e-03 1.491180e-04
-2.145542e-03 1.475162e-04
-2.071796e-03 1.471925e-04
-1.997866e-03 1.462641e-04
-1.924617e-03 1.454218e-04
-1.851815e-03 1.435548e-04
-1.779757e-03 1.425349e-04
-1.709270e-03 1.423193e-04
-1.638898e-03 1.420755e-04
-1.568415e-03 1.414811e-04
-1.497954e-03 1.413499e-04
-1.427237e-03 1.402920e-04
-1.356761e-03 1.397661e-04
-1.286954e-03 1.396853e-04
-1.217626e-03 1.392736e-04
-1.148630e-03 1.384205e-04
-1.079809e-03 1.381030e-04
-1.010886e-03 1.373102e-04
-9.416764e-04 1.371027e-04
-8.728864e-04 1.369664e-04
-8.047683e-04 1.366073e-04
-7.368887e-04 1.360081e-04
-6.691747e-04 1.356008e-04
-6.016257e-04 1.350009e-04
-5.341806e-04 1.348144e-04
-4.668225e-04 1.341867e-04
-3.995545e-04 1.339064e-04
-3.324742e-04 1.336934e-04
-2.654953e-04 1.334648e-04
-1.989108e-04 1.332353e-04
-1.324548e-04 1.331814e-04
-6.584965e-05 1.329777e-04
9.290818e-07 1.329384e-04
6.741971e-05 1.330015e-04
1.338218e-04 1.330820e-04
2.003652e-04 1.332804e-04
2.672912e-04 1.334908e-04
3.342235e-04 1.338123e-04
4.012757e-04 1.340909e-04
4.685375e-04 1.347697e-04
5.357972e-04 1.349213e-04
6.029943e-04 1.351910e-04
6.704314e-04 1.355242e-04
7.382297e-04 1.358470e-04
8.067274e-04 1.362900e-04
8.756636e-04 1.370477e-04
9.442726e-04 1.372176e-04
1.012715e-03 1.377082e-04
1.081480e-03 1.379851e-04
1.150513e-03 1.385696e-04
1.219630e-03 1.389249e-04
1.289012e-03 1.392096e-04
1.359159e-03 1.397712e-04
1.429928e-03 1.405585e-04
1.500505e-03 1.406313e-04
1.570503e-03 1.415312e-04
1.640257e-03 1.418041e-04
1.710632e-03 1.417936e-04
1.782529e-03 1.426062e-04
1.854783e-03 1.439965e-04
1.927216e-03 1.447009e-04
1.999816e-03 1.466538e-04
2.072672e-03 1.474109e-04
2.146236e-03 1.480540e-04
2.219983e-03 1.484961e-04
2.293983e-03 1.495856e-04
2.369178e-03 1.505935e-04
2.445713e-03 1.508761e-04
2.521767e-03 1.507918e-04
2.597683e-03 1.507887e-04
2.673040e-03 1.503499e-04
2.747497e-03 1.509146e-04
2.823287e-03 1.520203e-04
2.899694e-03 1.537758e-04
2.975992e-03 1.542376e-04
3.053206e-03 1.542848e-04
3.130560e-03 1.544908e-04
3.208393e-03 1.539725e-04
3.285218e-03 1.530766e-04
3.360475e-03 1.534896e-04
3.436377e-03 1.541297e-04
3.513323e-03 1.538807e-04
3.591403e-03 1.544715e-04
3.670329e-03 1.549921e-04
3.747950e-03 1.542905e-04
3.824389e-03 1.540197e-04
3.900406e-03 1.537743e-04
3.976881e-03 1.526183e-04
4.054404e-03 1.527273e-04
4.132288e-03 1.521429e-04
4.210566e-03 1.522729e-04
4.287821e-03 1.546316e-04
4.363743e-03 1.545768e-04
4.439537e-03 1.543457e-04
4.514388e-03 1.538021e-04
4.589329e-03 1.524323e-04
4.666016e-03 1.528825e-04
4.743446e-03 1.526059e-04
4.820418e-03 1.523349e-04
4.896845e-03 1.524888e-04
4.973337e-03 1.524786e-04
5.049405e-03 1.534412e-04
5.124776e-03 1.534730e-04
5.200458e-03 1.527550e-04
5.277343e-03 1.531138e-04
5.355445e-03 1.523727e-04
5.434740e-03 1.529256e-04
5.513205e-03 1.555508e-04
5.588939e-03 1.548585e-04
5.663711e-03 1.548363e-04
5.739794e-03 1.555099e-04
5.817776e-03 1.539237e-04
5.896353e-03 1.538148e-04
5.974414e-03 1.546634e-04
6.051827e-03 1.544753e-04
6.128444e-03 1.549870e-04
6.203434e-03 1.543003e-04
6.278110e-03 1.532096e-04
6.355066e-03 1.540807e-04
6.433241e-03 1.541786e-04
6.511817e-03 1.545595e-04
6.591012e-03 1.548765e-04
6.668889e-03 1.540946e-04
6.744917e-03 1.547155e-04
6.819963e-03 1.544560e-04
6.895087e-03 1.538991e-04
6.972218e-03 1.547984e-04
7.051089e-03 1.541061e-04
7.131220e-03 1.547182e-04
7.210756e-03 1.574075e-04
7.288849e-03 1.574042e-04
7.366644e-03 1.581874e-04
