-1.218925e-02 2.488152e-04
-1.206599e-02 2.478593e-04
-1.194194e-02 2.481524e-04
-1.181706e-02 2.480426e-04
-1.169189e-02 2.480078e-04
-1.156731e-02 2.484074e-04
-1.144347e-02 2.482661e-04
-1.132021e-02 2.488205e-04
-1.119668e-02 2.490099e-04
-1.107199e-02 2.480730e-04
-1.094691e-02 2.481419e-04
-1.082213e-02 2.483737e-04
-1.069763e-02 2.482916e-04
-1.057335e-02 2.489126e-04
-1.044932e-02 2.488221e-04
-1.032574e-02 2.488540e-04
-1.020184e-02 2.492259e-04
-1.007687e-02 2.489420e-04
-9.951406e-03 2.489657e-04
-9.826284e-03 2.491297e-04
-9.701754e-03 2.490030e-04
-9.577502e-03 2.495850e-04
-9.453172e-03 2.496714e-04
-9.328811e-03 2.493888e-04
-9.204286e-03 2.495559e-04
-9.079280e-03 2.492198e-04
-8.953823e-03 2.491996e-04
-8.828355e-03 2.495956e-04
-8.703617e-03 2.494696e-04
-8.579566e-03 2.497922e-04
-8.455597e-03 2.498598e-04
-8.331034e-03 2.495311e-04
-8.205945e-03 2.495597e-04
-8.080810e-03 2.490943e-04
-7.955772e-03 2.490386e-04
-7.830814e-03 2.494885e-04
-7.706106e-03 2.493304e-04
-7.581921e-03 2.492901e-04
-7.457984e-03 2.492964e-04
-7.333457e-03 2.488019e-04
-7.208206e-03 2.488896e-04
-7.083089e-03 2.488876e-04
-6.958484e-03 2.487490e-04
-6.834255e-03 2.489905e-04
-6.710475e-03 2.488074e-04
-6.586675e-03 2.487346e-04
-6.462383e-03 2.488341e-04
-6.337895e-03 2.483139e-04
-6.213510e-03 2.482338e-04
-6.088948e-03 2.481844e-04
-5.964506e-03 2.479253e-04
-5.840833e-03 2.480173e-04
-5.717604e-03 2.479518e-04
-5.594071e-03 2.477281e-04
-5.470034e-03 2.477803e-04
-5.345912e-03 2.473163e-04
-5.221940e-03 2.472279e-04
-5.098271e-03 2.474867e-04
-4.974601e-03 2.474124e-04
-4.850908e-03 2.476346e-04
-4.727543e-03 2.476859e-04
-4.604187e-03 2.473768e-04
-4.480537e-03 2.474423e-04
-4.356469e-03 2.473953e-04
-4.232172e-03 2.473472e-04
-4.108320e-03 2.474870e-04
-3.984726e-03 2.475510e-04
-3.861057e-03 2.480740e-04
-3.736739e-03 2.484827e-04
-3.612341e-03 2.490146e-04
-3.487729e-03 2.495041e-04
-3.362498e-03 2.503054e-04
-3.237038e-03 2.505617e-04
-3.111663e-03 2.509426e-04
-2.986528e-03 2.511069e-04
-2.861293e-03 2.513967e-04
-2.734899e-03 2.520240e-04
-2.608167e-03 2.536777e-04
-2.481111e-03 2.546401e-04
-2.353626e-03 2.561180e-04
-2.226901e-03 2.561946e-04
-2.099405e-03 2.556070e-04
-1.973260e-03 2.544107e-04
-1.846955e-03 2.503425e-04
-1.723441e-03 2.473748e-04
-1.601124e-03 2.415858e-04
-1.481968e-03 2.374392e-04
-1.364697e-03 2.286213e-04
-1.248749e-03 2.248125e-04
-1.137261e-03 2.216713e-04
-1.026474e-03 2.199696e-04
-9.168677e-04 2.176282e-04
-8.094757e-04 2.156045e-04
-7.031141e-04 2.112926e-04
-5.987772e-04 2.085233e-04
-4.957085e-04 2.033328e-04
-3.936540e-04 2.007160e-04
-2.940385e-04 1.971359e-04
-1.951040e-04 1.955961e-04
-9.755270e-05 1.939087e-04
6.785942e-07 1.936068e-04
9.782499e-05 1.941278e-04
1.960495e-04 1.951241e-04
2.944365e-04 1.979322e-04
3.949596e-04 2.000911e-04
4.962126e-04 2.044903e-04
5.993361e-04 2.073337e-04
7.042710e-04 2.126110e-04
8.103070e-04 2.150282e-04
9.183271e-04 2.180261e-04
1.027199e-03 2.197636e-04
1.137556e-03 2.221111e-04
1.251671e-03 2.250571e-04
1.366845e-03 2.319006e-04
1.484132e-03 2.357919e-04
1.602651e-03 2.441057e-04
1.723050e-03 2.480604e-04
1.848036e-03 2.518648e-04
1.973507e-03 2.536970e-04
2.100337e-03 2.560484e-04
2.226824e-03 2.566912e-04
2.355180e-03 2.558463e-04
2.482840e-03 2.549501e-04
2.609763e-03 2.532078e-04
2.736094e-03 2.523986e-04
2.862043e-03 2.512649e-04
2.988468e-03 2.509717e-04
3.114090e-03 2.510215e-04
3.239186e-03 2.508948e-04
3.364673e-03 2.503663e-04
3.489920e-03 2.498621e-04
3.614448e-03 2.491888e-04
3.738374e-03 2.487550e-04
3.862378e-03 2.478895e-04
3.986947e-03 2.477482e-04
4.111108e-03 2.475664e-04
4.234970e-03 2.474898e-04
4.358577e-03 2.477024e-04
4.482160e-03 2.475967e-04
4.605887e-03 2.475329e-04
4.729445e-03 2.475773e-04
4.852985e-03 2.472624e-04
4.977002e-03 2.472659e-04
5.101278e-03 2.473104e-04
5.225257e-03 2.473166e-04
5.348709e-03 2.477435e-04
5.472162e-03 2.477290e-04
5.595845e-03 2.477715e-04
5.719576e-03 2.479838e-04
5.843495e-03 2.477925e-04
5.967739e-03 2.479186e-04
6.092208e-03 2.483624e-04
6.216651e-03 2.483381e-04
6.340506e-03 2.487811e-04
6.463953e-03 2.488646e-04
6.587977e-03 2.486038e-04
6.712719e-03 2.487710e-04
6.837497e-03 2.487052e-04
6.962216e-03 2.488160e-04
7.087114e-03 2.492964e-04
7.211768e-03 2.491529e-04
7.335827e-03 2.492734e-04
7.459626e-03 2.493305e-04
7.583964e-03 2.490628e-04
7.709138e-03 2.492988e-04
7.834576e-03 2.490449e-04
7.959784e-03 2.489850e-04
8.084502e-03 2.496342e-04
8.208955e-03 2.495391e-04
8.333361e-03 2.498231e-04
8.457526e-03 2.499502e-04
8.581851e-03 2.495658e-04
8.706971e-03 2.497340e-04
8.832707e-03 2.496471e-04
8.958083e-03 2.495700e-04
9.082897e-03 2.498212e-04
9.207243e-03 2.496318e-04
9.331404e-03 2.498898e-04
9.455775e-03 2.499393e-04
9.580350e-03 2.492658e-04
9.705137e-03 2.493216e-04
9.830419e-03 2.491248e-04
9.955811e-03 2.489514e-04
1.008033e-02 2.494515e-04
1.020395e-02 2.492565e-04
1.032770e-02 2.489522e-04
1.045210e-02 2.490608e-04
1.057676e-02 2.484629e-04
1.070155e-02 2.484963e-04
1.082663e-02 2.485806e-04
1.095172e-02 2.484518e-04
1.107590e-02 2.491384e-04
1.119924e-02 2.490430e-04
1.132288e-02 2.487305e-04
1.144709e-02 2.487896e-04
1.157158e-02 2.480163e-04
1.169633e-02 2.480581e-04
1.182093e-02 2.484039e-04
1.194522e-02 2.481682e-04
1.206916e-02 2.485643e-04

