-6.523251e-03 1.362048e-04
-6.454348e-03 1.371570e-04
-6.386446e-03 1.369920e-04
-6.317902e-03 1.357208e-04
-6.249157e-03 1.352914e-04
-6.181181e-03 1.351241e-04
-6.113437e-03 1.350164e-04
-6.045841e-03 1.349629e-04
-5.978137e-03 1.349158e-04
-5.910303e-03 1.348218e-04
-5.842559e-03 1.348258e-04
-5.775058e-03 1.349862e-04
-5.707658e-03 1.349834e-04
-5.639966e-03 1.347438e-04
-5.571816e-03 1.348405e-04
-5.503798e-03 1.350745e-04
-5.435961e-03 1.351424e-04
-5.367789e-03 1.350299e-04
-5.299861e-03 1.347515e-04
-5.232526e-03 1.347135e-04
-5.165305e-03 1.347238e-04
-5.097919e-03 1.347328e-04
-5.030370e-03 1.347421e-04
-4.962863e-03 1.345831e-04
-4.895343e-03 1.346251e-04
-4.828067e-03 1.351463e-04
-4.760768e-03 1.352551e-04
-4.693049e-03 1.351115e-04
-4.625391e-03 1.351149e-04
-4.557902e-03 1.351488e-04
-4.490294e-03 1.352312e-04
-4.422577e-03 1.355313e-04
-4.354693e-03 1.356475e-04
-4.286708e-03 1.355475e-04
-4.218609e-03 1.356722e-04
-4.150573e-03 1.363803e-04
-4.082395e-03 1.366273e-04
-4.014029e-03 1.367411e-04
-3.945929e-03 1.367158e-04
-3.877429e-03 1.362387e-04
-3.808741e-03 1.360869e-04
-3.740582e-03 1.362880e-04
-3.672670e-03 1.363049e-04
-3.604905e-03 1.365979e-04
-3.537189e-03 1.366744e-04
-3.469116e-03 1.365504e-04
-3.400509e-03 1.367335e-04
-3.331943e-03 1.370536e-04
-3.263551e-03 1.371580e-04
-3.194933e-03 1.373319e-04
-3.126797e-03 1.370120e-04
-3.058768e-03 1.360430e-04
-2.990439e-03 1.359669e-04
-2.922299e-03 1.363267e-04
-2.854933e-03 1.358986e-04
-2.787198e-03 1.338389e-04
-2.719347e-03 1.332593e-04
-2.652671e-03 1.336075e-04
-2.586447e-03 1.333711e-04
-2.520093e-03 1.327500e-04
-2.454186e-03 1.323488e-04
-2.388358e-03 1.311168e-04
-2.322072e-03 1.309473e-04
-2.256304e-03 1.315873e-04
-2.191588e-03 1.310969e-04
-2.126965e-03 1.296443e-04
-2.062596e-03 1.290583e-04
-1.998089e-03 1.274416e-04
-1.933517e-03 1.268109e-04
-1.869921e-03 1.264446e-04
-1.806784e-03 1.261229e-04
-1.743842e-03 1.257925e-04
-1.680990e-03 1.255338e-04
-1.618490e-03 1.251641e-04
-1.556115e-03 1.250411e-04
-1.493719e-03 1.246631e-04
-1.431568e-03 1.242947e-04
-1.369518e-03 1.236737e-04
-1.307793e-03 1.233396e-04
-1.246504e-03 1.229063e-04
-1.185220e-03 1.227471e-04
-1.123838e-03 1.223718e-04
-1.062447e-03 1.221584e-04
-1.001358e-03 1.218404e-04
-9.407500e-04 1.215211e-04
-8.802135e-04 1.209831e-04
-8.192792e-04 1.209457e-04
-7.587084e-04 1.212190e-04
-6.991996e-04 1.207624e-04
-6.393768e-04 1.189729e-04
-5.796553e-04 1.181869e-04
-5.208181e-04 1.177008e-04
-4.624294e-04 1.173365e-04
-4.042794e-04 1.165009e-04
-3.461655e-04 1.161781e-04
-2.882954e-04 1.159072e-04
-2.302878e-04 1.158131e-04
-1.723729e-04 1.154878e-04
-1.146959e-04 1.153196e-04
-5.710223e-05 1.151603e-04
7.035560e-07 1.151695e-04
5.832920e-05 1.152286e-04
1.159334e-04 1.153331e-04
1.736556e-04 1.156090e-04
2.315476e-04 1.157317e-04
2.894135e-04 1.158973e-04
3.474712e-04 1.161509e-04
4.057440e-04 1.167169e-04
4.644062e-04 1.170751e-04
5.231982e-04 1.176320e-04
5.828252e-04 1.184134e-04
6.425633e-04 1.203961e-04
7.021716e-04 1.209504e-04
7.622117e-04 1.219980e-04
8.222551e-04 1.224600e-04
8.833492e-04 1.217637e-04
9.450407e-04 1.217882e-04
1.006435e-03 1.225811e-04
1.067497e-03 1.227500e-04
1.128708e-03 1.227372e-04
1.189825e-03 1.226754e-04
1.250859e-03 1.228730e-04
1.312905e-03 1.234674e-04
1.375429e-03 1.240881e-04
1.437923e-03 1.243776e-04
1.500508e-03 1.252661e-04
1.563164e-03 1.255439e-04
1.625705e-03 1.262704e-04
1.687926e-03 1.264256e-04
1.750639e-03 1.262763e-04
1.814166e-03 1.266250e-04
1.877957e-03 1.269143e-04
1.942143e-03 1.273418e-04
2.006346e-03 1.287424e-04
2.070924e-03 1.293839e-04
2.135307e-03 1.312434e-04
2.199312e-03 1.317744e-04
2.264397e-03 1.314497e-04
2.330526e-03 1.318694e-04
2.397333e-03 1.321542e-04
2.464541e-03 1.325878e-04
2.531470e-03 1.340075e-04
2.597389e-03 1.338228e-04
2.663581e-03 1.331062e-04
2.730927e-03 1.336311e-04
2.797917e-03 1.354294e-04
2.865581e-03 1.363892e-04
2.934616e-03 1.370296e-04
3.003640e-03 1.373476e-04
3.072842e-03 1.376757e-04
3.141129e-03 1.372446e-04
3.208397e-03 1.380063e-04
3.275193e-03 1.379027e-04
3.343460e-03 1.349018e-04
3.413387e-03 1.349100e-04
3.482856e-03 1.359502e-04
3.552204e-03 1.361605e-04
3.621192e-03 1.370885e-04
3.689099e-03 1.368667e-04
3.756565e-03 1.372466e-04
3.825023e-03 1.378854e-04
3.894289e-03 1.380532e-04
3.963027e-03 1.378910e-04
4.031849e-03 1.375612e-04
4.100201e-03 1.370664e-04
4.168196e-03 1.360286e-04
4.236248e-03 1.357827e-04
4.303649e-03 1.361852e-04
4.371582e-03 1.365568e-04
4.440368e-03 1.364257e-04
4.508968e-03 1.363598e-04
4.577279e-03 1.364012e-04
4.645059e-03 1.360059e-04
4.712075e-03 1.364382e-04
4.778313e-03 1.362193e-04
4.845454e-03 1.338525e-04
4.912178e-03 1.327489e-04
4.978058e-03 1.313380e-04
5.047259e-03 1.327331e-04
5.116747e-03 1.358785e-04
5.183456e-03 1.354333e-04
5.249976e-03 1.347666e-04
5.317857e-03 1.352515e-04
5.385465e-03 1.367979e-04
5.452585e-03 1.371545e-04
5.521089e-03 1.360947e-04
5.590001e-03 1.358650e-04
5.658631e-03 1.354420e-04
5.725652e-03 1.344164e-04
5.792095e-03 1.327828e-04
5.860363e-03 1.331988e-04
5.928847e-03 1.337415e-04
5.997503e-03 1.341297e-04
6.066070e-03 1.356105e-04
6.133834e-03 1.355696e-04
6.200854e-03 1.364384e-04
6.267202e-03 1.364406e-04
6.333478e-03 1.365661e-04
6.401602e-03 1.376258e-04
6.472042e-03 1.369697e-04
