-5.000000e-02 1.396894e-04
-4.950000e-02 1.396087e-04
-4.900000e-02 1.396222e-04
-4.850000e-02 1.396055e-04
-4.800000e-02 1.395814e-04
-4.750000e-02 1.395705e-04
-4.700000e-02 1.395904e-04
-4.650000e-02 1.396660e-04
-4.600000e-02 1.397305e-04
-4.550000e-02 1.397687e-04
-4.500000e-02 1.398015e-04
-4.450000e-02 1.398915e-04
-4.400000e-02 1.399618e-04
-4.350000e-02 1.401779e-04
-4.300000e-02 1.401959e-04
-4.250000e-02 1.400354e-04
-4.200000e-02 1.400752e-04
-4.150000e-02 1.402677e-04
-4.100000e-02 1.403113e-04
-4.050000e-02 1.404624e-04
-4.000000e-02 1.404471e-04
-3.950000e-02 1.400844e-04
-3.900000e-02 1.398914e-04
-3.850000e-02 1.396008e-04
-3.800000e-02 1.395445e-04
-3.750000e-02 1.396182e-04
-3.700000e-02 1.396178e-04
-3.650000e-02 1.396120e-04
-3.600000e-02 1.395904e-04
-3.550000e-02 1.395680e-04
-3.500000e-02 1.395467e-04
-3.450000e-02 1.394788e-04
-3.400000e-02 1.394783e-04
-3.350000e-02 1.394715e-04
-3.300000e-02 1.395407e-04
-3.250000e-02 1.397641e-04
-3.200000e-02 1.397954e-04
-3.150000e-02 1.399126e-04
-3.100000e-02 1.399052e-04
-3.050000e-02 1.395955e-04
-3.000000e-02 1.394827e-04
-2.950000e-02 1.393730e-04
-2.900000e-02 1.393347e-04
-2.850000e-02 1.393753e-04
-2.800000e-02 1.393517e-04
-2.750000e-02 1.392574e-04
-2.700000e-02 1.391275e-04
-2.650000e-02 1.387482e-04
-2.600000e-02 1.385922e-04
-2.550000e-02 1.384435e-04
-2.500000e-02 1.387572e-04
-2.450000e-02 1.397997e-04
-2.400000e-02 1.397055e-04
-2.350000e-02 1.393329e-04
-2.300000e-02 1.391504e-04
-2.250000e-02 1.378516e-04
-2.200000e-02 1.373742e-04
-2.150000e-02 1.372819e-04
-2.100000e-02 1.372639e-04
-2.050000e-02 1.373296e-04
-2.000000e-02 1.372997e-04
-1.950000e-02 1.371756e-04
-1.900000e-02 1.370445e-04
-1.850000e-02 1.365925e-04
-1.800000e-02 1.363829e-04
-1.750000e-02 1.362621e-04
-1.700000e-02 1.361238e-04
-1.650000e-02 1.358153e-04
-1.600000e-02 1.355288e-04
-1.550000e-02 1.347975e-04
-1.500000e-02 1.344290e-04
-1.450000e-02 1.339344e-04
-1.400000e-02 1.336594e-04
-1.350000e-02 1.333099e-04
-1.300000e-02 1.330259e-04
-1.250000e-02 1.323915e-04
-1.200000e-02 1.320655e-04
-1.150000e-02 1.315828e-04
-1.100000e-02 1.312630e-04
-1.050000e-02 1.307239e-04
-1.000000e-02 1.304219e-04
-9.500000e-03 1.299023e-04
-9.000000e-03 1.295934e-04
-8.500000e-03 1.291758e-04
-8.000000e-03 1.289450e-04
-7.500000e-03 1.284972e-04
-7.000000e-03 1.282323e-04
-6.500000e-03 1.277962e-04
-6.000000e-03 1.275603e-04
-5.500000e-03 1.272337e-04
-5.000000e-03 1.270540e-04
-4.500000e-03 1.267799e-04
-4.000000e-03 1.269183e-04
-3.500000e-03 1.275290e-04
-3.000000e-03 1.272360e-04
-2.500000e-03 1.264826e-04
-2.000000e-03 1.257598e-04
-1.500000e-03 1.228076e-04
-1.000000e-03 1.211918e-04
-5.000000e-04 1.196714e-04
1.629800e-09 1.196920e-04
5.000000e-04 1.204219e-04
1.000000e-03 1.211943e-04
1.500000e-03 1.233262e-04
2.000000e-03 1.245377e-04
2.500000e-03 1.272253e-04
3.000000e-03 1.279572e-04
3.500000e-03 1.269019e-04
4.000000e-03 1.266218e-04
4.500000e-03 1.268698e-04
5.000000e-03 1.270115e-04
5.500000e-03 1.273015e-04
6.000000e-03 1.275341e-04
6.500000e-03 1.279891e-04
7.000000e-03 1.282196e-04
7.500000e-03 1.286132e-04
8.000000e-03 1.288811e-04
8.500000e-03 1.293054e-04
9.000000e-03 1.295639e-04
9.500000e-03 1.300408e-04
1.000000e-02 1.303445e-04
1.050000e-02 1.308532e-04
1.100000e-02 1.311725e-04
1.150000e-02 1.317357e-04
1.200000e-02 1.320740e-04
1.250000e-02 1.326166e-04
1.300000e-02 1.329057e-04
1.350000e-02 1.333728e-04
1.400000e-02 1.336487e-04
1.450000e-02 1.340627e-04
1.500000e-02 1.343612e-04
1.550000e-02 1.349467e-04
1.600000e-02 1.352717e-04
1.650000e-02 1.358256e-04
1.700000e-02 1.360742e-04
1.750000e-02 1.362107e-04
1.800000e-02 1.363023e-04
1.850000e-02 1.366081e-04
1.900000e-02 1.368535e-04
1.950000e-02 1.372489e-04
2.000000e-02 1.373724e-04
2.050000e-02 1.373385e-04
2.100000e-02 1.373163e-04
2.150000e-02 1.374078e-04
2.200000e-02 1.374462e-04
2.250000e-02 1.374577e-04
2.300000e-02 1.380009e-04
2.350000e-02 1.395261e-04
2.400000e-02 1.396697e-04
2.450000e-02 1.387809e-04
2.500000e-02 1.384912e-04
2.550000e-02 1.384928e-04
2.600000e-02 1.385797e-04
2.650000e-02 1.389205e-04
2.700000e-02 1.390629e-04
2.750000e-02 1.392584e-04
2.800000e-02 1.393622e-04
2.850000e-02 1.393732e-04
2.900000e-02 1.393602e-04
2.950000e-02 1.393248e-04
3.000000e-02 1.393787e-04
3.050000e-02 1.396270e-04
3.100000e-02 1.397310e-04
3.150000e-02 1.398707e-04
3.200000e-02 1.398688e-04
3.250000e-02 1.396352e-04
3.300000e-02 1.395196e-04
3.350000e-02 1.394446e-04
3.400000e-02 1.394544e-04
3.450000e-02 1.395445e-04
3.500000e-02 1.395633e-04
3.550000e-02 1.395641e-04
3.600000e-02 1.395899e-04
3.650000e-02 1.395868e-04
3.700000e-02 1.395802e-04
3.750000e-02 1.396946e-04
3.800000e-02 1.397647e-04
3.850000e-02 1.398023e-04
3.900000e-02 1.399218e-04
3.950000e-02 1.402706e-04
4.000000e-02 1.403713e-04
4.050000e-02 1.404774e-04
4.100000e-02 1.404625e-04
4.150000e-02 1.401607e-04
4.200000e-02 1.400704e-04
4.250000e-02 1.401061e-04
4.300000e-02 1.401122e-04
4.350000e-02 1.401136e-04
4.400000e-02 1.400865e-04
4.450000e-02 1.399682e-04
4.500000e-02 1.398769e-04
4.550000e-02 1.397847e-04
4.600000e-02 1.397525e-04
4.650000e-02 1.396688e-04
4.700000e-02 1.396502e-04
4.750000e-02 1.396528e-04
4.800000e-02 1.396614e-04
4.850000e-02 1.397189e-04
4.900000e-02 1.396936e-04
4.950000e-02 1.396272e-04
