-1.500000e-02 4.598235e-05
-1.485000e-02 4.484347e-05
-1.470000e-02 4.470685e-05
-1.455000e-02 4.527629e-05
-1.440000e-02 4.554953e-05
-1.425000e-02 4.460046e-05
-1.410000e-02 4.439554e-05
-1.395000e-02 4.496497e-05
-1.380000e-02 4.503328e-05
-1.365000e-02 4.541291e-05
-1.350000e-02 4.548122e-05
-1.335000e-02 4.491178e-05
-1.320000e-02 4.477516e-05
-1.305000e-02 4.572423e-05
-1.290000e-02 4.577614e-05
-1.275000e-02 4.421355e-05
-1.260000e-02 4.394057e-05
-1.245000e-02 4.450909e-05
-1.230000e-02 4.464558e-05
-1.215000e-02 4.502459e-05
-1.200000e-02 4.509283e-05
-1.185000e-02 4.490333e-05
-1.170000e-02 4.497157e-05
-1.155000e-02 4.497157e-05
-1.140000e-02 4.469859e-05
-1.125000e-02 4.431958e-05
-1.110000e-02 4.391012e-05
-1.095000e-02 4.353110e-05
-1.080000e-02 4.414530e-05
-1.065000e-02 4.452431e-05
-1.050000e-02 4.425133e-05
-1.035000e-02 4.481986e-05
-1.020000e-02 4.481986e-05
-1.005000e-02 4.406183e-05
-9.900000e-03 4.372061e-05
-9.750000e-03 4.277308e-05
-9.600000e-03 4.270483e-05
-9.450000e-03 4.255788e-05
-9.300000e-03 4.223200e-05
-9.150000e-03 4.299125e-05
-9.000000e-03 4.367436e-05
-8.850000e-03 4.405398e-05
-8.700000e-03 4.391736e-05
-8.550000e-03 4.353773e-05
-8.400000e-03 4.340111e-05
-8.250000e-03 4.302149e-05
-8.100000e-03 4.274825e-05
-7.950000e-03 4.236863e-05
-7.800000e-03 4.236863e-05
-7.650000e-03 4.255844e-05
-7.500000e-03 4.262675e-05
-7.350000e-03 4.357581e-05
-7.200000e-03 4.349203e-05
-7.050000e-03 4.193158e-05
-6.900000e-03 4.179509e-05
-6.750000e-03 4.198460e-05
-6.600000e-03 4.205284e-05
-6.450000e-03 4.224235e-05
-6.300000e-03 4.203761e-05
-6.150000e-03 4.241662e-05
-6.000000e-03 4.262136e-05
-5.850000e-03 4.262136e-05
-5.700000e-03 4.268960e-05
-5.550000e-03 4.250010e-05
-5.400000e-03 4.263658e-05
-5.250000e-03 4.320511e-05
-5.100000e-03 4.293213e-05
-4.950000e-03 4.160558e-05
-4.800000e-03 4.126436e-05
-4.650000e-03 4.164338e-05
-4.500000e-03 4.191635e-05
-4.350000e-03 4.096882e-05
-4.200000e-03 4.028638e-05
-4.050000e-03 4.047588e-05
-3.900000e-03 4.061237e-05
-3.750000e-03 4.023336e-05
-3.600000e-03 4.043809e-05
-3.450000e-03 4.066832e-05
-3.300000e-03 4.020509e-05
-3.150000e-03 3.982546e-05
-3.000000e-03 4.030364e-05
-2.850000e-03 4.068326e-05
-2.700000e-03 4.075157e-05
-2.550000e-03 4.170064e-05
-2.400000e-03 4.149570e-05
-2.250000e-03 4.073645e-05
-2.100000e-03 4.073645e-05
-1.950000e-03 4.054664e-05
-1.800000e-03 4.075157e-05
-1.650000e-03 4.132101e-05
-1.500000e-03 4.152594e-05
-1.350000e-03 4.247501e-05
-1.200000e-03 4.245980e-05
-1.050000e-03 4.184811e-05
-9.000000e-04 4.130216e-05
-7.500000e-04 3.978610e-05
-6.000000e-04 3.930839e-05
-4.500000e-04 3.911888e-05
-3.000000e-04 3.878362e-05
-1.500000e-04 3.801964e-05
1.047700e-09 3.795722e-05
1.500000e-04 3.776768e-05
3.000000e-04 3.763117e-05
4.500000e-04 3.725210e-05
6.000000e-04 3.807116e-05
7.500000e-04 4.034559e-05
9.000000e-04 4.027733e-05
1.050000e-03 4.031836e-05
1.200000e-03 4.128927e-05
1.350000e-03 4.223848e-05
1.500000e-03 4.189688e-05
1.650000e-03 4.227656e-05
1.800000e-03 4.273936e-05
1.950000e-03 4.288579e-05
2.100000e-03 4.233977e-05
2.250000e-03 4.006537e-05
2.400000e-03 3.965586e-05
2.550000e-03 3.984539e-05
2.700000e-03 4.011841e-05
2.850000e-03 4.182424e-05
3.000000e-03 4.209726e-05
3.150000e-03 4.133911e-05
3.300000e-03 4.140737e-05
3.450000e-03 4.159690e-05
3.600000e-03 4.139214e-05
3.750000e-03 4.105441e-05
3.900000e-03 4.093271e-05
4.050000e-03 4.093271e-05
4.200000e-03 4.141096e-05
4.350000e-03 4.273986e-05
4.500000e-03 4.286109e-05
4.650000e-03 4.281761e-05
4.800000e-03 4.281761e-05
4.950000e-03 4.186993e-05
5.100000e-03 4.159691e-05
5.250000e-03 4.178644e-05
5.400000e-03 4.178644e-05
5.550000e-03 4.178644e-05
5.700000e-03 4.205946e-05
5.850000e-03 4.243854e-05
6.000000e-03 4.223377e-05
6.150000e-03 4.204423e-05
6.300000e-03 4.170296e-05
6.450000e-03 4.117599e-05
6.600000e-03 4.166912e-05
6.750000e-03 4.261833e-05
6.900000e-03 4.268665e-05
7.050000e-03 4.249681e-05
7.200000e-03 4.275442e-05
7.350000e-03 4.252202e-05
7.500000e-03 4.204423e-05
7.650000e-03 4.204423e-05
7.800000e-03 4.204423e-05
7.950000e-03 4.204423e-05
8.100000e-03 4.211249e-05
8.250000e-03 4.268110e-05
8.400000e-03 4.315889e-05
8.550000e-03 4.296935e-05
8.700000e-03 4.262807e-05
8.850000e-03 4.319668e-05
9.000000e-03 4.360621e-05
9.150000e-03 4.327062e-05
9.300000e-03 4.308146e-05
9.450000e-03 4.308146e-05
9.600000e-03 4.306585e-05
9.750000e-03 4.340144e-05
9.900000e-03 4.381097e-05
1.005000e-02 4.362144e-05
1.020000e-02 4.348493e-05
1.035000e-02 4.405354e-05
1.050000e-02 4.412180e-05
1.065000e-02 4.393226e-05
1.080000e-02 4.393226e-05
1.095000e-02 4.355319e-05
1.110000e-02 4.334842e-05
1.125000e-02 4.334842e-05
1.140000e-02 4.341667e-05
1.155000e-02 4.327062e-05
1.170000e-02 4.342307e-05
1.185000e-02 4.513165e-05
1.200000e-02 4.506333e-05
1.215000e-02 4.392428e-05
1.230000e-02 4.418142e-05
1.245000e-02 4.489517e-05
1.260000e-02 4.523645e-05
1.275000e-02 4.523644e-05
1.290000e-02 4.496342e-05
1.305000e-02 4.515296e-05
1.320000e-02 4.576726e-05
1.335000e-02 4.671494e-05
1.350000e-02 4.671494e-05
1.365000e-02 4.595679e-05
1.380000e-02 4.493296e-05
1.395000e-02 4.379575e-05
1.410000e-02 4.420528e-05
1.425000e-02 4.443952e-05
1.440000e-02 4.445572e-05
1.455000e-02 4.502525e-05
1.470000e-02 4.536686e-05
1.485000e-02 4.517702e-05
