-7.527242e-03 7.753006e-05
-7.485871e-03 7.608450e-05
-7.444401e-03 7.561826e-05
-7.404235e-03 7.695791e-05
-7.365762e-03 7.659585e-05
-7.328743e-03 7.801440e-05
-7.290714e-03 7.896349e-05
-7.251166e-03 7.906480e-05
-7.211515e-03 7.916280e-05
-7.169852e-03 7.607014e-05
-7.129994e-03 7.387415e-05
-7.092981e-03 7.251917e-05
-7.053610e-03 7.344897e-05
-7.013822e-03 7.533895e-05
-6.974716e-03 7.560806e-05
-6.934455e-03 7.442496e-05
-6.893070e-03 7.467470e-05
-6.852882e-03 7.690584e-05
-6.815363e-03 7.610796e-05
-6.777977e-03 7.458223e-05
-6.739874e-03 7.446056e-05
-6.705110e-03 7.965334e-05
-6.669085e-03 8.245783e-05
-6.625915e-03 7.836179e-05
-6.582702e-03 7.673581e-05
-6.542631e-03 7.746670e-05
-6.504836e-03 7.636337e-05
-6.468008e-03 7.491276e-05
-6.429259e-03 7.554658e-05
-6.390193e-03 7.678213e-05
-6.349519e-03 7.819197e-05
-6.306035e-03 7.741580e-05
-6.264968e-03 7.568433e-05
-6.225865e-03 7.414905e-05
-6.185362e-03 7.443875e-05
-6.146214e-03 7.704031e-05
-6.107591e-03 7.765673e-05
-6.067853e-03 7.798007e-05
-6.028120e-03 7.809376e-05
-5.987620e-03 7.713815e-05
-5.947720e-03 7.660260e-05
-5.910050e-03 7.882779e-05
-5.875729e-03 7.744884e-05
-5.839495e-03 7.041109e-05
-5.795471e-03 7.256235e-05
-5.750336e-03 7.669257e-05
-5.709025e-03 7.587947e-05
-5.669441e-03 7.650484e-05
-5.630085e-03 7.659247e-05
-5.590703e-03 7.679320e-05
-5.551797e-03 7.657978e-05
-5.513629e-03 7.722094e-05
-5.475144e-03 7.764217e-05
-5.435814e-03 7.693778e-05
-5.396101e-03 7.691115e-05
-5.355971e-03 7.661264e-05
-5.312216e-03 7.866976e-05
-5.269004e-03 8.527061e-05
-5.232484e-03 8.382588e-05
-5.195678e-03 7.934574e-05
-5.156748e-03 7.882340e-05
-5.117070e-03 7.611977e-05
-5.075588e-03 7.623222e-05
-5.034352e-03 7.695447e-05
-4.994483e-03 7.639180e-05
-4.956822e-03 7.851620e-05
-4.920582e-03 7.842569e-05
-4.883848e-03 7.734747e-05
-4.845084e-03 7.817919e-05
-4.804454e-03 7.737333e-05
-4.763335e-03 7.737803e-05
-4.725326e-03 8.208267e-05
-4.688701e-03 8.294821e-05
-4.648210e-03 7.941947e-05
-4.607041e-03 7.855193e-05
-4.566494e-03 7.717681e-05
-4.526576e-03 7.647181e-05
-4.488532e-03 7.762896e-05
-4.449223e-03 7.863920e-05
-4.408831e-03 7.964159e-05
-4.370564e-03 7.872541e-05
-4.333299e-03 7.785173e-05
-4.294829e-03 7.826184e-05
-4.256073e-03 7.892405e-05
-4.216627e-03 7.957633e-05
-4.175712e-03 7.893560e-05
-4.135000e-03 7.858346e-05
-4.095965e-03 8.040793e-05
-4.057046e-03 8.099392e-05
-4.015976e-03 7.855928e-05
-3.973783e-03 7.835364e-05
-3.932663e-03 8.004624e-05
-3.892185e-03 8.027325e-05
-3.852802e-03 8.271454e-05
-3.814200e-03 8.330670e-05
-3.773608e-03 8.164789e-05
-3.732772e-03 8.101529e-05
-3.692199e-03 7.969401e-05
-3.649461e-03 8.052036e-05
-3.606540e-03 8.251459e-05
-3.564888e-03 8.246858e-05
-3.523661e-03 8.305181e-05
-3.482746e-03 8.307436e-05
-3.441916e-03 8.328057e-05
-3.401269e-03 8.324530e-05
-3.361433e-03 8.450507e-05
-3.319627e-03 8.614165e-05
-3.274587e-03 8.478207e-05
-3.229378e-03 8.438959e-05
-3.185726e-03 8.640241e-05
-3.143331e-03 8.637751e-05
-3.101055e-03 8.650537e-05
-3.058944e-03 8.663980e-05
-3.016153e-03 8.588374e-05
-2.972281e-03 8.607234e-05
-2.928425e-03 8.662439e-05
-2.885586e-03 8.621209e-05
-2.843226e-03 8.586666e-05
-2.801578e-03 8.531511e-05
-2.760609e-03 8.491576e-05
-2.717440e-03 8.609409e-05
-2.672709e-03 8.676304e-05
-2.626403e-03 8.795023e-05
-2.580136e-03 9.132113e-05
-2.530667e-03 9.445601e-05
-2.481270e-03 1.026639e-04
-2.429753e-03 1.068760e-04
-2.375213e-03 1.141431e-04
-2.322715e-03 1.155455e-04
-2.265541e-03 1.116926e-04
-2.213190e-03 1.076459e-04
-2.162441e-03 9.904266e-05
-2.112612e-03 9.515833e-05
-2.067203e-03 9.173919e-05
-2.023631e-03 8.940788e-05
-1.980542e-03 8.372869e-05
-1.937424e-03 8.170570e-05
-1.895897e-03 7.873477e-05
-1.855746e-03 7.683991e-05
-1.817782e-03 7.522017e-05
-1.780461e-03 7.425140e-05
-1.743958e-03 7.292381e-05
-1.707905e-03 7.217716e-05
-1.672545e-03 7.083167e-05
-1.637055e-03 7.042705e-05
-1.601777e-03 7.008493e-05
-1.567246e-03 6.951490e-05
-1.533074e-03 6.852758e-05
-1.498939e-03 6.829651e-05
-1.465089e-03 6.812604e-05
-1.431296e-03 6.788183e-05
-1.397282e-03 6.683416e-05
-1.363531e-03 6.630001e-05
-1.330257e-03 6.561231e-05
-1.297653e-03 6.496283e-05
-1.265621e-03 6.411019e-05
-1.233767e-03 6.369646e-05
-1.201984e-03 6.266290e-05
-1.170198e-03 6.229305e-05
-1.139139e-03 6.210305e-05
-1.108254e-03 6.193118e-05
-1.077300e-03 6.171653e-05
-1.045944e-03 6.187988e-05
-1.014848e-03 6.276520e-05
-9.849592e-04 6.249717e-05
-9.540801e-04 6.010043e-05
-9.231734e-04 5.911834e-05
-8.934914e-04 5.843274e-05
-8.642793e-04 5.790412e-05
-8.357388e-04 5.755595e-05
-8.073831e-04 5.731991e-05
-7.790850e-04 5.675943e-05
-7.508234e-04 5.653617e-05
-7.225219e-04 5.584825e-05
-6.943902e-04 5.549914e-05
-6.666959e-04 5.525902e-05
-6.392004e-04 5.505333e-05
-6.120318e-04 5.469593e-05
-5.848782e-04 5.455892e-05
-5.577077e-04 5.448049e-05
-5.306088e-04 5.440946e-05
-5.033042e-04 5.387189e-05
-4.761723e-04 5.369131e-05
-4.493745e-04 5.374342e-05
-4.224999e-04 5.369128e-05
-3.956848e-04 5.364557e-05
-3.690185e-04 5.353977e-05
-3.423300e-04 5.320824e-05
-3.155450e-04 5.314709e-05
-2.887896e-04 5.302640e-05
-2.621303e-04 5.292530e-05
-2.356482e-04 5.294025e-05
-2.092648e-04 5.288637e-05
-1.828832e-04 5.273935e-05
-1.564270e-04 5.273133e-05
-1.301649e-04 5.271385e-05
-1.039729e-04 5.266557e-05
-7.763313e-05 5.260382e-05
-5.128991e-05 5.258952e-05
-2.496748e-05 5.256189e-05
1.163607e-06 5.255960e-05
2.728398e-05 5.255458e-05
5.361007e-05 5.256177e-05
7.993855e-05 5.257778e-05
1.062779e-04 5.259004e-05
1.325902e-04 5.266924e-05
1.589657e-04 5.273562e-05
1.854277e-04 5.277565e-05
2.120207e-04 5.286874e-05
2.386548e-04 5.305917e-05
2.651821e-04 5.306344e-05
2.916437e-04 5.318526e-05
3.181929e-04 5.328172e-05
3.448763e-04 5.332581e-05
3.716461e-04 5.339357e-05
3.982475e-04 5.353887e-05
4.249457e-04 5.364885e-05
4.519046e-04 5.384329e-05
4.789359e-04 5.395662e-05
5.059480e-04 5.430253e-05
5.326944e-04 5.438628e-05
5.597132e-04 5.416619e-05
5.872950e-04 5.430666e-05
6.147766e-04 5.486510e-05
6.422906e-04 5.508521e-05
6.699297e-04 5.548861e-05
6.975664e-04 5.563211e-05
7.252957e-04 5.587647e-05
7.534173e-04 5.619989e-05
7.817611e-04 5.672842e-05
8.110886e-04 5.750937e-05
8.406908e-04 5.922346e-05
8.700603e-04 5.969946e-05
8.993022e-04 6.086445e-05
9.285331e-04 6.127749e-05
9.590630e-04 6.063095e-05
9.899748e-04 6.062591e-05
1.020673e-03 6.096660e-05
1.051386e-03 6.123223e-05
1.082154e-03 6.187863e-05
1.113140e-03 6.210819e-05
1.144073e-03 6.283453e-05
1.175018e-03 6.310285e-05
1.206424e-03 6.307883e-05
1.238710e-03 6.359835e-05
1.271455e-03 6.427476e-05
1.304639e-03 6.478096e-05
1.337671e-03 6.644260e-05
1.370440e-03 6.688107e-05
1.403547e-03 6.753409e-05
1.437039e-03 6.799950e-05
1.471163e-03 6.823817e-05
1.505788e-03 6.862531e-05
1.540535e-03 6.908105e-05
1.575387e-03 6.930657e-05
1.610181e-03 7.044234e-05
1.645052e-03 7.089730e-05
1.680139e-03 7.179962e-05
1.715793e-03 7.262200e-05
1.752233e-03 7.360333e-05
1.789838e-03 7.449774e-05
1.827955e-03 7.613010e-05
1.867266e-03 7.743436e-05
1.906606e-03 8.101716e-05
1.946487e-03 8.262954e-05
1.987159e-03 8.579399e-05
2.030275e-03 8.839910e-05
2.075911e-03 9.143525e-05
2.126077e-03 9.524843e-05
2.177418e-03 1.038991e-04
2.231276e-03 1.085206e-04
2.286630e-03 1.181461e-04
2.337204e-03 1.187482e-04
2.392813e-03 1.127566e-04
2.445810e-03 1.090349e-04
2.499665e-03 9.729419e-05
2.552080e-03 9.239675e-05
2.597354e-03 9.063883e-05
2.641718e-03 8.925850e-05
2.684694e-03 8.773906e-05
2.727976e-03 8.737651e-05
2.771472e-03 8.600747e-05
2.816035e-03 8.615650e-05
2.860614e-03 8.654642e-05
2.904515e-03 8.627992e-05
2.947201e-03 8.757060e-05
2.988659e-03 8.729615e-05
3.030255e-03 8.630061e-05
3.073572e-03 8.697726e-05
3.118361e-03 8.640069e-05
3.163002e-03 8.610490e-05
3.206586e-03 8.652367e-05
3.248041e-03 8.540018e-05
3.288705e-03 8.411629e-05
3.329876e-03 8.395615e-05
3.372189e-03 8.162056e-05
3.415561e-03 8.159091e-05
3.457859e-03 8.328693e-05
3.500357e-03 8.384037e-05
3.543597e-03 8.414013e-05
3.584988e-03 8.313719e-05
3.624910e-03 8.280351e-05
3.664709e-03 8.260990e-05
3.705397e-03 8.058446e-05
3.747401e-03 8.064774e-05
3.789916e-03 7.997007e-05
3.832485e-03 7.975928e-05
3.873004e-03 8.260226e-05
3.911272e-03 8.227142e-05
3.949558e-03 8.082682e-05
3.988819e-03 8.089501e-05
4.028938e-03 8.014395e-05
4.070523e-03 8.074821e-05
4.113253e-03 8.052644e-05
4.154315e-03 7.945005e-05
4.192869e-03 8.061963e-05
4.230825e-03 8.085696e-05
4.269696e-03 8.000125e-05
4.309192e-03 7.989172e-05
4.348800e-03 7.940006e-05
4.390260e-03 8.033610e-05
4.431844e-03 8.273270e-05
4.470371e-03 8.175655e-05
4.508271e-03 8.008733e-05
4.546611e-03 7.975173e-05
4.584179e-03 8.010794e-05
4.621964e-03 8.036596e-05
4.661262e-03 7.855266e-05
4.702624e-03 7.914098e-05
4.744027e-03 8.022584e-05
4.783407e-03 7.940360e-05
4.821607e-03 7.956361e-05
4.858532e-03 7.885971e-05
4.895451e-03 7.691843e-05
4.935210e-03 7.808740e-05
4.976930e-03 7.806359e-05
5.017703e-03 7.731829e-05
5.057088e-03 7.756559e-05
5.095288e-03 7.694260e-05
5.132255e-03 7.727038e-05
5.169458e-03 7.752946e-05
5.207161e-03 7.741233e-05
5.245673e-03 7.785572e-05
5.285735e-03 7.649827e-05
5.327460e-03 7.701061e-05
5.368939e-03 7.885045e-05
5.406171e-03 7.696036e-05
5.440306e-03 7.640724e-05
5.476309e-03 7.733205e-05
5.515282e-03 7.542269e-05
5.555743e-03 7.562240e-05
5.596030e-03 7.646213e-05
5.635936e-03 7.653670e-05
5.675143e-03 7.790113e-05
5.711452e-03 7.682465e-05
5.746277e-03 7.631494e-05
5.783968e-03 7.768353e-05
5.823417e-03 7.855352e-05
5.861965e-03 7.832533e-05
5.901949e-03 7.529044e-05
5.942167e-03 7.434070e-05
5.978944e-03 7.745079e-05
6.015353e-03 7.834679e-05
6.053308e-03 7.825558e-05
6.091144e-03 7.815220e-05
6.130042e-03 7.609179e-05
6.171642e-03 7.697605e-05
6.213563e-03 7.843077e-05
6.251452e-03 7.653745e-05
6.285986e-03 7.732189e-05
6.321548e-03 7.821873e-05
6.358020e-03 7.919761e-05
6.395188e-03 8.013846e-05
6.434308e-03 7.951294e-05
6.472501e-03 7.855496e-05
6.510747e-03 7.579750e-05
6.550601e-03 7.577244e-05
6.589979e-03 7.649920e-05
6.628577e-03 7.629181e-05
6.666536e-03 7.678327e-05
6.705578e-03 7.761062e-05
6.747177e-03 7.563762e-05
6.788181e-03 7.457103e-05
6.825804e-03 7.725666e-05
6.861282e-03 7.693347e-05
6.895903e-03 7.699218e-05
6.931384e-03 7.753359e-05
6.970012e-03 7.427084e-05
7.011489e-03 7.479617e-05
7.052874e-03 7.640553e-05
7.091911e-03 7.558334e-05
7.128949e-03 7.661375e-05
7.164323e-03 7.615182e-05
7.198884e-03 7.623664e-05
7.236495e-03 7.793123e-05
7.277473e-03 7.701531e-05
7.318182e-03 7.652386e-05
7.357513e-03 7.746148e-05
7.394895e-03 7.662853e-05
7.431305e-03 7.593927e-05
